400 :n
id p,w,x
--------------
0 2142 2074 1
1 2135 2074 1
2 2150 2064 1
3 7994 7927 1
4 99 52 1
5 8000 7939 1
6 89 44 1
7 7998 7932 1
8 4100 4057 1
9 95 38 1
10 4097 4035 1
11 83 71 1
12 8007 7933 1
13 4089 4022 1
14 66 42 1
15 4105 4072 1
16 4093 4041 1
17 88 37 1
18 4062 4019 1
19 4080 4014 1
20 4070 4037 1
21 87 37 1
22 4065 4018 1
23 2149 2080 1
24 83 41 1
25 4079 4007 1
26 53 32 1
27 4096 4033 1
28 7975 7915 1
29 58 45 1
30 4091 4029 1
31 66 25 1
32 45 21 1
33 76 11 1
34 84 23 1
35 7979 7926 1
36 7994 7922 1
37 48 1 1
38 4067 4040 1
39 2152 2120 1
40 2150 2066 1
41 4056 4026 1
42 4067 4009 1
43 7996 7924 1
44 2145 2060 1
45 2127 2082 1
46 2113 2057 1
47 2137 2080 1
48 2147 2125 1
49 2153 2103 1
50 2102 2070 1
51 2151 2119 1
52 8005 7944 1
53 2138 2056 1
54 2149 2119 1
55 7986 7930 1
56 15807 15774 1
57 15802 15768 1
58 15805 15772 1
59 7940 7922 1
60 8012 7994 1
61 15817 15736 1
62 7958 7915 1
63 15804 15760 1
64 4038 4020 1
65 8007 7985 1
66 7996 7959 1
67 7997 7974 1
68 7950 7928 1
69 7977 7936 1
70 7963 7917 1
71 15815 15772 1
72 15818 15750 1
73 31433 31361 1
74 7995 7975 1
75 15785 15744 1
76 7965 7946 1
77 15825 15792 1
78 10 5 0
79 38 27 1
80 22 16 1
81 12 10 1
82 75 64 1
83 2089 2077 1
84 7966 7949 1
85 2086 2082 1
86 15815 15786 1
87 7974 7960 1
88 15811 15785 1
89 31442 31394 1
90 2063 2060 0
91 31410 31366 1
92 62698 62618 1
93 15772 15752 1
94 31441 31405 1
95 2074 2064 1
96 31442 31406 1
97 62698 62627 1
98 8008 7999 1
99 31446 31415 1
100 62663 62603 1
101 62697 62643 1
102 31401 31375 0
103 2146 2080 1
104 4025 4015 1
105 31397 31372 0
106 7936 7930 1
107 62653 62606 1
108 31429 31445 0
109 4093 4091 0
110 26 34 0
111 62670 62629 0
112 31412 31392 0
113 31418 31398 0
114 62660 62622 0
115 31413 31395 0
116 31397 31381 0
117 15823 15815 0
118 2105 2106 0
119 7955 7951 0
120 62635 62606 0
121 62647 62619 0
122 125198 125144 0
123 125177 125125 0
124 62688 62662 0
125 31412 31399 0
126 125173 125122 0
127 125152 125102 0
128 62669 62644 0
129 125166 125117 0
130 125192 125144 0
131 31427 31416 0
132 62629 62608 0
133 125172 125131 0
134 15807 15802 0
135 15814 15809 0
136 125179 125140 0
137 125190 125151 0
138 62652 62633 0
139 62656 62638 0
140 125171 125142 0
141 125160 125133 0
142 125177 125152 0
143 125181 125160 0
144 62684 62674 0
145 125155 125140 0
146 125158 125143 0
147 31374 31372 0
148 31374 31373 0
149 7917 7919 0
150 7928 7932 0
151 4082 4087 0
152 4053 4058 0
153 36 37 0
154 12 13 0
155 73 82 0
156 33 40 0
157 250118 250104 0
158 250169 250149 0
159 500165 500154 0
160 500121 500108 0
161 500174 500106 0
162 500182 500113 0
163 250200 250176 0
164 500155 500109 0
165 250196 250181 0
166 500187 500143 0
167 250161 250102 0
168 250185 250139 0
169 500138 500126 0
170 250122 250107 0
171 250162 250151 0
172 500186 500119 0
173 250189 250102 0
174 500197 500163 0
175 500180 500170 0
176 500148 500145 0
177 500127 500124 0
178 250200 250155 0
179 500184 500165 0
180 500148 500112 0
181 500170 500144 0
182 500177 500161 0
183 500162 500158 0
184 250179 250132 0
185 500169 500150 0
186 125118 125116 0
187 125148 125145 0
188 125122 125117 0
189 125169 125164 0
190 250154 250106 0
191 250161 250121 0
192 250168 250104 0
193 250165 250158 0
194 250188 250173 0
195 250171 250131 0
196 250174 250138 0
197 250176 250151 0
198 31382 31413 0
199 31415 31439 0
200 31370 31436 0
201 31387 31431 0
202 15736 15793 0
203 15792 15807 0
204 15778 15808 0
205 15786 15815 0
206 15781 15810 0
207 31388 31417 0
208 15788 15790 0
209 31399 31401 0
210 15739 15781 0
211 15769 15777 0
212 15786 15824 0
213 31415 31430 0
214 31354 31378 0
215 15751 15813 0
216 15754 15789 0
217 31418 31432 0
218 31360 31447 0
219 15734 15773 0
220 31357 31427 0
221 31409 31409 0
222 15727 15803 0
223 62666 62690 0
224 15769 15793 0
225 15754 15807 0
226 62661 62665 0
227 15747 15793 0
228 15735 15800 0
229 15753 15769 0
230 15751 15784 0
231 15784 15819 0
232 62643 62697 0
233 15733 15773 0
234 15752 15772 0
235 15786 15816 0
236 15768 15824 0
237 62623 62636 0
238 15755 15825 0
239 62601 62612 0
240 62634 62658 0
241 31393 31427 0
242 7941 7949 0
243 62651 62685 0
244 62668 62676 0
245 7928 7954 0
246 62636 62693 0
247 62628 62695 0
248 7921 7930 0
249 7940 8010 0
250 7927 8010 0
251 31374 31400 0
252 7986 7991 0
253 62613 62644 0
254 62617 62659 0
255 7923 7957 0
256 62657 62684 0
257 62616 62664 0
258 62621 62700 0
259 62631 62640 0
260 62612 62626 0
261 62612 62622 0
262 62608 62622 0
263 7925 7973 0
264 62685 62690 0
265 62640 62665 0
266 62614 62696 0
267 7952 7957 0
268 62606 62630 0
269 62677 62682 0
270 7933 7990 0
271 62615 62635 0
272 7953 7974 0
273 125103 125174 0
274 125152 125199 0
275 125121 125157 0
276 7942 7991 0
277 125123 125193 0
278 125121 125172 0
279 4036 4056 0
280 4024 4090 0
281 125181 125182 0
282 31427 31442 0
283 125159 125193 0
284 125150 125153 0
285 4093 4101 0
286 125138 125164 0
287 4009 4028 0
288 4055 4065 0
289 125155 125157 0
290 125135 125190 0
291 4010 4031 0
292 4021 4057 0
293 125169 125194 0
294 4064 4086 0
295 4019 4074 0
296 4017 4090 0
297 4054 4081 0
298 125132 125137 0
299 4038 4100 0
300 125128 125190 0
301 125133 125162 0
302 4050 4083 0
303 31351 31409 0
304 4022 4072 0
305 125100 125158 0
306 125107 125128 0
307 4078 4092 0
308 4024 4038 0
309 125134 125156 0
310 125104 125199 0
311 4011 4099 0
312 4038 4069 0
313 125103 125111 0
314 4008 4022 0
315 4038 4092 0
316 125107 125164 0
317 250175 250191 0
318 250157 250156 0
319 250107 250171 0
320 250105 250160 0
321 2108 2137 0
322 2061 2130 0
323 250107 250162 0
324 31356 31411 0
325 250115 250124 0
326 2076 2136 0
327 2083 2131 0
328 250121 250175 0
329 2101 2139 0
330 2060 2135 0
331 2096 2133 0
332 250148 250193 0
333 2054 2133 0
334 250120 250193 0
335 2063 2124 0
336 250166 250197 0
337 250182 250187 0
338 250130 250159 0
339 2110 2140 0
340 250147 250147 0
341 2093 2102 0
342 2078 2126 0
343 250109 250182 0
344 250140 250158 0
345 250119 250151 0
346 2098 2153 0
347 250170 250175 0
348 250108 250151 0
349 250143 250195 0
350 250152 250154 0
351 250113 250176 0
352 2070 2140 0
353 500111 500170 0
354 500155 500164 0
355 2072 2148 0
356 2056 2110 0
357 2056 2118 0
358 2107 2125 0
359 500137 500198 0
360 500105 500138 0
361 31353 31450 0
362 16 94 0
363 500118 500137 0
364 500124 500194 0
365 31381 31390 0
366 500124 500153 0
367 500180 500193 0
368 68 86 0
369 500150 500167 0
370 500176 500185 0
371 31419 31431 0
372 22 71 0
373 500134 500150 0
374 6 21 0
375 60 89 0
376 10 35 0
377 500132 500133 0
378 40 93 0
379 500130 500168 0
380 500119 500195 0
381 500112 500162 0
382 500133 500174 0
383 38 67 0
384 500116 500118 0
385 20 68 0
386 500135 500176 0
387 500164 500176 0
388 1 82 0
389 500122 500127 0
390 34 79 0
391 7 37 0
392 31362 31373 0
393 27 98 0
394 500164 500199 0
395 32 90 0
396 500170 500195 0
397 2 99 0
398 31352 31361 0
399 31400 31409 0
--------------
1000000 :c
1004459 :sum(p)
999999 :sum(w)
