400 :n
id p,w,x
--------------
0 58 3 1
1 65 6 1
2 25 3 1
3 55 7 1
4 58 11 1
5 57 13 1
6 61 15 1
7 12 3 1
8 98 26 1
9 95 26 1
10 100 29 1
11 93 30 1
12 56 20 1
13 77 30 1
14 46 21 1
15 63 43 1
16 76 52 1
17 76 55 1
18 37 31 1
19 79 74 1
20 2153 2068 1
21 2135 2072 1
22 2147 2085 1
23 2114 2054 1
24 4106 4009 1
25 86 84 1
26 2106 2059 1
27 2115 2071 1
28 4095 4017 1
29 4081 4009 1
30 4089 4018 1
31 2129 2094 1
32 4075 4009 1
33 4100 4037 1
34 2135 2105 1
35 4090 4034 1
36 4089 4034 1
37 4102 4050 1
38 4074 4028 1
39 7995 7913 1
40 2144 2123 1
41 4063 4024 1
42 4055 4017 1
43 7991 7917 1
44 2080 2061 1
45 4069 4032 1
46 2109 2090 1
47 4058 4022 1
48 8002 7934 1
49 7983 7921 1
50 2074 2058 1
51 4069 4039 1
52 2069 2054 1
53 4083 4054 1
54 2075 2061 1
55 8006 7953 1
56 2117 2103 1
57 2126 2112 1
58 2131 2117 1
59 7965 7915 1
60 8005 7955 1
61 15818 15727 1
62 7967 7922 1
63 7982 7943 1
64 7988 7950 1
65 15800 15728 1
66 4092 4074 1
67 2071 2062 1
68 4081 4064 1
69 15797 15737 1
70 7970 7940 1
71 7979 7950 1
72 8008 7982 1
73 15805 15756 1
74 31445 31357 1
75 15794 15752 1
76 7987 7966 1
77 2066 2061 1
78 2072 2067 1
79 7938 7919 1
80 31428 31355 1
81 4064 4055 1
82 62687 62609 1
83 44 3 1
84 15773 15739 1
85 15770 15739 1
86 31416 31356 1
87 31448 31388 1
88 15780 15753 1
89 31428 31377 1
90 31429 31379 1
91 31424 31381 1
92 62695 62608 1
93 15767 15742 1
94 15768 15743 1
95 15786 15761 1
96 4068 4062 1
97 8001 7990 1
98 15779 15760 1
99 62690 62618 0
100 31424 31355 1
101 62675 62604 1
102 31390 31356 1
103 62691 62624 0
104 62689 62623 0
105 31436 31439 0
106 7992 8000 0
107 15731 15767 0
108 31400 31367 1
109 31408 31375 1
110 4050 4046 1
111 2137 2135 1
112 15766 15753 0
113 31387 31362 0
114 31425 31400 0
115 7920 7914 1
116 15824 15815 0
117 62686 62630 0
118 31383 31361 0
119 31421 31399 0
120 62678 62622 0
121 125191 125109 0
122 31412 31391 0
123 62662 62621 0
124 125196 125116 0
125 31381 31361 0
126 62683 62630 0
127 62674 62635 0
128 125182 125106 0
129 62658 62620 0
130 62685 62650 0
131 125189 125123 0
132 125170 125107 0
133 7963 7959 1
134 4016 4014 0
135 125181 125120 0
136 31369 31354 0
137 62679 62650 0
138 62676 62648 0
139 62678 62650 0
140 125179 125124 0
141 62655 62628 0
142 62633 62607 0
143 125192 125142 0
144 62628 62605 0
145 125184 125139 0
146 31397 31386 0
147 31422 31414 0
148 15737 15733 0
149 31401 31395 0
150 15737 15735 0
151 15797 15795 0
152 31369 31366 0
153 31401 31398 0
154 31432 31430 0
155 17 17 1
156 31421 31423 0
157 7936 7937 0
158 31424 31429 0
159 7965 7967 0
160 15759 15763 0
161 15749 15753 0
162 15772 15778 0
163 15797 15804 0
164 4060 4062 0
165 7927 7932 0
166 4101 4104 1
167 15800 15814 0
168 2098 2100 1
169 15729 15745 0
170 15782 15801 0
171 15771 15791 0
172 4067 4074 0
173 2100 2104 0
174 4048 4056 0
175 4044 4052 0
176 4047 4056 0
177 7922 7941 0
178 4061 4071 0
179 7949 7969 0
180 7933 7953 0
181 7929 7950 0
182 7975 7997 0
183 7920 7942 0
184 7956 7980 0
185 7943 7972 0
186 4075 4090 0
187 7970 8001 0
188 4019 4038 0
189 4085 4105 0
190 2142 2153 0
191 2133 2146 0
192 4025 4051 0
193 4059 4087 0
194 2127 2143 0
195 2082 2098 0
196 4044 4080 0
197 4038 4074 0
198 2087 2112 0
199 2063 2088 0
200 2098 2124 0
201 2092 2124 0
202 2083 2116 0
203 77 79 0
204 94 98 0
205 43 52 0
206 54 71 0
207 38 50 0
208 48 74 0
209 37 58 0
210 42 74 0
211 38 67 0
212 24 47 0
213 9 25 0
214 7 44 0
215 2 38 0
216 125191 125152 0
217 125195 125156 0
218 125152 125118 0
219 250192 250145 0
220 125141 125100 0
221 500199 500101 0
222 125168 125143 0
223 250178 250128 0
224 125173 125135 0
225 62666 62648 0
226 125173 125134 0
227 62683 62669 0
228 500193 500137 0
229 250200 250154 0
230 250190 250152 0
231 62652 62642 0
232 250152 250121 0
233 62631 62623 0
234 500191 500148 0
235 125115 125103 0
236 500190 500134 0
237 500197 500146 0
238 500156 500113 0
239 125171 125151 0
240 250192 250152 0
241 500154 500113 0
242 250160 250114 0
243 250152 250108 0
244 250165 250101 0
245 125185 125155 0
246 7955 8002 0
247 125138 125166 0
248 125192 125188 0
249 125106 125123 0
250 125126 125179 0
251 125102 125128 0
252 125183 125195 0
253 125139 125164 0
254 125123 125136 0
255 31354 31375 0
256 7924 7986 0
257 125115 125167 0
258 125122 125196 0
259 125110 125136 0
260 7930 8006 0
261 125127 125186 0
262 125137 125193 0
263 125124 125119 0
264 125100 125173 0
265 7925 7969 0
266 7913 7974 0
267 125104 125123 0
268 125133 125124 0
269 15750 15799 0
270 125133 125161 0
271 15759 15803 0
272 125116 125137 0
273 125142 125177 0
274 125104 125189 0
275 7915 7966 0
276 7919 7973 0
277 7913 7957 0
278 7927 7991 0
279 250178 250188 0
280 15780 15804 0
281 250142 250168 0
282 62619 62622 0
283 250114 250139 0
284 4009 4094 0
285 250178 250180 0
286 250121 250194 0
287 250169 250183 0
288 250126 250183 0
289 15743 15820 0
290 62673 62673 0
291 15737 15783 0
292 250119 250104 0
293 250125 250125 0
294 250177 250178 0
295 250179 250182 0
296 250128 250170 0
297 250113 250127 0
298 250104 250146 0
299 62612 62666 0
300 4043 4099 0
301 250116 250140 0
302 4019 4105 0
303 15741 15775 0
304 250161 250153 0
305 15767 15812 0
306 15750 15820 0
307 62670 62670 0
308 4025 4082 0
309 62632 62641 0
310 250153 250184 0
311 62691 62694 0
312 250103 250190 0
313 250180 250164 0
314 250147 250187 0
315 15747 15805 0
316 62617 62671 0
317 250144 250139 0
318 250129 250118 0
319 250145 250133 0
320 62601 62640 0
321 250108 250128 0
322 2056 2127 0
323 2087 2150 0
324 250176 250197 0
325 250102 250129 0
326 250188 250186 0
327 62620 62677 0
328 62699 62694 0
329 250115 250171 0
330 2067 2147 0
331 250110 250114 0
332 250194 250188 0
333 250112 250200 0
334 500151 500164 0
335 15767 15822 0
336 15740 15815 0
337 500198 500198 0
338 15750 15810 0
339 62678 62673 0
340 500172 500143 0
341 500117 500180 0
342 62605 62642 0
343 500141 500158 0
344 2062 2105 0
345 2058 2128 0
346 2063 2135 0
347 15754 15802 0
348 2071 2139 0
349 500134 500102 0
350 500112 500187 0
351 500142 500178 0
352 500131 500129 0
353 62656 62672 0
354 500156 500199 0
355 500169 500152 0
356 500121 500157 0
357 62641 62682 0
358 2069 2120 0
359 15761 15794 0
360 62668 62694 0
361 62609 62618 0
362 500153 500174 0
363 500109 500122 0
364 500111 500127 0
365 62672 62674 0
366 31386 31436 0
367 500155 500162 0
368 500167 500176 0
369 1 69 0
370 500143 500151 0
371 500186 500155 0
372 31398 31436 0
373 500178 500162 0
374 31404 31447 0
375 500171 500188 0
376 500198 500160 0
377 16 97 0
378 19 91 0
379 31393 31444 0
380 500107 500168 0
381 500113 500166 0
382 500113 500186 0
383 31429 31439 0
384 30 97 0
385 500104 500195 0
386 500189 500186 0
387 500115 500101 0
388 31360 31383 0
389 500113 500141 0
390 31407 31425 0
391 31352 31405 0
392 500175 500185 0
393 31364 31408 0
394 500119 500146 0
395 500115 500142 0
396 500139 500121 0
397 31357 31364 0
398 31367 31394 0
399 31383 31430 0
--------------
1000000 :c
1004375 :sum(p)
999999 :sum(w)
