400 :n
id p,w,x
--------------
0 90 3 1
1 64 24 1
2 4098 4038 1
3 67 12 1
4 4090 4007 1
5 95 38 1
6 78 33 1
7 4087 4030 1
8 55 12 1
9 86 22 1
10 4098 4044 1
11 4073 4019 1
12 2123 2077 1
13 77 15 1
14 2126 2066 1
15 4102 4028 1
16 4071 4012 1
17 4106 4046 1
18 4095 4011 1
19 80 18 1
20 4077 4013 1
21 2133 2071 1
22 2152 2081 1
23 2119 2071 1
24 2122 2071 1
25 26 2 1
26 10 3 1
27 49 17 1
28 14 6 1
29 43 19 1
30 57 26 1
31 67 36 1
32 42 23 1
33 38 24 1
34 66 47 1
35 88 63 1
36 71 54 1
37 64 52 1
38 96 86 1
39 88 84 1
40 89 86 1
41 2119 2084 1
42 4087 4036 1
43 2120 2096 1
44 2132 2108 1
45 8003 7916 1
46 4056 4013 1
47 8008 7928 1
48 2150 2129 1
49 4048 4009 1
50 8003 7930 1
51 7995 7930 1
52 2150 2133 1
53 7968 7916 1
54 4072 4048 1
55 8012 7966 1
56 2093 2081 1
57 7982 7938 1
58 7967 7925 1
59 2136 2125 1
60 7976 7935 1
61 4060 4040 1
62 2151 2141 1
63 15802 15732 1
64 15809 15739 1
65 7977 7945 1
66 15796 15733 1
67 7996 7966 1
68 15792 15739 1
69 15804 15751 1
70 7939 7913 1
71 4032 4019 1
72 7941 7917 1
73 7993 7970 1
74 15789 15745 1
75 31443 31360 1
76 31450 31371 1
77 8003 7984 1
78 8011 7992 1
79 4029 4020 1
80 4033 4024 1
81 31419 31354 1
82 15820 15788 1
83 31440 31387 1
84 15794 15769 1
85 4019 4013 1
86 4085 4079 1
87 15771 15748 1
88 15822 15799 1
89 31444 31400 1
90 62697 62619 1
91 31434 31396 1
92 31429 31394 1
93 15759 15743 1
94 7989 7981 1
95 62663 62603 1
96 31418 31389 1
97 62685 62631 1
98 31423 31397 1
99 31442 31416 1
100 71 20 1
101 31397 31370 1
102 15772 15759 1
103 62671 62620 0
104 62653 62604 0
105 31449 31441 0
106 31447 31432 0
107 10 20 0
108 62675 62627 0
109 62683 62635 0
110 7922 7916 0
111 62650 62605 0
112 62649 62607 0
113 62696 62654 0
114 125191 125110 0
115 7983 7993 0
116 62680 62643 0
117 31407 31390 0
118 31433 31417 0
119 125186 125125 0
120 62650 62621 0
121 31377 31363 0
122 125162 125110 0
123 125176 125124 0
124 125160 125110 0
125 125169 125122 0
126 62674 62651 0
127 62679 62657 0
128 62699 62677 0
129 125170 125130 0
130 31397 31387 0
131 15795 15790 0
132 125151 125114 0
133 125171 125134 0
134 125185 125148 0
135 125174 125138 0
136 31418 31409 0
137 62624 62607 0
138 62636 62620 0
139 15785 15781 0
140 4034 4033 1
141 4064 4063 1
142 125188 125158 0
143 250195 250136 0
144 250196 250139 0
145 250169 250115 0
146 250170 250119 0
147 15803 15800 1
148 125167 125144 0
149 250194 250149 0
150 500196 500110 0
151 500188 500103 0
152 250167 250127 0
153 250141 250103 0
154 250197 250159 0
155 500199 500130 0
156 250136 250105 0
157 125153 125138 0
158 125172 125157 0
159 250136 250107 0
160 500193 500137 0
161 250165 250137 0
162 62648 62641 0
163 250133 250106 0
164 500163 500111 0
165 500174 500124 0
166 500171 500122 0
167 250161 250137 0
168 500168 500121 0
169 500189 500143 0
170 500197 500152 0
171 125128 125117 0
172 500184 500143 0
173 250200 250180 0
174 125140 125130 0
175 125145 125135 0
176 500142 500108 0
177 250146 250130 0
178 500199 500169 0
179 250168 250155 0
180 125111 125105 0
181 500132 500113 0
182 250142 250133 0
183 500167 500150 0
184 500197 500181 0
185 62696 62694 0
186 31445 31444 0
187 500173 500160 0
188 500174 500162 0
189 125104 125101 0
190 500116 500107 0
191 500181 500172 0
192 500191 500182 0
193 125130 125128 0
194 62670 62669 0
195 250166 250164 0
196 500172 500169 0
197 500105 500104 0
198 500143 500142 0
199 2064 2064 1
200 4058 4058 1
201 7915 7915 0
202 31417 31422 0
203 15820 15824 0
204 15787 15792 0
205 31381 31391 0
206 31361 31371 0
207 31358 31368 0
208 31352 31362 0
209 31377 31389 0
210 2086 2087 1
211 4088 4090 0
212 7965 7969 0
213 15771 15779 0
214 15740 15748 0
215 15763 15772 0
216 15733 15742 0
217 15747 15757 0
218 15788 15802 0
219 15728 15742 0
220 15799 15814 0
221 4027 4031 0
222 7930 7938 0
223 4039 4044 0
224 7929 7939 0
225 15797 15818 0
226 7978 7989 0
227 4034 4040 0
228 15764 15788 0
229 15753 15777 0
230 7923 7936 0
231 4065 4072 0
232 7947 7963 0
233 7923 7939 0
234 7956 7976 0
235 7980 8002 0
236 2128 2134 0
237 7961 7986 0
238 7969 7995 0
239 7958 7984 0
240 7957 7987 0
241 7914 7946 0
242 2087 2097 0
243 2103 2114 0
244 4048 4072 0
245 4012 4037 0
246 2092 2106 0
247 2138 2153 0
248 2121 2137 0
249 2080 2103 0
250 2102 2128 0
251 2123 2151 0
252 92 95 0
253 37 41 0
254 16 19 0
255 45 56 0
256 36 45 0
257 55 75 0
258 56 82 0
259 56 83 0
260 62 92 0
261 22 49 0
262 62663 62666 0
263 7923 7969 0
264 62602 62679 0
265 62627 62680 0
266 62626 62686 0
267 62601 62691 0
268 62616 62677 0
269 62664 62664 0
270 62633 62669 0
271 7970 8010 0
272 7917 8007 0
273 7914 7976 0
274 62606 62686 0
275 62632 62645 0
276 62634 62649 0
277 62617 62653 0
278 62610 62674 0
279 62606 62615 0
280 62629 62637 0
281 4024 4074 0
282 62617 62689 0
283 62659 62686 0
284 62640 62688 0
285 62670 62690 0
286 4037 4075 0
287 62690 62698 0
288 4015 4069 0
289 125146 125156 0
290 4034 4087 0
291 125106 125183 0
292 125139 125165 0
293 125172 125174 0
294 125165 125196 0
295 125117 125157 0
296 4031 4081 0
297 7954 8007 0
298 4039 4076 0
299 7923 8006 0
300 31393 31411 0
301 125125 125129 0
302 4018 4105 0
303 4016 4091 0
304 125104 125193 0
305 31421 31439 0
306 125145 125166 0
307 125124 125190 0
308 125145 125175 0
309 125122 125150 0
310 125192 125198 0
311 125188 125195 0
312 31394 31419 0
313 125105 125196 0
314 125117 125177 0
315 4011 4097 0
316 125106 125179 0
317 4013 4051 0
318 31377 31435 0
319 2056 2142 0
320 2099 2142 0
321 2059 2100 0
322 125118 125184 0
323 125126 125146 0
324 250101 250136 0
325 2079 2137 0
326 250122 250190 0
327 31399 31443 0
328 15744 15789 0
329 250140 250144 0
330 31397 31435 0
331 15751 15808 0
332 2090 2128 0
333 15733 15790 0
334 2084 2133 0
335 31382 31440 0
336 250103 250189 0
337 2080 2128 0
338 250132 250200 0
339 2072 2148 0
340 250130 250180 0
341 31370 31437 0
342 2071 2127 0
343 15767 15820 0
344 2090 2128 0
345 2073 2113 0
346 250188 250191 0
347 2057 2139 0
348 2054 2139 0
349 250103 250193 0
350 2084 2141 0
351 250117 250146 0
352 15763 15824 0
353 15778 15813 0
354 250104 250177 0
355 31391 31421 0
356 2066 2135 0
357 250102 250173 0
358 250128 250165 0
359 250142 250170 0
360 15737 15770 0
361 250119 250191 0
362 15740 15816 0
363 250167 250187 0
364 31372 31411 0
365 43 87 0
366 250101 250142 0
367 250127 250185 0
368 15750 15788 0
369 250137 250161 0
370 15750 15787 0
371 31404 31450 0
372 250112 250119 0
373 250134 250196 0
374 250105 250159 0
375 250112 250175 0
376 15747 15791 0
377 500156 500175 0
378 500110 500149 0
379 500127 500172 0
380 15754 15815 0
381 500105 500116 0
382 500129 500134 0
383 31398 31418 0
384 500127 500182 0
385 500104 500128 0
386 500102 500105 0
387 31364 31409 0
388 500118 500137 0
389 500121 500176 0
390 15 80 0
391 21 97 0
392 500161 500183 0
393 500121 500143 0
394 500139 500197 0
395 500116 500190 0
396 500103 500150 0
397 500101 500198 0
398 31378 31443 0
399 31417 31447 0
--------------
1000000 :c
1004101 :sum(p)
999997 :sum(w)
