400 :n
id p,w,x
--------------
0 2114 2063 1
1 2144 2058 1
2 7979 7943 1
3 8008 7964 1
4 98 16 1
5 89 13 1
6 8009 7973 1
7 2145 2065 1
8 2135 2105 1
9 8009 7959 1
10 8003 7926 1
11 7986 7947 1
12 7991 7920 1
13 2094 2066 1
14 89 29 1
15 71 12 1
16 87 22 1
17 4077 4008 1
18 66 18 1
19 62 12 1
20 4037 4007 1
21 4106 4036 1
22 4079 4012 1
23 4040 4013 1
24 80 17 1
25 47 13 1
26 2131 2070 1
27 4049 4009 1
28 4095 4045 1
29 64 34 1
30 62 23 1
31 4074 4033 1
32 4068 4023 1
33 2094 2058 1
34 77 7 1
35 2127 2093 1
36 4095 4059 1
37 4085 4024 1
38 4093 4065 1
39 4091 4050 1
40 41 18 1
41 57 42 1
42 74 56 1
43 72 57 1
44 58 46 1
45 73 62 1
46 93 79 1
47 100 90 1
48 75 71 0
49 2136 2111 1
50 2105 2081 1
51 2146 2124 1
52 2104 2084 1
53 2112 2094 1
54 2152 2136 1
55 2078 2063 1
56 4101 4081 1
57 15825 15755 1
58 7950 7916 1
59 7951 7917 1
60 4085 4068 1
61 8010 7977 1
62 15815 15753 1
63 2066 2058 1
64 15796 15737 1
65 7975 7947 1
66 15822 15767 1
67 15809 15755 1
68 15791 15739 1
69 4076 4063 1
70 8010 7987 1
71 15789 15744 1
72 2107 2101 1
73 15806 15761 1
74 7957 7936 1
75 7992 7972 1
76 31444 31367 1
77 15781 15744 1
78 15814 15777 1
79 2144 2139 0
80 31446 31373 1
81 31445 31374 1
82 15792 15757 1
83 4069 4060 0
84 7930 7914 1
85 7960 7944 1
86 2133 2129 0
87 31433 31376 1
88 7952 7938 1
89 31443 31393 1
90 31445 31396 1
91 15758 15734 1
92 31433 31394 1
93 31449 31412 1
94 2139 2105 1
95 15777 15755 1
96 15795 15774 1
97 31445 31405 1
98 4059 4038 1
99 15817 15797 1
100 4085 4080 1
101 15744 15729 1
102 31448 31402 1
103 62680 62601 1
104 31429 31385 1
105 62680 62627 0
106 62673 62623 1
107 4059 4056 0
108 62700 62661 0
109 15812 15808 0
110 125174 125114 0
111 62666 62620 0
112 62655 62611 0
113 31446 31425 1
114 4019 4017 0
115 4022 4020 0
116 62679 62638 0
117 62695 62661 0
118 62638 62604 0
119 2141 2148 0
120 125175 125114 0
121 125199 125138 0
122 33 65 0
123 62669 62634 0
124 62660 62630 0
125 62653 62626 0
126 62676 62650 0
127 62672 62648 0
128 15759 15753 0
129 31427 31417 0
130 62674 62655 0
131 31429 31420 0
132 31388 31380 0
133 15778 15774 0
134 15753 15751 0
135 15792 15790 0
136 97 97 0
137 2073 2073 0
138 7980 7981 0
139 15730 15733 0
140 4085 4086 0
141 7926 7930 0
142 15746 15754 0
143 7917 7924 0
144 7967 7977 0
145 7931 7942 0
146 7913 7925 0
147 7941 7954 0
148 4055 4062 0
149 7950 7964 0
150 7938 7953 0
151 4031 4039 0
152 7976 7992 0
153 7970 7987 0
154 2120 2128 0
155 4053 4069 0
156 2124 2137 0
157 2083 2098 0
158 21 31 0
159 9 27 0
160 125197 125191 0
161 250175 250134 0
162 250182 250165 0
163 250168 250108 0
164 125191 125180 0
165 62668 62665 0
166 250125 250105 0
167 250149 250105 0
168 250196 250168 0
169 250139 250118 0
170 250161 250102 0
171 250147 250121 0
172 250141 250105 0
173 500172 500157 0
174 500133 500117 0
175 500199 500169 0
176 500119 500105 0
177 500200 500154 0
178 500167 500119 0
179 500193 500171 0
180 500191 500140 0
181 500192 500179 0
182 500154 500142 0
183 500179 500123 0
184 500195 500184 0
185 500142 500118 0
186 500127 500105 0
187 500172 500150 0
188 500172 500127 0
189 62685 62682 0
190 62628 62620 0
191 62688 62683 0
192 125175 125168 0
193 250192 250118 0
194 250192 250126 0
195 250197 250123 0
196 250191 250110 0
197 125165 125121 0
198 250187 250118 0
199 125169 125139 0
200 125176 125145 0
201 125170 125142 0
202 125141 125124 0
203 125134 125130 0
204 62682 62670 0
205 125137 125104 0
206 62639 62630 0
207 125144 125123 0
208 125165 125138 0
209 125180 125175 0
210 125133 125111 0
211 125170 125146 0
212 250147 250123 0
213 250146 250104 0
214 250156 250116 0
215 250200 250140 0
216 62650 62634 0
217 15735 15811 0
218 31430 31445 0
219 31375 31421 0
220 31366 31370 0
221 15740 15763 0
222 15766 15812 0
223 15763 15800 0
224 31390 31448 0
225 31398 31437 0
226 31380 31393 0
227 31368 31382 0
228 62653 62664 0
229 15727 15802 0
230 15761 15805 0
231 31406 31436 0
232 62651 62661 0
233 15790 15804 0
234 62644 62679 0
235 62601 62653 0
236 15787 15805 0
237 15777 15813 0
238 62672 62688 0
239 62602 62638 0
240 62652 62695 0
241 7941 8012 0
242 62659 62696 0
243 62674 62699 0
244 62635 62641 0
245 7961 8008 0
246 31378 31416 0
247 31385 31440 0
248 62644 62652 0
249 62627 62659 0
250 62658 62699 0
251 62602 62671 0
252 7921 7959 0
253 62634 62664 0
254 31401 31402 0
255 15729 15760 0
256 62694 62696 0
257 7963 8001 0
258 15764 15815 0
259 62638 62654 0
260 7980 8007 0
261 7936 8005 0
262 7934 8012 0
263 7948 7989 0
264 31352 31405 0
265 62627 62680 0
266 15749 15819 0
267 7933 7973 0
268 125132 125182 0
269 7924 7960 0
270 125165 125169 0
271 7953 7998 0
272 125168 125170 0
273 15781 15814 0
274 31403 31425 0
275 7959 7987 0
276 125169 125168 0
277 31425 31450 0
278 15726 15762 0
279 4019 4051 0
280 15745 15817 0
281 125107 125169 0
282 4022 4103 0
283 4032 4063 0
284 125147 125158 0
285 4035 4072 0
286 125113 125144 0
287 125163 125165 0
288 125150 125152 0
289 15798 15819 0
290 125112 125175 0
291 125131 125137 0
292 4020 4062 0
293 4028 4064 0
294 125141 125144 0
295 125144 125189 0
296 4034 4075 0
297 31374 31384 0
298 125126 125180 0
299 125115 125179 0
300 4011 4032 0
301 125118 125125 0
302 4068 4090 0
303 4054 4100 0
304 4061 4088 0
305 125122 125153 0
306 125158 125196 0
307 125122 125169 0
308 125140 125179 0
309 15776 15809 0
310 4083 4104 0
311 125115 125198 0
312 4057 4104 0
313 125112 125143 0
314 4043 4100 0
315 250153 250169 0
316 250123 250145 0
317 250179 250181 0
318 250153 250179 0
319 250160 250185 0
320 2078 2134 0
321 2063 2089 0
322 2058 2150 0
323 250116 250174 0
324 31361 31371 0
325 250126 250138 0
326 31407 31441 0
327 250153 250155 0
328 2101 2151 0
329 2130 2153 0
330 250131 250174 0
331 2086 2125 0
332 2057 2097 0
333 2062 2107 0
334 2090 2133 0
335 2058 2088 0
336 2075 2143 0
337 250137 250186 0
338 31358 31428 0
339 250135 250132 0
340 250118 250148 0
341 2090 2133 0
342 31352 31361 0
343 2108 2150 0
344 250191 250193 0
345 250101 250102 0
346 250107 250192 0
347 250127 250170 0
348 250131 250141 0
349 250125 250150 0
350 2064 2097 0
351 250153 250177 0
352 250167 250196 0
353 250193 250192 0
354 500105 500128 0
355 500140 500157 0
356 500105 500130 0
357 31356 31358 0
358 2108 2131 0
359 31396 31403 0
360 500147 500196 0
361 49 99 0
362 5 64 0
363 500147 500168 0
364 9 87 0
365 500158 500160 0
366 37 61 0
367 500128 500129 0
368 7 93 0
369 500103 500126 0
370 20 70 0
371 500173 500190 0
372 500101 500138 0
373 500144 500195 0
374 58 82 0
375 6 41 0
376 500104 500135 0
377 500179 500181 0
378 7 42 0
379 43 70 0
380 31397 31437 0
381 500181 500190 0
382 500101 500197 0
383 500145 500190 0
384 500104 500166 0
385 500136 500137 0
386 28 100 0
387 500130 500156 0
388 7 33 0
389 31419 31425 0
390 500122 500126 0
391 500157 500150 0
392 500151 500189 0
393 500126 500160 0
394 17 58 0
395 500184 500198 0
396 21 47 0
397 3 37 0
398 31440 31440 0
399 31392 31405 0
--------------
1000000 :c
1004046 :sum(p)
999999 :sum(w)
