400 :n
id p,w,x
--------------
0 4095 4047 1
1 4096 4025 1
2 63 9 1
3 2137 2058 1
4 2148 2095 1
5 2123 2063 1
6 4076 4016 1
7 72 1 1
8 2094 2062 1
9 4100 4052 1
10 2126 2080 1
11 4093 4022 1
12 2131 2079 1
13 91 23 1
14 2149 2086 1
15 2133 2094 1
16 91 52 1
17 2137 2094 1
18 91 37 1
19 2130 2070 1
20 4073 4015 1
21 95 51 1
22 2146 2071 1
23 2131 2093 1
24 7988 7915 1
25 7999 7917 1
26 24 6 1
27 34 17 1
28 39 20 1
29 45 26 1
30 67 43 1
31 76 51 1
32 59 40 1
33 61 43 1
34 78 60 1
35 80 65 1
36 43 36 1
37 67 63 1
38 91 87 1
39 40 39 0
40 2127 2102 1
41 4056 4012 1
42 2087 2067 1
43 7978 7915 1
44 8007 7946 1
45 7971 7915 1
46 8007 7956 1
47 4067 4042 1
48 7989 7941 1
49 4035 4011 1
50 4038 4014 1
51 7965 7921 1
52 4079 4058 1
53 7990 7951 1
54 7954 7917 1
55 4090 4071 1
56 7978 7942 1
57 15795 15726 1
58 2133 2124 1
59 8000 7967 1
60 15824 15760 1
61 15788 15726 1
62 7955 7926 1
63 7954 7926 1
64 4045 4031 1
65 2120 2113 0
66 7962 7937 1
67 15824 15779 1
68 15776 15733 1
69 31445 31361 1
70 15765 15729 1
71 4025 4016 0
72 4067 4058 0
73 31432 31366 1
74 7990 7974 1
75 4020 4012 1
76 4070 4062 0
77 31439 31382 1
78 7934 7920 1
79 7933 7920 1
80 31445 31395 1
81 31439 31392 1
82 31399 31354 1
83 62699 62615 1
84 15792 15771 1
85 15777 15757 1
86 31449 31410 1
87 62693 62617 1
88 31396 31360 1
89 15767 15749 1
90 15757 15735 1
91 31428 31395 1
92 2063 2061 0
93 15807 15792 1
94 78 10 1
95 62699 62633 1
96 62690 62604 1
97 31447 31418 0
98 62700 62645 1
99 15779 15766 0
100 31439 31422 0
101 7991 8012 0
102 2131 2142 0
103 4017 4014 0
104 31394 31372 0
105 31396 31374 0
106 500107 500146 0
107 62652 62601 0
108 15776 15765 0
109 15778 15767 0
110 15815 15804 0
111 62676 62633 0
112 62668 62627 0
113 15758 15748 0
114 125178 125102 0
115 62653 62618 0
116 62643 62609 0
117 125171 125105 0
118 31378 31364 0
119 15803 15796 0
120 15806 15799 0
121 125163 125109 0
122 62692 62667 0
123 62670 62646 0
124 31408 31396 0
125 125195 125148 0
126 125180 125136 0
127 250193 250108 0
128 250199 250114 0
129 125174 125136 0
130 250181 250109 0
131 31415 31406 0
132 250194 250128 0
133 250196 250130 0
134 31387 31379 0
135 15824 15820 0
136 4032 4031 0
137 125173 125142 0
138 4049 4048 0
139 4072 4071 0
140 250200 250139 0
141 62700 62685 0
142 31398 31391 0
143 125198 125173 0
144 31437 31431 0
145 125159 125139 0
146 125123 125105 0
147 31370 31366 0
148 15756 15754 0
149 15766 15764 0
150 125123 125108 0
151 125163 125148 0
152 125148 125134 0
153 62659 62653 0
154 125160 125150 0
155 62650 62645 0
156 62624 62620 0
157 62656 62652 0
158 62638 62636 0
159 31394 31393 0
160 35 35 0
161 125181 125181 0
162 31388 31388 0
163 125102 125103 0
164 125123 125125 0
165 125135 125140 0
166 125102 125107 0
167 62686 62689 0
168 31396 31398 0
169 31366 31368 0
170 62677 62682 0
171 62648 62653 0
172 125166 125180 0
173 7951 7952 0
174 62666 62674 0
175 125125 125141 0
176 125124 125140 0
177 125108 125125 0
178 62602 62611 0
179 125118 125136 0
180 125117 125137 0
181 62628 62639 0
182 31352 31358 0
183 62660 62672 0
184 125124 125149 0
185 62681 62694 0
186 62601 62614 0
187 31404 31411 0
188 125137 125166 0
189 125120 125149 0
190 125143 125174 0
191 7976 7978 0
192 15770 15774 0
193 125156 125189 0
194 62681 62698 0
195 125148 125185 0
196 62606 62625 0
197 15796 15801 0
198 125143 125183 0
199 125127 125169 0
200 62643 62666 0
201 62615 62638 0
202 15786 15792 0
203 62655 62682 0
204 15745 15752 0
205 62625 62654 0
206 7969 7973 0
207 15729 15737 0
208 62614 62647 0
209 31404 31421 0
210 62618 62654 0
211 62662 62700 0
212 31418 31439 0
213 31374 31395 0
214 4037 4040 0
215 4027 4030 0
216 7977 7983 0
217 15751 15763 0
218 62647 62696 0
219 15799 15813 0
220 62611 62670 0
221 4048 4052 0
222 62620 62682 0
223 7974 7982 0
224 62615 62678 0
225 15753 15770 0
226 31374 31409 0
227 7971 7980 0
228 31401 31439 0
229 31402 31444 0
230 15759 15781 0
231 31383 31427 0
232 31375 31420 0
233 15741 15764 0
234 31373 31420 0
235 31371 31418 0
236 15788 15812 0
237 31371 31422 0
238 31381 31436 0
239 15740 15769 0
240 31375 31435 0
241 2077 2081 0
242 31371 31440 0
243 2109 2114 0
244 15762 15802 0
245 7943 7964 0
246 7931 7952 0
247 4035 4046 0
248 2113 2119 0
249 2099 2105 0
250 2069 2075 0
251 7961 7985 0
252 7923 7947 0
253 7916 7940 0
254 15735 15784 0
255 15746 15797 0
256 2101 2108 0
257 7981 8011 0
258 2081 2089 0
259 4069 4085 0
260 15749 15812 0
261 15745 15811 0
262 4040 4057 0
263 7966 8000 0
264 2076 2085 0
265 15751 15824 0
266 7970 8010 0
267 7945 7986 0
268 15733 15823 0
269 7938 7985 0
270 4040 4064 0
271 4077 4102 0
272 2086 2099 0
273 4043 4069 0
274 7946 8001 0
275 2098 2114 0
276 7929 7990 0
277 2116 2133 0
278 2079 2096 0
279 7931 7998 0
280 4024 4061 0
281 4022 4059 0
282 7921 7996 0
283 4044 4083 0
284 4054 4095 0
285 7917 8001 0
286 2082 2105 0
287 4056 4103 0
288 4009 4058 0
289 2088 2114 0
290 4036 4087 0
291 4046 4099 0
292 4042 4095 0
293 2116 2148 0
294 2079 2115 0
295 2070 2107 0
296 2076 2116 0
297 2066 2110 0
298 4007 4094 0
299 2077 2124 0
300 2057 2108 0
301 2057 2141 0
302 94 98 0
303 86 91 0
304 76 83 0
305 9 10 0
306 65 76 0
307 54 69 0
308 24 34 0
309 63 93 0
310 40 71 0
311 30 56 0
312 35 69 0
313 9 22 0
314 35 86 0
315 24 73 0
316 11 46 0
317 12 72 0
318 5 31 0
319 2 84 0
320 500177 500109 0
321 500117 500136 0
322 250107 250165 0
323 250102 250139 0
324 250101 250117 0
325 500120 500101 0
326 500104 500144 0
327 250121 250128 0
328 250174 250160 0
329 500180 500152 0
330 250145 250107 0
331 500134 500124 0
332 250103 250125 0
333 250147 250199 0
334 500101 500168 0
335 250158 250144 0
336 250117 250177 0
337 500177 500168 0
338 250171 250154 0
339 500159 500168 0
340 250102 250187 0
341 250106 250166 0
342 500187 500118 0
343 250133 250151 0
344 500195 500200 0
345 500178 500160 0
346 500101 500111 0
347 250109 250145 0
348 500104 500165 0
349 250133 250182 0
350 500144 500168 0
351 250164 250183 0
352 500153 500105 0
353 500155 500162 0
354 250159 250103 0
355 250134 250119 0
356 500176 500118 0
357 500119 500174 0
358 250104 250167 0
359 250109 250142 0
360 250117 250102 0
361 500178 500125 0
362 500164 500186 0
363 500121 500107 0
364 500104 500122 0
365 500159 500110 0
366 250129 250136 0
367 250127 250194 0
368 250185 250159 0
369 500166 500147 0
370 500173 500161 0
371 500101 500149 0
372 250188 250156 0
373 250110 250162 0
374 250115 250186 0
375 250126 250144 0
376 500131 500123 0
377 250141 250115 0
378 500134 500110 0
379 250169 250150 0
380 250153 250180 0
381 500133 500115 0
382 500190 500165 0
383 500113 500163 0
384 250197 250199 0
385 250118 250183 0
386 125105 125174 0
387 500140 500151 0
388 500164 500128 0
389 500138 500157 0
390 500143 500160 0
391 500102 500163 0
392 500137 500131 0
393 125104 125157 0
394 125129 125195 0
395 500142 500101 0
396 125113 125176 0
397 125141 125195 0
398 125109 125181 0
399 125113 125191 0
--------------
1000000 :c
1003819 :sum(p)
999998 :sum(w)
