400 :n
id p,w,x
--------------
0 86 3 1
1 2146 2064 1
2 7998 7949 1
3 7994 7938 1
4 8009 7956 1
5 7983 7955 1
6 4087 4064 1
7 2141 2118 1
8 76 7 1
9 7985 7928 1
10 7958 7923 1
11 38 14 1
12 2150 2063 1
13 4090 4063 1
14 2149 2061 1
15 4073 4045 1
16 4069 4016 1
17 4098 4025 1
18 2131 2099 1
19 4094 4052 1
20 4052 4027 1
21 4033 4010 1
22 8012 7974 1
23 31434 31366 1
24 8001 7945 1
25 4051 4019 1
26 7982 7918 1
27 4073 4037 1
28 8008 7982 1
29 4060 4022 1
30 4038 4014 1
31 68 50 1
32 4069 4023 1
33 4092 4011 1
34 15813 15754 1
35 31447 31360 1
36 87 52 1
37 4045 4022 1
38 4081 4012 1
39 79 11 1
40 4059 4011 1
41 77 7 1
42 15820 15730 1
43 75 34 1
44 100 83 1
45 2114 2059 1
46 99 11 1
47 4068 4022 1
48 15806 15738 1
49 4049 4024 1
50 2135 2087 1
51 2110 2087 1
52 31447 31362 1
53 15780 15743 1
54 15809 15747 1
55 15794 15730 1
56 2091 2067 1
57 2093 2071 1
58 2129 2097 1
59 15776 15730 1
60 31423 31354 1
61 15765 15730 1
62 17 7 1
63 26 12 1
64 73 58 1
65 60 50 1
66 91 78 1
67 66 59 1
68 71 69 0
69 2103 2084 1
70 2115 2102 1
71 4038 4017 1
72 2085 2076 1
73 2115 2107 1
74 2137 2129 1
75 4044 4030 1
76 4024 4013 1
77 7938 7920 1
78 4037 4028 1
79 15770 15736 1
80 7971 7954 1
81 7992 7975 1
82 31428 31362 1
83 15761 15729 1
84 15771 15740 1
85 15796 15766 1
86 31431 31373 1
87 15774 15746 1
88 31435 31382 1
89 31435 31385 1
90 15811 15786 1
91 2109 2106 1
92 2121 2118 1
93 15784 15763 1
94 62699 62618 1
95 4068 4063 1
96 4086 4081 0
97 15790 15771 1
98 31431 31363 1
99 62689 62605 1
100 31421 31367 1
101 31446 31409 1
102 62686 62614 0
103 31448 31415 0
104 62698 62650 0
105 31448 31443 0
106 10 52 0
107 31417 31382 1
108 15809 15793 0
109 62682 62619 0
110 31389 31360 0
111 31431 31403 0
112 62656 62601 0
113 7984 7983 0
114 62679 62629 0
115 4012 4009 1
116 15754 15743 0
117 7987 7982 0
118 125181 125106 0
119 31445 31427 0
120 125174 125103 0
121 62679 62647 0
122 15824 15816 0
123 4032 4030 0
124 125166 125105 0
125 2106 2105 1
126 125171 125112 0
127 125181 125126 0
128 62697 62671 0
129 62680 62655 0
130 15764 15758 0
131 125161 125114 0
132 15788 15784 0
133 7971 7969 0
134 7979 7980 0
135 2140 2141 1
136 7985 7990 0
137 2145 2148 0
138 2126 2130 0
139 2077 2081 0
140 2137 2142 0
141 2103 2108 0
142 21 22 0
143 64 73 0
144 42 55 0
145 43 57 0
146 12 28 0
147 7 23 0
148 4 16 0
149 62634 62621 0
150 62665 62679 0
151 62615 62627 0
152 125180 125155 0
153 125121 125157 0
154 125170 125195 0
155 125165 125196 0
156 62644 62643 0
157 62674 62675 0
158 62626 62615 0
159 125154 125140 0
160 125199 125191 0
161 125112 125148 0
162 125191 125199 0
163 125170 125150 0
164 125167 125198 0
165 125153 125151 0
166 125101 125135 0
167 125166 125186 0
168 125128 125132 0
169 125189 125169 0
170 125155 125157 0
171 31421 31419 0
172 125134 125112 0
173 125119 125117 0
174 125129 125121 0
175 125172 125166 0
176 125175 125193 0
177 125194 125180 0
178 250178 250126 0
179 250114 250168 0
180 250151 250101 0
181 250183 250165 0
182 250145 250196 0
183 62661 62659 0
184 31426 31431 0
185 250143 250199 0
186 31443 31446 0
187 250141 250168 0
188 250172 250152 0
189 250127 250149 0
190 31422 31427 0
191 250144 250157 0
192 31414 31411 0
193 250161 250157 0
194 250187 250163 0
195 250120 250127 0
196 31423 31431 0
197 250196 250139 0
198 250168 250114 0
199 250192 250157 0
200 250197 250174 0
201 250135 250114 0
202 250116 250138 0
203 250134 250128 0
204 250199 250145 0
205 15762 15764 0
206 250155 250144 0
207 250182 250121 0
208 250111 250124 0
209 250141 250113 0
210 250158 250135 0
211 250132 250168 0
212 15771 15775 0
213 250151 250175 0
214 250170 250144 0
215 250142 250121 0
216 250181 250199 0
217 250168 250195 0
218 15733 15736 0
219 250183 250199 0
220 15784 15784 0
221 250145 250120 0
222 250179 250178 0
223 250155 250196 0
224 250172 250191 0
225 250185 250142 0
226 62675 62677 0
227 250166 250149 0
228 500160 500149 0
229 500182 500150 0
230 500182 500128 0
231 500139 500197 0
232 500116 500168 0
233 500136 500197 0
234 500137 500152 0
235 500137 500160 0
236 500111 500189 0
237 500194 500101 0
238 500152 500102 0
239 500113 500190 0
240 500132 500186 0
241 500160 500151 0
242 500130 500177 0
243 62613 62607 0
244 500193 500183 0
245 500116 500199 0
246 500196 500109 0
247 62658 62656 0
248 500142 500111 0
249 500161 500111 0
250 500125 500111 0
251 500132 500147 0
252 500124 500107 0
253 500179 500110 0
254 500176 500147 0
255 500177 500177 0
256 500148 500106 0
257 500142 500129 0
258 500103 500167 0
259 500135 500167 0
260 500181 500140 0
261 500180 500133 0
262 500198 500112 0
263 500188 500194 0
264 500186 500196 0
265 500110 500199 0
266 500180 500113 0
267 500119 500144 0
268 62617 62624 0
269 500122 500165 0
270 500187 500185 0
271 62636 62623 0
272 62623 62619 0
273 62661 62645 0
274 125141 125101 0
275 125174 125132 0
276 125148 125111 0
277 31371 31360 0
278 31393 31383 0
279 250173 250105 0
280 125155 125120 0
281 62625 62634 0
282 62628 62644 0
283 62661 62654 0
284 62662 62674 0
285 62618 62635 0
286 62674 62688 0
287 7913 7922 0
288 7975 7992 0
289 7915 7996 0
290 7917 8000 0
291 7943 7976 0
292 7942 7980 0
293 7983 8012 0
294 7944 7974 0
295 4040 4062 0
296 7980 8011 0
297 7947 7961 0
298 15732 15770 0
299 15810 15824 0
300 4020 4037 0
301 15753 15785 0
302 15792 15825 0
303 4028 4051 0
304 15740 15824 0
305 15749 15778 0
306 4045 4092 0
307 4021 4050 0
308 15732 15780 0
309 4055 4098 0
310 4008 4074 0
311 15747 15773 0
312 15747 15796 0
313 15801 15815 0
314 15735 15818 0
315 4069 4092 0
316 15770 15813 0
317 4022 4041 0
318 4008 4083 0
319 15730 15738 0
320 15735 15800 0
321 2071 2094 0
322 15741 15746 0
323 31415 31426 0
324 31399 31433 0
325 31391 31404 0
326 2063 2109 0
327 2062 2102 0
328 4026 4089 0
329 7935 7966 0
330 31396 31441 0
331 31370 31387 0
332 2060 2124 0
333 2116 2135 0
334 2104 2147 0
335 31375 31443 0
336 31381 31416 0
337 31351 31370 0
338 2073 2102 0
339 31424 31447 0
340 7916 7951 0
341 2056 2081 0
342 4032 4060 0
343 2089 2119 0
344 7940 7965 0
345 2068 2090 0
346 31351 31364 0
347 31381 31407 0
348 2127 2148 0
349 31351 31425 0
350 31351 31423 0
351 2055 2151 0
352 31418 31440 0
353 7931 7969 0
354 31369 31413 0
355 2112 2132 0
356 2105 2124 0
357 62612 62666 0
358 2105 2148 0
359 62604 62658 0
360 11 33 0
361 25 76 0
362 1 57 0
363 4022 4078 0
364 65 92 0
365 62631 62686 0
366 62622 62642 0
367 62667 62690 0
368 62646 62697 0
369 62648 62694 0
370 62628 62688 0
371 26 79 0
372 62603 62635 0
373 7948 7964 0
374 62 99 0
375 62652 62674 0
376 10 43 0
377 7925 7995 0
378 125130 125174 0
379 7913 7969 0
380 7964 7997 0
381 125134 125189 0
382 69 98 0
383 2 40 0
384 48 83 0
385 44 96 0
386 43 61 0
387 125115 125192 0
388 125124 125196 0
389 20 77 0
390 7990 8000 0
391 11 93 0
392 125134 125179 0
393 125120 125169 0
394 7951 8001 0
395 125101 125170 0
396 1 47 0
397 125129 125191 0
398 7982 7996 0
399 7954 8000 0
--------------
1000000 :c
1004076 :sum(p)
1000000 :sum(w)
