400 :n
id p,w,x
--------------
0 31443 31374 1
1 31448 31359 1
2 31438 31367 1
3 31433 31366 1
4 66 45 1
5 88 29 1
6 42 1 1
7 88 49 1
8 56 13 1
9 15797 15747 1
10 100 6 1
11 15821 15736 1
12 15825 15791 1
13 67 1 1
14 15799 15730 1
15 15813 15750 1
16 8012 7961 1
17 76 23 1
18 7982 7941 1
19 45 8 1
20 78 7 1
21 86 27 1
22 7992 7931 1
23 35 8 1
24 7993 7955 1
25 95 72 1
26 2128 2077 1
27 2110 2068 1
28 7967 7920 1
29 2152 2081 1
30 2146 2059 1
31 2128 2088 1
32 2120 2061 1
33 31435 31366 1
34 8007 7955 1
35 7987 7959 1
36 2076 2055 1
37 7997 7919 1
38 4087 4012 1
39 4103 4010 1
40 4072 4010 1
41 7979 7926 1
42 4081 4029 1
43 4103 4032 1
44 4087 4016 1
45 4068 4045 1
46 4051 4028 1
47 7985 7959 1
48 4105 4056 1
49 4105 4039 1
50 7981 7932 1
51 7972 7919 1
52 7984 7916 1
53 8 4 1
54 36 19 1
55 81 65 1
56 71 58 1
57 77 63 1
58 89 78 1
59 59 52 1
60 31 29 0
61 37 35 1
62 93 88 1
63 80 77 1
64 2133 2119 1
65 2139 2127 1
66 2091 2080 1
67 7950 7925 1
68 4094 4084 1
69 2109 2104 1
70 7938 7921 1
71 7962 7945 1
72 4042 4034 0
73 4056 4048 1
74 15776 15745 1
75 15796 15765 1
76 15818 15787 1
77 31418 31357 1
78 31425 31377 1
79 31444 31396 1
80 7938 7926 1
81 4067 4061 1
82 31419 31373 1
83 15808 15785 1
84 15818 15795 1
85 15806 15784 1
86 15769 15749 1
87 2084 2078 1
88 31449 31411 1
89 62700 62626 1
90 31398 31361 1
91 15820 15803 0
92 62685 62619 1
93 18 1 1
94 62672 62603 1
95 31416 31385 0
96 62664 62606 1
97 31420 31392 0
98 31448 31428 0
99 8001 8000 0
100 250117 250129 0
101 7969 7962 0
102 62683 62628 0
103 62676 62627 0
104 7937 7931 0
105 4053 4050 0
106 15817 15816 0
107 125198 125113 0
108 62679 62639 0
109 62663 62625 0
110 31407 31389 0
111 15743 15734 0
112 15805 15796 0
113 7933 7929 0
114 125176 125115 0
115 2070 2069 1
116 125168 125118 0
117 62666 62642 0
118 62677 62653 0
119 62689 62665 0
120 15773 15767 0
121 7916 7914 0
122 4033 4032 0
123 15760 15757 0
124 7958 7957 0
125 8001 8002 0
126 4097 4098 0
127 4074 4075 0
128 7950 7952 0
129 7923 7926 0
130 2080 2081 0
131 4084 4086 0
132 4064 4066 0
133 4041 4044 0
134 4076 4082 0
135 2054 2063 0
136 2131 2141 0
137 2113 2124 0
138 45 54 0
139 38 46 0
140 31 44 0
141 250184 250140 0
142 125171 125148 0
143 500179 500162 0
144 125181 125169 0
145 250187 250155 0
146 125156 125151 0
147 250141 250108 0
148 125120 125109 0
149 62616 62608 0
150 125189 125164 0
151 250178 250134 0
152 250144 250109 0
153 62632 62625 0
154 62695 62689 0
155 250121 250112 0
156 500184 500119 0
157 62619 62616 0
158 62637 62634 0
159 500188 500150 0
160 250177 250155 0
161 500177 500126 0
162 31421 31419 0
163 500177 500133 0
164 250189 250149 0
165 125131 125103 0
166 125129 125101 0
167 125189 125168 0
168 500200 500128 0
169 500162 500101 0
170 31403 31397 0
171 125191 125176 0
172 500200 500153 0
173 31393 31388 0
174 125196 125169 0
175 250171 250121 0
176 500190 500160 0
177 500162 500108 0
178 125152 125121 0
179 125110 125100 0
180 250185 250130 0
181 125149 125129 0
182 500192 500119 0
183 31385 31378 0
184 500187 500125 0
185 250172 250145 0
186 250179 250134 0
187 250190 250178 0
188 125187 125142 0
189 125169 125131 0
190 62626 62606 0
191 250195 250102 0
192 31384 31375 0
193 62660 62637 0
194 250188 250118 0
195 125170 125155 0
196 62648 62633 0
197 250200 250133 0
198 125151 125144 0
199 125170 125161 0
200 250149 250114 0
201 250175 250123 0
202 125127 125110 0
203 250164 250148 0
204 15748 15767 0
205 31379 31442 0
206 31370 31443 0
207 15732 15792 0
208 15736 15816 0
209 15749 15781 0
210 31401 31444 0
211 15736 15757 0
212 31364 31376 0
213 15736 15751 0
214 250129 250186 0
215 250151 250145 0
216 250109 250109 0
217 15742 15824 0
218 31386 31414 0
219 15728 15731 0
220 15749 15776 0
221 250187 250197 0
222 250167 250175 0
223 62640 62688 0
224 15745 15810 0
225 15763 15784 0
226 62651 62659 0
227 15729 15758 0
228 15740 15786 0
229 15759 15811 0
230 15797 15805 0
231 15735 15811 0
232 15732 15763 0
233 62637 62667 0
234 15757 15801 0
235 15743 15753 0
236 62666 62690 0
237 15730 15740 0
238 62620 62636 0
239 62624 62687 0
240 7930 7946 0
241 7932 7967 0
242 62623 62692 0
243 7949 7983 0
244 62636 62692 0
245 62619 62619 0
246 62615 62696 0
247 7967 7980 0
248 62622 62669 0
249 7915 7970 0
250 62637 62677 0
251 250158 250170 0
252 250116 250129 0
253 7961 8006 0
254 62613 62632 0
255 7914 7924 0
256 62612 62664 0
257 62616 62648 0
258 62645 62671 0
259 15785 15801 0
260 7922 7990 0
261 7950 7977 0
262 7931 7978 0
263 7917 8011 0
264 62602 62647 0
265 250141 250144 0
266 250182 250182 0
267 7932 7958 0
268 62616 62658 0
269 62643 62648 0
270 31418 31447 0
271 15741 15806 0
272 250146 250189 0
273 62611 62663 0
274 250112 250125 0
275 7914 7986 0
276 62609 62687 0
277 7916 7924 0
278 125103 125135 0
279 250116 250108 0
280 31362 31426 0
281 31399 31444 0
282 125152 125186 0
283 250158 250164 0
284 4039 4055 0
285 4032 4089 0
286 125140 125156 0
287 125117 125138 0
288 4049 4103 0
289 31394 31434 0
290 31370 31370 0
291 125151 125149 0
292 250168 250186 0
293 250195 250195 0
294 250135 250177 0
295 250106 250105 0
296 4082 4101 0
297 4056 4098 0
298 31377 31430 0
299 4040 4062 0
300 4019 4070 0
301 250131 250165 0
302 125156 125177 0
303 500152 500146 0
304 4021 4103 0
305 4017 4070 0
306 4034 4046 0
307 4030 4101 0
308 4054 4068 0
309 4037 4071 0
310 31442 31450 0
311 4014 4048 0
312 4044 4090 0
313 4017 4104 0
314 500180 500200 0
315 500158 500199 0
316 4034 4068 0
317 125106 125192 0
318 4051 4084 0
319 2086 2131 0
320 2083 2120 0
321 2066 2088 0
322 500129 500119 0
323 500124 500123 0
324 2054 2140 0
325 2072 2145 0
326 2066 2094 0
327 2062 2142 0
328 2134 2147 0
329 2099 2136 0
330 500138 500191 0
331 500119 500173 0
332 500147 500199 0
333 125155 125166 0
334 2057 2149 0
335 125181 125189 0
336 2103 2144 0
337 2111 2134 0
338 2106 2149 0
339 2069 2120 0
340 31357 31428 0
341 125165 125168 0
342 31443 31446 0
343 2063 2127 0
344 500155 500182 0
345 2128 2147 0
346 2078 2150 0
347 500174 500179 0
348 2076 2133 0
349 2083 2110 0
350 500123 500135 0
351 2099 2117 0
352 500124 500117 0
353 31382 31389 0
354 2074 2089 0
355 2055 2138 0
356 31384 31404 0
357 2054 2091 0
358 125101 125175 0
359 500143 500160 0
360 125162 125197 0
361 51 73 0
362 500120 500170 0
363 500163 500160 0
364 125157 125194 0
365 30 78 0
366 500144 500154 0
367 500104 500194 0
368 21 46 0
369 500135 500140 0
370 3 42 0
371 500142 500193 0
372 5 76 0
373 500153 500168 0
374 500112 500113 0
375 36 96 0
376 500120 500107 0
377 26 90 0
378 49 73 0
379 45 88 0
380 24 87 0
381 125172 125184 0
382 500104 500106 0
383 31380 31391 0
384 125119 125141 0
385 500133 500121 0
386 31405 31430 0
387 125128 125180 0
388 125144 125168 0
389 125119 125132 0
390 250137 250175 0
391 500146 500161 0
392 500141 500142 0
393 500109 500143 0
394 63 92 0
395 49 77 0
396 250151 250158 0
397 500151 500165 0
398 31376 31392 0
399 31405 31440 0
--------------
1000000 :c
1003879 :sum(p)
1000000 :sum(w)
