400 :n
id p,w,x
--------------
0 2104 2055 1
1 2131 2076 1
2 2148 2067 1
3 93 22 1
4 15808 15737 1
5 4102 4043 1
6 2146 2058 1
7 7998 7921 1
8 4079 4010 1
9 7999 7927 1
10 99 47 1
11 2153 2101 1
12 2137 2084 1
13 2134 2078 1
14 2119 2058 1
15 82 1 1
16 4061 4008 1
17 4096 4045 1
18 8012 7923 1
19 7999 7933 1
20 7990 7932 1
21 70 12 1
22 7981 7923 1
23 33 8 1
24 80 42 1
25 78 42 1
26 81 53 1
27 99 66 1
28 81 58 1
29 94 71 1
30 96 76 1
31 82 68 1
32 62 53 1
33 73 63 1
34 56 49 1
35 2137 2090 1
36 2148 2102 1
37 2102 2057 1
38 2135 2090 1
39 2148 2108 1
40 2085 2057 1
41 2125 2099 1
42 4064 4015 1
43 4103 4058 1
44 2130 2108 1
45 4067 4025 1
46 4055 4017 1
47 2110 2094 1
48 4068 4040 1
49 4039 4012 1
50 4047 4021 1
51 7974 7924 1
52 7981 7933 1
53 4045 4024 1
54 7961 7922 1
55 4100 4081 1
56 4076 4059 1
57 7954 7921 1
58 4056 4040 1
59 15803 15745 1
60 7958 7929 1
61 4058 4044 1
62 15788 15734 1
63 15788 15734 1
64 8004 7977 1
65 15798 15746 1
66 31450 31352 1
67 7977 7953 1
68 7994 7970 1
69 15778 15733 1
70 31411 31368 1
71 84 12 1
72 31434 31354 1
73 15805 15765 1
74 7970 7950 1
75 15811 15788 1
76 31434 31358 1
77 15787 15763 1
78 31426 31354 1
79 7951 7933 1
80 31424 31353 1
81 15783 15749 1
82 31433 31369 1
83 7958 7942 1
84 31435 31374 1
85 31425 31377 1
86 4032 4022 1
87 2086 2081 1
88 4037 4030 1
89 15821 15800 1
90 15783 15763 1
91 62691 62620 1
92 31436 31401 1
93 31450 31362 1
94 62683 62615 1
95 31397 31360 1
96 15768 15751 1
97 62668 62603 0
98 15824 15809 1
99 31450 31431 0
100 31442 31420 0
101 125181 125132 0
102 15762 15748 0
103 15786 15772 1
104 7963 7956 0
105 7953 7947 1
106 4086 4084 0
107 62661 62617 0
108 62690 62642 0
109 125190 125107 0
110 62646 62608 0
111 125181 125103 0
112 31374 31351 0
113 62639 62607 0
114 31415 31399 0
115 62700 62683 0
116 31420 31405 0
117 125172 125114 0
118 125163 125107 0
119 62643 62615 0
120 62645 62617 0
121 62649 62621 0
122 15805 15798 0
123 125178 125123 0
124 62680 62653 0
125 62637 62611 0
126 125154 125103 0
127 125161 125112 0
128 15741 15744 0
129 15818 15819 0
130 31412 31400 0
131 31444 31432 0
132 15759 15753 0
133 125156 125109 0
134 31375 31364 0
135 125177 125135 0
136 125161 125121 0
137 31443 31433 0
138 125182 125150 0
139 15796 15792 0
140 31414 31407 0
141 31398 31392 0
142 31437 31431 0
143 15747 15746 0
144 31416 31416 0
145 7991 7991 0
146 15785 15785 0
147 31390 31390 0
148 31367 31369 0
149 15742 15745 0
150 7979 7981 0
151 15748 15753 0
152 31429 31440 0
153 4085 4088 0
154 4073 4076 0
155 4052 4055 1
156 7968 7975 0
157 2139 2141 1
158 15801 15816 0
159 4025 4029 0
160 15783 15799 0
161 7914 7923 0
162 7993 8003 0
163 15737 15757 0
164 4044 4050 0
165 7946 7958 0
166 15778 15802 0
167 15766 15792 0
168 4085 4092 0
169 2133 2137 1
170 7942 7959 0
171 2075 2081 0
172 4042 4054 0
173 7917 7941 0
174 7957 7982 0
175 7959 7985 0
176 4036 4051 0
177 7937 7967 0
178 7951 7984 0
179 2133 2145 0
180 2128 2140 0
181 4077 4100 0
182 4036 4059 0
183 4012 4036 0
184 2097 2111 0
185 4067 4100 0
186 2078 2102 0
187 2079 2104 0
188 2092 2120 0
189 2057 2091 0
190 2106 2141 0
191 2070 2107 0
192 51 59 0
193 65 78 0
194 55 69 0
195 33 43 0
196 38 58 0
197 46 71 0
198 51 89 0
199 18 36 0
200 8 34 0
201 7 32 0
202 12 55 0
203 250184 250169 0
204 125194 125190 0
205 250162 250164 0
206 500137 500106 0
207 250199 250185 0
208 250156 250159 0
209 500112 500111 0
210 500190 500174 0
211 125121 125121 0
212 500147 500121 0
213 500148 500115 0
214 500162 500133 0
215 125173 125162 0
216 62642 62635 0
217 62649 62633 0
218 62634 62628 0
219 500185 500116 0
220 125189 125167 0
221 62653 62644 0
222 62616 62605 0
223 125141 125112 0
224 62679 62673 0
225 250178 250119 0
226 500191 500133 0
227 125153 125135 0
228 500149 500106 0
229 125147 125131 0
230 125165 125144 0
231 250173 250117 0
232 125120 125104 0
233 125127 125111 0
234 125127 125106 0
235 250173 250149 0
236 500181 500111 0
237 250130 250102 0
238 250150 250121 0
239 250190 250161 0
240 250159 250101 0
241 62632 62616 0
242 62673 62663 0
243 250177 250142 0
244 250183 250124 0
245 250155 250107 0
246 250145 250119 0
247 250149 250101 0
248 500178 500113 0
249 62674 62665 0
250 500177 500117 0
251 500191 500113 0
252 250199 250120 0
253 250187 250106 0
254 62652 62636 0
255 125159 125146 0
256 125164 125150 0
257 250174 250153 0
258 62623 62620 0
259 500138 500133 0
260 500174 500179 0
261 500160 500124 0
262 500200 500194 0
263 125106 125107 0
264 500140 500101 0
265 500184 500154 0
266 500175 500177 0
267 500185 500156 0
268 250167 250154 0
269 250151 250134 0
270 7937 7980 0
271 62607 62642 0
272 7927 7984 0
273 62619 62624 0
274 7955 7999 0
275 7931 7999 0
276 62652 62677 0
277 62677 62689 0
278 7925 7966 0
279 62620 62644 0
280 4022 4093 0
281 4025 4081 0
282 62625 62628 0
283 62616 62631 0
284 4028 4078 0
285 62614 62642 0
286 4063 4104 0
287 4010 4086 0
288 125107 125109 0
289 4008 4070 0
290 62664 62670 0
291 7956 8001 0
292 125100 125122 0
293 4014 4106 0
294 62610 62658 0
295 62648 62688 0
296 125168 125190 0
297 125115 125187 0
298 4034 4093 0
299 4040 4096 0
300 125114 125156 0
301 62623 62693 0
302 7925 7964 0
303 125156 125165 0
304 62612 62677 0
305 125100 125123 0
306 125129 125168 0
307 125186 125192 0
308 125175 125199 0
309 125109 125180 0
310 62641 62699 0
311 125125 125149 0
312 125107 125119 0
313 125104 125167 0
314 250111 250145 0
315 250151 250160 0
316 62615 62699 0
317 62620 62668 0
318 250169 250180 0
319 250118 250164 0
320 2075 2147 0
321 7915 8005 0
322 7929 7997 0
323 31405 31439 0
324 250107 250197 0
325 31374 31425 0
326 31380 31403 0
327 31397 31420 0
328 250131 250199 0
329 2060 2150 0
330 2082 2139 0
331 250133 250181 0
332 2062 2141 0
333 31357 31423 0
334 2088 2145 0
335 31353 31412 0
336 250106 250196 0
337 250176 250183 0
338 2097 2153 0
339 250164 250179 0
340 31355 31407 0
341 250114 250188 0
342 2074 2132 0
343 250144 250187 0
344 250145 250179 0
345 31400 31422 0
346 2054 2140 0
347 250141 250166 0
348 2064 2110 0
349 15745 15815 0
350 250127 250174 0
351 250103 250152 0
352 31402 31428 0
353 250114 250196 0
354 250137 250160 0
355 250108 250154 0
356 500167 500190 0
357 500106 500185 0
358 2086 2142 0
359 31417 31448 0
360 25 83 0
361 500155 500171 0
362 500119 500171 0
363 8 54 0
364 31364 31442 0
365 500101 500129 0
366 500113 500192 0
367 500103 500172 0
368 500106 500112 0
369 500108 500116 0
370 15782 15812 0
371 21 69 0
372 36 84 0
373 10 54 0
374 5 56 0
375 500113 500125 0
376 500104 500133 0
377 500112 500133 0
378 31377 31427 0
379 4 70 0
380 500145 500158 0
381 500106 500192 0
382 17 64 0
383 15763 15807 0
384 500162 500168 0
385 15779 15821 0
386 15781 15820 0
387 500123 500161 0
388 8 61 0
389 15752 15815 0
390 8 99 0
391 18 75 0
392 20 96 0
393 15739 15800 0
394 500145 500153 0
395 500119 500167 0
396 500141 500186 0
397 15728 15776 0
398 15730 15768 0
399 15726 15781 0
--------------
1000000 :c
1004204 :sum(p)
999999 :sum(w)
