400 :n
id p,w,x
--------------
0 82 2 1
1 56 3 1
2 84 5 1
3 69 12 1
4 69 13 1
5 36 7 1
6 82 17 1
7 55 12 1
8 92 25 1
9 13 5 1
10 93 41 1
11 19 10 1
12 71 42 1
13 55 34 1
14 52 33 1
15 90 60 1
16 70 59 1
17 50 46 1
18 91 88 1
19 2121 2056 1
20 99 96 1
21 2123 2060 1
22 2117 2055 1
23 2141 2079 1
24 2121 2063 1
25 2137 2085 1
26 2114 2066 1
27 2104 2058 1
28 2099 2057 1
29 4097 4017 1
30 2153 2111 1
31 4105 4027 1
32 4084 4009 1
33 4075 4007 1
34 2140 2105 1
35 2131 2100 1
36 4084 4025 1
37 2116 2088 1
38 2135 2108 1
39 4067 4017 1
40 4077 4027 1
41 2125 2099 1
42 4105 4061 1
43 8004 7920 1
44 2153 2131 1
45 2138 2118 1
46 2135 2116 1
47 4062 4026 1
48 4084 4048 1
49 4059 4025 1
50 4052 4020 1
51 7985 7923 1
52 8010 7951 1
53 4105 4075 1
54 2107 2092 1
55 7983 7929 1
56 8011 7958 1
57 2119 2105 1
58 7982 7930 1
59 7977 7926 1
60 7978 7928 1
61 7985 7938 1
62 15821 15728 1
63 4031 4008 1
64 4063 4040 1
65 7956 7915 1
66 7957 7916 1
67 4081 4060 1
68 4075 4055 1
69 2072 2062 1
70 4038 4020 1
71 7972 7938 1
72 15819 15754 1
73 15803 15739 1
74 15814 15761 1
75 15802 15753 1
76 15812 15764 1
77 4058 4046 1
78 2103 2097 1
79 15774 15729 1
80 15822 15777 1
81 15787 15745 1
82 31450 31369 1
83 15773 15734 1
84 15815 15776 1
85 15767 15730 1
86 31434 31362 1
87 31431 31369 1
88 31439 31377 1
89 4064 4056 1
90 15781 15750 1
91 15789 15758 1
92 2065 2061 0
93 7936 7922 1
94 7995 7981 1
95 7985 7972 1
96 4062 4056 1
97 62694 62604 1
98 62698 62610 1
99 62697 62610 1
100 15762 15741 0
101 31429 31388 1
102 15777 15757 0
103 15809 15786 1
104 31422 31374 1
105 31399 31352 1
106 31427 31389 1
107 62677 62605 1
108 4043 4039 1
109 62698 62647 0
110 31449 31430 0
111 10 81 0
112 15743 15726 0
113 62683 62619 0
114 15806 15790 0
115 4032 4028 0
116 62682 62620 0
117 31413 31383 0
118 2055 2056 0
119 2102 2100 0
120 31427 31399 0
121 15803 15789 0
122 7982 7975 1
123 31387 31360 0
124 15787 15774 0
125 31385 31361 0
126 7982 7976 0
127 31390 31368 0
128 15790 15779 0
129 15765 15755 0
130 15778 15768 0
131 7982 7977 0
132 7990 7986 0
133 4064 4062 0
134 8009 8007 0
135 4096 4095 0
136 4083 4083 0
137 4029 4030 0
138 4029 4031 0
139 2133 2138 0
140 2073 2078 0
141 42 43 0
142 125196 125120 0
143 62686 62633 0
144 31375 31354 0
145 125177 125120 0
146 125166 125105 0
147 62647 62622 0
148 62673 62641 0
149 125184 125132 0
150 125181 125131 0
151 62650 62614 0
152 125196 125111 0
153 62676 62642 0
154 62689 62652 0
155 62670 62624 0
156 62620 62697 0
157 62637 62631 0
158 62633 62634 0
159 62610 62601 0
160 31421 31447 0
161 31432 31429 0
162 31387 31419 0
163 31395 31388 0
164 62662 62657 0
165 62618 62634 0
166 62685 62669 0
167 62638 62626 0
168 62665 62669 0
169 31394 31418 0
170 31365 31362 0
171 62629 62641 0
172 31426 31434 0
173 31403 31395 0
174 62640 62689 0
175 31413 31449 0
176 62657 62686 0
177 31409 31423 0
178 62680 62677 0
179 31405 31418 0
180 62609 62645 0
181 62682 62660 0
182 62610 62686 0
183 125146 125130 0
184 31379 31377 0
185 125119 125168 0
186 31384 31417 0
187 31404 31392 0
188 125101 125112 0
189 31356 31399 0
190 31372 31363 0
191 125188 125194 0
192 125152 125170 0
193 31412 31438 0
194 125135 125129 0
195 31380 31397 0
196 125182 125142 0
197 125157 125192 0
198 31412 31424 0
199 125162 125145 0
200 125106 125112 0
201 125145 125146 0
202 125101 125168 0
203 125109 125114 0
204 125142 125191 0
205 15798 15817 0
206 125107 125127 0
207 15770 15766 0
208 125139 125174 0
209 15757 15775 0
210 125142 125124 0
211 125133 125166 0
212 125134 125145 0
213 125197 125188 0
214 125114 125114 0
215 125156 125190 0
216 125133 125115 0
217 15726 15734 0
218 15735 15747 0
219 125149 125175 0
220 125167 125179 0
221 125118 125143 0
222 125197 125179 0
223 125171 125127 0
224 125170 125182 0
225 125189 125191 0
226 125138 125187 0
227 125102 125121 0
228 125102 125105 0
229 250163 250112 0
230 250126 250144 0
231 250199 250198 0
232 250161 250176 0
233 250133 250158 0
234 250125 250117 0
235 250162 250142 0
236 250164 250188 0
237 15791 15801 0
238 250173 250191 0
239 250136 250181 0
240 250156 250194 0
241 250142 250135 0
242 250150 250145 0
243 250102 250142 0
244 250139 250113 0
245 250158 250170 0
246 250156 250178 0
247 250173 250150 0
248 250140 250171 0
249 250177 250173 0
250 250113 250167 0
251 250182 250185 0
252 250153 250163 0
253 250182 250119 0
254 250123 250133 0
255 62657 62696 0
256 250135 250126 0
257 250153 250128 0
258 250142 250195 0
259 250188 250114 0
260 250104 250143 0
261 250167 250140 0
262 250160 250178 0
263 250190 250120 0
264 250132 250153 0
265 250185 250128 0
266 250133 250149 0
267 250188 250103 0
268 250171 250131 0
269 7932 7936 0
270 250115 250182 0
271 250142 250170 0
272 500156 500120 0
273 7969 7974 0
274 500168 500196 0
275 500194 500200 0
276 500135 500174 0
277 500120 500163 0
278 500154 500126 0
279 500148 500124 0
280 500173 500112 0
281 500193 500163 0
282 500107 500119 0
283 500150 500200 0
284 500104 500105 0
285 500145 500132 0
286 500106 500177 0
287 62652 62670 0
288 500136 500104 0
289 500108 500162 0
290 500146 500189 0
291 500151 500158 0
292 500184 500166 0
293 500164 500176 0
294 500181 500153 0
295 500117 500189 0
296 500106 500198 0
297 62664 62645 0
298 500110 500156 0
299 500140 500170 0
300 500126 500111 0
301 62679 62657 0
302 500145 500132 0
303 500196 500153 0
304 500154 500120 0
305 500187 500168 0
306 500161 500104 0
307 500111 500104 0
308 500106 500182 0
309 500177 500188 0
310 500116 500136 0
311 62619 62697 0
312 500124 500142 0
313 500196 500148 0
314 500187 500191 0
315 500124 500179 0
316 62653 62669 0
317 500181 500149 0
318 62612 62650 0
319 62626 62660 0
320 125191 125116 0
321 62672 62618 0
322 62651 62608 0
323 4022 4070 0
324 4007 4026 0
325 4028 4045 0
326 4008 4049 0
327 4024 4034 0
328 4008 4061 0
329 4012 4086 0
330 4082 4097 0
331 4039 4095 0
332 4068 4104 0
333 2062 2126 0
334 4015 4057 0
335 7915 8008 0
336 2056 2063 0
337 2127 2143 0
338 7918 8004 0
339 2065 2119 0
340 2096 2149 0
341 7918 7982 0
342 7949 8011 0
343 7938 7958 0
344 2084 2093 0
345 7946 7967 0
346 2093 2116 0
347 7921 8010 0
348 2135 2151 0
349 7961 7973 0
350 2057 2101 0
351 7917 7963 0
352 7944 8000 0
353 7962 7992 0
354 2136 2149 0
355 2101 2124 0
356 7968 8004 0
357 7939 8002 0
358 7941 7992 0
359 7990 8006 0
360 32 75 0
361 24 45 0
362 2134 2152 0
363 7961 7974 0
364 7955 7983 0
365 7957 8002 0
366 15734 15823 0
367 9 48 0
368 53 70 0
369 15762 15811 0
370 15761 15811 0
371 15775 15810 0
372 43 96 0
373 15783 15808 0
374 15757 15797 0
375 15730 15802 0
376 7 29 0
377 41 83 0
378 68 79 0
379 39 100 0
380 24 63 0
381 15733 15760 0
382 15744 15805 0
383 56 84 0
384 34 57 0
385 15798 15821 0
386 48 80 0
387 31360 31436 0
388 31368 31446 0
389 31371 31438 0
390 24 67 0
391 27 65 0
392 31365 31435 0
393 43 86 0
394 31358 31404 0
395 24 68 0
396 1 92 0
397 31376 31435 0
398 4031 4037 0
399 2055 2070 0
--------------
1000000 :c
1004486 :sum(p)
1000000 :sum(w)
