400 :n
id p,w,x
--------------
0 78 20 1
1 44 27 1
2 76 33 1
3 79 33 1
4 71 29 1
5 98 31 1
6 75 5 1
7 2147 2093 1
8 85 50 1
9 66 45 1
10 32 8 1
11 79 64 1
12 64 19 1
13 60 47 1
14 2123 2072 1
15 36 17 1
16 97 34 1
17 65 35 1
18 23 3 1
19 50 36 1
20 89 28 1
21 2143 2054 1
22 32 8 1
23 20 7 1
24 74 53 1
25 51 42 1
26 79 43 1
27 15794 15754 1
28 15796 15747 1
29 31445 31375 1
30 31444 31355 1
31 15790 15759 1
32 8004 7941 1
33 8001 7945 1
34 7955 7925 1
35 4043 4016 1
36 4083 4010 1
37 4094 4043 1
38 2141 2108 1
39 4082 4048 1
40 4065 4036 1
41 4074 4053 1
42 4062 4009 1
43 4046 4018 1
44 4033 4007 1
45 15795 15733 1
46 4097 4030 1
47 4079 4040 1
48 4096 4008 1
49 4100 4034 1
50 4086 4007 1
51 4076 4032 1
52 4099 4082 1
53 4093 4026 1
54 4083 4022 1
55 4094 4050 1
56 2126 2114 1
57 4089 4069 1
58 2102 2076 1
59 15818 15749 1
60 8005 7915 1
61 8005 7967 1
62 8002 7968 1
63 15806 15729 1
64 15812 15730 1
65 15802 15728 1
66 15802 15728 1
67 2144 2100 1
68 8007 7947 1
69 15825 15735 1
70 8007 7963 1
71 7999 7933 1
72 2115 2102 1
73 7962 7921 1
74 8002 7942 1
75 2103 2084 1
76 2109 2089 1
77 7992 7933 1
78 2112 2062 1
79 7973 7917 1
80 31436 31351 1
81 31437 31380 1
82 15799 15764 1
83 12 4 1
84 7 3 1
85 73 66 1
86 49 47 1
87 25 24 1
88 2145 2134 1
89 2074 2065 1
90 4066 4054 1
91 2092 2086 1
92 2077 2072 1
93 7998 7979 1
94 2125 2120 0
95 4050 4042 1
96 15803 15773 1
97 2132 2128 1
98 15776 15747 1
99 31423 31369 1
100 15781 15754 1
101 15806 15779 1
102 31423 31370 1
103 15792 15767 1
104 7988 7976 1
105 2135 2132 0
106 4023 4010 1
107 7977 7966 1
108 31412 31369 1
109 62698 62618 1
110 62700 62620 1
111 15809 15789 1
112 4018 4013 0
113 88 24 1
114 62685 62601 1
115 31411 31372 0
116 62693 62617 1
117 31398 31362 0
118 31444 31422 0
119 15801 15800 0
120 13 62 0
121 62690 62624 0
122 31425 31393 0
123 7987 7979 0
124 4044 4040 0
125 62683 62623 0
126 31420 31390 0
127 250197 250111 0
128 15747 15732 0
129 31390 31363 0
130 31435 31409 0
131 31438 31413 0
132 8006 8002 1
133 7945 7943 0
134 4013 4012 0
135 15755 15753 0
136 7935 7934 0
137 7959 7958 0
138 2063 2063 0
139 4077 4077 0
140 2118 2118 0
141 4077 4082 0
142 4072 4078 0
143 4072 4085 0
144 84 92 0
145 125188 125114 0
146 62677 62625 0
147 62680 62639 0
148 62659 62607 0
149 31423 31407 0
150 62666 62615 0
151 125187 125133 0
152 125175 125121 0
153 31439 31427 0
154 31428 31415 0
155 31436 31420 0
156 62657 62637 0
157 62659 62651 0
158 62606 62616 0
159 62606 62631 0
160 62640 62634 0
161 31358 31436 0
162 31413 31436 0
163 62620 62647 0
164 62610 62623 0
165 31417 31430 0
166 31436 31445 0
167 31367 31432 0
168 62674 62655 0
169 31363 31445 0
170 62622 62685 0
171 31394 31446 0
172 62662 62640 0
173 31375 31407 0
174 31381 31437 0
175 62644 62629 0
176 31432 31428 0
177 31354 31386 0
178 31433 31441 0
179 62668 62667 0
180 62602 62649 0
181 31352 31351 0
182 31392 31382 0
183 31389 31420 0
184 62700 62688 0
185 62677 62693 0
186 125171 125188 0
187 125179 125166 0
188 125199 125198 0
189 125136 125121 0
190 31395 31408 0
191 31392 31437 0
192 31365 31422 0
193 125138 125152 0
194 125194 125188 0
195 31410 31423 0
196 125118 125119 0
197 31361 31374 0
198 31371 31369 0
199 125128 125115 0
200 125153 125133 0
201 125181 125140 0
202 125155 125132 0
203 125129 125127 0
204 125144 125169 0
205 15732 15759 0
206 125171 125183 0
207 15748 15763 0
208 125152 125154 0
209 125115 125140 0
210 15764 15820 0
211 125154 125191 0
212 125150 125130 0
213 62632 62631 0
214 15731 15753 0
215 15748 15779 0
216 15758 15814 0
217 125159 125192 0
218 15735 15777 0
219 125108 125121 0
220 15738 15766 0
221 125151 125140 0
222 15728 15790 0
223 125110 125147 0
224 125153 125147 0
225 125133 125174 0
226 15761 15791 0
227 125117 125115 0
228 15767 15767 0
229 15787 15792 0
230 125144 125183 0
231 125101 125190 0
232 15736 15770 0
233 15753 15771 0
234 62651 62640 0
235 125177 125178 0
236 125173 125154 0
237 15743 15775 0
238 15800 15805 0
239 125147 125113 0
240 62669 62662 0
241 125124 125145 0
242 125142 125140 0
243 125192 125169 0
244 125141 125148 0
245 125174 125188 0
246 7936 7958 0
247 7928 7940 0
248 125146 125162 0
249 7938 7949 0
250 250190 250101 0
251 250158 250116 0
252 7923 7943 0
253 7969 7987 0
254 250140 250111 0
255 250117 250196 0
256 7944 7968 0
257 250137 250186 0
258 250180 250143 0
259 250172 250125 0
260 62690 62692 0
261 250133 250180 0
262 250157 250173 0
263 62610 62628 0
264 7988 8006 0
265 250123 250195 0
266 7916 7934 0
267 250182 250109 0
268 250200 250170 0
269 250155 250153 0
270 250183 250110 0
271 250111 250103 0
272 62623 62606 0
273 250178 250187 0
274 7939 7966 0
275 250162 250174 0
276 250190 250168 0
277 250137 250183 0
278 250181 250129 0
279 250167 250118 0
280 250182 250167 0
281 250187 250191 0
282 250160 250154 0
283 250150 250176 0
284 250194 250153 0
285 250114 250170 0
286 250105 250192 0
287 250158 250147 0
288 250101 250157 0
289 250187 250169 0
290 250181 250124 0
291 250160 250133 0
292 250144 250166 0
293 250178 250183 0
294 250131 250105 0
295 250107 250195 0
296 250126 250169 0
297 250119 250160 0
298 500109 500148 0
299 500181 500117 0
300 500174 500148 0
301 62650 62660 0
302 500175 500128 0
303 500105 500172 0
304 500102 500185 0
305 500146 500134 0
306 500191 500150 0
307 500166 500114 0
308 500152 500145 0
309 500125 500111 0
310 62641 62619 0
311 500110 500151 0
312 500136 500179 0
313 4007 4024 0
314 62616 62609 0
315 62686 62668 0
316 62613 62610 0
317 500143 500185 0
318 500111 500183 0
319 500173 500183 0
320 500164 500157 0
321 500199 500141 0
322 500148 500178 0
323 500186 500145 0
324 500130 500197 0
325 500148 500153 0
326 500150 500163 0
327 500123 500114 0
328 500114 500103 0
329 500180 500166 0
330 500134 500192 0
331 500140 500161 0
332 500145 500197 0
333 500190 500157 0
334 500126 500168 0
335 500189 500163 0
336 500166 500141 0
337 500194 500165 0
338 500141 500133 0
339 500145 500178 0
340 62604 62659 0
341 500152 500163 0
342 62667 62694 0
343 500142 500148 0
344 500104 500154 0
345 500121 500171 0
346 62680 62700 0
347 62623 62652 0
348 125188 125126 0
349 2061 2108 0
350 2094 2129 0
351 2093 2102 0
352 2119 2144 0
353 2077 2145 0
354 2058 2125 0
355 2102 2149 0
356 2072 2096 0
357 2077 2099 0
358 2092 2152 0
359 29 84 0
360 2110 2128 0
361 2080 2131 0
362 2071 2086 0
363 68 85 0
364 2066 2115 0
365 2122 2139 0
366 2059 2097 0
367 2102 2112 0
368 2079 2132 0
369 4041 4063 0
370 4017 4079 0
371 4035 4071 0
372 4023 4060 0
373 32 85 0
374 4025 4055 0
375 4025 4070 0
376 4040 4104 0
377 25 35 0
378 4043 4100 0
379 4072 4093 0
380 7920 7963 0
381 7933 8001 0
382 68 93 0
383 7929 7977 0
384 7919 7992 0
385 7945 8000 0
386 7921 7991 0
387 5 41 0
388 7929 7974 0
389 7923 7971 0
390 7915 8011 0
391 6 21 0
392 7968 8002 0
393 15734 15819 0
394 15739 15818 0
395 15736 15822 0
396 4 59 0
397 15752 15819 0
398 2103 2149 0
399 2107 2146 0
--------------
1000000 :c
1004660 :sum(p)
1000000 :sum(w)
