400 :n
id p,w,x
--------------
0 2122 2066 1
1 2090 2056 1
2 4056 4010 1
3 4088 4023 1
4 4104 4058 1
5 39 6 1
6 4090 4035 1
7 4089 4007 1
8 4089 4018 1
9 73 58 1
10 4087 4050 1
11 73 43 1
12 59 28 1
13 4067 4021 1
14 4086 4036 1
15 78 13 1
16 2144 2077 1
17 4072 4027 1
18 2125 2105 1
19 2148 2059 1
20 84 8 1
21 2080 2055 1
22 58 32 1
23 51 20 1
24 2129 2071 1
25 2152 2083 1
26 2113 2059 1
27 2112 2075 1
28 2140 2113 1
29 2149 2068 1
30 2128 2102 1
31 2127 2078 1
32 75 12 1
33 98 39 1
34 2152 2095 1
35 2127 2056 1
36 44 16 1
37 83 58 1
38 4084 4049 1
39 4043 4018 1
40 31428 31361 1
41 4070 4048 1
42 4045 4012 1
43 4098 4062 1
44 31447 31370 1
45 15804 15767 1
46 15815 15766 1
47 15812 15760 1
48 15818 15765 1
49 15818 15783 1
50 4069 4040 1
51 15794 15730 1
52 31444 31364 1
53 4106 4078 1
54 15825 15757 1
55 31441 31370 1
56 15801 15765 1
57 15807 15767 1
58 8004 7939 1
59 7957 7917 1
60 7986 7936 1
61 8010 7952 1
62 7975 7935 1
63 8010 7988 1
64 8009 7980 1
65 2098 2080 1
66 8003 7962 1
67 7984 7948 1
68 66 57 1
69 62 56 1
70 79 74 1
71 2102 2087 1
72 2140 2128 1
73 2093 2084 1
74 4103 4087 1
75 4083 4071 1
76 4085 4073 1
77 2133 2128 1
78 31426 31364 1
79 31447 31391 1
80 7945 7931 1
81 7951 7938 1
82 7996 7984 1
83 2116 2113 1
84 15807 15785 1
85 15821 15799 1
86 31403 31361 1
87 15800 15780 0
88 31414 31377 1
89 62693 62620 1
90 31444 31410 1
91 62694 62628 1
92 31404 31371 1
93 15802 15786 1
94 66 27 1
95 62672 62604 1
96 15790 15752 1
97 7992 7981 1
98 62694 62644 0
99 31395 31371 1
100 31420 31446 0
101 31417 31440 0
102 15766 15773 0
103 15777 15765 0
104 7940 7934 0
105 62666 62621 0
106 31404 31382 1
107 125189 125104 0
108 62664 62623 0
109 62647 62611 0
110 62647 62611 0
111 15752 15743 0
112 62641 62607 0
113 31411 31394 0
114 31408 31392 0
115 7936 7932 0
116 31390 31375 0
117 2131 2130 0
118 15802 15795 0
119 15810 15803 0
120 15763 15757 0
121 15773 15767 0
122 15729 15727 0
123 15788 15786 0
124 7934 7933 0
125 2076 2076 0
126 4039 4040 0
127 4039 4040 0
128 2056 2057 0
129 7917 7921 0
130 8000 8006 0
131 7978 7984 0
132 2054 2057 0
133 4011 4019 0
134 2073 2080 0
135 2140 2149 0
136 2143 2153 0
137 74 75 1
138 82 84 0
139 20 22 0
140 20 23 0
141 8 15 0
142 250149 250119 0
143 62682 62654 0
144 125138 125134 0
145 500125 500105 0
146 250182 250176 0
147 500115 500111 0
148 125172 125146 0
149 62681 62652 0
150 500180 500133 0
151 250144 250140 0
152 250160 250159 0
153 62696 62690 0
154 62617 62607 0
155 500140 500111 0
156 62676 62649 0
157 250188 250153 0
158 500171 500122 0
159 125129 125125 0
160 500145 500125 0
161 125159 125138 0
162 250169 250152 0
163 125109 125105 0
164 125151 125102 0
165 500128 500129 0
166 500189 500101 0
167 250164 250146 0
168 500155 500127 0
169 500173 500106 0
170 125164 125117 0
171 125116 125104 0
172 250151 250138 0
173 500184 500153 0
174 250150 250125 0
175 500185 500115 0
176 500177 500124 0
177 500161 500131 0
178 125192 125123 0
179 125175 125101 0
180 250155 250108 0
181 125136 125136 0
182 250179 250102 0
183 125169 125126 0
184 31365 31358 0
185 125147 125132 0
186 500186 500116 0
187 125186 125186 0
188 250119 250103 0
189 250175 250166 0
190 250200 250114 0
191 500164 500160 0
192 125186 125175 0
193 250180 250173 0
194 500174 500177 0
195 250134 250111 0
196 250134 250101 0
197 500170 500109 0
198 500159 500160 0
199 500163 500132 0
200 125190 125109 0
201 62633 62609 0
202 125174 125119 0
203 250185 250185 0
204 500200 500108 0
205 250138 250116 0
206 500185 500167 0
207 62622 62613 0
208 250192 250173 0
209 500118 500109 0
210 500162 500135 0
211 62644 62618 0
212 125193 125185 0
213 125194 125144 0
214 62651 62645 0
215 250147 250136 0
216 500182 500166 0
217 15742 15799 0
218 15810 15819 0
219 15729 15784 0
220 15764 15809 0
221 15773 15810 0
222 31359 31371 0
223 15768 15801 0
224 31413 31438 0
225 31370 31374 0
226 31355 31411 0
227 15744 15745 0
228 15765 15789 0
229 15745 15822 0
230 31358 31409 0
231 31366 31386 0
232 31353 31373 0
233 15802 15823 0
234 31361 31421 0
235 31366 31406 0
236 31365 31369 0
237 62601 62610 0
238 15749 15823 0
239 62629 62688 0
240 7944 7980 0
241 7940 7972 0
242 7943 7965 0
243 7957 8004 0
244 15744 15755 0
245 7944 8009 0
246 7930 7987 0
247 7955 7991 0
248 62628 62668 0
249 7919 7990 0
250 62641 62678 0
251 31415 31448 0
252 31355 31435 0
253 7922 7994 0
254 62608 62621 0
255 7957 8001 0
256 7994 8004 0
257 62645 62662 0
258 62655 62688 0
259 62648 62652 0
260 7956 7988 0
261 62602 62700 0
262 62612 62643 0
263 62639 62679 0
264 7941 8010 0
265 62633 62673 0
266 7973 7996 0
267 62610 62643 0
268 62651 62653 0
269 62637 62670 0
270 7975 8010 0
271 7917 7988 0
272 62615 62628 0
273 7967 7987 0
274 7969 7997 0
275 7989 7997 0
276 62632 62697 0
277 7965 7983 0
278 7995 8002 0
279 62605 62680 0
280 62612 62684 0
281 62620 62676 0
282 62638 62667 0
283 62604 62641 0
284 125112 125113 0
285 4045 4099 0
286 4042 4081 0
287 125108 125117 0
288 125116 125121 0
289 4020 4078 0
290 4033 4063 0
291 125125 125189 0
292 125145 125169 0
293 4040 4053 0
294 31368 31418 0
295 4016 4046 0
296 4008 4026 0
297 31355 31396 0
298 125101 125159 0
299 15737 15741 0
300 125127 125165 0
301 125115 125179 0
302 4085 4097 0
303 4091 4102 0
304 4050 4060 0
305 4008 4025 0
306 125120 125199 0
307 125168 125172 0
308 4022 4041 0
309 4036 4062 0
310 125121 125168 0
311 4025 4084 0
312 125165 125175 0
313 125119 125153 0
314 4054 4070 0
315 125156 125167 0
316 4015 4079 0
317 4033 4102 0
318 125111 125132 0
319 125124 125153 0
320 2140 2151 0
321 2085 2131 0
322 2111 2132 0
323 125104 125175 0
324 125103 125113 0
325 2055 2070 0
326 2107 2146 0
327 2104 2151 0
328 2134 2146 0
329 125113 125152 0
330 125131 125155 0
331 250152 250187 0
332 250117 250132 0
333 250101 250197 0
334 250107 250145 0
335 2055 2087 0
336 250179 250196 0
337 250122 250184 0
338 250154 250193 0
339 31383 31386 0
340 31354 31383 0
341 250108 250155 0
342 250116 250149 0
343 250116 250147 0
344 250131 250173 0
345 250136 250163 0
346 250146 250153 0
347 250186 250190 0
348 15765 15814 0
349 31405 31427 0
350 250128 250182 0
351 2077 2130 0
352 250144 250177 0
353 2073 2096 0
354 2129 2145 0
355 31413 31442 0
356 250129 250153 0
357 250119 250189 0
358 250173 250182 0
359 500103 500127 0
360 44 89 0
361 500146 500157 0
362 12 93 0
363 2 73 0
364 30 49 0
365 15809 15820 0
366 500156 500198 0
367 10 62 0
368 10 43 0
369 500172 500195 0
370 500138 500176 0
371 500101 500124 0
372 17 76 0
373 69 89 0
374 500154 500200 0
375 500143 500189 0
376 40 68 0
377 31401 31415 0
378 500129 500167 0
379 11 48 0
380 15792 15813 0
381 500154 500199 0
382 500180 500188 0
383 31363 31417 0
384 4 24 0
385 16 32 0
386 15781 15824 0
387 500173 500186 0
388 17 39 0
389 41 66 0
390 3 68 0
391 500121 500142 0
392 49 82 0
393 50 98 0
394 14 52 0
395 33 57 0
396 500146 500160 0
397 500152 500181 0
398 31388 31448 0
399 31387 31449 0
--------------
1000000 :c
1003988 :sum(p)
1000000 :sum(w)
