400 :n
id p,w,x
--------------
0 2144 2072 1
1 4090 4052 1
2 2107 2079 1
3 2124 2081 1
4 8007 7969 1
5 83 21 1
6 7993 7957 1
7 60 18 1
8 94 25 1
9 7952 7924 1
10 2116 2094 1
11 7978 7937 1
12 47 19 1
13 31 4 1
14 7974 7941 1
15 4068 4039 1
16 91 60 1
17 7991 7945 1
18 72 10 1
19 93 66 1
20 58 28 1
21 99 50 1
22 4049 4022 1
23 91 40 1
24 51 8 1
25 50 2 1
26 4101 4071 1
27 4083 4037 1
28 2096 2075 1
29 8004 7926 1
30 7985 7926 1
31 7984 7955 1
32 8006 7917 1
33 4088 4029 1
34 15796 15736 1
35 2101 2079 1
36 4077 4024 1
37 4101 4041 1
38 15794 15735 1
39 2136 2113 1
40 15809 15745 1
41 2087 2063 1
42 2120 2087 1
43 2098 2055 1
44 2142 2094 1
45 2115 2082 1
46 2140 2104 1
47 15822 15765 1
48 4104 4043 1
49 7976 7942 1
50 4091 4051 1
51 4083 4023 1
52 4080 4033 1
53 4087 4054 1
54 4065 4038 1
55 2132 2070 1
56 7993 7957 1
57 2110 2067 1
58 8002 7965 1
59 2141 2072 1
60 15793 15755 1
61 15794 15743 1
62 15816 15777 1
63 31450 31384 1
64 15803 15766 1
65 31428 31360 1
66 31442 31377 1
67 31448 31386 1
68 31438 31380 1
69 31448 31389 1
70 31428 31357 1
71 15779 15742 1
72 30 25 1
73 88 75 1
74 85 79 1
75 57 55 0
76 67 65 1
77 2148 2131 1
78 2127 2111 1
79 2067 2056 1
80 2144 2133 1
81 2129 2120 1
82 4033 4019 1
83 7981 7956 1
84 4027 4015 1
85 4044 4032 1
86 7949 7928 1
87 7945 7925 1
88 4105 4095 1
89 8010 7991 1
90 2081 2077 0
91 15795 15771 1
92 31447 31403 1
93 15797 15775 1
94 31411 31369 1
95 8007 7993 0
96 15819 15798 1
97 4034 4029 0
98 15802 15783 0
99 62691 62618 1
100 7961 7924 1
101 62687 62614 1
102 62673 62601 1
103 31428 31392 0
104 62686 62618 1
105 15764 15747 1
106 31449 31417 0
107 15819 15803 0
108 35 86 0
109 62673 62607 0
110 31433 31401 0
111 2102 2100 0
112 15789 15774 0
113 87 99 0
114 31419 31393 0
115 31413 31388 0
116 62676 62627 0
117 62683 62637 0
118 62669 62624 0
119 62669 62624 0
120 15784 15773 0
121 62693 62652 0
122 62660 62620 0
123 7927 7922 0
124 15785 15776 0
125 125178 125113 0
126 15803 15795 0
127 62657 62626 0
128 31396 31382 0
129 125173 125121 0
130 31397 31384 0
131 62656 62631 0
132 125197 125153 0
133 125177 125134 0
134 125154 125113 0
135 15755 15750 0
136 250194 250117 0
137 62698 62679 0
138 31387 31378 0
139 62620 62603 0
140 250183 250121 0
141 62644 62629 0
142 31430 31423 0
143 250199 250145 0
144 125172 125146 0
145 125193 125167 0
146 125143 125119 0
147 62613 62603 0
148 250167 250128 0
149 125149 125130 0
150 125192 125173 0
151 500182 500107 0
152 125119 125101 0
153 500191 500123 0
154 125165 125148 0
155 500198 500131 0
156 15771 15769 0
157 500188 500126 0
158 250159 250128 0
159 125161 125147 0
160 500158 500103 0
161 500194 500139 0
162 250171 250145 0
163 125187 125174 0
164 250195 250170 0
165 500167 500119 0
166 250157 250135 0
167 250188 250166 0
168 125182 125171 0
169 500170 500127 0
170 250170 250149 0
171 125115 125105 0
172 62663 62658 0
173 125159 125150 0
174 500159 500125 0
175 250161 250144 0
176 250163 250146 0
177 250175 250158 0
178 125144 125136 0
179 500142 500111 0
180 500143 500114 0
181 500153 500124 0
182 500127 500101 0
183 62657 62654 0
184 500200 500177 0
185 500200 500178 0
186 250150 250139 0
187 250163 250152 0
188 125121 125116 0
189 250162 250153 0
190 62675 62673 0
191 250199 250192 0
192 500133 500123 0
193 2153 2153 1
194 7987 7988 0
195 2056 2058 0
196 2127 2130 0
197 4069 4076 0
198 4039 4046 0
199 2111 2115 0
200 2134 2140 0
201 2103 2109 0
202 2125 2134 0
203 2062 2071 0
204 2061 2070 0
205 30 33 0
206 49 56 0
207 51 59 0
208 31 39 0
209 26 33 0
210 25 33 0
211 26 40 0
212 15739 15798 0
213 15763 15784 0
214 15751 15760 0
215 31368 31405 0
216 31371 31407 0
217 31364 31398 0
218 31375 31436 0
219 15734 15762 0
220 31360 31391 0
221 31352 31422 0
222 62635 62668 0
223 15742 15767 0
224 62637 62677 0
225 62629 62655 0
226 62637 62643 0
227 62651 62650 0
228 15752 15817 0
229 62640 62653 0
230 15746 15802 0
231 15747 15813 0
232 15755 15806 0
233 15743 15776 0
234 62628 62692 0
235 15750 15810 0
236 62624 62685 0
237 15738 15748 0
238 15741 15816 0
239 62607 62669 0
240 7943 7965 0
241 7919 7952 0
242 62613 62687 0
243 62624 62672 0
244 7946 7976 0
245 62606 62695 0
246 62657 62698 0
247 62612 62651 0
248 62607 62607 0
249 62671 62674 0
250 7915 7958 0
251 62625 62680 0
252 62629 62656 0
253 62629 62663 0
254 7943 7979 0
255 62654 62698 0
256 7960 7969 0
257 7919 7973 0
258 7937 7993 0
259 125182 125191 0
260 125170 125176 0
261 125131 125160 0
262 7977 7987 0
263 7979 7994 0
264 7935 7957 0
265 7977 7998 0
266 7944 7968 0
267 125135 125159 0
268 7941 7980 0
269 7955 8007 0
270 125112 125151 0
271 15735 15758 0
272 7970 8002 0
273 7916 7980 0
274 125157 125196 0
275 7920 7987 0
276 125136 125136 0
277 125139 125167 0
278 7917 7926 0
279 4022 4093 0
280 125118 125134 0
281 4008 4044 0
282 125140 125186 0
283 15750 15796 0
284 125126 125133 0
285 4010 4041 0
286 125162 125165 0
287 15730 15809 0
288 4056 4074 0
289 125106 125123 0
290 125135 125139 0
291 125116 125163 0
292 4037 4084 0
293 125136 125184 0
294 125178 125190 0
295 4019 4034 0
296 4039 4055 0
297 4022 4089 0
298 4023 4061 0
299 125107 125120 0
300 4029 4062 0
301 125168 125184 0
302 4036 4055 0
303 125167 125183 0
304 125147 125167 0
305 250148 250145 0
306 250123 250124 0
307 4040 4058 0
308 4077 4099 0
309 250133 250165 0
310 4034 4084 0
311 4045 4088 0
312 4008 4026 0
313 250111 250175 0
314 4011 4067 0
315 250129 250141 0
316 4061 4094 0
317 250134 250159 0
318 4047 4061 0
319 250154 250172 0
320 15773 15796 0
321 2098 2141 0
322 250198 250197 0
323 31364 31421 0
324 250161 250194 0
325 250125 250179 0
326 250134 250139 0
327 250118 250172 0
328 31389 31412 0
329 250128 250139 0
330 250102 250124 0
331 31404 31449 0
332 2070 2140 0
333 250173 250191 0
334 250101 250125 0
335 2097 2114 0
336 250174 250191 0
337 2061 2081 0
338 2075 2129 0
339 2083 2132 0
340 31357 31419 0
341 31424 31448 0
342 250119 250168 0
343 250134 250131 0
344 250102 250155 0
345 250150 250152 0
346 250102 250153 0
347 2081 2142 0
348 250174 250188 0
349 15759 15815 0
350 500131 500194 0
351 500161 500185 0
352 500178 500183 0
353 500140 500198 0
354 2092 2107 0
355 500108 500172 0
356 15749 15774 0
357 31372 31378 0
358 500111 500106 0
359 500118 500177 0
360 500120 500166 0
361 500101 500195 0
362 500104 500196 0
363 500144 500173 0
364 500107 500163 0
365 31379 31448 0
366 31352 31364 0
367 500141 500164 0
368 39 86 0
369 31423 31431 0
370 500177 500176 0
371 31405 31430 0
372 37 59 0
373 1 57 0
374 500141 500168 0
375 500120 500200 0
376 500152 500155 0
377 31352 31433 0
378 500167 500178 0
379 31376 31412 0
380 500115 500195 0
381 2 19 0
382 22 80 0
383 500159 500183 0
384 42 75 0
385 500126 500195 0
386 71 99 0
387 34 87 0
388 500127 500144 0
389 500106 500178 0
390 8 82 0
391 20 46 0
392 31373 31396 0
393 5 72 0
394 22 47 0
395 4 58 0
396 500109 500168 0
397 31406 31406 0
398 31370 31395 0
399 31361 31411 0
--------------
1000000 :c
1003992 :sum(p)
1000000 :sum(w)
