400 :n
id p,w,x
--------------
0 4105 4033 1
1 4049 4018 1
2 7990 7926 1
3 84 45 1
4 31442 31383 1
5 4088 4058 1
6 31449 31377 1
7 78 46 1
8 78 27 1
9 70 14 1
10 7990 7964 1
11 100 19 1
12 31448 31387 1
13 31447 31359 1
14 7992 7918 1
15 7996 7928 1
16 73 28 1
17 94 37 1
18 4067 4020 1
19 31440 31370 1
20 4074 4042 1
21 15806 15737 1
22 44 9 1
23 4071 4036 1
24 73 48 1
25 15806 15752 1
26 88 69 1
27 15821 15734 1
28 8001 7951 1
29 71 45 1
30 50 26 1
31 79 12 1
32 7996 7917 1
33 91 29 1
34 4078 4018 1
35 71 14 1
36 71 27 1
37 31448 31397 1
38 4048 4021 1
39 2151 2122 1
40 4066 4023 1
41 4098 4065 1
42 2135 2060 1
43 2141 2068 1
44 4101 4039 1
45 2138 2060 1
46 8012 7975 1
47 8012 7958 1
48 4065 4040 1
49 2097 2071 1
50 2151 2129 1
51 2131 2069 1
52 4066 4030 1
53 15816 15727 1
54 4104 4070 1
55 7985 7951 1
56 4097 4033 1
57 4085 4049 1
58 7996 7955 1
59 15824 15781 1
60 2121 2070 1
61 2144 2084 1
62 2150 2087 1
63 15793 15734 1
64 8005 7932 1
65 7994 7952 1
66 7986 7934 1
67 62695 62603 1
68 36 24 1
69 74 65 1
70 30 29 0
71 2144 2128 1
72 2135 2121 1
73 2121 2109 1
74 2071 2060 1
75 2128 2117 1
76 2074 2064 1
77 4026 4008 1
78 4061 4047 1
79 4067 4054 1
80 2126 2120 0
81 7986 7964 1
82 4062 4051 0
83 4093 4082 1
84 2092 2087 0
85 8011 7997 1
86 4082 4075 1
87 7940 7928 1
88 7982 7970 1
89 15768 15745 1
90 15768 15745 1
91 15781 15758 1
92 7925 7915 1
93 15795 15776 1
94 31434 31398 1
95 31442 31406 1
96 7993 7984 1
97 31422 31389 1
98 7960 7932 1
99 15804 15788 1
100 62700 62637 1
101 62697 62635 1
102 2071 2069 0
103 15785 15746 1
104 31412 31361 1
105 15757 15733 1
106 2091 2089 0
107 15742 15727 1
108 15821 15806 0
109 4103 4105 0
110 2128 2127 0
111 72 94 0
112 62690 62636 0
113 31399 31372 0
114 62650 62608 0
115 31437 31417 0
116 31432 31431 0
117 15813 15803 0
118 125192 125114 0
119 125182 125107 0
120 125192 125117 0
121 15755 15746 0
122 125199 125131 0
123 7951 7947 0
124 7990 7986 0
125 62688 62657 0
126 4067 4065 0
127 125173 125112 0
128 62648 62618 0
129 31387 31372 0
130 62692 62664 0
131 15774 15768 0
132 62650 62630 0
133 15820 15815 0
134 62622 62603 0
135 31421 31412 0
136 62667 62657 0
137 31393 31388 0
138 31362 31358 0
139 15820 15818 0
140 62638 62631 0
141 62663 62658 0
142 62672 62667 0
143 62672 62668 0
144 15824 15823 0
145 7992 7994 0
146 7929 7931 0
147 4071 4073 0
148 4085 4090 0
149 4036 4043 0
150 4019 4028 0
151 2083 2089 0
152 2121 2130 0
153 2069 2079 0
154 32 35 0
155 81 91 0
156 67 80 0
157 10 12 0
158 65 79 0
159 13 23 0
160 500184 500124 0
161 250191 250113 0
162 500174 500124 0
163 250150 250116 0
164 500156 500125 0
165 125192 125178 0
166 500194 500111 0
167 500178 500141 0
168 125195 125141 0
169 500185 500147 0
170 500191 500152 0
171 125183 125127 0
172 500181 500115 0
173 500196 500136 0
174 500187 500103 0
175 500172 500144 0
176 500177 500121 0
177 125168 125124 0
178 500134 500104 0
179 500166 500122 0
180 500169 500131 0
181 500191 500102 0
182 500199 500112 0
183 500198 500129 0
184 125153 125118 0
185 125173 125135 0
186 125127 125119 0
187 125187 125138 0
188 125137 125121 0
189 250188 250122 0
190 250160 250133 0
191 250169 250130 0
192 250158 250141 0
193 250189 250169 0
194 250198 250168 0
195 250189 250140 0
196 250149 250117 0
197 250198 250172 0
198 250161 250106 0
199 250198 250159 0
200 250173 250153 0
201 500149 500101 0
202 250159 250127 0
203 500179 500108 0
204 31373 31392 0
205 15762 15810 0
206 15738 15757 0
207 15738 15803 0
208 15745 15802 0
209 31372 31441 0
210 31427 31439 0
211 15760 15815 0
212 31381 31431 0
213 31429 31442 0
214 15748 15751 0
215 31364 31412 0
216 31411 31441 0
217 31351 31360 0
218 15749 15754 0
219 15728 15773 0
220 62615 62642 0
221 62642 62650 0
222 62609 62642 0
223 15745 15786 0
224 15792 15793 0
225 15778 15800 0
226 62650 62671 0
227 62629 62647 0
228 15737 15790 0
229 62602 62618 0
230 15731 15793 0
231 15773 15788 0
232 62610 62676 0
233 62605 62643 0
234 62687 62699 0
235 62621 62620 0
236 62632 62659 0
237 15770 15825 0
238 15752 15778 0
239 7979 7994 0
240 62643 62687 0
241 7982 7999 0
242 7915 7978 0
243 62606 62623 0
244 7930 7967 0
245 7972 8012 0
246 62684 62682 0
247 62625 62678 0
248 62622 62700 0
249 7936 7985 0
250 62625 62657 0
251 62609 62677 0
252 62640 62668 0
253 7938 7960 0
254 62645 62685 0
255 7950 7974 0
256 62631 62674 0
257 62602 62659 0
258 15799 15812 0
259 7914 7929 0
260 62620 62633 0
261 62635 62685 0
262 7928 7964 0
263 62637 62671 0
264 125132 125161 0
265 125174 125188 0
266 7919 7930 0
267 15742 15818 0
268 7915 7927 0
269 125134 125128 0
270 7919 7940 0
271 7951 7960 0
272 125126 125198 0
273 7927 7977 0
274 125119 125152 0
275 125170 125163 0
276 125114 125120 0
277 125149 125150 0
278 7944 7952 0
279 125104 125180 0
280 4029 4093 0
281 125111 125148 0
282 125155 125156 0
283 4054 4103 0
284 125130 125163 0
285 125129 125167 0
286 4060 4098 0
287 4015 4052 0
288 125127 125123 0
289 4029 4069 0
290 125115 125147 0
291 125101 125153 0
292 125179 125199 0
293 125127 125168 0
294 125112 125106 0
295 125153 125152 0
296 4014 4086 0
297 4018 4095 0
298 125170 125189 0
299 125188 125181 0
300 4013 4087 0
301 125156 125187 0
302 125111 125145 0
303 125154 125166 0
304 31353 31363 0
305 4015 4069 0
306 15789 15804 0
307 4010 4052 0
308 125112 125137 0
309 4011 4024 0
310 31394 31447 0
311 4060 4098 0
312 31358 31367 0
313 250127 250180 0
314 250130 250164 0
315 250184 250178 0
316 250136 250157 0
317 31364 31433 0
318 250131 250157 0
319 250179 250165 0
320 2055 2137 0
321 2059 2080 0
322 250120 250136 0
323 250128 250182 0
324 2055 2109 0
325 250168 250192 0
326 2055 2125 0
327 2055 2136 0
328 250125 250190 0
329 2076 2100 0
330 250116 250174 0
331 2059 2122 0
332 250142 250187 0
333 31376 31384 0
334 250130 250190 0
335 31415 31440 0
336 250109 250134 0
337 2059 2084 0
338 250188 250181 0
339 2064 2145 0
340 31373 31412 0
341 2060 2086 0
342 250144 250166 0
343 250134 250187 0
344 250110 250186 0
345 2062 2113 0
346 2092 2119 0
347 250116 250124 0
348 2067 2150 0
349 250138 250187 0
350 250144 250165 0
351 2115 2148 0
352 2093 2129 0
353 250101 250155 0
354 250148 250151 0
355 2095 2153 0
356 250106 250144 0
357 250114 250148 0
358 500125 500198 0
359 3 60 0
360 500161 500196 0
361 31352 31382 0
362 31391 31425 0
363 38 60 0
364 500163 500172 0
365 44 97 0
366 500163 500175 0
367 500119 500187 0
368 500124 500148 0
369 500148 500145 0
370 13 39 0
371 25 66 0
372 60 93 0
373 500103 500144 0
374 26 65 0
375 500132 500140 0
376 500166 500152 0
377 56 89 0
378 4 47 0
379 5 60 0
380 500137 500150 0
381 500162 500152 0
382 500127 500184 0
383 500125 500111 0
384 500187 500189 0
385 500129 500167 0
386 31412 31432 0
387 2 87 0
388 14 98 0
389 31407 31437 0
390 500142 500119 0
391 500124 500137 0
392 31373 31397 0
393 40 89 0
394 31375 31425 0
395 500196 500180 0
396 500102 500154 0
397 2 94 0
398 31410 31420 0
399 31416 31440 0
--------------
1000000 :c
1004242 :sum(p)
1000000 :sum(w)
