400 :n
id p,w,x
--------------
0 15825 15726 1
1 2134 2075 1
2 2126 2054 1
3 2147 2055 1
4 2119 2071 1
5 31445 31352 1
6 4092 4040 1
7 15814 15743 1
8 15810 15733 1
9 2152 2093 1
10 75 9 1
11 4078 4025 1
12 2128 2071 1
13 4099 4031 1
14 86 30 1
15 4071 4016 1
16 8006 7946 1
17 92 16 1
18 7998 7945 1
19 89 2 1
20 7997 7929 1
21 56 9 1
22 15805 15739 1
23 7999 7942 1
24 7983 7928 1
25 47 10 1
26 36 13 1
27 76 31 1
28 51 23 1
29 94 51 1
30 81 44 1
31 84 52 1
32 63 39 1
33 66 42 1
34 95 61 1
35 90 60 1
36 30 20 1
37 92 64 1
38 55 52 1
39 80 76 1
40 2145 2108 1
41 2096 2060 1
42 2117 2081 1
43 2136 2100 1
44 2107 2073 1
45 2091 2059 1
46 2132 2101 1
47 2129 2103 1
48 99 98 1
49 2087 2066 1
50 2152 2131 1
51 4104 4064 1
52 4088 4053 1
53 4049 4018 1
54 4033 4009 1
55 8010 7972 1
56 7986 7950 1
57 4078 4060 1
58 7957 7923 1
59 15808 15749 1
60 15784 15727 1
61 4037 4023 1
62 7993 7968 1
63 4051 4039 1
64 7955 7932 1
65 2078 2072 1
66 2149 2143 1
67 7996 7974 1
68 4093 4082 1
69 15805 15766 1
70 2101 2096 1
71 15794 15757 1
72 31443 31372 1
73 15799 15765 1
74 15815 15781 1
75 7965 7948 1
76 15801 15768 1
77 15792 15761 1
78 4044 4038 1
79 31446 31401 1
80 62700 62612 1
81 7965 7954 1
82 62697 62612 1
83 15747 15727 1
84 15760 15740 1
85 7959 7949 1
86 31426 31387 1
87 4039 4034 1
88 4082 4077 1
89 31426 31389 1
90 8012 8003 1
91 31397 31360 1
92 15765 15748 1
93 62698 62631 1
94 31441 31408 1
95 31413 31381 1
96 15788 15772 0
97 40 8 1
98 62676 62601 1
99 7996 7988 1
100 62682 62626 0
101 62688 62635 0
102 15815 15816 0
103 15814 15814 0
104 15749 15824 0
105 15804 15790 1
106 31398 31372 0
107 31386 31362 0
108 7990 7984 1
109 4019 4016 1
110 2144 2144 1
111 62693 62647 0
112 125196 125111 0
113 15756 15746 0
114 62663 62625 0
115 62694 62658 0
116 31369 31351 0
117 62683 62649 0
118 62674 62641 0
119 62664 62634 0
120 2111 2110 0
121 31396 31382 0
122 62672 62646 0
123 62642 62618 0
124 62699 62678 0
125 31412 31402 0
126 31359 31351 0
127 31398 31390 0
128 4046 4045 1
129 31432 31425 0
130 31448 31441 0
131 31379 31376 0
132 7913 7914 0
133 4026 4031 0
134 4010 4015 0
135 2115 2121 0
136 82 92 0
137 16 19 0
138 3 4 0
139 125189 125142 0
140 125162 125101 0
141 125174 125130 0
142 250191 250110 0
143 250148 250104 0
144 250131 250103 0
145 62686 62669 0
146 500198 500143 0
147 250175 250110 0
148 500186 500116 0
149 500164 500112 0
150 500169 500116 0
151 250183 250114 0
152 62633 62618 0
153 62622 62612 0
154 125195 125182 0
155 500191 500143 0
156 250155 250122 0
157 250144 250112 0
158 62662 62647 0
159 500167 500118 0
160 250191 250128 0
161 125130 125100 0
162 125178 125151 0
163 62648 62635 0
164 500197 500140 0
165 250169 250123 0
166 250187 250140 0
167 125158 125120 0
168 250177 250141 0
169 250154 250143 0
170 250155 250133 0
171 250104 250101 0
172 250132 250110 0
173 250166 250145 0
174 125147 125138 0
175 250178 250166 0
176 125170 125159 0
177 250174 250174 0
178 250145 250131 0
179 500126 500107 0
180 500135 500101 0
181 500172 500150 0
182 500154 500141 0
183 500120 500118 0
184 500188 500146 0
185 500170 500129 0
186 500136 500120 0
187 500166 500146 0
188 500158 500140 0
189 500151 500126 0
190 500115 500111 0
191 500186 500175 0
192 500175 500137 0
193 500136 500103 0
194 500182 500173 0
195 500121 500102 0
196 500167 500151 0
197 500123 500124 0
198 125172 125162 0
199 62630 62627 0
200 31414 31411 0
201 250123 250119 0
202 125173 125118 0
203 125186 125123 0
204 125167 125105 0
205 125170 125104 0
206 125193 125144 0
207 250182 250105 0
208 125199 125155 0
209 15758 15817 0
210 15793 15800 0
211 31361 31365 0
212 31384 31407 0
213 31402 31447 0
214 15774 15784 0
215 31353 31387 0
216 15737 15803 0
217 31375 31398 0
218 15754 15817 0
219 31400 31419 0
220 31358 31381 0
221 31377 31440 0
222 15743 15790 0
223 31358 31380 0
224 15735 15766 0
225 31366 31425 0
226 15730 15807 0
227 31388 31446 0
228 31388 31450 0
229 31389 31394 0
230 15763 15803 0
231 15768 15804 0
232 31365 31367 0
233 31408 31440 0
234 15748 15772 0
235 31447 31450 0
236 15781 15810 0
237 31433 31439 0
238 15780 15811 0
239 7924 7984 0
240 31354 31375 0
241 7949 7991 0
242 62642 62643 0
243 62661 62672 0
244 62669 62674 0
245 7959 7995 0
246 7935 7972 0
247 7937 7983 0
248 62617 62645 0
249 7969 7994 0
250 62603 62672 0
251 7971 7996 0
252 62621 62678 0
253 7931 7970 0
254 62652 62676 0
255 62631 62692 0
256 62607 62611 0
257 7970 7996 0
258 7963 7991 0
259 62625 62659 0
260 7942 8002 0
261 62618 62682 0
262 7956 7975 0
263 62673 62700 0
264 62670 62693 0
265 7983 8005 0
266 7926 7934 0
267 7934 7964 0
268 7937 7984 0
269 7978 8006 0
270 7926 8012 0
271 7925 7948 0
272 7931 7970 0
273 7920 7999 0
274 7952 8009 0
275 62695 62696 0
276 62684 62692 0
277 15731 15798 0
278 62669 62679 0
279 4010 4024 0
280 15748 15820 0
281 4016 4023 0
282 62609 62654 0
283 15741 15752 0
284 62680 62690 0
285 4039 4085 0
286 62612 62643 0
287 4014 4056 0
288 125184 125192 0
289 125102 125114 0
290 4079 4104 0
291 4089 4100 0
292 4019 4052 0
293 125177 125180 0
294 4072 4092 0
295 4036 4073 0
296 4036 4085 0
297 4024 4071 0
298 125107 125177 0
299 125109 125129 0
300 4053 4063 0
301 4068 4080 0
302 4015 4026 0
303 125136 125188 0
304 125136 125185 0
305 125161 125177 0
306 125103 125122 0
307 125159 125161 0
308 4015 4066 0
309 125151 125196 0
310 4031 4102 0
311 125123 125142 0
312 125176 125195 0
313 4030 4078 0
314 125135 125161 0
315 4048 4084 0
316 4050 4072 0
317 4033 4082 0
318 4026 4033 0
319 125140 125188 0
320 2133 2143 0
321 125100 125196 0
322 2069 2090 0
323 125112 125194 0
324 2083 2093 0
325 2058 2149 0
326 125128 125174 0
327 2086 2151 0
328 125117 125134 0
329 2056 2124 0
330 2068 2103 0
331 125106 125144 0
332 125109 125122 0
333 2085 2150 0
334 125102 125164 0
335 125159 125161 0
336 2088 2107 0
337 250139 250141 0
338 250120 250121 0
339 2082 2107 0
340 2060 2105 0
341 15751 15771 0
342 250137 250180 0
343 2114 2142 0
344 250133 250181 0
345 250152 250167 0
346 2072 2114 0
347 250125 250140 0
348 250136 250169 0
349 250110 250196 0
350 2064 2114 0
351 250165 250169 0
352 250162 250174 0
353 2120 2132 0
354 2097 2137 0
355 2088 2099 0
356 250103 250124 0
357 2100 2119 0
358 250129 250136 0
359 250115 250123 0
360 250144 250159 0
361 250124 250136 0
362 56 94 0
363 31 74 0
364 250103 250197 0
365 31378 31390 0
366 250123 250127 0
367 10 53 0
368 36 67 0
369 15 48 0
370 250118 250124 0
371 50 85 0
372 46 79 0
373 250135 250136 0
374 500128 500189 0
375 500152 500162 0
376 500114 500154 0
377 500170 500182 0
378 31402 31448 0
379 500176 500186 0
380 15762 15793 0
381 69 94 0
382 19 58 0
383 6 69 0
384 500117 500121 0
385 500168 500191 0
386 54 98 0
387 500141 500160 0
388 500182 500196 0
389 500137 500195 0
390 500106 500143 0
391 500113 500179 0
392 19 100 0
393 500106 500125 0
394 35 69 0
395 58 81 0
396 32 70 0
397 500141 500195 0
398 31375 31436 0
399 15785 15792 0
--------------
1000000 :c
1003853 :sum(p)
999997 :sum(w)
