400 :n
id p,w,x
--------------
0 8005 7983 1
1 4081 4062 1
2 45 27 1
3 51 18 1
4 97 63 1
5 7952 7915 1
6 57 6 1
7 7957 7918 1
8 8002 7920 1
9 30 1 1
10 72 33 1
11 18 2 1
12 52 10 1
13 85 7 1
14 87 55 1
15 30 12 1
16 4042 4007 1
17 84 65 1
18 70 15 1
19 61 2 1
20 4060 4010 1
21 4031 4010 1
22 2145 2114 1
23 2128 2092 1
24 2153 2102 1
25 2144 2093 1
26 15813 15728 1
27 2152 2124 1
28 2124 2099 1
29 2120 2079 1
30 2138 2061 1
31 7993 7963 1
32 15799 15727 1
33 2147 2061 1
34 2151 2100 1
35 15798 15750 1
36 2100 2061 1
37 4085 4045 1
38 7999 7954 1
39 7948 7914 1
40 4076 4022 1
41 15781 15732 1
42 15805 15732 1
43 4052 4016 1
44 4103 4043 1
45 15811 15757 1
46 4060 4033 1
47 15821 15759 1
48 15813 15734 1
49 4076 4011 1
50 8011 7964 1
51 4104 4085 1
52 4099 4020 1
53 4041 4010 1
54 7971 7918 1
55 7992 7928 1
56 4098 4076 1
57 8004 7927 1
58 8009 7974 1
59 4068 4020 1
60 15814 15774 1
61 15783 15748 1
62 15796 15760 1
63 11 3 1
64 63 57 1
65 82 75 1
66 72 67 1
67 32 30 1
68 17 16 1
69 2081 2067 1
70 2129 2116 1
71 2076 2065 1
72 2137 2126 1
73 4073 4059 1
74 8007 7986 1
75 7982 7962 1
76 7959 7940 1
77 8010 7991 1
78 7974 7956 1
79 15776 15742 1
80 7981 7964 1
81 15816 15784 1
82 15822 15790 1
83 2074 2070 0
84 15800 15771 1
85 31421 31365 1
86 15776 15748 1
87 31432 31382 1
88 4034 4028 1
89 2072 2069 1
90 31415 31371 1
91 31393 31351 1
92 4071 4066 1
93 31424 31386 1
94 31407 31370 1
95 15788 15770 0
96 7973 7964 1
97 31426 31391 1
98 62697 62628 1
99 31403 31378 0
100 18 7 1
101 62693 62614 1
102 15766 15744 1
103 62667 62610 1
104 31439 31414 1
105 31445 31420 1
106 62699 62696 0
107 15802 15805 0
108 15761 15777 0
109 4018 4015 0
110 31427 31404 0
111 31424 31402 0
112 62685 62642 0
113 31418 31400 0
114 2149 2153 1
115 125179 125109 0
116 31413 31396 0
117 62662 62630 0
118 62691 62659 0
119 31402 31389 0
120 7989 7986 0
121 31378 31367 0
122 15764 15760 0
123 4019 4018 0
124 4026 4025 0
125 15796 15794 0
126 15753 15753 0
127 15737 15737 0
128 7929 7930 0
129 7977 7979 0
130 7943 7945 0
131 15770 15776 0
132 2100 2101 1
133 4074 4076 0
134 7995 7999 0
135 7967 7973 0
136 7933 7940 0
137 4096 4100 0
138 4052 4057 0
139 7973 7984 0
140 2144 2147 0
141 4040 4048 0
142 4071 4081 0
143 2147 2153 0
144 4015 4030 0
145 4014 4029 0
146 2103 2111 0
147 2113 2124 0
148 2103 2114 0
149 2106 2120 0
150 2116 2131 0
151 2085 2100 0
152 2090 2106 0
153 2081 2097 0
154 60 67 0
155 9 11 0
156 45 56 0
157 46 59 0
158 10 27 0
159 250199 250102 0
160 250190 250110 0
161 250197 250118 0
162 62655 62637 0
163 125139 125103 0
164 250196 250131 0
165 250197 250102 0
166 125175 125138 0
167 62641 62615 0
168 62660 62641 0
169 125179 125133 0
170 250165 250108 0
171 125173 125144 0
172 125150 125123 0
173 125149 125124 0
174 250185 250128 0
175 31369 31364 0
176 250183 250138 0
177 250187 250131 0
178 125126 125107 0
179 250162 250122 0
180 62680 62666 0
181 125189 125168 0
182 62683 62668 0
183 62678 62665 0
184 250149 250110 0
185 250178 250135 0
186 500193 500125 0
187 500194 500102 0
188 62654 62641 0
189 250180 250124 0
190 125140 125122 0
191 125189 125142 0
192 31352 31374 0
193 31370 31371 0
194 31423 31429 0
195 62616 62612 0
196 31418 31429 0
197 62623 62692 0
198 62637 62642 0
199 62621 62651 0
200 62630 62700 0
201 62640 62632 0
202 15770 15785 0
203 15771 15825 0
204 62649 62693 0
205 15764 15806 0
206 15748 15823 0
207 62611 62697 0
208 62620 62612 0
209 15791 15802 0
210 125173 125176 0
211 125108 125135 0
212 125113 125118 0
213 15783 15816 0
214 62671 62692 0
215 31382 31412 0
216 125161 125169 0
217 15769 15824 0
218 125129 125185 0
219 125112 125194 0
220 15740 15810 0
221 125101 125138 0
222 125155 125163 0
223 125166 125152 0
224 15740 15797 0
225 15774 15807 0
226 125177 125198 0
227 15776 15798 0
228 125121 125171 0
229 125126 125189 0
230 15769 15816 0
231 15774 15800 0
232 125112 125198 0
233 125108 125174 0
234 125118 125134 0
235 125107 125157 0
236 15730 15779 0
237 15782 15789 0
238 31368 31365 0
239 31385 31390 0
240 125128 125144 0
241 7946 7969 0
242 7967 7985 0
243 31389 31385 0
244 125142 125157 0
245 125146 125160 0
246 62615 62645 0
247 125122 125156 0
248 7949 7967 0
249 125145 125182 0
250 7944 8006 0
251 7967 8002 0
252 125119 125116 0
253 31386 31417 0
254 125109 125184 0
255 125161 125192 0
256 31398 31399 0
257 125104 125109 0
258 125185 125194 0
259 7915 7934 0
260 125162 125197 0
261 7928 7994 0
262 7914 7935 0
263 62621 62624 0
264 125156 125165 0
265 125117 125117 0
266 250122 250171 0
267 250148 250137 0
268 7923 7978 0
269 250139 250115 0
270 250188 250172 0
271 7944 7989 0
272 250124 250129 0
273 250122 250150 0
274 250140 250118 0
275 7951 7989 0
276 7926 7972 0
277 7942 7999 0
278 31362 31385 0
279 250195 250175 0
280 62629 62626 0
281 250170 250155 0
282 250162 250198 0
283 250103 250112 0
284 4073 4104 0
285 4050 4069 0
286 31372 31438 0
287 4074 4097 0
288 4009 4038 0
289 4027 4077 0
290 4022 4059 0
291 250131 250177 0
292 4050 4103 0
293 250169 250148 0
294 250141 250120 0
295 250131 250109 0
296 4007 4043 0
297 250178 250171 0
298 250148 250128 0
299 4009 4078 0
300 250130 250131 0
301 250106 250183 0
302 250115 250168 0
303 250127 250191 0
304 250176 250199 0
305 31402 31432 0
306 62607 62642 0
307 4022 4056 0
308 250137 250198 0
309 4034 4061 0
310 31413 31419 0
311 250107 250180 0
312 250122 250178 0
313 250113 250168 0
314 31377 31390 0
315 4022 4096 0
316 250139 250134 0
317 500157 500179 0
318 62652 62690 0
319 62646 62644 0
320 2078 2097 0
321 500139 500150 0
322 500166 500143 0
323 500102 500168 0
324 500190 500190 0
325 62651 62691 0
326 2103 2135 0
327 500135 500191 0
328 2092 2111 0
329 31369 31412 0
330 62651 62661 0
331 2073 2138 0
332 31375 31391 0
333 2062 2093 0
334 2114 2148 0
335 500124 500136 0
336 500169 500190 0
337 31379 31379 0
338 2102 2148 0
339 31384 31421 0
340 2086 2132 0
341 500155 500127 0
342 500195 500167 0
343 2059 2096 0
344 62614 62664 0
345 62614 62699 0
346 31352 31360 0
347 500124 500119 0
348 2107 2153 0
349 2088 2106 0
350 62632 62642 0
351 500148 500188 0
352 500141 500178 0
353 500123 500140 0
354 500168 500154 0
355 500199 500154 0
356 31355 31396 0
357 500200 500167 0
358 500116 500132 0
359 500123 500127 0
360 31389 31396 0
361 54 90 0
362 500166 500163 0
363 500105 500168 0
364 29 74 0
365 500142 500174 0
366 62608 62610 0
367 18 68 0
368 31383 31448 0
369 500130 500102 0
370 61 90 0
371 500120 500158 0
372 500108 500139 0
373 500185 500123 0
374 21 54 0
375 500144 500108 0
376 19 69 0
377 500108 500112 0
378 500113 500110 0
379 500107 500143 0
380 13 66 0
381 500154 500141 0
382 30 90 0
383 500149 500124 0
384 62615 62674 0
385 65 91 0
386 62631 62663 0
387 500115 500195 0
388 500126 500149 0
389 14 70 0
390 17 45 0
391 500149 500190 0
392 500175 500176 0
393 500104 500133 0
394 7 58 0
395 17 37 0
396 500152 500187 0
397 32 81 0
398 62610 62643 0
399 62671 62693 0
--------------
1000000 :c
1003812 :sum(p)
1000000 :sum(w)
