400 :n
id p,w,x
--------------
0 2148 2054 1
1 4102 4057 1
2 90 7 1
3 51 4 1
4 2126 2076 1
5 21 4 1
6 62 22 1
7 66 14 1
8 4091 4039 1
9 40 23 1
10 2142 2085 1
11 67 10 1
12 46 18 1
13 96 47 1
14 4073 4034 1
15 85 3 1
16 64 30 1
17 8008 7930 1
18 92 45 1
19 4085 4011 1
20 2115 2070 1
21 8001 7920 1
22 98 39 1
23 8008 7934 1
24 2140 2113 1
25 2153 2107 1
26 2117 2099 1
27 4069 4025 1
28 4091 4029 1
29 2104 2070 1
30 4103 4062 1
31 2097 2060 1
32 2142 2118 1
33 2150 2069 1
34 4099 4068 1
35 2108 2057 1
36 2128 2057 1
37 2107 2084 1
38 15791 15752 1
39 15794 15739 1
40 31438 31370 1
41 31448 31376 1
42 15814 15758 1
43 7970 7916 1
44 7989 7945 1
45 7999 7940 1
46 31437 31354 1
47 15790 15745 1
48 15818 15761 1
49 8008 7965 1
50 10 6 1
51 32 22 1
52 50 37 1
53 70 59 1
54 70 64 1
55 2099 2083 1
56 2070 2057 1
57 4088 4067 1
58 2084 2076 1
59 4054 4041 1
60 2076 2070 0
61 8004 7982 1
62 7934 7913 1
63 7991 7970 1
64 4091 4081 1
65 15786 15750 1
66 7953 7935 1
67 7978 7960 1
68 15793 15760 1
69 15763 15732 1
70 2085 2081 0
71 31437 31379 1
72 15798 15769 1
73 15797 15770 1
74 7960 7947 1
75 7973 7960 1
76 15750 15726 1
77 7925 7913 1
78 4020 4014 0
79 4100 4094 0
80 15762 15739 1
81 31398 31354 1
82 31415 31371 1
83 7968 7957 1
84 8008 7997 1
85 31444 31403 1
86 31431 31391 1
87 62698 62622 1
88 31392 31358 1
89 62689 62625 1
90 31442 31410 1
91 15744 15728 0
92 2131 2129 0
93 88 1 1
94 62676 62608 1
95 62692 62635 1
96 62659 62605 0
97 62681 62628 0
98 62698 62647 0
99 84 89 0
100 5 47 0
101 62664 62615 0
102 31379 31355 1
103 15808 15796 0
104 31379 31356 0
105 31407 31384 0
106 125196 125108 0
107 15742 15731 0
108 15815 15814 0
109 15787 15776 0
110 31399 31378 0
111 31407 31386 0
112 31406 31386 0
113 62654 62615 0
114 125185 125111 0
115 62659 62624 0
116 125178 125110 0
117 31394 31377 0
118 125173 125107 0
119 62689 62656 0
120 7942 7938 0
121 4039 4037 0
122 2066 2065 0
123 2081 2080 0
124 31370 31355 0
125 2134 2133 0
126 125190 125134 0
127 62653 62628 0
128 125154 125105 0
129 125163 125115 0
130 7968 7965 0
131 125152 125109 0
132 125156 125115 0
133 250181 250108 0
134 31376 31367 0
135 250200 250132 0
136 62656 62640 0
137 15773 15769 0
138 7916 7914 0
139 4030 4029 0
140 250191 250131 0
141 125190 125161 0
142 250171 250119 0
143 125171 125146 0
144 125189 125164 0
145 62622 62610 0
146 250177 250133 0
147 250185 250141 0
148 62613 62603 0
149 500184 500106 0
150 125121 125102 0
151 125124 125105 0
152 500200 500127 0
153 125123 125105 0
154 500181 500111 0
155 500197 500127 0
156 500175 500107 0
157 62621 62613 0
158 62669 62661 0
159 31418 31414 0
160 500183 500120 0
161 7944 7943 0
162 250185 250157 0
163 250130 250104 0
164 125144 125131 0
165 250139 250114 0
166 250143 250119 0
167 500195 500150 0
168 125180 125169 0
169 500148 500108 0
170 7935 7939 0
171 4060 4063 0
172 4032 4036 0
173 4043 4048 0
174 4015 4026 0
175 2139 2146 0
176 2065 2079 0
177 2060 2074 0
178 60 61 0
179 56 59 0
180 8 9 0
181 60 72 0
182 28 43 0
183 500161 500200 0
184 500110 500110 0
185 500168 500143 0
186 500126 500131 0
187 500126 500134 0
188 500166 500190 0
189 125155 125148 0
190 500138 500165 0
191 125141 125147 0
192 500143 500188 0
193 31446 31447 0
194 500147 500113 0
195 500160 500159 0
196 125108 125100 0
197 125140 125150 0
198 125175 125180 0
199 500189 500181 0
200 250174 250193 0
201 250146 250135 0
202 500138 500103 0
203 125168 125179 0
204 500154 500146 0
205 125190 125183 0
206 250156 250142 0
207 125104 125112 0
208 125166 125163 0
209 500186 500189 0
210 125184 125195 0
211 250153 250148 0
212 250167 250177 0
213 500188 500175 0
214 250155 250145 0
215 500111 500113 0
216 500151 500191 0
217 125121 125114 0
218 500119 500106 0
219 125174 125187 0
220 250108 250133 0
221 500125 500169 0
222 250130 250139 0
223 500132 500176 0
224 500147 500180 0
225 500165 500165 0
226 250163 250148 0
227 250128 250125 0
228 500165 500194 0
229 250134 250158 0
230 250118 250129 0
231 250105 250102 0
232 500186 500160 0
233 250190 250187 0
234 500160 500177 0
235 250126 250145 0
236 500130 500164 0
237 62638 62642 0
238 15743 15750 0
239 15748 15782 0
240 15738 15748 0
241 15751 15755 0
242 7989 8008 0
243 15744 15756 0
244 15810 15814 0
245 31426 31434 0
246 31397 31442 0
247 31368 31390 0
248 31374 31420 0
249 31374 31407 0
250 31380 31450 0
251 31427 31433 0
252 31422 31443 0
253 31375 31446 0
254 7927 7945 0
255 31395 31446 0
256 31392 31418 0
257 31371 31377 0
258 7972 7993 0
259 31367 31403 0
260 31391 31418 0
261 31370 31422 0
262 31405 31421 0
263 31394 31431 0
264 62609 62667 0
265 500130 500189 0
266 62629 62657 0
267 62638 62691 0
268 62613 62626 0
269 62653 62689 0
270 15731 15772 0
271 62603 62611 0
272 62617 62645 0
273 62680 62691 0
274 7954 7972 0
275 7942 7962 0
276 62627 62683 0
277 62607 62671 0
278 62647 62662 0
279 62650 62683 0
280 62641 62693 0
281 62644 62663 0
282 15805 15821 0
283 62664 62682 0
284 62618 62665 0
285 62678 62700 0
286 62649 62684 0
287 62651 62666 0
288 125104 125137 0
289 125116 125158 0
290 125135 125161 0
291 125159 125193 0
292 125145 125190 0
293 125153 125197 0
294 125101 125149 0
295 125157 125189 0
296 125153 125170 0
297 125101 125117 0
298 250136 250171 0
299 250118 250176 0
300 250120 250198 0
301 250158 250192 0
302 250115 250182 0
303 250134 250169 0
304 250131 250194 0
305 250145 250190 0
306 250149 250190 0
307 15780 15783 0
308 250122 250198 0
309 250115 250148 0
310 250110 250199 0
311 15804 15816 0
312 250134 250175 0
313 500118 500185 0
314 62620 62649 0
315 15747 15783 0
316 15775 15785 0
317 15798 15820 0
318 500138 500125 0
319 62640 62639 0
320 125146 125137 0
321 62613 62620 0
322 250171 250169 0
323 500163 500168 0
324 500153 500127 0
325 250190 250185 0
326 500132 500160 0
327 4024 4058 0
328 4009 4071 0
329 2054 2069 0
330 4070 4088 0
331 4051 4075 0
332 4016 4031 0
333 4076 4091 0
334 4041 4076 0
335 2074 2089 0
336 2087 2147 0
337 2063 2124 0
338 4037 4102 0
339 2076 2117 0
340 2057 2109 0
341 4075 4106 0
342 2065 2097 0
343 2098 2149 0
344 4043 4097 0
345 4008 4032 0
346 4027 4104 0
347 2084 2112 0
348 4051 4088 0
349 7922 7983 0
350 7915 7969 0
351 7936 7986 0
352 7919 7975 0
353 7934 7957 0
354 2081 2097 0
355 2055 2134 0
356 2118 2137 0
357 2096 2129 0
358 2068 2134 0
359 4 87 0
360 7926 7959 0
361 24 78 0
362 4022 4094 0
363 13 75 0
364 4024 4092 0
365 4009 4037 0
366 4063 4105 0
367 7933 7978 0
368 7922 7974 0
369 7970 7993 0
370 7933 7975 0
371 7940 7966 0
372 25 66 0
373 35 81 0
374 7923 7972 0
375 7968 8008 0
376 15764 15806 0
377 30 68 0
378 15728 15782 0
379 15727 15824 0
380 42 64 0
381 15762 15814 0
382 36 90 0
383 37 60 0
384 15751 15807 0
385 4033 4049 0
386 15736 15823 0
387 15733 15821 0
388 24 58 0
389 5 38 0
390 15735 15817 0
391 4024 4090 0
392 27 76 0
393 15783 15825 0
394 3 50 0
395 31363 31450 0
396 18 95 0
397 31361 31447 0
398 4031 4069 0
399 4031 4082 0
--------------
1000000 :c
1003723 :sum(p)
1000000 :sum(w)
