400 :n
id p,w,x
--------------
0 2122 2064 1
1 2123 2069 1
2 4089 4026 1
3 2117 2069 1
4 53 8 1
5 67 50 1
6 4100 4041 1
7 70 45 1
8 79 26 1
9 52 20 1
10 81 69 1
11 2152 2078 1
12 55 8 1
13 69 58 1
14 81 62 1
15 75 17 1
16 2123 2083 1
17 58 44 1
18 4096 4022 1
19 81 17 1
20 53 41 1
21 2153 2114 1
22 4100 4045 1
23 2137 2062 1
24 2134 2104 1
25 2131 2065 1
26 4104 4012 1
27 2133 2098 1
28 2146 2062 1
29 2144 2057 1
30 99 60 1
31 2127 2078 1
32 31417 31363 1
33 15806 15774 1
34 4052 4013 1
35 15815 15761 1
36 2083 2056 1
37 15822 15752 1
38 7985 7940 1
39 2086 2059 1
40 7979 7935 1
41 7978 7937 1
42 7943 7923 1
43 7959 7934 1
44 31424 31353 1
45 8008 7965 1
46 31444 31356 1
47 4099 4072 1
48 4092 4065 1
49 15806 15750 1
50 15813 15729 1
51 7964 7931 1
52 4046 4013 1
53 7950 7924 1
54 4059 4010 1
55 15793 15761 1
56 15810 15750 1
57 8010 7930 1
58 15810 15750 1
59 31437 31367 1
60 15823 15769 1
61 37 33 1
62 58 54 1
63 59 55 1
64 2117 2107 1
65 2135 2127 1
66 2118 2111 1
67 4080 4068 1
68 4100 4088 1
69 4020 4009 1
70 4018 4008 1
71 2153 2148 1
72 7968 7955 1
73 7986 7974 1
74 62699 62613 1
75 31410 31367 1
76 4103 4098 1
77 31403 31365 1
78 62696 62624 1
79 31403 31368 1
80 62686 62623 1
81 4081 4077 0
82 62700 62640 1
83 31388 31360 0
84 7988 7981 1
85 56 49 1
86 4077 4044 1
87 125193 125100 1
88 31376 31353 1
89 125186 125100 0
90 125198 125163 0
91 15805 15823 0
92 26 60 0
93 62666 62624 0
94 125192 125109 0
95 62658 62620 0
96 31440 31421 1
97 15746 15737 0
98 15748 15739 0
99 62690 62658 0
100 7944 7940 0
101 4089 4087 0
102 31396 31382 0
103 15801 15797 0
104 4082 4081 0
105 15744 15741 0
106 7961 7961 0
107 19 19 0
108 7977 7979 0
109 2094 2095 0
110 7916 7920 0
111 4033 4037 0
112 4060 4065 0
113 2101 2104 0
114 2100 2103 0
115 4066 4072 0
116 4054 4060 0
117 19 28 0
118 62631 62606 0
119 125191 125141 0
120 62652 62677 0
121 62610 62635 0
122 62634 62696 0
123 62626 62607 0
124 62637 62661 0
125 62648 62647 0
126 62657 62656 0
127 62623 62622 0
128 62689 62664 0
129 62602 62655 0
130 62617 62650 0
131 125173 125151 0
132 125120 125197 0
133 62630 62648 0
134 125197 125198 0
135 62643 62661 0
136 62630 62669 0
137 125117 125120 0
138 62683 62688 0
139 125125 125192 0
140 62629 62645 0
141 62611 62689 0
142 125102 125142 0
143 62601 62608 0
144 62621 62673 0
145 125150 125128 0
146 62601 62661 0
147 62636 62699 0
148 62650 62685 0
149 62610 62640 0
150 62617 62619 0
151 62661 62658 0
152 62621 62697 0
153 62616 62648 0
154 62620 62686 0
155 62643 62662 0
156 62664 62684 0
157 62634 62679 0
158 125185 125182 0
159 31373 31390 0
160 31351 31414 0
161 31412 31428 0
162 125136 125103 0
163 125110 125197 0
164 31354 31356 0
165 31356 31410 0
166 31355 31379 0
167 125137 125110 0
168 125145 125158 0
169 31405 31423 0
170 125142 125169 0
171 125171 125164 0
172 31362 31403 0
173 31359 31420 0
174 31426 31424 0
175 31372 31363 0
176 31396 31445 0
177 31387 31436 0
178 31398 31395 0
179 125155 125180 0
180 31382 31384 0
181 31392 31427 0
182 31357 31436 0
183 125115 125168 0
184 125115 125130 0
185 31427 31439 0
186 31421 31414 0
187 31356 31376 0
188 31376 31378 0
189 31364 31361 0
190 31355 31444 0
191 31426 31426 0
192 31376 31419 0
193 31357 31427 0
194 31383 31398 0
195 125159 125110 0
196 31357 31383 0
197 31379 31417 0
198 250191 250135 0
199 250162 250118 0
200 250132 250148 0
201 62639 62656 0
202 15785 15797 0
203 250174 250189 0
204 250107 250154 0
205 250194 250184 0
206 250182 250183 0
207 250110 250130 0
208 125191 125179 0
209 15732 15755 0
210 15763 15774 0
211 15788 15806 0
212 250156 250130 0
213 250167 250188 0
214 15803 15811 0
215 15744 15752 0
216 15730 15748 0
217 15758 15761 0
218 15799 15819 0
219 250162 250191 0
220 15801 15824 0
221 250193 250172 0
222 250163 250156 0
223 250137 250186 0
224 250190 250103 0
225 250177 250159 0
226 250199 250167 0
227 250145 250130 0
228 15761 15798 0
229 15781 15824 0
230 250101 250163 0
231 15771 15773 0
232 250101 250126 0
233 250126 250130 0
234 15739 15753 0
235 15739 15784 0
236 250173 250164 0
237 15734 15755 0
238 125171 125153 0
239 7972 7989 0
240 250187 250179 0
241 7957 7979 0
242 125113 125155 0
243 250144 250182 0
244 250172 250114 0
245 250129 250111 0
246 250199 250149 0
247 125129 125146 0
248 250199 250151 0
249 250136 250150 0
250 250150 250130 0
251 250151 250170 0
252 250191 250169 0
253 250126 250167 0
254 250185 250134 0
255 250161 250147 0
256 250158 250138 0
257 250140 250182 0
258 125104 125190 0
259 250177 250160 0
260 250101 250200 0
261 7925 7945 0
262 7925 7931 0
263 7917 7939 0
264 7965 7979 0
265 7999 8007 0
266 250124 250115 0
267 125132 125168 0
268 500184 500187 0
269 500116 500151 0
270 500181 500141 0
271 500167 500192 0
272 7960 7972 0
273 500189 500124 0
274 500117 500117 0
275 500126 500139 0
276 500185 500188 0
277 500128 500127 0
278 125172 125139 0
279 500158 500163 0
280 500166 500188 0
281 500121 500128 0
282 500122 500193 0
283 125126 125150 0
284 500181 500143 0
285 500171 500132 0
286 500145 500196 0
287 500169 500150 0
288 500148 500179 0
289 500114 500150 0
290 500188 500102 0
291 125143 125104 0
292 500114 500148 0
293 125105 125116 0
294 125114 125166 0
295 500126 500185 0
296 500144 500176 0
297 125111 125172 0
298 500147 500200 0
299 500102 500106 0
300 500142 500133 0
301 500101 500197 0
302 500183 500193 0
303 500125 500107 0
304 500192 500112 0
305 500140 500180 0
306 125148 125136 0
307 500102 500166 0
308 500189 500144 0
309 500110 500115 0
310 500146 500121 0
311 500180 500105 0
312 500190 500166 0
313 500124 500146 0
314 125188 125143 0
315 500123 500155 0
316 500142 500118 0
317 125143 125191 0
318 125154 125114 0
319 125169 125118 0
320 2096 2139 0
321 4008 4086 0
322 2075 2147 0
323 4037 4059 0
324 4009 4082 0
325 2105 2126 0
326 2082 2137 0
327 2080 2134 0
328 4020 4055 0
329 4035 4067 0
330 4034 4050 0
331 4072 4086 0
332 2055 2072 0
333 4037 4105 0
334 4065 4088 0
335 2059 2137 0
336 2090 2142 0
337 2063 2101 0
338 4018 4086 0
339 2070 2113 0
340 4018 4080 0
341 2085 2122 0
342 2071 2106 0
343 2069 2099 0
344 4065 4082 0
345 4008 4045 0
346 2084 2117 0
347 4029 4041 0
348 7957 8011 0
349 7923 7954 0
350 7917 7997 0
351 2121 2147 0
352 2108 2123 0
353 7914 7949 0
354 7919 8004 0
355 7925 7969 0
356 7917 7941 0
357 2077 2147 0
358 2101 2111 0
359 9 67 0
360 25 54 0
361 26 95 0
362 29 73 0
363 7921 7994 0
364 9 60 0
365 7963 8002 0
366 6 83 0
367 7924 8003 0
368 66 77 0
369 7918 8007 0
370 7963 8011 0
371 18 49 0
372 13 46 0
373 7970 8010 0
374 86 100 0
375 7933 8012 0
376 7948 7985 0
377 7945 7986 0
378 15727 15816 0
379 6 69 0
380 15750 15818 0
381 20 34 0
382 46 90 0
383 8 31 0
384 10 41 0
385 15749 15812 0
386 15738 15788 0
387 15757 15807 0
388 60 79 0
389 26 53 0
390 15742 15798 0
391 4081 4094 0
392 15741 15812 0
393 15740 15805 0
394 17 35 0
395 15742 15810 0
396 15741 15787 0
397 16 38 0
398 4055 4070 0
399 4027 4091 0
--------------
1000000 :c
1003596 :sum(p)
999999 :sum(w)
