400 :n
id p,w,x
--------------
0 7995 7938 1
1 70 31 1
2 47 11 1
3 72 6 1
4 4047 4019 1
5 61 8 1
6 4086 4027 1
7 7992 7954 1
8 4096 4027 1
9 4088 4045 1
10 4065 4011 1
11 91 11 1
12 4103 4020 1
13 93 50 1
14 7999 7917 1
15 4091 4067 1
16 36 4 1
17 4098 4070 1
18 4046 4020 1
19 4063 4036 1
20 2133 2072 1
21 7981 7929 1
22 15800 15737 1
23 15814 15729 1
24 2114 2082 1
25 2131 2062 1
26 95 5 1
27 4056 4012 1
28 2100 2056 1
29 2150 2081 1
30 2145 2078 1
31 4089 4033 1
32 15798 15728 1
33 7998 7915 1
34 2145 2062 1
35 7988 7948 1
36 2133 2073 1
37 100 11 1
38 33 12 1
39 8007 7934 1
40 95 62 1
41 88 38 1
42 2091 2055 1
43 7957 7925 1
44 87 15 1
45 2106 2077 1
46 7988 7930 1
47 8002 7930 1
48 51 35 1
49 75 57 1
50 68 52 1
51 95 82 1
52 95 82 1
53 66 60 1
54 14 13 0
55 2146 2128 1
56 2090 2075 1
57 4072 4051 1
58 2139 2129 1
59 4057 4039 1
60 2127 2118 1
61 2150 2141 1
62 4096 4079 1
63 15820 15757 1
64 7969 7939 1
65 2135 2127 1
66 7983 7956 1
67 15823 15770 1
68 7958 7933 1
69 15825 15777 1
70 15796 15749 1
71 15817 15774 1
72 31449 31365 1
73 31436 31354 1
74 31443 31362 1
75 7988 7968 1
76 7960 7941 1
77 31439 31369 1
78 31412 31353 1
79 7983 7970 1
80 31406 31359 1
81 31418 31371 1
82 31441 31395 1
83 15816 15793 1
84 31407 31362 1
85 31442 31399 1
86 62690 62610 1
87 31404 31364 1
88 7923 7913 1
89 4041 4036 0
90 62695 62618 1
91 31429 31391 1
92 15771 15752 1
93 15760 15739 1
94 4088 4021 1
95 7994 7985 1
96 62681 62611 0
97 31433 31398 1
98 62700 62656 0
99 15816 15822 0
100 4093 4089 1
101 62673 62605 0
102 15801 15785 1
103 7994 7986 1
104 68 86 0
105 2077 2075 1
106 2133 2143 0
107 31433 31403 0
108 15796 15781 1
109 2131 2129 1
110 62670 62613 0
111 62677 62623 0
112 62690 62637 0
113 62684 62632 0
114 62661 62614 0
115 125197 125104 0
116 31438 31415 0
117 125199 125108 0
118 15781 15770 0
119 62680 62638 0
120 62700 62658 0
121 31446 31429 0
122 4017 4015 0
123 31415 31400 0
124 2116 2115 1
125 62674 62648 0
126 31393 31383 0
127 15761 15756 0
128 15797 15792 0
129 15794 15792 0
130 15738 15737 0
131 7960 7960 0
132 7996 7996 0
133 56 56 0
134 15806 15807 0
135 15738 15741 0
136 15742 15751 0
137 8001 8006 0
138 7999 8006 0
139 7993 8000 0
140 2113 2115 1
141 7978 7987 0
142 4084 4091 0
143 4038 4048 0
144 4042 4053 0
145 2121 2127 0
146 2054 2060 0
147 4085 4098 0
148 2099 2110 0
149 2066 2080 0
150 48 49 0
151 65 70 0
152 17 19 0
153 75 91 0
154 29 41 0
155 500196 500104 0
156 250186 250141 0
157 250185 250133 0
158 250170 250125 0
159 250163 250110 0
160 250165 250118 0
161 500180 500133 0
162 500197 500143 0
163 62619 62612 0
164 500185 500113 0
165 500156 500110 0
166 62666 62644 0
167 62695 62673 0
168 250177 250111 0
169 250182 250103 0
170 250198 250126 0
171 62635 62617 0
172 125166 125115 0
173 125199 125142 0
174 125172 125109 0
175 125196 125149 0
176 125196 125130 0
177 125171 125108 0
178 62606 62671 0
179 31391 31427 0
180 62618 62632 0
181 62636 62692 0
182 31375 31379 0
183 31387 31387 0
184 31361 31380 0
185 31418 31418 0
186 62679 62690 0
187 62625 62639 0
188 31352 31386 0
189 31398 31430 0
190 62664 62684 0
191 62632 62659 0
192 62640 62677 0
193 31367 31374 0
194 62629 62660 0
195 62678 62677 0
196 31356 31360 0
197 125156 125172 0
198 125156 125188 0
199 125127 125177 0
200 15759 15774 0
201 125159 125183 0
202 15732 15744 0
203 31391 31409 0
204 31378 31381 0
205 125117 125140 0
206 125102 125171 0
207 15741 15756 0
208 125146 125142 0
209 125122 125199 0
210 62638 62635 0
211 125113 125137 0
212 125174 125197 0
213 125111 125197 0
214 125153 125164 0
215 125116 125109 0
216 125131 125148 0
217 125119 125197 0
218 125124 125154 0
219 125178 125168 0
220 62606 62613 0
221 125137 125127 0
222 31403 31423 0
223 125118 125187 0
224 125146 125136 0
225 125110 125176 0
226 125101 125156 0
227 31405 31414 0
228 125124 125159 0
229 125102 125142 0
230 125151 125193 0
231 125120 125161 0
232 125132 125188 0
233 250177 250160 0
234 250153 250141 0
235 250130 250173 0
236 15741 15758 0
237 15773 15792 0
238 250114 250180 0
239 250111 250190 0
240 250155 250174 0
241 62678 62688 0
242 250131 250154 0
243 250120 250133 0
244 250120 250133 0
245 62656 62692 0
246 250197 250197 0
247 31369 31384 0
248 250188 250198 0
249 250113 250165 0
250 250174 250186 0
251 250168 250160 0
252 250163 250177 0
253 250185 250195 0
254 250114 250143 0
255 250144 250145 0
256 250165 250156 0
257 250160 250149 0
258 250101 250137 0
259 250177 250165 0
260 62615 62633 0
261 250181 250196 0
262 250134 250189 0
263 250122 250145 0
264 250136 250132 0
265 250121 250139 0
266 250157 250170 0
267 250129 250136 0
268 62646 62662 0
269 250132 250116 0
270 500197 500189 0
271 500105 500199 0
272 500143 500109 0
273 500125 500162 0
274 500127 500145 0
275 500144 500103 0
276 500157 500172 0
277 500143 500166 0
278 500140 500143 0
279 500105 500106 0
280 62626 62683 0
281 500156 500149 0
282 500102 500161 0
283 500115 500140 0
284 500146 500196 0
285 500133 500137 0
286 500171 500141 0
287 500102 500126 0
288 500147 500184 0
289 500156 500121 0
290 500168 500154 0
291 500175 500192 0
292 500171 500137 0
293 500110 500159 0
294 500110 500111 0
295 500113 500189 0
296 500140 500166 0
297 500160 500189 0
298 500155 500151 0
299 500154 500150 0
300 500122 500133 0
301 500120 500164 0
302 500103 500146 0
303 62683 62698 0
304 62645 62663 0
305 62606 62672 0
306 62622 62686 0
307 500171 500104 0
308 62627 62618 0
309 250187 250131 0
310 500194 500152 0
311 125164 125150 0
312 250168 250139 0
313 125165 125137 0
314 31427 31424 0
315 125185 125172 0
316 500198 500111 0
317 31373 31370 0
318 125130 125112 0
319 125165 125139 0
320 4043 4069 0
321 4022 4037 0
322 2064 2129 0
323 2098 2129 0
324 2072 2115 0
325 4015 4060 0
326 2122 2151 0
327 4024 4083 0
328 4044 4092 0
329 4037 4064 0
330 2126 2153 0
331 2126 2152 0
332 2074 2142 0
333 4018 4036 0
334 7922 7935 0
335 7962 7976 0
336 2111 2127 0
337 7973 8005 0
338 4034 4081 0
339 4011 4072 0
340 2089 2108 0
341 2101 2127 0
342 7930 7943 0
343 2054 2077 0
344 7924 7971 0
345 7947 8000 0
346 7928 7999 0
347 2093 2136 0
348 7930 7975 0
349 2062 2093 0
350 7941 8007 0
351 7914 7946 0
352 2073 2113 0
353 7924 8004 0
354 2055 2150 0
355 7921 7999 0
356 7925 7962 0
357 4009 4030 0
358 7955 8004 0
359 7971 7985 0
360 15761 15820 0
361 44 80 0
362 4057 4102 0
363 15736 15822 0
364 4024 4074 0
365 58 78 0
366 15745 15796 0
367 15731 15823 0
368 11 63 0
369 5 42 0
370 3 69 0
371 15740 15782 0
372 15770 15811 0
373 15730 15773 0
374 19 71 0
375 15766 15821 0
376 15730 15816 0
377 33 81 0
378 15750 15801 0
379 4028 4104 0
380 46 78 0
381 4034 4079 0
382 4047 4096 0
383 15741 15783 0
384 51 86 0
385 15734 15776 0
386 15764 15783 0
387 31389 31449 0
388 31365 31412 0
389 31384 31433 0
390 16 39 0
391 31390 31442 0
392 32 91 0
393 31400 31446 0
394 42 66 0
395 31354 31444 0
396 62604 62698 0
397 31 64 0
398 4088 4105 0
399 4024 4042 0
--------------
1000000 :c
1004264 :sum(p)
1000000 :sum(w)
