400 :n
id p,w,x
--------------
0 2142 2067 1
1 2099 2070 1
2 4080 4039 1
3 2130 2087 1
4 2147 2090 1
5 4091 4049 1
6 93 14 1
7 81 13 1
8 80 17 1
9 4067 4010 1
10 82 19 1
11 98 64 1
12 2102 2056 1
13 4083 4014 1
14 4102 4016 1
15 74 59 1
16 73 36 1
17 2126 2091 1
18 2134 2078 1
19 97 53 1
20 58 18 1
21 2099 2067 1
22 2144 2075 1
23 74 50 1
24 2116 2076 1
25 82 35 1
26 95 61 1
27 86 53 1
28 43 5 1
29 2139 2087 1
30 2140 2074 1
31 99 78 1
32 2153 2101 1
33 77 33 1
34 2153 2059 1
35 2137 2091 1
36 2113 2071 1
37 31444 31374 1
38 31411 31367 1
39 31421 31372 1
40 15762 15737 1
41 15761 15729 1
42 15805 15764 1
43 31430 31365 1
44 15770 15745 1
45 4105 4077 1
46 4084 4046 1
47 4047 4029 1
48 31439 31351 1
49 15825 15732 1
50 15814 15734 1
51 15822 15777 1
52 2114 2098 1
53 15814 15754 1
54 8009 7985 1
55 8000 7960 1
56 8007 7968 1
57 7952 7930 1
58 7974 7935 1
59 8011 7933 1
60 7995 7974 1
61 7961 7931 1
62 8009 7979 1
63 8000 7939 1
64 7978 7936 1
65 4051 4025 1
66 4086 4059 1
67 4105 4065 1
68 4051 4017 1
69 4064 4038 1
70 4097 4072 1
71 62670 62603 1
72 31431 31398 1
73 8006 7985 1
74 31417 31382 1
75 31442 31383 1
76 31446 31379 1
77 31 22 1
78 86 76 1
79 88 80 1
80 70 67 1
81 24 23 1
82 74 71 1
83 26 25 0
84 85 83 0
85 4030 4018 1
86 2129 2123 1
87 4039 4029 1
88 4102 4092 1
89 2094 2089 1
90 2118 2113 1
91 7988 7972 1
92 7966 7951 1
93 4048 4041 1
94 15776 15755 1
95 15790 15769 1
96 15808 15787 1
97 15811 15790 1
98 31436 31410 1
99 31440 31415 1
100 4020 4017 1
101 15791 15780 0
102 62675 62632 1
103 31370 31351 1
104 46 36 1
105 31445 31426 0
106 125178 125105 0
107 62677 62641 1
108 31439 31437 0
109 15825 15821 0
110 15781 15799 0
111 31438 31420 0
112 15736 15727 1
113 15799 15790 0
114 62694 62661 0
115 62663 62631 0
116 62672 62640 0
117 7973 7969 0
118 125189 125128 0
119 2151 2150 0
120 62650 62624 0
121 15819 15813 0
122 7971 7968 0
123 31423 31413 0
124 15775 15770 0
125 31417 31408 0
126 7960 7958 0
127 31426 31420 0
128 37 37 0
129 4023 4023 0
130 15763 15764 0
131 7988 7993 0
132 7972 7979 0
133 7952 7959 0
134 4025 4032 0
135 2074 2078 0
136 4025 4034 0
137 88 91 0
138 59 72 0
139 14 20 0
140 9 22 0
141 250151 250119 0
142 250158 250132 0
143 125185 125150 0
144 250134 250110 0
145 500180 500128 0
146 125132 125117 0
147 250182 250124 0
148 250147 250109 0
149 125167 125141 0
150 125162 125133 0
151 500178 500121 0
152 250188 250156 0
153 125159 125126 0
154 125180 125165 0
155 125176 125144 0
156 125150 125135 0
157 250163 250132 0
158 250133 250111 0
159 31435 31431 0
160 500181 500114 0
161 125192 125160 0
162 125179 125153 0
163 250147 250107 0
164 250155 250119 0
165 500186 500126 0
166 250140 250102 0
167 500175 500111 0
168 500188 500102 0
169 250179 250158 0
170 500135 500108 0
171 62635 62630 0
172 500176 500139 0
173 500184 500144 0
174 500188 500152 0
175 500178 500151 0
176 62606 62601 0
177 125189 125146 0
178 125163 125121 0
179 62686 62666 0
180 62687 62664 0
181 250187 250103 0
182 62684 62663 0
183 125177 125139 0
184 250188 250114 0
185 125171 125129 0
186 125150 125107 0
187 125158 125101 0
188 250196 250101 0
189 62683 62661 0
190 31370 31411 0
191 31393 31424 0
192 31374 31418 0
193 62639 62688 0
194 31437 31442 0
195 31406 31430 0
196 31402 31438 0
197 62620 62686 0
198 62621 62667 0
199 62603 62653 0
200 15802 15809 0
201 15779 15801 0
202 15752 15782 0
203 62640 62639 0
204 62653 62670 0
205 31401 31448 0
206 15774 15787 0
207 15795 15802 0
208 62642 62677 0
209 15731 15818 0
210 62613 62650 0
211 62609 62698 0
212 62664 62670 0
213 15769 15779 0
214 15754 15794 0
215 15782 15807 0
216 62626 62626 0
217 15728 15737 0
218 62675 62683 0
219 62676 62678 0
220 62655 62657 0
221 62657 62683 0
222 62617 62676 0
223 15747 15795 0
224 15786 15796 0
225 15734 15791 0
226 62659 62661 0
227 62607 62614 0
228 15731 15815 0
229 15758 15810 0
230 62644 62654 0
231 62614 62698 0
232 62618 62632 0
233 62666 62663 0
234 15785 15815 0
235 15760 15819 0
236 15746 15768 0
237 15775 15823 0
238 15758 15766 0
239 7967 7977 0
240 7922 7975 0
241 7945 7965 0
242 7957 7995 0
243 62695 62697 0
244 7927 7968 0
245 7962 7992 0
246 62698 62695 0
247 7925 7949 0
248 31352 31422 0
249 7935 7963 0
250 7915 7935 0
251 62639 62688 0
252 7949 7966 0
253 7989 8011 0
254 62607 62621 0
255 62647 62647 0
256 125167 125180 0
257 125133 125136 0
258 7945 8001 0
259 125173 125187 0
260 31382 31403 0
261 7934 8004 0
262 125122 125162 0
263 7984 8004 0
264 125181 125193 0
265 125152 125149 0
266 125158 125198 0
267 7948 7966 0
268 7965 7999 0
269 125102 125155 0
270 125125 125142 0
271 7973 7982 0
272 125168 125180 0
273 7922 7987 0
274 31357 31416 0
275 125102 125145 0
276 7946 8005 0
277 125132 125162 0
278 7928 7959 0
279 4058 4101 0
280 4062 4083 0
281 125113 125181 0
282 125108 125142 0
283 4051 4089 0
284 4042 4056 0
285 125106 125167 0
286 125110 125146 0
287 4010 4043 0
288 31391 31394 0
289 4010 4105 0
290 4013 4104 0
291 4064 4088 0
292 125140 125189 0
293 125142 125174 0
294 125133 125198 0
295 125185 125190 0
296 125111 125188 0
297 125172 125184 0
298 4049 4064 0
299 250115 250172 0
300 250136 250138 0
301 31390 31406 0
302 4068 4083 0
303 250140 250176 0
304 4020 4089 0
305 4022 4049 0
306 4007 4081 0
307 250118 250199 0
308 4013 4043 0
309 250110 250146 0
310 4020 4093 0
311 31397 31402 0
312 4068 4096 0
313 250197 250188 0
314 250140 250138 0
315 4024 4085 0
316 250119 250172 0
317 250190 250187 0
318 4065 4098 0
319 2078 2151 0
320 2127 2151 0
321 2093 2153 0
322 2075 2114 0
323 2055 2089 0
324 250106 250196 0
325 31363 31372 0
326 2110 2132 0
327 2065 2120 0
328 250125 250122 0
329 250197 250200 0
330 250189 250178 0
331 250136 250175 0
332 2075 2104 0
333 2063 2141 0
334 250103 250146 0
335 2056 2074 0
336 2098 2151 0
337 250180 250185 0
338 250113 250190 0
339 250108 250189 0
340 250145 250173 0
341 250136 250191 0
342 250103 250162 0
343 250176 250174 0
344 2063 2113 0
345 250178 250187 0
346 250112 250176 0
347 2054 2098 0
348 2069 2086 0
349 2084 2119 0
350 250134 250142 0
351 2136 2150 0
352 2120 2134 0
353 500104 500101 0
354 500139 500151 0
355 500107 500161 0
356 2063 2081 0
357 500188 500163 0
358 500139 500145 0
359 14 71 0
360 10 79 0
361 500116 500164 0
362 500171 500200 0
363 500118 500160 0
364 1 75 0
365 500169 500147 0
366 500136 500111 0
367 500185 500171 0
368 500143 500200 0
369 500175 500170 0
370 31352 31373 0
371 500178 500174 0
372 50 94 0
373 500133 500155 0
374 500122 500190 0
375 31356 31375 0
376 14 65 0
377 500116 500158 0
378 55 79 0
379 41 65 0
380 500111 500142 0
381 13 63 0
382 500162 500174 0
383 40 91 0
384 500143 500154 0
385 500198 500180 0
386 13 75 0
387 500104 500192 0
388 31390 31413 0
389 500106 500173 0
390 500117 500195 0
391 31368 31388 0
392 500168 500159 0
393 500139 500178 0
394 500185 500189 0
395 500136 500154 0
396 500185 500167 0
397 31380 31411 0
398 31392 31443 0
399 31357 31447 0
--------------
1000000 :c
1003891 :sum(p)
1000000 :sum(w)
