400 :n
id p,w,x
--------------
0 15817 15759 1
1 15779 15728 1
2 53 42 1
3 48 1 1
4 15809 15749 1
5 15786 15732 1
6 68 46 1
7 98 2 1
8 97 26 1
9 51 39 1
10 42 29 1
11 15816 15739 1
12 56 11 1
13 95 85 1
14 17 7 1
15 60 7 1
16 52 4 1
17 84 57 1
18 83 74 1
19 44 13 1
20 70 4 1
21 36 21 1
22 85 32 1
23 89 58 1
24 48 36 1
25 2114 2102 1
26 2133 2072 1
27 2114 2055 1
28 2130 2083 1
29 2117 2074 1
30 2095 2060 1
31 15797 15734 1
32 2136 2077 1
33 2091 2063 1
34 2141 2054 1
35 2117 2094 1
36 2147 2071 1
37 2141 2063 1
38 2153 2103 1
39 2143 2121 1
40 4097 4054 1
41 4046 4022 1
42 4087 4025 1
43 4075 4049 1
44 4091 4026 1
45 4074 4055 1
46 4101 4085 1
47 4095 4079 1
48 4094 4038 1
49 7993 7955 1
50 8002 7947 1
51 7970 7924 1
52 7995 7945 1
53 8009 7955 1
54 7969 7934 1
55 7997 7919 1
56 31417 31354 1
57 15777 15731 1
58 7949 7930 1
59 15807 15765 1
60 15800 15755 1
61 15807 15763 1
62 15778 15740 1
63 15793 15758 1
64 31442 31373 1
65 31430 31363 1
66 15802 15767 1
67 15781 15736 1
68 31432 31374 1
69 31435 31374 1
70 31448 31362 1
71 15785 15747 1
72 15763 15726 1
73 20 14 1
74 70 63 1
75 88 85 1
76 2119 2112 1
77 4069 4056 1
78 4061 4049 1
79 4068 4058 1
80 4032 4024 1
81 7995 7980 1
82 2136 2132 1
83 31426 31369 1
84 31414 31364 1
85 7928 7916 0
86 7988 7976 1
87 4035 4029 1
88 31427 31381 1
89 31438 31393 1
90 31447 31403 1
91 15765 15743 1
92 7955 7944 1
93 7983 7972 1
94 15820 15799 1
95 15823 15802 1
96 7975 7965 1
97 4030 4025 1
98 31405 31367 1
99 15777 15758 1
100 15780 15762 1
101 90 61 1
102 62684 62604 1
103 7955 7946 1
104 62697 62631 0
105 31393 31361 0
106 15807 15821 0
107 15805 15812 0
108 7995 8010 0
109 7931 7923 0
110 7992 7984 1
111 4015 4011 1
112 15791 15776 0
113 62678 62622 0
114 7965 7958 1
115 62694 62639 0
116 31386 31362 0
117 8004 8000 0
118 31387 31363 0
119 125198 125104 0
120 4022 4019 1
121 62652 62606 0
122 125197 125109 0
123 62693 62649 0
124 7921 7920 0
125 7931 7930 0
126 7955 7954 0
127 2070 2070 0
128 2151 2152 0
129 4027 4029 0
130 2140 2142 0
131 34 35 1
132 9 13 0
133 5 14 0
134 62646 62608 0
135 125191 125132 0
136 31406 31386 0
137 125166 125137 0
138 62657 62632 0
139 125175 125155 0
140 125180 125117 0
141 62650 62613 0
142 250159 250103 0
143 125156 125118 0
144 15753 15747 0
145 250162 250101 0
146 62671 62636 0
147 250147 250105 0
148 31374 31364 0
149 500191 500110 0
150 62633 62614 0
151 31396 31376 0
152 15788 15784 0
153 62672 62653 0
154 62690 62668 0
155 125177 125102 0
156 31402 31389 0
157 125180 125146 0
158 62695 62657 0
159 62689 62660 0
160 125154 125113 0
161 62620 62603 0
162 500164 500138 0
163 500162 500171 0
164 500129 500103 0
165 500118 500116 0
166 500129 500135 0
167 500145 500127 0
168 62671 62669 0
169 500138 500119 0
170 500159 500116 0
171 500120 500103 0
172 31432 31433 0
173 250198 250183 0
174 62657 62658 0
175 250189 250164 0
176 500165 500188 0
177 250155 250178 0
178 500146 500162 0
179 500103 500160 0
180 125178 125169 0
181 500111 500150 0
182 250161 250128 0
183 250169 250193 0
184 31371 31370 0
185 500176 500109 0
186 500109 500129 0
187 31417 31414 0
188 125185 125172 0
189 31395 31398 0
190 125175 125178 0
191 125156 125172 0
192 125162 125156 0
193 125165 125158 0
194 500116 500165 0
195 500155 500130 0
196 31420 31419 0
197 125188 125198 0
198 250181 250144 0
199 250112 250145 0
200 500163 500194 0
201 500156 500177 0
202 125186 125186 0
203 500157 500179 0
204 125165 125157 0
205 500198 500143 0
206 500173 500194 0
207 125124 125132 0
208 500129 500145 0
209 125132 125121 0
210 125179 125181 0
211 500109 500151 0
212 250178 250155 0
213 125116 125129 0
214 125128 125145 0
215 500125 500134 0
216 500161 500102 0
217 250119 250119 0
218 125162 125161 0
219 125166 125166 0
220 250118 250128 0
221 15732 15734 0
222 250159 250153 0
223 250184 250184 0
224 15801 15802 0
225 250160 250128 0
226 250147 250128 0
227 250131 250161 0
228 250152 250118 0
229 250160 250152 0
230 250189 250190 0
231 500192 500195 0
232 500156 500140 0
233 250135 250137 0
234 250128 250133 0
235 250131 250133 0
236 500163 500169 0
237 250127 250157 0
238 250196 250164 0
239 250198 250183 0
240 500152 500162 0
241 500137 500189 0
242 250200 250175 0
243 500104 500170 0
244 500118 500108 0
245 500119 500109 0
246 250167 250128 0
247 500129 500112 0
248 62637 62640 0
249 125171 125123 0
250 62681 62638 0
251 125172 125133 0
252 62673 62652 0
253 62649 62626 0
254 62700 62661 0
255 15737 15754 0
256 7930 8012 0
257 500103 500171 0
258 7979 7998 0
259 7952 7964 0
260 7946 7969 0
261 7939 7989 0
262 7918 7982 0
263 15753 15805 0
264 7918 7985 0
265 7966 8005 0
266 15752 15766 0
267 15727 15821 0
268 15727 15791 0
269 7947 7970 0
270 15764 15808 0
271 15765 15768 0
272 7962 7979 0
273 15733 15817 0
274 250131 250176 0
275 15743 15751 0
276 7956 8011 0
277 15727 15785 0
278 250139 250191 0
279 4046 4101 0
280 4019 4071 0
281 4041 4090 0
282 4020 4087 0
283 31422 31428 0
284 7922 7926 0
285 31385 31420 0
286 31418 31440 0
287 4037 4078 0
288 4071 4082 0
289 4071 4083 0
290 4031 4097 0
291 4025 4038 0
292 31398 31445 0
293 31418 31440 0
294 31383 31418 0
295 4052 4105 0
296 31411 31429 0
297 4041 4089 0
298 4069 4089 0
299 31375 31428 0
300 31375 31381 0
301 4059 4101 0
302 4013 4094 0
303 4064 4075 0
304 250139 250176 0
305 4061 4098 0
306 31384 31404 0
307 31361 31431 0
308 4024 4089 0
309 31442 31447 0
310 4065 4094 0
311 250117 250191 0
312 4031 4058 0
313 31394 31403 0
314 4045 4063 0
315 4063 4094 0
316 31367 31391 0
317 31408 31442 0
318 4012 4038 0
319 31368 31438 0
320 2076 2122 0
321 62673 62699 0
322 2061 2095 0
323 62652 62699 0
324 2074 2135 0
325 7935 8007 0
326 2105 2152 0
327 2123 2145 0
328 62631 62662 0
329 62657 62683 0
330 62611 62694 0
331 62634 62685 0
332 15748 15768 0
333 2109 2145 0
334 62655 62680 0
335 62612 62642 0
336 2062 2113 0
337 2060 2087 0
338 62607 62670 0
339 2072 2150 0
340 2089 2110 0
341 2095 2138 0
342 2061 2079 0
343 62646 62676 0
344 2065 2127 0
345 2139 2152 0
346 2106 2119 0
347 2085 2124 0
348 62610 62680 0
349 2098 2111 0
350 62658 62692 0
351 62631 62690 0
352 62615 62672 0
353 62614 62691 0
354 2101 2142 0
355 2080 2129 0
356 2058 2120 0
357 2061 2078 0
358 500104 500186 0
359 62613 62690 0
360 62629 62686 0
361 125114 125142 0
362 21 63 0
363 125120 125172 0
364 7957 7976 0
365 44 98 0
366 500102 500185 0
367 7951 7969 0
368 500104 500176 0
369 125148 125168 0
370 125111 125189 0
371 125135 125157 0
372 31 78 0
373 125111 125173 0
374 125107 125193 0
375 125158 125186 0
376 31 98 0
377 35 84 0
378 125116 125167 0
379 79 96 0
380 125100 125148 0
381 125131 125173 0
382 45 81 0
383 35 67 0
384 65 96 0
385 125135 125192 0
386 32 78 0
387 7931 8010 0
388 250145 250180 0
389 250109 250196 0
390 250133 250194 0
391 250110 250152 0
392 64 85 0
393 21 98 0
394 250125 250176 0
395 14 66 0
396 250123 250183 0
397 250107 250189 0
398 7954 7990 0
399 15790 15793 0
--------------
1000000 :c
1003896 :sum(p)
1000000 :sum(w)
