400 :n
id p,w,x
--------------
0 15808 15737 1
1 2106 2055 1
2 4074 4012 1
3 2138 2075 1
4 2150 2099 1
5 2135 2054 1
6 71 14 1
7 4103 4036 1
8 15808 15740 1
9 2136 2074 1
10 89 6 1
11 7981 7924 1
12 68 1 1
13 31445 31352 1
14 2129 2073 1
15 15821 15746 1
16 4072 4009 1
17 92 29 1
18 15807 15739 1
19 8011 7925 1
20 82 19 1
21 90 22 1
22 24 2 1
23 65 33 1
24 78 46 1
25 62 49 1
26 49 41 1
27 50 42 1
28 33 29 1
29 77 74 1
30 2102 2071 1
31 4067 4023 1
32 4072 4028 1
33 2093 2071 1
34 4049 4007 1
35 4060 4018 1
36 2146 2124 1
37 4099 4061 1
38 2114 2096 1
39 2152 2135 1
40 4104 4073 1
41 4057 4028 1
42 8005 7951 1
43 2120 2106 1
44 2152 2138 1
45 4063 4040 1
46 8003 7958 1
47 2137 2125 1
48 2138 2126 1
49 7977 7933 1
50 4083 4062 1
51 4104 4083 1
52 7978 7943 1
53 7967 7933 1
54 7948 7915 1
55 15797 15733 1
56 7954 7922 1
57 4030 4015 1
58 4039 4024 1
59 15788 15733 1
60 2125 2118 1
61 7996 7971 1
62 2136 2130 1
63 31434 31353 1
64 31437 31357 1
65 2104 2099 0
66 15794 15761 1
67 31428 31369 1
68 15784 15743 1
69 31434 31373 1
70 31433 31373 1
71 31447 31387 1
72 15816 15786 1
73 7953 7939 1
74 7999 7985 0
75 31441 31388 1
76 31413 31365 1
77 31407 31361 1
78 4098 4092 0
79 31426 31380 1
80 15805 15782 1
81 2069 2066 0
82 7974 7963 0
83 31396 31354 1
84 15781 15761 1
85 31420 31381 1
86 4056 4051 0
87 62674 62606 1
88 31417 31383 0
89 31450 31385 1
90 15777 15746 1
91 15781 15764 0
92 62700 62633 1
93 62687 62625 0
94 62693 62663 0
95 31446 31423 0
96 2144 2143 0
97 62680 62621 1
98 31407 31379 0
99 62685 62633 0
100 62656 62606 0
101 4042 4039 0
102 31413 31393 0
103 31432 31413 0
104 15748 15739 0
105 31426 31410 0
106 15760 15752 0
107 4033 4031 0
108 125180 125103 0
109 62652 62609 0
110 125185 125114 0
111 125189 125119 0
112 62673 62638 0
113 62635 62601 0
114 62652 62609 0
115 62644 62601 0
116 62674 62643 0
117 125182 125119 0
118 125191 125100 0
119 52 91 0
120 62650 62620 0
121 31367 31352 0
122 31378 31363 0
123 31394 31379 0
124 15787 15780 0
125 62688 62665 0
126 62663 62643 0
127 31434 31424 0
128 15781 15776 0
129 31406 31397 0
130 15764 15760 0
131 7973 7972 0
132 15727 15727 0
133 2061 2061 0
134 7985 7987 0
135 4024 4026 0
136 7920 7925 0
137 8002 8008 0
138 4026 4030 0
139 4020 4024 0
140 7918 7926 0
141 7989 7998 0
142 7961 7970 0
143 7960 7971 0
144 7950 7961 0
145 4022 4028 0
146 7938 7951 0
147 2144 2148 0
148 4070 4079 0
149 4031 4040 0
150 2127 2132 0
151 2082 2088 0
152 4028 4042 0
153 4028 4043 0
154 4044 4062 0
155 2079 2089 0
156 2121 2135 0
157 2110 2124 0
158 2090 2106 0
159 2111 2133 0
160 2072 2095 0
161 44 45 1
162 34 35 0
163 72 80 0
164 87 98 0
165 72 82 0
166 59 69 0
167 37 48 0
168 62 81 0
169 35 47 0
170 62 88 0
171 33 52 0
172 20 41 0
173 250183 250137 0
174 250107 250107 0
175 250178 250122 0
176 250151 250151 0
177 500143 500110 0
178 500174 500180 0
179 500144 500124 0
180 500133 500119 0
181 500175 500177 0
182 500188 500183 0
183 500128 500122 0
184 500194 500131 0
185 500178 500101 0
186 500151 500121 0
187 500172 500152 0
188 500184 500190 0
189 31421 31414 0
190 500152 500156 0
191 500168 500164 0
192 500160 500148 0
193 31429 31425 0
194 500135 500116 0
195 500178 500180 0
196 500188 500144 0
197 500172 500153 0
198 62621 62604 0
199 125183 125173 0
200 62607 62604 0
201 62667 62649 0
202 125159 125110 0
203 125181 125129 0
204 125177 125124 0
205 250187 250105 0
206 62633 62625 0
207 125180 125156 0
208 125176 125147 0
209 62629 62615 0
210 62685 62667 0
211 125145 125109 0
212 125174 125146 0
213 125179 125143 0
214 125185 125170 0
215 250115 250106 0
216 250171 250162 0
217 250148 250115 0
218 62628 62626 0
219 250182 250149 0
220 62637 62636 0
221 125111 125110 0
222 250189 250185 0
223 250176 250140 0
224 62689 62681 0
225 250110 250111 0
226 250107 250110 0
227 31435 31430 0
228 250192 250138 0
229 250169 250156 0
230 250173 250118 0
231 250155 250106 0
232 250198 250132 0
233 125158 125143 0
234 250159 250157 0
235 250150 250152 0
236 31419 31417 0
237 125102 125100 0
238 250111 250104 0
239 31411 31409 0
240 31404 31398 0
241 62619 62658 0
242 7919 7965 0
243 7967 8000 0
244 62654 62682 0
245 7918 7971 0
246 7982 8003 0
247 62605 62633 0
248 7939 8011 0
249 7964 8008 0
250 7953 7998 0
251 7954 7977 0
252 7919 7946 0
253 62611 62700 0
254 7925 7969 0
255 7950 7987 0
256 62616 62630 0
257 7920 7962 0
258 7937 7968 0
259 62644 62694 0
260 62628 62665 0
261 15768 15794 0
262 125126 125183 0
263 7936 7975 0
264 62622 62694 0
265 125107 125199 0
266 62614 62624 0
267 62614 62679 0
268 125140 125193 0
269 7924 7954 0
270 125125 125127 0
271 15740 15806 0
272 125119 125199 0
273 15806 15820 0
274 15795 15810 0
275 125120 125126 0
276 7945 7989 0
277 7974 8004 0
278 125127 125153 0
279 125135 125148 0
280 125163 125172 0
281 125135 125145 0
282 15728 15796 0
283 15734 15819 0
284 4011 4094 0
285 125125 125137 0
286 62688 62698 0
287 4034 4078 0
288 15734 15783 0
289 125143 125146 0
290 125121 125126 0
291 125165 125173 0
292 15749 15791 0
293 125140 125170 0
294 4051 4101 0
295 125161 125195 0
296 125136 125184 0
297 125106 125170 0
298 4052 4095 0
299 15732 15759 0
300 4038 4087 0
301 4007 4071 0
302 4021 4066 0
303 125140 125144 0
304 125139 125165 0
305 15736 15793 0
306 125110 125166 0
307 4015 4047 0
308 125136 125167 0
309 15730 15768 0
310 4066 4095 0
311 250124 250157 0
312 4009 4055 0
313 250114 250167 0
314 250176 250198 0
315 62645 62695 0
316 4065 4098 0
317 250118 250125 0
318 4045 4097 0
319 62679 62680 0
320 250156 250186 0
321 250140 250180 0
322 250128 250150 0
323 250143 250194 0
324 62667 62669 0
325 250179 250198 0
326 2055 2141 0
327 2068 2147 0
328 250167 250180 0
329 250153 250183 0
330 2075 2153 0
331 15744 15800 0
332 62632 62641 0
333 2092 2119 0
334 15752 15805 0
335 250146 250192 0
336 15789 15806 0
337 2069 2131 0
338 250108 250113 0
339 31405 31449 0
340 250131 250199 0
341 2102 2147 0
342 250111 250135 0
343 250161 250174 0
344 250164 250181 0
345 2079 2148 0
346 250129 250142 0
347 250108 250170 0
348 500121 500152 0
349 31381 31399 0
350 15755 15818 0
351 500143 500192 0
352 2097 2128 0
353 2065 2121 0
354 500139 500195 0
355 500108 500136 0
356 500113 500168 0
357 2083 2152 0
358 500113 500185 0
359 500145 500190 0
360 15753 15816 0
361 500164 500176 0
362 500136 500187 0
363 41 81 0
364 15729 15739 0
365 31394 31447 0
366 58 89 0
367 41 70 0
368 17 65 0
369 500126 500189 0
370 15763 15825 0
371 15792 15818 0
372 500102 500127 0
373 31398 31417 0
374 31424 31426 0
375 47 83 0
376 45 85 0
377 31360 31394 0
378 500103 500180 0
379 500150 500157 0
380 36 85 0
381 31426 31449 0
382 15781 15795 0
383 35 83 0
384 42 76 0
385 500118 500125 0
386 5 94 0
387 500157 500165 0
388 15772 15806 0
389 2 71 0
390 500174 500184 0
391 500161 500169 0
392 18 92 0
393 500130 500178 0
394 31411 31427 0
395 500130 500167 0
396 500108 500116 0
397 68 96 0
398 500185 500192 0
399 31353 31419 0
--------------
1000000 :c
1003683 :sum(p)
1000000 :sum(w)
