400 :n
id p,w,x
--------------
0 91 36 1
1 4099 4012 1
2 7970 7921 1
3 2151 2055 1
4 4088 4029 1
5 87 49 1
6 7993 7933 1
7 2123 2057 1
8 4076 4011 1
9 4074 4024 1
10 8004 7920 1
11 7965 7917 1
12 87 45 1
13 89 39 1
14 93 2 1
15 7973 7913 1
16 8006 7945 1
17 96 2 1
18 89 19 1
19 2134 2098 1
20 2135 2086 1
21 79 48 1
22 2141 2057 1
23 7993 7924 1
24 70 11 1
25 2150 2079 1
26 2124 2079 1
27 2136 2071 1
28 99 57 1
29 2124 2059 1
30 2148 2072 1
31 15824 15763 1
32 7996 7949 1
33 15804 15742 1
34 15808 15759 1
35 15812 15750 1
36 31448 31354 1
37 15825 15750 1
38 53 27 1
39 47 32 1
40 49 36 1
41 85 64 1
42 29 22 1
43 55 42 1
44 83 65 1
45 64 52 1
46 36 31 1
47 83 73 1
48 61 55 1
49 38 35 1
50 2075 2054 1
51 2085 2066 1
52 2092 2073 1
53 2107 2089 1
54 4104 4081 1
55 4075 4054 1
56 2136 2125 1
57 7971 7933 1
58 2137 2127 1
59 2095 2086 1
60 2113 2104 1
61 7998 7968 1
62 7996 7972 1
63 15781 15735 1
64 7980 7959 1
65 15817 15779 1
66 31434 31359 1
67 2122 2117 1
68 15776 15739 1
69 15804 15769 1
70 31425 31361 1
71 15824 15792 1
72 15820 15789 1
73 7987 7972 1
74 15811 15782 1
75 15818 15789 1
76 31414 31355 1
77 2064 2055 1
78 15796 15769 1
79 31418 31366 1
80 31414 31364 1
81 31423 31373 1
82 31421 31372 1
83 4055 4049 1
84 15761 15738 1
85 31430 31385 1
86 15817 15796 1
87 96 54 1
88 31424 31388 1
89 31381 31352 1
90 31414 31375 1
91 15782 15766 1
92 7985 7977 1
93 2130 2128 1
94 4063 4056 1
95 62692 62613 1
96 62685 62629 1
97 62689 62639 0
98 15744 15732 1
99 62691 62695 0
100 15818 15817 0
101 125173 125125 0
102 8008 8002 1
103 4049 4046 1
104 125195 125107 0
105 31447 31440 0
106 62662 62620 0
107 31422 31401 0
108 62658 62618 0
109 15771 15761 0
110 62686 62647 0
111 125192 125115 0
112 62661 62623 0
113 125167 125104 0
114 62672 62642 0
115 125198 125139 0
116 125175 125123 0
117 74 78 0
118 31395 31372 0
119 7987 7984 1
120 125162 125119 0
121 125171 125137 0
122 125141 125108 0
123 125199 125166 0
124 62665 62649 0
125 31442 31434 0
126 31444 31436 0
127 15744 15740 0
128 15816 15812 0
129 62628 62613 0
130 62686 62671 0
131 125140 125111 0
132 125176 125154 0
133 125185 125167 0
134 125191 125175 0
135 31396 31392 0
136 62685 62678 0
137 125120 125108 0
138 31400 31397 0
139 31380 31378 0
140 62608 62607 0
141 62650 62649 0
142 8007 8007 0
143 62601 62601 0
144 81 81 1
145 7948 7948 0
146 4026 4026 0
147 31354 31355 0
148 62663 62665 0
149 31399 31401 0
150 31394 31396 0
151 62644 62651 0
152 31412 31416 0
153 31371 31375 0
154 62643 62654 0
155 62636 62647 0
156 15741 15744 0
157 4104 4105 0
158 15767 15772 0
159 2075 2076 1
160 2068 2069 0
161 4081 4084 0
162 15758 15771 0
163 7922 7929 0
164 15770 15784 0
165 2123 2125 1
166 15808 15823 0
167 15742 15757 0
168 7979 7987 0
169 7963 7972 0
170 7916 7927 0
171 7985 7997 0
172 7957 7970 0
173 7992 8006 0
174 7922 7936 0
175 7920 7934 0
176 2144 2149 1
177 7962 7983 0
178 4078 4089 0
179 4063 4074 0
180 4010 4021 0
181 4085 4097 0
182 4058 4071 0
183 4017 4032 0
184 2101 2109 0
185 2099 2107 0
186 4037 4053 0
187 4087 4104 0
188 2096 2105 0
189 4063 4082 0
190 2079 2089 0
191 4027 4048 0
192 4057 4079 0
193 2071 2087 0
194 2086 2104 0
195 2069 2094 0
196 57 61 0
197 73 79 0
198 34 38 0
199 29 36 0
200 66 83 0
201 63 89 0
202 34 52 0
203 500136 500197 0
204 125146 125169 0
205 500121 500141 0
206 500185 500162 0
207 125170 125167 0
208 500194 500103 0
209 500111 500180 0
210 500175 500115 0
211 500123 500171 0
212 500152 500169 0
213 500173 500136 0
214 500112 500133 0
215 500200 500177 0
216 125149 125151 0
217 500199 500110 0
218 500157 500198 0
219 500183 500110 0
220 500102 500108 0
221 500198 500144 0
222 125144 125156 0
223 500145 500176 0
224 500129 500197 0
225 500112 500151 0
226 500115 500155 0
227 500130 500193 0
228 500157 500192 0
229 500177 500120 0
230 125151 125166 0
231 500183 500162 0
232 500183 500154 0
233 500179 500172 0
234 500187 500121 0
235 500171 500148 0
236 500140 500168 0
237 500101 500191 0
238 500113 500102 0
239 500151 500120 0
240 125187 125197 0
241 500186 500127 0
242 125115 125113 0
243 125157 125173 0
244 250173 250169 0
245 250163 250165 0
246 250133 250106 0
247 250171 250186 0
248 250151 250102 0
249 250197 250140 0
250 250143 250107 0
251 250166 250142 0
252 250193 250147 0
253 250197 250142 0
254 250149 250192 0
255 250175 250149 0
256 250192 250183 0
257 250186 250163 0
258 250163 250158 0
259 250141 250183 0
260 250138 250129 0
261 250168 250174 0
262 250156 250113 0
263 250177 250137 0
264 250136 250167 0
265 250113 250128 0
266 250200 250141 0
267 250161 250124 0
268 250151 250126 0
269 250184 250197 0
270 250196 250141 0
271 250159 250121 0
272 250160 250185 0
273 250172 250160 0
274 250133 250165 0
275 125192 125196 0
276 250182 250160 0
277 250139 250111 0
278 250178 250177 0
279 250147 250159 0
280 250191 250193 0
281 125161 125158 0
282 250200 250110 0
283 125113 125133 0
284 500179 500113 0
285 500195 500131 0
286 500133 500161 0
287 500180 500119 0
288 500157 500194 0
289 500133 500125 0
290 500197 500188 0
291 4015 4043 0
292 4068 4106 0
293 4009 4101 0
294 4036 4085 0
295 4013 4058 0
296 31406 31426 0
297 4016 4069 0
298 31399 31445 0
299 4022 4095 0
300 4019 4053 0
301 4023 4077 0
302 31368 31384 0
303 4009 4087 0
304 31373 31381 0
305 4036 4065 0
306 4052 4085 0
307 15774 15814 0
308 4038 4089 0
309 4062 4100 0
310 4061 4094 0
311 31382 31416 0
312 15742 15776 0
313 4047 4088 0
314 4014 4096 0
315 31365 31393 0
316 15764 15792 0
317 15787 15816 0
318 31390 31400 0
319 15773 15817 0
320 31427 31443 0
321 15753 15797 0
322 2125 2151 0
323 31367 31381 0
324 7968 8003 0
325 31401 31420 0
326 2084 2141 0
327 31372 31411 0
328 15726 15798 0
329 2112 2139 0
330 31368 31413 0
331 31362 31416 0
332 31388 31425 0
333 31373 31446 0
334 15748 15797 0
335 62621 62673 0
336 7934 7965 0
337 7956 7991 0
338 7936 7964 0
339 62609 62660 0
340 2063 2111 0
341 62632 62649 0
342 62631 62650 0
343 62611 62696 0
344 2055 2130 0
345 2060 2131 0
346 2060 2128 0
347 15765 15818 0
348 62663 62693 0
349 7943 7969 0
350 62613 62672 0
351 62630 62684 0
352 62639 62699 0
353 7917 7958 0
354 62641 62655 0
355 62637 62672 0
356 62645 62666 0
357 2116 2142 0
358 62628 62696 0
359 65 94 0
360 55 94 0
361 62638 62660 0
362 69 98 0
363 62609 62684 0
364 29 66 0
365 62636 62700 0
366 29 97 0
367 13 70 0
368 62625 62653 0
369 62622 62663 0
370 62608 62658 0
371 62622 62635 0
372 7972 7996 0
373 125135 125182 0
374 125160 125199 0
375 7914 7950 0
376 125104 125189 0
377 125145 125195 0
378 15770 15821 0
379 15729 15778 0
380 125140 125186 0
381 125122 125169 0
382 125163 125189 0
383 17 67 0
384 125122 125198 0
385 125128 125157 0
386 125108 125177 0
387 7959 8002 0
388 125130 125176 0
389 125141 125178 0
390 15792 15819 0
391 125154 125180 0
392 125159 125186 0
393 250102 250183 0
394 250102 250174 0
395 7923 7984 0
396 11 47 0
397 250115 250189 0
398 7914 7969 0
399 7918 7966 0
--------------
1000000 :c
1003946 :sum(p)
1000000 :sum(w)
