400 :n
id p,w,x
--------------
0 89 66 1
1 72 33 1
2 100 81 1
3 2142 2105 1
4 69 21 1
5 57 31 1
6 78 19 1
7 61 19 1
8 50 18 1
9 93 54 1
10 87 68 1
11 4067 4009 1
12 2144 2065 1
13 2133 2068 1
14 2139 2072 1
15 52 4 1
16 2081 2054 1
17 2134 2080 1
18 2128 2059 1
19 4104 4007 1
20 2131 2102 1
21 90 28 1
22 34 13 1
23 2152 2107 1
24 81 42 1
25 4103 4036 1
26 4067 4015 1
27 98 72 1
28 4100 4045 1
29 4044 4010 1
30 15812 15760 1
31 4053 4036 1
32 4062 4038 1
33 4039 4019 1
34 15800 15763 1
35 4075 4049 1
36 7998 7959 1
37 4047 4008 1
38 2075 2054 1
39 31409 31354 1
40 4092 4055 1
41 8010 7978 1
42 31431 31367 1
43 4076 4031 1
44 31412 31355 1
45 4061 4044 1
46 7992 7967 1
47 7968 7928 1
48 2146 2127 1
49 8007 7943 1
50 4053 4022 1
51 2094 2069 1
52 8007 7963 1
53 31408 31352 1
54 7985 7953 1
55 7959 7915 1
56 31406 31357 1
57 4082 4048 1
58 31423 31365 1
59 8005 7945 1
60 15802 15749 1
61 15791 15738 1
62 2091 2074 1
63 2139 2119 1
64 2075 2054 1
65 4093 4051 1
66 7950 7921 1
67 15805 15774 1
68 2083 2063 1
69 7987 7938 1
70 33 27 1
71 47 40 1
72 79 74 1
73 2089 2075 1
74 2153 2140 1
75 2083 2072 1
76 2107 2097 1
77 2104 2095 1
78 4059 4046 1
79 4095 4083 1
80 7963 7943 1
81 7966 7947 1
82 4030 4021 1
83 4030 4022 1
84 7999 7984 1
85 7997 7983 1
86 4103 4096 0
87 15818 15794 1
88 7967 7955 1
89 15806 15783 1
90 31396 31352 1
91 7983 7972 1
92 62692 62607 1
93 62695 62613 1
94 62694 62613 1
95 4025 4020 1
96 62698 62634 1
97 31440 31408 1
98 15752 15736 1
99 15813 15797 0
100 2127 2064 1
101 7940 7918 1
102 15805 15790 1
103 62685 62629 1
104 62659 62605 0
105 62695 62646 0
106 31443 31427 0
107 32 54 0
108 62671 62617 0
109 15773 15761 0
110 125197 125103 0
111 4075 4072 0
112 62685 62640 0
113 62690 62648 0
114 31412 31391 0
115 62647 62607 0
116 31426 31406 0
117 15748 15738 0
118 125180 125104 0
119 125197 125121 0
120 31412 31393 0
121 62679 62647 0
122 15762 15754 1
123 7947 7943 0
124 7967 7963 0
125 125178 125116 0
126 62640 62609 0
127 2067 2066 0
128 62676 62646 0
129 31406 31392 0
130 125164 125110 0
131 62630 62603 0
132 125167 125114 0
133 125180 125127 0
134 125174 125122 0
135 125190 125138 0
136 31408 31395 0
137 125155 125105 0
138 7979 7976 0
139 125151 125111 0
140 62651 62631 0
141 125194 125155 0
142 62626 62607 0
143 125192 125155 0
144 62678 62660 0
145 31423 31414 0
146 125157 125124 0
147 125157 125125 0
148 31366 31358 0
149 250176 250114 0
150 125171 125141 0
151 62686 62672 0
152 250192 250138 0
153 250192 250143 0
154 500198 500102 0
155 62681 62669 0
156 31390 31384 0
157 31398 31392 0
158 500189 500106 0
159 125147 125129 0
160 125191 125173 0
161 500183 500118 0
162 500199 500134 0
163 250194 250162 0
164 125199 125183 0
165 62620 62612 0
166 15784 15782 0
167 500200 500139 0
168 500169 500109 0
169 250146 250116 0
170 250153 250123 0
171 500194 500139 0
172 500200 500146 0
173 250145 250118 0
174 125118 125105 0
175 125186 125174 0
176 500172 500126 0
177 500191 500146 0
178 250162 250140 0
179 500147 500106 0
180 62677 62672 0
181 500199 500160 0
182 500191 500153 0
183 500191 500154 0
184 250128 250112 0
185 250169 250153 0
186 62693 62689 0
187 500181 500150 0
188 500135 500107 0
189 500177 500149 0
190 250174 250161 0
191 500179 500155 0
192 125190 125184 0
193 500155 500136 0
194 500186 500168 0
195 500121 500105 0
196 500137 500121 0
197 31417 31416 0
198 250157 250150 0
199 250133 250127 0
200 500174 500166 0
201 500163 500158 0
202 500116 500112 0
203 7993 7993 0
204 62677 62677 0
205 500179 500182 0
206 250110 250113 0
207 62690 62691 0
208 125112 125114 0
209 250166 250170 0
210 500192 500200 0
211 500176 500186 0
212 250188 250195 0
213 250105 250112 0
214 500150 500165 0
215 250177 250185 0
216 250137 250145 0
217 500177 500193 0
218 500146 500162 0
219 250155 250166 0
220 250147 250158 0
221 500144 500169 0
222 125163 125171 0
223 125112 125120 0
224 250173 250189 0
225 125122 125131 0
226 250163 250181 0
227 250110 250129 0
228 62614 62619 0
229 250180 250200 0
230 250124 250144 0
231 500154 500194 0
232 7983 7984 0
233 7935 7936 0
234 4016 4019 0
235 2125 2134 0
236 2110 2119 0
237 97 100 0
238 79 84 0
239 46 50 0
240 17 21 0
241 38 49 0
242 8 13 0
243 7 17 0
244 3 11 0
245 31360 31392 0
246 31409 31450 0
247 31376 31438 0
248 31368 31399 0
249 8000 8005 0
250 31367 31397 0
251 15765 15776 0
252 15803 15807 0
253 31359 31383 0
254 31352 31428 0
255 31424 31447 0
256 31355 31393 0
257 31420 31440 0
258 31392 31409 0
259 31439 31446 0
260 31384 31446 0
261 7979 7984 0
262 7982 7990 0
263 7943 7948 0
264 31383 31427 0
265 7986 7999 0
266 31361 31426 0
267 500110 500152 0
268 31381 31419 0
269 31384 31420 0
270 62660 62680 0
271 62628 62698 0
272 62611 62645 0
273 7990 8003 0
274 62651 62662 0
275 62631 62664 0
276 62648 62670 0
277 62604 62700 0
278 62604 62646 0
279 62610 62664 0
280 62615 62665 0
281 62655 62679 0
282 4086 4095 0
283 62621 62634 0
284 62628 62683 0
285 62625 62660 0
286 125178 125196 0
287 125103 125149 0
288 125130 125159 0
289 125100 125166 0
290 4094 4103 0
291 125114 125149 0
292 125136 125179 0
293 125124 125190 0
294 125120 125157 0
295 125107 125128 0
296 125101 125121 0
297 125125 125139 0
298 125105 125188 0
299 125168 125182 0
300 125114 125177 0
301 250142 250200 0
302 15749 15752 0
303 250115 250160 0
304 250151 250192 0
305 250115 250177 0
306 250142 250198 0
307 250103 250164 0
308 250115 250161 0
309 250153 250189 0
310 250126 250172 0
311 250149 250180 0
312 250130 250157 0
313 250120 250156 0
314 250125 250173 0
315 250143 250168 0
316 500136 500179 0
317 500118 500173 0
318 500138 500186 0
319 500138 500192 0
320 500120 500199 0
321 500118 500192 0
322 31381 31429 0
323 15769 15795 0
324 15784 15821 0
325 15777 15787 0
326 15764 15786 0
327 15759 15791 0
328 15789 15813 0
329 15793 15815 0
330 15726 15742 0
331 15783 15795 0
332 7971 7988 0
333 15732 15754 0
334 31362 31409 0
335 2125 2152 0
336 2077 2101 0
337 2063 2146 0
338 4073 4101 0
339 4008 4036 0
340 4062 4083 0
341 4029 4089 0
342 2112 2142 0
343 2110 2152 0
344 2102 2122 0
345 2110 2138 0
346 2068 2129 0
347 2093 2121 0
348 4069 4106 0
349 2088 2149 0
350 7952 7977 0
351 7926 7964 0
352 7936 7991 0
353 2069 2103 0
354 7927 7983 0
355 7942 7969 0
356 2077 2121 0
357 7950 8002 0
358 2122 2137 0
359 69 90 0
360 12 51 0
361 43 99 0
362 7933 7997 0
363 7953 7982 0
364 7929 7984 0
365 10 48 0
366 15784 15823 0
367 15742 15808 0
368 34 50 0
369 15727 15786 0
370 15729 15789 0
371 15731 15824 0
372 80 96 0
373 15 49 0
374 15762 15822 0
375 15758 15818 0
376 4037 4064 0
377 15734 15822 0
378 15735 15794 0
379 4036 4091 0
380 4007 4089 0
381 4037 4100 0
382 15745 15820 0
383 45 64 0
384 4018 4088 0
385 71 92 0
386 4051 4063 0
387 4046 4101 0
388 30 70 0
389 4022 4054 0
390 15737 15817 0
391 15751 15801 0
392 15785 15824 0
393 18 79 0
394 37 50 0
395 26 38 0
396 31359 31445 0
397 31358 31443 0
398 2060 2130 0
399 2096 2120 0
--------------
1000000 :c
1003702 :sum(p)
999999 :sum(w)
