400 :n
id p,w,x
--------------
0 58 1 1
1 90 3 1
2 62 10 1
3 95 31 1
4 78 8 1
5 66 25 1
6 84 11 1
7 2129 2097 1
8 2139 2079 1
9 2138 2094 1
10 2126 2081 1
11 2140 2088 1
12 4101 4038 1
13 8007 7922 1
14 7996 7931 1
15 2119 2078 1
16 8003 7929 1
17 4097 4040 1
18 7996 7936 1
19 2117 2063 1
20 4055 4009 1
21 2153 2118 1
22 2141 2098 1
23 86 56 1
24 4095 4026 1
25 4078 4030 1
26 4054 4021 1
27 7980 7923 1
28 33 12 1
29 25 14 1
30 51 30 1
31 66 39 1
32 58 39 1
33 33 23 1
34 73 58 1
35 82 67 1
36 75 69 1
37 26 24 0
38 92 85 1
39 2144 2122 1
40 2078 2057 1
41 2144 2124 1
42 2144 2124 1
43 2151 2131 1
44 2152 2135 1
45 7973 7928 1
46 15824 15739 1
47 7966 7926 1
48 7958 7919 1
49 7974 7936 1
50 15816 15741 1
51 7996 7959 1
52 7950 7916 1
53 7950 7916 1
54 2133 2124 1
55 4048 4031 1
56 2085 2077 0
57 4095 4080 1
58 15816 15760 1
59 7956 7928 1
60 7975 7947 1
61 4086 4073 1
62 7969 7944 1
63 7949 7925 1
64 15775 15728 1
65 2075 2069 1
66 8003 7980 1
67 15780 15737 1
68 15817 15776 1
69 31444 31363 1
70 15764 15727 1
71 7934 7916 1
72 4070 4061 0
73 4081 4072 0
74 31449 31381 1
75 7979 7962 1
76 31429 31367 1
77 15777 15746 1
78 31427 31368 1
79 31422 31366 1
80 7986 7972 1
81 31415 31363 1
82 15755 15729 1
83 15752 15727 1
84 31417 31373 1
85 31393 31353 1
86 15817 15797 1
87 62690 62614 1
88 62689 62612 1
89 31436 31404 1
90 62700 62637 1
91 31 11 1
92 31433 31402 0
93 62657 62602 1
94 62699 62652 1
95 31445 31423 0
96 62700 62662 0
97 15809 15811 0
98 62699 62659 0
99 62664 62623 0
100 62677 62637 0
101 62682 62642 0
102 65 74 0
103 125192 125110 0
104 62700 62660 0
105 8010 8005 0
106 4088 4092 0
107 8012 8007 0
108 125184 125108 0
109 31404 31386 0
110 125178 125113 0
111 15795 15787 0
112 62664 62634 0
113 31397 31382 0
114 62662 62633 0
115 31443 31429 0
116 125180 125130 0
117 15787 15781 0
118 125148 125102 0
119 62634 62612 0
120 31379 31368 0
121 31412 31402 0
122 62647 62628 0
123 62667 62649 0
124 250182 250112 0
125 250189 250123 0
126 125139 125107 0
127 62696 62680 0
128 250164 250101 0
129 250173 250110 0
130 250186 250128 0
131 125137 125108 0
132 125153 125124 0
133 125161 125132 0
134 62622 62608 0
135 250180 250125 0
136 125185 125158 0
137 125167 125143 0
138 250183 250142 0
139 250141 250103 0
140 62661 62652 0
141 62652 62644 0
142 7996 7995 0
143 500194 500132 0
144 250153 250124 0
145 125127 125113 0
146 500158 500111 0
147 250130 250109 0
148 250121 250101 0
149 250146 250126 0
150 125170 125160 0
151 250127 250108 0
152 500194 500157 0
153 250159 250141 0
154 250142 250125 0
155 500158 500125 0
156 500160 500127 0
157 62682 62678 0
158 31394 31392 0
159 31444 31442 0
160 15745 15744 0
161 250175 250160 0
162 500182 500155 0
163 500198 500172 0
164 250146 250133 0
165 500130 500109 0
166 500185 500164 0
167 500122 500102 0
168 125124 125119 0
169 500148 500130 0
170 500174 500158 0
171 250167 250159 0
172 125183 125179 0
173 62697 62695 0
174 500127 500113 0
175 250169 250162 0
176 125173 125170 0
177 500143 500132 0
178 500197 500186 0
179 500158 500148 0
180 62648 62647 0
181 500184 500177 0
182 4034 4034 0
183 51 51 0
184 2065 2065 0
185 31363 31365 0
186 31374 31377 0
187 4017 4019 0
188 7939 7943 0
189 7927 7931 0
190 7923 7927 0
191 7941 7946 0
192 15779 15789 0
193 15779 15790 0
194 15770 15781 0
195 2061 2064 0
196 4051 4057 0
197 4031 4037 0
198 7952 7964 0
199 4050 4057 0
200 4060 4068 0
201 2132 2137 0
202 2105 2110 0
203 7964 7983 0
204 2088 2093 0
205 4049 4060 0
206 4027 4042 0
207 4064 4080 0
208 4024 4040 0
209 4023 4039 0
210 4084 4101 0
211 4079 4096 0
212 2055 2065 0
213 4082 4105 0
214 4014 4037 0
215 2083 2095 0
216 2073 2091 0
217 2122 2141 0
218 2109 2135 0
219 50 52 0
220 77 87 0
221 61 85 0
222 30 42 0
223 34 50 0
224 11 24 0
225 12 28 0
226 8 21 0
227 62608 62637 0
228 125143 125194 0
229 15735 15753 0
230 125119 125137 0
231 125137 125187 0
232 125116 125179 0
233 31425 31446 0
234 125120 125121 0
235 125164 125181 0
236 125111 125123 0
237 125118 125169 0
238 125187 125187 0
239 125157 125179 0
240 125105 125161 0
241 125117 125186 0
242 125159 125192 0
243 125129 125147 0
244 125106 125180 0
245 125132 125171 0
246 31397 31416 0
247 31353 31384 0
248 125123 125164 0
249 125141 125160 0
250 125121 125123 0
251 125112 125174 0
252 125129 125186 0
253 125144 125192 0
254 125103 125173 0
255 125150 125167 0
256 250142 250198 0
257 250102 250116 0
258 250114 250189 0
259 250145 250183 0
260 31372 31422 0
261 250127 250131 0
262 250174 250176 0
263 250140 250167 0
264 250184 250187 0
265 250150 250200 0
266 250144 250181 0
267 250153 250171 0
268 250114 250157 0
269 250126 250196 0
270 250126 250180 0
271 250116 250154 0
272 31391 31413 0
273 250142 250188 0
274 250145 250153 0
275 31414 31443 0
276 31432 31443 0
277 250151 250152 0
278 250170 250190 0
279 31379 31392 0
280 250124 250129 0
281 250101 250197 0
282 31384 31398 0
283 31365 31421 0
284 500127 500127 0
285 500130 500148 0
286 500114 500179 0
287 31353 31411 0
288 500118 500118 0
289 500112 500113 0
290 31364 31391 0
291 500120 500197 0
292 500145 500186 0
293 500183 500195 0
294 500102 500170 0
295 500115 500168 0
296 500144 500154 0
297 31375 31400 0
298 500155 500165 0
299 500188 500189 0
300 500116 500125 0
301 500105 500197 0
302 500159 500197 0
303 500162 500162 0
304 500165 500192 0
305 500168 500178 0
306 500147 500170 0
307 500123 500179 0
308 500113 500109 0
309 31351 31388 0
310 31355 31381 0
311 31410 31440 0
312 62608 62611 0
313 500166 500161 0
314 62629 62672 0
315 15805 15823 0
316 62617 62656 0
317 31373 31421 0
318 62654 62699 0
319 62607 62648 0
320 62629 62683 0
321 15806 15824 0
322 62644 62646 0
323 31410 31439 0
324 15763 15783 0
325 62626 62646 0
326 15803 15822 0
327 62693 62698 0
328 62626 62658 0
329 31415 31427 0
330 62648 62650 0
331 62623 62643 0
332 15790 15806 0
333 15769 15790 0
334 15746 15764 0
335 62636 62645 0
336 62632 62646 0
337 62619 62630 0
338 62673 62689 0
339 2074 2108 0
340 2070 2151 0
341 4008 4099 0
342 2055 2145 0
343 2054 2098 0
344 2061 2120 0
345 4042 4077 0
346 4027 4072 0
347 2054 2114 0
348 2076 2104 0
349 7926 7969 0
350 2069 2142 0
351 7944 7972 0
352 4041 4085 0
353 2087 2134 0
354 7952 7994 0
355 7929 7958 0
356 7969 7991 0
357 4017 4059 0
358 2101 2139 0
359 4013 4080 0
360 4054 4084 0
361 7954 8006 0
362 3 53 0
363 7970 8008 0
364 7959 8005 0
365 7918 7977 0
366 7949 7983 0
367 7944 7987 0
368 56 94 0
369 15727 15770 0
370 2064 2153 0
371 7 43 0
372 2056 2137 0
373 6 51 0
374 15758 15795 0
375 15751 15784 0
376 5 73 0
377 67 97 0
378 11 46 0
379 15738 15803 0
380 15735 15823 0
381 15740 15810 0
382 15731 15782 0
383 15763 15800 0
384 4013 4100 0
385 4024 4057 0
386 4067 4103 0
387 4077 4106 0
388 15742 15780 0
389 15750 15819 0
390 15742 15802 0
391 15726 15800 0
392 27 90 0
393 15726 15793 0
394 35 97 0
395 15727 15757 0
396 28 59 0
397 31355 31426 0
398 4021 4055 0
399 4041 4089 0
--------------
1000000 :c
1003630 :sum(p)
999999 :sum(w)
