400 :n
id p,w,x
--------------
0 79 7 1
1 54 5 1
2 84 8 1
3 84 12 1
4 42 7 1
5 59 10 1
6 99 18 1
7 47 9 1
8 44 10 1
9 100 27 1
10 70 23 1
11 71 25 1
12 70 45 1
13 92 69 1
14 30 25 1
15 77 68 1
16 88 78 1
17 2150 2066 1
18 2147 2087 1
19 2124 2065 1
20 2119 2066 1
21 2147 2096 1
22 2140 2090 1
23 2107 2063 1
24 2127 2084 1
25 4097 4019 1
26 4103 4030 1
27 2141 2103 1
28 4087 4015 1
29 2095 2064 1
30 4105 4047 1
31 4091 4037 1
32 2131 2105 1
33 8005 7915 1
34 4083 4038 1
35 8012 7928 1
36 2136 2114 1
37 4051 4010 1
38 4084 4043 1
39 4092 4051 1
40 4066 4026 1
41 4076 4036 1
42 2092 2073 1
43 4072 4038 1
44 7990 7925 1
45 7981 7926 1
46 7995 7943 1
47 7970 7920 1
48 8004 7956 1
49 2149 2137 1
50 15818 15732 1
51 8004 7961 1
52 7981 7939 1
53 2113 2102 1
54 2065 2055 1
55 8007 7971 1
56 15801 15732 1
57 15810 15741 1
58 2135 2126 1
59 15802 15739 1
60 2102 2094 0
61 4022 4007 1
62 4066 4051 1
63 7958 7931 1
64 15799 15746 1
65 2103 2096 1
66 15808 15760 1
67 7941 7917 1
68 8005 7981 1
69 4052 4040 1
70 15816 15770 1
71 15821 15775 1
72 4103 4092 1
73 15821 15781 1
74 7971 7951 1
75 15787 15751 1
76 31449 31378 1
77 4070 4061 1
78 7981 7964 1
79 15788 15758 1
80 15815 15786 1
81 7997 7983 1
82 31420 31365 1
83 15798 15771 1
84 31424 31371 1
85 4069 4063 1
86 15795 15772 1
87 31448 31403 1
88 15804 15782 1
89 31446 31403 1
90 15778 15758 1
91 31448 31411 1
92 31396 31360 1
93 15788 15770 1
94 7922 7913 1
95 15781 15750 1
96 7947 7938 0
97 31389 31355 1
98 62689 62623 1
99 31400 31367 1
100 2133 2131 0
101 15819 15745 1
102 62685 62626 1
103 15813 15799 1
104 62692 62639 0
105 31380 31354 1
106 31448 31447 0
107 15817 15817 0
108 67 83 0
109 62695 62645 0
110 15782 15770 0
111 31375 31354 0
112 31446 31427 0
113 125188 125113 0
114 2119 2138 0
115 125179 125106 0
116 125186 125113 0
117 125196 125124 0
118 62660 62624 0
119 15763 15754 0
120 125175 125105 0
121 125193 125125 0
122 62657 62623 0
123 31381 31365 0
124 15754 15746 0
125 62661 62631 0
126 62638 62609 0
127 125192 125138 0
128 125155 125103 0
129 62667 62645 0
130 31422 31412 0
131 31360 31351 0
132 15809 15807 0
133 31446 31443 0
134 31355 31353 0
135 15806 15806 0
136 9 9 0
137 15729 15732 0
138 2074 2075 0
139 7941 7945 0
140 15750 15758 0
141 15769 15779 0
142 4019 4022 0
143 7935 7941 0
144 7923 7930 0
145 2059 2061 0
146 2057 2059 0
147 7920 7932 0
148 7914 7928 0
149 4015 4025 0
150 2116 2123 0
151 2096 2104 0
152 4007 4025 0
153 2068 2078 0
154 2061 2071 0
155 2094 2114 0
156 2103 2124 0
157 2082 2104 0
158 66 72 0
159 73 82 0
160 56 67 0
161 71 86 0
162 78 95 0
163 52 70 0
164 31 50 0
165 250180 250129 0
166 500163 500151 0
167 500190 500159 0
168 500109 500103 0
169 250121 250102 0
170 500164 500156 0
171 250174 250160 0
172 500184 500106 0
173 500198 500122 0
174 500129 500127 0
175 125195 125171 0
176 125157 125155 0
177 62694 62676 0
178 125169 125128 0
179 125152 125116 0
180 250199 250121 0
181 500141 500132 0
182 125161 125153 0
183 125192 125169 0
184 500183 500170 0
185 250185 250107 0
186 125170 125145 0
187 125131 125114 0
188 125188 125177 0
189 62700 62691 0
190 250178 250112 0
191 250166 250108 0
192 62695 62684 0
193 250177 250132 0
194 250166 250122 0
195 250142 250109 0
196 250141 250112 0
197 250176 250170 0
198 62692 62687 0
199 125146 125111 0
200 125138 125125 0
201 500144 500121 0
202 500188 500141 0
203 125150 125127 0
204 500153 500109 0
205 500146 500142 0
206 62668 62648 0
207 500183 500164 0
208 125143 125142 0
209 62640 62623 0
210 250163 250134 0
211 500175 500103 0
212 250187 250185 0
213 250193 250129 0
214 500133 500116 0
215 250198 250125 0
216 500163 500106 0
217 250158 250117 0
218 250166 250136 0
219 500185 500107 0
220 500186 500171 0
221 250139 250134 0
222 500169 500149 0
223 15729 15822 0
224 62680 62691 0
225 62664 62664 0
226 62632 62682 0
227 15732 15748 0
228 15733 15779 0
229 62621 62652 0
230 15777 15809 0
231 15761 15822 0
232 62649 62649 0
233 62610 62622 0
234 62696 62697 0
235 31354 31354 0
236 62677 62698 0
237 62659 62677 0
238 62605 62639 0
239 7921 8006 0
240 62629 62658 0
241 62652 62682 0
242 7956 7979 0
243 7966 7998 0
244 62620 62688 0
245 62617 62674 0
246 62610 62686 0
247 7936 7985 0
248 62656 62682 0
249 62602 62641 0
250 7945 8006 0
251 31388 31423 0
252 62639 62646 0
253 62615 62624 0
254 15742 15821 0
255 7944 7990 0
256 7954 7984 0
257 7923 7959 0
258 7987 8011 0
259 62602 62606 0
260 7938 7994 0
261 7927 7989 0
262 7914 7964 0
263 7913 7935 0
264 15798 15819 0
265 62604 62606 0
266 62683 62689 0
267 7921 7976 0
268 62651 62699 0
269 62605 62681 0
270 62625 62646 0
271 125170 125171 0
272 7916 7986 0
273 125104 125109 0
274 125123 125165 0
275 7950 7982 0
276 125117 125190 0
277 125100 125130 0
278 7922 7998 0
279 125156 125195 0
280 4015 4079 0
281 125177 125180 0
282 125125 125158 0
283 4031 4070 0
284 125128 125152 0
285 125146 125147 0
286 4018 4063 0
287 4028 4085 0
288 125143 125174 0
289 4011 4078 0
290 4022 4073 0
291 4008 4097 0
292 4038 4100 0
293 125143 125179 0
294 125126 125193 0
295 125160 125168 0
296 125100 125136 0
297 125163 125198 0
298 4033 4097 0
299 125178 125187 0
300 125129 125132 0
301 125101 125134 0
302 4040 4105 0
303 31375 31430 0
304 4060 4101 0
305 4017 4078 0
306 4073 4095 0
307 250168 250171 0
308 31365 31390 0
309 4045 4069 0
310 31374 31387 0
311 4020 4058 0
312 4063 4106 0
313 250148 250197 0
314 250111 250198 0
315 4032 4094 0
316 250124 250185 0
317 4028 4087 0
318 4017 4058 0
319 250172 250197 0
320 2087 2147 0
321 250164 250175 0
322 250180 250185 0
323 15764 15809 0
324 250111 250192 0
325 2055 2134 0
326 250138 250181 0
327 250138 250176 0
328 2066 2126 0
329 250105 250127 0
330 31383 31400 0
331 250113 250131 0
332 250165 250193 0
333 250119 250191 0
334 31370 31429 0
335 250123 250122 0
336 250179 250186 0
337 250127 250179 0
338 250145 250192 0
339 2071 2126 0
340 15729 15811 0
341 31367 31442 0
342 2055 2085 0
343 250119 250133 0
344 250135 250170 0
345 15759 15780 0
346 31396 31399 0
347 31447 31449 0
348 31372 31381 0
349 15735 15772 0
350 250126 250184 0
351 2069 2100 0
352 31366 31367 0
353 2101 2141 0
354 2062 2118 0
355 500124 500153 0
356 2054 2132 0
357 500168 500194 0
358 500196 500195 0
359 500114 500135 0
360 500111 500119 0
361 25 82 0
362 15 42 0
363 500174 500177 0
364 500133 500194 0
365 21 54 0
366 500175 500189 0
367 20 47 0
368 500161 500189 0
369 31351 31426 0
370 31363 31375 0
371 31372 31421 0
372 500135 500149 0
373 19 51 0
374 9 58 0
375 48 74 0
376 8 86 0
377 31368 31387 0
378 31406 31416 0
379 500161 500183 0
380 500139 500179 0
381 19 53 0
382 500140 500156 0
383 500140 500190 0
384 500110 500198 0
385 16 85 0
386 31376 31410 0
387 45 73 0
388 43 90 0
389 22 95 0
390 31360 31419 0
391 500153 500183 0
392 500149 500149 0
393 31400 31434 0
394 500134 500187 0
395 500127 500192 0
396 500106 500138 0
397 57 92 0
398 31388 31431 0
399 31361 31423 0
--------------
1000000 :c
1004160 :sum(p)
1000000 :sum(w)
