400 :n
id p,w,x
--------------
0 4092 4015 1
1 4096 4070 1
2 99 89 1
3 88 27 1
4 71 13 1
5 56 6 1
6 57 48 1
7 100 71 1
8 55 1 1
9 73 15 1
10 47 31 1
11 4058 4032 1
12 49 23 1
13 13 3 1
14 2148 2063 1
15 15825 15739 1
16 15823 15729 1
17 63 43 1
18 97 77 1
19 99 68 1
20 67 21 1
21 2141 2122 1
22 8011 7947 1
23 7999 7935 1
24 2152 2080 1
25 7973 7913 1
26 2120 2083 1
27 2152 2075 1
28 2112 2058 1
29 2133 2061 1
30 2145 2078 1
31 7975 7940 1
32 2126 2115 1
33 8003 7937 1
34 2132 2062 1
35 2079 2059 1
36 2140 2129 1
37 2144 2068 1
38 7972 7923 1
39 2145 2087 1
40 2105 2056 1
41 2137 2096 1
42 7991 7936 1
43 4043 4008 1
44 2118 2061 1
45 2138 2065 1
46 4095 4018 1
47 2139 2069 1
48 2128 2080 1
49 2148 2076 1
50 2115 2103 1
51 4080 4016 1
52 4072 4030 1
53 2130 2096 1
54 89 84 1
55 90 85 1
56 15799 15732 1
57 7976 7945 1
58 7987 7956 1
59 15805 15745 1
60 15825 15769 1
61 7963 7935 1
62 4091 4077 1
63 2071 2064 1
64 7991 7964 1
65 15792 15741 1
66 15822 15773 1
67 7963 7939 1
68 7967 7943 1
69 15816 15770 1
70 7953 7930 1
71 15812 15767 1
72 4084 4073 1
73 15812 15772 1
74 7972 7952 1
75 31440 31362 1
76 15806 15767 1
77 15817 15778 1
78 7937 7918 1
79 7990 7971 1
80 31440 31366 1
81 31429 31356 1
82 15776 15740 1
83 15782 15747 1
84 15823 15788 1
85 31433 31364 1
86 7999 7983 1
87 31412 31352 1
88 15796 15769 1
89 31447 31398 1
90 31422 31375 1
91 31435 31388 1
92 2071 2068 0
93 62692 62607 1
94 31415 31373 1
95 4042 4037 1
96 4102 4097 1
97 38 15 1
98 62690 62615 1
99 15755 15732 1
100 31411 31374 0
101 62682 62609 1
102 31403 31369 0
103 62700 62653 0
104 31434 31441 0
105 15744 15758 0
106 62676 62608 0
107 31402 31370 0
108 31419 31387 0
109 4022 4018 1
110 31403 31372 0
111 2138 2139 0
112 4056 4052 0
113 15765 15750 0
114 15806 15791 1
115 31384 31355 0
116 31424 31399 0
117 31392 31368 0
118 7966 7960 0
119 4019 4016 1
120 31380 31359 0
121 31423 31404 0
122 15741 15734 0
123 4061 4060 0
124 8006 8006 0
125 4051 4051 0
126 2095 2095 0
127 7925 7925 0
128 4085 4086 0
129 4028 4031 0
130 4039 4043 0
131 4059 4065 0
132 4008 4014 0
133 84 86 1
134 27 28 0
135 75 81 0
136 15743 15738 0
137 62679 62656 0
138 62677 62658 0
139 125154 125108 0
140 62694 62655 0
141 500179 500109 0
142 125163 125153 0
143 125146 125127 0
144 125129 125120 0
145 125130 125105 0
146 125161 125148 0
147 500175 500109 0
148 31416 31411 0
149 125134 125126 0
150 62645 62630 0
151 62668 62653 0
152 62646 62634 0
153 500182 500124 0
154 125149 125116 0
155 125151 125138 0
156 125185 125169 0
157 125139 125118 0
158 500161 500119 0
159 500191 500155 0
160 500175 500115 0
161 250190 250155 0
162 250154 250104 0
163 250175 250148 0
164 250196 250128 0
165 250160 250119 0
166 31387 31380 0
167 250194 250131 0
168 250172 250115 0
169 250134 250118 0
170 250169 250125 0
171 500172 500127 0
172 500190 500160 0
173 15814 15813 0
174 125189 125158 0
175 125149 125114 0
176 62660 62628 0
177 62653 62619 0
178 62696 62662 0
179 125196 125139 0
180 125188 125111 0
181 62666 62616 0
182 31402 31392 0
183 31399 31385 0
184 125198 125162 0
185 125156 125118 0
186 250179 250105 0
187 62666 62645 0
188 62692 62691 0
189 31359 31369 0
190 31420 31424 0
191 31366 31448 0
192 62667 62676 0
193 62613 62679 0
194 62616 62618 0
195 31413 31423 0
196 31386 31407 0
197 62605 62624 0
198 31402 31441 0
199 62654 62673 0
200 62649 62672 0
201 15758 15804 0
202 15754 15775 0
203 62636 62640 0
204 15802 15808 0
205 62670 62678 0
206 15736 15825 0
207 15802 15824 0
208 62602 62628 0
209 62626 62690 0
210 62631 62638 0
211 62615 62642 0
212 62668 62691 0
213 62626 62700 0
214 62633 62640 0
215 15770 15825 0
216 15771 15818 0
217 62605 62696 0
218 62613 62679 0
219 15784 15809 0
220 62632 62635 0
221 15794 15803 0
222 125102 125111 0
223 15740 15741 0
224 15788 15819 0
225 125172 125166 0
226 15726 15771 0
227 125181 125194 0
228 15733 15768 0
229 15727 15735 0
230 15739 15821 0
231 125113 125127 0
232 15740 15766 0
233 125152 125194 0
234 125142 125190 0
235 125173 125198 0
236 15727 15779 0
237 125140 125137 0
238 125124 125167 0
239 7974 7993 0
240 125121 125173 0
241 7921 8000 0
242 7927 7998 0
243 125137 125149 0
244 125133 125171 0
245 7941 7960 0
246 62670 62695 0
247 125197 125199 0
248 7940 8000 0
249 31382 31443 0
250 7937 7972 0
251 125119 125145 0
252 125151 125179 0
253 7947 8008 0
254 7920 7971 0
255 7949 8009 0
256 125152 125161 0
257 7942 7969 0
258 125175 125199 0
259 7919 7987 0
260 125116 125175 0
261 7952 7989 0
262 125171 125182 0
263 7918 7982 0
264 125118 125114 0
265 7932 7941 0
266 125144 125169 0
267 125184 125196 0
268 125113 125142 0
269 250196 250197 0
270 250153 250179 0
271 7925 7955 0
272 7928 7948 0
273 7970 7983 0
274 7976 7991 0
275 250173 250197 0
276 250102 250169 0
277 250184 250193 0
278 7963 7982 0
279 250109 250158 0
280 4030 4096 0
281 250144 250178 0
282 250116 250166 0
283 250177 250198 0
284 62639 62677 0
285 250133 250131 0
286 4064 4091 0
287 4045 4065 0
288 4065 4080 0
289 4022 4040 0
290 31408 31407 0
291 4016 4075 0
292 4012 4043 0
293 250121 250132 0
294 4032 4099 0
295 250106 250171 0
296 250133 250153 0
297 4016 4033 0
298 250146 250169 0
299 4031 4067 0
300 250154 250161 0
301 62606 62604 0
302 250143 250190 0
303 250140 250163 0
304 62635 62672 0
305 62611 62649 0
306 250105 250164 0
307 4029 4087 0
308 4007 4099 0
309 4013 4062 0
310 250114 250136 0
311 4077 4094 0
312 4012 4065 0
313 250172 250162 0
314 31389 31430 0
315 4009 4104 0
316 4022 4038 0
317 4017 4054 0
318 4075 4086 0
319 2062 2121 0
320 2064 2085 0
321 250135 250144 0
322 250158 250186 0
323 250127 250184 0
324 250121 250111 0
325 2099 2122 0
326 2128 2138 0
327 31378 31433 0
328 250182 250174 0
329 250139 250195 0
330 2060 2130 0
331 250140 250187 0
332 250147 250175 0
333 2074 2125 0
334 2066 2112 0
335 250185 250192 0
336 250138 250131 0
337 500143 500138 0
338 500136 500122 0
339 2074 2088 0
340 500185 500174 0
341 500170 500164 0
342 500176 500195 0
343 2071 2114 0
344 500125 500181 0
345 500114 500134 0
346 500155 500192 0
347 31370 31392 0
348 2062 2129 0
349 500107 500176 0
350 2055 2084 0
351 500184 500161 0
352 2106 2140 0
353 500196 500195 0
354 500143 500168 0
355 500164 500158 0
356 500106 500179 0
357 2084 2140 0
358 500145 500130 0
359 500137 500135 0
360 500115 500133 0
361 500199 500197 0
362 500129 500144 0
363 500102 500161 0
364 500113 500197 0
365 37 76 0
366 74 100 0
367 500191 500164 0
368 2 77 0
369 42 54 0
370 500105 500145 0
371 47 90 0
372 69 83 0
373 500138 500185 0
374 500131 500182 0
375 55 91 0
376 31405 31424 0
377 14 72 0
378 31386 31387 0
379 500118 500127 0
380 12 29 0
381 1 34 0
382 500108 500158 0
383 500139 500117 0
384 5 17 0
385 500126 500181 0
386 8 36 0
387 500197 500185 0
388 63 81 0
389 59 74 0
390 31417 31421 0
391 11 40 0
392 38 50 0
393 15 40 0
394 500149 500155 0
395 31 75 0
396 500118 500193 0
397 30 73 0
398 31416 31419 0
399 31354 31378 0
--------------
1000000 :c
1004380 :sum(p)
1000000 :sum(w)
