400 :n
id p,w,x
--------------
0 8005 7964 1
1 7983 7924 1
2 33 5 1
3 81 54 1
4 8005 7972 1
5 99 10 1
6 7985 7950 1
7 7984 7947 1
8 56 26 1
9 54 21 1
10 7997 7939 1
11 69 28 1
12 31446 31371 1
13 85 57 1
14 7971 7933 1
15 8011 7932 1
16 87 64 1
17 95 70 1
18 87 59 1
19 91 27 1
20 75 26 1
21 2096 2071 1
22 7956 7916 1
23 2112 2073 1
24 2149 2102 1
25 4095 4007 1
26 15799 15737 1
27 31445 31351 1
28 15792 15736 1
29 4058 4027 1
30 4101 4039 1
31 2119 2058 1
32 7995 7929 1
33 4099 4057 1
34 15806 15734 1
35 15800 15757 1
36 2139 2059 1
37 15792 15749 1
38 2129 2079 1
39 31425 31357 1
40 15803 15733 1
41 2146 2067 1
42 4073 4010 1
43 4083 4021 1
44 15797 15736 1
45 4067 4010 1
46 31434 31365 1
47 4089 4026 1
48 4095 4054 1
49 15808 15735 1
50 15816 15756 1
51 4101 4035 1
52 4072 4025 1
53 41 19 1
54 28 16 1
55 33 23 1
56 94 74 1
57 97 78 1
58 13 11 1
59 2086 2062 1
60 2100 2076 1
61 2140 2116 1
62 2117 2094 1
63 2120 2097 1
64 2136 2114 1
65 2118 2102 1
66 2152 2138 1
67 4104 4078 1
68 2091 2079 1
69 2139 2128 1
70 4043 4024 1
71 7965 7935 1
72 2148 2140 1
73 4049 4034 1
74 4060 4046 1
75 4076 4062 1
76 4096 4082 1
77 4077 4064 1
78 4087 4074 1
79 4053 4041 1
80 7998 7976 1
81 4043 4034 1
82 7945 7928 1
83 15796 15766 1
84 15773 15744 1
85 15820 15792 1
86 4027 4020 0
87 8002 7989 1
88 15822 15798 1
89 15825 15802 1
90 62694 62608 1
91 62697 62611 1
92 31428 31386 1
93 62697 62617 1
94 15804 15784 1
95 62691 62612 1
96 7950 7940 1
97 11 6 1
98 62691 62611 1
99 31408 31354 1
100 15780 15760 1
101 31399 31360 0
102 7925 7916 0
103 15810 15796 0
104 90 93 0
105 15736 15748 0
106 62683 62618 0
107 62688 62625 0
108 62655 62605 0
109 62700 62650 0
110 62654 62605 0
111 31374 31351 0
112 31386 31363 0
113 62692 62648 0
114 31409 31392 0
115 15770 15762 0
116 4027 4025 0
117 2063 2062 0
118 31372 31357 0
119 2097 2096 0
120 31439 31431 0
121 15765 15761 0
122 15810 15806 0
123 7970 7968 0
124 31399 31393 0
125 15786 15783 0
126 8010 8009 0
127 2093 2093 1
128 2141 2141 1
129 7918 7919 0
130 7927 7930 0
131 4090 4095 0
132 4051 4059 0
133 4016 4024 0
134 2057 2064 0
135 48 50 1
136 43 50 0
137 79 92 0
138 43 51 0
139 1 2 0
140 500175 500102 0
141 250183 250119 0
142 62644 62616 0
143 62635 62603 0
144 125135 125104 0
145 250190 250108 0
146 500178 500106 0
147 125173 125149 0
148 62663 62644 0
149 125178 125156 0
150 62631 62622 0
151 125175 125132 0
152 250172 250120 0
153 125149 125117 0
154 250146 250112 0
155 125194 125172 0
156 125192 125112 0
157 62696 62662 0
158 250184 250135 0
159 62669 62647 0
160 125164 125103 0
161 500166 500102 0
162 250196 250151 0
163 250180 250136 0
164 250192 250159 0
165 125176 125153 0
166 250151 250117 0
167 62653 62625 0
168 250174 250108 0
169 250195 250141 0
170 31395 31429 0
171 62622 62656 0
172 31356 31387 0
173 31414 31440 0
174 31432 31433 0
175 62602 62604 0
176 31389 31409 0
177 31377 31376 0
178 31363 31363 0
179 31419 31418 0
180 62622 62628 0
181 31372 31402 0
182 31419 31429 0
183 31400 31429 0
184 31364 31375 0
185 62614 62688 0
186 31364 31423 0
187 31371 31416 0
188 62616 62660 0
189 31393 31436 0
190 62627 62619 0
191 62645 62673 0
192 31361 31427 0
193 31396 31420 0
194 62678 62695 0
195 31378 31426 0
196 31367 31399 0
197 62638 62689 0
198 31364 31368 0
199 62617 62676 0
200 62609 62663 0
201 15731 15783 0
202 15753 15823 0
203 62663 62693 0
204 15744 15754 0
205 15795 15822 0
206 15767 15819 0
207 15726 15756 0
208 125126 125125 0
209 125104 125194 0
210 125189 125198 0
211 125181 125188 0
212 15753 15769 0
213 125192 125188 0
214 125123 125152 0
215 125107 125156 0
216 125133 125166 0
217 15740 15759 0
218 125172 125183 0
219 125179 125168 0
220 15728 15727 0
221 125112 125156 0
222 125184 125187 0
223 15762 15812 0
224 15794 15814 0
225 15767 15778 0
226 125126 125145 0
227 125138 125167 0
228 125101 125163 0
229 15778 15801 0
230 125111 125136 0
231 15749 15796 0
232 125130 125132 0
233 15780 15818 0
234 15742 15756 0
235 125138 125158 0
236 15733 15734 0
237 125179 125172 0
238 15729 15816 0
239 7990 8008 0
240 7947 8007 0
241 125108 125172 0
242 125131 125154 0
243 62616 62657 0
244 7992 8002 0
245 125100 125151 0
246 7973 7981 0
247 31431 31436 0
248 125103 125199 0
249 7969 8003 0
250 7913 7994 0
251 125114 125174 0
252 7918 7958 0
253 7940 8005 0
254 7944 7965 0
255 7919 7937 0
256 7937 8011 0
257 7940 7990 0
258 125166 125194 0
259 62624 62646 0
260 125110 125145 0
261 7978 7994 0
262 7943 7955 0
263 7937 7964 0
264 125174 125188 0
265 125105 125146 0
266 7917 7931 0
267 125101 125146 0
268 125100 125189 0
269 7918 7959 0
270 7942 7975 0
271 125132 125142 0
272 7958 7982 0
273 250131 250161 0
274 250175 250185 0
275 250129 250171 0
276 7935 8004 0
277 250105 250197 0
278 250113 250191 0
279 250151 250169 0
280 250126 250171 0
281 250157 250166 0
282 250164 250195 0
283 4044 4093 0
284 250129 250157 0
285 250178 250154 0
286 250163 250144 0
287 4078 4088 0
288 250168 250149 0
289 250134 250188 0
290 250127 250160 0
291 4065 4089 0
292 4020 4034 0
293 4063 4104 0
294 250141 250195 0
295 250124 250151 0
296 250102 250117 0
297 4011 4089 0
298 250144 250173 0
299 4021 4105 0
300 4029 4103 0
301 31394 31401 0
302 250190 250190 0
303 31387 31393 0
304 250113 250133 0
305 4011 4092 0
306 250134 250133 0
307 250189 250160 0
308 4012 4039 0
309 250125 250167 0
310 4040 4079 0
311 62618 62656 0
312 250119 250169 0
313 250105 250188 0
314 250132 250102 0
315 4030 4067 0
316 250193 250163 0
317 4039 4074 0
318 4014 4055 0
319 2125 2145 0
320 250122 250132 0
321 500170 500116 0
322 2084 2102 0
323 2061 2081 0
324 2134 2148 0
325 500176 500129 0
326 2080 2098 0
327 31385 31398 0
328 500163 500121 0
329 500128 500152 0
330 2057 2122 0
331 62630 62639 0
332 2131 2148 0
333 500167 500169 0
334 500137 500140 0
335 500139 500152 0
336 2108 2121 0
337 500122 500158 0
338 500108 500177 0
339 2071 2117 0
340 2074 2123 0
341 500157 500124 0
342 500102 500171 0
343 2107 2144 0
344 500160 500151 0
345 2090 2138 0
346 2131 2152 0
347 500158 500115 0
348 31379 31435 0
349 2060 2124 0
350 500173 500133 0
351 500152 500115 0
352 500186 500171 0
353 500191 500178 0
354 2083 2115 0
355 500136 500104 0
356 2075 2095 0
357 2061 2113 0
358 500136 500122 0
359 500102 500124 0
360 500183 500125 0
361 500148 500141 0
362 500174 500158 0
363 500173 500114 0
364 500170 500152 0
365 41 95 0
366 500175 500145 0
367 500102 500130 0
368 500109 500113 0
369 52 89 0
370 31356 31374 0
371 500134 500127 0
372 500172 500148 0
373 38 96 0
374 31369 31421 0
375 500112 500140 0
376 68 92 0
377 500147 500113 0
378 3 57 0
379 11 95 0
380 37 60 0
381 500179 500135 0
382 62619 62680 0
383 19 76 0
384 21 86 0
385 30 80 0
386 500193 500190 0
387 62602 62645 0
388 62641 62633 0
389 60 93 0
390 62602 62628 0
391 29 76 0
392 500102 500161 0
393 23 73 0
394 500171 500198 0
395 76 100 0
396 1 36 0
397 500118 500125 0
398 62620 62651 0
399 62609 62690 0
--------------
1000000 :c
1004010 :sum(p)
999999 :sum(w)
