400 :n
id p,w,x
--------------
0 100 89 1
1 90 66 1
2 8005 7934 1
3 84 13 1
4 7984 7922 1
5 7998 7913 1
6 8011 7930 1
7 8004 7943 1
8 7997 7926 1
9 7988 7916 1
10 8001 7916 1
11 7993 7924 1
12 4090 4014 1
13 4089 4030 1
14 4105 4026 1
15 4068 4026 1
16 4075 4028 1
17 4094 4061 1
18 4042 4007 1
19 2146 2055 1
20 2139 2109 1
21 2153 2083 1
22 2103 2066 1
23 2145 2059 1
24 2135 2082 1
25 2094 2067 1
26 2151 2132 1
27 2125 2088 1
28 2144 2118 1
29 2141 2087 1
30 2151 2090 1
31 2092 2071 1
32 7991 7934 1
33 2141 2063 1
34 2127 2065 1
35 2133 2092 1
36 84 30 1
37 99 84 1
38 90 77 1
39 95 38 1
40 100 10 1
41 87 41 1
42 91 44 1
43 84 11 1
44 63 6 1
45 72 7 1
46 88 21 1
47 70 38 1
48 54 26 1
49 15804 15726 1
50 7992 7960 1
51 7979 7935 1
52 15789 15743 1
53 7953 7923 1
54 7973 7946 1
55 15825 15773 1
56 15790 15744 1
57 7963 7935 1
58 2142 2129 1
59 4070 4053 1
60 7944 7923 1
61 15799 15731 1
62 15815 15726 1
63 15806 15732 1
64 4101 4078 1
65 4051 4033 1
66 7986 7935 1
67 7964 7940 1
68 4099 4081 1
69 7975 7930 1
70 15786 15732 1
71 7977 7933 1
72 15811 15748 1
73 7976 7950 1
74 15822 15734 1
75 7962 7920 1
76 7988 7948 1
77 36 34 1
78 2091 2083 1
79 4077 4065 1
80 2089 2084 1
81 8011 7992 1
82 2142 2137 1
83 31427 31359 1
84 15809 15778 1
85 15778 15748 1
86 7972 7957 1
87 15796 15768 1
88 31432 31378 1
89 4081 4074 1
90 31445 31394 1
91 31423 31376 1
92 4032 4011 1
93 2123 2120 0
94 15802 15780 1
95 62688 62601 1
96 15762 15743 0
97 15783 15764 1
98 62675 62603 1
99 31447 31411 0
100 37 4 1
101 31409 31364 1
102 31405 31358 1
103 62698 62631 1
104 62682 62616 1
105 4016 4012 1
106 62700 62640 0
107 31449 31440 0
108 15769 15792 0
109 15780 15765 1
110 62660 62601 0
111 62679 62620 0
112 31427 31398 0
113 62698 62642 0
114 31445 31417 0
115 62671 62618 0
116 7965 7976 0
117 31422 31397 0
118 15798 15786 0
119 7951 7945 1
120 31406 31384 0
121 125192 125110 0
122 125199 125117 0
123 62664 62624 0
124 125189 125113 0
125 125186 125113 0
126 62639 62603 0
127 62699 62664 0
128 62685 62651 0
129 125199 125133 0
130 125185 125121 0
131 15774 15766 0
132 125195 125133 0
133 125174 125114 0
134 125197 125139 0
135 62677 62649 0
136 15759 15752 0
137 62671 62644 0
138 125196 125145 0
139 62658 62634 0
140 7937 7934 0
141 7968 7965 0
142 125193 125153 0
143 62640 62620 0
144 125149 125112 0
145 250182 250111 0
146 250197 250126 0
147 62698 62681 0
148 250176 250109 0
149 62629 62614 0
150 125185 125157 0
151 250165 250113 0
152 125139 125113 0
153 125149 125125 0
154 62679 62667 0
155 15821 15818 0
156 250181 250141 0
157 125125 125105 0
158 31389 31384 0
159 500179 500103 0
160 250152 250114 0
161 250173 250135 0
162 500195 500120 0
163 250193 250157 0
164 250157 250123 0
165 125152 125136 0
166 7944 7943 0
167 250199 250168 0
168 500170 500111 0
169 500173 500119 0
170 125172 125159 0
171 125159 125147 0
172 62655 62649 0
173 125131 125120 0
174 250193 250172 0
175 500162 500125 0
176 500139 500103 0
177 250165 250147 0
178 250170 250152 0
179 500142 500109 0
180 500136 500104 0
181 500154 500122 0
182 500139 500108 0
183 500200 500172 0
184 250166 250152 0
185 500182 500155 0
186 125151 125145 0
187 125189 125183 0
188 500155 500132 0
189 500157 500134 0
190 250171 250161 0
191 125194 125189 0
192 500155 500136 0
193 500186 500168 0
194 250130 250122 0
195 62627 62625 0
196 31409 31408 0
197 500130 500118 0
198 500138 500126 0
199 500195 500184 0
200 250122 250118 0
201 62610 62609 0
202 500110 500103 0
203 500185 500180 0
204 500143 500141 0
205 250165 250165 0
206 8007 8007 0
207 62664 62664 0
208 2061 2061 0
209 500102 500103 0
210 250177 250178 0
211 500181 500183 0
212 500147 500152 0
213 250189 250192 0
214 250171 250174 0
215 500108 500114 0
216 500114 500121 0
217 125131 125133 0
218 250189 250193 0
219 500101 500111 0
220 500149 500160 0
221 500128 500141 0
222 500185 500199 0
223 31439 31440 0
224 250183 250191 0
225 250179 250187 0
226 500123 500140 0
227 500157 500176 0
228 500163 500186 0
229 500144 500173 0
230 125134 125142 0
231 250182 250199 0
232 250108 250125 0
233 125103 125112 0
234 250114 250132 0
235 250108 250126 0
236 250146 250166 0
237 250152 250173 0
238 125188 125199 0
239 125156 125167 0
240 62630 62636 0
241 500139 500187 0
242 125144 125157 0
243 500118 500173 0
244 500101 500156 0
245 62655 62662 0
246 125106 125120 0
247 250149 250177 0
248 250101 250132 0
249 2089 2090 0
250 4100 4104 0
251 4013 4017 0
252 2069 2073 0
253 2124 2130 0
254 2122 2128 0
255 41 46 0
256 56 64 0
257 10 16 0
258 15737 15804 0
259 15734 15737 0
260 15727 15730 0
261 7931 7965 0
262 15800 15810 0
263 7930 7985 0
264 15749 15790 0
265 15741 15759 0
266 15765 15774 0
267 15767 15783 0
268 15738 15816 0
269 15726 15780 0
270 500121 500183 0
271 31358 31380 0
272 7949 7971 0
273 15765 15815 0
274 7938 7959 0
275 31370 31405 0
276 7933 7964 0
277 31433 31440 0
278 31412 31421 0
279 4058 4089 0
280 4016 4042 0
281 4013 4077 0
282 4087 4096 0
283 31374 31405 0
284 4017 4065 0
285 4055 4068 0
286 31397 31446 0
287 4045 4094 0
288 4016 4063 0
289 4071 4083 0
290 31361 31395 0
291 4038 4081 0
292 15762 15790 0
293 31404 31425 0
294 4080 4098 0
295 4020 4052 0
296 31404 31443 0
297 31375 31445 0
298 4063 4084 0
299 4087 4106 0
300 31382 31421 0
301 4019 4058 0
302 4013 4092 0
303 4016 4037 0
304 15797 15812 0
305 31352 31387 0
306 4020 4047 0
307 4068 4106 0
308 31378 31435 0
309 31359 31405 0
310 31362 31417 0
311 31351 31355 0
312 31369 31429 0
313 4042 4056 0
314 4034 4040 0
315 4074 4102 0
316 31393 31413 0
317 4048 4082 0
318 31364 31371 0
319 31354 31397 0
320 2099 2107 0
321 2079 2117 0
322 31392 31421 0
323 7988 8001 0
324 31357 31391 0
325 31426 31447 0
326 31368 31436 0
327 2105 2151 0
328 2073 2083 0
329 31421 31438 0
330 62637 62664 0
331 62604 62635 0
332 2055 2140 0
333 62646 62656 0
334 15732 15780 0
335 62626 62685 0
336 2110 2126 0
337 62612 62625 0
338 62652 62689 0
339 2081 2105 0
340 2107 2145 0
341 62626 62680 0
342 2095 2141 0
343 2056 2081 0
344 62607 62632 0
345 62649 62672 0
346 7924 7967 0
347 2068 2113 0
348 15757 15797 0
349 62639 62686 0
350 62621 62678 0
351 62669 62691 0
352 62688 62699 0
353 62620 62687 0
354 2106 2153 0
355 125134 125171 0
356 125175 125194 0
357 2059 2130 0
358 2081 2126 0
359 7 40 0
360 125103 125148 0
361 37 63 0
362 15735 15805 0
363 125102 125127 0
364 125118 125153 0
365 125110 125144 0
366 8 49 0
367 42 70 0
368 125113 125149 0
369 16 85 0
370 89 100 0
371 125138 125198 0
372 27 100 0
373 41 92 0
374 48 60 0
375 125126 125167 0
376 55 81 0
377 125102 125187 0
378 15796 15801 0
379 250118 250179 0
380 2 57 0
381 250131 250164 0
382 250103 250142 0
383 250102 250185 0
384 15796 15823 0
385 250153 250185 0
386 26 82 0
387 250103 250161 0
388 12 31 0
389 55 94 0
390 11 22 0
391 3 75 0
392 250112 250167 0
393 250105 250197 0
394 9 61 0
395 40 84 0
396 500117 500183 0
397 35 88 0
398 7996 8000 0
399 7943 8012 0
--------------
1000000 :c
1004715 :sum(p)
1000000 :sum(w)
