400 :n
id p,w,x
--------------
0 75 13 1
1 64 35 1
2 97 10 1
3 95 31 1
4 97 33 1
5 90 38 1
6 58 13 1
7 95 2 1
8 99 69 1
9 33 15 1
10 50 14 1
11 62 27 1
12 86 33 1
13 66 24 1
14 95 29 1
15 55 4 1
16 84 6 1
17 4044 4011 1
18 4091 4019 1
19 7973 7931 1
20 4056 4018 1
21 15792 15751 1
22 8011 7927 1
23 2103 2058 1
24 2093 2069 1
25 4089 4036 1
26 15795 15728 1
27 2141 2101 1
28 2099 2061 1
29 4078 4012 1
30 8005 7969 1
31 4090 4018 1
32 4086 4016 1
33 7969 7931 1
34 7996 7924 1
35 7998 7940 1
36 4058 4027 1
37 4053 4027 1
38 7998 7933 1
39 15815 15763 1
40 2145 2116 1
41 100 74 1
42 4078 4041 1
43 15816 15763 1
44 2141 2089 1
45 2110 2054 1
46 2094 2063 1
47 15816 15754 1
48 2151 2062 1
49 8000 7949 1
50 7961 7924 1
51 15801 15749 1
52 4067 4031 1
53 31442 31354 1
54 7994 7955 1
55 15793 15751 1
56 7988 7960 1
57 4092 4017 1
58 8002 7934 1
59 2127 2095 1
60 15774 15726 1
61 62 47 1
62 84 77 1
63 82 78 1
64 2080 2060 1
65 2153 2134 1
66 2122 2104 1
67 2108 2091 1
68 4068 4048 1
69 2105 2097 1
70 4106 4091 1
71 4102 4088 1
72 4061 4048 1
73 7946 7921 1
74 7951 7927 1
75 7982 7962 1
76 4070 4060 1
77 2077 2072 1
78 15822 15784 1
79 7978 7959 1
80 31450 31381 1
81 15787 15754 1
82 15788 15756 1
83 7975 7959 1
84 4026 4018 1
85 31422 31364 1
86 31444 31386 1
87 15784 15755 1
88 31421 31365 1
89 7957 7944 0
90 15762 15737 1
91 7946 7934 1
92 7952 7940 1
93 31430 31384 1
94 31411 31366 1
95 31414 31370 1
96 7981 7970 1
97 31394 31351 1
98 62697 62613 1
99 31436 31394 1
100 8003 7993 1
101 62697 62620 1
102 56 29 1
103 62692 62613 1
104 7940 7931 1
105 62685 62621 0
106 15785 15770 0
107 8003 8006 0
108 4093 4103 0
109 15743 15818 0
110 31450 31421 0
111 31420 31393 0
112 15813 15800 0
113 4045 4042 1
114 62677 62633 0
115 62679 62635 0
116 15802 15791 0
117 31447 31427 0
118 62688 62654 0
119 62635 62602 0
120 4044 4042 1
121 15793 15786 0
122 31445 31434 0
123 31420 31410 0
124 15734 15729 0
125 31442 31434 0
126 4076 4075 1
127 31367 31364 0
128 15767 15766 0
129 2147 2147 0
130 7996 7997 0
131 15784 15788 0
132 7955 7963 0
133 7923 7931 0
134 4010 4015 0
135 7999 8011 0
136 7987 7999 0
137 4043 4053 0
138 2099 2105 0
139 2135 2143 0
140 2085 2098 0
141 2089 2105 0
142 34 35 0
143 79 82 1
144 88 98 0
145 48 62 0
146 45 60 0
147 3 4 0
148 31 49 0
149 15 27 0
150 62649 62635 0
151 62680 62660 0
152 62679 62659 0
153 125146 125125 0
154 250185 250164 0
155 250196 250155 0
156 250104 250108 0
157 250147 250106 0
158 250123 250124 0
159 250179 250188 0
160 250110 250105 0
161 250167 250177 0
162 125162 125112 0
163 250189 250111 0
164 250113 250127 0
165 250151 250168 0
166 250189 250122 0
167 250181 250150 0
168 250190 250150 0
169 250129 250131 0
170 250170 250114 0
171 250161 250111 0
172 250121 250112 0
173 250113 250116 0
174 250198 250148 0
175 250174 250137 0
176 250146 250125 0
177 62619 62614 0
178 250153 250154 0
179 250133 250121 0
180 250113 250101 0
181 250163 250124 0
182 250157 250135 0
183 500154 500169 0
184 500172 500147 0
185 31442 31443 0
186 500157 500172 0
187 500158 500102 0
188 125172 125145 0
189 500182 500118 0
190 500151 500141 0
191 500124 500159 0
192 500155 500143 0
193 500128 500105 0
194 62678 62666 0
195 500140 500123 0
196 500176 500111 0
197 500138 500136 0
198 125161 125114 0
199 500118 500106 0
200 500154 500115 0
201 500186 500122 0
202 500151 500145 0
203 500195 500177 0
204 500149 500139 0
205 500190 500192 0
206 125173 125122 0
207 500134 500111 0
208 125146 125113 0
209 500150 500167 0
210 500108 500127 0
211 500180 500159 0
212 500118 500140 0
213 125178 125152 0
214 500127 500105 0
215 500192 500172 0
216 500133 500106 0
217 500176 500191 0
218 500132 500135 0
219 500103 500102 0
220 125173 125150 0
221 125186 125179 0
222 125168 125125 0
223 125184 125115 0
224 125144 125112 0
225 62690 62669 0
226 125154 125106 0
227 125152 125139 0
228 62645 62646 0
229 62668 62643 0
230 62634 62605 0
231 125164 125149 0
232 125193 125152 0
233 125174 125105 0
234 125128 125120 0
235 62654 62643 0
236 125184 125147 0
237 125165 125164 0
238 62652 62637 0
239 125143 125110 0
240 62634 62628 0
241 62685 62675 0
242 125166 125101 0
243 125134 125135 0
244 62654 62654 0
245 31431 31447 0
246 31384 31430 0
247 31385 31448 0
248 31380 31450 0
249 7953 7998 0
250 31400 31422 0
251 31406 31420 0
252 7943 8001 0
253 7964 7998 0
254 7931 7954 0
255 31378 31447 0
256 31392 31424 0
257 31385 31391 0
258 31377 31412 0
259 31396 31428 0
260 31351 31425 0
261 31403 31429 0
262 7962 7997 0
263 31367 31442 0
264 31393 31405 0
265 31364 31445 0
266 500102 500142 0
267 31363 31436 0
268 7957 8008 0
269 7918 7971 0
270 31428 31443 0
271 7939 7985 0
272 15764 15786 0
273 31365 31381 0
274 7949 7998 0
275 7919 7957 0
276 15731 15739 0
277 7971 7985 0
278 31386 31415 0
279 4045 4074 0
280 31401 31408 0
281 31356 31431 0
282 4017 4040 0
283 15772 15796 0
284 62625 62695 0
285 4051 4096 0
286 4018 4094 0
287 15769 15794 0
288 4050 4103 0
289 62626 62669 0
290 62634 62674 0
291 62679 62695 0
292 4022 4073 0
293 4029 4076 0
294 4061 4106 0
295 4050 4070 0
296 62643 62672 0
297 4024 4057 0
298 62681 62690 0
299 4046 4069 0
300 4039 4076 0
301 62662 62689 0
302 4068 4091 0
303 62604 62669 0
304 62652 62669 0
305 62635 62692 0
306 15763 15770 0
307 62642 62661 0
308 62656 62686 0
309 4027 4105 0
310 62642 62649 0
311 62652 62691 0
312 62634 62646 0
313 4033 4062 0
314 4022 4041 0
315 62623 62671 0
316 62671 62691 0
317 62640 62651 0
318 125108 125189 0
319 2061 2137 0
320 125127 125153 0
321 15811 15822 0
322 2071 2113 0
323 125125 125155 0
324 125129 125175 0
325 2083 2128 0
326 125133 125187 0
327 2059 2108 0
328 2059 2098 0
329 15768 15821 0
330 2131 2152 0
331 2109 2144 0
332 125152 125163 0
333 2070 2125 0
334 125108 125199 0
335 2086 2127 0
336 2077 2124 0
337 125121 125181 0
338 2072 2120 0
339 125145 125190 0
340 125150 125189 0
341 15769 15790 0
342 2076 2151 0
343 2084 2126 0
344 2058 2092 0
345 2090 2121 0
346 15798 15808 0
347 125143 125161 0
348 125165 125194 0
349 125152 125192 0
350 2098 2146 0
351 2120 2149 0
352 125104 125137 0
353 125174 125193 0
354 2059 2106 0
355 125123 125159 0
356 2082 2118 0
357 125117 125179 0
358 250108 250195 0
359 250129 250151 0
360 15802 15818 0
361 250119 250149 0
362 250114 250137 0
363 250157 250191 0
364 45 82 0
365 250103 250189 0
366 15770 15812 0
367 15781 15822 0
368 24 91 0
369 49 88 0
370 13 74 0
371 19 76 0
372 11 80 0
373 250124 250166 0
374 250158 250179 0
375 15742 15785 0
376 250102 250194 0
377 250115 250150 0
378 15747 15759 0
379 15731 15809 0
380 250144 250194 0
381 250106 250140 0
382 250113 250167 0
383 15749 15790 0
384 47 79 0
385 500145 500186 0
386 500113 500181 0
387 500103 500173 0
388 10 32 0
389 500128 500179 0
390 500151 500192 0
391 500120 500185 0
392 500117 500193 0
393 31 56 0
394 500111 500175 0
395 15734 15779 0
396 500126 500181 0
397 19 74 0
398 15746 15801 0
399 15745 15750 0
--------------
1000000 :c
1004337 :sum(p)
999999 :sum(w)
