400 :n
id p,w,x
--------------
0 2123 2066 1
1 31430 31359 1
2 15811 15728 1
3 71 15 1
4 4106 4009 1
5 4102 4008 1
6 15810 15731 1
7 4094 4034 1
8 2134 2090 1
9 84 34 1
10 2148 2065 1
11 2147 2076 1
12 15817 15759 1
13 2131 2075 1
14 4100 4045 1
15 4087 4029 1
16 53 12 1
17 99 36 1
18 31441 31358 1
19 2145 2096 1
20 81 26 1
21 86 7 1
22 15800 15731 1
23 7999 7925 1
24 4071 4012 1
25 69 23 1
26 7979 7917 1
27 15802 15742 1
28 60 14 1
29 8007 7926 1
30 7997 7914 1
31 2150 2087 1
32 15822 15747 1
33 15808 15730 1
34 2123 2060 1
35 15801 15730 1
36 15804 15733 1
37 31442 31368 1
38 14 1 1
39 37 9 1
40 57 19 1
41 26 10 1
42 48 20 1
43 32 17 1
44 79 53 1
45 94 64 1
46 80 55 1
47 38 27 1
48 81 58 1
49 79 64 1
50 87 73 1
51 31 30 1
52 66 64 1
53 2131 2089 1
54 2124 2087 1
55 2142 2116 1
56 4064 4021 1
57 2091 2070 1
58 2094 2074 1
59 4052 4014 1
60 4103 4067 1
61 4105 4070 1
62 2137 2119 1
63 2120 2103 1
64 2080 2065 1
65 2070 2056 1
66 4053 4027 1
67 8008 7961 1
68 4055 4032 1
69 7968 7928 1
70 2091 2081 1
71 4058 4042 1
72 7972 7942 1
73 4034 4020 1
74 15805 15755 1
75 15824 15779 1
76 15778 15734 1
77 7968 7950 1
78 15812 15778 1
79 7973 7956 1
80 60 16 1
81 7941 7922 1
82 31417 31352 1
83 31416 31353 1
84 7994 7978 1
85 31416 31364 1
86 7959 7944 1
87 31437 31382 1
88 62689 62616 1
89 62694 62607 1
90 62697 62620 1
91 2075 2071 1
92 2144 2140 1
93 7955 7941 1
94 4029 4022 1
95 7961 7949 1
96 2087 2084 1
97 15818 15796 1
98 4024 4019 1
99 15811 15778 1
100 62679 62601 1
101 15762 15738 1
102 31429 31397 0
103 31382 31352 0
104 31420 31390 0
105 31446 31450 0
106 15815 15802 1
107 62656 62626 0
108 31422 31392 0
109 2131 2129 1
110 7954 7947 1
111 7971 7964 1
112 31416 31390 0
113 31423 31397 0
114 15741 15728 1
115 15749 15738 0
116 15736 15727 0
117 15747 15738 0
118 31381 31361 0
119 31424 31404 0
120 62696 62658 0
121 31372 31354 0
122 62642 62602 0
123 62678 62631 0
124 125180 125110 0
125 125188 125123 0
126 125183 125119 0
127 15804 15820 0
128 7914 7925 0
129 62681 62651 0
130 31407 31392 0
131 62662 62633 0
132 125180 125123 0
133 125180 125123 0
134 31403 31389 0
135 15775 15768 0
136 62681 62658 0
137 62652 62630 0
138 62666 62645 0
139 4071 4070 1
140 31443 31438 0
141 15739 15737 0
142 15812 15810 0
143 31381 31380 0
144 31408 31407 0
145 31424 31424 0
146 7955 7955 0
147 31360 31361 0
148 31358 31360 0
149 31374 31379 0
150 4095 4096 0
151 8006 8008 0
152 7988 7990 0
153 15746 15753 0
154 7974 7978 0
155 15783 15792 0
156 4073 4077 0
157 7944 7952 0
158 4069 4074 0
159 2066 2069 0
160 7950 7962 0
161 2073 2077 0
162 7959 7977 0
163 2125 2130 1
164 2112 2117 1
165 7933 7953 0
166 7979 8006 0
167 2125 2133 0
168 4041 4059 0
169 4041 4062 0
170 4063 4085 0
171 4042 4064 0
172 4069 4092 0
173 4062 4087 0
174 2128 2142 0
175 4015 4043 0
176 4032 4062 0
177 2083 2103 0
178 2088 2111 0
179 2107 2133 0
180 33 39 0
181 54 75 0
182 28 52 0
183 500134 500107 0
184 500175 500131 0
185 500186 500138 0
186 500125 500109 0
187 500175 500155 0
188 500150 500136 0
189 500145 500137 0
190 250199 250173 0
191 62678 62677 0
192 62686 62684 0
193 125195 125180 0
194 125155 125142 0
195 125199 125182 0
196 62624 62613 0
197 62615 62606 0
198 250163 250107 0
199 125164 125117 0
200 125153 125118 0
201 125174 125150 0
202 125144 125120 0
203 125187 125156 0
204 125164 125149 0
205 250193 250113 0
206 250157 250114 0
207 250161 250122 0
208 125175 125137 0
209 125155 125133 0
210 250167 250127 0
211 250192 250124 0
212 250157 250112 0
213 125127 125112 0
214 250195 250120 0
215 250180 250114 0
216 250186 250114 0
217 62623 62614 0
218 125157 125103 0
219 62629 62618 0
220 250193 250112 0
221 250129 250102 0
222 250169 250159 0
223 250168 250165 0
224 250120 250102 0
225 250163 250147 0
226 250163 250151 0
227 500197 500141 0
228 500137 500106 0
229 500194 500141 0
230 500192 500179 0
231 500123 500119 0
232 500163 500134 0
233 15737 15762 0
234 62612 62672 0
235 62618 62630 0
236 15730 15792 0
237 62634 62679 0
238 15753 15805 0
239 62632 62675 0
240 62648 62681 0
241 7913 7978 0
242 62681 62687 0
243 15770 15794 0
244 7936 7993 0
245 7920 7996 0
246 7945 7975 0
247 7943 7979 0
248 62607 62656 0
249 62637 62655 0
250 62637 62687 0
251 62650 62650 0
252 62611 62645 0
253 62611 62672 0
254 7922 7988 0
255 7935 7997 0
256 62655 62683 0
257 125106 125174 0
258 125180 125191 0
259 125118 125133 0
260 62683 62696 0
261 15734 15811 0
262 7916 7997 0
263 7947 7978 0
264 7939 8002 0
265 62642 62666 0
266 7938 7972 0
267 125109 125111 0
268 125135 125173 0
269 62603 62629 0
270 31391 31408 0
271 7918 7959 0
272 125125 125162 0
273 62676 62694 0
274 7960 8011 0
275 125106 125131 0
276 125107 125129 0
277 125109 125150 0
278 7954 7997 0
279 15760 15801 0
280 4012 4078 0
281 15745 15812 0
282 125162 125195 0
283 62612 62629 0
284 125132 125133 0
285 4031 4102 0
286 125100 125175 0
287 62601 62645 0
288 15796 15822 0
289 125141 125182 0
290 62609 62618 0
291 4036 4105 0
292 62651 62668 0
293 4012 4097 0
294 4011 4077 0
295 4050 4098 0
296 125143 125174 0
297 4014 4093 0
298 4020 4060 0
299 31367 31416 0
300 125115 125175 0
301 4060 4104 0
302 4038 4084 0
303 125115 125188 0
304 15762 15807 0
305 125159 125160 0
306 125136 125166 0
307 31419 31435 0
308 125124 125137 0
309 125158 125163 0
310 125157 125162 0
311 125144 125165 0
312 250102 250129 0
313 4053 4092 0
314 250122 250180 0
315 31360 31367 0
316 250138 250187 0
317 250122 250168 0
318 4033 4077 0
319 15783 15806 0
320 250110 250190 0
321 2063 2119 0
322 250130 250176 0
323 250117 250168 0
324 250156 250196 0
325 250114 250184 0
326 2099 2141 0
327 31377 31419 0
328 2071 2149 0
329 31422 31442 0
330 250139 250182 0
331 15788 15815 0
332 250116 250162 0
333 31399 31417 0
334 31382 31419 0
335 250150 250200 0
336 250107 250160 0
337 31368 31377 0
338 250103 250184 0
339 250181 250184 0
340 250128 250197 0
341 250130 250184 0
342 250157 250160 0
343 250105 250190 0
344 31368 31395 0
345 250170 250174 0
346 250133 250164 0
347 2072 2131 0
348 2080 2115 0
349 250132 250200 0
350 500159 500170 0
351 2054 2143 0
352 2087 2142 0
353 500114 500178 0
354 2092 2136 0
355 500148 500196 0
356 500138 500189 0
357 2056 2110 0
358 15734 15763 0
359 500138 500156 0
360 6 66 0
361 12 74 0
362 35 84 0
363 15746 15768 0
364 500114 500162 0
365 500108 500118 0
366 500112 500166 0
367 500132 500128 0
368 500131 500135 0
369 500140 500169 0
370 500178 500191 0
371 23 79 0
372 500134 500135 0
373 5 52 0
374 500111 500190 0
375 500123 500137 0
376 500161 500197 0
377 500178 500181 0
378 50 99 0
379 5 63 0
380 39 76 0
381 13 95 0
382 500101 500183 0
383 21 60 0
384 500166 500171 0
385 500118 500148 0
386 500109 500135 0
387 500107 500144 0
388 7 59 0
389 50 89 0
390 500159 500185 0
391 500116 500173 0
392 500112 500172 0
393 31416 31447 0
394 31430 31438 0
395 5 46 0
396 500121 500157 0
397 500131 500130 0
398 31399 31428 0
399 31351 31397 0
--------------
1000000 :c
1004380 :sum(p)
999997 :sum(w)
