400 :n
id p,w,x
--------------
0 4102 4015 1
1 91 5 1
2 75 4 1
3 68 9 1
4 22 3 1
5 48 11 1
6 93 28 1
7 47 17 1
8 33 13 1
9 52 21 1
10 74 32 1
11 60 27 1
12 43 20 1
13 74 44 1
14 85 51 1
15 35 23 1
16 49 33 1
17 92 64 1
18 98 74 1
19 97 76 1
20 91 73 1
21 87 78 1
22 70 66 1
23 2140 2069 1
24 2148 2083 1
25 2124 2069 1
26 2129 2081 1
27 2137 2095 1
28 2105 2064 1
29 4103 4024 1
30 2102 2066 1
31 2090 2058 1
32 4089 4029 1
33 2092 2064 1
34 8006 7922 1
35 4104 4062 1
36 8002 7929 1
37 8012 7940 1
38 8000 7930 1
39 2086 2068 1
40 4090 4055 1
41 4040 4007 1
42 4086 4053 1
43 4059 4027 1
44 7993 7931 1
45 2141 2126 1
46 4100 4072 1
47 4043 4018 1
48 4106 4082 1
49 2146 2134 1
50 8005 7961 1
51 4037 4015 1
52 15814 15728 1
53 8009 7966 1
54 15823 15741 1
55 2145 2134 1
56 2149 2138 1
57 8000 7960 1
58 15820 15741 1
59 4050 4030 1
60 7986 7953 1
61 15789 15728 1
62 7959 7930 1
63 7997 7968 1
64 8007 7979 1
65 8001 7975 1
66 15816 15765 1
67 15800 15750 1
68 15819 15772 1
69 7937 7914 1
70 15824 15779 1
71 15807 15763 1
72 31438 31351 1
73 4082 4071 1
74 31442 31367 1
75 15818 15782 1
76 4022 4013 1
77 15761 15727 1
78 7948 7931 1
79 15813 15780 1
80 7948 7932 1
81 4030 4022 1
82 4060 4052 1
83 4096 4088 1
84 31412 31352 1
85 15761 15731 1
86 31440 31381 1
87 8002 7987 1
88 15760 15732 1
89 15817 15792 1
90 31445 31396 1
91 31435 31387 1
92 62695 62601 1
93 31396 31351 1
94 62688 62601 1
95 31431 31392 1
96 31387 31351 1
97 31434 31399 1
98 2063 2061 1
99 2088 2086 0
100 15768 15753 1
101 66 57 1
102 62674 62607 1
103 2116 2108 1
104 62685 62629 0
105 31391 31363 0
106 4058 4084 0
107 2137 2149 0
108 15763 15767 0
109 62667 62612 0
110 7980 7973 0
111 31389 31362 0
112 31380 31354 0
113 31378 31354 0
114 62662 62619 0
115 62679 62637 0
116 31439 31418 0
117 31406 31387 0
118 31412 31393 0
119 62645 62613 0
120 62648 62623 0
121 62685 62662 0
122 31447 31439 0
123 31390 31386 0
124 7989 7988 0
125 31401 31398 0
126 31384 31383 0
127 2117 2117 1
128 4056 4056 0
129 2088 2088 0
130 31383 31383 0
131 31409 31410 0
132 4057 4058 0
133 15787 15791 0
134 15768 15772 0
135 15748 15752 0
136 2077 2078 0
137 7964 7970 0
138 7966 7974 0
139 7991 8000 0
140 7927 7937 0
141 4023 4030 0
142 7951 7966 0
143 2089 2093 1
144 4047 4056 0
145 4017 4031 0
146 2130 2139 0
147 4036 4054 0
148 2127 2137 0
149 2124 2134 0
150 2128 2139 0
151 2094 2106 0
152 2093 2109 0
153 2083 2101 0
154 2110 2129 0
155 97 98 1
156 47 49 0
157 84 95 0
158 54 76 0
159 10 17 0
160 7 18 0
161 10 28 0
162 125172 125161 0
163 250198 250188 0
164 250144 250115 0
165 250155 250132 0
166 250141 250140 0
167 250197 250178 0
168 250137 250129 0
169 250150 250124 0
170 250131 250132 0
171 250153 250152 0
172 250162 250144 0
173 250129 250115 0
174 125179 125168 0
175 500162 500159 0
176 250151 250172 0
177 500177 500168 0
178 500171 500190 0
179 62631 62627 0
180 500127 500110 0
181 125117 125106 0
182 500114 500112 0
183 125146 125146 0
184 500192 500159 0
185 125162 125159 0
186 500137 500172 0
187 500189 500138 0
188 500153 500188 0
189 250132 250153 0
190 500141 500143 0
191 250118 250136 0
192 500149 500157 0
193 125104 125112 0
194 125116 125103 0
195 500143 500166 0
196 500158 500139 0
197 500146 500170 0
198 500167 500198 0
199 500178 500156 0
200 500136 500174 0
201 500148 500139 0
202 500137 500167 0
203 250193 250190 0
204 500173 500156 0
205 125142 125133 0
206 500162 500138 0
207 500197 500172 0
208 500198 500176 0
209 500173 500140 0
210 500182 500161 0
211 500127 500161 0
212 500124 500158 0
213 500199 500169 0
214 500191 500194 0
215 500163 500140 0
216 500179 500169 0
217 500136 500169 0
218 500143 500165 0
219 500198 500194 0
220 125167 125172 0
221 250126 250122 0
222 250143 250149 0
223 250187 250158 0
224 250180 250175 0
225 125132 125105 0
226 125180 125155 0
227 62630 62618 0
228 125122 125100 0
229 125196 125173 0
230 250181 250129 0
231 250182 250126 0
232 62681 62667 0
233 250182 250121 0
234 125150 125126 0
235 125194 125130 0
236 125193 125173 0
237 125135 125119 0
238 125173 125153 0
239 62630 62620 0
240 62644 62636 0
241 62690 62681 0
242 500195 500110 0
243 250189 250104 0
244 250196 250129 0
245 125190 125154 0
246 125155 125115 0
247 125160 125117 0
248 125180 125134 0
249 62679 62663 0
250 125164 125136 0
251 62604 62606 0
252 250127 250146 0
253 250177 250152 0
254 250192 250187 0
255 31368 31397 0
256 7923 7966 0
257 31373 31396 0
258 7956 7983 0
259 31364 31417 0
260 31379 31447 0
261 31360 31415 0
262 7954 8006 0
263 7938 7971 0
264 31380 31398 0
265 31389 31421 0
266 500131 500174 0
267 7918 7954 0
268 7936 7969 0
269 7962 8010 0
270 31352 31385 0
271 31359 31426 0
272 15753 15781 0
273 7948 8006 0
274 31394 31442 0
275 31402 31413 0
276 31360 31416 0
277 31377 31432 0
278 7941 8007 0
279 31361 31443 0
280 31423 31428 0
281 4030 4082 0
282 31391 31428 0
283 31408 31441 0
284 62641 62675 0
285 62633 62658 0
286 62638 62670 0
287 15730 15797 0
288 15776 15814 0
289 7913 7980 0
290 4028 4087 0
291 4024 4084 0
292 7922 7968 0
293 62684 62692 0
294 4032 4074 0
295 62607 62683 0
296 62668 62680 0
297 4047 4103 0
298 62679 62686 0
299 4042 4064 0
300 4054 4105 0
301 62646 62662 0
302 4023 4046 0
303 4019 4051 0
304 62620 62676 0
305 62625 62676 0
306 62608 62665 0
307 4026 4046 0
308 62616 62679 0
309 62656 62671 0
310 7932 7951 0
311 4030 4081 0
312 4044 4085 0
313 62630 62684 0
314 15749 15825 0
315 4053 4091 0
316 62619 62627 0
317 4022 4071 0
318 4013 4079 0
319 2069 2148 0
320 2076 2135 0
321 62612 62699 0
322 7926 7988 0
323 7962 7982 0
324 62674 62690 0
325 2087 2148 0
326 62618 62649 0
327 62635 62700 0
328 62661 62692 0
329 62644 62653 0
330 2101 2134 0
331 62623 62683 0
332 125115 125148 0
333 7918 7981 0
334 125131 125199 0
335 15762 15819 0
336 2079 2140 0
337 7948 7966 0
338 125119 125131 0
339 15755 15800 0
340 125128 125160 0
341 125107 125158 0
342 15780 15823 0
343 2064 2111 0
344 15730 15816 0
345 15743 15776 0
346 15762 15818 0
347 125100 125175 0
348 2077 2102 0
349 125116 125173 0
350 2057 2093 0
351 125106 125135 0
352 15726 15784 0
353 125100 125172 0
354 125116 125168 0
355 2119 2150 0
356 125107 125159 0
357 2055 2146 0
358 125114 125145 0
359 125122 125148 0
360 51 91 0
361 125152 125176 0
362 51 86 0
363 125131 125142 0
364 125100 125179 0
365 125132 125192 0
366 250135 250200 0
367 15739 15769 0
368 15756 15777 0
369 65 100 0
370 250110 250173 0
371 250126 250190 0
372 43 78 0
373 250163 250200 0
374 40 81 0
375 250112 250162 0
376 250130 250170 0
377 250159 250192 0
378 250147 250185 0
379 15773 15789 0
380 15748 15797 0
381 15747 15770 0
382 250108 250184 0
383 15762 15775 0
384 250138 250196 0
385 250130 250199 0
386 250102 250153 0
387 2 71 0
388 250106 250129 0
389 11 69 0
390 500136 500184 0
391 500127 500173 0
392 25 100 0
393 7 69 0
394 15748 15772 0
395 500142 500190 0
396 500120 500179 0
397 24 67 0
398 15781 15791 0
399 15786 15799 0
--------------
1000000 :c
1004004 :sum(p)
999998 :sum(w)
