400 :n
id p,w,x
--------------
0 76 2 1
1 7998 7918 1
2 2138 2078 1
3 31450 31369 1
4 2148 2071 1
5 77 10 1
6 15814 15744 1
7 15824 15762 1
8 7999 7930 1
9 15815 15741 1
10 8008 7943 1
11 57 3 1
12 15809 15731 1
13 4089 4023 1
14 91 40 1
15 2126 2061 1
16 4100 4025 1
17 2115 2057 1
18 31443 31352 1
19 4100 4041 1
20 45 1 1
21 47 13 1
22 51 23 1
23 48 22 1
24 88 45 1
25 43 23 1
26 53 36 1
27 95 71 1
28 57 43 1
29 95 74 1
30 100 89 1
31 39 35 1
32 62 57 1
33 84 79 1
34 30 29 1
35 2118 2076 1
36 2122 2080 1
37 2143 2104 1
38 2147 2109 1
39 2145 2109 1
40 2103 2068 1
41 2098 2070 1
42 2152 2125 1
43 2127 2101 1
44 4096 4049 1
45 2105 2081 1
46 2115 2091 1
47 4096 4051 1
48 2132 2109 1
49 4105 4063 1
50 4069 4028 1
51 4104 4068 1
52 7976 7924 1
53 8011 7959 1
54 7971 7922 1
55 7999 7953 1
56 4044 4024 1
57 7956 7918 1
58 7950 7915 1
59 4030 4013 1
60 4046 4029 1
61 4060 4043 1
62 2136 2128 1
63 4059 4044 1
64 2069 2062 1
65 15815 15763 1
66 7999 7973 1
67 15812 15765 1
68 7998 7976 1
69 15824 15782 1
70 15789 15752 1
71 7971 7953 1
72 7980 7962 1
73 7953 7936 1
74 15825 15792 1
75 31422 31362 1
76 15785 15757 1
77 15804 15780 1
78 31418 31373 1
79 31422 31379 1
80 62697 62614 1
81 15765 15745 1
82 15800 15780 1
83 4028 4023 1
84 31434 31398 1
85 7977 7968 1
86 7932 7913 1
87 62666 62603 1
88 2151 2080 1
89 2118 2116 1
90 31395 31355 1
91 62677 62615 1
92 15755 15731 1
93 62663 62604 1
94 62674 62615 0
95 31408 31380 1
96 62700 62672 0
97 31412 31386 0
98 15799 15786 1
99 15765 15751 0
100 8001 7994 1
101 75 76 0
102 15808 15808 0
103 62666 62616 0
104 4092 4105 0
105 62695 62645 0
106 62695 62645 0
107 15788 15776 1
108 4039 4036 1
109 4060 4057 1
110 62673 62629 0
111 125187 125103 0
112 62652 62611 0
113 62642 62602 0
114 15762 15752 0
115 125192 125113 0
116 7997 7992 0
117 62645 62608 0
118 62660 62626 0
119 125191 125126 0
120 31382 31366 0
121 31416 31400 0
122 4019 4017 0
123 62681 62650 0
124 31448 31433 0
125 125173 125115 0
126 31392 31381 0
127 31449 31438 0
128 15771 15766 0
129 15789 15787 0
130 7934 7934 0
131 4027 4028 0
132 7973 7975 0
133 7967 7969 0
134 7914 7916 0
135 2134 2135 1
136 4054 4056 0
137 7947 7951 0
138 4089 4092 0
139 7946 7952 0
140 2127 2129 1
141 7990 7998 0
142 4079 4084 0
143 7958 7968 0
144 7916 7927 0
145 4069 4076 0
146 4039 4046 0
147 2064 2069 0
148 2086 2094 0
149 4043 4059 0
150 2119 2128 0
151 64 68 0
152 85 92 0
153 38 43 0
154 62 74 0
155 62682 62666 0
156 125140 125129 0
157 500152 500120 0
158 125171 125146 0
159 125154 125144 0
160 500186 500108 0
161 250155 250119 0
162 250128 250110 0
163 125183 125129 0
164 125150 125141 0
165 250135 250107 0
166 125170 125118 0
167 250178 250114 0
168 125182 125147 0
169 250146 250113 0
170 125199 125184 0
171 500161 500123 0
172 62662 62652 0
173 62696 62680 0
174 125160 125120 0
175 125121 125109 0
176 62637 62628 0
177 500168 500103 0
178 62619 62610 0
179 125161 125144 0
180 125161 125147 0
181 250193 250141 0
182 62649 62643 0
183 125161 125140 0
184 125165 125128 0
185 31380 31429 0
186 62633 62635 0
187 62659 62675 0
188 31410 31429 0
189 62606 62610 0
190 62602 62652 0
191 62648 62652 0
192 62613 62639 0
193 31414 31441 0
194 31359 31408 0
195 62661 62674 0
196 62618 62643 0
197 31359 31399 0
198 31408 31446 0
199 62654 62691 0
200 15741 15773 0
201 62638 62638 0
202 15741 15779 0
203 15746 15810 0
204 15788 15816 0
205 62611 62634 0
206 62618 62682 0
207 62630 62665 0
208 125103 125111 0
209 125116 125152 0
210 31394 31437 0
211 125114 125123 0
212 125150 125169 0
213 15758 15790 0
214 125120 125128 0
215 125132 125183 0
216 125110 125147 0
217 15762 15822 0
218 125108 125166 0
219 15740 15760 0
220 125157 125154 0
221 125121 125180 0
222 125136 125189 0
223 125194 125196 0
224 15749 15790 0
225 15731 15788 0
226 125121 125193 0
227 15799 15811 0
228 125142 125198 0
229 125133 125134 0
230 15780 15794 0
231 15734 15771 0
232 125142 125154 0
233 15786 15822 0
234 125172 125186 0
235 15742 15791 0
236 125141 125137 0
237 15778 15823 0
238 15774 15791 0
239 125132 125153 0
240 125132 125154 0
241 125144 125169 0
242 125143 125198 0
243 250153 250155 0
244 62613 62696 0
245 31385 31392 0
246 250107 250152 0
247 7919 7953 0
248 7979 8005 0
249 250173 250187 0
250 7950 7989 0
251 250198 250191 0
252 250130 250155 0
253 250184 250199 0
254 250185 250181 0
255 250125 250191 0
256 31395 31408 0
257 250174 250174 0
258 250199 250183 0
259 250116 250127 0
260 250126 250168 0
261 31420 31433 0
262 250166 250177 0
263 250128 250156 0
264 31381 31409 0
265 31361 31444 0
266 250186 250200 0
267 250157 250185 0
268 250107 250183 0
269 31367 31437 0
270 250123 250151 0
271 250160 250162 0
272 7915 7938 0
273 250150 250152 0
274 31373 31392 0
275 250159 250159 0
276 250126 250121 0
277 7967 7996 0
278 31381 31403 0
279 250137 250198 0
280 250117 250199 0
281 250196 250183 0
282 250102 250152 0
283 250101 250118 0
284 31426 31444 0
285 250189 250183 0
286 250105 250144 0
287 250101 250126 0
288 250128 250141 0
289 62641 62641 0
290 250157 250186 0
291 500117 500159 0
292 500139 500125 0
293 500147 500119 0
294 500103 500180 0
295 500176 500163 0
296 62674 62697 0
297 500172 500191 0
298 500154 500132 0
299 500162 500134 0
300 31400 31432 0
301 500102 500107 0
302 500168 500140 0
303 500107 500167 0
304 31381 31434 0
305 500115 500178 0
306 500167 500179 0
307 500104 500127 0
308 62611 62670 0
309 500143 500145 0
310 500126 500152 0
311 31352 31352 0
312 62669 62668 0
313 62602 62650 0
314 4073 4093 0
315 500152 500161 0
316 500129 500183 0
317 31387 31410 0
318 500125 500116 0
319 31365 31443 0
320 500132 500136 0
321 500119 500176 0
322 500178 500197 0
323 500113 500183 0
324 31367 31402 0
325 500111 500112 0
326 500120 500178 0
327 500110 500194 0
328 500167 500191 0
329 500153 500149 0
330 500134 500190 0
331 500168 500177 0
332 500105 500110 0
333 500122 500123 0
334 31408 31436 0
335 500140 500131 0
336 500106 500136 0
337 31421 31423 0
338 31432 31441 0
339 31437 31437 0
340 250184 250127 0
341 500184 500133 0
342 500157 500118 0
343 250148 250106 0
344 2057 2094 0
345 2122 2145 0
346 2106 2148 0
347 2084 2101 0
348 2099 2113 0
349 2081 2096 0
350 2056 2083 0
351 2121 2135 0
352 4011 4064 0
353 4057 4085 0
354 2106 2144 0
355 4066 4091 0
356 4032 4058 0
357 4036 4092 0
358 4016 4091 0
359 24 62 0
360 10 87 0
361 72 88 0
362 4021 4059 0
363 63 93 0
364 4013 4040 0
365 2095 2142 0
366 4031 4063 0
367 6 79 0
368 4043 4094 0
369 30 94 0
370 2091 2133 0
371 4012 4103 0
372 69 88 0
373 55 85 0
374 4036 4097 0
375 18 36 0
376 4020 4083 0
377 4 85 0
378 59 82 0
379 2097 2127 0
380 4035 4088 0
381 7927 7976 0
382 7941 8003 0
383 7923 7967 0
384 2111 2139 0
385 18 95 0
386 7944 7999 0
387 7 46 0
388 7917 7972 0
389 25 62 0
390 29 88 0
391 7922 8003 0
392 7926 8005 0
393 7924 8011 0
394 11 29 0
395 15738 15823 0
396 15730 15811 0
397 15733 15812 0
398 2058 2105 0
399 2072 2152 0
--------------
1000000 :c
1003729 :sum(p)
1000000 :sum(w)
