400 :n
id p,w,x
--------------
0 51 14 1
1 81 17 1
2 2121 2060 1
3 2141 2064 1
4 89 52 1
5 2132 2065 1
6 2147 2085 1
7 52 36 1
8 30 10 1
9 87 44 1
10 82 24 1
11 65 29 1
12 100 38 1
13 75 35 1
14 98 75 1
15 56 15 1
16 43 32 1
17 2152 2100 1
18 64 35 1
19 62 25 1
20 42 25 1
21 4105 4021 1
22 2073 2058 1
23 4106 4012 1
24 2084 2056 1
25 4051 4038 1
26 15820 15757 1
27 15795 15735 1
28 15820 15739 1
29 2130 2095 1
30 2099 2058 1
31 2135 2108 1
32 2114 2087 1
33 7962 7916 1
34 2072 2055 1
35 2096 2056 1
36 2116 2081 1
37 2142 2123 1
38 7987 7935 1
39 7983 7930 1
40 2152 2141 1
41 7998 7940 1
42 7989 7939 1
43 15797 15727 1
44 2125 2078 1
45 2112 2073 1
46 7983 7918 1
47 2120 2071 1
48 7967 7916 1
49 8006 7965 1
50 2082 2060 1
51 2117 2068 1
52 2139 2105 1
53 4078 4023 1
54 4080 4050 1
55 8006 7959 1
56 12 5 1
57 35 27 1
58 60 56 1
59 2068 2061 1
60 7972 7948 1
61 15779 15735 1
62 15797 15755 1
63 31439 31357 1
64 31449 31371 1
65 2076 2071 0
66 15817 15779 1
67 31428 31353 1
68 7996 7977 1
69 2111 2106 1
70 15794 15757 1
71 15792 15757 1
72 31417 31354 1
73 15782 15751 1
74 15786 15755 1
75 31445 31384 1
76 2079 2075 0
77 31411 31351 1
78 15793 15764 1
79 7981 7967 1
80 31440 31385 1
81 4049 4043 0
82 31436 31395 1
83 31397 31357 1
84 62691 62613 1
85 31419 31380 1
86 15781 15732 1
87 15795 15776 1
88 15802 15784 1
89 7986 7977 0
90 62698 62628 1
91 94 23 1
92 15767 15738 1
93 2068 2057 1
94 62670 62601 1
95 62670 62602 1
96 7933 7925 0
97 62698 62641 0
98 31423 31422 0
99 39 44 0
100 4014 4010 0
101 4076 4072 0
102 15800 15785 1
103 62694 62636 0
104 2143 2150 0
105 31388 31359 0
106 31392 31364 0
107 31402 31374 0
108 31392 31365 0
109 62688 62635 0
110 31393 31367 0
111 31394 31369 0
112 15782 15770 0
113 125197 125110 0
114 125196 125115 0
115 125179 125104 0
116 125190 125116 0
117 15738 15729 0
118 125188 125121 0
119 2057 2056 0
120 125164 125104 0
121 31389 31374 0
122 62639 62610 0
123 62653 62624 0
124 125183 125126 0
125 125184 125127 0
126 125176 125122 0
127 62644 62617 0
128 125188 125135 0
129 15796 15790 0
130 250194 250104 0
131 31363 31352 0
132 31372 31361 0
133 31421 31410 0
134 31412 31402 0
135 250194 250118 0
136 250186 250115 0
137 125138 125103 0
138 125149 125115 0
139 250189 250122 0
140 31368 31360 0
141 15748 15744 0
142 7987 7985 0
143 31381 31374 0
144 250181 250126 0
145 125165 125138 0
146 250152 250101 0
147 15774 15771 0
148 250191 250148 0
149 125144 125123 0
150 250150 250110 0
151 125131 125111 0
152 125143 125123 0
153 125192 125172 0
154 62695 62685 0
155 31393 31388 0
156 500192 500114 0
157 500178 500108 0
158 250138 250103 0
159 250198 250165 0
160 62662 62654 0
161 500186 500125 0
162 62620 62613 0
163 500185 500133 0
164 125133 125120 0
165 125147 125134 0
166 500173 500123 0
167 500161 500113 0
168 500170 500122 0
169 500172 500124 0
170 250131 250107 0
171 125166 125156 0
172 250165 250147 0
173 250192 250174 0
174 500135 500101 0
175 500155 500121 0
176 500142 500109 0
177 500188 500158 0
178 250198 250183 0
179 500132 500103 0
180 125170 125163 0
181 250139 250126 0
182 250170 250157 0
183 500199 500175 0
184 125188 125182 0
185 62636 62633 0
186 500128 500105 0
187 500177 500157 0
188 250162 250152 0
189 250176 250169 0
190 250186 250180 0
191 250120 250115 0
192 500165 500156 0
193 500188 500180 0
194 500165 500159 0
195 125119 125118 0
196 500140 500138 0
197 62697 62697 0
198 15771 15771 0
199 15766 15766 0
200 62603 62603 0
201 7942 7942 0
202 33 33 0
203 500178 500179 0
204 250122 250123 0
205 500130 500133 0
206 500164 500169 0
207 500153 500158 0
208 500177 500184 0
209 125175 125177 0
210 125102 125104 0
211 250175 250180 0
212 250166 250171 0
213 500151 500161 0
214 125100 125103 0
215 500183 500196 0
216 500148 500161 0
217 62606 62608 0
218 250152 250160 0
219 4067 4069 0
220 43 45 0
221 69 75 0
222 34 41 0
223 19 25 0
224 15733 15799 0
225 15789 15820 0
226 500172 500189 0
227 31363 31397 0
228 15736 15761 0
229 31361 31369 0
230 31351 31434 0
231 15730 15751 0
232 31395 31401 0
233 15779 15783 0
234 15777 15815 0
235 15746 15780 0
236 31404 31447 0
237 31409 31417 0
238 15743 15814 0
239 31381 31393 0
240 7943 7986 0
241 7976 7997 0
242 31395 31419 0
243 31393 31419 0
244 7939 7944 0
245 31395 31406 0
246 7973 7983 0
247 7975 7986 0
248 31388 31450 0
249 31362 31413 0
250 7983 8011 0
251 31352 31372 0
252 7917 7927 0
253 7992 8004 0
254 7930 7941 0
255 7976 7978 0
256 7946 7948 0
257 7955 7989 0
258 7925 7938 0
259 7993 7994 0
260 31413 31425 0
261 31362 31412 0
262 7926 7978 0
263 62653 62666 0
264 7960 7995 0
265 7918 7925 0
266 7943 7990 0
267 62640 62652 0
268 7928 7932 0
269 62607 62611 0
270 62601 62629 0
271 62653 62660 0
272 7964 8001 0
273 62603 62650 0
274 62645 62664 0
275 7960 8009 0
276 7994 8007 0
277 7987 8009 0
278 7927 7942 0
279 4012 4034 0
280 62605 62694 0
281 62661 62669 0
282 4049 4069 0
283 4032 4105 0
284 4091 4104 0
285 62655 62668 0
286 4020 4099 0
287 4039 4053 0
288 4020 4051 0
289 4060 4079 0
290 62640 62684 0
291 4042 4075 0
292 4034 4092 0
293 62655 62688 0
294 4032 4105 0
295 62633 62691 0
296 4030 4051 0
297 4021 4091 0
298 4028 4035 0
299 4047 4067 0
300 4028 4067 0
301 4027 4047 0
302 4035 4050 0
303 4053 4093 0
304 15778 15791 0
305 4051 4077 0
306 4031 4054 0
307 4061 4075 0
308 62645 62658 0
309 62674 62685 0
310 4022 4106 0
311 4059 4106 0
312 4046 4062 0
313 4037 4046 0
314 4039 4044 0
315 4007 4039 0
316 4021 4054 0
317 4048 4054 0
318 4025 4055 0
319 2092 2132 0
320 62602 62619 0
321 62634 62697 0
322 62654 62697 0
323 62608 62654 0
324 62624 62648 0
325 2076 2133 0
326 2077 2152 0
327 62624 62671 0
328 62608 62685 0
329 2066 2120 0
330 62694 62697 0
331 125103 125193 0
332 15801 15821 0
333 125116 125124 0
334 125110 125129 0
335 2072 2149 0
336 125105 125145 0
337 2079 2153 0
338 125131 125153 0
339 2062 2070 0
340 2104 2136 0
341 125110 125176 0
342 125180 125190 0
343 125143 125175 0
344 125176 125181 0
345 2073 2130 0
346 125123 125151 0
347 125109 125166 0
348 125114 125171 0
349 2080 2106 0
350 125141 125186 0
351 125126 125135 0
352 250130 250186 0
353 250104 250127 0
354 250132 250196 0
355 250103 250199 0
356 250139 250185 0
357 250113 250139 0
358 2078 2133 0
359 22 31 0
360 29 70 0
361 250106 250180 0
362 250106 250197 0
363 250129 250158 0
364 250166 250186 0
365 250131 250148 0
366 15780 15808 0
367 15759 15815 0
368 250186 250197 0
369 250136 250185 0
370 41 51 0
371 39 55 0
372 16 26 0
373 68 100 0
374 250103 250139 0
375 25 76 0
376 15749 15780 0
377 46 93 0
378 250169 250189 0
379 17 27 0
380 250172 250200 0
381 42 80 0
382 500138 500175 0
383 25 89 0
384 21 82 0
385 15753 15755 0
386 500130 500161 0
387 500153 500170 0
388 500154 500174 0
389 13 39 0
390 500137 500190 0
391 500102 500186 0
392 500125 500189 0
393 500133 500182 0
394 500102 500163 0
395 5 63 0
396 500137 500182 0
397 500150 500192 0
398 15752 15813 0
399 15759 15786 0
--------------
1000000 :c
1003903 :sum(p)
999999 :sum(w)
