400 :n
id p,w,x
--------------
0 15817 15726 1
1 15813 15727 1
2 80 34 1
3 90 36 1
4 59 11 1
5 80 1 1
6 93 5 1
7 94 47 1
8 7985 7919 1
9 73 23 1
10 7963 7913 1
11 82 27 1
12 97 35 1
13 7997 7928 1
14 52 9 1
15 7972 7923 1
16 8010 7944 1
17 8001 7947 1
18 7970 7915 1
19 95 54 1
20 4088 4009 1
21 4098 4046 1
22 4106 4021 1
23 4087 4041 1
24 4090 4008 1
25 2141 2063 1
26 2129 2078 1
27 2124 2062 1
28 2135 2072 1
29 2143 2072 1
30 2115 2062 1
31 2106 2055 1
32 27 4 1
33 69 30 1
34 73 34 1
35 17 9 1
36 81 44 1
37 61 34 1
38 89 53 1
39 56 34 1
40 26 20 1
41 41 32 1
42 2101 2059 1
43 2127 2085 1
44 2133 2096 1
45 4071 4035 1
46 4092 4056 1
47 4041 4007 1
48 4092 4061 1
49 2091 2076 1
50 2131 2116 1
51 4048 4024 1
52 7968 7928 1
53 7956 7918 1
54 4037 4018 1
55 2135 2125 1
56 7992 7955 1
57 4083 4065 1
58 7958 7924 1
59 4092 4076 1
60 2135 2127 0
61 7975 7947 1
62 15788 15733 1
63 4043 4029 0
64 4061 4047 1
65 8008 7983 1
66 15810 15761 1
67 15808 15760 1
68 7962 7938 1
69 15825 15782 1
70 7968 7947 1
71 31444 31362 1
72 31446 31365 1
73 31444 31371 1
74 31419 31351 1
75 7961 7944 1
76 7994 7977 1
77 7937 7921 1
78 15760 15729 1
79 2072 2068 1
80 31446 31389 1
81 31418 31363 1
82 4014 4007 0
83 15759 15732 1
84 15758 15732 1
85 15751 15726 1
86 2073 2070 1
87 31429 31384 1
88 31417 31375 1
89 15817 15797 0
90 62693 62607 1
91 62698 62621 1
92 62694 62620 1
93 8006 7997 0
94 31399 31366 1
95 94 87 1
96 31398 31356 1
97 31390 31352 1
98 31411 31378 1
99 31429 31398 1
100 2114 2112 0
101 31435 31409 0
102 7996 7991 0
103 15790 15823 0
104 15741 15727 1
105 15785 15772 0
106 7938 7932 0
107 7985 7979 0
108 2136 2153 0
109 62687 62645 0
110 62680 62641 0
111 31404 31386 0
112 62678 62644 0
113 125196 125129 0
114 125182 125118 0
115 15735 15727 0
116 7934 7930 0
117 125196 125134 0
118 2077 2076 0
119 125165 125112 0
120 31406 31393 0
121 125153 125105 0
122 62660 62637 0
123 250190 250101 0
124 250184 250102 0
125 125160 125120 0
126 15764 15759 0
127 125195 125156 0
128 31402 31393 0
129 62656 62639 0
130 15810 15806 0
131 250197 250134 0
132 250196 250135 0
133 62678 62663 0
134 250183 250128 0
135 250174 250121 0
136 250159 250107 0
137 62674 62661 0
138 250156 250105 0
139 250181 250133 0
140 125130 125107 0
141 125134 125111 0
142 250143 250102 0
143 125164 125144 0
144 62674 62664 0
145 62610 62601 0
146 500179 500109 0
147 125138 125121 0
148 125193 125177 0
149 31369 31365 0
150 15759 15757 0
151 15775 15773 0
152 15817 15815 0
153 4086 4086 0
154 15798 15799 0
155 7994 7995 0
156 15789 15791 0
157 4091 4092 0
158 7989 7991 0
159 2121 2122 0
160 7929 7936 0
161 4097 4102 0
162 2082 2085 0
163 4020 4026 0
164 4065 4072 0
165 7927 7941 0
166 7919 7933 0
167 4045 4053 0
168 4031 4039 0
169 7945 7961 0
170 4087 4099 0
171 2128 2136 0
172 4083 4099 0
173 4069 4087 0
174 4015 4035 0
175 2108 2125 0
176 2125 2146 0
177 43 49 0
178 59 78 0
179 35 47 0
180 39 56 0
181 51 75 0
182 500149 500132 0
183 500179 500142 0
184 250114 250106 0
185 500125 500166 0
186 250115 250140 0
187 500145 500178 0
188 500171 500171 0
189 500164 500177 0
190 250117 250139 0
191 62626 62628 0
192 500148 500162 0
193 250156 250165 0
194 500128 500177 0
195 500166 500171 0
196 500127 500137 0
197 500134 500166 0
198 500112 500126 0
199 125153 125161 0
200 500105 500134 0
201 500120 500126 0
202 250139 250151 0
203 500140 500142 0
204 125172 125172 0
205 250145 250161 0
206 500139 500149 0
207 500145 500198 0
208 500166 500170 0
209 500118 500130 0
210 250188 250192 0
211 500154 500169 0
212 500130 500180 0
213 250141 250147 0
214 125193 125194 0
215 125134 125147 0
216 125151 125152 0
217 250115 250133 0
218 500133 500134 0
219 250104 250105 0
220 250160 250180 0
221 62657 62662 0
222 62651 62651 0
223 62606 62601 0
224 250183 250182 0
225 500161 500144 0
226 62622 62619 0
227 500194 500137 0
228 250173 250150 0
229 250166 250162 0
230 125123 125110 0
231 250160 250150 0
232 250122 250113 0
233 500178 500131 0
234 250190 250185 0
235 125181 125173 0
236 250169 250150 0
237 125173 125158 0
238 125154 125139 0
239 125162 125157 0
240 500178 500126 0
241 500125 500123 0
242 500123 500120 0
243 125143 125130 0
244 500108 500104 0
245 500122 500111 0
246 500145 500106 0
247 500126 500112 0
248 500185 500172 0
249 500136 500128 0
250 7962 7987 0
251 31371 31416 0
252 31355 31441 0
253 31373 31438 0
254 31396 31413 0
255 250136 250177 0
256 31367 31445 0
257 31393 31404 0
258 31362 31432 0
259 31360 31422 0
260 250124 250163 0
261 250128 250172 0
262 31386 31442 0
263 7967 7991 0
264 31357 31363 0
265 31355 31375 0
266 31394 31431 0
267 7932 7976 0
268 31373 31413 0
269 7925 7976 0
270 31355 31434 0
271 31381 31417 0
272 7920 7953 0
273 7943 7975 0
274 31366 31393 0
275 7938 7979 0
276 31386 31439 0
277 31419 31430 0
278 7917 7959 0
279 250103 250189 0
280 31377 31409 0
281 31376 31439 0
282 4040 4083 0
283 250112 250157 0
284 250117 250192 0
285 4045 4100 0
286 4023 4101 0
287 31383 31419 0
288 31398 31407 0
289 7988 8007 0
290 62635 62692 0
291 7925 7988 0
292 7933 7984 0
293 250122 250149 0
294 4015 4070 0
295 4010 4074 0
296 4032 4082 0
297 62601 62626 0
298 62605 62612 0
299 4068 4090 0
300 250114 250186 0
301 4042 4098 0
302 4024 4068 0
303 15783 15793 0
304 250134 250163 0
305 62610 62640 0
306 4017 4093 0
307 62604 62656 0
308 15734 15780 0
309 62616 62684 0
310 15767 15783 0
311 4027 4080 0
312 15772 15792 0
313 4060 4106 0
314 62671 62691 0
315 15799 15810 0
316 62640 62674 0
317 62605 62696 0
318 4014 4094 0
319 62604 62676 0
320 62631 62665 0
321 500101 500160 0
322 2067 2126 0
323 2086 2141 0
324 2104 2135 0
325 2096 2140 0
326 62605 62613 0
327 62639 62695 0
328 62622 62651 0
329 500107 500176 0
330 2057 2138 0
331 2113 2153 0
332 2060 2117 0
333 2091 2136 0
334 62605 62622 0
335 2063 2131 0
336 2116 2141 0
337 62602 62627 0
338 2087 2145 0
339 15727 15813 0
340 2080 2133 0
341 62623 62686 0
342 62624 62690 0
343 62671 62687 0
344 62604 62694 0
345 2062 2119 0
346 15737 15801 0
347 62646 62661 0
348 62617 62645 0
349 15756 15817 0
350 15746 15781 0
351 15781 15796 0
352 2113 2145 0
353 500129 500186 0
354 15759 15788 0
355 2093 2135 0
356 62645 62664 0
357 125168 125188 0
358 2065 2149 0
359 28 74 0
360 125131 125190 0
361 500110 500196 0
362 125156 125188 0
363 125128 125179 0
364 125148 125185 0
365 125133 125188 0
366 1 90 0
367 125128 125172 0
368 15742 15774 0
369 27 60 0
370 125116 125187 0
371 125169 125194 0
372 125127 125188 0
373 7 88 0
374 125127 125187 0
375 125155 125191 0
376 125147 125193 0
377 24 53 0
378 15737 15784 0
379 125159 125180 0
380 125160 125182 0
381 125116 125139 0
382 15803 15825 0
383 13 92 0
384 125184 125199 0
385 250131 250179 0
386 15738 15753 0
387 55 96 0
388 2 68 0
389 7 80 0
390 250129 250178 0
391 44 70 0
392 28 87 0
393 250124 250160 0
394 29 55 0
395 15765 15790 0
396 44 81 0
397 500131 500200 0
398 15740 15772 0
399 15730 15757 0
--------------
1000000 :c
1004153 :sum(p)
1000000 :sum(w)
