400 :n
id p,w,x
--------------
0 15825 15727 1
1 15790 15744 1
2 15819 15757 1
3 15777 15729 1
4 45 15 1
5 64 36 1
6 15794 15728 1
7 15819 15763 1
8 15823 15771 1
9 90 2 1
10 82 29 1
11 78 17 1
12 79 50 1
13 86 40 1
14 44 11 1
15 8012 7913 1
16 8004 7972 1
17 7968 7942 1
18 85 64 1
19 95 44 1
20 42 9 1
21 47 24 1
22 54 34 1
23 66 45 1
24 2117 2069 1
25 2114 2076 1
26 2153 2103 1
27 2153 2109 1
28 2117 2060 1
29 2137 2105 1
30 2099 2070 1
31 2140 2117 1
32 2095 2069 1
33 8010 7976 1
34 7987 7955 1
35 2148 2093 1
36 7988 7955 1
37 2127 2105 1
38 7993 7935 1
39 2133 2107 1
40 2098 2065 1
41 2137 2082 1
42 4075 4039 1
43 4070 4045 1
44 4079 4046 1
45 4084 4008 1
46 4070 4033 1
47 4076 4014 1
48 4083 4023 1
49 4104 4023 1
50 4049 4018 1
51 4093 4032 1
52 4070 4021 1
53 4042 4008 1
54 7994 7940 1
55 7998 7948 1
56 7976 7920 1
57 17 2 1
58 27 11 1
59 32 20 1
60 44 28 1
61 43 34 1
62 73 59 1
63 21 17 1
64 69 63 1
65 2102 2084 1
66 2128 2114 1
67 2079 2069 1
68 4078 4060 1
69 2150 2142 1
70 7972 7947 1
71 7999 7976 1
72 15777 15732 1
73 2134 2128 1
74 15782 15739 1
75 7957 7936 1
76 31450 31370 1
77 31434 31358 1
78 31436 31360 1
79 31428 31355 1
80 7972 7954 1
81 15809 15777 1
82 7968 7952 1
83 15825 15796 1
84 7949 7935 1
85 31434 31379 1
86 7968 7955 1
87 15765 15741 1
88 15815 15791 1
89 15787 15764 1
90 31405 31360 1
91 61 27 1
92 62663 62601 1
93 31428 31391 1
94 62694 62625 1
95 15754 15737 1
96 31446 31414 1
97 62695 62632 1
98 7938 7930 1
99 15809 15789 1
100 31403 31355 1
101 4067 4063 1
102 62696 62645 0
103 31434 31413 1
104 31440 31438 0
105 31422 31402 0
106 7921 7917 0
107 62684 62647 0
108 31403 31385 0
109 125171 125105 0
110 125178 125112 0
111 2145 2153 0
112 62658 62626 0
113 15763 15755 0
114 15756 15786 0
115 31433 31431 0
116 4037 4035 0
117 2057 2056 1
118 125186 125126 0
119 31400 31385 0
120 15768 15761 0
121 62647 62620 0
122 62662 62637 0
123 15772 15766 0
124 62628 62606 0
125 31429 31418 0
126 31389 31379 0
127 7970 7968 0
128 4093 4092 0
129 15749 15746 0
130 15764 15762 0
131 15790 15788 0
132 7982 7984 0
133 7982 7984 0
134 15814 15818 0
135 7954 7957 0
136 2139 2140 1
137 2136 2137 1
138 7963 7968 0
139 4039 4043 0
140 7970 7980 0
141 7976 7987 0
142 4089 4095 0
143 4019 4025 0
144 4028 4036 0
145 4040 4051 0
146 4028 4039 0
147 2131 2137 0
148 2079 2088 0
149 92 93 0
150 64 65 0
151 45 47 1
152 77 82 0
153 67 72 0
154 64 69 0
155 125163 125158 0
156 250165 250145 0
157 62629 62627 0
158 125139 125137 0
159 125123 125118 0
160 250133 250106 0
161 500155 500131 0
162 250141 250117 0
163 500134 500117 0
164 500185 500173 0
165 125189 125176 0
166 125113 125109 0
167 125152 125141 0
168 250159 250131 0
169 31415 31412 0
170 62659 62653 0
171 500180 500175 0
172 250172 250161 0
173 125189 125187 0
174 125139 125127 0
175 125146 125142 0
176 31414 31409 0
177 500176 500122 0
178 500155 500101 0
179 500195 500143 0
180 500200 500154 0
181 500191 500144 0
182 125159 125150 0
183 125183 125173 0
184 250178 250138 0
185 500163 500114 0
186 250118 250113 0
187 125145 125122 0
188 500136 500102 0
189 500131 500106 0
190 250136 250122 0
191 62677 62673 0
192 500165 500101 0
193 250172 250136 0
194 250160 250139 0
195 250167 250120 0
196 500137 500118 0
197 62624 62612 0
198 500192 500121 0
199 250171 250170 0
200 250144 250150 0
201 250127 250126 0
202 250180 250178 0
203 500135 500135 0
204 125170 125169 0
205 500177 500186 0
206 500136 500137 0
207 500123 500120 0
208 500134 500132 0
209 125109 125108 0
210 250185 250186 0
211 500189 500186 0
212 500140 500150 0
213 250185 250192 0
214 250151 250154 0
215 250103 250107 0
216 250191 250117 0
217 250193 250112 0
218 250179 250104 0
219 250176 250105 0
220 62641 62628 0
221 500200 500101 0
222 125191 125136 0
223 125179 125133 0
224 125169 125116 0
225 62625 62612 0
226 250196 250104 0
227 125162 125129 0
228 125140 125115 0
229 500183 500148 0
230 62679 62670 0
231 500172 500124 0
232 500171 500122 0
233 500155 500142 0
234 500192 500112 0
235 125165 125145 0
236 62688 62680 0
237 250195 250187 0
238 125187 125169 0
239 7940 7974 0
240 7950 8008 0
241 15772 15790 0
242 250111 250157 0
243 31393 31413 0
244 31396 31404 0
245 7924 7954 0
246 15776 15799 0
247 31423 31434 0
248 31373 31426 0
249 7974 8010 0
250 15741 15759 0
251 31352 31442 0
252 31376 31448 0
253 31373 31377 0
254 31351 31421 0
255 7914 8012 0
256 7959 7974 0
257 7926 8000 0
258 31358 31439 0
259 31360 31401 0
260 7966 7991 0
261 7916 7974 0
262 31409 31429 0
263 7928 8002 0
264 7926 7956 0
265 31381 31445 0
266 31416 31436 0
267 31362 31437 0
268 250112 250130 0
269 31402 31442 0
270 31409 31443 0
271 31361 31442 0
272 31362 31420 0
273 62680 62685 0
274 7949 7963 0
275 7926 7939 0
276 7935 7973 0
277 62647 62661 0
278 250137 250146 0
279 4014 4037 0
280 15726 15745 0
281 4052 4090 0
282 4041 4093 0
283 62677 62694 0
284 62615 62665 0
285 4056 4095 0
286 15734 15792 0
287 15744 15796 0
288 4014 4049 0
289 4042 4084 0
290 4062 4083 0
291 4013 4059 0
292 250119 250149 0
293 4014 4080 0
294 4036 4068 0
295 4025 4047 0
296 250128 250166 0
297 31394 31422 0
298 62608 62651 0
299 250104 250158 0
300 31398 31450 0
301 250145 250158 0
302 62625 62639 0
303 62628 62688 0
304 62608 62679 0
305 62644 62664 0
306 62655 62688 0
307 62609 62621 0
308 4014 4054 0
309 4028 4051 0
310 4033 4050 0
311 250112 250190 0
312 4013 4089 0
313 62624 62696 0
314 31354 31367 0
315 4074 4102 0
316 4019 4080 0
317 250170 250195 0
318 4023 4094 0
319 250121 250144 0
320 62663 62696 0
321 500141 500185 0
322 2059 2108 0
323 62608 62646 0
324 62642 62689 0
325 62627 62685 0
326 62652 62682 0
327 500130 500157 0
328 250143 250152 0
329 2061 2115 0
330 500117 500189 0
331 2101 2119 0
332 2068 2110 0
333 62611 62680 0
334 2107 2150 0
335 62618 62640 0
336 15767 15812 0
337 62661 62693 0
338 2060 2106 0
339 15782 15792 0
340 62607 62673 0
341 500101 500188 0
342 62604 62682 0
343 2086 2151 0
344 2082 2144 0
345 62666 62679 0
346 2069 2115 0
347 2103 2127 0
348 2057 2083 0
349 15754 15767 0
350 500173 500195 0
351 2070 2151 0
352 15796 15817 0
353 125108 125137 0
354 2074 2094 0
355 2086 2148 0
356 125133 125183 0
357 2062 2091 0
358 125102 125193 0
359 500144 500186 0
360 15 95 0
361 125117 125187 0
362 15791 15811 0
363 125163 125174 0
364 125180 125196 0
365 500106 500124 0
366 125134 125171 0
367 6 87 0
368 500105 500160 0
369 125144 125174 0
370 59 95 0
371 15760 15818 0
372 20 46 0
373 15733 15756 0
374 500108 500176 0
375 250136 250170 0
376 76 96 0
377 500177 500194 0
378 41 81 0
379 15732 15808 0
380 23 84 0
381 500164 500188 0
382 125142 125158 0
383 30 96 0
384 125112 125170 0
385 125152 125174 0
386 250157 250179 0
387 125160 125193 0
388 125109 125127 0
389 22 61 0
390 125108 125154 0
391 500127 500149 0
392 48 79 0
393 125115 125131 0
394 125130 125137 0
395 250169 250181 0
396 36 65 0
397 250170 250194 0
398 15729 15788 0
399 15730 15796 0
--------------
1000000 :c
1003895 :sum(p)
1000000 :sum(w)
