400 :n
id p,w,x
--------------
0 15814 15734 1
1 15806 15737 1
2 15815 15738 1
3 15813 15728 1
4 8002 7954 1
5 7987 7932 1
6 92 24 1
7 73 18 1
8 7991 7924 1
9 7972 7928 1
10 8004 7942 1
11 4104 4058 1
12 96 33 1
13 4091 4033 1
14 4096 4054 1
15 4102 4034 1
16 4072 4011 1
17 4073 4029 1
18 2139 2078 1
19 2153 2102 1
20 2129 2057 1
21 2150 2107 1
22 2124 2067 1
23 2153 2074 1
24 2117 2055 1
25 31444 31354 1
26 31440 31356 1
27 27 1 1
28 38 5 1
29 72 36 1
30 88 54 1
31 87 56 1
32 72 50 1
33 33 24 1
34 32 26 1
35 32 28 1
36 49 44 1
37 76 71 1
38 2106 2069 1
39 2098 2062 1
40 2117 2085 1
41 2153 2124 1
42 2111 2085 1
43 94 93 1
44 2088 2066 1
45 2112 2090 1
46 4062 4023 1
47 2143 2125 1
48 4065 4038 1
49 2140 2126 1
50 4046 4021 1
51 4092 4067 1
52 7972 7931 1
53 4095 4075 1
54 8001 7965 1
55 7991 7956 1
56 8004 7969 1
57 7973 7939 1
58 8005 7975 1
59 4059 4044 1
60 15790 15733 1
61 7998 7970 1
62 15794 15739 1
63 4069 4055 1
64 2149 2142 1
65 15809 15758 1
66 2132 2126 1
67 7998 7976 1
68 7964 7945 1
69 31447 31390 1
70 7930 7916 1
71 31448 31393 1
72 15761 15736 1
73 4037 4031 1
74 15824 15801 1
75 91 47 1
76 15760 15734 1
77 15813 15795 1
78 31412 31372 1
79 31409 31373 1
80 31427 31390 1
81 62676 62603 1
82 31447 31416 1
83 62669 62611 1
84 7977 7966 1
85 4098 4093 1
86 31425 31397 1
87 31445 31418 1
88 2101 2098 1
89 62669 62610 1
90 31387 31355 1
91 15777 15764 0
92 62677 62627 0
93 31426 31401 1
94 31444 31441 0
95 31439 31419 0
96 62678 62644 0
97 62700 62651 0
98 62691 62643 0
99 15784 15772 1
100 15807 15798 0
101 2120 2122 1
102 62665 62627 0
103 125190 125109 0
104 31373 31354 0
105 62689 62652 0
106 125185 125112 0
107 62686 62644 0
108 62660 62625 0
109 62669 62634 0
110 15741 15799 0
111 62700 62657 0
112 31423 31406 0
113 62635 62602 0
114 15782 15774 0
115 7988 7984 1
116 125171 125111 0
117 62653 62623 0
118 2116 2115 1
119 62651 62622 0
120 62653 62625 0
121 62661 62635 0
122 250197 250101 0
123 125197 125151 0
124 125198 125153 0
125 125195 125155 0
126 62631 62611 0
127 62695 62675 0
128 250196 250118 0
129 125145 125106 0
130 125172 125133 0
131 125191 125152 0
132 125173 125135 0
133 62684 62665 0
134 62686 62667 0
135 250177 250105 0
136 31414 31406 0
137 4033 4032 1
138 4089 4088 0
139 125172 125142 0
140 250157 250103 0
141 250181 250127 0
142 125124 125100 0
143 125175 125152 0
144 125196 125175 0
145 62621 62611 0
146 500188 500109 0
147 250191 250155 0
148 250139 250106 0
149 250155 250122 0
150 500181 500116 0
151 8004 8003 0
152 250188 250159 0
153 62621 62614 0
154 62638 62631 0
155 250184 250157 0
156 250127 250101 0
157 500192 500142 0
158 250189 250165 0
159 31426 31423 0
160 500178 500133 0
161 500186 500142 0
162 500180 500137 0
163 250164 250144 0
164 125139 125129 0
165 250144 250125 0
166 250168 250150 0
167 125162 125153 0
168 500174 500142 0
169 125147 125139 0
170 31389 31387 0
171 500160 500132 0
172 125110 125103 0
173 500187 500161 0
174 500166 500142 0
175 250146 250136 0
176 250197 250187 0
177 500143 500124 0
178 250179 250171 0
179 62635 62633 0
180 500147 500132 0
181 500147 500133 0
182 250126 250119 0
183 250170 250163 0
184 125144 125141 0
185 125162 125159 0
186 500200 500190 0
187 500146 500138 0
188 500166 500158 0
189 250146 250142 0
190 125131 125129 0
191 125132 125130 0
192 250120 250117 0
193 500144 500139 0
194 500182 500177 0
195 500108 500104 0
196 250180 250178 0
197 500126 500123 0
198 250152 250151 0
199 250176 250175 0
200 31 31 0
201 4 4 0
202 15759 15759 0
203 125188 125188 0
204 125196 125196 0
205 500170 500171 0
206 500137 500139 0
207 500176 500181 0
208 500161 500167 0
209 500173 500180 0
210 500101 500108 0
211 125184 125187 0
212 250172 250178 0
213 7997 7998 0
214 7984 7985 0
215 15787 15789 0
216 15810 15813 0
217 15728 15731 0
218 7967 7971 0
219 4022 4025 0
220 7930 7937 0
221 2098 2100 1
222 7995 8003 0
223 4069 4074 0
224 4027 4034 0
225 2086 2090 0
226 4029 4041 0
227 46 47 0
228 76 80 0
229 55 70 0
230 13 26 0
231 250104 250128 0
232 15765 15780 0
233 15751 15758 0
234 31385 31423 0
235 15740 15746 0
236 31422 31440 0
237 31355 31417 0
238 31416 31430 0
239 31371 31445 0
240 7940 7986 0
241 31354 31426 0
242 250159 250183 0
243 31374 31376 0
244 7998 8009 0
245 7941 7955 0
246 15752 15799 0
247 31435 31438 0
248 31361 31378 0
249 7921 8009 0
250 7941 7973 0
251 31365 31429 0
252 7961 7986 0
253 31414 31440 0
254 250153 250181 0
255 15763 15779 0
256 31411 31421 0
257 31390 31419 0
258 31366 31409 0
259 7963 8010 0
260 7946 7968 0
261 31397 31438 0
262 7932 7973 0
263 7931 7959 0
264 31362 31434 0
265 7918 7972 0
266 7920 7983 0
267 31353 31443 0
268 7917 7951 0
269 31398 31424 0
270 7954 7976 0
271 250156 250200 0
272 7937 7996 0
273 31367 31430 0
274 7932 7994 0
275 15754 15766 0
276 15735 15768 0
277 15740 15775 0
278 7918 7932 0
279 31413 31418 0
280 4025 4057 0
281 4046 4060 0
282 4035 4104 0
283 15786 15824 0
284 4010 4084 0
285 4086 4103 0
286 4067 4094 0
287 31380 31436 0
288 62608 62637 0
289 15781 15812 0
290 4024 4077 0
291 250101 250110 0
292 250160 250183 0
293 4019 4044 0
294 4039 4064 0
295 4081 4102 0
296 62608 62655 0
297 500155 500196 0
298 15737 15809 0
299 62602 62628 0
300 4017 4054 0
301 62612 62673 0
302 500114 500144 0
303 4036 4092 0
304 62660 62674 0
305 62638 62644 0
306 4038 4052 0
307 62615 62658 0
308 15794 15824 0
309 4042 4071 0
310 4038 4078 0
311 62627 62639 0
312 4068 4093 0
313 62669 62692 0
314 62604 62672 0
315 4041 4090 0
316 62620 62639 0
317 4031 4082 0
318 4027 4101 0
319 2098 2151 0
320 62618 62685 0
321 2119 2147 0
322 2070 2146 0
323 62671 62690 0
324 15739 15749 0
325 2064 2095 0
326 62660 62689 0
327 125160 125171 0
328 2054 2139 0
329 2058 2127 0
330 125103 125134 0
331 125118 125135 0
332 125120 125124 0
333 2056 2079 0
334 2092 2120 0
335 125114 125180 0
336 125142 125161 0
337 2098 2119 0
338 500145 500173 0
339 2055 2126 0
340 2076 2098 0
341 500143 500171 0
342 15747 15756 0
343 500134 500197 0
344 125125 125134 0
345 2103 2145 0
346 2075 2112 0
347 125132 125157 0
348 2071 2139 0
349 125148 125156 0
350 500135 500176 0
351 500119 500140 0
352 500180 500198 0
353 2073 2110 0
354 125164 125198 0
355 2082 2130 0
356 125143 125178 0
357 2084 2137 0
358 15759 15773 0
359 15756 15785 0
360 70 97 0
361 19 99 0
362 125119 125194 0
363 125111 125196 0
364 500142 500161 0
365 125159 125182 0
366 500153 500188 0
367 54 87 0
368 500110 500164 0
369 5 90 0
370 69 93 0
371 67 98 0
372 13 66 0
373 13 54 0
374 27 84 0
375 37 66 0
376 125131 125193 0
377 73 99 0
378 21 94 0
379 15744 15791 0
380 250142 250152 0
381 16 67 0
382 15780 15804 0
383 2 43 0
384 250127 250140 0
385 250120 250140 0
386 250140 250161 0
387 36 66 0
388 20 78 0
389 500101 500115 0
390 500161 500188 0
391 18 89 0
392 500141 500162 0
393 250102 250172 0
394 250127 250158 0
395 250169 250184 0
396 26 90 0
397 15759 15803 0
398 15752 15766 0
399 250138 250191 0
--------------
1000000 :c
1003506 :sum(p)
999999 :sum(w)
