400 :n
id p,w,x
--------------
0 7984 7952 1
1 7984 7948 1
2 7977 7934 1
3 2129 2066 1
4 2117 2089 1
5 31447 31370 1
6 2139 2089 1
7 31433 31356 1
8 7980 7932 1
9 2121 2081 1
10 2131 2100 1
11 31430 31375 1
12 2146 2103 1
13 2139 2099 1
14 2102 2080 1
15 2139 2115 1
16 7972 7926 1
17 7989 7962 1
18 2151 2062 1
19 4090 4040 1
20 7995 7920 1
21 97 5 1
22 2128 2075 1
23 31423 31357 1
24 2149 2061 1
25 4102 4040 1
26 31417 31365 1
27 2091 2056 1
28 15798 15745 1
29 4098 4056 1
30 7988 7919 1
31 4061 4020 1
32 2132 2105 1
33 2135 2091 1
34 2140 2104 1
35 2134 2100 1
36 15807 15752 1
37 4057 4030 1
38 7974 7927 1
39 4066 4025 1
40 7975 7941 1
41 4103 4041 1
42 31449 31358 1
43 15803 15768 1
44 83 29 1
45 4076 4039 1
46 2138 2079 1
47 85 47 1
48 15818 15744 1
49 96 14 1
50 8000 7943 1
51 7991 7918 1
52 4101 4058 1
53 7947 7919 1
54 88 34 1
55 4058 4011 1
56 4093 4012 1
57 4093 4053 1
58 4081 4021 1
59 4098 4039 1
60 4066 4041 1
61 92 22 1
62 4079 4014 1
63 8007 7948 1
64 24 9 1
65 40 25 1
66 43 27 1
67 65 50 1
68 86 73 1
69 70 63 1
70 63 58 1
71 76 73 1
72 84 83 1
73 2070 2056 1
74 2152 2139 1
75 4060 4041 1
76 4041 4025 1
77 4098 4082 1
78 4098 4083 1
79 4038 4028 0
80 15805 15772 1
81 15815 15783 1
82 15816 15784 1
83 7962 7946 1
84 8003 7987 1
85 31435 31383 1
86 15813 15787 1
87 15822 15796 1
88 8010 7997 1
89 4091 4074 1
90 2063 2060 0
91 7974 7963 1
92 31402 31362 1
93 31438 31398 1
94 31413 31375 1
95 62688 62616 1
96 15788 15737 1
97 62686 62604 1
98 7933 7920 0
99 62675 62604 1
100 62691 62623 1
101 31389 31357 0
102 62697 62692 0
103 31448 31443 0
104 17 42 0
105 7950 7942 0
106 31420 31389 0
107 15809 15794 0
108 31415 31387 0
109 31443 31416 0
110 15796 15784 0
111 4017 4040 0
112 7960 7954 0
113 8001 7995 1
114 31384 31361 0
115 62648 62604 0
116 31374 31354 0
117 15817 15807 0
118 7987 7982 0
119 62646 62609 0
120 15760 15751 0
121 62653 62618 0
122 15824 15816 0
123 7924 7920 0
124 62668 62637 0
125 2129 2128 0
126 62644 62617 0
127 62631 62605 0
128 31377 31365 0
129 62673 62650 0
130 250193 250105 0
131 125157 125116 0
132 125155 125115 0
133 62621 62601 0
134 15739 15734 0
135 62691 62672 0
136 62692 62673 0
137 250196 250123 0
138 125171 125135 0
139 31368 31359 0
140 250179 250108 0
141 250191 250122 0
142 15741 15737 0
143 4023 4022 0
144 250185 250123 0
145 125196 125165 0
146 125131 125101 0
147 125195 125165 0
148 31431 31424 0
149 125135 125108 0
150 125128 125102 0
151 125136 125110 0
152 62632 62619 0
153 250150 250102 0
154 250186 250138 0
155 62686 62674 0
156 250172 250129 0
157 500200 500119 0
158 125156 125136 0
159 250180 250141 0
160 500179 500106 0
161 500190 500125 0
162 500199 500134 0
163 250143 250111 0
164 62671 62663 0
165 31381 31377 0
166 31426 31422 0
167 15812 15810 0
168 7952 7951 0
169 250140 250115 0
170 250199 250174 0
171 500175 500126 0
172 31369 31366 0
173 250187 250165 0
174 125185 125174 0
175 500151 500108 0
176 500183 500144 0
177 500171 500134 0
178 250119 250101 0
179 250189 250171 0
180 125127 125118 0
181 250191 250174 0
182 125125 125117 0
183 15737 15736 0
184 15759 15758 0
185 15823 15822 0
186 250184 250170 0
187 500150 500123 0
188 7973 7973 0
189 4074 4074 0
190 4054 4055 0
191 4098 4101 0
192 2148 2150 0
193 2070 2073 0
194 2096 2102 0
195 2128 2135 0
196 2076 2085 0
197 2054 2063 0
198 2139 2149 0
199 2136 2146 0
200 80 81 0
201 50 54 0
202 56 63 0
203 31414 31416 0
204 15802 15803 0
205 15772 15800 0
206 31396 31411 0
207 62627 62673 0
208 15780 15785 0
209 62624 62692 0
210 62641 62653 0
211 62622 62685 0
212 62642 62681 0
213 62619 62681 0
214 15743 15762 0
215 62615 62645 0
216 15779 15810 0
217 62618 62674 0
218 62617 62615 0
219 62602 62614 0
220 62607 62630 0
221 62616 62644 0
222 15812 15821 0
223 15751 15775 0
224 15768 15795 0
225 15772 15800 0
226 62642 62677 0
227 62656 62660 0
228 15767 15767 0
229 62661 62686 0
230 62630 62657 0
231 62636 62679 0
232 15774 15793 0
233 62653 62685 0
234 15765 15776 0
235 62624 62643 0
236 62621 62660 0
237 62614 62614 0
238 62622 62621 0
239 125115 125137 0
240 7913 7924 0
241 125157 125192 0
242 125125 125140 0
243 125111 125183 0
244 125136 125140 0
245 125164 125174 0
246 7935 7943 0
247 125109 125137 0
248 125118 125137 0
249 125136 125198 0
250 125105 125181 0
251 125121 125138 0
252 125143 125172 0
253 125102 125198 0
254 125125 125161 0
255 7983 7991 0
256 125104 125174 0
257 125175 125171 0
258 7949 7958 0
259 125101 125105 0
260 31422 31429 0
261 7989 8006 0
262 125118 125139 0
263 8000 8012 0
264 125110 125119 0
265 125146 125195 0
266 125176 125196 0
267 125148 125167 0
268 125120 125155 0
269 125105 125147 0
270 125122 125126 0
271 125136 125145 0
272 7969 7987 0
273 125166 125187 0
274 250144 250141 0
275 250102 250197 0
276 250173 250189 0
277 250123 250171 0
278 250104 250121 0
279 250124 250174 0
280 250102 250171 0
281 250154 250147 0
282 250117 250147 0
283 250117 250172 0
284 31391 31409 0
285 250138 250164 0
286 250107 250174 0
287 250149 250179 0
288 250164 250178 0
289 250124 250128 0
290 250135 250195 0
291 250139 250157 0
292 250159 250154 0
293 250116 250134 0
294 250105 250162 0
295 250191 250198 0
296 250125 250195 0
297 250177 250194 0
298 500150 500180 0
299 500136 500131 0
300 500159 500171 0
301 500131 500179 0
302 500167 500178 0
303 500105 500148 0
304 31351 31398 0
305 500129 500200 0
306 500175 500173 0
307 500123 500158 0
308 500159 500135 0
309 4083 4094 0
310 500162 500191 0
311 500124 500168 0
312 500121 500116 0
313 31358 31402 0
314 500123 500144 0
315 500139 500164 0
316 500115 500171 0
317 500164 500189 0
318 31373 31391 0
319 500161 500175 0
320 500163 500156 0
321 500144 500144 0
322 500155 500144 0
323 500129 500191 0
324 500175 500155 0
325 500148 500192 0
326 500162 500140 0
327 500129 500112 0
328 500124 500106 0
329 500177 500175 0
330 500200 500177 0
331 500111 500165 0
332 31391 31404 0
333 31388 31403 0
334 31355 31354 0
335 31418 31435 0
336 31384 31429 0
337 31435 31449 0
338 31395 31420 0
339 31394 31394 0
340 500143 500119 0
341 31377 31438 0
342 15738 15782 0
343 15776 15809 0
344 31403 31430 0
345 4039 4095 0
346 4043 4104 0
347 4050 4089 0
348 4061 4086 0
349 4046 4077 0
350 4050 4096 0
351 4037 4101 0
352 2065 2111 0
353 4067 4092 0
354 2106 2150 0
355 2088 2110 0
356 2090 2147 0
357 4038 4062 0
358 2093 2145 0
359 1 68 0
360 4007 4038 0
361 32 90 0
362 27 98 0
363 4030 4082 0
364 10 40 0
365 17 52 0
366 2081 2152 0
367 2090 2131 0
368 29 48 0
369 4030 4077 0
370 7944 7990 0
371 20 91 0
372 7919 7965 0
373 7920 7988 0
374 7949 7986 0
375 30 48 0
376 7949 8000 0
377 71 92 0
378 6 35 0
379 1 86 0
380 7948 7978 0
381 2 47 0
382 7939 7991 0
383 16 41 0
384 15737 15798 0
385 14 81 0
386 2075 2111 0
387 37 63 0
388 57 82 0
389 15735 15804 0
390 28 61 0
391 15733 15800 0
392 54 85 0
393 49 91 0
394 15755 15813 0
395 15728 15779 0
396 21 89 0
397 1 57 0
398 2127 2145 0
399 2075 2116 0
--------------
1000000 :c
1004210 :sum(p)
999998 :sum(w)
