400 :n
id p,w,x
--------------
0 7961 7921 1
1 4098 4049 1
2 61 4 1
3 31446 31370 1
4 91 35 1
5 33 20 1
6 7977 7940 1
7 4102 4042 1
8 15785 15747 1
9 15769 15733 1
10 15806 15738 1
11 100 9 1
12 15803 15743 1
13 4097 4053 1
14 4053 4032 1
15 8006 7913 1
16 7964 7930 1
17 80 38 1
18 35 15 1
19 8004 7951 1
20 4102 4066 1
21 65 18 1
22 7993 7942 1
23 92 17 1
24 38 20 1
25 15800 15769 1
26 2107 2059 1
27 8005 7925 1
28 2150 2084 1
29 2143 2085 1
30 7995 7949 1
31 15825 15731 1
32 2143 2097 1
33 2094 2078 1
34 4078 4019 1
35 7973 7942 1
36 7971 7938 1
37 7968 7929 1
38 2103 2070 1
39 2147 2127 1
40 2095 2055 1
41 2107 2060 1
42 7949 7923 1
43 15816 15762 1
44 15796 15764 1
45 4101 4032 1
46 7986 7953 1
47 8001 7931 1
48 2111 2085 1
49 7986 7930 1
50 15824 15752 1
51 2133 2089 1
52 2138 2068 1
53 15810 15739 1
54 2088 2073 1
55 15812 15778 1
56 4089 4011 1
57 2110 2069 1
58 7968 7914 1
59 2140 2120 1
60 7991 7952 1
61 2129 2084 1
62 4061 4012 1
63 4064 4016 1
64 4059 4026 1
65 4103 4074 1
66 4059 4033 1
67 2134 2110 1
68 2093 2063 1
69 4081 4046 1
70 2144 2086 1
71 31428 31369 1
72 59 50 1
73 25 22 1
74 100 97 1
75 2111 2100 1
76 4044 4028 1
77 8009 7990 1
78 2151 2146 1
79 2079 2075 1
80 15761 15732 1
81 7973 7960 1
82 7994 7981 1
83 15795 15770 1
84 31408 31360 1
85 15806 15782 1
86 15815 15792 1
87 62699 62609 1
88 7957 7946 1
89 62696 62611 1
90 31439 31399 1
91 15753 15733 0
92 15809 15789 1
93 31446 31408 1
94 15816 15797 1
95 15809 15740 1
96 62688 62601 1
97 62691 62616 0
98 62676 62602 1
99 31448 31416 1
100 62697 62693 0
101 15811 15796 0
102 49 60 0
103 15792 15778 0
104 62658 62605 0
105 62683 62630 0
106 4087 4084 0
107 62650 62606 0
108 62680 62637 0
109 31388 31367 0
110 15736 15728 0
111 4069 4067 1
112 15748 15741 0
113 15794 15789 0
114 7944 7942 0
115 15756 15753 0
116 15789 15786 0
117 4034 4034 0
118 4009 4010 0
119 7954 7956 0
120 4064 4068 0
121 2090 2093 0
122 4026 4033 0
123 4007 4014 0
124 2057 2061 0
125 2090 2096 0
126 97 98 0
127 74 80 0
128 59 67 0
129 71 82 0
130 56 66 0
131 8 12 0
132 16 25 0
133 250160 250113 0
134 250165 250113 0
135 250182 250132 0
136 250148 250122 0
137 62620 62606 0
138 250180 250119 0
139 250161 250152 0
140 250186 250137 0
141 250186 250164 0
142 125184 125114 0
143 62697 62671 0
144 250199 250165 0
145 250112 250103 0
146 250180 250123 0
147 62667 62650 0
148 250177 250106 0
149 250176 250109 0
150 250189 250120 0
151 250162 250112 0
152 250176 250114 0
153 62644 62629 0
154 250176 250109 0
155 250183 250110 0
156 125188 125136 0
157 250176 250115 0
158 250195 250139 0
159 500186 500126 0
160 500196 500145 0
161 125145 125136 0
162 31368 31360 0
163 500190 500130 0
164 125141 125101 0
165 500192 500148 0
166 31438 31425 0
167 500191 500129 0
168 500172 500141 0
169 500171 500155 0
170 31429 31416 0
171 500154 500107 0
172 500151 500125 0
173 500156 500142 0
174 500186 500141 0
175 500158 500125 0
176 125148 125133 0
177 500168 500112 0
178 500151 500115 0
179 500182 500107 0
180 500183 500108 0
181 500186 500131 0
182 125183 125123 0
183 500165 500152 0
184 31428 31418 0
185 500159 500144 0
186 31437 31420 0
187 500154 500134 0
188 125131 125117 0
189 125184 125146 0
190 125172 125115 0
191 125186 125112 0
192 125192 125116 0
193 125192 125118 0
194 62632 62619 0
195 125167 125125 0
196 31391 31373 0
197 125139 125134 0
198 125185 125166 0
199 125127 125114 0
200 62688 62679 0
201 62693 62684 0
202 125140 125132 0
203 125148 125143 0
204 125197 125130 0
205 125113 125103 0
206 62674 62649 0
207 31354 31442 0
208 31366 31445 0
209 31414 31434 0
210 31408 31443 0
211 15738 15805 0
212 31386 31428 0
213 31389 31406 0
214 31430 31444 0
215 31358 31447 0
216 31406 31435 0
217 15730 15783 0
218 15761 15777 0
219 15761 15762 0
220 31377 31410 0
221 15761 15818 0
222 15776 15783 0
223 31376 31380 0
224 15740 15758 0
225 62656 62700 0
226 15770 15814 0
227 62630 62674 0
228 62631 62642 0
229 15726 15791 0
230 62624 62696 0
231 62656 62663 0
232 15727 15776 0
233 15776 15781 0
234 62648 62663 0
235 62618 62645 0
236 62644 62648 0
237 62685 62698 0
238 15780 15785 0
239 62604 62617 0
240 7933 7954 0
241 62608 62643 0
242 62639 62691 0
243 62619 62690 0
244 62627 62646 0
245 62623 62642 0
246 62616 62616 0
247 7990 8011 0
248 7916 7944 0
249 7939 7961 0
250 62627 62627 0
251 62606 62679 0
252 7917 7945 0
253 7996 8012 0
254 62644 62651 0
255 7924 7998 0
256 7961 7971 0
257 7948 8005 0
258 62616 62640 0
259 7925 7966 0
260 62611 62685 0
261 7914 7955 0
262 7915 7994 0
263 62624 62644 0
264 7979 7998 0
265 7922 8009 0
266 7945 8012 0
267 125126 125197 0
268 125133 125157 0
269 31393 31436 0
270 7917 7947 0
271 125170 125194 0
272 7944 7961 0
273 125175 125173 0
274 125136 125136 0
275 125104 125177 0
276 125118 125180 0
277 125103 125185 0
278 125101 125150 0
279 4083 4104 0
280 4025 4053 0
281 125122 125142 0
282 125138 125136 0
283 31363 31378 0
284 4036 4075 0
285 4033 4041 0
286 125136 125149 0
287 4025 4050 0
288 4047 4084 0
289 125147 125166 0
290 4009 4071 0
291 4049 4059 0
292 31407 31444 0
293 4038 4068 0
294 15728 15794 0
295 125176 125173 0
296 4061 4090 0
297 125126 125162 0
298 15777 15798 0
299 125146 125152 0
300 125120 125141 0
301 4015 4025 0
302 4077 4100 0
303 4054 4083 0
304 4061 4094 0
305 125137 125198 0
306 4070 4086 0
307 125117 125189 0
308 125194 125193 0
309 250131 250132 0
310 250131 250139 0
311 250135 250181 0
312 31420 31438 0
313 4041 4103 0
314 4010 4069 0
315 4061 4095 0
316 250139 250179 0
317 250145 250170 0
318 250154 250188 0
319 250104 250128 0
320 2139 2150 0
321 250103 250125 0
322 250116 250116 0
323 2110 2127 0
324 2066 2124 0
325 2078 2136 0
326 250132 250157 0
327 31388 31393 0
328 31361 31433 0
329 2132 2147 0
330 2058 2069 0
331 2080 2091 0
332 250118 250142 0
333 250169 250199 0
334 250103 250125 0
335 2083 2141 0
336 250155 250170 0
337 250109 250142 0
338 2055 2128 0
339 250143 250141 0
340 250117 250118 0
341 250106 250118 0
342 250112 250137 0
343 250128 250175 0
344 500196 500185 0
345 500155 500192 0
346 500192 500195 0
347 500106 500128 0
348 2082 2142 0
349 2060 2110 0
350 500119 500178 0
351 500181 500198 0
352 2117 2152 0
353 500130 500151 0
354 2097 2153 0
355 2062 2125 0
356 31403 31418 0
357 500130 500122 0
358 2065 2112 0
359 45 87 0
360 14 89 0
361 38 81 0
362 11 97 0
363 20 53 0
364 50 94 0
365 12 88 0
366 500150 500161 0
367 31385 31422 0
368 31409 31425 0
369 73 88 0
370 500101 500132 0
371 3 85 0
372 37 89 0
373 31357 31447 0
374 48 82 0
375 31364 31441 0
376 500192 500186 0
377 500112 500126 0
378 31357 31388 0
379 6 65 0
380 500105 500171 0
381 500160 500175 0
382 30 60 0
383 75 93 0
384 31370 31383 0
385 45 80 0
386 6 87 0
387 500147 500160 0
388 30 69 0
389 500154 500148 0
390 500164 500171 0
391 500191 500196 0
392 9 55 0
393 500156 500197 0
394 500105 500120 0
395 41 79 0
396 31409 31430 0
397 24 95 0
398 31367 31426 0
399 31362 31381 0
--------------
1000000 :c
1004151 :sum(p)
999997 :sum(w)
