400 :n
id p,w,x
--------------
0 71 7 1
1 79 8 1
2 38 4 1
3 70 8 1
4 62 16 1
5 43 17 1
6 74 31 1
7 85 37 1
8 73 32 1
9 87 40 1
10 25 12 1
11 61 39 1
12 69 50 1
13 83 67 1
14 34 29 1
15 59 53 1
16 81 77 1
17 2141 2062 1
18 58 56 1
19 2129 2062 1
20 2126 2060 1
21 2126 2060 1
22 2114 2056 1
23 2145 2088 1
24 2140 2089 1
25 2128 2081 1
26 2101 2061 1
27 2134 2094 1
28 4079 4013 1
29 4089 4027 1
30 2091 2062 1
31 4081 4026 1
32 4088 4033 1
33 4074 4022 1
34 4060 4009 1
35 4061 4015 1
36 2109 2086 1
37 2081 2059 1
38 4066 4024 1
39 7996 7916 1
40 8010 7933 1
41 7989 7915 1
42 4053 4018 1
43 4076 4041 1
44 7994 7930 1
45 2131 2114 1
46 4079 4048 1
47 4051 4021 1
48 7980 7922 1
49 8012 7956 1
50 4062 4034 1
51 2135 2121 1
52 15823 15731 1
53 4096 4073 1
54 15823 15738 1
55 8009 7967 1
56 4041 4022 1
57 15802 15728 1
58 7998 7962 1
59 7975 7940 1
60 7958 7924 1
61 4038 4021 1
62 15807 15749 1
63 62687 62603 1
64 7942 7930 1
65 7982 7953 1
66 8004 7975 1
67 15813 15756 1
68 8009 7982 1
69 15778 15730 1
70 7949 7925 1
71 8004 7980 1
72 4061 4050 1
73 31431 31353 1
74 15800 15761 1
75 4071 4061 1
76 15817 15780 1
77 7968 7950 1
78 7999 7981 1
79 4037 4028 1
80 15799 15767 1
81 15811 15780 1
82 15814 15792 1
83 31419 31365 1
84 7993 7980 1
85 31444 31396 1
86 15805 15781 1
87 31401 31355 1
88 15760 15738 1
89 62679 62605 1
90 62683 62601 1
91 62698 62626 1
92 38 36 1
93 2107 2104 1
94 31392 31356 1
95 31421 31385 1
96 7977 7948 1
97 15755 15726 1
98 15787 15769 1
99 62699 62631 0
100 62696 62630 0
101 62700 62672 0
102 31422 31418 0
103 31371 31366 0
104 31415 31382 1
105 15795 15780 1
106 62676 62613 0
107 62664 62604 0
108 31393 31364 0
109 62668 62612 0
110 31397 31380 0
111 62693 62638 0
112 31404 31377 0
113 15824 15811 0
114 15752 15741 0
115 125193 125108 0
116 15814 15804 0
117 62638 62602 0
118 31387 31369 0
119 125175 125113 0
120 125187 125125 0
121 62668 62640 0
122 62662 62606 0
123 31404 31390 0
124 62632 62608 0
125 62679 62655 0
126 15744 15738 0
127 125166 125122 0
128 62665 62643 0
129 125191 125149 0
130 125157 125117 0
131 31402 31392 0
132 15791 15786 0
133 62647 62630 0
134 62665 62651 0
135 31415 31408 0
136 62644 62633 0
137 7938 8009 0
138 73 87 0
139 31403 31398 0
140 31359 31358 0
141 2147 2147 1
142 31392 31393 0
143 15740 15741 0
144 31411 31413 0
145 31364 31367 0
146 15815 15817 0
147 31387 31391 0
148 31380 31389 0
149 15767 15772 0
150 15790 15796 0
151 15735 15741 0
152 2063 2064 0
153 4075 4077 1
154 7970 7974 0
155 15786 15795 0
156 4009 4012 0
157 7938 7944 0
158 15757 15769 0
159 2112 2114 1
160 7958 7969 0
161 2057 2060 0
162 7938 7950 0
163 7971 7984 0
164 7932 7945 0
165 4097 4104 0
166 7916 7933 0
167 2088 2093 0
168 2061 2066 0
169 4044 4058 0
170 2079 2088 0
171 2143 2153 0
172 2138 2150 0
173 4016 4039 0
174 4015 4038 0
175 4051 4075 0
176 4024 4049 0
177 4017 4042 0
178 2063 2077 0
179 2101 2120 0
180 2091 2114 0
181 2081 2104 0
182 2067 2090 0
183 2097 2122 0
184 2089 2116 0
185 2066 2093 0
186 35 37 1
187 65 71 0
188 53 59 1
189 57 64 0
190 48 76 0
191 11 20 0
192 26 48 0
193 9 18 0
194 24 52 0
195 14 40 0
196 500111 500116 0
197 500182 500167 0
198 62670 62669 0
199 125143 125116 0
200 125186 125155 0
201 125196 125167 0
202 125179 125148 0
203 500189 500105 0
204 250160 250104 0
205 250183 250137 0
206 125171 125140 0
207 500195 500109 0
208 250190 250129 0
209 125139 125111 0
210 125132 125108 0
211 500101 500124 0
212 500161 500182 0
213 500114 500166 0
214 500134 500172 0
215 250128 250179 0
216 500105 500200 0
217 62618 62634 0
218 250109 250180 0
219 62614 62640 0
220 500173 500198 0
221 500180 500190 0
222 500107 500131 0
223 500180 500199 0
224 62644 62662 0
225 500108 500175 0
226 500110 500186 0
227 62615 62618 0
228 500184 500193 0
229 62608 62616 0
230 500106 500169 0
231 250122 250162 0
232 62634 62649 0
233 500132 500138 0
234 62679 62699 0
235 250169 250194 0
236 500154 500191 0
237 250155 250185 0
238 62640 62664 0
239 500174 500187 0
240 500121 500177 0
241 62601 62614 0
242 250131 250192 0
243 250114 250129 0
244 125144 125177 0
245 125154 125170 0
246 125138 125163 0
247 125134 125181 0
248 125112 125141 0
249 250133 250175 0
250 125120 125143 0
251 250104 250128 0
252 125103 125113 0
253 250103 250131 0
254 250113 250122 0
255 250158 250175 0
256 250117 250132 0
257 500151 500161 0
258 250105 250117 0
259 250132 250200 0
260 125124 125153 0
261 250154 250165 0
262 500141 500178 0
263 250162 250186 0
264 250118 250175 0
265 250107 250118 0
266 250120 250174 0
267 125179 125186 0
268 125182 125196 0
269 250111 250123 0
270 250104 250136 0
271 125145 125193 0
272 125115 125154 0
273 250124 250171 0
274 125179 125198 0
275 250117 250167 0
276 125114 125157 0
277 500101 500168 0
278 500104 500110 0
279 500166 500117 0
280 62688 62682 0
281 500152 500110 0
282 250165 250132 0
283 500176 500151 0
284 250182 250147 0
285 500168 500142 0
286 500165 500146 0
287 250173 250158 0
288 250181 250139 0
289 250143 250132 0
290 125110 125102 0
291 250159 250139 0
292 250167 250150 0
293 250176 250143 0
294 500185 500137 0
295 500176 500142 0
296 125153 125135 0
297 500159 500125 0
298 500193 500173 0
299 250160 250121 0
300 125191 125183 0
301 500191 500110 0
302 500192 500158 0
303 250196 250169 0
304 125193 125182 0
305 125160 125150 0
306 500197 500131 0
307 125168 125159 0
308 62604 62601 0
309 62681 62671 0
310 250188 250129 0
311 62656 62655 0
312 500179 500164 0
313 500169 500173 0
314 250154 250151 0
315 250196 250198 0
316 125129 125128 0
317 125116 125116 0
318 125143 125144 0
319 125106 125103 0
320 500122 500115 0
321 15782 15810 0
322 15737 15792 0
323 2056 2122 0
324 4052 4097 0
325 15732 15781 0
326 2089 2124 0
327 2058 2118 0
328 4012 4066 0
329 2096 2128 0
330 15738 15787 0
331 15734 15815 0
332 15731 15791 0
333 15764 15803 0
334 4024 4058 0
335 15753 15798 0
336 15781 15811 0
337 4029 4078 0
338 15728 15768 0
339 15767 15808 0
340 15736 15779 0
341 4024 4079 0
342 125131 125193 0
343 7938 7994 0
344 4065 4095 0
345 31354 31422 0
346 31351 31368 0
347 31395 31423 0
348 31362 31430 0
349 7936 7985 0
350 7918 7961 0
351 31354 31413 0
352 31352 31423 0
353 2056 2095 0
354 4074 4106 0
355 4041 4104 0
356 31374 31434 0
357 2059 2118 0
358 2064 2146 0
359 26 73 0
360 7931 7965 0
361 4 72 0
362 31372 31426 0
363 31387 31438 0
364 4023 4079 0
365 31357 31439 0
366 31396 31427 0
367 31394 31437 0
368 31383 31448 0
369 31413 31430 0
370 31355 31443 0
371 7922 7994 0
372 31400 31422 0
373 7977 8001 0
374 7929 7963 0
375 4013 4081 0
376 31372 31420 0
377 17 89 0
378 7943 7992 0
379 4025 4066 0
380 7929 7982 0
381 6 65 0
382 62644 62685 0
383 62616 62662 0
384 62605 62685 0
385 7928 7961 0
386 24 58 0
387 7951 7987 0
388 5 85 0
389 62623 62657 0
390 7 80 0
391 62633 62668 0
392 61 97 0
393 62605 62640 0
394 125105 125180 0
395 125102 125191 0
396 34 77 0
397 2 38 0
398 7969 7995 0
399 4033 4103 0
--------------
1000000 :c
1004020 :sum(p)
1000000 :sum(w)
