400 :n
id p,w,x
--------------
0 84 2 1
1 2138 2056 1
2 8002 7920 1
3 2135 2057 1
4 70 5 1
5 56 15 1
6 96 26 1
7 77 22 1
8 91 28 1
9 74 23 1
10 43 14 1
11 55 18 1
12 18 8 1
13 95 46 1
14 67 35 1
15 75 42 1
16 75 48 1
17 53 34 1
18 31 21 1
19 94 72 1
20 97 90 1
21 2141 2081 1
22 2151 2098 1
23 2144 2094 1
24 2113 2066 1
25 2142 2103 1
26 2143 2107 1
27 4072 4011 1
28 69 68 0
29 4067 4011 1
30 2139 2110 1
31 2115 2087 1
32 4070 4022 1
33 2126 2103 1
34 2138 2115 1
35 4060 4023 1
36 8007 7940 1
37 2125 2108 1
38 4053 4021 1
39 4075 4043 1
40 2130 2114 1
41 4047 4018 1
42 8005 7948 1
43 4059 4032 1
44 4052 4026 1
45 8005 7954 1
46 4066 4041 1
47 4070 4046 1
48 7980 7933 1
49 7959 7914 1
50 7988 7943 1
51 7959 7919 1
52 4072 4053 1
53 15804 15732 1
54 15815 15744 1
55 2080 2071 1
56 15808 15740 1
57 15816 15749 1
58 7987 7957 1
59 15796 15737 1
60 15809 15751 1
61 15798 15748 1
62 4050 4038 1
63 31448 31359 1
64 4091 4080 0
65 15825 15784 1
66 31440 31363 1
67 7962 7944 1
68 31426 31357 1
69 7934 7918 1
70 7965 7949 1
71 31444 31385 1
72 31406 31353 1
73 7999 7986 1
74 15786 15767 1
75 31422 31385 1
76 15825 15807 1
77 15787 15770 1
78 31424 31392 1
79 62692 62629 1
80 31418 31388 1
81 15808 15793 1
82 31413 31385 1
83 15823 15809 1
84 7968 7961 1
85 62698 62646 1
86 31408 31385 0
87 15808 15797 0
88 4094 4061 1
89 62682 62634 1
90 62651 62605 1
91 62677 62635 1
92 31380 31359 0
93 62700 62662 0
94 8005 8001 0
95 49 97 0
96 125185 125103 0
97 125183 125105 0
98 62686 62647 0
99 62673 62639 0
100 31405 31388 0
101 4047 4045 0
102 2116 2115 0
103 62669 62640 0
104 62644 62617 0
105 15764 15758 0
106 7986 7983 0
107 31391 31380 0
108 31428 31417 0
109 15774 15773 0
110 3 3 0
111 7945 7945 0
112 4052 4052 0
113 7958 7959 0
114 15758 15761 0
115 7943 7945 0
116 2146 2147 0
117 4077 4079 0
118 7971 7977 0
119 7961 7967 0
120 4070 4074 0
121 7990 7998 0
122 7980 7988 0
123 7969 7977 0
124 2150 2153 0
125 4045 4053 0
126 2129 2134 0
127 2122 2127 0
128 2094 2099 0
129 2062 2067 0
130 74 77 0
131 21 22 0
132 63 69 0
133 22 25 0
134 16 27 0
135 250194 250165 0
136 250136 250112 0
137 250200 250187 0
138 250164 250140 0
139 125167 125159 0
140 250178 250164 0
141 125190 125173 0
142 250166 250131 0
143 500167 500134 0
144 500171 500141 0
145 500173 500135 0
146 500170 500115 0
147 500136 500114 0
148 250199 250190 0
149 125121 125111 0
150 500181 500149 0
151 500173 500157 0
152 125159 125151 0
153 500200 500183 0
154 62632 62625 0
155 250161 250144 0
156 125109 125100 0
157 500195 500127 0
158 62646 62640 0
159 125173 125160 0
160 500150 500124 0
161 500138 500104 0
162 125137 125123 0
163 31418 31414 0
164 250177 250153 0
165 125169 125161 0
166 500200 500131 0
167 500141 500103 0
168 31385 31383 0
169 125133 125116 0
170 31366 31362 0
171 250128 250119 0
172 250170 250133 0
173 62682 62671 0
174 125195 125146 0
175 125157 125103 0
176 250154 250107 0
177 125195 125170 0
178 125171 125152 0
179 125138 125117 0
180 62642 62631 0
181 125167 125127 0
182 62657 62646 0
183 125169 125140 0
184 62626 62613 0
185 62679 62662 0
186 250181 250129 0
187 62645 62630 0
188 31353 31387 0
189 31358 31365 0
190 250162 250174 0
191 31394 31407 0
192 31364 31370 0
193 62635 62652 0
194 62612 62682 0
195 31358 31363 0
196 62688 62698 0
197 31419 31423 0
198 125115 125145 0
199 250125 250164 0
200 250178 250173 0
201 250101 250123 0
202 250116 250137 0
203 15730 15743 0
204 125104 125191 0
205 250145 250158 0
206 250165 250183 0
207 15753 15770 0
208 15810 15819 0
209 15814 15821 0
210 62622 62637 0
211 62620 62640 0
212 250130 250177 0
213 250115 250165 0
214 15736 15751 0
215 62604 62604 0
216 62637 62659 0
217 62603 62695 0
218 250150 250163 0
219 250138 250145 0
220 15765 15778 0
221 250104 250117 0
222 15797 15807 0
223 250162 250188 0
224 62628 62676 0
225 250116 250189 0
226 15794 15815 0
227 250108 250153 0
228 62644 62649 0
229 62627 62680 0
230 62606 62658 0
231 15790 15812 0
232 62603 62616 0
233 250165 250179 0
234 62620 62651 0
235 62641 62692 0
236 15738 15755 0
237 62621 62634 0
238 250166 250187 0
239 250168 250191 0
240 7969 7978 0
241 62647 62689 0
242 250147 250196 0
243 31353 31355 0
244 62667 62667 0
245 62616 62699 0
246 7942 7954 0
247 8002 8012 0
248 31382 31420 0
249 500120 500133 0
250 31402 31401 0
251 125161 125198 0
252 125100 125186 0
253 125163 125165 0
254 500155 500192 0
255 125113 125110 0
256 500131 500140 0
257 500133 500163 0
258 500110 500197 0
259 125147 125144 0
260 125110 125177 0
261 500132 500183 0
262 31383 31419 0
263 500182 500175 0
264 125106 125145 0
265 500110 500193 0
266 31439 31446 0
267 31422 31440 0
268 7987 7997 0
269 31400 31406 0
270 500124 500164 0
271 500144 500197 0
272 500154 500140 0
273 500101 500196 0
274 7938 7948 0
275 31364 31369 0
276 250172 250192 0
277 125186 125191 0
278 500142 500172 0
279 500112 500172 0
280 125101 125115 0
281 125117 125173 0
282 500148 500169 0
283 500142 500166 0
284 125112 125125 0
285 125133 125167 0
286 500110 500149 0
287 500116 500186 0
288 250101 250185 0
289 125134 125175 0
290 125152 125177 0
291 250122 250143 0
292 500135 500149 0
293 500138 500193 0
294 500162 500195 0
295 250133 250166 0
296 500111 500153 0
297 125119 125163 0
298 500174 500173 0
299 500112 500157 0
300 125152 125172 0
301 125165 125177 0
302 500197 500184 0
303 500133 500132 0
304 125127 125160 0
305 31395 31416 0
306 31385 31408 0
307 500189 500101 0
308 250166 250118 0
309 250199 250154 0
310 250162 250121 0
311 62688 62669 0
312 62626 62607 0
313 250179 250131 0
314 62655 62633 0
315 125194 125152 0
316 125179 125130 0
317 4011 4038 0
318 4012 4055 0
319 4044 4097 0
320 2067 2113 0
321 4017 4075 0
322 2062 2076 0
323 4025 4067 0
324 4039 4053 0
325 4018 4030 0
326 2067 2124 0
327 4035 4056 0
328 2063 2130 0
329 4031 4050 0
330 2115 2152 0
331 7917 7983 0
332 7913 8007 0
333 4041 4055 0
334 2059 2090 0
335 4016 4028 0
336 7937 8009 0
337 2093 2150 0
338 2083 2149 0
339 2054 2141 0
340 2058 2108 0
341 2056 2120 0
342 2098 2139 0
343 7968 8003 0
344 2105 2140 0
345 7943 7989 0
346 2101 2148 0
347 7968 8004 0
348 7958 8008 0
349 2109 2153 0
350 7953 7984 0
351 7991 8006 0
352 4009 4052 0
353 2056 2090 0
354 2072 2120 0
355 7920 8010 0
356 4016 4052 0
357 2081 2140 0
358 7950 7993 0
359 15771 15820 0
360 15790 15817 0
361 26 85 0
362 15727 15785 0
363 6 61 0
364 15759 15811 0
365 12 53 0
366 4039 4077 0
367 4020 4032 0
368 10 88 0
369 12 73 0
370 15744 15781 0
371 49 84 0
372 51 86 0
373 15728 15819 0
374 45 93 0
375 41 90 0
376 15727 15757 0
377 30 59 0
378 15738 15803 0
379 15763 15798 0
380 15732 15798 0
381 4029 4073 0
382 15753 15791 0
383 15734 15819 0
384 15768 15793 0
385 31387 31444 0
386 39 88 0
387 13 60 0
388 31366 31425 0
389 4030 4054 0
390 4031 4086 0
391 31357 31416 0
392 31380 31435 0
393 37 94 0
394 31387 31437 0
395 31379 31448 0
396 31389 31441 0
397 23 68 0
398 4009 4099 0
399 4015 4064 0
--------------
1000000 :c
1003579 :sum(p)
999998 :sum(w)
