400 :n
id p,w,x
--------------
0 15816 15730 1
1 15814 15742 1
2 28 1 1
3 85 73 1
4 88 67 1
5 92 3 1
6 64 57 1
7 83 54 1
8 85 55 1
9 98 91 1
10 35 3 1
11 73 35 1
12 55 8 1
13 87 61 1
14 41 35 1
15 15813 15739 1
16 67 8 1
17 82 22 1
18 63 4 1
19 56 25 1
20 83 78 1
21 95 54 1
22 79 15 1
23 2150 2107 1
24 2126 2073 1
25 2142 2095 1
26 2085 2070 1
27 2091 2059 1
28 2146 2104 1
29 2130 2056 1
30 2153 2057 1
31 2107 2074 1
32 2146 2091 1
33 2102 2080 1
34 2152 2122 1
35 2145 2073 1
36 2153 2066 1
37 4086 4053 1
38 4101 4060 1
39 4056 4022 1
40 4082 4028 1
41 4087 4030 1
42 4059 4020 1
43 4089 4062 1
44 4093 4027 1
45 4086 4058 1
46 4068 4044 1
47 7994 7920 1
48 7969 7914 1
49 7989 7931 1
50 7982 7925 1
51 7995 7933 1
52 7966 7922 1
53 7968 7922 1
54 8000 7948 1
55 31448 31389 1
56 2149 2140 1
57 2103 2095 1
58 15805 15746 1
59 15795 15731 1
60 15800 15752 1
61 15780 15745 1
62 15822 15759 1
63 15797 15734 1
64 15795 15743 1
65 15769 15731 1
66 15797 15759 1
67 31437 31354 1
68 7987 7964 1
69 31438 31354 1
70 7959 7929 1
71 7986 7953 1
72 7957 7924 1
73 31431 31356 1
74 7948 7931 1
75 31417 31353 1
76 31419 31357 1
77 7939 7914 1
78 7977 7946 1
79 8000 7981 1
80 4085 4071 1
81 4052 4041 1
82 4086 4069 1
83 4056 4048 1
84 4089 4074 1
85 4079 4066 1
86 2125 2117 1
87 15808 15780 1
88 31444 31386 1
89 87 84 1
90 4065 4057 1
91 2069 2065 1
92 2116 2112 1
93 7966 7951 1
94 15750 15726 1
95 7931 7919 1
96 15784 15761 1
97 2142 2139 1
98 7959 7949 0
99 31441 31402 1
100 31410 31372 1
101 62688 62618 1
102 31411 31377 1
103 15770 15753 0
104 100 28 1
105 62686 62603 1
106 15817 15800 0
107 62697 62630 1
108 31400 31367 0
109 31441 31448 0
110 15822 15817 0
111 15780 15798 0
112 62686 62621 0
113 62695 62632 0
114 31383 31353 0
115 62671 62615 0
116 8000 7993 0
117 62682 62631 0
118 7964 7958 1
119 2088 2087 0
120 33 33 0
121 43 44 0
122 56 58 0
123 125197 125126 0
124 125140 125103 0
125 125181 125137 0
126 31407 31397 0
127 62668 62647 0
128 31413 31397 0
129 125182 125143 0
130 62666 62631 0
131 250164 250103 0
132 4065 4064 0
133 62666 62635 0
134 31429 31406 0
135 125199 125123 0
136 62653 62636 0
137 125160 125109 0
138 31424 31411 0
139 62663 62644 0
140 125168 125127 0
141 125172 125130 0
142 250185 250107 0
143 62685 62672 0
144 31400 31379 0
145 250166 250115 0
146 125191 125109 0
147 250198 250107 0
148 250172 250112 0
149 62685 62663 0
150 125173 125114 0
151 125168 125136 0
152 62650 62612 0
153 62688 62645 0
154 31431 31419 0
155 62639 62626 0
156 62674 62654 0
157 250175 250114 0
158 125167 125110 0
159 31427 31416 0
160 250193 250105 0
161 125129 125100 0
162 125163 125135 0
163 31425 31412 0
164 62688 62642 0
165 500199 500161 0
166 500123 500102 0
167 250125 250109 0
168 250151 250134 0
169 250156 250115 0
170 250109 250103 0
171 4076 4076 0
172 250132 250111 0
173 250196 250176 0
174 125113 125104 0
175 250176 250140 0
176 500199 500157 0
177 500164 500127 0
178 250172 250144 0
179 250197 250159 0
180 500144 500108 0
181 62680 62670 0
182 500188 500135 0
183 500136 500120 0
184 125138 125137 0
185 500196 500133 0
186 500183 500170 0
187 500176 500118 0
188 125128 125113 0
189 125108 125106 0
190 500172 500102 0
191 250158 250151 0
192 500163 500111 0
193 250157 250127 0
194 31386 31385 0
195 125192 125184 0
196 500157 500130 0
197 125126 125105 0
198 250172 250127 0
199 125120 125114 0
200 500161 500119 0
201 500159 500131 0
202 500140 500140 0
203 500190 500123 0
204 250132 250117 0
205 125152 125150 0
206 250156 250150 0
207 500117 500112 0
208 125180 125165 0
209 500186 500182 0
210 250162 250160 0
211 125196 125177 0
212 500111 500103 0
213 250181 250180 0
214 125177 125169 0
215 7918 7917 0
216 500159 500148 0
217 250170 250163 0
218 31428 31411 0
219 125174 125120 0
220 15759 15760 0
221 15733 15786 0
222 15782 15824 0
223 15793 15819 0
224 15730 15769 0
225 15745 15805 0
226 15737 15758 0
227 15764 15812 0
228 15759 15804 0
229 15740 15746 0
230 15770 15785 0
231 15751 15753 0
232 15732 15770 0
233 250112 250131 0
234 15754 15806 0
235 15791 15793 0
236 15730 15750 0
237 31384 31395 0
238 31374 31412 0
239 7942 7960 0
240 250120 250193 0
241 31407 31437 0
242 7937 7982 0
243 7933 7951 0
244 7953 7956 0
245 31379 31381 0
246 31437 31443 0
247 7929 7988 0
248 31396 31416 0
249 7948 7954 0
250 31352 31439 0
251 7916 7982 0
252 7932 7981 0
253 7933 8005 0
254 7921 7926 0
255 7979 7995 0
256 31378 31403 0
257 7973 7983 0
258 7937 7958 0
259 31372 31397 0
260 15738 15761 0
261 31398 31422 0
262 31413 31439 0
263 7953 7975 0
264 31401 31436 0
265 31400 31419 0
266 31382 31402 0
267 31434 31444 0
268 7996 7997 0
269 31383 31422 0
270 7940 7983 0
271 31426 31428 0
272 62640 62653 0
273 7986 8004 0
274 62658 62674 0
275 7970 7990 0
276 250109 250175 0
277 62634 62671 0
278 62622 62681 0
279 62650 62683 0
280 62606 62652 0
281 62652 62689 0
282 4021 4067 0
283 4084 4092 0
284 250144 250192 0
285 4030 4100 0
286 250128 250144 0
287 62603 62606 0
288 62620 62622 0
289 4089 4102 0
290 4059 4097 0
291 4047 4056 0
292 250121 250147 0
293 4009 4101 0
294 62663 62698 0
295 4051 4081 0
296 4034 4070 0
297 4062 4099 0
298 4011 4076 0
299 4016 4100 0
300 4069 4087 0
301 62621 62681 0
302 4008 4070 0
303 4065 4086 0
304 62672 62700 0
305 4028 4084 0
306 62640 62675 0
307 62628 62685 0
308 62665 62684 0
309 62652 62677 0
310 62602 62697 0
311 4056 4063 0
312 62622 62696 0
313 500119 500171 0
314 4077 4088 0
315 4008 4087 0
316 4057 4090 0
317 4046 4051 0
318 62626 62681 0
319 2128 2130 0
320 62665 62686 0
321 125175 125178 0
322 2082 2137 0
323 125100 125169 0
324 2111 2121 0
325 500129 500136 0
326 2056 2120 0
327 500135 500185 0
328 2093 2125 0
329 2087 2104 0
330 500113 500136 0
331 2103 2149 0
332 2085 2108 0
333 2083 2086 0
334 500122 500179 0
335 125168 125172 0
336 2068 2101 0
337 2071 2091 0
338 125116 125162 0
339 500188 500191 0
340 500130 500164 0
341 2087 2120 0
342 125170 125194 0
343 2083 2091 0
344 2101 2148 0
345 125139 125148 0
346 125109 125120 0
347 125115 125161 0
348 125157 125195 0
349 2071 2084 0
350 125164 125199 0
351 125101 125179 0
352 125116 125192 0
353 125105 125148 0
354 2073 2149 0
355 125181 125187 0
356 2058 2149 0
357 2073 2096 0
358 2098 2119 0
359 500155 500170 0
360 250172 250198 0
361 15774 15794 0
362 16 27 0
363 250114 250199 0
364 250144 250147 0
365 500153 500189 0
366 38 67 0
367 63 99 0
368 250129 250189 0
369 250157 250178 0
370 500113 500168 0
371 500115 500161 0
372 500157 500195 0
373 250121 250168 0
374 500130 500164 0
375 37 65 0
376 500135 500189 0
377 43 80 0
378 250150 250190 0
379 34 52 0
380 47 70 0
381 15762 15807 0
382 500133 500164 0
383 12 71 0
384 48 88 0
385 250101 250140 0
386 29 62 0
387 250107 250149 0
388 500113 500171 0
389 500102 500187 0
390 15 36 0
391 41 53 0
392 500125 500150 0
393 55 62 0
394 500135 500176 0
395 1 54 0
396 4 50 0
397 250150 250200 0
398 15730 15790 0
399 15796 15796 0
--------------
1000000 :c
1004266 :sum(p)
1000000 :sum(w)
