400 :n
id p,w,x
--------------
0 15817 15726 1
1 15807 15740 1
2 54 9 1
3 7978 7931 1
4 63 22 1
5 87 42 1
6 47 15 1
7 89 50 1
8 8007 7919 1
9 69 28 1
10 93 10 1
11 7988 7938 1
12 73 30 1
13 8010 7955 1
14 67 35 1
15 7972 7934 1
16 99 25 1
17 37 1 1
18 2128 2091 1
19 2115 2080 1
20 2130 2063 1
21 2152 2082 1
22 2108 2077 1
23 7971 7932 1
24 2133 2107 1
25 2151 2099 1
26 2140 2068 1
27 2129 2085 1
28 4087 4052 1
29 8010 7929 1
30 4077 4021 1
31 4056 4011 1
32 4078 4014 1
33 4104 4034 1
34 4091 4039 1
35 7989 7945 1
36 4077 4013 1
37 4074 4007 1
38 4088 4037 1
39 8012 7971 1
40 7976 7939 1
41 15800 15742 1
42 15804 15741 1
43 31444 31354 1
44 15777 15728 1
45 15824 15760 1
46 15805 15743 1
47 15818 15765 1
48 25 19 1
49 89 71 1
50 71 61 1
51 71 64 1
52 76 70 1
53 2075 2057 1
54 4058 4038 1
55 4084 4065 1
56 4076 4059 1
57 7997 7964 1
58 7997 7967 1
59 8012 7983 1
60 2135 2128 0
61 4071 4059 0
62 15790 15746 1
63 15813 15769 1
64 31440 31355 1
65 4100 4089 0
66 2112 2107 1
67 7963 7945 1
68 8010 7992 1
69 31436 31367 1
70 31438 31370 1
71 31449 31383 1
72 15782 15750 1
73 15784 15752 1
74 7947 7931 1
75 31425 31364 1
76 31413 31354 1
77 7940 7926 1
78 31428 31377 1
79 15811 15786 1
80 7925 7913 1
81 7935 7923 1
82 7972 7960 1
83 15762 15739 1
84 31403 31362 1
85 15818 15798 1
86 31431 31392 1
87 31394 31358 1
88 31391 31359 1
89 52 1 1
90 62677 62603 1
91 62668 62605 1
92 62674 62617 0
93 7929 7922 0
94 62688 62661 0
95 15823 15814 0
96 15727 15784 0
97 31382 31355 1
98 62663 62612 0
99 15759 15748 0
100 62682 62640 0
101 15781 15771 0
102 125186 125107 0
103 7988 7983 0
104 4083 4091 0
105 125195 125117 0
106 31405 31387 0
107 125190 125120 0
108 62651 62617 0
109 125181 125116 0
110 125188 125124 0
111 15780 15772 0
112 7963 7959 0
113 125193 125131 0
114 62660 62629 0
115 4050 4048 0
116 62670 62640 0
117 62631 62603 0
118 62641 62613 0
119 31388 31374 0
120 31424 31410 0
121 15788 15781 0
122 125169 125116 0
123 31436 31423 0
124 125190 125142 0
125 62643 62622 0
126 250182 250105 0
127 125185 125147 0
128 31362 31354 0
129 125163 125134 0
130 62668 62654 0
131 250158 250103 0
132 125137 125110 0
133 125157 125133 0
134 125166 125142 0
135 62673 62661 0
136 250184 250137 0
137 62613 62602 0
138 62687 62676 0
139 250190 250147 0
140 500191 500110 0
141 500185 500105 0
142 250199 250159 0
143 500188 500110 0
144 250175 250136 0
145 250143 250105 0
146 125126 125107 0
147 125153 125134 0
148 125189 125171 0
149 62642 62633 0
150 250136 250101 0
151 125150 125134 0
152 15729 15727 0
153 7941 7940 0
154 7982 7981 0
155 250173 250144 0
156 250163 250135 0
157 125190 125176 0
158 500196 500146 0
159 250132 250107 0
160 250178 250153 0
161 250187 250162 0
162 250175 250151 0
163 62666 62660 0
164 31382 31379 0
165 125184 125174 0
166 62673 62668 0
167 500175 500136 0
168 500163 500127 0
169 250191 250174 0
170 250130 250114 0
171 125134 125126 0
172 62643 62639 0
173 31417 31415 0
174 500132 500104 0
175 250124 250110 0
176 250174 250160 0
177 500186 500166 0
178 250179 250169 0
179 500148 500131 0
180 500185 500168 0
181 500122 500106 0
182 125130 125126 0
183 500126 500112 0
184 125196 125193 0
185 62614 62613 0
186 250159 250156 0
187 250122 250120 0
188 250173 250171 0
189 500144 500141 0
190 250168 250167 0
191 15808 15808 0
192 500115 500115 0
193 7997 7997 0
194 500127 500131 0
195 500161 500168 0
196 500133 500142 0
197 500114 500123 0
198 500106 500115 0
199 500156 500166 0
200 125124 125127 0
201 250146 250152 0
202 500169 500181 0
203 15771 15774 0
204 15789 15794 0
205 15754 15760 0
206 15798 15805 0
207 4024 4026 0
208 7997 8006 0
209 7922 7931 0
210 4072 4077 0
211 7965 7975 0
212 2121 2125 0
213 4026 4037 0
214 4080 4092 0
215 2146 2153 0
216 4081 4095 0
217 2109 2117 0
218 2064 2072 0
219 2087 2096 0
220 4044 4062 0
221 4026 4044 0
222 2101 2111 0
223 2098 2110 0
224 80 84 0
225 76 84 0
226 69 77 0
227 72 85 0
228 81 96 0
229 44 53 0
230 69 87 0
231 27 35 0
232 28 37 0
233 36 52 0
234 23 37 0
235 26 43 0
236 8 14 0
237 8 24 0
238 62624 62627 0
239 7918 8002 0
240 7926 7963 0
241 62606 62647 0
242 62644 62699 0
243 62612 62655 0
244 62637 62678 0
245 62620 62667 0
246 62659 62673 0
247 62603 62652 0
248 7957 7989 0
249 62623 62686 0
250 62648 62684 0
251 7949 7982 0
252 250135 250185 0
253 62630 62650 0
254 62630 62659 0
255 62618 62668 0
256 250139 250188 0
257 62642 62699 0
258 62618 62676 0
259 7961 7997 0
260 15729 15752 0
261 7943 7980 0
262 7950 8006 0
263 62603 62642 0
264 62615 62658 0
265 62657 62665 0
266 62649 62673 0
267 7928 7973 0
268 125139 125175 0
269 500125 500167 0
270 125184 125189 0
271 7930 7981 0
272 7917 8007 0
273 125154 125163 0
274 7954 7998 0
275 31361 31449 0
276 125146 125180 0
277 31364 31384 0
278 125161 125191 0
279 4029 4071 0
280 4054 4089 0
281 15802 15823 0
282 31431 31439 0
283 4077 4106 0
284 500113 500175 0
285 4042 4067 0
286 31368 31423 0
287 500136 500191 0
288 125118 125152 0
289 4054 4079 0
290 4062 4090 0
291 4022 4102 0
292 4042 4105 0
293 500113 500153 0
294 125102 125163 0
295 15766 15778 0
296 31363 31420 0
297 4015 4061 0
298 31369 31442 0
299 4057 4101 0
300 125175 125179 0
301 125128 125169 0
302 15778 15804 0
303 125146 125184 0
304 500133 500197 0
305 500114 500159 0
306 125103 125152 0
307 4046 4080 0
308 500147 500176 0
309 31400 31442 0
310 125118 125122 0
311 4017 4042 0
312 4046 4066 0
313 125147 125186 0
314 4008 4072 0
315 4038 4072 0
316 4035 4104 0
317 4016 4046 0
318 125146 125185 0
319 500104 500150 0
320 125133 125160 0
321 125154 125187 0
322 2062 2112 0
323 500143 500180 0
324 2113 2141 0
325 2058 2083 0
326 31354 31389 0
327 2063 2144 0
328 2061 2110 0
329 2058 2093 0
330 2057 2118 0
331 2069 2096 0
332 125102 125128 0
333 2063 2112 0
334 500146 500164 0
335 2060 2087 0
336 2060 2131 0
337 250103 250174 0
338 2063 2128 0
339 250141 250197 0
340 2084 2108 0
341 15758 15796 0
342 2055 2150 0
343 2073 2102 0
344 250109 250151 0
345 2076 2132 0
346 250114 250194 0
347 2068 2100 0
348 15762 15813 0
349 15757 15818 0
350 2070 2109 0
351 2098 2150 0
352 2088 2138 0
353 31355 31374 0
354 250133 250196 0
355 15735 15801 0
356 31356 31430 0
357 250168 250200 0
358 2072 2119 0
359 62 89 0
360 31416 31438 0
361 250115 250151 0
362 59 99 0
363 44 73 0
364 31360 31367 0
365 6 30 0
366 31400 31404 0
367 500104 500176 0
368 500130 500152 0
369 31 96 0
370 31390 31421 0
371 250126 250185 0
372 31354 31386 0
373 250117 250131 0
374 250155 250167 0
375 500137 500162 0
376 23 48 0
377 500154 500182 0
378 31396 31421 0
379 250182 250196 0
380 44 86 0
381 250112 250145 0
382 500124 500138 0
383 31435 31437 0
384 500129 500192 0
385 15726 15803 0
386 500104 500182 0
387 250122 250198 0
388 15763 15798 0
389 31357 31398 0
390 31351 31425 0
391 15817 15825 0
392 500133 500199 0
393 31 77 0
394 23 97 0
395 15733 15823 0
396 500125 500151 0
397 31360 31441 0
398 250145 250160 0
399 15743 15775 0
--------------
1000000 :c
1003927 :sum(p)
999999 :sum(w)
