400 :n
id p,w,x
--------------
0 15825 15735 1
1 15816 15759 1
2 79 11 1
3 15799 15739 1
4 15791 15733 1
5 95 15 1
6 8007 7931 1
7 15819 15755 1
8 98 23 1
9 88 50 1
10 8011 7960 1
11 59 17 1
12 7993 7926 1
13 99 62 1
14 8009 7918 1
15 2113 2072 1
16 2143 2060 1
17 2121 2076 1
18 2149 2076 1
19 4086 4014 1
20 4061 4014 1
21 4082 4034 1
22 4084 4031 1
23 2130 2079 1
24 4103 4010 1
25 4103 4056 1
26 4077 4023 1
27 4074 4010 1
28 2134 2056 1
29 51 23 1
30 56 29 1
31 52 30 1
32 54 32 1
33 23 14 1
34 79 59 1
35 2135 2099 1
36 2153 2118 1
37 2097 2063 1
38 2117 2083 1
39 2104 2073 1
40 2095 2065 1
41 2101 2071 1
42 2119 2096 1
43 2138 2115 1
44 4081 4041 1
45 4072 4034 1
46 4045 4011 1
47 4090 4058 1
48 2136 2120 1
49 4041 4011 1
50 4083 4055 1
51 4053 4026 1
52 2146 2132 1
53 4102 4078 1
54 52 2 1
55 7975 7937 1
56 8000 7957 1
57 15811 15763 1
58 4076 4061 1
59 4051 4037 1
60 15810 15756 1
61 15789 15737 1
62 31450 31351 1
63 4062 4050 1
64 31448 31384 1
65 15807 15762 1
66 8009 7987 1
67 4058 4047 1
68 7945 7924 1
69 31449 31370 1
70 15770 15733 1
71 15774 15738 1
72 7940 7922 1
73 7954 7936 1
74 15823 15794 1
75 62691 62601 1
76 15757 15727 1
77 31417 31358 1
78 31445 31390 1
79 31420 31367 1
80 62693 62608 1
81 2064 2056 1
82 2090 2084 1
83 7955 7943 1
84 15782 15759 1
85 15773 15751 1
86 7990 7979 1
87 31430 31388 1
88 31412 31373 1
89 4088 4083 1
90 8004 7959 1
91 62688 62606 1
92 62681 62611 1
93 62690 62620 0
94 31388 31353 0
95 62689 62654 0
96 15804 15790 0
97 31421 31413 0
98 7980 7972 1
99 31426 31396 0
100 15801 15787 1
101 15790 15777 0
102 15750 15739 0
103 7981 7976 0
104 2148 2148 1
105 31409 31384 0
106 125193 125104 0
107 62656 62603 0
108 31424 31403 0
109 15795 15785 0
110 31415 31388 0
111 125178 125100 0
112 125182 125106 0
113 125199 125126 0
114 15756 15747 0
115 15792 15783 0
116 31448 31446 0
117 62672 62639 0
118 31407 31391 0
119 125187 125125 0
120 62657 62626 0
121 62682 62656 0
122 125184 125137 0
123 125173 125127 0
124 250196 250111 0
125 250199 250116 0
126 125196 125155 0
127 125171 125134 0
128 125181 125144 0
129 250191 250119 0
130 250180 250110 0
131 62629 62613 0
132 15771 15819 0
133 31429 31446 0
134 4018 4017 0
135 125196 125165 0
136 250178 250119 0
137 250182 250123 0
138 250177 250119 0
139 250199 250141 0
140 125171 125143 0
141 125194 125166 0
142 31368 31361 0
143 250164 250109 0
144 250193 250138 0
145 250197 250145 0
146 62689 62677 0
147 31362 31356 0
148 31377 31373 0
149 15782 15780 0
150 31416 31413 0
151 31354 31352 0
152 15761 15760 0
153 4103 4103 1
154 7988 7989 0
155 7978 7979 0
156 15773 15775 0
157 15728 15731 0
158 2133 2134 1
159 2083 2084 1
160 4025 4027 0
161 4010 4012 0
162 7945 7950 0
163 15750 15760 0
164 7938 7944 0
165 4062 4067 0
166 4010 4016 0
167 4011 4018 0
168 7988 8002 0
169 7960 7975 0
170 7967 7983 0
171 7921 7937 0
172 7979 7997 0
173 7955 7974 0
174 2092 2097 0
175 4040 4050 0
176 7913 7933 0
177 2137 2143 0
178 2057 2063 0
179 4086 4099 0
180 2100 2107 0
181 4015 4033 0
182 2141 2152 0
183 4027 4048 0
184 2136 2151 0
185 2104 2120 0
186 85 86 0
187 2109 2134 0
188 98 100 1
189 26 27 0
190 74 86 0
191 38 45 0
192 50 61 0
193 46 57 0
194 73 95 0
195 29 40 0
196 71 100 0
197 61 90 0
198 12 42 0
199 3 30 0
200 62641 62645 0
201 500115 500150 0
202 500151 500160 0
203 62632 62638 0
204 500126 500153 0
205 500123 500161 0
206 500114 500123 0
207 500148 500181 0
208 500113 500160 0
209 500175 500191 0
210 500126 500145 0
211 250150 250173 0
212 500155 500169 0
213 500166 500189 0
214 500111 500141 0
215 500118 500163 0
216 125166 125170 0
217 500183 500198 0
218 125124 125133 0
219 125132 125139 0
220 500162 500178 0
221 500111 500126 0
222 250158 250178 0
223 250166 250181 0
224 250101 250110 0
225 500105 500129 0
226 250122 250146 0
227 250164 250181 0
228 31358 31359 0
229 250103 250114 0
230 500133 500120 0
231 500129 500111 0
232 250181 250135 0
233 125137 125124 0
234 125180 125160 0
235 500125 500133 0
236 62697 62686 0
237 250137 250115 0
238 125192 125194 0
239 500165 500116 0
240 125197 125184 0
241 125170 125154 0
242 500183 500159 0
243 125184 125176 0
244 250153 250133 0
245 125159 125145 0
246 125182 125160 0
247 125153 125155 0
248 500102 500110 0
249 125162 125143 0
250 500174 500115 0
251 62699 62690 0
252 500158 500128 0
253 125144 125125 0
254 250145 250110 0
255 250167 250165 0
256 250184 250162 0
257 250146 250138 0
258 250179 250134 0
259 500170 500167 0
260 500160 500148 0
261 250163 250138 0
262 250137 250137 0
263 500199 500132 0
264 250178 250162 0
265 500179 500113 0
266 250188 250169 0
267 250148 250103 0
268 250188 250178 0
269 500150 500105 0
270 500166 500159 0
271 500191 500155 0
272 500195 500179 0
273 500150 500110 0
274 31423 31426 0
275 250158 250165 0
276 7988 8011 0
277 31358 31424 0
278 31367 31438 0
279 4034 4068 0
280 31407 31411 0
281 31367 31440 0
282 4053 4103 0
283 31362 31366 0
284 31360 31409 0
285 31398 31450 0
286 31357 31425 0
287 31397 31450 0
288 15742 15776 0
289 7938 7971 0
290 62615 62672 0
291 31368 31412 0
292 62638 62663 0
293 31362 31427 0
294 4014 4043 0
295 250143 250195 0
296 4019 4082 0
297 62627 62642 0
298 7924 7957 0
299 62625 62651 0
300 7956 7997 0
301 62604 62655 0
302 250115 250153 0
303 62610 62696 0
304 7914 7963 0
305 62630 62696 0
306 4013 4104 0
307 500116 500164 0
308 4034 4101 0
309 62654 62677 0
310 62639 62658 0
311 62670 62688 0
312 500145 500194 0
313 4044 4089 0
314 62620 62646 0
315 62626 62649 0
316 31382 31441 0
317 4044 4071 0
318 62617 62690 0
319 500123 500185 0
320 7921 7988 0
321 7917 7972 0
322 62610 62638 0
323 62616 62697 0
324 62632 62662 0
325 62614 62679 0
326 250132 250188 0
327 62620 62636 0
328 31361 31369 0
329 500120 500173 0
330 31355 31369 0
331 2054 2133 0
332 62680 62695 0
333 62645 62667 0
334 62671 62688 0
335 62606 62639 0
336 500127 500197 0
337 62629 62681 0
338 31383 31412 0
339 2056 2126 0
340 2061 2143 0
341 31360 31444 0
342 62637 62676 0
343 125104 125195 0
344 125127 125179 0
345 125119 125158 0
346 2077 2150 0
347 125104 125192 0
348 2060 2107 0
349 7954 8002 0
350 2054 2104 0
351 2103 2140 0
352 2060 2143 0
353 7918 7977 0
354 2070 2115 0
355 7913 7999 0
356 125132 125177 0
357 125171 125190 0
358 2090 2147 0
359 15788 15817 0
360 15742 15785 0
361 54 87 0
362 48 87 0
363 7930 8004 0
364 14 89 0
365 125139 125152 0
366 18 72 0
367 7928 7977 0
368 36 87 0
369 19 57 0
370 500104 500169 0
371 7919 7961 0
372 125131 125164 0
373 7914 7972 0
374 15742 15756 0
375 19 68 0
376 125152 125192 0
377 125110 125177 0
378 125101 125164 0
379 15761 15786 0
380 26 69 0
381 15749 15771 0
382 15744 15805 0
383 125174 125191 0
384 2 61 0
385 125119 125144 0
386 34 87 0
387 31 84 0
388 250146 250200 0
389 250103 250200 0
390 64 99 0
391 15738 15811 0
392 48 84 0
393 15749 15768 0
394 15736 15767 0
395 250128 250161 0
396 250118 250151 0
397 12 71 0
398 15791 15804 0
399 15743 15794 0
--------------
1000000 :c
1004050 :sum(p)
1000000 :sum(w)
