400 :n
id p,w,x
--------------
0 83 47 1
1 28 5 1
2 59 24 1
3 4106 4044 1
4 4105 4013 1
5 4073 4008 1
6 53 17 1
7 4102 4045 1
8 2106 2062 1
9 2151 2108 1
10 2096 2056 1
11 2124 2070 1
12 2148 2111 1
13 35 13 1
14 2128 2079 1
15 2136 2056 1
16 94 1 1
17 2151 2104 1
18 2153 2092 1
19 2107 2057 1
20 2112 2057 1
21 2147 2095 1
22 35 2 1
23 4088 4063 1
24 4097 4069 1
25 7977 7933 1
26 2144 2120 1
27 31439 31371 1
28 31435 31363 1
29 31442 31388 1
30 31437 31357 1
31 62699 62611 1
32 7955 7918 1
33 7964 7913 1
34 8009 7934 1
35 15817 15773 1
36 15807 15726 1
37 7987 7934 1
38 15807 15763 1
39 15792 15742 1
40 15801 15749 1
41 8005 7973 1
42 4059 4032 1
43 4097 4048 1
44 15825 15776 1
45 4079 4030 1
46 15819 15778 1
47 7974 7927 1
48 15812 15746 1
49 15806 15729 1
50 4089 4061 1
51 4069 4030 1
52 7974 7920 1
53 7996 7951 1
54 53 34 1
55 38 25 1
56 48 32 1
57 69 52 1
58 93 80 1
59 23 20 1
60 72 63 1
61 70 62 1
62 35 31 1
63 2136 2118 1
64 2126 2111 1
65 2076 2062 1
66 4060 4038 1
67 4079 4057 1
68 4096 4074 1
69 4074 4054 1
70 2102 2092 1
71 4083 4064 1
72 4057 4043 1
73 7970 7945 1
74 7978 7953 1
75 4070 4058 1
76 2064 2058 1
77 7970 7947 1
78 4076 4066 1
79 4081 4071 1
80 2104 2099 1
81 7969 7951 1
82 7978 7966 1
83 7980 7968 1
84 31431 31385 1
85 7940 7929 1
86 7984 7973 1
87 8012 8001 1
88 62688 62605 1
89 15811 15791 1
90 7923 7913 0
91 31419 31382 1
92 62695 62625 1
93 62693 62632 1
94 2075 2073 0
95 78 28 1
96 31400 31355 1
97 15748 15728 1
98 62660 62604 1
99 31410 31384 0
100 15807 15794 1
101 62697 62647 0
102 15819 15822 0
103 15763 15807 0
104 62650 62602 0
105 31404 31380 0
106 7931 7925 1
107 62691 62644 0
108 62669 62623 0
109 4036 4042 0
110 125190 125103 0
111 62656 62613 0
112 31377 31356 0
113 62645 62604 0
114 125191 125112 0
115 31376 31357 0
116 31374 31357 0
117 62690 62661 0
118 62691 62663 0
119 15816 15809 0
120 125154 125101 0
121 62680 62655 0
122 8004 8001 0
123 250198 250105 0
124 125173 125127 0
125 125180 125137 0
126 31446 31436 0
127 250185 250110 0
128 250190 250115 0
129 125177 125141 0
130 125190 125154 0
131 31362 31353 0
132 31434 31425 0
133 62659 62642 0
134 31447 31439 0
135 125149 125119 0
136 125154 125126 0
137 15771 15768 0
138 7943 7942 0
139 15781 15781 0
140 2144 2144 1
141 15810 15812 0
142 4010 4011 1
143 7999 8001 0
144 7962 7964 0
145 15773 15777 0
146 4053 4055 0
147 4095 4098 0
148 7949 7959 0
149 7969 7980 0
150 2128 2131 0
151 4016 4023 0
152 4054 4063 0
153 4030 4039 0
154 4095 4105 0
155 4042 4054 0
156 4054 4067 0
157 2106 2113 0
158 2072 2086 0
159 24 26 0
160 55 62 0
161 49 56 0
162 57 67 0
163 59 70 0
164 21 26 0
165 5 20 0
166 250157 250108 0
167 500113 500104 0
168 250149 250140 0
169 250171 250155 0
170 31429 31428 0
171 500182 500151 0
172 250103 250120 0
173 31416 31416 0
174 250187 250192 0
175 500126 500123 0
176 250156 250136 0
177 500174 500134 0
178 250179 250132 0
179 250171 250178 0
180 250180 250183 0
181 500162 500117 0
182 500126 500128 0
183 500156 500132 0
184 125153 125155 0
185 500143 500107 0
186 500167 500184 0
187 250143 250162 0
188 250170 250142 0
189 250173 250153 0
190 62633 62622 0
191 250106 250104 0
192 500114 500129 0
193 250129 250145 0
194 500154 500194 0
195 31382 31376 0
196 250182 250142 0
197 500193 500165 0
198 250200 250172 0
199 500183 500195 0
200 500146 500154 0
201 500119 500101 0
202 500160 500164 0
203 500187 500163 0
204 500180 500130 0
205 62651 62637 0
206 500171 500190 0
207 500166 500152 0
208 500103 500140 0
209 62693 62695 0
210 500171 500126 0
211 62615 62613 0
212 125116 125110 0
213 125192 125175 0
214 125153 125143 0
215 500138 500142 0
216 125116 125110 0
217 125182 125159 0
218 125127 125128 0
219 500150 500134 0
220 500153 500147 0
221 500117 500118 0
222 500102 500136 0
223 62694 62684 0
224 500178 500151 0
225 125139 125127 0
226 125189 125194 0
227 125122 125131 0
228 62646 62642 0
229 125158 125146 0
230 125122 125104 0
231 125149 125154 0
232 250102 250118 0
233 250195 250200 0
234 250191 250158 0
235 500156 500142 0
236 250170 250180 0
237 31351 31395 0
238 15751 15808 0
239 7978 7998 0
240 31382 31450 0
241 31384 31448 0
242 31373 31400 0
243 7936 8005 0
244 31357 31376 0
245 31357 31421 0
246 31405 31431 0
247 31421 31443 0
248 15756 15778 0
249 7925 7948 0
250 15781 15823 0
251 7935 7997 0
252 7969 8004 0
253 7927 8009 0
254 31433 31439 0
255 31418 31430 0
256 31372 31424 0
257 31355 31379 0
258 7915 7944 0
259 31421 31430 0
260 15745 15792 0
261 7916 7987 0
262 31382 31386 0
263 31404 31415 0
264 31410 31435 0
265 7964 7987 0
266 7942 7976 0
267 31386 31408 0
268 62607 62647 0
269 62615 62679 0
270 7950 7965 0
271 7927 7982 0
272 62610 62650 0
273 62611 62630 0
274 62616 62653 0
275 62652 62691 0
276 62636 62646 0
277 7940 7994 0
278 7914 7991 0
279 62601 62623 0
280 62681 62694 0
281 15749 15815 0
282 15731 15753 0
283 62616 62625 0
284 4011 4060 0
285 15768 15817 0
286 15727 15764 0
287 15772 15806 0
288 62608 62651 0
289 62603 62700 0
290 4017 4060 0
291 4034 4095 0
292 62609 62653 0
293 4012 4058 0
294 4061 4103 0
295 62625 62696 0
296 62636 62672 0
297 31375 31388 0
298 62674 62688 0
299 4075 4094 0
300 31356 31363 0
301 62669 62693 0
302 62617 62665 0
303 15756 15819 0
304 62627 62687 0
305 4076 4105 0
306 4031 4054 0
307 125116 125178 0
308 125130 125179 0
309 125104 125137 0
310 125121 125142 0
311 125107 125177 0
312 125119 125179 0
313 4034 4100 0
314 4050 4093 0
315 31374 31383 0
316 125146 125199 0
317 31378 31408 0
318 125107 125130 0
319 2055 2130 0
320 2067 2127 0
321 125101 125153 0
322 125126 125172 0
323 2106 2151 0
324 2107 2136 0
325 125119 125183 0
326 125169 125183 0
327 2100 2137 0
328 2070 2137 0
329 2093 2136 0
330 125169 125192 0
331 2067 2104 0
332 125165 125194 0
333 125116 125181 0
334 2108 2127 0
335 2069 2105 0
336 125107 125177 0
337 2059 2084 0
338 125117 125165 0
339 2091 2115 0
340 15773 15798 0
341 125166 125185 0
342 250132 250186 0
343 15756 15767 0
344 250107 250149 0
345 2062 2149 0
346 2087 2122 0
347 250144 250172 0
348 2134 2152 0
349 250157 250193 0
350 250107 250158 0
351 250134 250189 0
352 2106 2131 0
353 250131 250155 0
354 250102 250165 0
355 250101 250168 0
356 500157 500200 0
357 250120 250147 0
358 250136 250176 0
359 250155 250185 0
360 5 30 0
361 6 82 0
362 250113 250182 0
363 15734 15760 0
364 1 22 0
365 35 88 0
366 250105 250174 0
367 43 92 0
368 250113 250161 0
369 250164 250190 0
370 15791 15818 0
371 11 100 0
372 50 69 0
373 15777 15816 0
374 3 65 0
375 250121 250179 0
376 500134 500193 0
377 8 54 0
378 500128 500179 0
379 6 62 0
380 500123 500172 0
381 14 51 0
382 15734 15789 0
383 1 29 0
384 500137 500180 0
385 500104 500193 0
386 18 92 0
387 15 93 0
388 5 80 0
389 15750 15768 0
390 500101 500150 0
391 15767 15800 0
392 500120 500179 0
393 500106 500184 0
394 15726 15766 0
395 500105 500199 0
396 500124 500193 0
397 60 92 0
398 15766 15811 0
399 15772 15810 0
--------------
1000000 :c
1003714 :sum(p)
1000000 :sum(w)
