400 :n
id p,w,x
--------------
0 52 5 1
1 96 22 1
2 4100 4023 1
3 4081 4019 1
4 4092 4012 1
5 4100 4034 1
6 55 27 1
7 91 22 1
8 65 33 1
9 98 17 1
10 2152 2061 1
11 92 33 1
12 2143 2094 1
13 2118 2067 1
14 73 25 1
15 2098 2058 1
16 48 29 1
17 2139 2072 1
18 100 46 1
19 2135 2086 1
20 61 25 1
21 49 14 1
22 89 40 1
23 100 55 1
24 60 41 1
25 82 72 1
26 67 59 1
27 2151 2119 1
28 2100 2069 1
29 2110 2080 1
30 4074 4018 1
31 2112 2083 1
32 4104 4050 1
33 2148 2122 1
34 4091 4042 1
35 4075 4028 1
36 4071 4025 1
37 4075 4031 1
38 4054 4011 1
39 8000 7916 1
40 2123 2102 1
41 8007 7930 1
42 7987 7915 1
43 7990 7918 1
44 8012 7943 1
45 2097 2079 1
46 7983 7916 1
47 4071 4037 1
48 4091 4059 1
49 2083 2067 1
50 7985 7926 1
51 4096 4066 1
52 4044 4015 1
53 8009 7952 1
54 2127 2113 1
55 15824 15729 1
56 7993 7946 1
57 4047 4024 1
58 4058 4035 1
59 15823 15735 1
60 4079 4057 1
61 7977 7937 1
62 15806 15735 1
63 2127 2118 1
64 8009 7978 1
65 2089 2081 1
66 4031 4016 1
67 15817 15761 1
68 15806 15751 1
69 15786 15732 1
70 15806 15754 1
71 15811 15760 1
72 8008 7983 1
73 8006 7982 1
74 15825 15778 1
75 4074 4062 1
76 4099 4087 1
77 15780 15737 1
78 31436 31354 1
79 15811 15772 1
80 31435 31365 1
81 31439 31373 1
82 15772 15739 1
83 31413 31352 1
84 31415 31357 1
85 31416 31364 1
86 15795 15771 1
87 31420 31373 1
88 15795 15773 1
89 15822 15800 1
90 31401 31361 1
91 31419 31381 1
92 15805 15786 1
93 15823 15804 1
94 62696 62624 1
95 23 8 1
96 62692 62614 1
97 15755 15726 1
98 62684 62612 0
99 31418 31383 1
100 31388 31354 1
101 62700 62682 0
102 15811 15824 0
103 15783 15801 0
104 15748 15732 0
105 62684 62624 0
106 15764 15749 0
107 31416 31388 0
108 31417 31389 0
109 31394 31368 0
110 15748 15735 0
111 62694 62644 0
112 62660 62612 0
113 4085 4102 0
114 31449 31425 0
115 7979 7973 1
116 8002 7996 1
117 125193 125100 0
118 62664 62624 0
119 31404 31385 0
120 125189 125114 0
121 125185 125115 0
122 31385 31368 0
123 125168 125102 0
124 62651 62618 0
125 125165 125101 0
126 7934 7930 0
127 8007 8003 0
128 4017 4015 1
129 2078 2077 1
130 62694 62664 0
131 125173 125114 0
132 62633 62605 0
133 62637 62609 0
134 62660 62633 0
135 125192 125139 0
136 31421 31408 0
137 31426 31414 0
138 125149 125105 0
139 62642 62620 0
140 125160 125122 0
141 62670 62651 0
142 62631 62613 0
143 62647 62629 0
144 125155 125122 0
145 125185 125152 0
146 62677 62661 0
147 31403 31395 0
148 15796 15792 0
149 7985 7984 0
150 2061 2061 0
151 7923 7928 0
152 4076 4084 0
153 2097 2106 0
154 2136 2147 0
155 2079 2092 0
156 93 96 0
157 89 99 0
158 34 40 0
159 71 86 0
160 27 34 0
161 53 67 0
162 21 29 0
163 33 46 0
164 125184 125157 0
165 250132 250112 0
166 31358 31352 0
167 500197 500118 0
168 125132 125102 0
169 125172 125152 0
170 250200 250139 0
171 500196 500109 0
172 125176 125153 0
173 31386 31381 0
174 250159 250121 0
175 500188 500145 0
176 250141 250107 0
177 250146 250116 0
178 250132 250109 0
179 250133 250101 0
180 500189 500130 0
181 125187 125160 0
182 250185 250123 0
183 250170 250125 0
184 250155 250111 0
185 250160 250106 0
186 500192 500109 0
187 500196 500149 0
188 250195 250136 0
189 250137 250125 0
190 500131 500117 0
191 500193 500154 0
192 250157 250144 0
193 250124 250105 0
194 500165 500141 0
195 250177 250160 0
196 250167 250155 0
197 62650 62646 0
198 125169 125164 0
199 500135 500114 0
200 500160 500130 0
201 500122 500109 0
202 125189 125184 0
203 125129 125124 0
204 125176 125171 0
205 125106 125103 0
206 500187 500177 0
207 250116 250104 0
208 500196 500174 0
209 250117 250103 0
210 250199 250109 0
211 250134 250108 0
212 62612 62606 0
213 500169 500130 0
214 62649 62634 0
215 250166 250114 0
216 250192 250130 0
217 500187 500116 0
218 62668 62663 0
219 250152 250132 0
220 250184 250155 0
221 125178 125162 0
222 125168 125150 0
223 250131 250110 0
224 31408 31440 0
225 31390 31394 0
226 15755 15799 0
227 31409 31424 0
228 31363 31420 0
229 31351 31407 0
230 31381 31415 0
231 15753 15824 0
232 15737 15751 0
233 15746 15786 0
234 31361 31377 0
235 15773 15781 0
236 31367 31400 0
237 31383 31411 0
238 15770 15779 0
239 31369 31442 0
240 7936 8009 0
241 7939 7974 0
242 31387 31442 0
243 7915 7929 0
244 7947 8010 0
245 7962 7988 0
246 7974 7983 0
247 31384 31427 0
248 7940 7948 0
249 31394 31394 0
250 62655 62665 0
251 7927 7949 0
252 62658 62693 0
253 7913 7982 0
254 62623 62682 0
255 62618 62664 0
256 62676 62689 0
257 62612 62657 0
258 62635 62666 0
259 62605 62616 0
260 62612 62649 0
261 7956 7977 0
262 62605 62685 0
263 7924 7980 0
264 7946 7993 0
265 7914 7961 0
266 7946 7960 0
267 62601 62639 0
268 7974 7998 0
269 7915 7941 0
270 62632 62646 0
271 7922 7999 0
272 62615 62622 0
273 7955 7967 0
274 7923 7946 0
275 7915 7945 0
276 62614 62673 0
277 62605 62679 0
278 7968 7981 0
279 62606 62633 0
280 62636 62666 0
281 62608 62676 0
282 125135 125151 0
283 15737 15822 0
284 4028 4064 0
285 125106 125128 0
286 125151 125198 0
287 125110 125163 0
288 4007 4067 0
289 4028 4071 0
290 4009 4041 0
291 4032 4089 0
292 4040 4065 0
293 125150 125163 0
294 125114 125134 0
295 4036 4104 0
296 4024 4088 0
297 4045 4072 0
298 125176 125175 0
299 125104 125113 0
300 125109 125145 0
301 125140 125162 0
302 4008 4029 0
303 125179 125189 0
304 125143 125199 0
305 125103 125197 0
306 125162 125189 0
307 125143 125158 0
308 4059 4093 0
309 4053 4104 0
310 125151 125183 0
311 4049 4089 0
312 125137 125144 0
313 4034 4103 0
314 4041 4100 0
315 250114 250151 0
316 15761 15781 0
317 250161 250191 0
318 4049 4075 0
319 31375 31439 0
320 2095 2149 0
321 2054 2082 0
322 250109 250162 0
323 2084 2109 0
324 2119 2145 0
325 2090 2129 0
326 250131 250187 0
327 2061 2104 0
328 250141 250141 0
329 15726 15748 0
330 250123 250190 0
331 250109 250151 0
332 250145 250171 0
333 250113 250109 0
334 2070 2093 0
335 250107 250121 0
336 31353 31420 0
337 2097 2129 0
338 250109 250136 0
339 2063 2084 0
340 2068 2096 0
341 2088 2149 0
342 2116 2148 0
343 250102 250186 0
344 250136 250197 0
345 250112 250124 0
346 2107 2124 0
347 2093 2139 0
348 500107 500140 0
349 2117 2143 0
350 2075 2110 0
351 500133 500136 0
352 500112 500159 0
353 500165 500181 0
354 500127 500123 0
355 31365 31393 0
356 2058 2150 0
357 2128 2148 0
358 500108 500164 0
359 52 79 0
360 500181 500183 0
361 30 53 0
362 59 80 0
363 15738 15819 0
364 31364 31428 0
365 500198 500200 0
366 500110 500160 0
367 41 96 0
368 38 59 0
369 500112 500135 0
370 500105 500178 0
371 15794 15822 0
372 500131 500196 0
373 500101 500122 0
374 74 96 0
375 61 96 0
376 8 24 0
377 500110 500122 0
378 48 80 0
379 31423 31429 0
380 15754 15776 0
381 70 92 0
382 15772 15793 0
383 55 72 0
384 500141 500173 0
385 500155 500146 0
386 15764 15822 0
387 500154 500183 0
388 500120 500171 0
389 500194 500197 0
390 500139 500154 0
391 500150 500189 0
392 6 23 0
393 500123 500189 0
394 43 75 0
395 500110 500177 0
396 500144 500197 0
397 17 49 0
398 15730 15754 0
399 15726 15746 0
--------------
1000000 :c
1004452 :sum(p)
999996 :sum(w)
