400 :n
id p,w,x
--------------
0 56 4 1
1 66 8 1
2 76 16 1
3 65 17 1
4 100 41 1
5 79 33 1
6 81 41 1
7 50 26 1
8 82 43 1
9 84 54 1
10 55 38 1
11 88 66 1
12 100 76 1
13 97 78 1
14 86 74 1
15 58 53 1
16 59 56 0
17 2134 2065 1
18 2134 2065 1
19 2137 2073 1
20 2139 2078 1
21 2146 2095 1
22 2120 2074 1
23 4098 4026 1
24 2113 2077 1
25 4099 4035 1
26 4071 4008 1
27 2136 2105 1
28 4102 4044 1
29 2125 2096 1
30 75 74 0
31 2115 2089 1
32 2152 2126 1
33 8006 7913 1
34 2108 2086 1
35 8010 7928 1
36 2107 2087 1
37 8008 7937 1
38 2137 2119 1
39 8010 7944 1
40 4041 4009 1
41 4050 4019 1
42 4075 4044 1
43 2108 2092 1
44 8009 7949 1
45 8010 7957 1
46 2128 2114 1
47 7991 7940 1
48 2111 2098 1
49 4038 4014 1
50 4088 4064 1
51 7987 7943 1
52 2065 2054 1
53 7963 7923 1
54 4051 4031 1
55 7951 7913 1
56 7957 7919 1
57 15822 15748 1
58 7972 7936 1
59 7989 7955 1
60 7947 7916 1
61 4077 4063 1
62 2150 2143 1
63 15808 15757 1
64 4031 4018 1
65 4104 4091 1
66 15779 15730 1
67 4019 4008 1
68 4029 4018 1
69 7979 7958 1
70 31450 31368 1
71 15814 15775 1
72 4061 4051 1
73 4072 4062 1
74 15807 15769 1
75 8005 7986 1
76 15781 15744 1
77 15816 15780 1
78 7942 7924 1
79 31436 31365 1
80 15775 15743 1
81 31432 31369 1
82 31421 31360 1
83 31419 31359 1
84 7998 7983 1
85 7982 7968 1
86 4077 4070 0
87 31405 31353 1
88 7975 7962 1
89 31405 31356 1
90 31412 31363 1
91 31438 31391 1
92 2135 2132 1
93 31405 31363 1
94 15752 15731 1
95 31442 31402 1
96 4027 4022 0
97 15765 15746 1
98 15784 15766 1
99 15809 15791 0
100 15792 15730 1
101 31401 31354 1
102 62679 62607 1
103 31399 31364 1
104 62673 62607 1
105 15790 15774 0
106 62692 62657 0
107 31449 31448 0
108 35 70 0
109 7989 7981 1
110 31405 31374 0
111 62677 62616 0
112 15825 15810 0
113 62671 62625 0
114 31422 31399 0
115 125194 125108 0
116 31401 31380 0
117 31404 31384 0
118 125190 125111 0
119 62642 62603 0
120 125193 125117 0
121 62667 62630 0
122 62686 62650 0
123 15798 15790 0
124 15817 15809 0
125 8006 8002 0
126 4043 4041 0
127 15800 15794 0
128 15759 15754 0
129 15773 15769 0
130 15769 15766 0
131 4025 4025 0
132 2070 2070 0
133 4100 4101 0
134 4095 4096 0
135 4056 4059 0
136 2144 2146 0
137 4047 4052 0
138 4023 4028 0
139 2146 2150 0
140 2140 2145 0
141 2077 2084 0
142 23 24 1
143 93 99 0
144 12 13 0
145 48 53 0
146 75 85 0
147 25 33 0
148 62685 62673 0
149 250158 250110 0
150 250189 250111 0
151 31387 31381 0
152 62637 62613 0
153 125198 125151 0
154 125163 125115 0
155 125145 125115 0
156 62687 62665 0
157 125146 125116 0
158 62644 62626 0
159 250177 250142 0
160 62683 62680 0
161 250141 250124 0
162 62662 62662 0
163 250145 250127 0
164 250165 250138 0
165 62678 62675 0
166 250110 250102 0
167 250154 250158 0
168 250187 250186 0
169 250149 250126 0
170 250119 250117 0
171 250199 250176 0
172 250141 250120 0
173 31366 31363 0
174 62670 62665 0
175 250141 250121 0
176 500164 500166 0
177 500172 500110 0
178 500194 500150 0
179 62669 62661 0
180 500183 500107 0
181 500169 500150 0
182 500145 500118 0
183 250180 250161 0
184 500116 500102 0
185 500160 500123 0
186 500171 500179 0
187 250182 250172 0
188 62676 62671 0
189 500195 500112 0
190 31365 31362 0
191 500154 500126 0
192 500167 500115 0
193 125172 125173 0
194 125113 125104 0
195 31391 31388 0
196 500176 500107 0
197 500198 500169 0
198 62627 62626 0
199 500101 500106 0
200 125139 125125 0
201 500161 500149 0
202 125171 125155 0
203 125188 125178 0
204 500159 500155 0
205 125159 125162 0
206 125162 125156 0
207 500173 500153 0
208 500156 500114 0
209 500171 500183 0
210 15750 15750 0
211 500128 500103 0
212 125167 125157 0
213 500180 500169 0
214 125167 125156 0
215 500188 500131 0
216 500169 500146 0
217 125123 125115 0
218 250197 250171 0
219 250110 250102 0
220 250187 250194 0
221 62657 62644 0
222 125157 125134 0
223 125184 125123 0
224 125197 125154 0
225 250181 250109 0
226 31392 31381 0
227 250187 250119 0
228 250198 250119 0
229 250192 250126 0
230 62628 62607 0
231 125144 125119 0
232 125179 125156 0
233 125157 125116 0
234 250198 250151 0
235 31397 31385 0
236 500162 500177 0
237 31371 31413 0
238 15779 15819 0
239 7952 7977 0
240 31407 31411 0
241 7939 8008 0
242 7947 8001 0
243 31357 31404 0
244 7950 7968 0
245 31417 31430 0
246 31355 31421 0
247 7946 7976 0
248 7944 7991 0
249 31411 31440 0
250 7998 8005 0
251 31370 31382 0
252 31380 31408 0
253 31389 31446 0
254 31384 31397 0
255 7943 7949 0
256 31376 31444 0
257 7937 7973 0
258 31411 31416 0
259 31385 31418 0
260 31415 31449 0
261 7964 8007 0
262 31389 31439 0
263 31416 31441 0
264 62659 62665 0
265 62614 62627 0
266 7932 7995 0
267 7957 7985 0
268 62649 62671 0
269 62642 62652 0
270 7979 7986 0
271 7922 7954 0
272 7926 8011 0
273 62631 62650 0
274 7973 8005 0
275 62610 62629 0
276 62675 62687 0
277 7958 7974 0
278 7963 7990 0
279 4034 4101 0
280 15803 15804 0
281 62613 62672 0
282 62652 62657 0
283 4048 4073 0
284 4066 4086 0
285 4032 4052 0
286 4008 4047 0
287 62607 62683 0
288 4041 4089 0
289 4024 4066 0
290 62621 62655 0
291 62601 62612 0
292 4013 4102 0
293 62608 62617 0
294 62616 62685 0
295 62615 62686 0
296 15810 15819 0
297 62626 62661 0
298 15786 15792 0
299 62619 62637 0
300 62606 62668 0
301 62618 62667 0
302 125118 125174 0
303 4065 4096 0
304 125111 125136 0
305 4037 4052 0
306 125167 125190 0
307 4046 4062 0
308 125122 125138 0
309 125121 125167 0
310 4028 4046 0
311 4008 4033 0
312 4077 4093 0
313 125103 125109 0
314 125180 125187 0
315 15727 15738 0
316 125113 125196 0
317 125123 125156 0
318 15760 15762 0
319 125167 125177 0
320 125101 125149 0
321 2108 2137 0
322 125115 125156 0
323 2096 2129 0
324 2096 2122 0
325 2102 2114 0
326 125132 125185 0
327 2113 2151 0
328 125124 125152 0
329 125111 125133 0
330 125169 125187 0
331 125143 125158 0
332 15761 15773 0
333 15744 15747 0
334 2073 2151 0
335 2122 2135 0
336 2098 2141 0
337 250121 250151 0
338 2111 2144 0
339 2115 2143 0
340 250110 250128 0
341 250125 250135 0
342 15732 15770 0
343 2097 2134 0
344 250142 250185 0
345 250149 250180 0
346 15736 15775 0
347 250126 250195 0
348 2078 2100 0
349 250165 250178 0
350 2092 2132 0
351 250132 250151 0
352 2083 2108 0
353 250118 250191 0
354 250102 250118 0
355 250130 250142 0
356 2069 2112 0
357 250126 250155 0
358 250116 250130 0
359 250137 250199 0
360 32 77 0
361 250135 250172 0
362 250163 250174 0
363 38 84 0
364 15754 15823 0
365 500158 500173 0
366 15730 15814 0
367 500147 500191 0
368 13 29 0
369 500105 500149 0
370 26 74 0
371 500145 500169 0
372 500151 500192 0
373 15763 15790 0
374 500119 500193 0
375 10 100 0
376 3 61 0
377 500103 500154 0
378 500165 500191 0
379 41 93 0
380 500112 500163 0
381 40 57 0
382 15733 15798 0
383 500146 500179 0
384 28 82 0
385 500101 500168 0
386 34 96 0
387 59 93 0
388 4 81 0
389 15744 15768 0
390 17 94 0
391 500126 500142 0
392 500146 500189 0
393 2 56 0
394 500101 500176 0
395 29 56 0
396 15791 15812 0
397 500119 500148 0
398 15803 15820 0
399 15735 15796 0
--------------
1000000 :c
1003844 :sum(p)
1000000 :sum(w)
