400 :n
id p,w,x
--------------
0 4081 4047 1
1 4099 4073 1
2 70 57 1
3 57 40 1
4 99 31 1
5 15825 15745 1
6 93 58 1
7 93 36 1
8 15807 15728 1
9 4106 4046 1
10 85 69 1
11 22 1 1
12 71 53 1
13 42 15 1
14 15824 15749 1
15 90 5 1
16 4041 4018 1
17 15807 15729 1
18 85 14 1
19 51 28 1
20 8010 7976 1
21 4070 4021 1
22 4061 4008 1
23 4105 4037 1
24 7966 7930 1
25 2136 2055 1
26 2151 2084 1
27 8012 7945 1
28 2117 2058 1
29 8005 7913 1
30 2112 2060 1
31 8007 7967 1
32 7999 7963 1
33 2108 2084 1
34 8001 7933 1
35 2143 2124 1
36 2121 2078 1
37 2082 2069 1
38 8000 7932 1
39 2128 2114 1
40 2133 2108 1
41 15825 15767 1
42 2110 2083 1
43 4060 4030 1
44 4092 4058 1
45 4092 4019 1
46 4093 4025 1
47 4078 4025 1
48 4072 4038 1
49 4096 4062 1
50 4053 4036 1
51 4098 4027 1
52 15822 15771 1
53 31449 31353 1
54 31448 31365 1
55 31449 31384 1
56 15783 15728 1
57 15811 15763 1
58 5 1 1
59 44 35 1
60 80 70 1
61 48 43 1
62 2136 2126 1
63 8004 7976 1
64 2105 2098 1
65 7979 7953 1
66 4048 4035 1
67 7944 7920 1
68 15819 15773 1
69 7983 7964 1
70 15776 15740 1
71 4057 4048 1
72 4073 4064 1
73 4084 4075 1
74 15808 15774 1
75 7966 7949 1
76 15780 15748 1
77 7994 7978 1
78 15768 15738 1
79 31440 31381 1
80 15816 15789 1
81 31411 31362 1
82 15797 15773 1
83 31410 31367 1
84 31430 31389 1
85 31412 31372 1
86 31431 31391 1
87 15769 15749 1
88 2095 2089 1
89 15782 15762 0
90 4102 4097 1
91 62695 62619 1
92 15745 15727 1
93 4073 4034 1
94 62692 62609 1
95 31399 31363 1
96 15811 15793 1
97 62676 62608 0
98 31401 31369 1
99 31436 31449 0
100 31427 31396 0
101 35 80 0
102 62699 62633 0
103 7986 7978 1
104 62683 62621 0
105 2119 2117 0
106 7994 8006 0
107 62656 62601 0
108 62691 62642 0
109 4061 4058 1
110 31411 31390 0
111 15755 15745 0
112 15810 15801 0
113 62695 62660 0
114 62683 62650 0
115 7927 7923 0
116 7966 7964 0
117 4048 4047 1
118 4106 4105 0
119 4075 4075 0
120 7960 7961 0
121 2073 2074 0
122 2070 2071 0
123 4034 4038 0
124 4040 4045 0
125 2133 2136 0
126 2117 2120 0
127 2102 2107 0
128 23 25 0
129 80 90 0
130 16 18 0
131 5 6 0
132 36 44 0
133 19 28 0
134 62643 62618 0
135 62636 62620 0
136 125148 125124 0
137 62671 62659 0
138 125132 125115 0
139 500139 500110 0
140 250159 250120 0
141 62665 62650 0
142 250136 250106 0
143 500156 500126 0
144 125189 125154 0
145 250161 250128 0
146 500169 500122 0
147 250132 250101 0
148 250180 250147 0
149 500136 500103 0
150 250192 250144 0
151 250198 250166 0
152 250183 250166 0
153 250186 250127 0
154 500155 500128 0
155 250164 250147 0
156 500155 500130 0
157 31359 31356 0
158 62668 62639 0
159 250177 250117 0
160 250191 250167 0
161 250177 250147 0
162 250189 250108 0
163 250198 250105 0
164 250169 250138 0
165 250167 250140 0
166 250173 250158 0
167 31359 31355 0
168 250178 250161 0
169 250189 250128 0
170 31403 31395 0
171 250186 250159 0
172 125159 125117 0
173 31422 31408 0
174 31386 31376 0
175 250146 250127 0
176 125177 125133 0
177 500153 500114 0
178 500196 500161 0
179 125187 125174 0
180 125180 125119 0
181 125167 125105 0
182 125165 125107 0
183 125197 125117 0
184 125179 125117 0
185 62647 62632 0
186 125164 125144 0
187 62628 62612 0
188 500171 500111 0
189 62696 62680 0
190 500170 500111 0
191 125132 125107 0
192 125179 125133 0
193 62683 62664 0
194 62629 62622 0
195 31369 31448 0
196 31381 31380 0
197 31418 31421 0
198 62612 62648 0
199 62601 62670 0
200 62632 62681 0
201 62684 62692 0
202 15782 15812 0
203 62670 62687 0
204 15733 15737 0
205 15766 15811 0
206 15742 15810 0
207 15744 15779 0
208 62671 62680 0
209 15792 15795 0
210 15739 15758 0
211 15758 15773 0
212 15747 15761 0
213 15759 15807 0
214 15779 15798 0
215 62607 62679 0
216 62604 62636 0
217 15726 15805 0
218 62617 62664 0
219 62623 62664 0
220 15821 15824 0
221 62693 62694 0
222 62614 62645 0
223 62639 62669 0
224 15733 15809 0
225 62609 62688 0
226 62681 62692 0
227 15753 15794 0
228 62608 62686 0
229 15742 15769 0
230 62639 62664 0
231 15755 15814 0
232 15793 15796 0
233 15781 15783 0
234 62699 62700 0
235 62622 62667 0
236 62636 62677 0
237 62655 62672 0
238 125166 125185 0
239 7973 8001 0
240 125113 125115 0
241 125110 125165 0
242 7967 8008 0
243 125104 125190 0
244 7986 7995 0
245 125187 125181 0
246 125152 125187 0
247 7972 8007 0
248 125117 125143 0
249 7934 7985 0
250 7936 7947 0
251 7967 8003 0
252 7952 7959 0
253 7925 7947 0
254 7972 7984 0
255 7971 7984 0
256 31426 31432 0
257 7927 7997 0
258 7913 7988 0
259 31361 31439 0
260 7915 7947 0
261 7919 7988 0
262 125122 125176 0
263 125157 125179 0
264 7946 7992 0
265 125142 125166 0
266 125155 125197 0
267 125133 125167 0
268 7939 7957 0
269 125129 125133 0
270 125138 125164 0
271 7967 7989 0
272 7930 7987 0
273 7961 7994 0
274 125168 125173 0
275 7916 7919 0
276 125108 125176 0
277 125138 125148 0
278 125148 125157 0
279 4023 4033 0
280 125128 125141 0
281 4016 4066 0
282 125127 125186 0
283 4048 4104 0
284 125131 125184 0
285 125132 125139 0
286 4031 4085 0
287 125135 125192 0
288 125134 125195 0
289 125108 125147 0
290 125136 125164 0
291 250112 250104 0
292 4042 4062 0
293 250108 250183 0
294 250177 250179 0
295 4015 4073 0
296 250163 250185 0
297 250174 250195 0
298 250185 250185 0
299 31351 31356 0
300 250102 250140 0
301 250157 250149 0
302 250139 250150 0
303 31386 31435 0
304 250101 250160 0
305 250123 250128 0
306 250116 250199 0
307 250129 250190 0
308 31407 31447 0
309 4009 4025 0
310 250106 250137 0
311 250141 250143 0
312 4047 4093 0
313 4042 4077 0
314 4040 4074 0
315 4044 4059 0
316 250120 250155 0
317 4064 4092 0
318 250131 250182 0
319 250104 250134 0
320 500145 500134 0
321 2056 2115 0
322 2082 2144 0
323 500107 500103 0
324 2055 2073 0
325 500140 500199 0
326 2061 2139 0
327 2082 2132 0
328 2068 2146 0
329 31352 31439 0
330 500173 500169 0
331 31380 31384 0
332 31361 31409 0
333 500166 500144 0
334 2074 2103 0
335 2069 2104 0
336 2067 2115 0
337 2111 2136 0
338 2102 2124 0
339 500183 500158 0
340 31359 31420 0
341 500143 500183 0
342 500159 500142 0
343 2111 2136 0
344 2083 2113 0
345 500126 500136 0
346 2078 2108 0
347 500185 500162 0
348 500105 500168 0
349 2113 2139 0
350 2086 2142 0
351 2120 2131 0
352 500198 500173 0
353 500147 500193 0
354 2097 2143 0
355 500123 500137 0
356 31399 31414 0
357 2095 2126 0
358 2057 2147 0
359 500158 500163 0
360 47 67 0
361 1 70 0
362 500115 500171 0
363 53 68 0
364 31357 31412 0
365 500155 500185 0
366 35 59 0
367 500137 500161 0
368 500103 500177 0
369 500170 500168 0
370 25 91 0
371 500108 500184 0
372 9 43 0
373 59 83 0
374 500107 500123 0
375 25 44 0
376 500147 500188 0
377 24 92 0
378 500126 500167 0
379 1 76 0
380 31354 31399 0
381 5 24 0
382 500142 500193 0
383 500104 500187 0
384 31358 31368 0
385 12 35 0
386 7 89 0
387 31392 31417 0
388 35 92 0
389 2 39 0
390 31385 31430 0
391 31427 31435 0
392 500125 500129 0
393 35 97 0
394 500103 500173 0
395 500170 500194 0
396 52 86 0
397 500173 500186 0
398 31386 31420 0
399 31373 31437 0
--------------
1000000 :c
1003871 :sum(p)
999999 :sum(w)
