400 :n
id p,w,x
--------------
0 92 9 1
1 77 8 1
2 53 6 1
3 90 14 1
4 84 14 1
5 61 12 1
6 88 18 1
7 60 17 1
8 7 2 1
9 87 28 1
10 93 35 1
11 85 34 1
12 100 43 1
13 64 35 1
14 69 41 1
15 75 45 1
16 85 53 1
17 48 30 1
18 21 15 1
19 51 38 1
20 98 75 1
21 67 52 1
22 90 81 1
23 75 68 1
24 52 48 1
25 2141 2056 1
26 2146 2073 1
27 2149 2089 1
28 2119 2062 1
29 4102 4009 1
30 2122 2078 1
31 4096 4017 1
32 2141 2100 1
33 2126 2093 1
34 2141 2109 1
35 2116 2086 1
36 4103 4047 1
37 4061 4008 1
38 2108 2084 1
39 8007 7921 1
40 4090 4053 1
41 4105 4070 1
42 7996 7930 1
43 4096 4063 1
44 8001 7938 1
45 4060 4033 1
46 4074 4049 1
47 15822 15728 1
48 15823 15731 1
49 7960 7914 1
50 7975 7929 1
51 7998 7953 1
52 2151 2139 1
53 15823 15735 1
54 7973 7929 1
55 8010 7966 1
56 15822 15736 1
57 4069 4048 1
58 15817 15738 1
59 4052 4032 1
60 2123 2113 1
61 15809 15736 1
62 8008 7972 1
63 2063 2054 1
64 2085 2076 1
65 7950 7916 1
66 4100 4083 1
67 15810 15745 1
68 8010 7979 1
69 7977 7947 1
70 4036 4021 1
71 7985 7957 1
72 2139 2133 1
73 7935 7914 1
74 4029 4019 1
75 31438 31360 1
76 31443 31367 1
77 8000 7982 1
78 15792 15757 1
79 31417 31353 1
80 7941 7925 1
81 7990 7974 1
82 15762 15735 1
83 4060 4052 1
84 4096 4088 1
85 15817 15779 1
86 31421 31365 1
87 15808 15781 1
88 31448 31395 1
89 15793 15767 1
90 15783 15759 1
91 31425 31378 1
92 62695 62602 1
93 15796 15773 1
94 62692 62602 1
95 15820 15797 1
96 62681 62606 1
97 4023 4018 1
98 4034 4029 1
99 31430 31392 1
100 4036 4028 1
101 31416 31360 1
102 31392 31357 0
103 62675 62606 0
104 62688 62619 1
105 62699 62659 0
106 31444 31438 0
107 62639 62610 0
108 4017 4015 1
109 2143 2142 1
110 31385 31362 0
111 62699 62655 0
112 31401 31379 0
113 31394 31373 0
114 2134 2153 0
115 125183 125102 0
116 62696 62658 0
117 31401 31382 0
118 125189 125114 0
119 125197 125127 0
120 62654 62622 0
121 15779 15771 0
122 31379 31353 0
123 62634 62604 0
124 31443 31416 0
125 5 21 0
126 62699 62636 0
127 62663 62634 0
128 31440 31426 0
129 15814 15807 0
130 125163 125108 0
131 125179 125129 0
132 15808 15802 0
133 62697 62674 0
134 125189 125144 0
135 62661 62639 0
136 62662 62640 0
137 31388 31377 0
138 15731 15726 0
139 31394 31386 0
140 31439 31432 0
141 31419 31413 0
142 31437 31431 0
143 31442 31436 0
144 15742 15740 0
145 7925 7924 0
146 7991 7990 1
147 31402 31400 0
148 2070 2070 0
149 7948 7948 0
150 31421 31422 0
151 15784 15785 0
152 4075 4076 0
153 7972 7974 0
154 15727 15732 0
155 15776 15783 0
156 4062 4064 0
157 15756 15764 0
158 15803 15812 0
159 15788 15798 0
160 15756 15767 0
161 15753 15764 0
162 8006 8012 0
163 7956 7963 0
164 15751 15770 0
165 4069 4074 0
166 15762 15783 0
167 7965 7976 0
168 4043 4050 0
169 7942 7957 0
170 2106 2110 1
171 7965 7981 0
172 4057 4066 0
173 2125 2130 0
174 7986 8005 0
175 2063 2068 1
176 7951 7974 0
177 7920 7945 0
178 7914 7939 0
179 7934 7960 0
180 2092 2099 0
181 4077 4092 0
182 7976 8007 0
183 4038 4056 0
184 4051 4071 0
185 2106 2118 0
186 4081 4106 0
187 2114 2127 0
188 4043 4070 0
189 4033 4063 0
190 2071 2087 0
191 4061 4093 0
192 4055 4087 0
193 4012 4045 0
194 2122 2147 0
195 2097 2125 0
196 2072 2105 0
197 2116 2151 0
198 2073 2110 0
199 2079 2117 0
200 2056 2094 0
201 10 12 0
202 75 91 0
203 29 44 0
204 53 85 0
205 57 95 0
206 22 38 0
207 33 60 0
208 25 57 0
209 9 26 0
210 11 33 0
211 125169 125150 0
212 250165 250130 0
213 250182 250122 0
214 62690 62677 0
215 250197 250166 0
216 125181 125148 0
217 250161 250112 0
218 125162 125126 0
219 500191 500102 0
220 250145 250108 0
221 250159 250116 0
222 125178 125149 0
223 125158 125123 0
224 500180 500106 0
225 250197 250140 0
226 125134 125109 0
227 500183 500123 0
228 125127 125100 0
229 62646 62637 0
230 125168 125143 0
231 125198 125156 0
232 250182 250126 0
233 62670 62657 0
234 250197 250130 0
235 125182 125149 0
236 125147 125108 0
237 125172 125138 0
238 250166 250127 0
239 250156 250106 0
240 125131 125180 0
241 125143 125148 0
242 125134 125149 0
243 125165 125158 0
244 125188 125183 0
245 125191 125182 0
246 7932 8000 0
247 7925 7985 0
248 7922 7988 0
249 125114 125106 0
250 125116 125108 0
251 125150 125195 0
252 125107 125178 0
253 125143 125197 0
254 125189 125197 0
255 125199 125184 0
256 125118 125108 0
257 125132 125118 0
258 15757 15822 0
259 7931 7978 0
260 7922 7962 0
261 125108 125111 0
262 125141 125190 0
263 125161 125198 0
264 125104 125125 0
265 15758 15803 0
266 125149 125174 0
267 125100 125170 0
268 125166 125159 0
269 250168 250151 0
270 15738 15777 0
271 250183 250193 0
272 250169 250165 0
273 7916 7970 0
274 7928 7979 0
275 7934 8001 0
276 62629 62654 0
277 250177 250168 0
278 250175 250161 0
279 250139 250171 0
280 250125 250153 0
281 250151 250167 0
282 250121 250157 0
283 250157 250141 0
284 62676 62699 0
285 62645 62641 0
286 62605 62653 0
287 250103 250180 0
288 15728 15792 0
289 4058 4095 0
290 62605 62689 0
291 250164 250162 0
292 15780 15807 0
293 250154 250136 0
294 4023 4087 0
295 250106 250167 0
296 250177 250192 0
297 4025 4097 0
298 62605 62689 0
299 4010 4047 0
300 250185 250167 0
301 15765 15798 0
302 250127 250196 0
303 250184 250185 0
304 250156 250174 0
305 4021 4094 0
306 250108 250106 0
307 62614 62691 0
308 62624 62690 0
309 250140 250174 0
310 250132 250144 0
311 4013 4083 0
312 62617 62617 0
313 15752 15814 0
314 250180 250175 0
315 15751 15784 0
316 250145 250191 0
317 62602 62608 0
318 250112 250166 0
319 250112 250196 0
320 250181 250151 0
321 250137 250193 0
322 2089 2151 0
323 2073 2114 0
324 15762 15809 0
325 250127 250194 0
326 62645 62665 0
327 15749 15801 0
328 500135 500168 0
329 62670 62679 0
330 62609 62668 0
331 500175 500147 0
332 500144 500154 0
333 31364 31444 0
334 2074 2148 0
335 500106 500106 0
336 62608 62620 0
337 2086 2135 0
338 500150 500150 0
339 62604 62671 0
340 31378 31448 0
341 2097 2152 0
342 31423 31443 0
343 500140 500192 0
344 31388 31414 0
345 500107 500176 0
346 2083 2152 0
347 500199 500166 0
348 500139 500164 0
349 2055 2118 0
350 31442 31448 0
351 31391 31420 0
352 500107 500186 0
353 2095 2135 0
354 62603 62621 0
355 500109 500129 0
356 500185 500173 0
357 62641 62693 0
358 62633 62683 0
359 500149 500138 0
360 500140 500188 0
361 500199 500147 0
362 62604 62698 0
363 31364 31427 0
364 31357 31420 0
365 3 100 0
366 11 89 0
367 500165 500193 0
368 500194 500196 0
369 62605 62614 0
370 500136 500138 0
371 31375 31416 0
372 6 84 0
373 500134 500109 0
374 31367 31406 0
375 500161 500141 0
376 500107 500145 0
377 500156 500156 0
378 500196 500151 0
379 31379 31398 0
380 500131 500148 0
381 500137 500164 0
382 500134 500113 0
383 500152 500170 0
384 500135 500162 0
385 500104 500183 0
386 500112 500109 0
387 500140 500171 0
388 45 97 0
389 500192 500162 0
390 500102 500113 0
391 500110 500187 0
392 500173 500188 0
393 62607 62661 0
394 500112 500143 0
395 31367 31402 0
396 31377 31389 0
397 500144 500193 0
398 31417 31446 0
399 31382 31408 0
--------------
1000000 :c
1004291 :sum(p)
1000000 :sum(w)
