400 :n
id p,w,x
--------------
0 2125 2058 1
1 4073 4030 1
2 4093 4021 1
3 66 35 1
4 89 22 1
5 2142 2100 1
6 24 9 1
7 38 14 1
8 81 64 1
9 2115 2096 1
10 72 37 1
11 85 25 1
12 81 32 1
13 52 35 1
14 2130 2103 1
15 4046 4019 1
16 7984 7919 1
17 4089 4035 1
18 2129 2094 1
19 8009 7933 1
20 7993 7938 1
21 4061 4015 1
22 95 30 1
23 82 54 1
24 97 77 1
25 8007 7942 1
26 7981 7923 1
27 2092 2069 1
28 4072 4019 1
29 2149 2118 1
30 98 49 1
31 89 63 1
32 4056 4014 1
33 4096 4032 1
34 2107 2087 1
35 2110 2096 1
36 7999 7916 1
37 2131 2082 1
38 2150 2113 1
39 4049 4018 1
40 4106 4037 1
41 2100 2065 1
42 4083 4044 1
43 4101 4028 1
44 2144 2127 1
45 7967 7947 1
46 7981 7945 1
47 4051 4034 1
48 4044 4028 1
49 4052 4036 1
50 7953 7920 1
51 15801 15750 1
52 15782 15726 1
53 31442 31357 1
54 15789 15744 1
55 15816 15726 1
56 15816 15769 1
57 15810 15756 1
58 7980 7949 1
59 7974 7945 1
60 7965 7920 1
61 8010 7963 1
62 8009 7976 1
63 7957 7928 1
64 7952 7924 1
65 7998 7963 1
66 40 32 1
67 64 56 1
68 21 19 1
69 2074 2062 1
70 4106 4091 1
71 4098 4084 1
72 2140 2133 1
73 4027 4016 1
74 2124 2119 1
75 31415 31355 1
76 31441 31381 1
77 7953 7938 1
78 2136 2132 0
79 31422 31364 1
80 15809 15781 1
81 31409 31354 1
82 31416 31361 1
83 8000 7986 1
84 15814 15789 1
85 15824 15801 1
86 2086 2083 1
87 31415 31370 1
88 2114 2111 1
89 15817 15796 1
90 31437 31397 1
91 62686 62607 1
92 31413 31374 1
93 4057 4052 1
94 62695 62618 1
95 62685 62616 1
96 31420 31386 1
97 98 94 1
98 31400 31353 1
99 7962 7954 1
100 62666 62604 0
101 62672 62612 0
102 31438 31429 0
103 31431 31421 0
104 6 93 0
105 2098 2096 1
106 15753 15738 0
107 62694 62635 0
108 31386 31362 1
109 7956 7950 0
110 4093 4090 0
111 31396 31373 0
112 31377 31355 0
113 31408 31390 0
114 4044 4042 0
115 31427 31412 0
116 7922 7919 0
117 15768 15763 0
118 15789 15785 0
119 7972 7970 0
120 15814 15811 0
121 15824 15821 0
122 7966 7965 0
123 2065 2065 1
124 4072 4072 0
125 7972 7972 0
126 7928 7929 0
127 4055 4058 0
128 2071 2074 0
129 4052 4059 0
130 2090 2094 0
131 2096 2101 0
132 2086 2092 0
133 2145 2152 0
134 69 78 0
135 32 39 0
136 29 39 0
137 9 18 0
138 125161 125110 0
139 250171 250144 0
140 250113 250107 0
141 62642 62631 0
142 62656 62639 0
143 500139 500107 0
144 250156 250154 0
145 62666 62647 0
146 250180 250163 0
147 250152 250102 0
148 250175 250152 0
149 500157 500143 0
150 500191 500180 0
151 62692 62685 0
152 125184 125163 0
153 500120 500120 0
154 125130 125124 0
155 500126 500105 0
156 250121 250105 0
157 62622 62608 0
158 500191 500147 0
159 62618 62613 0
160 500165 500113 0
161 250167 250122 0
162 500176 500138 0
163 250174 250156 0
164 500162 500133 0
165 125127 125123 0
166 500158 500134 0
167 500163 500104 0
168 250159 250142 0
169 500139 500139 0
170 250126 250110 0
171 31430 31428 0
172 62666 62659 0
173 31392 31389 0
174 250196 250125 0
175 250171 250144 0
176 500195 500162 0
177 31399 31399 0
178 250160 250118 0
179 500167 500137 0
180 62650 62640 0
181 250145 250118 0
182 250184 250113 0
183 500147 500137 0
184 500188 500132 0
185 500196 500170 0
186 500183 500141 0
187 250164 250139 0
188 500173 500126 0
189 250177 250151 0
190 250173 250143 0
191 62685 62674 0
192 125173 125137 0
193 125115 125103 0
194 250182 250127 0
195 250187 250119 0
196 500129 500127 0
197 250190 250182 0
198 250174 250141 0
199 500200 500119 0
200 250183 250184 0
201 250141 250124 0
202 250184 250121 0
203 500151 500136 0
204 250179 250105 0
205 62619 62602 0
206 62683 62683 0
207 62660 62637 0
208 125170 125125 0
209 250188 250106 0
210 125174 125121 0
211 125193 125137 0
212 31428 31435 0
213 15817 15824 0
214 15763 15767 0
215 15813 15814 0
216 31397 31421 0
217 31377 31381 0
218 31387 31437 0
219 15803 15809 0
220 31375 31429 0
221 31378 31390 0
222 31378 31419 0
223 31393 31402 0
224 15792 15822 0
225 15763 15772 0
226 31389 31449 0
227 31420 31426 0
228 15766 15785 0
229 500134 500140 0
230 15789 15797 0
231 31425 31447 0
232 31422 31429 0
233 15794 15825 0
234 31397 31443 0
235 62630 62685 0
236 15759 15770 0
237 62681 62686 0
238 15787 15807 0
239 7994 8006 0
240 62662 62674 0
241 62630 62669 0
242 62611 62683 0
243 62645 62656 0
244 62612 62629 0
245 62611 62688 0
246 62650 62700 0
247 62638 62656 0
248 62636 62689 0
249 8003 8009 0
250 62644 62661 0
251 62665 62670 0
252 62614 62660 0
253 62655 62659 0
254 62616 62651 0
255 62623 62695 0
256 62624 62687 0
257 62627 62683 0
258 62622 62640 0
259 62613 62624 0
260 62651 62677 0
261 125128 125155 0
262 125172 125199 0
263 125120 125135 0
264 125134 125188 0
265 125113 125115 0
266 7992 8007 0
267 31414 31427 0
268 125154 125179 0
269 125141 125174 0
270 125127 125168 0
271 125145 125181 0
272 125119 125144 0
273 125179 125182 0
274 7966 7978 0
275 7971 7987 0
276 125150 125188 0
277 125120 125133 0
278 125122 125144 0
279 125118 125189 0
280 125164 125183 0
281 125149 125176 0
282 125128 125165 0
283 15789 15792 0
284 125160 125194 0
285 125142 125158 0
286 125120 125157 0
287 125110 125172 0
288 125117 125198 0
289 125136 125191 0
290 125154 125184 0
291 250104 250176 0
292 250115 250196 0
293 250123 250179 0
294 4053 4061 0
295 250154 250198 0
296 250110 250132 0
297 250122 250198 0
298 250109 250164 0
299 31377 31440 0
300 250124 250139 0
301 250159 250176 0
302 15803 15820 0
303 250140 250198 0
304 250155 250198 0
305 250135 250178 0
306 500126 500159 0
307 500119 500149 0
308 500143 500169 0
309 15771 15786 0
310 500125 500159 0
311 500150 500190 0
312 500167 500176 0
313 500163 500172 0
314 500144 500177 0
315 500112 500165 0
316 500149 500192 0
317 500139 500175 0
318 500139 500173 0
319 500114 500185 0
320 500125 500183 0
321 500135 500198 0
322 500109 500125 0
323 500127 500177 0
324 31364 31376 0
325 15734 15759 0
326 15746 15749 0
327 125197 125111 0
328 125192 125133 0
329 125199 125140 0
330 125189 125113 0
331 125189 125133 0
332 125188 125125 0
333 31400 31387 0
334 4046 4088 0
335 4026 4073 0
336 4059 4084 0
337 2087 2098 0
338 4077 4095 0
339 4016 4030 0
340 4061 4086 0
341 2056 2098 0
342 2063 2151 0
343 4025 4080 0
344 4077 4089 0
345 4037 4105 0
346 4067 4094 0
347 4075 4087 0
348 4012 4102 0
349 2127 2139 0
350 2078 2108 0
351 2087 2126 0
352 4008 4048 0
353 2138 2151 0
354 2072 2142 0
355 7914 7961 0
356 2074 2143 0
357 7933 7976 0
358 2129 2142 0
359 1 30 0
360 7984 8003 0
361 7942 7976 0
362 7931 7986 0
363 7975 7992 0
364 13 81 0
365 62 77 0
366 2089 2147 0
367 7918 7951 0
368 7933 7966 0
369 7938 8004 0
370 15750 15817 0
371 15747 15791 0
372 15729 15796 0
373 2 58 0
374 1 82 0
375 15752 15790 0
376 66 93 0
377 15740 15807 0
378 24 47 0
379 15738 15791 0
380 15751 15796 0
381 15732 15812 0
382 15743 15775 0
383 31355 31430 0
384 32 54 0
385 12 53 0
386 56 99 0
387 8 64 0
388 32 75 0
389 14 86 0
390 2099 2115 0
391 11 84 0
392 31357 31428 0
393 2054 2092 0
394 4009 4060 0
395 44 97 0
396 14 75 0
397 49 76 0
398 2075 2124 0
399 4054 4070 0
--------------
1000000 :c
1003751 :sum(p)
999999 :sum(w)
