400 :n
id p,w,x
--------------
0 4096 4036 1
1 2130 2072 1
2 43 8 1
3 4058 4019 1
4 8011 7926 1
5 4089 4030 1
6 2126 2057 1
7 8007 7913 1
8 7982 7923 1
9 2145 2086 1
10 2123 2083 1
11 75 2 1
12 2149 2058 1
13 2112 2061 1
14 98 52 1
15 2143 2068 1
16 8012 7919 1
17 100 35 1
18 2149 2067 1
19 4084 4039 1
20 4089 4036 1
21 76 26 1
22 2143 2065 1
23 63 20 1
24 15817 15751 1
25 15806 15739 1
26 15823 15730 1
27 7975 7926 1
28 7989 7936 1
29 15785 15729 1
30 19 6 1
31 52 21 1
32 71 44 1
33 50 31 1
34 90 58 1
35 33 23 1
36 39 28 1
37 72 58 1
38 97 81 1
39 74 63 1
40 40 39 1
41 2128 2096 1
42 2151 2120 1
43 2104 2074 1
44 2099 2072 1
45 2130 2103 1
46 2120 2099 1
47 2124 2104 1
48 4048 4016 1
49 4038 4009 1
50 4047 4020 1
51 4044 4021 1
52 4048 4029 1
53 2131 2121 1
54 4050 4031 1
55 2132 2122 1
56 7952 7915 1
57 4063 4046 1
58 2107 2099 1
59 8004 7974 1
60 4033 4018 1
61 4052 4037 1
62 7990 7961 1
63 15799 15744 1
64 15812 15761 1
65 15777 15728 1
66 4032 4021 1
67 31442 31361 1
68 7958 7938 1
69 31448 31369 1
70 2100 2095 1
71 7932 7914 1
72 15815 15780 1
73 15761 15728 1
74 7939 7923 1
75 15790 15759 1
76 15796 15765 1
77 31450 31393 1
78 15802 15776 1
79 15795 15771 1
80 31428 31382 1
81 4103 4097 1
82 31437 31394 1
83 31408 31366 1
84 23 12 1
85 2085 2070 1
86 31423 31383 1
87 31449 31409 1
88 4030 4010 1
89 31441 31404 1
90 7964 7955 1
91 62669 62605 1
92 62696 62615 1
93 31416 31380 1
94 15751 15732 1
95 62690 62627 1
96 62677 62615 0
97 2058 2056 0
98 62693 62677 0
99 31444 31442 0
100 62659 62613 0
101 2062 2060 1
102 7943 7936 1
103 8001 7994 1
104 31413 31387 1
105 31440 31414 0
106 15768 15755 0
107 15815 15825 0
108 62686 62636 0
109 49 62 0
110 62678 62624 0
111 31386 31363 0
112 125194 125103 0
113 125187 125100 0
114 62645 62602 0
115 15781 15771 0
116 7946 7941 0
117 62641 62604 0
118 62638 62602 0
119 31386 31368 0
120 62648 62614 0
121 125170 125103 0
122 125182 125118 0
123 125172 125109 0
124 4089 4087 1
125 125192 125131 0
126 2080 2079 1
127 62643 62614 0
128 125176 125120 0
129 31374 31360 0
130 125166 125112 0
131 31411 31398 0
132 62661 62636 0
133 62637 62613 0
134 125184 125140 0
135 62626 62604 0
136 15742 15737 0
137 125163 125128 0
138 250196 250127 0
139 62693 62676 0
140 62692 62676 0
141 31429 31421 0
142 15811 15807 0
143 250192 250130 0
144 125173 125142 0
145 4093 4092 1
146 250169 250109 0
147 125141 125112 0
148 31441 31434 0
149 125167 125142 0
150 250185 250136 0
151 125191 125168 0
152 250161 250118 0
153 500199 500117 0
154 125164 125144 0
155 62617 62607 0
156 62652 62642 0
157 500200 500127 0
158 500199 500128 0
159 250181 250146 0
160 250167 250135 0
161 62620 62612 0
162 31395 31391 0
163 7938 7937 0
164 250151 250121 0
165 125154 125139 0
166 250151 250122 0
167 125190 125176 0
168 62653 62646 0
169 31395 31392 0
170 250195 250172 0
171 500187 500144 0
172 500188 500145 0
173 250172 250151 0
174 250174 250154 0
175 250174 250154 0
176 500178 500140 0
177 500190 500152 0
178 250121 250102 0
179 250192 250178 0
180 250196 250182 0
181 125145 125138 0
182 500183 500158 0
183 250170 250159 0
184 250177 250166 0
185 500161 500143 0
186 500176 500158 0
187 250158 250150 0
188 62641 62639 0
189 31429 31428 0
190 500173 500160 0
191 500132 500121 0
192 500167 500158 0
193 500153 500145 0
194 500154 500146 0
195 62619 62618 0
196 500126 500120 0
197 500106 500101 0
198 500196 500191 0
199 500127 500125 0
200 250106 250105 0
201 500158 500157 0
202 125100 125100 0
203 15735 15735 0
204 62649 62649 0
205 2147 2147 1
206 500140 500141 0
207 500108 500109 0
208 250191 250193 0
209 250174 250176 0
210 500116 500121 0
211 250103 250107 0
212 250136 250142 0
213 125172 125176 0
214 125162 125166 0
215 500107 500123 0
216 500171 500189 0
217 125140 125145 0
218 250127 250137 0
219 250122 250132 0
220 500109 500130 0
221 125117 125123 0
222 500126 500151 0
223 500142 500168 0
224 125174 125181 0
225 250179 250193 0
226 250107 250121 0
227 500165 500193 0
228 500126 500154 0
229 250133 250148 0
230 62615 62619 0
231 250149 250165 0
232 500101 500136 0
233 125101 125110 0
234 500162 500199 0
235 500153 500192 0
236 500110 500153 0
237 500145 500189 0
238 500141 500186 0
239 500113 500158 0
240 250133 250156 0
241 500103 500149 0
242 125144 125159 0
243 125104 125119 0
244 500107 500170 0
245 31396 31400 0
246 250152 250184 0
247 250114 250146 0
248 125165 125182 0
249 250161 250195 0
250 250147 250182 0
251 250138 250176 0
252 62667 62677 0
253 125152 125172 0
254 500107 500200 0
255 31443 31449 0
256 31377 31384 0
257 125110 125138 0
258 250104 250160 0
259 250118 250179 0
260 8005 8007 0
261 7919 7921 0
262 15759 15763 0
263 62603 62619 0
264 250114 250179 0
265 62624 62641 0
266 62613 62631 0
267 125126 125162 0
268 250113 250188 0
269 15811 15816 0
270 62640 62660 0
271 125140 125181 0
272 125108 125151 0
273 31387 31398 0
274 125112 125158 0
275 15764 15770 0
276 125128 125177 0
277 125125 125174 0
278 62615 62640 0
279 31354 31367 0
280 2146 2147 0
281 7964 7969 0
282 4068 4071 0
283 4044 4048 0
284 4088 4093 0
285 4025 4030 0
286 4076 4083 0
287 2127 2132 0
288 2144 2151 0
289 87 91 0
290 82 87 0
291 40 43 0
292 83 90 0
293 29 33 0
294 28 32 0
295 7 10 0
296 3 10 0
297 15737 15775 0
298 15740 15781 0
299 15788 15821 0
300 15750 15759 0
301 15727 15758 0
302 15737 15778 0
303 15765 15795 0
304 4024 4036 0
305 15771 15781 0
306 7950 7958 0
307 31395 31414 0
308 31365 31414 0
309 31377 31395 0
310 31415 31440 0
311 8000 8010 0
312 7953 7966 0
313 31419 31445 0
314 4047 4059 0
315 31390 31443 0
316 31379 31418 0
317 7998 8009 0
318 31353 31387 0
319 31360 31421 0
320 31366 31389 0
321 31369 31437 0
322 31401 31418 0
323 62605 62669 0
324 62621 62665 0
325 62614 62682 0
326 62632 62696 0
327 62632 62680 0
328 62629 62686 0
329 62614 62698 0
330 125105 125188 0
331 7947 7957 0
332 7966 7981 0
333 7978 7988 0
334 31406 31422 0
335 62645 62672 0
336 125140 125198 0
337 125103 125168 0
338 125140 125197 0
339 15797 15824 0
340 15780 15819 0
341 15768 15785 0
342 15761 15802 0
343 4027 4050 0
344 4055 4088 0
345 4069 4099 0
346 4021 4045 0
347 4055 4076 0
348 4054 4095 0
349 2057 2096 0
350 2073 2086 0
351 4076 4093 0
352 4055 4087 0
353 4008 4077 0
354 4059 4102 0
355 2112 2148 0
356 4039 4067 0
357 4008 4099 0
358 2060 2121 0
359 7957 8012 0
360 7959 8003 0
361 7924 7996 0
362 7956 8006 0
363 43 77 0
364 7921 7953 0
365 18 51 0
366 14 96 0
367 7918 7961 0
368 4072 4099 0
369 6 75 0
370 59 84 0
371 7968 8010 0
372 7959 7996 0
373 7938 7998 0
374 2101 2133 0
375 4054 4070 0
376 4 97 0
377 15 46 0
378 4 37 0
379 7923 7979 0
380 7956 7993 0
381 7922 7991 0
382 7939 7979 0
383 2110 2139 0
384 69 89 0
385 9 88 0
386 2071 2097 0
387 15730 15781 0
388 2065 2146 0
389 58 90 0
390 2103 2122 0
391 4 82 0
392 31 85 0
393 15729 15802 0
394 15732 15809 0
395 15728 15778 0
396 15728 15778 0
397 2112 2145 0
398 2116 2148 0
399 2063 2132 0
--------------
1000000 :c
1003819 :sum(p)
1000000 :sum(w)
