400 :n
id p,w,x
--------------
0 75 23 1
1 87 30 1
2 66 61 1
3 48 30 1
4 95 83 1
5 66 5 1
6 96 49 1
7 73 42 1
8 89 17 1
9 70 47 1
10 85 52 1
11 50 15 1
12 2146 2054 1
13 57 22 1
14 83 46 1
15 63 7 1
16 84 22 1
17 4093 4008 1
18 2138 2115 1
19 2115 2087 1
20 2134 2068 1
21 2100 2073 1
22 2092 2070 1
23 4082 4026 1
24 4102 4039 1
25 8012 7949 1
26 4094 4039 1
27 2104 2067 1
28 2074 2057 1
29 4090 4015 1
30 2147 2128 1
31 2139 2122 1
32 4094 4049 1
33 8011 7932 1
34 4083 4017 1
35 4086 4043 1
36 4080 4015 1
37 2144 2058 1
38 4051 4015 1
39 4055 4023 1
40 2142 2125 1
41 2134 2120 1
42 15819 15742 1
43 31439 31358 1
44 15806 15734 1
45 4061 4035 1
46 7961 7913 1
47 4073 4049 1
48 4091 4067 1
49 7963 7919 1
50 2080 2069 1
51 4096 4075 1
52 4092 4074 1
53 7949 7915 1
54 8012 7980 1
55 7995 7964 1
56 8012 7982 1
57 4073 4058 1
58 4103 4088 1
59 15802 15746 1
60 7977 7950 1
61 2100 2093 1
62 15796 15746 1
63 15808 15759 1
64 15819 15770 1
65 8003 7980 1
66 15825 15780 1
67 15801 15760 1
68 2084 2079 1
69 7986 7967 1
70 15810 15773 1
71 7963 7946 1
72 31421 31354 1
73 15818 15785 1
74 15793 15761 1
75 7941 7925 1
76 31448 31386 1
77 31422 31361 1
78 31411 31353 1
79 31419 31361 1
80 15759 15730 1
81 31441 31389 1
82 7997 7984 1
83 31434 31383 1
84 15793 15768 1
85 7941 7929 1
86 4066 4044 1
87 31415 31369 1
88 31433 31387 1
89 31436 31390 1
90 2097 2094 1
91 2117 2114 1
92 15771 15750 1
93 47 30 1
94 62686 62601 1
95 31398 31354 1
96 62682 62602 1
97 62699 62626 0
98 15763 15746 1
99 62700 62647 0
100 31432 31449 0
101 32 86 0
102 62690 62626 0
103 15805 15790 1
104 2135 2133 0
105 62675 62617 0
106 62671 62614 0
107 62682 62631 0
108 15803 15821 0
109 62669 62619 0
110 31411 31386 0
111 15767 15755 0
112 4039 4036 1
113 62680 62636 0
114 15783 15772 0
115 62649 62606 0
116 15785 15775 0
117 125196 125120 0
118 62691 62655 0
119 62686 62652 0
120 125172 125108 0
121 62648 62616 0
122 15771 15763 0
123 7944 7940 1
124 7961 7957 0
125 2097 2096 0
126 62683 62655 0
127 31370 31356 0
128 15764 15757 0
129 125196 125144 0
130 31368 31355 0
131 125173 125124 0
132 125165 125117 0
133 15740 15734 0
134 7923 7922 0
135 8002 8001 0
136 4065 4065 0
137 4056 4056 0
138 44 44 0
139 59 59 0
140 48 48 1
141 7978 7979 0
142 4031 4033 0
143 2116 2118 0
144 2067 2074 0
145 2058 2065 0
146 86 93 0
147 65 71 0
148 15 20 0
149 16 22 0
150 125151 125132 0
151 125188 125186 0
152 62698 62698 0
153 125182 125192 0
154 125146 125102 0
155 250148 250135 0
156 125123 125130 0
157 250198 250165 0
158 125146 125116 0
159 250199 250185 0
160 250128 250129 0
161 250156 250120 0
162 250155 250136 0
163 125128 125123 0
164 250176 250144 0
165 250127 250107 0
166 250148 250108 0
167 250152 250142 0
168 250147 250110 0
169 250185 250168 0
170 31395 31390 0
171 125157 125167 0
172 250152 250107 0
173 250183 250162 0
174 250101 250123 0
175 250168 250117 0
176 125181 125162 0
177 250168 250144 0
178 31416 31406 0
179 125193 125157 0
180 31369 31359 0
181 31405 31407 0
182 250196 250186 0
183 250168 250153 0
184 250144 250141 0
185 250189 250112 0
186 250162 250136 0
187 250193 250137 0
188 250150 250130 0
189 250166 250113 0
190 500200 500140 0
191 500110 500155 0
192 500194 500189 0
193 500164 500192 0
194 125117 125127 0
195 500193 500157 0
196 500166 500101 0
197 500176 500180 0
198 500174 500125 0
199 500128 500157 0
200 500167 500130 0
201 500156 500160 0
202 500101 500110 0
203 500153 500143 0
204 500164 500147 0
205 500185 500167 0
206 500137 500125 0
207 500193 500169 0
208 500115 500162 0
209 500187 500190 0
210 500117 500166 0
211 500143 500186 0
212 500123 500124 0
213 15771 15770 0
214 500163 500106 0
215 500105 500121 0
216 500158 500163 0
217 500180 500121 0
218 500106 500103 0
219 500192 500108 0
220 500103 500114 0
221 500141 500187 0
222 500180 500169 0
223 500175 500158 0
224 500161 500109 0
225 500157 500122 0
226 500107 500140 0
227 500149 500120 0
228 125162 125169 0
229 62681 62675 0
230 62615 62610 0
231 125119 125120 0
232 125123 125115 0
233 125118 125125 0
234 125128 125118 0
235 125160 125154 0
236 62623 62612 0
237 125154 125163 0
238 125182 125165 0
239 62664 62649 0
240 125164 125135 0
241 125185 125182 0
242 15795 15805 0
243 7939 7989 0
244 7917 7943 0
245 15776 15811 0
246 15730 15745 0
247 15788 15811 0
248 15737 15749 0
249 15787 15816 0
250 500134 500188 0
251 7983 8003 0
252 7979 7982 0
253 7968 7984 0
254 7917 8001 0
255 7918 7998 0
256 31384 31433 0
257 7924 7958 0
258 31354 31370 0
259 15741 15793 0
260 7993 8004 0
261 7944 7973 0
262 31369 31417 0
263 7961 7967 0
264 31392 31399 0
265 7942 8012 0
266 31352 31450 0
267 7961 7973 0
268 31406 31416 0
269 7933 8009 0
270 7937 7987 0
271 31394 31416 0
272 31391 31406 0
273 31364 31407 0
274 7979 8001 0
275 31413 31435 0
276 7975 8002 0
277 7952 7960 0
278 7949 7978 0
279 31399 31424 0
280 4015 4038 0
281 4066 4085 0
282 31401 31417 0
283 31369 31390 0
284 4033 4084 0
285 31387 31411 0
286 31405 31415 0
287 4008 4073 0
288 31365 31388 0
289 4065 4088 0
290 31356 31404 0
291 31378 31396 0
292 31364 31383 0
293 7956 7975 0
294 31363 31409 0
295 62601 62647 0
296 62611 62642 0
297 62621 62661 0
298 4058 4087 0
299 62621 62650 0
300 4066 4101 0
301 4042 4072 0
302 62650 62689 0
303 4011 4020 0
304 4015 4083 0
305 62685 62692 0
306 62668 62698 0
307 4091 4103 0
308 4011 4038 0
309 4007 4029 0
310 62606 62692 0
311 4042 4055 0
312 62685 62693 0
313 4031 4089 0
314 4035 4045 0
315 4075 4096 0
316 62617 62686 0
317 62666 62683 0
318 62601 62656 0
319 2112 2149 0
320 62638 62669 0
321 62616 62663 0
322 62641 62700 0
323 2055 2121 0
324 62629 62667 0
325 62646 62659 0
326 62622 62689 0
327 62644 62652 0
328 15733 15748 0
329 62611 62652 0
330 2125 2134 0
331 125175 125198 0
332 2121 2149 0
333 2112 2137 0
334 2096 2151 0
335 2068 2131 0
336 125116 125138 0
337 2071 2103 0
338 2094 2143 0
339 125133 125161 0
340 15733 15814 0
341 125143 125162 0
342 2136 2145 0
343 125114 125179 0
344 125150 125172 0
345 2056 2131 0
346 125119 125199 0
347 2097 2150 0
348 2118 2138 0
349 125102 125181 0
350 125123 125163 0
351 2092 2111 0
352 2063 2103 0
353 2077 2119 0
354 125101 125123 0
355 15749 15765 0
356 125153 125169 0
357 125146 125194 0
358 2055 2139 0
359 125116 125140 0
360 125165 125191 0
361 34 60 0
362 250107 250173 0
363 64 97 0
364 5 38 0
365 250116 250176 0
366 250106 250139 0
367 250121 250161 0
368 4 49 0
369 250122 250151 0
370 15801 15811 0
371 250157 250196 0
372 71 82 0
373 49 81 0
374 2 64 0
375 32 76 0
376 250130 250172 0
377 250117 250151 0
378 3 59 0
379 250119 250162 0
380 36 78 0
381 82 95 0
382 8 50 0
383 33 55 0
384 250108 250164 0
385 250126 250175 0
386 18 53 0
387 15754 15811 0
388 16 89 0
389 250144 250173 0
390 15756 15776 0
391 250124 250162 0
392 15733 15782 0
393 250144 250186 0
394 250102 250161 0
395 500128 500186 0
396 500106 500167 0
397 500113 500178 0
398 15739 15817 0
399 15740 15786 0
--------------
1000000 :c
1003913 :sum(p)
1000000 :sum(w)
