400 :n
id p,w,x
--------------
0 71 30 1
1 97 58 1
2 2113 2060 1
3 2152 2103 1
4 2146 2073 1
5 8003 7932 1
6 8002 7939 1
7 2135 2106 1
8 68 11 1
9 4077 4029 1
10 67 38 1
11 4061 4008 1
12 53 7 1
13 2114 2071 1
14 70 40 1
15 73 40 1
16 4100 4026 1
17 2130 2063 1
18 100 67 1
19 4103 4062 1
20 4102 4064 1
21 73 12 1
22 2115 2067 1
23 60 27 1
24 4054 4016 1
25 7986 7913 1
26 2127 2057 1
27 4057 4007 1
28 4105 4055 1
29 2118 2077 1
30 2148 2087 1
31 2151 2077 1
32 2150 2094 1
33 4099 4043 1
34 4103 4015 1
35 7996 7918 1
36 89 23 1
37 8000 7916 1
38 69 21 1
39 29 3 1
40 41 31 1
41 72 57 1
42 93 75 1
43 65 56 1
44 73 63 1
45 67 58 1
46 63 55 1
47 94 91 1
48 2102 2076 1
49 2079 2054 1
50 2131 2109 1
51 2141 2122 1
52 2140 2124 1
53 8003 7944 1
54 8004 7953 1
55 7973 7923 1
56 4089 4067 1
57 8005 7965 1
58 7983 7947 1
59 2101 2092 1
60 7965 7931 1
61 15791 15733 1
62 15791 15743 1
63 2113 2107 1
64 15775 15733 1
65 15769 15728 1
66 15810 15769 1
67 15820 15780 1
68 15766 15727 1
69 15803 15764 1
70 7977 7958 1
71 15787 15751 1
72 31423 31353 1
73 8002 7985 1
74 31423 31357 1
75 31433 31373 1
76 62700 62618 1
77 31395 31351 1
78 31434 31379 1
79 62699 62609 1
80 31450 31396 1
81 31425 31372 1
82 92 78 1
83 31432 31381 1
84 8003 7989 1
85 7990 7977 1
86 31404 31361 1
87 31403 31367 1
88 15769 15751 1
89 15805 15787 1
90 62697 62627 1
91 31443 31408 1
92 31428 31395 1
93 7979 7964 1
94 4082 4076 1
95 7929 7921 1
96 31417 31386 0
97 62686 62626 0
98 31433 31418 0
99 15804 15789 0
100 62672 62643 0
101 62694 62634 0
102 62666 62610 0
103 62656 62601 0
104 15777 15764 1
105 31392 31369 0
106 31429 31409 0
107 8012 8007 1
108 2151 2151 1
109 4102 4103 1
110 62670 62623 0
111 62674 62639 0
112 125179 125105 0
113 31423 31405 0
114 62673 62639 0
115 31370 31353 0
116 125165 125102 0
117 125193 125103 0
118 62677 62634 0
119 125167 125109 0
120 500115 500175 0
121 125161 125103 0
122 62683 62655 0
123 31373 31359 0
124 31375 31361 0
125 15801 15794 0
126 15821 15814 0
127 31395 31382 0
128 62635 62612 0
129 31374 31363 0
130 4081 4080 1
131 31391 31389 0
132 15775 15774 0
133 31377 31376 0
134 7964 7964 0
135 2100 2100 1
136 31427 31427 0
137 15750 15751 0
138 15783 15788 0
139 15751 15756 0
140 15794 15801 0
141 7927 7931 0
142 15780 15788 0
143 8004 8009 0
144 15799 15809 0
145 4086 4090 0
146 15805 15822 0
147 15729 15748 0
148 4060 4065 0
149 15755 15776 0
150 7976 7987 0
151 7958 7969 0
152 2083 2086 0
153 7959 7974 0
154 7968 7984 0
155 7954 7971 0
156 4096 4105 0
157 7954 7973 0
158 2090 2095 0
159 2073 2078 1
160 7923 7943 0
161 7921 7941 0
162 7961 7988 0
163 4080 4095 0
164 7937 7967 0
165 4082 4100 0
166 4010 4028 0
167 4046 4065 0
168 2081 2091 0
169 2105 2117 0
170 4058 4082 0
171 4069 4094 0
172 2093 2106 0
173 4032 4060 0
174 4046 4076 0
175 2064 2083 0
176 2092 2121 0
177 2065 2096 0
178 67 69 0
179 56 68 0
180 31 41 0
181 17 23 0
182 57 90 0
183 16 27 0
184 17 34 0
185 14 45 0
186 11 45 0
187 1 5 0
188 1 19 0
189 500176 500155 0
190 500170 500128 0
191 500146 500126 0
192 500155 500117 0
193 500170 500123 0
194 500137 500116 0
195 500190 500154 0
196 125180 125150 0
197 500143 500172 0
198 500181 500176 0
199 500158 500187 0
200 125132 125116 0
201 500183 500171 0
202 500181 500180 0
203 500116 500122 0
204 500163 500128 0
205 500152 500107 0
206 500175 500155 0
207 500156 500157 0
208 500194 500199 0
209 500155 500124 0
210 500151 500140 0
211 500115 500101 0
212 500137 500130 0
213 500124 500128 0
214 500139 500129 0
215 500107 500115 0
216 62668 62666 0
217 125160 125147 0
218 62671 62652 0
219 62629 62610 0
220 125105 125111 0
221 125127 125109 0
222 125185 125171 0
223 125181 125160 0
224 125193 125158 0
225 62607 62602 0
226 125122 125104 0
227 125163 125133 0
228 125183 125153 0
229 62632 62613 0
230 125182 125132 0
231 125175 125172 0
232 125189 125138 0
233 125177 125139 0
234 62678 62669 0
235 125189 125148 0
236 250162 250119 0
237 250162 250173 0
238 250148 250136 0
239 250147 250162 0
240 250182 250113 0
241 250153 250111 0
242 250141 250132 0
243 250144 250118 0
244 250184 250156 0
245 250164 250143 0
246 250165 250176 0
247 125191 125182 0
248 250198 250179 0
249 62622 62605 0
250 250167 250154 0
251 250147 250120 0
252 250186 250187 0
253 250192 250159 0
254 250163 250173 0
255 250183 250108 0
256 250180 250128 0
257 250177 250123 0
258 125129 125111 0
259 125188 125186 0
260 250185 250157 0
261 250171 250104 0
262 250191 250129 0
263 250127 250140 0
264 250155 250166 0
265 500172 500166 0
266 500147 500170 0
267 500173 500119 0
268 500181 500181 0
269 500143 500101 0
270 500105 500105 0
271 62681 62679 0
272 500156 500166 0
273 31358 31431 0
274 31391 31450 0
275 7946 7995 0
276 7922 7965 0
277 31370 31399 0
278 62643 62688 0
279 4014 4106 0
280 4008 4055 0
281 31386 31450 0
282 62638 62643 0
283 62622 62668 0
284 62607 62660 0
285 62645 62700 0
286 4014 4091 0
287 4010 4076 0
288 31365 31399 0
289 4007 4046 0
290 31417 31445 0
291 4028 4079 0
292 62606 62679 0
293 62619 62633 0
294 62635 62672 0
295 4043 4099 0
296 31405 31420 0
297 62667 62672 0
298 62618 62678 0
299 62652 62700 0
300 4014 4101 0
301 4029 4064 0
302 7928 7988 0
303 4012 4083 0
304 4067 4104 0
305 62602 62629 0
306 4029 4076 0
307 31355 31398 0
308 62611 62639 0
309 62637 62661 0
310 15746 15825 0
311 4027 4098 0
312 4026 4068 0
313 7922 8003 0
314 31352 31362 0
315 7959 7995 0
316 31365 31400 0
317 31357 31448 0
318 4054 4095 0
319 7966 8006 0
320 2080 2151 0
321 62674 62695 0
322 2072 2134 0
323 62604 62693 0
324 62620 62633 0
325 62627 62637 0
326 31382 31448 0
327 125126 125150 0
328 125106 125133 0
329 125132 125152 0
330 125123 125194 0
331 125128 125151 0
332 7925 7989 0
333 2073 2111 0
334 7966 8012 0
335 125123 125138 0
336 31406 31436 0
337 125152 125181 0
338 31375 31446 0
339 125175 125190 0
340 125114 125148 0
341 2085 2138 0
342 125169 125184 0
343 2072 2138 0
344 125123 125182 0
345 125135 125167 0
346 125113 125183 0
347 125126 125190 0
348 2075 2137 0
349 2083 2129 0
350 2065 2148 0
351 2097 2142 0
352 31366 31405 0
353 7952 7994 0
354 125109 125135 0
355 125136 125165 0
356 250106 250137 0
357 2055 2124 0
358 15744 15789 0
359 250150 250189 0
360 250122 250158 0
361 15732 15791 0
362 250118 250140 0
363 250139 250175 0
364 15757 15813 0
365 15758 15794 0
366 15786 15810 0
367 29 97 0
368 250115 250166 0
369 9 72 0
370 250137 250172 0
371 250144 250175 0
372 15752 15801 0
373 250114 250190 0
374 250172 250200 0
375 11 71 0
376 250101 250177 0
377 29 94 0
378 1 99 0
379 250113 250176 0
380 15738 15822 0
381 15758 15803 0
382 15773 15808 0
383 250117 250163 0
384 28 99 0
385 250130 250165 0
386 250128 250157 0
387 500132 500172 0
388 500116 500181 0
389 500144 500190 0
390 15768 15823 0
391 15730 15806 0
392 23 100 0
393 15762 15825 0
394 500124 500157 0
395 500128 500180 0
396 500107 500146 0
397 500143 500192 0
398 15751 15800 0
399 15760 15789 0
--------------
1000000 :c
1003988 :sum(p)
999999 :sum(w)
