400 :n
id p,w,x
--------------
0 15804 15762 1
1 31442 31354 1
2 52 9 1
3 81 32 1
4 88 8 1
5 15821 15753 1
6 67 43 1
7 15799 15731 1
8 15788 15745 1
9 49 20 1
10 86 19 1
11 78 2 1
12 80 28 1
13 91 74 1
14 15811 15735 1
15 15800 15750 1
16 60 15 1
17 85 65 1
18 15798 15742 1
19 75 5 1
20 7962 7928 1
21 2111 2088 1
22 2087 2054 1
23 2106 2058 1
24 2110 2071 1
25 2152 2072 1
26 2101 2070 1
27 2125 2063 1
28 7995 7935 1
29 8011 7933 1
30 2123 2067 1
31 2117 2085 1
32 2139 2094 1
33 2150 2116 1
34 2150 2107 1
35 2093 2067 1
36 2077 2059 1
37 2137 2065 1
38 2142 2073 1
39 4053 4014 1
40 4097 4064 1
41 7974 7942 1
42 4079 4015 1
43 4097 4070 1
44 4042 4012 1
45 4032 4010 1
46 4063 4022 1
47 4102 4043 1
48 4066 4037 1
49 4104 4056 1
50 4093 4044 1
51 4044 4014 1
52 4100 4059 1
53 4069 4025 1
54 7974 7932 1
55 7991 7918 1
56 7983 7952 1
57 7993 7921 1
58 31418 31363 1
59 31444 31392 1
60 31437 31379 1
61 15810 15774 1
62 31424 31357 1
63 15807 15771 1
64 31443 31388 1
65 31445 31389 1
66 15 1 1
67 14 5 1
68 58 43 1
69 20 16 1
70 95 80 1
71 81 73 1
72 2082 2067 1
73 2148 2136 1
74 4051 4034 1
75 2065 2057 1
76 2152 2147 1
77 7934 7916 1
78 7946 7929 1
79 7959 7942 1
80 15808 15775 1
81 4078 4070 1
82 31446 31398 1
83 7973 7961 1
84 7989 7977 1
85 31419 31374 1
86 7949 7938 1
87 8010 7999 1
88 15778 15757 1
89 62680 62612 1
90 15743 15726 1
91 15825 15808 1
92 62694 62627 1
93 62676 62612 0
94 15798 15782 1
95 98 43 1
96 31417 31356 1
97 31412 31362 1
98 7931 7923 1
99 31389 31361 1
100 7928 7921 1
101 15814 15808 0
102 8006 8002 1
103 15781 15825 0
104 8001 7994 1
105 31431 31404 0
106 15794 15781 0
107 62671 62623 0
108 7967 7961 1
109 7985 7979 0
110 4076 4079 0
111 4056 4053 1
112 31398 31375 0
113 62695 62653 0
114 15742 15732 0
115 62669 62630 0
116 62688 62649 0
117 125188 125111 0
118 125173 125101 0
119 125192 125120 0
120 62644 62609 0
121 62684 62649 0
122 7918 7914 1
123 31427 31417 0
124 7968 7966 0
125 15807 15804 0
126 15787 15785 0
127 4026 4026 0
128 7951 7951 0
129 15804 15805 0
130 4069 4070 0
131 7936 7938 0
132 7929 7933 0
133 7950 7957 0
134 4073 4077 0
135 2103 2106 0
136 2123 2127 0
137 4070 4078 0
138 4026 4034 0
139 4065 4076 0
140 2124 2131 0
141 2089 2096 0
142 2074 2081 0
143 2119 2129 0
144 2064 2077 0
145 88 90 0
146 60 64 0
147 88 94 0
148 18 24 0
149 36 49 0
150 20 32 0
151 6 12 0
152 6 15 0
153 250153 250111 0
154 125170 125139 0
155 250186 250135 0
156 500197 500101 0
157 500160 500109 0
158 250173 250137 0
159 250198 250125 0
160 500155 500119 0
161 125158 125108 0
162 125185 125157 0
163 62670 62663 0
164 125159 125149 0
165 250198 250138 0
166 125174 125115 0
167 250177 250122 0
168 125120 125110 0
169 125150 125113 0
170 125182 125128 0
171 250143 250113 0
172 62648 62615 0
173 125160 125148 0
174 62690 62678 0
175 125152 125108 0
176 125187 125155 0
177 62623 62618 0
178 250149 250122 0
179 125187 125170 0
180 31361 31357 0
181 250153 250117 0
182 62695 62673 0
183 500200 500125 0
184 62692 62669 0
185 500198 500122 0
186 500184 500140 0
187 125135 125115 0
188 500195 500131 0
189 31418 31425 0
190 62603 62667 0
191 62622 62660 0
192 62623 62641 0
193 62612 62642 0
194 62624 62680 0
195 31390 31395 0
196 31373 31428 0
197 250116 250174 0
198 62633 62694 0
199 250103 250150 0
200 62645 62697 0
201 62665 62661 0
202 15741 15795 0
203 62619 62668 0
204 15750 15785 0
205 62684 62688 0
206 250137 250149 0
207 62647 62687 0
208 250170 250185 0
209 62621 62638 0
210 15729 15806 0
211 15782 15797 0
212 62608 62629 0
213 62642 62688 0
214 15779 15805 0
215 15743 15751 0
216 62624 62672 0
217 15755 15777 0
218 15765 15811 0
219 62673 62683 0
220 15760 15819 0
221 15792 15800 0
222 62620 62686 0
223 15764 15777 0
224 15759 15794 0
225 125146 125191 0
226 15729 15772 0
227 15726 15753 0
228 31367 31383 0
229 15774 15784 0
230 250111 250184 0
231 15741 15806 0
232 250179 250182 0
233 125114 125181 0
234 15751 15788 0
235 15779 15808 0
236 15742 15786 0
237 125136 125146 0
238 125127 125179 0
239 125142 125139 0
240 7923 7947 0
241 250147 250193 0
242 125171 125199 0
243 250171 250161 0
244 125137 125195 0
245 125126 125139 0
246 7961 8002 0
247 125105 125196 0
248 7963 7978 0
249 7926 7978 0
250 7934 7981 0
251 7998 8010 0
252 250164 250153 0
253 125122 125176 0
254 7920 7976 0
255 62618 62667 0
256 7942 7990 0
257 31383 31395 0
258 7922 7987 0
259 125111 125169 0
260 31357 31365 0
261 7914 7960 0
262 125140 125143 0
263 250107 250186 0
264 7938 7980 0
265 125159 125153 0
266 250122 250120 0
267 125112 125111 0
268 7929 7982 0
269 125162 125166 0
270 250125 250141 0
271 125135 125173 0
272 125151 125194 0
273 62632 62649 0
274 7925 7940 0
275 125113 125182 0
276 125102 125126 0
277 125135 125180 0
278 125140 125182 0
279 4021 4099 0
280 4044 4075 0
281 4026 4044 0
282 4025 4068 0
283 31395 31411 0
284 31365 31416 0
285 250190 250181 0
286 4050 4088 0
287 4060 4106 0
288 4031 4093 0
289 31358 31380 0
290 250185 250194 0
291 250184 250172 0
292 125105 125123 0
293 250130 250117 0
294 250102 250174 0
295 4021 4087 0
296 62644 62644 0
297 250110 250120 0
298 4024 4040 0
299 250138 250136 0
300 4084 4100 0
301 31370 31391 0
302 4037 4100 0
303 125109 125180 0
304 250140 250144 0
305 250112 250136 0
306 4056 4076 0
307 4031 4051 0
308 250118 250175 0
309 250123 250151 0
310 250104 250190 0
311 31372 31420 0
312 500117 500122 0
313 4023 4088 0
314 125124 125125 0
315 500156 500143 0
316 4041 4098 0
317 31372 31395 0
318 4028 4063 0
319 2073 2093 0
320 500142 500120 0
321 500153 500158 0
322 2084 2137 0
323 500146 500186 0
324 2066 2137 0
325 500186 500159 0
326 500173 500141 0
327 2083 2109 0
328 2072 2118 0
329 31428 31426 0
330 31400 31430 0
331 250194 250184 0
332 500132 500158 0
333 2090 2105 0
334 2094 2148 0
335 250176 250162 0
336 2086 2120 0
337 500155 500187 0
338 2135 2149 0
339 500105 500123 0
340 250125 250109 0
341 250137 250125 0
342 500147 500176 0
343 31375 31442 0
344 500160 500182 0
345 2062 2080 0
346 31365 31381 0
347 62623 62638 0
348 2113 2137 0
349 2093 2126 0
350 500174 500188 0
351 500186 500160 0
352 2055 2153 0
353 500122 500182 0
354 500114 500109 0
355 31394 31432 0
356 31432 31432 0
357 500128 500118 0
358 500170 500136 0
359 250146 250172 0
360 5 25 0
361 4 58 0
362 500176 500166 0
363 62601 62614 0
364 62664 62693 0
365 53 70 0
366 500187 500184 0
367 54 99 0
368 500130 500102 0
369 500137 500133 0
370 31411 31416 0
371 500195 500180 0
372 500109 500130 0
373 31357 31423 0
374 62624 62668 0
375 31375 31397 0
376 19 98 0
377 500126 500176 0
378 500110 500166 0
379 31401 31411 0
380 500131 500197 0
381 250135 250138 0
382 60 94 0
383 500118 500111 0
384 500192 500184 0
385 500157 500173 0
386 53 87 0
387 250125 250191 0
388 500138 500138 0
389 6 100 0
390 31445 31443 0
391 30 72 0
392 69 86 0
393 41 89 0
394 43 83 0
395 500118 500133 0
396 500194 500190 0
397 8 76 0
398 62619 62644 0
399 31422 31437 0
--------------
1000000 :c
1003960 :sum(p)
1000000 :sum(w)
