400 :n
id p,w,x
--------------
0 15824 15742 1
1 15824 15745 1
2 8007 7954 1
3 74 23 1
4 80 41 1
5 8001 7945 1
6 57 35 1
7 8010 7932 1
8 42 1 1
9 63 46 1
10 63 35 1
11 8004 7916 1
12 7987 7927 1
13 37 12 1
14 90 44 1
15 7997 7956 1
16 74 25 1
17 7997 7937 1
18 66 32 1
19 86 30 1
20 72 32 1
21 79 9 1
22 48 22 1
23 8011 7923 1
24 7987 7922 1
25 2086 2067 1
26 2149 2111 1
27 2116 2058 1
28 2112 2089 1
29 2138 2114 1
30 2124 2061 1
31 2151 2078 1
32 2125 2076 1
33 4089 4050 1
34 2137 2114 1
35 2138 2089 1
36 2100 2054 1
37 2132 2102 1
38 2122 2082 1
39 4099 4016 1
40 4080 4037 1
41 4072 4022 1
42 4106 4050 1
43 4082 4035 1
44 4101 4021 1
45 4097 4065 1
46 4092 4048 1
47 4100 4031 1
48 15817 15767 1
49 15792 15742 1
50 7984 7947 1
51 15820 15758 1
52 15789 15747 1
53 15823 15777 1
54 7994 7960 1
55 31 17 1
56 48 35 1
57 21 16 1
58 82 69 1
59 49 43 1
60 74 65 1
61 73 66 1
62 2134 2117 1
63 2142 2130 1
64 2139 2128 1
65 2129 2119 1
66 4077 4058 1
67 4106 4088 1
68 2106 2098 1
69 7972 7942 1
70 4024 4009 1
71 4073 4061 1
72 7988 7965 1
73 4039 4028 1
74 7971 7951 1
75 4033 4023 1
76 31432 31355 1
77 15797 15759 1
78 2110 2105 1
79 7990 7973 1
80 31420 31356 1
81 31447 31383 1
82 15771 15744 1
83 15817 15790 1
84 31414 31365 1
85 31416 31369 1
86 62698 62609 1
87 62696 62610 1
88 31412 31369 1
89 15824 15803 1
90 62686 62606 1
91 15747 15727 0
92 31390 31351 1
93 15801 15782 1
94 15810 15791 1
95 31432 31395 1
96 87 50 1
97 62680 62604 1
98 31430 31392 1
99 62675 62612 0
100 62680 62619 0
101 31449 31449 0
102 15821 15806 1
103 500118 500194 0
104 31420 31390 0
105 2099 2097 0
106 2101 2099 1
107 62688 62632 0
108 2123 2131 0
109 31426 31401 0
110 62683 62635 0
111 15758 15746 0
112 62660 62615 0
113 15821 15810 0
114 31408 31389 0
115 62662 62628 0
116 15818 15810 0
117 7990 7986 0
118 8004 8000 1
119 2078 2077 0
120 62642 62612 0
121 62662 62632 0
122 31375 31361 0
123 8011 8008 1
124 31364 31355 0
125 15741 15737 0
126 15802 15798 0
127 7994 7992 0
128 4028 4027 1
129 31381 31374 0
130 15820 15817 0
131 31364 31359 0
132 8002 8001 0
133 15808 15808 0
134 17 17 1
135 4045 4046 0
136 4010 4012 0
137 4023 4026 0
138 7998 8004 0
139 4032 4037 0
140 7926 7936 0
141 2097 2100 0
142 2076 2080 0
143 4091 4102 0
144 2096 2103 0
145 2074 2083 0
146 79 86 0
147 83 91 0
148 63 70 0
149 80 90 0
150 21 32 0
151 62669 62647 0
152 250183 250141 0
153 250186 250145 0
154 125193 125115 0
155 250197 250102 0
156 250200 250167 0
157 250146 250106 0
158 125143 125106 0
159 250197 250146 0
160 250142 250114 0
161 125195 125118 0
162 125173 125142 0
163 250168 250121 0
164 250199 250175 0
165 500180 500101 0
166 500172 500105 0
167 250162 250101 0
168 125184 125144 0
169 125143 125109 0
170 250164 250105 0
171 125196 125148 0
172 62669 62649 0
173 125167 125100 0
174 62684 62664 0
175 125199 125169 0
176 62656 62641 0
177 125173 125122 0
178 62673 62654 0
179 62688 62667 0
180 125177 125123 0
181 250194 250139 0
182 125193 125153 0
183 125153 125111 0
184 125138 125118 0
185 125184 125166 0
186 250160 250122 0
187 125172 125140 0
188 250149 250114 0
189 250138 250105 0
190 31365 31411 0
191 62646 62640 0
192 31355 31416 0
193 62613 62690 0
194 62638 62688 0
195 31379 31388 0
196 31406 31445 0
197 31381 31408 0
198 62618 62616 0
199 250185 250178 0
200 15786 15798 0
201 62654 62685 0
202 62647 62694 0
203 62606 62688 0
204 62685 62695 0
205 15801 15810 0
206 62690 62689 0
207 15766 15797 0
208 15731 15786 0
209 62631 62650 0
210 62637 62678 0
211 15818 15824 0
212 62645 62651 0
213 15732 15792 0
214 62656 62672 0
215 62693 62692 0
216 15780 15791 0
217 62667 62670 0
218 62612 62672 0
219 15793 15814 0
220 15740 15782 0
221 62623 62640 0
222 15794 15797 0
223 15794 15812 0
224 62680 62679 0
225 250154 250166 0
226 15743 15748 0
227 15727 15791 0
228 62624 62686 0
229 15797 15814 0
230 62666 62663 0
231 15749 15789 0
232 125136 125185 0
233 125191 125191 0
234 15771 15785 0
235 125114 125195 0
236 125169 125189 0
237 15807 15812 0
238 15735 15790 0
239 125113 125138 0
240 125129 125121 0
241 7917 7971 0
242 7937 7995 0
243 125161 125190 0
244 250151 250157 0
245 125128 125162 0
246 250163 250170 0
247 125157 125185 0
248 125110 125128 0
249 7914 8004 0
250 125113 125112 0
251 7935 8010 0
252 31380 31444 0
253 250122 250118 0
254 7948 7984 0
255 31353 31402 0
256 250105 250172 0
257 7924 8011 0
258 7965 7994 0
259 7941 7980 0
260 250151 250181 0
261 125184 125193 0
262 7951 7963 0
263 7920 7961 0
264 7936 7994 0
265 250129 250155 0
266 7949 7995 0
267 125103 125135 0
268 7957 7993 0
269 125195 125189 0
270 7934 7950 0
271 125153 125198 0
272 125135 125166 0
273 125129 125184 0
274 7952 7964 0
275 125153 125165 0
276 7987 8005 0
277 7931 7988 0
278 7933 7957 0
279 4041 4090 0
280 125153 125147 0
281 4029 4076 0
282 4040 4081 0
283 125102 125175 0
284 125142 125164 0
285 250197 250178 0
286 4031 4091 0
287 4051 4069 0
288 4023 4096 0
289 4014 4075 0
290 125107 125124 0
291 125109 125134 0
292 31366 31395 0
293 125103 125191 0
294 4060 4102 0
295 250103 250116 0
296 250161 250162 0
297 250145 250172 0
298 4010 4041 0
299 250196 250188 0
300 4058 4077 0
301 4042 4094 0
302 250118 250179 0
303 250195 250183 0
304 31388 31395 0
305 4017 4053 0
306 4045 4070 0
307 500181 500166 0
308 250147 250147 0
309 4031 4074 0
310 4070 4091 0
311 62619 62613 0
312 62639 62699 0
313 31360 31410 0
314 4044 4086 0
315 4016 4067 0
316 4037 4096 0
317 500185 500177 0
318 250138 250167 0
319 500113 500111 0
320 31363 31404 0
321 31384 31433 0
322 500118 500198 0
323 2104 2148 0
324 500186 500191 0
325 2054 2103 0
326 2087 2148 0
327 250147 250142 0
328 500122 500172 0
329 500154 500153 0
330 500135 500157 0
331 500121 500196 0
332 500143 500174 0
333 2064 2127 0
334 250188 250183 0
335 500114 500142 0
336 500128 500174 0
337 250121 250168 0
338 500144 500180 0
339 2104 2153 0
340 2083 2100 0
341 31441 31445 0
342 250137 250133 0
343 250175 250183 0
344 500116 500131 0
345 2056 2134 0
346 500192 500190 0
347 500140 500174 0
348 2077 2100 0
349 2061 2100 0
350 500122 500102 0
351 2086 2129 0
352 2063 2105 0
353 2057 2097 0
354 500137 500128 0
355 31431 31440 0
356 250138 250150 0
357 31356 31357 0
358 2099 2134 0
359 42 95 0
360 500142 500182 0
361 37 56 0
362 500144 500152 0
363 31430 31445 0
364 500173 500178 0
365 500149 500182 0
366 34 61 0
367 250113 250106 0
368 36 55 0
369 15 68 0
370 5 73 0
371 500127 500119 0
372 500180 500190 0
373 57 82 0
374 500173 500193 0
375 31402 31408 0
376 500172 500186 0
377 500172 500164 0
378 500121 500143 0
379 20 91 0
380 31403 31419 0
381 31366 31370 0
382 500139 500176 0
383 22 97 0
384 59 84 0
385 500190 500173 0
386 4 32 0
387 500169 500142 0
388 31412 31411 0
389 250135 250160 0
390 500166 500121 0
391 500190 500143 0
392 31406 31407 0
393 500164 500171 0
394 500190 500157 0
395 500109 500159 0
396 500150 500161 0
397 46 78 0
398 31424 31427 0
399 31375 31387 0
--------------
1000000 :c
1004000 :sum(p)
1000000 :sum(w)
