400 :n
id p,w,x
--------------
0 73 44 1
1 4097 4012 1
2 84 50 1
3 2133 2104 1
4 80 22 1
5 77 14 1
6 2135 2083 1
7 2150 2089 1
8 2135 2115 1
9 85 11 1
10 4093 4026 1
11 2086 2056 1
12 79 37 1
13 2122 2054 1
14 16 2 1
15 54 39 1
16 2140 2097 1
17 4090 4042 1
18 2123 2061 1
19 98 56 1
20 99 20 1
21 2152 2137 1
22 75 44 1
23 2153 2068 1
24 2137 2092 1
25 4106 4013 1
26 7994 7936 1
27 4101 4052 1
28 4080 4017 1
29 8002 7944 1
30 87 1 1
31 4072 4014 1
32 4040 4007 1
33 2095 2081 1
34 4097 4055 1
35 97 13 1
36 60 39 1
37 4085 4033 1
38 4045 4011 1
39 93 58 1
40 31444 31384 1
41 7987 7942 1
42 15808 15756 1
43 15804 15750 1
44 15801 15734 1
45 4086 4069 1
46 7947 7922 1
47 7955 7923 1
48 7980 7937 1
49 8004 7968 1
50 8007 7977 1
51 4078 4056 1
52 7986 7940 1
53 7972 7930 1
54 7977 7954 1
55 15771 15741 1
56 7966 7941 1
57 15812 15776 1
58 8004 7957 1
59 15765 15734 1
60 15809 15778 1
61 7953 7929 1
62 15820 15790 1
63 15798 15772 1
64 7993 7951 1
65 31443 31354 1
66 4076 4060 1
67 15808 15753 1
68 7970 7925 1
69 15809 15767 1
70 41 29 1
71 58 51 1
72 37 34 1
73 2110 2097 1
74 2120 2107 1
75 2068 2059 1
76 2097 2088 1
77 4072 4057 1
78 4098 4085 1
79 7976 7961 1
80 2134 2130 1
81 4034 4028 1
82 4073 4067 1
83 15776 15753 1
84 31447 31404 1
85 31449 31406 1
86 31404 31362 1
87 15774 15753 1
88 7995 7985 1
89 62699 62623 1
90 15820 15802 1
91 62695 62625 1
92 15775 15759 1
93 2085 2083 1
94 62688 62629 1
95 31397 31369 0
96 15816 15802 0
97 7939 7932 0
98 2153 2075 1
99 62664 62607 1
100 31400 31367 1
101 62670 62620 1
102 31416 31393 0
103 31448 31425 0
104 8011 8008 0
105 5 11 0
106 125185 125112 0
107 125186 125115 0
108 62656 62624 0
109 15796 15788 0
110 4031 4029 1
111 125165 125104 0
112 31375 31360 0
113 2137 2136 1
114 62666 62637 0
115 62683 62655 0
116 15752 15745 0
117 15822 15815 0
118 7986 7983 0
119 15774 15770 0
120 15795 15791 0
121 4067 4066 0
122 4086 4085 0
123 15794 15791 0
124 7950 7951 0
125 15762 15764 0
126 4068 4069 0
127 2105 2106 0
128 4013 4017 0
129 4077 4082 0
130 2064 2067 0
131 2091 2095 0
132 4027 4035 0
133 2059 2064 0
134 66 68 1
135 73 82 0
136 52 60 0
137 24 32 0
138 4 7 0
139 125193 125181 0
140 125146 125126 0
141 125152 125167 0
142 125107 125121 0
143 125186 125145 0
144 62655 62635 0
145 125123 125104 0
146 125149 125165 0
147 125177 125192 0
148 125148 125141 0
149 125131 125131 0
150 62679 62670 0
151 62638 62646 0
152 125134 125129 0
153 125152 125123 0
154 125140 125146 0
155 250159 250122 0
156 250172 250187 0
157 250156 250121 0
158 250130 250156 0
159 250108 250107 0
160 31354 31352 0
161 250146 250174 0
162 250133 250122 0
163 250114 250107 0
164 250111 250124 0
165 250173 250125 0
166 31420 31414 0
167 250194 250143 0
168 31401 31403 0
169 31358 31354 0
170 250105 250116 0
171 250132 250165 0
172 250119 250145 0
173 250132 250120 0
174 250159 250121 0
175 250136 250105 0
176 31400 31391 0
177 250169 250143 0
178 250166 250126 0
179 250157 250117 0
180 125199 125179 0
181 250123 250160 0
182 250164 250117 0
183 250197 250171 0
184 250123 250150 0
185 250178 250179 0
186 250168 250145 0
187 250112 250116 0
188 250171 250147 0
189 31400 31398 0
190 250149 250134 0
191 250168 250133 0
192 31376 31376 0
193 250175 250174 0
194 250175 250149 0
195 62689 62694 0
196 250131 250102 0
197 500154 500146 0
198 31441 31443 0
199 500114 500121 0
200 500112 500188 0
201 500156 500192 0
202 500183 500175 0
203 62655 62651 0
204 125171 125142 0
205 500185 500115 0
206 500198 500120 0
207 500144 500111 0
208 500160 500130 0
209 500145 500147 0
210 500176 500188 0
211 500145 500198 0
212 500174 500109 0
213 500116 500104 0
214 500148 500173 0
215 500145 500116 0
216 500165 500113 0
217 500155 500131 0
218 500144 500113 0
219 500102 500143 0
220 500171 500171 0
221 500165 500200 0
222 500102 500161 0
223 62696 62688 0
224 500162 500157 0
225 500136 500135 0
226 500105 500120 0
227 500185 500181 0
228 500143 500199 0
229 500175 500108 0
230 500138 500140 0
231 125169 125151 0
232 500169 500197 0
233 500168 500143 0
234 500167 500160 0
235 500189 500182 0
236 62669 62669 0
237 500179 500183 0
238 500137 500163 0
239 500146 500134 0
240 500146 500148 0
241 62634 62619 0
242 62604 62612 0
243 125190 125159 0
244 125190 125141 0
245 62700 62675 0
246 125194 125139 0
247 125195 125146 0
248 250198 250103 0
249 62643 62622 0
250 125121 125133 0
251 62693 62697 0
252 62664 62647 0
253 125165 125174 0
254 125112 125107 0
255 62660 62646 0
256 125106 125101 0
257 15731 15786 0
258 15747 15822 0
259 15761 15788 0
260 7938 7956 0
261 15739 15763 0
262 7921 7932 0
263 7998 8012 0
264 15747 15774 0
265 15743 15761 0
266 15728 15757 0
267 15741 15768 0
268 15783 15810 0
269 15761 15815 0
270 7913 7952 0
271 7988 8005 0
272 15792 15798 0
273 7915 7928 0
274 15778 15809 0
275 15754 15802 0
276 500101 500183 0
277 31369 31376 0
278 7945 8001 0
279 31386 31424 0
280 4012 4033 0
281 31421 31448 0
282 31354 31393 0
283 4010 4043 0
284 7913 7966 0
285 4030 4054 0
286 4047 4096 0
287 4038 4083 0
288 31421 31447 0
289 31387 31423 0
290 4012 4025 0
291 4031 4065 0
292 31361 31396 0
293 31372 31381 0
294 31389 31417 0
295 31393 31411 0
296 31365 31450 0
297 31398 31408 0
298 31354 31424 0
299 4080 4089 0
300 31361 31419 0
301 4060 4101 0
302 7953 7988 0
303 4007 4038 0
304 31363 31445 0
305 31385 31395 0
306 15741 15808 0
307 31390 31437 0
308 31410 31429 0
309 31401 31439 0
310 4022 4049 0
311 31355 31411 0
312 7941 7999 0
313 4073 4087 0
314 4017 4029 0
315 31433 31447 0
316 4016 4078 0
317 31353 31367 0
318 4040 4055 0
319 2083 2149 0
320 2090 2148 0
321 62610 62680 0
322 2102 2114 0
323 7915 7955 0
324 62623 62653 0
325 62606 62641 0
326 62665 62682 0
327 62612 62698 0
328 62621 62648 0
329 62603 62618 0
330 62646 62662 0
331 2100 2117 0
332 62616 62689 0
333 62604 62620 0
334 2070 2095 0
335 15771 15794 0
336 2089 2116 0
337 62604 62636 0
338 62625 62644 0
339 62622 62672 0
340 62664 62685 0
341 2085 2113 0
342 62650 62689 0
343 2063 2133 0
344 62644 62676 0
345 2059 2103 0
346 2078 2115 0
347 7948 7995 0
348 7923 7947 0
349 2055 2136 0
350 62660 62673 0
351 2054 2066 0
352 62641 62696 0
353 125151 125187 0
354 2083 2123 0
355 125117 125196 0
356 2056 2151 0
357 2064 2123 0
358 2113 2126 0
359 14 71 0
360 15801 15824 0
361 45 62 0
362 7972 8009 0
363 125114 125187 0
364 125109 125169 0
365 125144 125176 0
366 26 95 0
367 125147 125184 0
368 52 91 0
369 125104 125160 0
370 125123 125177 0
371 51 71 0
372 125137 125172 0
373 125156 125196 0
374 61 93 0
375 15806 15819 0
376 75 87 0
377 125115 125167 0
378 7914 8006 0
379 125104 125170 0
380 67 98 0
381 125116 125198 0
382 36 99 0
383 250130 250177 0
384 17 46 0
385 250133 250180 0
386 250144 250195 0
387 15 69 0
388 250123 250171 0
389 7964 7985 0
390 250132 250187 0
391 25 69 0
392 250113 250181 0
393 15 87 0
394 12 89 0
395 500115 500198 0
396 33 67 0
397 61 100 0
398 7962 7987 0
399 7922 7997 0
--------------
1000000 :c
1003899 :sum(p)
999998 :sum(w)
