400 :n
id p,w,x
--------------
0 2149 2087 1
1 7965 7928 1
2 65 33 1
3 4030 4012 1
4 4083 4049 1
5 4049 4015 1
6 4098 4037 1
7 4104 4076 1
8 4069 4017 1
9 4095 4007 1
10 4076 4042 1
11 8008 7967 1
12 76 43 1
13 2095 2077 1
14 7952 7916 1
15 4105 4062 1
16 4072 4020 1
17 86 51 1
18 82 60 1
19 2137 2101 1
20 4038 4016 1
21 97 44 1
22 88 38 1
23 98 23 1
24 2142 2126 1
25 7988 7914 1
26 33 21 1
27 82 30 1
28 2129 2057 1
29 8006 7947 1
30 2142 2076 1
31 8002 7915 1
32 2129 2114 1
33 2109 2065 1
34 2126 2090 1
35 33 13 1
36 15818 15742 1
37 59 6 1
38 8007 7920 1
39 99 13 1
40 7986 7914 1
41 97 37 1
42 15824 15733 1
43 95 39 1
44 7967 7925 1
45 61 5 1
46 93 81 1
47 87 34 1
48 2152 2063 1
49 2147 2084 1
50 2147 2069 1
51 2124 2081 1
52 2117 2099 1
53 15818 15726 1
54 2107 2056 1
55 2153 2116 1
56 18 13 1
57 32 25 1
58 98 94 1
59 2105 2095 1
60 15818 15748 1
61 7980 7946 1
62 4066 4049 1
63 2153 2144 1
64 15793 15728 1
65 15819 15756 1
66 2119 2111 1
67 7971 7941 1
68 4055 4040 1
69 15785 15730 1
70 15808 15754 1
71 4063 4051 1
72 4073 4061 1
73 4099 4087 1
74 31443 31354 1
75 7938 7916 1
76 15779 15736 1
77 31446 31361 1
78 7951 7930 1
79 7964 7943 1
80 15770 15729 1
81 15824 15785 1
82 2069 2064 1
83 4094 4085 1
84 31449 31385 1
85 8002 7986 1
86 7994 7979 1
87 15767 15738 1
88 15802 15773 1
89 31428 31373 1
90 31439 31388 1
91 31408 31359 1
92 4050 4044 0
93 31430 31386 1
94 15781 15759 1
95 15807 15785 1
96 31445 31402 1
97 15793 15773 1
98 31426 31387 1
99 31428 31389 1
100 31389 31353 1
101 8012 7967 1
102 62696 62624 1
103 62695 62629 0
104 62665 62601 1
105 7986 7978 0
106 62699 62652 0
107 15818 15821 0
108 5 63 0
109 62674 62614 0
110 31446 31416 0
111 15757 15742 1
112 62661 62603 0
113 62683 62625 0
114 31446 31417 0
115 4017 4015 0
116 31407 31379 0
117 31425 31399 0
118 15796 15783 0
119 62650 62602 0
120 31442 31418 0
121 4091 4088 0
122 31399 31376 0
123 31413 31391 0
124 31447 31425 0
125 15754 15743 1
126 62675 62634 0
127 31415 31397 0
128 31422 31404 0
129 31378 31361 0
130 31387 31370 0
131 15755 15748 0
132 31405 31392 0
133 15786 15784 0
134 4078 4078 0
135 2136 2136 0
136 2075 2075 0
137 4099 4100 0
138 4070 4072 0
139 14 15 0
140 62656 62631 0
141 125177 125135 0
142 125194 125163 0
143 125130 125107 0
144 62675 62635 0
145 250183 250101 0
146 62628 62603 0
147 125190 125189 0
148 250140 250133 0
149 250120 250110 0
150 62654 62618 0
151 250126 250118 0
152 62650 62611 0
153 250200 250193 0
154 250144 250101 0
155 125178 125168 0
156 250184 250133 0
157 250165 250121 0
158 250129 250102 0
159 250173 250143 0
160 62656 62627 0
161 62677 62666 0
162 250180 250101 0
163 250195 250186 0
164 125124 125104 0
165 250200 250140 0
166 250133 250108 0
167 125192 125155 0
168 250187 250156 0
169 125197 125101 0
170 250139 250118 0
171 125180 125161 0
172 250193 250103 0
173 250183 250111 0
174 500157 500107 0
175 500198 500188 0
176 62626 62614 0
177 500107 500106 0
178 31377 31370 0
179 125192 125168 0
180 500147 500118 0
181 500112 500102 0
182 500199 500147 0
183 31415 31413 0
184 500120 500112 0
185 62684 62682 0
186 500159 500108 0
187 500164 500116 0
188 125194 125193 0
189 500153 500139 0
190 500181 500105 0
191 500163 500161 0
192 31367 31366 0
193 500176 500175 0
194 500175 500143 0
195 500182 500140 0
196 500124 500108 0
197 125194 125174 0
198 62641 62626 0
199 500172 500116 0
200 500186 500135 0
201 500167 500142 0
202 500174 500166 0
203 500120 500101 0
204 500181 500132 0
205 500164 500141 0
206 500180 500106 0
207 500128 500116 0
208 125155 125138 0
209 125181 125115 0
210 125179 125123 0
211 125179 125130 0
212 125127 125114 0
213 125153 125118 0
214 15769 15772 0
215 15784 15784 0
216 31406 31435 0
217 15760 15804 0
218 31356 31381 0
219 31392 31420 0
220 31366 31377 0
221 15755 15786 0
222 15782 15783 0
223 31383 31419 0
224 15748 15785 0
225 31397 31416 0
226 31361 31435 0
227 15730 15738 0
228 31387 31403 0
229 15768 15776 0
230 31353 31388 0
231 15789 15805 0
232 31361 31421 0
233 31366 31396 0
234 15774 15800 0
235 31385 31420 0
236 15774 15823 0
237 15790 15816 0
238 15728 15799 0
239 31378 31411 0
240 7923 7958 0
241 7913 7939 0
242 7915 7977 0
243 62624 62646 0
244 7977 8009 0
245 62617 62655 0
246 62643 62697 0
247 7932 8000 0
248 7914 7962 0
249 7925 7961 0
250 7921 7946 0
251 7924 7964 0
252 62646 62698 0
253 62608 62644 0
254 7940 8008 0
255 62627 62651 0
256 7928 7929 0
257 7954 7981 0
258 62630 62665 0
259 62660 62691 0
260 7934 7950 0
261 7947 7969 0
262 62605 62659 0
263 62649 62665 0
264 62617 62624 0
265 7927 8000 0
266 7916 7971 0
267 7948 8004 0
268 62691 62696 0
269 7954 7972 0
270 7949 8000 0
271 7941 7983 0
272 62619 62625 0
273 62618 62637 0
274 62644 62667 0
275 7997 7998 0
276 62653 62695 0
277 7915 7998 0
278 62658 62670 0
279 62621 62651 0
280 4049 4089 0
281 4040 4106 0
282 62606 62695 0
283 4007 4017 0
284 62663 62692 0
285 62686 62690 0
286 125175 125199 0
287 15759 15821 0
288 4007 4030 0
289 125105 125109 0
290 4051 4060 0
291 125134 125197 0
292 125157 125197 0
293 4058 4064 0
294 4074 4102 0
295 4035 4042 0
296 4038 4081 0
297 125110 125198 0
298 125113 125149 0
299 15729 15825 0
300 4016 4082 0
301 125153 125170 0
302 4024 4095 0
303 125121 125140 0
304 125122 125156 0
305 4062 4072 0
306 4041 4103 0
307 125108 125186 0
308 125129 125146 0
309 125121 125195 0
310 4039 4076 0
311 4020 4045 0
312 125149 125168 0
313 125134 125142 0
314 4047 4106 0
315 4008 4106 0
316 125143 125159 0
317 125120 125123 0
318 125190 125197 0
319 2080 2118 0
320 125116 125138 0
321 2088 2126 0
322 2061 2108 0
323 2059 2139 0
324 125108 125175 0
325 2099 2152 0
326 125101 125120 0
327 125143 125161 0
328 125124 125177 0
329 250105 250178 0
330 250114 250138 0
331 2093 2106 0
332 250141 250145 0
333 2102 2112 0
334 250129 250177 0
335 250111 250197 0
336 2072 2136 0
337 2059 2074 0
338 250114 250196 0
339 250133 250165 0
340 250139 250145 0
341 250109 250137 0
342 2056 2098 0
343 2083 2126 0
344 2119 2126 0
345 2065 2087 0
346 250121 250200 0
347 250132 250145 0
348 2107 2127 0
349 250137 250149 0
350 2068 2081 0
351 2111 2119 0
352 250166 250188 0
353 2074 2087 0
354 250143 250200 0
355 250142 250151 0
356 2054 2075 0
357 250130 250136 0
358 250136 250167 0
359 250122 250200 0
360 250151 250192 0
361 2 59 0
362 23 57 0
363 250111 250165 0
364 1 19 0
365 250124 250167 0
366 59 87 0
367 55 100 0
368 250128 250169 0
369 500155 500157 0
370 15792 15812 0
371 500130 500165 0
372 500128 500181 0
373 500117 500182 0
374 500111 500163 0
375 500105 500147 0
376 1 81 0
377 500132 500135 0
378 4 32 0
379 500107 500159 0
380 2 57 0
381 500112 500182 0
382 58 87 0
383 36 86 0
384 500133 500190 0
385 42 51 0
386 7 62 0
387 500171 500194 0
388 500110 500194 0
389 58 70 0
390 37 58 0
391 45 69 0
392 500152 500162 0
393 500145 500172 0
394 26 41 0
395 5 58 0
396 500131 500131 0
397 68 99 0
398 15767 15785 0
399 15772 15805 0
--------------
1000000 :c
1004401 :sum(p)
1000000 :sum(w)
