400 :n
id p,w,x
--------------
0 2139 2058 1
1 100 9 1
2 61 1 1
3 15 1 1
4 74 9 1
5 48 6 1
6 85 22 1
7 88 25 1
8 58 18 1
9 58 19 1
10 93 36 1
11 87 37 1
12 52 23 1
13 99 46 1
14 74 37 1
15 79 40 1
16 90 51 1
17 21 14 1
18 100 77 1
19 64 56 1
20 51 45 1
21 2139 2059 1
22 2124 2054 1
23 2130 2063 1
24 2145 2089 1
25 2142 2089 1
26 2152 2099 1
27 89 87 1
28 2096 2054 1
29 4104 4027 1
30 2112 2073 1
31 2095 2060 1
32 2125 2090 1
33 4100 4037 1
34 2152 2120 1
35 2107 2079 1
36 4065 4016 1
37 4081 4037 1
38 4063 4021 1
39 2107 2087 1
40 7991 7918 1
41 2099 2080 1
42 2118 2100 1
43 8006 7940 1
44 2081 2064 1
45 4048 4015 1
46 7978 7914 1
47 2093 2078 1
48 8000 7948 1
49 4068 4042 1
50 7983 7933 1
51 7996 7952 1
52 8004 7960 1
53 4066 4046 1
54 7968 7931 1
55 4051 4033 1
56 4058 4041 1
57 7958 7925 1
58 7955 7923 1
59 7985 7953 1
60 2062 2054 1
61 4022 4007 1
62 7946 7917 1
63 7964 7936 1
64 8006 7978 1
65 4026 4012 1
66 15793 15741 1
67 15788 15739 1
68 15778 15730 1
69 15814 15766 1
70 2140 2134 1
71 4095 4084 1
72 15775 15733 1
73 15800 15760 1
74 15797 15759 1
75 15818 15780 1
76 7943 7924 1
77 7998 7979 1
78 15817 15781 1
79 7933 7915 1
80 7938 7921 1
81 31411 31351 1
82 2113 2109 1
83 15807 15778 1
84 15795 15767 1
85 15810 15783 1
86 31445 31392 1
87 15766 15740 1
88 7974 7962 1
89 2117 2114 1
90 62691 62605 1
91 62697 62615 1
92 31416 31375 1
93 31446 31406 1
94 62686 62608 1
95 31427 31388 1
96 31431 31392 1
97 31392 31354 1
98 7965 7928 1
99 62686 62605 1
100 15775 15756 1
101 15793 15774 1
102 31401 31366 0
103 62674 62609 0
104 31448 31438 0
105 15789 15774 1
106 62662 62604 0
107 2121 2119 1
108 31384 31352 0
109 15740 15771 0
110 4100 4100 0
111 31433 31404 0
112 15748 15734 0
113 2102 2102 0
114 15810 15796 1
115 62663 62610 0
116 62681 62629 0
117 62652 62601 0
118 62694 62646 0
119 62663 62616 0
120 31423 31401 0
121 62645 62602 0
122 62647 62606 0
123 15811 15802 0
124 31387 31370 0
125 31423 31406 0
126 7924 7920 0
127 4079 4077 0
128 31388 31374 0
129 31438 31426 0
130 15783 15777 0
131 4083 4082 0
132 2079 2079 1
133 91 91 1
134 15756 15757 0
135 7994 7996 0
136 7959 7962 0
137 2110 2111 0
138 2059 2060 0
139 4086 4088 0
140 4088 4091 0
141 7973 7979 0
142 7956 7962 0
143 7932 7939 0
144 2131 2133 0
145 7978 7987 0
146 4072 4077 0
147 4086 4095 0
148 4039 4048 0
149 4025 4034 0
150 4039 4049 0
151 2087 2098 0
152 94 98 0
153 84 93 0
154 18 21 1
155 50 59 0
156 57 74 0
157 43 61 0
158 18 29 0
159 23 40 0
160 16 28 0
161 2 10 0
162 250187 250153 0
163 250197 250127 0
164 31359 31357 0
165 250138 250102 0
166 250147 250113 0
167 125149 125137 0
168 250200 250113 0
169 250162 250113 0
170 250194 250120 0
171 250186 250158 0
172 250187 250155 0
173 250160 250144 0
174 250178 250164 0
175 250154 250109 0
176 250191 250166 0
177 250181 250120 0
178 250196 250181 0
179 250138 250130 0
180 250193 250139 0
181 500190 500145 0
182 500160 500107 0
183 500182 500178 0
184 500197 500137 0
185 62698 62689 0
186 500161 500121 0
187 500151 500121 0
188 500121 500112 0
189 31361 31360 0
190 500191 500160 0
191 500199 500110 0
192 31380 31379 0
193 31446 31442 0
194 500185 500183 0
195 500199 500113 0
196 500111 500105 0
197 500156 500109 0
198 31379 31377 0
199 500192 500153 0
200 500129 500124 0
201 500152 500134 0
202 500189 500134 0
203 500189 500131 0
204 500156 500126 0
205 500194 500105 0
206 500148 500129 0
207 500182 500150 0
208 500199 500144 0
209 500154 500138 0
210 500184 500161 0
211 62619 62603 0
212 125197 125180 0
213 125182 125117 0
214 62684 62651 0
215 125190 125121 0
216 125170 125109 0
217 125187 125116 0
218 125185 125118 0
219 125196 125100 0
220 62661 62622 0
221 125167 125114 0
222 62678 62658 0
223 62638 62637 0
224 125195 125153 0
225 62696 62684 0
226 125198 125158 0
227 125128 125100 0
228 125130 125122 0
229 62619 62613 0
230 62663 62652 0
231 125131 125126 0
232 125164 125118 0
233 62629 62614 0
234 125182 125168 0
235 125136 125100 0
236 125191 125170 0
237 125194 125158 0
238 125185 125180 0
239 125144 125124 0
240 31413 31406 0
241 125136 125121 0
242 7966 8010 0
243 31382 31407 0
244 31354 31430 0
245 7996 8009 0
246 31364 31392 0
247 7929 7951 0
248 31391 31450 0
249 7923 8006 0
250 7948 7984 0
251 31397 31419 0
252 7928 7953 0
253 31404 31416 0
254 31413 31414 0
255 31378 31441 0
256 31391 31443 0
257 62602 62639 0
258 62652 62687 0
259 7969 8001 0
260 62633 62685 0
261 62672 62699 0
262 7943 7962 0
263 62627 62672 0
264 7923 7935 0
265 7947 7974 0
266 62669 62693 0
267 62619 62621 0
268 31375 31424 0
269 7914 7973 0
270 62633 62671 0
271 31404 31412 0
272 15743 15788 0
273 31372 31440 0
274 62682 62683 0
275 7923 7999 0
276 7948 8008 0
277 62622 62645 0
278 62672 62676 0
279 4008 4068 0
280 62638 62650 0
281 4027 4098 0
282 31386 31429 0
283 4023 4106 0
284 4043 4089 0
285 62603 62694 0
286 62603 62660 0
287 62654 62679 0
288 4048 4079 0
289 4009 4054 0
290 31369 31446 0
291 4058 4087 0
292 62649 62672 0
293 15740 15818 0
294 4008 4067 0
295 4019 4063 0
296 31385 31442 0
297 4038 4079 0
298 62615 62618 0
299 125108 125120 0
300 4035 4092 0
301 125112 125151 0
302 31372 31402 0
303 125150 125180 0
304 15749 15795 0
305 4036 4081 0
306 125102 125170 0
307 125137 125172 0
308 125145 125187 0
309 4031 4070 0
310 4012 4096 0
311 4055 4086 0
312 125118 125139 0
313 4012 4084 0
314 125137 125194 0
315 4017 4035 0
316 125163 125172 0
317 125134 125138 0
318 31426 31426 0
319 125140 125149 0
320 125114 125162 0
321 2079 2129 0
322 125125 125156 0
323 125148 125175 0
324 125114 125158 0
325 2078 2146 0
326 125142 125148 0
327 15727 15779 0
328 125135 125191 0
329 2078 2137 0
330 125108 125108 0
331 2061 2107 0
332 250125 250200 0
333 250124 250176 0
334 2120 2142 0
335 250118 250177 0
336 250116 250130 0
337 2123 2151 0
338 2085 2126 0
339 250157 250192 0
340 250104 250194 0
341 15741 15768 0
342 15763 15808 0
343 250198 250198 0
344 250109 250177 0
345 250137 250183 0
346 250181 250198 0
347 250133 250182 0
348 250138 250165 0
349 250119 250160 0
350 15775 15799 0
351 2073 2131 0
352 2072 2144 0
353 250152 250189 0
354 250190 250194 0
355 2064 2124 0
356 2074 2103 0
357 250144 250164 0
358 250126 250136 0
359 250137 250143 0
360 76 98 0
361 15756 15801 0
362 250130 250157 0
363 15748 15774 0
364 15758 15813 0
365 31423 31427 0
366 250111 250196 0
367 250107 250144 0
368 250115 250123 0
369 250143 250154 0
370 500119 500131 0
371 500113 500152 0
372 15729 15825 0
373 55 100 0
374 500144 500192 0
375 15764 15782 0
376 500105 500173 0
377 15777 15801 0
378 32 61 0
379 500132 500178 0
380 500126 500194 0
381 500176 500194 0
382 15732 15750 0
383 7 39 0
384 500141 500185 0
385 23 43 0
386 500118 500183 0
387 500170 500178 0
388 500138 500158 0
389 63 97 0
390 500116 500135 0
391 15761 15770 0
392 57 76 0
393 44 68 0
394 15749 15771 0
395 500129 500160 0
396 500105 500149 0
397 500127 500128 0
398 15752 15774 0
399 15780 15818 0
--------------
1000000 :c
1003974 :sum(p)
999999 :sum(w)
