400 :n
id p,w,x
--------------
0 46 13 1
1 44 37 1
2 2149 2069 1
3 2131 2058 1
4 2101 2060 1
5 2137 2086 1
6 2144 2092 1
7 2151 2082 1
8 2118 2063 1
9 76 25 1
10 91 13 1
11 61 16 1
12 46 28 1
13 68 46 1
14 4100 4026 1
15 100 26 1
16 93 38 1
17 77 61 1
18 2074 2060 1
19 8012 7947 1
20 4072 4038 1
21 4105 4050 1
22 4070 4024 1
23 4097 4028 1
24 4070 4011 1
25 4102 4033 1
26 4101 4047 1
27 2127 2095 1
28 2153 2118 1
29 2125 2101 1
30 2106 2072 1
31 8007 7925 1
32 2132 2114 1
33 4066 4024 1
34 4084 4039 1
35 7997 7934 1
36 4061 4020 1
37 4088 4048 1
38 4096 4023 1
39 31440 31374 1
40 4060 4035 1
41 4062 4043 1
42 4092 4070 1
43 2127 2111 1
44 2135 2127 1
45 4041 4015 1
46 7990 7928 1
47 4101 4073 1
48 31443 31374 1
49 7950 7920 1
50 15812 15737 1
51 15812 15748 1
52 15802 15741 1
53 15773 15743 1
54 4047 4021 1
55 15797 15755 1
56 7985 7965 1
57 7937 7919 1
58 4033 4022 1
59 15797 15730 1
60 4024 4011 1
61 4105 4087 1
62 15816 15728 1
63 7972 7935 1
64 2091 2077 1
65 7958 7939 1
66 15816 15741 1
67 31425 31366 1
68 15785 15728 1
69 15799 15740 1
70 15812 15773 1
71 7991 7974 1
72 38 36 1
73 2110 2105 1
74 2128 2123 1
75 4043 4035 1
76 2091 2087 1
77 7979 7966 1
78 8010 7997 1
79 15821 15797 1
80 31414 31367 1
81 31426 31380 1
82 2124 2121 0
83 2137 2134 1
84 2141 2138 0
85 7963 7952 1
86 15806 15785 1
87 31443 31403 1
88 7923 7913 1
89 31402 31364 1
90 15771 15752 1
91 15806 15788 1
92 62682 62614 1
93 31437 31403 1
94 62689 62620 1
95 31441 31409 1
96 15763 15747 1
97 4023 4019 0
98 4064 4060 0
99 93 46 1
100 62681 62613 1
101 15790 15775 0
102 62695 62641 0
103 31378 31352 1
104 15818 15820 0
105 2127 2131 0
106 1 8 0
107 15752 15739 0
108 62655 62605 0
109 31438 31413 0
110 8004 7998 0
111 7999 7997 0
112 62664 62618 0
113 31430 31407 0
114 62680 62636 0
115 62696 62656 0
116 125184 125110 0
117 62644 62607 0
118 62663 62626 0
119 62683 62647 0
120 31441 31424 0
121 125183 125119 0
122 62681 62649 0
123 4046 4044 0
124 31421 31406 0
125 15783 15776 0
126 31395 31387 0
127 71 71 1
128 2065 2066 0
129 2083 2085 0
130 2117 2121 0
131 74 76 0
132 58 60 0
133 125176 125149 0
134 500180 500105 0
135 250160 250106 0
136 125166 125141 0
137 125187 125138 0
138 62700 62692 0
139 500178 500103 0
140 250175 250116 0
141 125179 125123 0
142 31414 31409 0
143 125181 125149 0
144 125181 125140 0
145 125131 125100 0
146 125188 125160 0
147 250190 250134 0
148 125169 125117 0
149 250144 250105 0
150 125161 125118 0
151 125191 125158 0
152 125167 125105 0
153 250157 250109 0
154 125128 125113 0
155 125169 125129 0
156 62636 62634 0
157 62658 62654 0
158 500165 500122 0
159 62631 62628 0
160 15730 15730 0
161 500141 500144 0
162 31413 31413 0
163 500170 500123 0
164 62682 62678 0
165 62650 62643 0
166 500137 500132 0
167 500174 500152 0
168 125110 125101 0
169 125137 125127 0
170 125182 125173 0
171 500176 500142 0
172 125164 125158 0
173 500152 500119 0
174 125192 125183 0
175 31360 31358 0
176 125184 125172 0
177 500157 500109 0
178 125111 125105 0
179 500192 500152 0
180 125184 125181 0
181 500184 500131 0
182 250142 250141 0
183 500155 500136 0
184 250191 250188 0
185 250151 250136 0
186 250172 250167 0
187 500157 500110 0
188 250115 250114 0
189 250137 250110 0
190 500158 500152 0
191 250160 250152 0
192 250183 250158 0
193 250155 250133 0
194 250154 250151 0
195 500158 500149 0
196 250136 250119 0
197 250180 250165 0
198 250127 250128 0
199 500153 500103 0
200 15790 15790 0
201 62606 62605 0
202 62666 62661 0
203 500197 500175 0
204 500192 500157 0
205 62681 62684 0
206 500134 500158 0
207 125166 125172 0
208 250117 250120 0
209 250101 250111 0
210 250174 250183 0
211 250116 250119 0
212 500137 500155 0
213 500117 500138 0
214 62696 62697 0
215 62629 62632 0
216 500171 500176 0
217 62666 62670 0
218 62642 62663 0
219 62607 62628 0
220 500162 500188 0
221 62606 62628 0
222 62634 62657 0
223 62666 62676 0
224 62658 62681 0
225 125167 125180 0
226 125151 125165 0
227 125156 125176 0
228 125129 125139 0
229 125107 125147 0
230 125102 125131 0
231 125110 125148 0
232 125125 125143 0
233 250117 250154 0
234 250112 250171 0
235 250143 250198 0
236 250148 250199 0
237 250133 250176 0
238 250123 250148 0
239 250132 250154 0
240 250151 250165 0
241 250103 250182 0
242 250113 250143 0
243 250113 250199 0
244 250174 250190 0
245 250102 250144 0
246 250118 250176 0
247 500118 500176 0
248 500141 500179 0
249 500130 500200 0
250 500104 500161 0
251 500143 500176 0
252 500141 500197 0
253 500116 500155 0
254 500143 500177 0
255 500115 500181 0
256 500161 500190 0
257 500122 500186 0
258 500146 500187 0
259 500123 500193 0
260 500119 500192 0
261 500131 500160 0
262 7949 7951 0
263 15800 15806 0
264 15751 15753 0
265 15788 15793 0
266 250190 250114 0
267 250195 250132 0
268 250156 250102 0
269 250178 250126 0
270 500178 500108 0
271 7944 7973 0
272 7932 7960 0
273 7931 7960 0
274 7947 7952 0
275 7916 7925 0
276 7932 7948 0
277 7981 8006 0
278 7933 7949 0
279 7967 7998 0
280 4024 4039 0
281 4013 4085 0
282 7936 8012 0
283 4077 4099 0
284 4060 4067 0
285 7961 7982 0
286 4016 4078 0
287 7915 7920 0
288 7985 7998 0
289 7976 8006 0
290 7948 7963 0
291 15755 15761 0
292 15770 15802 0
293 15737 15806 0
294 15794 15818 0
295 15762 15811 0
296 15762 15772 0
297 4017 4035 0
298 15752 15818 0
299 4044 4059 0
300 15733 15795 0
301 15731 15768 0
302 4011 4057 0
303 4059 4063 0
304 15762 15775 0
305 4039 4057 0
306 15773 15809 0
307 15753 15775 0
308 4026 4090 0
309 15740 15768 0
310 15743 15820 0
311 15766 15772 0
312 31359 31446 0
313 4009 4046 0
314 31365 31424 0
315 4067 4074 0
316 4037 4065 0
317 31384 31414 0
318 31365 31426 0
319 7950 7992 0
320 7941 8009 0
321 31358 31384 0
322 2068 2073 0
323 2105 2130 0
324 2062 2129 0
325 31364 31413 0
326 2060 2079 0
327 31377 31441 0
328 2073 2122 0
329 2113 2130 0
330 31368 31429 0
331 31378 31412 0
332 2097 2125 0
333 7915 7949 0
334 2055 2116 0
335 2067 2107 0
336 2066 2125 0
337 2101 2116 0
338 7926 7998 0
339 31360 31426 0
340 31359 31388 0
341 31374 31435 0
342 31404 31437 0
343 31422 31434 0
344 31361 31404 0
345 31415 31443 0
346 31354 31418 0
347 31380 31428 0
348 31362 31386 0
349 2123 2140 0
350 2114 2144 0
351 31387 31416 0
352 31351 31415 0
353 31394 31434 0
354 62611 62667 0
355 62639 62664 0
356 62645 62677 0
357 62639 62675 0
358 2078 2130 0
359 62616 62680 0
360 36 52 0
361 62601 62636 0
362 19 89 0
363 12 35 0
364 62619 62675 0
365 10 62 0
366 32 91 0
367 62624 62692 0
368 62632 62673 0
369 62602 62676 0
370 125111 125166 0
371 58 71 0
372 125106 125168 0
373 125124 125182 0
374 27 45 0
375 125110 125177 0
376 7946 7984 0
377 39 46 0
378 47 81 0
379 125120 125183 0
380 61 100 0
381 38 49 0
382 28 90 0
383 6 20 0
384 5 56 0
385 35 95 0
386 57 81 0
387 15 76 0
388 24 38 0
389 2 81 0
390 125112 125195 0
391 16 65 0
392 125114 125175 0
393 7968 8002 0
394 66 90 0
395 54 70 0
396 83 96 0
397 3 18 0
398 7916 7996 0
399 7979 7984 0
--------------
1000000 :c
1003854 :sum(p)
999999 :sum(w)
