400 :n
id p,w,x
--------------
0 2140 2056 1
1 2114 2061 1
2 2144 2083 1
3 2147 2080 1
4 4090 4011 1
5 15821 15728 1
6 2138 2057 1
7 2139 2067 1
8 2134 2080 1
9 15822 15748 1
10 95 41 1
11 89 19 1
12 86 21 1
13 7992 7932 1
14 15813 15747 1
15 7984 7926 1
16 76 18 1
17 100 17 1
18 31442 31351 1
19 8010 7951 1
20 58 20 1
21 48 22 1
22 39 20 1
23 72 37 1
24 25 16 1
25 28 19 1
26 35 24 1
27 87 64 1
28 81 60 1
29 39 29 1
30 55 43 1
31 39 36 1
32 2136 2098 1
33 2113 2080 1
34 4078 4026 1
35 4096 4046 1
36 4066 4021 1
37 4050 4010 1
38 2083 2064 1
39 2118 2100 1
40 4087 4055 1
41 2108 2093 1
42 4074 4047 1
43 2119 2105 1
44 4097 4070 1
45 4101 4076 1
46 8010 7964 1
47 2075 2064 1
48 7961 7919 1
49 4047 4026 1
50 2133 2122 1
51 4079 4059 1
52 8011 7973 1
53 4074 4055 1
54 4086 4068 1
55 2076 2067 1
56 7975 7944 1
57 15787 15726 1
58 15803 15746 1
59 7978 7950 1
60 4064 4050 1
61 15782 15729 1
62 15813 15763 1
63 7948 7923 1
64 4035 4023 1
65 7944 7922 1
66 15824 15781 1
67 4054 4043 1
68 15772 15730 1
69 7998 7977 1
70 15810 15769 1
71 15821 15781 1
72 4082 4072 1
73 7935 7916 1
74 31449 31376 1
75 8011 7993 1
76 4076 4067 1
77 15767 15735 1
78 7967 7951 1
79 15792 15761 1
80 31441 31380 1
81 31433 31383 1
82 31416 31367 1
83 15785 15761 1
84 31419 31383 1
85 4018 4010 1
86 15786 15767 1
87 62691 62619 1
88 31445 31404 1
89 2077 2074 1
90 15781 15763 1
91 31416 31385 1
92 62694 62633 1
93 2117 2086 1
94 31395 31351 1
95 7933 7921 1
96 62697 62636 1
97 31395 31365 0
98 15761 15746 1
99 62693 62649 0
100 8003 8003 0
101 2060 2059 0
102 31416 31388 0
103 7950 7946 0
104 7976 7972 1
105 31443 31422 0
106 4020 4030 0
107 125183 125101 0
108 62683 62645 0
109 125171 125101 0
110 31449 31430 0
111 31415 31392 0
112 125176 125114 0
113 52 100 0
114 62689 62634 0
115 62644 62614 0
116 31398 31383 0
117 125198 125146 0
118 125150 125101 0
119 15798 15792 1
120 62626 62604 0
121 62658 62636 0
122 31388 31377 0
123 62647 62627 0
124 31380 31370 0
125 31429 31420 0
126 62639 62623 0
127 62679 62663 0
128 31367 31359 0
129 7951 7949 0
130 62639 62624 0
131 62676 62663 0
132 62621 62610 0
133 62681 62670 0
134 62636 62626 0
135 62670 62660 0
136 7976 7975 0
137 31437 31435 0
138 31443 31441 0
139 15759 15758 0
140 15803 15802 0
141 31379 31378 0
142 7933 7933 0
143 15733 15733 0
144 15747 15747 0
145 7967 7968 0
146 15783 15785 0
147 15757 15761 0
148 2131 2132 0
149 2126 2127 1
150 4095 4097 0
151 15813 15824 0
152 4075 4078 0
153 7989 7995 0
154 15746 15760 0
155 2117 2120 1
156 4082 4088 0
157 2104 2108 0
158 7986 8004 0
159 7939 7958 0
160 7925 7945 0
161 2136 2142 0
162 4049 4061 0
163 4053 4066 0
164 2107 2114 0
165 2140 2151 0
166 4069 4094 0
167 2070 2084 0
168 2068 2085 0
169 2093 2113 0
170 2093 2119 0
171 2108 2137 0
172 2096 2125 0
173 97 99 0
174 38 40 0
175 88 97 0
176 79 88 0
177 64 74 0
178 76 95 0
179 47 77 0
180 38 68 0
181 14 28 0
182 1 2 0
183 17 46 0
184 15 45 0
185 125150 125111 0
186 500170 500195 0
187 125119 125121 0
188 250172 250132 0
189 500155 500133 0
190 500141 500122 0
191 125179 125184 0
192 500178 500127 0
193 125186 125168 0
194 500114 500138 0
195 125113 125101 0
196 500160 500121 0
197 250138 250140 0
198 500198 500124 0
199 500128 500108 0
200 500171 500192 0
201 250167 250130 0
202 250195 250129 0
203 500179 500106 0
204 250131 250108 0
205 500131 500125 0
206 500159 500158 0
207 500184 500193 0
208 250142 250114 0
209 500174 500158 0
210 500109 500112 0
211 500189 500145 0
212 500189 500163 0
213 500166 500125 0
214 250144 250142 0
215 125139 125103 0
216 250177 250173 0
217 125126 125114 0
218 250154 250139 0
219 250193 250136 0
220 250133 250139 0
221 250200 250154 0
222 250145 250119 0
223 250116 250102 0
224 250102 250112 0
225 125151 125104 0
226 125174 125127 0
227 250113 250102 0
228 125176 125153 0
229 125181 125153 0
230 250106 250106 0
231 125197 125161 0
232 250196 250157 0
233 250146 250112 0
234 250196 250169 0
235 250186 250160 0
236 125153 125126 0
237 250196 250175 0
238 125149 125130 0
239 250135 250145 0
240 250147 250149 0
241 250187 250193 0
242 250189 250189 0
243 250163 250132 0
244 500154 500112 0
245 500174 500192 0
246 250169 250128 0
247 250162 250174 0
248 500123 500124 0
249 500140 500136 0
250 500122 500138 0
251 62688 62680 0
252 500186 500174 0
253 500142 500152 0
254 500193 500167 0
255 500167 500129 0
256 250121 250108 0
257 125164 125170 0
258 125130 125132 0
259 125162 125160 0
260 31370 31377 0
261 31355 31414 0
262 31376 31413 0
263 7941 7974 0
264 31364 31437 0
265 7959 7988 0
266 31356 31419 0
267 62648 62681 0
268 7966 8001 0
269 62627 62667 0
270 7951 7982 0
271 31351 31375 0
272 62614 62662 0
273 31438 31446 0
274 7913 8006 0
275 62614 62643 0
276 62609 62670 0
277 62627 62673 0
278 7960 7997 0
279 62673 62695 0
280 62659 62675 0
281 4029 4072 0
282 62624 62678 0
283 4008 4075 0
284 4041 4084 0
285 7933 7959 0
286 62625 62685 0
287 62644 62673 0
288 62602 62611 0
289 4007 4093 0
290 4008 4039 0
291 4043 4081 0
292 62627 62642 0
293 62647 62652 0
294 4012 4080 0
295 4022 4067 0
296 62642 62679 0
297 62615 62655 0
298 62637 62681 0
299 4038 4082 0
300 62667 62678 0
301 4009 4058 0
302 31372 31420 0
303 31394 31424 0
304 4032 4073 0
305 62658 62683 0
306 62604 62670 0
307 31366 31395 0
308 7957 8004 0
309 62666 62687 0
310 4019 4086 0
311 15786 15816 0
312 4026 4086 0
313 125111 125121 0
314 4031 4087 0
315 125109 125182 0
316 125121 125167 0
317 125144 125151 0
318 31430 31443 0
319 7919 7955 0
320 2063 2096 0
321 7922 7966 0
322 2063 2147 0
323 7926 7992 0
324 7938 7973 0
325 125165 125191 0
326 7954 7998 0
327 125126 125134 0
328 125172 125191 0
329 31376 31431 0
330 31391 31421 0
331 31355 31396 0
332 2087 2139 0
333 125160 125174 0
334 125136 125180 0
335 125123 125150 0
336 125130 125156 0
337 2094 2149 0
338 125144 125191 0
339 125108 125136 0
340 2103 2134 0
341 125117 125196 0
342 125100 125192 0
343 125122 125146 0
344 125106 125152 0
345 125164 125172 0
346 2081 2113 0
347 7938 7974 0
348 250107 250160 0
349 2083 2147 0
350 250136 250151 0
351 31361 31414 0
352 250128 250151 0
353 250133 250200 0
354 31355 31449 0
355 250136 250174 0
356 2086 2118 0
357 31426 31437 0
358 31356 31447 0
359 250102 250174 0
360 250110 250127 0
361 250167 250185 0
362 250134 250198 0
363 42 86 0
364 42 80 0
365 15739 15791 0
366 250108 250176 0
367 500116 500199 0
368 15779 15801 0
369 26 75 0
370 26 85 0
371 23 100 0
372 500116 500180 0
373 500147 500187 0
374 5 63 0
375 18 99 0
376 500166 500192 0
377 500142 500182 0
378 15760 15790 0
379 7 66 0
380 15732 15796 0
381 15799 15823 0
382 500168 500199 0
383 500135 500185 0
384 13 73 0
385 500118 500169 0
386 15772 15820 0
387 500140 500167 0
388 500114 500180 0
389 15743 15808 0
390 15734 15758 0
391 15762 15786 0
392 15733 15770 0
393 500127 500190 0
394 500131 500198 0
395 500140 500178 0
396 15748 15814 0
397 5 66 0
398 15775 15812 0
399 15727 15773 0
--------------
1000000 :c
1003669 :sum(p)
1000000 :sum(w)
