400 :n
id p,w,x
--------------
0 31408 31351 1
1 62687 62601 1
2 4098 4029 1
3 4049 4016 1
4 4077 4016 1
5 4081 4049 1
6 4083 4019 1
7 31428 31366 1
8 4096 4054 1
9 96 3 1
10 4089 4007 1
11 8012 7943 1
12 4068 4008 1
13 7988 7914 1
14 7978 7919 1
15 7989 7948 1
16 31446 31367 1
17 2134 2072 1
18 31425 31379 1
19 7998 7925 1
20 7990 7925 1
21 65 41 1
22 2094 2063 1
23 2136 2114 1
24 8007 7922 1
25 92 30 1
26 31406 31356 1
27 2144 2112 1
28 7984 7961 1
29 2143 2124 1
30 2130 2085 1
31 7999 7971 1
32 7947 7917 1
33 2075 2056 1
34 65 13 1
35 89 44 1
36 7993 7953 1
37 2150 2077 1
38 7981 7945 1
39 2126 2067 1
40 31435 31366 1
41 48 8 1
42 2107 2054 1
43 15818 15780 1
44 2117 2066 1
45 15825 15763 1
46 15815 15774 1
47 15816 15767 1
48 82 48 1
49 31442 31394 1
50 31432 31380 1
51 59 12 1
52 15790 15730 1
53 55 10 1
54 65 36 1
55 15806 15732 1
56 15770 15727 1
57 15798 15734 1
58 46 16 1
59 31439 31385 1
60 50 48 0
61 2101 2083 1
62 2075 2059 1
63 2122 2106 1
64 2068 2057 1
65 4066 4050 1
66 4045 4030 1
67 7963 7946 1
68 15800 15773 1
69 15782 15756 1
70 15800 15777 1
71 7933 7922 1
72 7988 7977 1
73 7975 7965 0
74 4102 4097 0
75 31411 31376 1
76 15759 15742 1
77 15811 15794 1
78 15797 15781 1
79 7938 7930 0
80 2095 2086 1
81 31438 31407 1
82 15791 15776 1
83 31443 31419 1
84 62679 62632 1
85 4039 4036 0
86 4057 4012 1
87 31383 31356 1
88 4082 4079 0
89 31417 31395 1
90 62650 62608 0
91 8003 8007 0
92 4101 4103 0
93 14 41 0
94 15756 15746 0
95 15795 15785 0
96 31418 31399 0
97 62650 62613 0
98 62695 62659 0
99 2082 2086 0
100 125195 125124 0
101 125185 125121 0
102 15775 15767 0
103 7933 7929 0
104 125166 125104 0
105 62669 62638 0
106 125194 125135 0
107 125164 125106 0
108 125171 125114 0
109 125168 125112 0
110 31407 31393 0
111 31407 31395 0
112 15741 15735 0
113 15739 15734 0
114 31364 31356 0
115 7965 7963 0
116 31403 31397 0
117 15794 15791 0
118 15791 15790 0
119 15728 15728 0
120 15745 15745 0
121 15773 15774 0
122 15796 15798 0
123 2142 2143 1
124 4070 4072 0
125 7929 7933 0
126 4052 4055 0
127 2066 2068 0
128 2070 2073 0
129 4066 4072 0
130 2134 2138 0
131 4050 4058 0
132 2080 2087 0
133 2118 2127 0
134 2088 2099 0
135 2064 2076 0
136 22 26 0
137 22 28 0
138 37 50 0
139 16 22 0
140 3 6 0
141 10 23 0
142 250196 250108 0
143 62651 62627 0
144 62661 62650 0
145 62661 62641 0
146 250195 250124 0
147 250196 250101 0
148 250180 250108 0
149 250162 250139 0
150 62651 62633 0
151 125152 125138 0
152 125150 125122 0
153 125156 125125 0
154 125158 125116 0
155 125160 125125 0
156 125134 125103 0
157 250167 250114 0
158 500165 500149 0
159 500151 500113 0
160 500178 500165 0
161 250170 250156 0
162 500188 500173 0
163 500142 500123 0
164 500180 500137 0
165 500181 500173 0
166 500130 500103 0
167 62699 62696 0
168 500198 500195 0
169 500193 500152 0
170 500158 500140 0
171 500173 500137 0
172 500148 500106 0
173 500162 500146 0
174 125114 125113 0
175 125174 125168 0
176 125151 125144 0
177 500164 500134 0
178 125191 125188 0
179 500122 500112 0
180 250144 250141 0
181 500186 500163 0
182 250173 250169 0
183 125116 125115 0
184 500133 500124 0
185 125123 125115 0
186 500172 500170 0
187 31425 31423 0
188 125154 125145 0
189 500157 500152 0
190 250197 250187 0
191 250195 250176 0
192 125194 125190 0
193 500153 500141 0
194 250133 250123 0
195 250198 250180 0
196 500199 500169 0
197 62649 62646 0
198 62680 62679 0
199 500142 500137 0
200 500173 500161 0
201 250192 250192 0
202 500166 500140 0
203 125167 125115 0
204 125158 125126 0
205 62623 62626 0
206 500121 500155 0
207 62654 62661 0
208 500134 500147 0
209 500135 500192 0
210 500183 500197 0
211 250173 250191 0
212 62663 62665 0
213 125178 125178 0
214 250183 250184 0
215 125117 125125 0
216 250143 250157 0
217 125140 125141 0
218 500136 500175 0
219 500115 500163 0
220 250186 250194 0
221 125134 125138 0
222 250111 250122 0
223 250123 250150 0
224 250158 250165 0
225 250132 250156 0
226 500144 500162 0
227 250152 250173 0
228 31412 31415 0
229 500134 500142 0
230 250195 250154 0
231 62625 62617 0
232 62656 62641 0
233 62699 62680 0
234 500191 500139 0
235 125197 125148 0
236 250180 250123 0
237 250179 250116 0
238 31391 31411 0
239 500127 500184 0
240 31371 31399 0
241 250143 250189 0
242 31356 31391 0
243 31381 31406 0
244 500102 500186 0
245 15746 15755 0
246 31399 31415 0
247 31375 31399 0
248 31362 31374 0
249 31357 31387 0
250 250158 250187 0
251 250118 250182 0
252 31385 31421 0
253 31391 31395 0
254 31388 31400 0
255 62681 62689 0
256 62644 62653 0
257 62609 62696 0
258 62636 62661 0
259 62610 62657 0
260 62609 62697 0
261 62625 62692 0
262 500101 500161 0
263 62617 62651 0
264 62657 62688 0
265 62606 62628 0
266 62609 62625 0
267 62663 62684 0
268 15801 15815 0
269 250102 250151 0
270 62621 62698 0
271 250117 250195 0
272 62613 62656 0
273 62629 62660 0
274 62648 62671 0
275 15799 15821 0
276 62620 62694 0
277 62618 62660 0
278 62628 62637 0
279 125155 125196 0
280 125148 125177 0
281 250112 250190 0
282 125132 125155 0
283 125138 125184 0
284 125110 125193 0
285 125160 125185 0
286 125117 125163 0
287 125162 125186 0
288 125130 125199 0
289 15747 15764 0
290 250124 250153 0
291 250121 250155 0
292 500138 500199 0
293 31397 31429 0
294 250148 250188 0
295 250142 250198 0
296 15756 15775 0
297 500197 500104 0
298 250191 250161 0
299 125189 125134 0
300 31376 31373 0
301 250169 250104 0
302 500168 500114 0
303 125182 125171 0
304 125165 125129 0
305 62657 62639 0
306 250156 250102 0
307 250195 250162 0
308 62639 62629 0
309 7977 7992 0
310 4012 4065 0
311 4037 4101 0
312 4037 4058 0
313 7927 7995 0
314 4065 4082 0
315 4020 4097 0
316 7963 7997 0
317 4041 4086 0
318 4029 4069 0
319 7956 7979 0
320 2087 2120 0
321 7930 7977 0
322 4074 4102 0
323 7984 8002 0
324 2068 2110 0
325 2092 2152 0
326 7932 7981 0
327 7922 7963 0
328 7935 7998 0
329 7950 7964 0
330 4031 4047 0
331 4020 4041 0
332 7931 7970 0
333 2094 2131 0
334 7985 8006 0
335 4021 4090 0
336 2071 2105 0
337 7930 8007 0
338 2090 2120 0
339 7921 7942 0
340 7952 7997 0
341 7968 7986 0
342 7971 8011 0
343 2061 2133 0
344 2055 2148 0
345 4084 4105 0
346 2116 2146 0
347 2096 2132 0
348 7944 8010 0
349 7966 8010 0
350 2106 2150 0
351 2070 2149 0
352 2104 2146 0
353 15726 15810 0
354 4013 4042 0
355 15742 15767 0
356 2130 2153 0
357 15734 15800 0
358 2061 2104 0
359 11 38 0
360 20 76 0
361 15790 15825 0
362 43 79 0
363 15736 15807 0
364 61 94 0
365 4050 4095 0
366 28 91 0
367 4015 4082 0
368 15745 15812 0
369 19 70 0
370 57 88 0
371 49 78 0
372 4017 4062 0
373 38 81 0
374 4041 4102 0
375 4032 4098 0
376 1 68 0
377 7 38 0
378 15739 15787 0
379 15765 15805 0
380 15761 15786 0
381 23 48 0
382 13 40 0
383 26 74 0
384 31358 31412 0
385 34 89 0
386 2 78 0
387 4060 4096 0
388 31360 31417 0
389 12 81 0
390 59 86 0
391 15 94 0
392 31378 31446 0
393 31366 31441 0
394 31351 31426 0
395 31360 31446 0
396 21 78 0
397 26 79 0
398 4020 4070 0
399 4010 4090 0
--------------
1000000 :c
1003577 :sum(p)
999999 :sum(w)
