400 :n
id p,w,x
--------------
0 2148 2086 1
1 2127 2087 1
2 85 59 1
3 86 15 1
4 95 59 1
5 4076 4009 1
6 4092 4011 1
7 4106 4030 1
8 94 5 1
9 2137 2099 1
10 96 59 1
11 92 36 1
12 93 48 1
13 2117 2075 1
14 2123 2083 1
15 97 23 1
16 2131 2054 1
17 94 59 1
18 2141 2065 1
19 2117 2080 1
20 2151 2084 1
21 98 50 1
22 2128 2057 1
23 87 60 1
24 2109 2061 1
25 48 24 1
26 95 62 1
27 91 60 1
28 79 47 1
29 70 6 1
30 92 33 1
31 2143 2086 1
32 32 21 1
33 36 27 1
34 97 85 1
35 11 10 1
36 29 27 1
37 74 71 0
38 47 46 0
39 4074 4009 1
40 2108 2078 1
41 4089 4031 1
42 4105 4047 1
43 4078 4026 1
44 2142 2115 1
45 4076 4028 1
46 8006 7916 1
47 4099 4053 1
48 2109 2086 1
49 7996 7918 1
50 4101 4063 1
51 4054 4017 1
52 7999 7932 1
53 7993 7931 1
54 2152 2136 1
55 7980 7931 1
56 7968 7921 1
57 8010 7964 1
58 15816 15739 1
59 15812 15747 1
60 15806 15742 1
61 4104 4088 1
62 7965 7937 1
63 7942 7915 1
64 15809 15761 1
65 15788 15741 1
66 15801 15756 1
67 2148 2142 0
68 15789 15746 1
69 31448 31363 1
70 31450 31367 1
71 4046 4036 1
72 31431 31354 1
73 15786 15749 1
74 7999 7981 1
75 4082 4074 1
76 2119 2115 0
77 15778 15749 1
78 31418 31364 1
79 15817 15791 1
80 7996 7983 0
81 7976 7964 1
82 15811 15790 1
83 31423 31383 1
84 31403 31367 1
85 31419 31384 1
86 15778 15761 1
87 31388 31355 1
88 62679 62618 1
89 2092 2071 1
90 67 32 1
91 4044 4021 1
92 62679 62615 1
93 62682 62622 1
94 4057 4053 0
95 31403 31373 0
96 15780 15765 0
97 31393 31360 1
98 62665 62601 1
99 31398 31369 1
100 62697 62640 1
101 31427 31406 0
102 31423 31396 0
103 2137 2146 0
104 62684 62637 0
105 15791 15777 0
106 15781 15768 0
107 31416 31391 0
108 15733 15784 0
109 62661 62614 0
110 62700 62647 0
111 15805 15796 0
112 31375 31352 0
113 4094 4091 0
114 15758 15747 0
115 125190 125108 0
116 62664 62623 0
117 62678 62638 0
118 31394 31374 0
119 125193 125116 0
120 125171 125101 0
121 62650 62621 0
122 62682 62653 0
123 31370 31356 0
124 125194 125139 0
125 62664 62637 0
126 125195 125146 0
127 7919 7916 0
128 62676 62653 0
129 62650 62629 0
130 62664 62643 0
131 62626 62606 0
132 62676 62656 0
133 62668 62649 0
134 250193 250118 0
135 125158 125122 0
136 31378 31369 0
137 250176 250105 0
138 125149 125114 0
139 31369 31361 0
140 31405 31397 0
141 7974 7972 0
142 7989 7987 0
143 7982 7981 0
144 8005 8004 0
145 86 86 0
146 8006 8006 0
147 8005 8005 0
148 7946 7946 0
149 15805 15808 0
150 15766 15769 0
151 7959 7962 0
152 7972 7980 0
153 7929 7938 0
154 7931 7942 0
155 2088 2091 0
156 4042 4050 0
157 4027 4035 0
158 2087 2092 0
159 4042 4052 0
160 4009 4019 0
161 4010 4022 0
162 4041 4054 0
163 4047 4062 0
164 2080 2088 0
165 2115 2133 0
166 84 88 0
167 80 89 0
168 71 87 0
169 35 54 0
170 250159 250154 0
171 500177 500156 0
172 125174 125139 0
173 500195 500172 0
174 500186 500131 0
175 500190 500101 0
176 250181 250141 0
177 500155 500145 0
178 500193 500123 0
179 250152 250128 0
180 250167 250103 0
181 62604 62603 0
182 125117 125107 0
183 125154 125127 0
184 125106 125102 0
185 125190 125170 0
186 125134 125121 0
187 62690 62679 0
188 500175 500120 0
189 125156 125124 0
190 125156 125137 0
191 62698 62692 0
192 62619 62605 0
193 125181 125176 0
194 125149 125139 0
195 500182 500171 0
196 250154 250151 0
197 250165 250143 0
198 500185 500159 0
199 500186 500182 0
200 250199 250181 0
201 250168 250102 0
202 250161 250110 0
203 62618 62610 0
204 250150 250109 0
205 250176 250108 0
206 500196 500172 0
207 500190 500144 0
208 250182 250173 0
209 62612 62689 0
210 62627 62654 0
211 15782 15808 0
212 15756 15771 0
213 62606 62638 0
214 15739 15770 0
215 62620 62669 0
216 15789 15815 0
217 15790 15798 0
218 15787 15822 0
219 62674 62692 0
220 15775 15823 0
221 15728 15796 0
222 62627 62652 0
223 62624 62627 0
224 15742 15799 0
225 15759 15780 0
226 62685 62690 0
227 62606 62621 0
228 15768 15800 0
229 62606 62642 0
230 62635 62660 0
231 62633 62696 0
232 15729 15768 0
233 62639 62682 0
234 62635 62659 0
235 15798 15807 0
236 15746 15759 0
237 62662 62699 0
238 62637 62660 0
239 7978 8000 0
240 7950 8010 0
241 125141 125181 0
242 7953 7967 0
243 125171 125198 0
244 125143 125185 0
245 15756 15772 0
246 15782 15818 0
247 7914 7974 0
248 15751 15792 0
249 7957 8003 0
250 125139 125197 0
251 31390 31428 0
252 125103 125197 0
253 7926 7964 0
254 7935 7970 0
255 125146 125191 0
256 7935 7950 0
257 125165 125183 0
258 15731 15792 0
259 125170 125176 0
260 125128 125178 0
261 125163 125166 0
262 125101 125118 0
263 7947 7986 0
264 7921 7959 0
265 7945 8006 0
266 7960 7985 0
267 125156 125157 0
268 7924 7948 0
269 7922 7995 0
270 125170 125189 0
271 7933 7995 0
272 7914 7945 0
273 125112 125141 0
274 15752 15825 0
275 15774 15791 0
276 125132 125188 0
277 125124 125184 0
278 125133 125165 0
279 125148 125158 0
280 125166 125172 0
281 4024 4045 0
282 4020 4087 0
283 125149 125171 0
284 31384 31446 0
285 4012 4081 0
286 4021 4044 0
287 31384 31384 0
288 31401 31420 0
289 125158 125170 0
290 4021 4082 0
291 4024 4092 0
292 125163 125173 0
293 4011 4065 0
294 125110 125147 0
295 250102 250154 0
296 31425 31427 0
297 4008 4044 0
298 250161 250168 0
299 4015 4033 0
300 250131 250199 0
301 4012 4034 0
302 4034 4060 0
303 4035 4100 0
304 250124 250177 0
305 4032 4063 0
306 250113 250175 0
307 250141 250183 0
308 250151 250186 0
309 250134 250168 0
310 31364 31384 0
311 250122 250193 0
312 4041 4072 0
313 250127 250142 0
314 4021 4061 0
315 4033 4081 0
316 250133 250167 0
317 31427 31432 0
318 31418 31420 0
319 250179 250188 0
320 2056 2139 0
321 250130 250182 0
322 31375 31440 0
323 250108 250134 0
324 2088 2109 0
325 2065 2087 0
326 2074 2148 0
327 2106 2127 0
328 31363 31432 0
329 250118 250165 0
330 2079 2135 0
331 250165 250181 0
332 2058 2105 0
333 2081 2111 0
334 250113 250138 0
335 2119 2152 0
336 2109 2147 0
337 250138 250137 0
338 2055 2124 0
339 250132 250192 0
340 31376 31437 0
341 250154 250190 0
342 31353 31446 0
343 2084 2111 0
344 250144 250165 0
345 250133 250138 0
346 250139 250189 0
347 250103 250136 0
348 2059 2141 0
349 31423 31437 0
350 250110 250118 0
351 250132 250183 0
352 500146 500170 0
353 2057 2123 0
354 500150 500192 0
355 2072 2103 0
356 2075 2127 0
357 500125 500132 0
358 500144 500192 0
359 500116 500144 0
360 500121 500188 0
361 16 78 0
362 500145 500152 0
363 31360 31422 0
364 2 59 0
365 500117 500136 0
366 31363 31449 0
367 500131 500175 0
368 22 73 0
369 500170 500197 0
370 500144 500179 0
371 500130 500162 0
372 24 85 0
373 500125 500126 0
374 500151 500150 0
375 31370 31438 0
376 500135 500198 0
377 500147 500179 0
378 500150 500182 0
379 22 74 0
380 5 36 0
381 500185 500189 0
382 500106 500145 0
383 500132 500171 0
384 31384 31432 0
385 500104 500117 0
386 12 49 0
387 500198 500200 0
388 36 84 0
389 41 99 0
390 500173 500195 0
391 59 97 0
392 500123 500151 0
393 500116 500150 0
394 500108 500197 0
395 500108 500111 0
396 31393 31414 0
397 500168 500192 0
398 31424 31444 0
399 31360 31401 0
--------------
1000000 :c
1004163 :sum(p)
999997 :sum(w)
