400 :n
id p,w,x
--------------
0 95 7 1
1 98 21 1
2 90 21 1
3 90 30 1
4 56 21 1
5 25 10 1
6 73 31 1
7 65 29 1
8 72 36 1
9 45 25 1
10 98 56 1
11 80 46 1
12 80 48 1
13 80 54 1
14 69 52 1
15 82 62 1
16 51 41 1
17 90 83 1
18 2152 2065 1
19 50 48 0
20 2134 2057 1
21 2133 2059 1
22 2132 2070 1
23 2149 2095 1
24 2146 2094 1
25 4099 4010 1
26 2138 2094 1
27 4088 4016 1
28 2151 2114 1
29 4095 4025 1
30 2088 2056 1
31 2102 2073 1
32 4076 4021 1
33 4095 4040 1
34 4059 4009 1
35 4066 4018 1
36 89 88 0
37 4092 4047 1
38 2104 2082 1
39 8010 7928 1
40 4105 4064 1
41 2079 2059 1
42 7996 7925 1
43 7986 7917 1
44 2137 2119 1
45 2138 2121 1
46 2147 2130 1
47 4052 4021 1
48 7987 7927 1
49 2119 2104 1
50 7993 7938 1
51 8003 7949 1
52 2118 2104 1
53 7978 7926 1
54 4061 4035 1
55 7962 7913 1
56 2130 2117 1
57 7995 7948 1
58 7958 7913 1
59 7966 7921 1
60 2153 2141 1
61 4072 4050 1
62 4085 4063 1
63 4062 4041 1
64 8001 7962 1
65 8005 7967 1
66 4030 4012 1
67 4044 4027 1
68 15802 15738 1
69 15800 15737 1
70 4032 4016 1
71 8006 7976 1
72 15795 15738 1
73 15787 15738 1
74 7979 7955 1
75 15777 15731 1
76 7940 7917 1
77 15772 15727 1
78 31439 31351 1
79 15788 15744 1
80 15802 15758 1
81 4081 4070 1
82 15785 15743 1
83 15814 15772 1
84 15766 15726 1
85 31450 31371 1
86 7939 7921 1
87 15802 15768 1
88 7998 7981 1
89 15760 15728 1
90 31438 31377 1
91 2115 2111 0
92 2122 2118 1
93 31423 31366 1
94 31418 31367 1
95 31421 31371 1
96 31409 31360 1
97 15762 15739 1
98 31427 31382 1
99 54 16 1
100 7977 7966 1
101 8005 7994 1
102 31438 31396 1
103 31399 31361 1
104 15810 15792 0
105 15749 15732 0
106 62685 62618 1
107 7938 7930 0
108 15765 15743 0
109 4020 4008 1
110 7993 7985 0
111 62697 62635 1
112 62690 62629 1
113 62694 62692 0
114 31450 31426 0
115 31396 31375 0
116 7934 7927 0
117 31443 31419 0
118 31391 31368 0
119 15814 15803 0
120 15807 15825 0
121 62686 62642 0
122 62675 62630 0
123 62693 62651 0
124 7933 7949 0
125 125199 125107 0
126 15740 15730 0
127 62639 62601 0
128 15798 15789 0
129 125196 125128 0
130 31410 31393 0
131 31423 31406 0
132 125191 125124 0
133 62639 62606 0
134 15753 15745 0
135 125194 125133 0
136 125178 125125 0
137 62651 62626 0
138 7999 7997 0
139 7939 7938 0
140 15798 15797 0
141 32 32 0
142 2140 2140 0
143 15777 15778 0
144 4013 4014 0
145 15733 15738 0
146 4008 4010 0
147 7952 7957 0
148 2116 2118 0
149 7995 8004 0
150 2146 2149 0
151 4085 4092 0
152 2121 2125 0
153 4010 4018 0
154 4022 4032 0
155 4074 4089 0
156 2099 2110 0
157 29 30 1
158 88 95 0
159 87 95 0
160 66 80 0
161 51 64 0
162 14 25 0
163 250164 250141 0
164 500200 500104 0
165 500192 500108 0
166 125173 125140 0
167 125193 125173 0
168 125193 125172 0
169 500163 500106 0
170 125132 125105 0
171 500193 500132 0
172 125145 125127 0
173 125174 125150 0
174 500179 500124 0
175 500197 500150 0
176 500157 500115 0
177 500191 500127 0
178 31372 31363 0
179 500200 500131 0
180 31400 31396 0
181 31420 31417 0
182 250164 250108 0
183 250172 250123 0
184 62651 62641 0
185 250177 250141 0
186 250145 250105 0
187 125194 125153 0
188 250197 250116 0
189 62666 62647 0
190 250190 250116 0
191 62667 62646 0
192 250181 250105 0
193 62637 62613 0
194 125184 125147 0
195 250156 250116 0
196 62672 62664 0
197 250167 250129 0
198 500154 500114 0
199 62685 62667 0
200 250178 250111 0
201 250145 250107 0
202 250168 250131 0
203 250149 250120 0
204 250167 250120 0
205 62653 62641 0
206 125167 125148 0
207 31444 31439 0
208 250190 250161 0
209 250171 250130 0
210 15731 15786 0
211 125139 125140 0
212 15750 15816 0
213 125198 125191 0
214 125119 125164 0
215 31361 31440 0
216 125157 125149 0
217 31413 31418 0
218 125140 125192 0
219 125124 125165 0
220 125144 125166 0
221 31370 31437 0
222 31370 31399 0
223 31413 31433 0
224 15758 15806 0
225 15755 15786 0
226 125159 125199 0
227 62624 62665 0
228 15733 15819 0
229 15767 15788 0
230 15748 15804 0
231 15736 15801 0
232 15768 15794 0
233 15792 15803 0
234 125102 125176 0
235 15778 15796 0
236 15796 15804 0
237 31372 31424 0
238 15805 15821 0
239 62615 62628 0
240 125138 125165 0
241 7970 7996 0
242 62605 62608 0
243 7961 8006 0
244 15759 15801 0
245 7970 8007 0
246 250132 250143 0
247 7929 7969 0
248 7921 7995 0
249 7921 7998 0
250 62616 62659 0
251 250122 250187 0
252 62662 62668 0
253 7934 7989 0
254 7949 7978 0
255 7936 7982 0
256 250170 250163 0
257 62677 62686 0
258 250105 250143 0
259 250114 250163 0
260 7942 7962 0
261 62604 62620 0
262 62640 62659 0
263 62638 62692 0
264 250119 250200 0
265 62609 62620 0
266 62623 62679 0
267 62665 62697 0
268 62659 62695 0
269 7933 7972 0
270 7945 7974 0
271 250139 250170 0
272 62645 62671 0
273 250154 250146 0
274 62679 62697 0
275 31357 31432 0
276 250141 250168 0
277 62622 62649 0
278 31383 31422 0
279 15757 15824 0
280 62623 62654 0
281 250186 250180 0
282 4056 4094 0
283 4007 4052 0
284 250106 250117 0
285 62605 62615 0
286 4014 4096 0
287 4068 4094 0
288 250131 250147 0
289 250119 250178 0
290 4059 4091 0
291 4021 4086 0
292 125101 125162 0
293 4061 4102 0
294 62623 62643 0
295 4022 4049 0
296 250166 250184 0
297 4022 4047 0
298 4047 4069 0
299 250151 250182 0
300 4022 4064 0
301 62617 62631 0
302 250126 250156 0
303 125131 125199 0
304 4029 4066 0
305 31390 31425 0
306 250135 250161 0
307 4032 4093 0
308 250127 250159 0
309 125122 125181 0
310 4026 4073 0
311 250156 250166 0
312 62613 62690 0
313 31361 31375 0
314 250108 250152 0
315 250133 250191 0
316 250132 250141 0
317 4072 4096 0
318 62615 62622 0
319 250191 250179 0
320 62617 62691 0
321 500128 500121 0
322 2115 2153 0
323 500168 500138 0
324 125121 125188 0
325 500196 500190 0
326 31435 31446 0
327 31375 31420 0
328 2062 2121 0
329 125121 125149 0
330 2098 2132 0
331 500153 500183 0
332 2123 2144 0
333 2084 2141 0
334 125136 125163 0
335 500152 500120 0
336 2060 2120 0
337 2063 2126 0
338 500187 500157 0
339 500199 500193 0
340 125134 125131 0
341 500136 500167 0
342 500125 500146 0
343 2101 2121 0
344 500171 500149 0
345 500133 500109 0
346 31392 31395 0
347 500121 500135 0
348 2070 2094 0
349 500111 500114 0
350 500168 500168 0
351 31406 31447 0
352 2083 2104 0
353 500127 500167 0
354 2077 2144 0
355 2085 2144 0
356 500160 500154 0
357 2077 2112 0
358 2067 2090 0
359 39 72 0
360 125166 125163 0
361 500161 500137 0
362 500174 500179 0
363 33 78 0
364 9 77 0
365 31365 31399 0
366 5 85 0
367 500117 500115 0
368 500140 500192 0
369 500176 500163 0
370 125115 125128 0
371 500163 500151 0
372 31404 31433 0
373 125143 125166 0
374 66 88 0
375 23 97 0
376 500107 500159 0
377 31362 31391 0
378 125148 125142 0
379 31398 31429 0
380 500141 500105 0
381 500128 500164 0
382 35 75 0
383 500130 500140 0
384 125164 125195 0
385 500107 500186 0
386 125105 125140 0
387 7 34 0
388 40 70 0
389 14 91 0
390 500149 500181 0
391 19 100 0
392 500104 500179 0
393 31366 31381 0
394 37 79 0
395 125108 125150 0
396 500114 500169 0
397 125105 125145 0
398 125122 125118 0
399 31393 31445 0
--------------
1000000 :c
1004338 :sum(p)
999999 :sum(w)
