400 :n
id p,w,x
--------------
0 2147 2134 1
1 2129 2062 1
2 15797 15731 1
3 15800 15735 1
4 64 5 1
5 15817 15757 1
6 15764 15730 1
7 15821 15752 1
8 15794 15752 1
9 15802 15763 1
10 15796 15743 1
11 98 54 1
12 67 35 1
13 2080 2055 1
14 100 10 1
15 15813 15773 1
16 84 5 1
17 30 3 1
18 78 64 1
19 15783 15731 1
20 15797 15766 1
21 66 43 1
22 15764 15728 1
23 15802 15759 1
24 31439 31351 1
25 90 37 1
26 44 34 1
27 34 18 1
28 19 9 1
29 7975 7941 1
30 7970 7915 1
31 2125 2098 1
32 7995 7957 1
33 7957 7919 1
34 31442 31364 1
35 7996 7916 1
36 2151 2054 1
37 64 52 1
38 95 66 1
39 7948 7915 1
40 7992 7936 1
41 58 18 1
42 7969 7926 1
43 80 33 1
44 8009 7932 1
45 56 33 1
46 7996 7976 1
47 8011 7946 1
48 2103 2069 1
49 7940 7920 1
50 8001 7927 1
51 7998 7949 1
52 2128 2092 1
53 8010 7982 1
54 2143 2116 1
55 2140 2116 1
56 8000 7947 1
57 4076 4026 1
58 4106 4069 1
59 2150 2074 1
60 2125 2081 1
61 2137 2081 1
62 2135 2080 1
63 4097 4045 1
64 2121 2077 1
65 2077 2056 1
66 4091 4036 1
67 2114 2062 1
68 2127 2055 1
69 4096 4026 1
70 4084 4056 1
71 2118 2069 1
72 4082 4011 1
73 4100 4049 1
74 15785 15755 1
75 2106 2086 1
76 2086 2069 1
77 2153 2062 1
78 4089 4007 1
79 27 23 1
80 96 89 1
81 2093 2085 1
82 2105 2097 1
83 4088 4074 1
84 2128 2121 1
85 4087 4076 1
86 4105 4094 1
87 7965 7946 1
88 8009 7990 1
89 31415 31356 1
90 31423 31364 1
91 31434 31378 1
92 31440 31388 1
93 15812 15786 1
94 15759 15734 1
95 4055 4049 0
96 62699 62609 1
97 2151 2141 1
98 7946 7935 1
99 7963 7952 1
100 31398 31357 1
101 31445 31404 0
102 79 67 1
103 62687 62604 1
104 62685 62603 1
105 15757 15737 1
106 62695 62616 1
107 4033 4028 0
108 31448 31449 0
109 15821 15806 0
110 15739 15746 0
111 15751 15732 0
112 31442 31407 0
113 15753 15736 0
114 62669 62602 0
115 7992 7993 0
116 62687 62622 0
117 62664 62601 0
118 2133 2131 0
119 31425 31396 0
120 62659 62605 0
121 62652 62604 0
122 4016 4013 0
123 4041 4038 0
124 4102 4099 0
125 15784 15774 0
126 2089 2088 1
127 7986 7983 0
128 4039 4038 0
129 4020 4021 0
130 85 86 0
131 39 40 0
132 27 29 0
133 67 72 0
134 15760 15758 0
135 125193 125164 0
136 62654 62626 0
137 250127 250114 0
138 250172 250158 0
139 250125 250108 0
140 62686 62665 0
141 500175 500135 0
142 62647 62618 0
143 250122 250101 0
144 62655 62625 0
145 125190 125178 0
146 250141 250127 0
147 250199 250145 0
148 125197 125109 0
149 125159 125112 0
150 15741 15736 0
151 62694 62661 0
152 125187 125156 0
153 62683 62646 0
154 125189 125122 0
155 15768 15762 0
156 500169 500120 0
157 250191 250166 0
158 62664 62651 0
159 125171 125148 0
160 125160 125121 0
161 500184 500102 0
162 250172 250101 0
163 31445 31438 0
164 125189 125102 0
165 250171 250106 0
166 250185 250148 0
167 62669 62634 0
168 500192 500152 0
169 500199 500124 0
170 31404 31397 0
171 250194 250161 0
172 125163 125131 0
173 31360 31352 0
174 250200 250116 0
175 500186 500122 0
176 500192 500163 0
177 31382 31367 0
178 31399 31393 0
179 500152 500102 0
180 500196 500157 0
181 125143 125130 0
182 31373 31364 0
183 62687 62647 0
184 500169 500111 0
185 125177 125145 0
186 125166 125132 0
187 250188 250133 0
188 62644 62627 0
189 125126 125119 0
190 250153 250109 0
191 250200 250159 0
192 500140 500148 0
193 500138 500132 0
194 500158 500150 0
195 500165 500153 0
196 500125 500131 0
197 250169 250174 0
198 250171 250172 0
199 500142 500152 0
200 250131 250145 0
201 31390 31391 0
202 125131 125125 0
203 500131 500131 0
204 62625 62626 0
205 500139 500131 0
206 250176 250170 0
207 250142 250140 0
208 250172 250161 0
209 500188 500199 0
210 250134 250144 0
211 62636 62633 0
212 125131 125137 0
213 500144 500130 0
214 500156 500178 0
215 125115 125111 0
216 125132 125129 0
217 125123 125129 0
218 125106 125113 0
219 125177 125175 0
220 500188 500174 0
221 500155 500154 0
222 500172 500180 0
223 62686 62639 0
224 125198 125158 0
225 250196 250101 0
226 62684 62650 0
227 62651 62634 0
228 15771 15821 0
229 15743 15812 0
230 15771 15809 0
231 15784 15823 0
232 15740 15780 0
233 15751 15794 0
234 500154 500182 0
235 31408 31450 0
236 15728 15819 0
237 31370 31419 0
238 31392 31405 0
239 31355 31411 0
240 7913 8012 0
241 31351 31434 0
242 7960 7971 0
243 31361 31364 0
244 31428 31431 0
245 7945 7978 0
246 31390 31407 0
247 31388 31430 0
248 7949 7952 0
249 31439 31445 0
250 31372 31399 0
251 15742 15744 0
252 7936 7995 0
253 7956 7977 0
254 31387 31420 0
255 31408 31434 0
256 31375 31385 0
257 7952 7969 0
258 7932 7986 0
259 31354 31385 0
260 31371 31432 0
261 31420 31445 0
262 7966 8007 0
263 31370 31372 0
264 7982 7988 0
265 7917 7927 0
266 7968 7977 0
267 7984 8010 0
268 31358 31371 0
269 7932 7988 0
270 31388 31430 0
271 7992 7993 0
272 7921 8003 0
273 7958 8006 0
274 31371 31432 0
275 31372 31422 0
276 62626 62668 0
277 7944 7970 0
278 62643 62700 0
279 62644 62673 0
280 4053 4079 0
281 62626 62651 0
282 62655 62689 0
283 62611 62631 0
284 4013 4052 0
285 62615 62653 0
286 4035 4054 0
287 4024 4084 0
288 62604 62608 0
289 4047 4078 0
290 4055 4090 0
291 4013 4078 0
292 4082 4091 0
293 4032 4081 0
294 4019 4026 0
295 4012 4029 0
296 62645 62681 0
297 62623 62646 0
298 62613 62634 0
299 4088 4102 0
300 62612 62638 0
301 15768 15769 0
302 4009 4090 0
303 4026 4043 0
304 4024 4052 0
305 4039 4055 0
306 4013 4073 0
307 4025 4089 0
308 62675 62679 0
309 62641 62651 0
310 4044 4083 0
311 62648 62666 0
312 4020 4064 0
313 62662 62676 0
314 125115 125133 0
315 125100 125195 0
316 125152 125174 0
317 4028 4090 0
318 125136 125154 0
319 125108 125126 0
320 125100 125113 0
321 125125 125137 0
322 2127 2142 0
323 2063 2088 0
324 125146 125177 0
325 2066 2129 0
326 125125 125164 0
327 125139 125165 0
328 125134 125158 0
329 125186 125198 0
330 125143 125154 0
331 125142 125177 0
332 2079 2111 0
333 2069 2101 0
334 125104 125183 0
335 125100 125133 0
336 125158 125199 0
337 2067 2141 0
338 2080 2096 0
339 125156 125196 0
340 250137 250196 0
341 2084 2109 0
342 250102 250198 0
343 250102 250173 0
344 250108 250191 0
345 250106 250132 0
346 250102 250169 0
347 250126 250171 0
348 250111 250179 0
349 2141 2149 0
350 2105 2123 0
351 250167 250190 0
352 2118 2128 0
353 250136 250182 0
354 250112 250187 0
355 2096 2146 0
356 250154 250170 0
357 2091 2142 0
358 250116 250142 0
359 250138 250162 0
360 250106 250151 0
361 15728 15816 0
362 250158 250196 0
363 250150 250179 0
364 500134 500198 0
365 10 62 0
366 3 61 0
367 500120 500164 0
368 58 99 0
369 500147 500192 0
370 500141 500185 0
371 22 46 0
372 500118 500158 0
373 63 79 0
374 15752 15773 0
375 500116 500150 0
376 63 76 0
377 500114 500192 0
378 22 96 0
379 25 41 0
380 15742 15797 0
381 500113 500165 0
382 500102 500149 0
383 25 92 0
384 15731 15808 0
385 500150 500194 0
386 500111 500152 0
387 70 77 0
388 500128 500199 0
389 2 66 0
390 500120 500188 0
391 500125 500171 0
392 500135 500194 0
393 34 79 0
394 21 74 0
395 1 57 0
396 16 71 0
397 23 40 0
398 15765 15798 0
399 15769 15774 0
--------------
1000000 :c
1004461 :sum(p)
999996 :sum(w)
