400 :n
id p,w,x
--------------
0 4055 4019 1
1 4064 4023 1
2 4054 4013 1
3 61 12 1
4 98 4 1
5 15806 15726 1
6 91 3 1
7 2143 2073 1
8 15824 15755 1
9 4048 4009 1
10 7987 7941 1
11 76 54 1
12 89 6 1
13 82 18 1
14 7985 7933 1
15 72 50 1
16 90 43 1
17 8000 7921 1
18 96 20 1
19 8012 7953 1
20 65 13 1
21 4083 4013 1
22 7975 7936 1
23 7988 7937 1
24 58 23 1
25 15825 15765 1
26 4098 4059 1
27 4100 4037 1
28 30 10 1
29 85 48 1
30 95 64 1
31 71 52 1
32 58 29 1
33 2116 2073 1
34 4037 4007 1
35 2152 2065 1
36 2152 2125 1
37 4056 4032 1
38 4081 4040 1
39 4067 4032 1
40 2116 2074 1
41 2106 2072 1
42 2123 2085 1
43 2149 2121 1
44 4098 4036 1
45 2122 2062 1
46 2130 2073 1
47 2137 2068 1
48 2135 2054 1
49 2123 2069 1
50 4085 4019 1
51 2149 2119 1
52 31435 31357 1
53 72 55 1
54 64 54 1
55 100 93 1
56 86 81 1
57 99 97 1
58 2089 2073 1
59 2103 2087 1
60 2101 2087 1
61 2083 2071 1
62 2138 2127 1
63 4063 4043 1
64 2070 2060 1
65 2118 2109 1
66 7984 7961 1
67 7968 7946 1
68 15806 15767 1
69 15800 15765 1
70 15777 15748 1
71 31443 31386 1
72 31416 31362 1
73 7995 7983 1
74 31434 31389 1
75 15752 15731 1
76 62689 62608 1
77 31408 31368 1
78 15810 15790 0
79 62696 62619 1
80 4098 4093 0
81 31425 31387 1
82 15789 15770 0
83 15801 15782 1
84 4046 4032 1
85 31427 31391 1
86 15751 15733 1
87 15794 15776 0
88 62690 62625 1
89 15775 15759 1
90 8002 7933 1
91 62665 62607 1
92 31389 31352 1
93 62680 62613 1
94 62675 62617 1
95 31379 31351 1
96 62694 62656 0
97 31449 31427 0
98 34 80 0
99 15824 15810 0
100 7936 7929 0
101 31404 31380 0
102 62663 62616 0
103 4091 4088 0
104 250194 250125 0
105 15798 15788 0
106 7935 7930 0
107 62655 62616 0
108 125189 125112 0
109 31419 31400 0
110 125194 125120 0
111 62682 62645 0
112 62689 62653 0
113 31413 31395 0
114 15768 15759 0
115 62686 62654 0
116 62678 62647 0
117 31423 31408 0
118 31430 31417 0
119 15785 15781 0
120 7922 7921 0
121 7946 7945 0
122 15738 15737 0
123 15739 15738 0
124 15793 15793 0
125 4052 4052 0
126 15777 15777 0
127 7955 7956 0
128 7958 7963 0
129 7957 7962 0
130 4048 4051 0
131 7913 7920 0
132 4043 4047 0
133 7943 7951 0
134 7964 7974 0
135 7942 7952 0
136 4053 4059 0
137 4018 4025 0
138 4093 4101 0
139 4096 4105 0
140 2086 2091 0
141 4026 4037 0
142 4029 4041 0
143 2102 2109 0
144 2132 2143 0
145 55 56 0
146 73 80 0
147 73 84 0
148 68 85 0
149 21 29 0
150 27 38 0
151 11 24 0
152 500197 500101 0
153 62687 62665 0
154 125168 125161 0
155 500131 500109 0
156 125162 125125 0
157 500176 500129 0
158 125190 125166 0
159 500165 500103 0
160 125139 125116 0
161 500127 500104 0
162 250195 250147 0
163 250142 250111 0
164 250193 250124 0
165 250198 250181 0
166 31378 31371 0
167 250189 250137 0
168 250166 250117 0
169 31402 31400 0
170 31402 31397 0
171 250199 250156 0
172 31367 31358 0
173 31428 31420 0
174 125136 125121 0
175 250151 250126 0
176 250188 250130 0
177 31358 31355 0
178 250188 250165 0
179 500192 500114 0
180 125123 125117 0
181 500186 500147 0
182 125196 125189 0
183 62683 62668 0
184 500184 500120 0
185 125182 125172 0
186 125141 125125 0
187 62692 62681 0
188 500184 500109 0
189 500149 500119 0
190 125174 125146 0
191 125160 125103 0
192 500172 500113 0
193 62681 62668 0
194 125198 125160 0
195 500170 500147 0
196 125155 125146 0
197 125144 125101 0
198 125163 125132 0
199 500155 500110 0
200 62658 62647 0
201 62671 62651 0
202 500176 500122 0
203 62689 62675 0
204 125146 125136 0
205 62636 62608 0
206 500200 500104 0
207 62651 62634 0
208 62685 62678 0
209 62628 62690 0
210 15756 15786 0
211 62610 62678 0
212 15749 15783 0
213 15754 15767 0
214 62610 62646 0
215 15737 15789 0
216 62688 62691 0
217 15742 15765 0
218 62674 62689 0
219 15751 15784 0
220 62670 62674 0
221 15740 15787 0
222 15766 15812 0
223 62602 62699 0
224 62603 62646 0
225 62689 62692 0
226 62660 62684 0
227 62621 62677 0
228 15733 15800 0
229 15772 15783 0
230 15797 15813 0
231 15737 15773 0
232 15736 15821 0
233 15742 15760 0
234 62648 62677 0
235 62602 62645 0
236 125132 125192 0
237 125138 125193 0
238 125149 125195 0
239 7986 8011 0
240 7930 8007 0
241 125109 125146 0
242 7982 8006 0
243 15732 15768 0
244 125117 125122 0
245 7918 7974 0
246 15730 15794 0
247 7936 7954 0
248 7960 7972 0
249 7934 8004 0
250 125119 125189 0
251 125158 125193 0
252 125128 125149 0
253 7933 7995 0
254 15750 15805 0
255 7965 8001 0
256 125102 125117 0
257 62645 62646 0
258 15736 15745 0
259 7939 8001 0
260 125119 125158 0
261 7988 8008 0
262 125139 125179 0
263 125111 125124 0
264 125102 125164 0
265 125166 125187 0
266 125149 125164 0
267 15794 15812 0
268 7975 7989 0
269 7932 7960 0
270 7925 7976 0
271 7941 7998 0
272 125119 125164 0
273 7940 7982 0
274 7917 7939 0
275 125134 125139 0
276 7946 7986 0
277 62605 62696 0
278 7950 7962 0
279 125151 125184 0
280 62645 62678 0
281 4012 4090 0
282 31360 31374 0
283 125100 125161 0
284 125158 125176 0
285 125103 125146 0
286 4062 4096 0
287 62660 62677 0
288 125134 125156 0
289 250116 250198 0
290 4079 4094 0
291 250104 250189 0
292 4011 4044 0
293 4037 4088 0
294 250120 250145 0
295 4057 4100 0
296 4041 4083 0
297 250152 250151 0
298 31385 31442 0
299 4012 4061 0
300 4069 4095 0
301 250151 250175 0
302 4053 4084 0
303 31394 31446 0
304 250176 250196 0
305 250142 250158 0
306 250107 250181 0
307 31353 31437 0
308 250161 250185 0
309 31396 31397 0
310 31397 31423 0
311 250105 250104 0
312 31410 31444 0
313 4081 4100 0
314 4030 4088 0
315 4053 4102 0
316 250146 250190 0
317 4018 4090 0
318 250130 250163 0
319 2121 2144 0
320 2100 2151 0
321 2062 2133 0
322 2057 2129 0
323 31375 31401 0
324 250107 250162 0
325 2132 2151 0
326 250163 250159 0
327 250125 250192 0
328 250123 250166 0
329 250142 250150 0
330 2117 2147 0
331 2066 2129 0
332 2077 2103 0
333 250133 250124 0
334 250174 250167 0
335 2074 2134 0
336 250112 250154 0
337 250157 250181 0
338 2112 2153 0
339 250134 250150 0
340 250167 250177 0
341 31399 31413 0
342 250106 250132 0
343 250109 250104 0
344 2076 2114 0
345 250171 250163 0
346 2086 2109 0
347 250136 250187 0
348 2056 2132 0
349 250145 250148 0
350 250111 250183 0
351 2067 2106 0
352 500112 500105 0
353 500133 500165 0
354 2066 2118 0
355 500150 500197 0
356 31400 31406 0
357 2075 2127 0
358 500169 500195 0
359 31368 31415 0
360 56 93 0
361 500180 500164 0
362 500136 500175 0
363 7 28 0
364 500160 500155 0
365 31393 31441 0
366 33 57 0
367 500161 500159 0
368 500123 500145 0
369 67 88 0
370 500129 500155 0
371 500155 500144 0
372 500144 500158 0
373 7 74 0
374 500164 500155 0
375 500172 500196 0
376 500127 500196 0
377 42 92 0
378 500114 500192 0
379 31390 31444 0
380 31372 31403 0
381 500188 500176 0
382 41 64 0
383 500182 500170 0
384 500119 500191 0
385 31358 31377 0
386 500200 500180 0
387 31366 31435 0
388 57 77 0
389 500108 500191 0
390 500122 500108 0
391 500139 500117 0
392 500124 500192 0
393 75 93 0
394 500180 500161 0
395 2 68 0
396 31353 31420 0
397 9 43 0
398 31431 31443 0
399 31352 31429 0
--------------
1000000 :c
1003892 :sum(p)
999997 :sum(w)
