400 :n
id p,w,x
--------------
0 81 4 1
1 4084 4047 1
2 86 54 1
3 2111 2063 1
4 59 35 1
5 2124 2054 1
6 81 5 1
7 2133 2099 1
8 98 58 1
9 8006 7914 1
10 67 30 1
11 2092 2064 1
12 2134 2063 1
13 89 4 1
14 2143 2086 1
15 7996 7924 1
16 37 6 1
17 73 28 1
18 2124 2095 1
19 2119 2095 1
20 4063 4020 1
21 4074 4031 1
22 2145 2110 1
23 88 59 1
24 2142 2105 1
25 4082 4041 1
26 98 37 1
27 4071 4023 1
28 4074 4032 1
29 29 5 1
30 80 26 1
31 2150 2081 1
32 4047 4008 1
33 4096 4015 1
34 4092 4011 1
35 4099 4026 1
36 2144 2070 1
37 4061 4016 1
38 56 30 1
39 4083 4025 1
40 2086 2060 1
41 15821 15739 1
42 46 33 1
43 36 27 1
44 94 78 1
45 72 62 1
46 88 87 1
47 2141 2128 1
48 4040 4017 1
49 7975 7931 1
50 8010 7968 1
51 2119 2108 1
52 7985 7944 1
53 7975 7935 1
54 4037 4017 1
55 7963 7925 1
56 2110 2100 1
57 4090 4072 1
58 15803 15734 1
59 15815 15748 1
60 7964 7931 1
61 15823 15760 1
62 2077 2069 1
63 2089 2081 1
64 2115 2107 1
65 8006 7976 1
66 15801 15748 1
67 4027 4014 1
68 15810 15761 1
69 15809 15764 1
70 4103 4093 1
71 4024 4015 1
72 31449 31382 1
73 31447 31382 1
74 31449 31386 1
75 4050 4042 1
76 4091 4083 1
77 31408 31353 1
78 31430 31375 1
79 4062 4055 1
80 31432 31378 1
81 31440 31386 1
82 7962 7949 1
83 31431 31384 1
84 31427 31385 1
85 15788 15767 1
86 15809 15789 1
87 7977 7969 1
88 62675 62613 1
89 15821 15806 1
90 31401 31372 1
91 31447 31418 1
92 62685 62630 1
93 7943 7926 1
94 2123 2084 1
95 62668 62614 0
96 62663 62610 0
97 31411 31386 1
98 62700 62689 0
99 15811 15813 0
100 31377 31354 1
101 42 51 0
102 4010 4007 1
103 4069 4066 1
104 62694 62648 0
105 31393 31370 1
106 31446 31441 0
107 62675 62631 0
108 62689 62645 0
109 125198 125113 0
110 31429 31408 1
111 62691 62650 0
112 125188 125110 0
113 62665 62626 0
114 125177 125103 0
115 125194 125122 0
116 62682 62648 0
117 125166 125100 0
118 62647 62614 0
119 62666 62633 0
120 62683 62650 0
121 15735 15727 0
122 8010 8006 1
123 62675 62644 0
124 125165 125107 0
125 62647 62618 0
126 125199 125143 0
127 62680 62652 0
128 125180 125128 0
129 62662 62636 0
130 31419 31406 0
131 125156 125105 0
132 125160 125112 0
133 15809 15803 0
134 7960 7957 1
135 62692 62669 0
136 15792 15788 0
137 7924 7922 0
138 15740 15737 0
139 40 40 0
140 7958 7958 0
141 15762 15763 0
142 7992 7993 0
143 7972 7975 0
144 4010 4012 0
145 15803 15811 0
146 7951 7958 0
147 7970 7980 0
148 7919 7929 0
149 2084 2087 0
150 4066 4072 0
151 7966 7978 0
152 7962 7975 0
153 7925 7939 0
154 4043 4051 0
155 2122 2132 0
156 2102 2112 0
157 2114 2126 0
158 2111 2123 0
159 2102 2114 0
160 2068 2085 0
161 2112 2131 0
162 64 72 0
163 20 33 0
164 27 45 0
165 24 42 0
166 250130 250124 0
167 250129 250105 0
168 250177 250127 0
169 500184 500159 0
170 250146 250135 0
171 500143 500110 0
172 500158 500144 0
173 250127 250106 0
174 250178 250172 0
175 250182 250118 0
176 250195 250159 0
177 250196 250116 0
178 500148 500134 0
179 250184 250140 0
180 250143 250118 0
181 250167 250126 0
182 250193 250131 0
183 250181 250148 0
184 250195 250183 0
185 250187 250121 0
186 250156 250138 0
187 500199 500124 0
188 250191 250165 0
189 250134 250126 0
190 500173 500101 0
191 250196 250148 0
192 62660 62640 0
193 500162 500144 0
194 500199 500111 0
195 250187 250106 0
196 500174 500106 0
197 125130 125112 0
198 62617 62609 0
199 500139 500126 0
200 62615 62604 0
201 500160 500133 0
202 500148 500136 0
203 500181 500167 0
204 125157 125126 0
205 500155 500106 0
206 125162 125159 0
207 125155 125118 0
208 500196 500130 0
209 500192 500104 0
210 125179 125157 0
211 500158 500135 0
212 62611 62609 0
213 125126 125105 0
214 31362 31447 0
215 15759 15818 0
216 31412 31444 0
217 31355 31368 0
218 15796 15821 0
219 15795 15813 0
220 31383 31423 0
221 15762 15817 0
222 31392 31410 0
223 15748 15812 0
224 15775 15812 0
225 31359 31367 0
226 15779 15803 0
227 15762 15782 0
228 500108 500106 0
229 15759 15822 0
230 15763 15778 0
231 15780 15807 0
232 31435 31440 0
233 15788 15797 0
234 31384 31433 0
235 31385 31387 0
236 31402 31420 0
237 31352 31441 0
238 31379 31419 0
239 31413 31422 0
240 31362 31370 0
241 7941 7969 0
242 62609 62611 0
243 62609 62648 0
244 7965 7988 0
245 62640 62687 0
246 62627 62693 0
247 7936 7960 0
248 7979 8011 0
249 62601 62637 0
250 62656 62667 0
251 15763 15813 0
252 15776 15805 0
253 15747 15787 0
254 7972 7999 0
255 7982 8009 0
256 15765 15821 0
257 62613 62616 0
258 62696 62700 0
259 62618 62664 0
260 62632 62662 0
261 62601 62700 0
262 15748 15787 0
263 31357 31394 0
264 62610 62637 0
265 62606 62660 0
266 15797 15808 0
267 7944 7960 0
268 62607 62670 0
269 15760 15802 0
270 62640 62641 0
271 7923 7956 0
272 15728 15751 0
273 7959 7991 0
274 62609 62679 0
275 7961 7999 0
276 125127 125132 0
277 7970 7993 0
278 125172 125186 0
279 125105 125176 0
280 125101 125176 0
281 125145 125159 0
282 125124 125197 0
283 125184 125196 0
284 125193 125196 0
285 125196 125199 0
286 125148 125187 0
287 125115 125177 0
288 125142 125156 0
289 125121 125174 0
290 125116 125144 0
291 125119 125139 0
292 125140 125159 0
293 125109 125130 0
294 31357 31432 0
295 125188 125192 0
296 125180 125196 0
297 125101 125190 0
298 125105 125178 0
299 250124 250167 0
300 4008 4028 0
301 250182 250189 0
302 250114 250185 0
303 250166 250178 0
304 15755 15806 0
305 250122 250156 0
306 15746 15822 0
307 250166 250188 0
308 31415 31415 0
309 250177 250185 0
310 250118 250171 0
311 250161 250161 0
312 250127 250158 0
313 250148 250182 0
314 250124 250191 0
315 250142 250199 0
316 250103 250157 0
317 250138 250174 0
318 250105 250156 0
319 250145 250162 0
320 500113 500136 0
321 500104 500160 0
322 500119 500190 0
323 500109 500107 0
324 500121 500191 0
325 500117 500155 0
326 500188 500186 0
327 500105 500143 0
328 500122 500134 0
329 500168 500181 0
330 500127 500184 0
331 500160 500195 0
332 500102 500184 0
333 500130 500144 0
334 500103 500123 0
335 500195 500194 0
336 31361 31444 0
337 500126 500184 0
338 500107 500200 0
339 31405 31449 0
340 31377 31404 0
341 500185 500187 0
342 31397 31406 0
343 31397 31402 0
344 31396 31420 0
345 125172 125136 0
346 125134 125111 0
347 500196 500148 0
348 62618 62606 0
349 125189 125165 0
350 500122 500116 0
351 500184 500159 0
352 250183 250148 0
353 250185 250178 0
354 2083 2114 0
355 2067 2129 0
356 2077 2098 0
357 2084 2151 0
358 2106 2140 0
359 2071 2152 0
360 2054 2123 0
361 26 68 0
362 1 38 0
363 4035 4073 0
364 4050 4090 0
365 53 94 0
366 4056 4106 0
367 2081 2102 0
368 10 81 0
369 4017 4101 0
370 40 91 0
371 4056 4105 0
372 4020 4084 0
373 69 93 0
374 27 74 0
375 2117 2144 0
376 4015 4084 0
377 4007 4088 0
378 4035 4087 0
379 61 92 0
380 4041 4075 0
381 45 93 0
382 1 50 0
383 4010 4069 0
384 2114 2153 0
385 4038 4084 0
386 21 54 0
387 4037 4065 0
388 7914 7972 0
389 7945 7999 0
390 7934 7987 0
391 29 83 0
392 7926 7990 0
393 4 29 0
394 40 72 0
395 7935 7998 0
396 1 24 0
397 15727 15812 0
398 2054 2084 0
399 2105 2148 0
--------------
1000000 :c
1003871 :sum(p)
999999 :sum(w)
