400 :n
id p,w,x
--------------
0 7956 7914 1
1 15798 15731 1
2 7980 7938 1
3 95 61 1
4 8008 7967 1
5 7996 7948 1
6 62 48 1
7 7976 7923 1
8 7971 7931 1
9 96 32 1
10 52 36 1
11 8005 7969 1
12 74 60 1
13 89 57 1
14 74 56 1
15 92 36 1
16 61 48 1
17 4085 4007 1
18 54 11 1
19 4073 4055 1
20 4079 4038 1
21 2138 2081 1
22 2142 2111 1
23 2147 2121 1
24 2134 2103 1
25 2147 2132 1
26 2128 2100 1
27 2151 2096 1
28 2074 2054 1
29 2106 2069 1
30 2121 2088 1
31 2092 2056 1
32 2120 2092 1
33 2147 2116 1
34 2083 2065 1
35 2097 2078 1
36 2117 2079 1
37 2100 2083 1
38 2149 2115 1
39 4067 4016 1
40 4104 4074 1
41 4069 4021 1
42 4103 4083 1
43 4087 4066 1
44 4103 4083 1
45 4074 4032 1
46 4093 4042 1
47 4105 4075 1
48 15772 15735 1
49 15787 15744 1
50 15801 15759 1
51 15802 15750 1
52 7972 7940 1
53 15784 15744 1
54 7995 7975 1
55 31442 31359 1
56 4052 4035 1
57 31431 31354 1
58 15814 15771 1
59 15789 15739 1
60 7964 7941 1
61 15767 15728 1
62 4061 4045 1
63 31437 31365 1
64 15823 15777 1
65 36 26 1
66 37 29 1
67 44 37 1
68 53 45 1
69 47 41 1
70 98 91 1
71 71 66 1
72 36 35 1
73 43 42 1
74 2153 2144 1
75 4019 4008 1
76 15790 15756 1
77 7954 7938 1
78 31428 31365 1
79 15793 15763 1
80 15814 15784 1
81 31442 31386 1
82 31434 31380 1
83 31404 31352 1
84 8006 7993 1
85 31440 31391 1
86 7938 7926 1
87 2076 2073 1
88 2144 2141 1
89 15791 15771 1
90 62681 62603 1
91 4093 4088 1
92 15780 15763 1
93 31422 31389 1
94 31408 31376 1
95 7934 7926 0
96 7991 7983 0
97 37 3 1
98 62665 62605 1
99 15765 15726 1
100 62677 62620 1
101 31424 31396 0
102 31382 31356 1
103 62699 62664 0
104 15822 15820 0
105 15741 15810 0
106 31416 31390 0
107 62686 62635 0
108 31423 31398 0
109 8011 8005 0
110 62697 62652 0
111 31378 31357 0
112 2073 2077 0
113 62687 62647 0
114 31440 31420 0
115 125183 125104 0
116 31422 31403 0
117 31425 31406 0
118 62685 62648 0
119 15757 15748 0
120 125198 125127 0
121 62652 62617 0
122 31395 31378 0
123 31431 31414 0
124 2105 2104 1
125 125193 125134 0
126 125183 125126 0
127 125170 125115 0
128 62699 62673 0
129 125189 125138 0
130 125175 125125 0
131 62686 62662 0
132 31374 31362 0
133 15819 15813 0
134 125176 125131 0
135 31410 31399 0
136 125155 125112 0
137 125153 125111 0
138 15736 15731 0
139 250189 250111 0
140 250198 250121 0
141 15789 15785 0
142 7960 7958 0
143 4071 4070 0
144 4085 4084 0
145 8008 8008 0
146 4034 4034 0
147 4058 4060 0
148 4069 4072 0
149 92 98 0
150 90 96 0
151 41 44 0
152 24 26 1
153 47 52 0
154 250199 250199 0
155 62634 62630 0
156 500189 500160 0
157 250195 250125 0
158 62684 62679 0
159 500197 500147 0
160 125109 125118 0
161 125194 125174 0
162 125165 125134 0
163 500193 500154 0
164 125192 125187 0
165 250155 250142 0
166 31432 31426 0
167 500190 500171 0
168 125150 125112 0
169 125178 125146 0
170 500137 500158 0
171 250119 250102 0
172 125164 125170 0
173 31428 31421 0
174 500142 500113 0
175 31444 31435 0
176 125170 125162 0
177 500171 500163 0
178 500176 500177 0
179 250170 250182 0
180 125139 125108 0
181 500193 500154 0
182 500114 500147 0
183 31436 31436 0
184 125132 125141 0
185 250127 250117 0
186 500109 500135 0
187 125152 125118 0
188 500129 500110 0
189 500171 500159 0
190 500145 500117 0
191 125137 125131 0
192 250163 250114 0
193 125177 125159 0
194 500145 500147 0
195 500191 500198 0
196 500191 500156 0
197 125161 125159 0
198 250188 250145 0
199 250129 250121 0
200 15782 15782 0
201 500124 500150 0
202 250190 250198 0
203 250187 250131 0
204 500123 500160 0
205 250143 250155 0
206 500180 500121 0
207 500112 500145 0
208 500180 500179 0
209 62609 62603 0
210 500103 500141 0
211 500137 500170 0
212 500126 500160 0
213 250140 250119 0
214 62697 62690 0
215 250172 250184 0
216 250127 250105 0
217 500125 500136 0
218 500165 500110 0
219 250185 250196 0
220 250143 250120 0
221 250183 250145 0
222 500119 500158 0
223 500149 500117 0
224 250151 250120 0
225 250167 250146 0
226 62642 62625 0
227 62650 62634 0
228 62662 62647 0
229 62641 62632 0
230 500114 500107 0
231 62684 62673 0
232 250195 250136 0
233 250165 250104 0
234 250183 250107 0
235 500191 500200 0
236 15810 15812 0
237 15732 15822 0
238 15750 15764 0
239 15739 15774 0
240 7984 8011 0
241 15744 15765 0
242 7956 7967 0
243 7975 7978 0
244 7963 7977 0
245 15795 15824 0
246 15734 15769 0
247 31429 31441 0
248 31377 31422 0
249 250102 250176 0
250 7918 8005 0
251 31396 31444 0
252 31384 31409 0
253 31358 31386 0
254 7992 8012 0
255 7929 7947 0
256 7993 8000 0
257 7918 7966 0
258 7989 8000 0
259 7945 8007 0
260 7975 7978 0
261 31372 31421 0
262 7943 7954 0
263 31357 31409 0
264 7940 7996 0
265 31352 31450 0
266 7942 7987 0
267 7945 7974 0
268 250104 250155 0
269 7925 7967 0
270 31358 31447 0
271 7916 7947 0
272 31394 31432 0
273 7919 7991 0
274 7949 8011 0
275 31410 31426 0
276 31366 31381 0
277 7942 7955 0
278 7952 7991 0
279 31372 31409 0
280 31378 31407 0
281 4063 4091 0
282 4027 4045 0
283 4025 4101 0
284 4057 4077 0
285 62601 62688 0
286 62617 62689 0
287 4013 4058 0
288 4014 4046 0
289 62606 62614 0
290 62602 62658 0
291 62614 62666 0
292 4014 4085 0
293 62619 62637 0
294 62623 62647 0
295 4059 4063 0
296 250159 250186 0
297 4044 4099 0
298 4055 4093 0
299 4025 4037 0
300 4047 4054 0
301 250160 250195 0
302 62612 62669 0
303 62608 62691 0
304 62660 62680 0
305 62636 62654 0
306 62610 62698 0
307 62629 62644 0
308 4047 4064 0
309 4028 4106 0
310 4029 4083 0
311 4015 4093 0
312 15727 15768 0
313 4039 4086 0
314 15733 15776 0
315 4049 4061 0
316 62604 62630 0
317 4045 4076 0
318 62624 62667 0
319 62616 62631 0
320 62619 62700 0
321 500110 500192 0
322 2109 2121 0
323 62680 62687 0
324 2083 2108 0
325 2065 2137 0
326 62620 62663 0
327 62663 62671 0
328 500137 500181 0
329 125117 125141 0
330 2083 2115 0
331 125148 125181 0
332 125135 125155 0
333 2112 2145 0
334 2083 2148 0
335 2104 2129 0
336 125121 125166 0
337 2105 2144 0
338 2090 2124 0
339 125130 125161 0
340 125105 125152 0
341 125139 125166 0
342 2139 2147 0
343 125147 125171 0
344 2058 2129 0
345 125108 125133 0
346 2075 2143 0
347 2084 2106 0
348 2093 2107 0
349 500120 500163 0
350 125159 125195 0
351 125135 125149 0
352 125149 125162 0
353 2085 2103 0
354 15749 15755 0
355 125110 125137 0
356 125108 125148 0
357 2116 2146 0
358 2074 2099 0
359 8 87 0
360 15747 15760 0
361 43 93 0
362 125116 125164 0
363 125132 125163 0
364 16 38 0
365 250134 250179 0
366 15816 15819 0
367 250126 250176 0
368 250118 250156 0
369 500113 500157 0
370 26 89 0
371 250123 250185 0
372 18 41 0
373 250116 250139 0
374 250131 250183 0
375 50 62 0
376 250150 250179 0
377 15745 15774 0
378 12 73 0
379 15734 15797 0
380 500119 500188 0
381 45 67 0
382 15813 15816 0
383 250103 250174 0
384 500145 500198 0
385 500116 500166 0
386 500101 500197 0
387 26 97 0
388 22 89 0
389 250108 250152 0
390 21 33 0
391 500104 500143 0
392 250172 250192 0
393 23 38 0
394 61 82 0
395 4 94 0
396 250152 250199 0
397 13 68 0
398 15797 15815 0
399 15757 15767 0
--------------
1000000 :c
1003297 :sum(p)
1000000 :sum(w)
