400 :n
id p,w,x
--------------
0 2153 2121 1
1 2151 2068 1
2 15801 15729 1
3 49 26 1
4 15816 15750 1
5 15814 15768 1
6 8001 7942 1
7 89 9 1
8 15820 15753 1
9 7968 7935 1
10 7993 7962 1
11 15788 15736 1
12 15801 15749 1
13 15803 15741 1
14 2146 2111 1
15 8003 7973 1
16 7985 7924 1
17 2121 2097 1
18 7978 7920 1
19 7995 7922 1
20 8003 7918 1
21 31429 31372 1
22 7963 7920 1
23 93 32 1
24 31418 31357 1
25 7997 7955 1
26 7991 7934 1
27 4059 4015 1
28 2122 2071 1
29 31420 31351 1
30 31423 31365 1
31 31445 31367 1
32 4091 4037 1
33 2118 2095 1
34 33 4 1
35 2151 2095 1
36 31438 31363 1
37 4098 4065 1
38 4105 4011 1
39 95 20 1
40 89 67 1
41 31450 31392 1
42 4101 4020 1
43 4038 4015 1
44 2149 2101 1
45 2098 2064 1
46 98 58 1
47 94 34 1
48 4061 4021 1
49 48 3 1
50 2103 2077 1
51 4094 4018 1
52 79 33 1
53 4076 4007 1
54 28 5 1
55 2130 2087 1
56 4104 4031 1
57 45 18 1
58 80 31 1
59 2145 2058 1
60 4083 4029 1
61 4087 4038 1
62 4097 4017 1
63 95 48 1
64 2121 2076 1
65 62697 62602 1
66 11 7 1
67 56 38 1
68 91 73 1
69 38 31 1
70 56 46 1
71 70 59 1
72 28 25 1
73 66 64 0
74 2126 2106 1
75 2132 2114 1
76 2133 2118 1
77 2121 2107 1
78 2070 2057 1
79 2123 2112 1
80 4103 4083 1
81 4033 4018 1
82 4060 4045 1
83 4080 4066 1
84 4061 4049 1
85 4100 4090 1
86 15818 15782 1
87 7998 7982 1
88 2150 2146 1
89 15762 15734 1
90 7982 7969 1
91 31449 31399 1
92 15824 15800 1
93 8004 7992 1
94 7962 7951 1
95 15758 15737 1
96 31428 31388 1
97 15796 15776 1
98 15797 15777 1
99 62696 62617 1
100 15772 15727 1
101 31416 31354 1
102 31413 31362 1
103 62697 62625 1
104 31398 31362 0
105 7988 7979 0
106 62698 62634 0
107 7990 7989 0
108 27 94 0
109 62687 62619 0
110 15798 15781 0
111 62668 62601 0
112 62689 62623 0
113 31391 31358 0
114 2151 2149 0
115 31444 31416 0
116 15797 15783 0
117 31407 31380 0
118 62664 62612 0
119 31388 31364 0
120 31431 31408 0
121 62689 62644 0
122 15765 15755 0
123 15797 15787 0
124 15812 15803 0
125 4092 4090 0
126 2150 2149 0
127 4068 4067 1
128 7949 7948 0
129 4038 4038 1
130 4056 4056 0
131 4042 4043 0
132 4076 4079 0
133 2079 2081 0
134 2140 2143 0
135 2068 2071 0
136 2130 2136 0
137 2099 2108 0
138 61 68 0
139 34 46 0
140 125170 125100 0
141 125160 125132 0
142 125161 125130 0
143 31430 31413 0
144 125137 125101 0
145 125141 125100 0
146 62677 62651 0
147 125156 125116 0
148 62692 62664 0
149 62645 62614 0
150 250184 250126 0
151 250178 250113 0
152 250172 250115 0
153 62646 62632 0
154 500192 500102 0
155 250189 250136 0
156 125159 125139 0
157 125181 125163 0
158 250189 250144 0
159 250169 250118 0
160 500190 500109 0
161 250167 250135 0
162 500197 500120 0
163 62625 62616 0
164 62656 62644 0
165 125177 125106 0
166 250197 250187 0
167 250156 250149 0
168 250173 250161 0
169 15790 15788 0
170 500154 500131 0
171 250177 250157 0
172 500143 500104 0
173 500166 500118 0
174 500142 500134 0
175 62604 62601 0
176 250150 250137 0
177 500167 500118 0
178 250144 250139 0
179 500179 500167 0
180 500117 500103 0
181 125135 125128 0
182 500161 500127 0
183 125176 125165 0
184 500171 500158 0
185 500189 500161 0
186 500175 500153 0
187 500132 500108 0
188 500192 500160 0
189 125149 125147 0
190 500199 500151 0
191 500170 500152 0
192 250200 250198 0
193 125195 125187 0
194 500129 500122 0
195 125165 125150 0
196 500132 500112 0
197 250162 250135 0
198 250125 250105 0
199 125198 125125 0
200 31441 31428 0
201 500173 500192 0
202 500112 500121 0
203 500145 500193 0
204 500169 500189 0
205 500127 500127 0
206 250145 250161 0
207 31362 31365 0
208 125146 125146 0
209 500167 500168 0
210 500139 500150 0
211 500183 500193 0
212 500108 500158 0
213 500160 500188 0
214 250116 250124 0
215 500126 500171 0
216 62676 62677 0
217 62609 62615 0
218 250122 250134 0
219 62660 62662 0
220 500188 500190 0
221 250170 250177 0
222 250131 250140 0
223 250158 250185 0
224 125112 125126 0
225 250113 250140 0
226 125148 125152 0
227 125179 125185 0
228 125180 125187 0
229 250125 250150 0
230 31415 31416 0
231 31427 31427 0
232 62629 62604 0
233 62651 62626 0
234 125182 125154 0
235 250179 250107 0
236 250169 250110 0
237 125160 125116 0
238 125175 125132 0
239 31439 31430 0
240 125173 125145 0
241 15750 15757 0
242 7917 7983 0
243 7959 7997 0
244 15753 15802 0
245 15798 15804 0
246 7966 7979 0
247 7987 8012 0
248 15742 15776 0
249 7970 7997 0
250 15729 15809 0
251 7935 7974 0
252 15751 15775 0
253 15752 15797 0
254 7945 7963 0
255 7924 7939 0
256 15760 15779 0
257 7925 7999 0
258 7937 7988 0
259 7925 7942 0
260 7984 8002 0
261 15729 15731 0
262 7976 8011 0
263 15763 15821 0
264 7925 8011 0
265 7944 7965 0
266 7936 7979 0
267 7975 8002 0
268 7916 8003 0
269 500141 500198 0
270 7943 7981 0
271 31366 31420 0
272 7935 7991 0
273 7924 7993 0
274 31373 31444 0
275 31353 31388 0
276 31351 31357 0
277 31384 31399 0
278 31379 31397 0
279 31410 31438 0
280 4032 4044 0
281 4025 4045 0
282 31352 31409 0
283 31372 31395 0
284 31364 31379 0
285 4060 4089 0
286 4014 4078 0
287 31386 31442 0
288 4049 4085 0
289 31380 31403 0
290 4035 4086 0
291 31387 31403 0
292 4034 4070 0
293 31431 31448 0
294 31360 31380 0
295 4065 4091 0
296 31359 31434 0
297 15796 15798 0
298 31361 31430 0
299 4073 4088 0
300 62612 62664 0
301 62614 62637 0
302 62637 62698 0
303 62667 62681 0
304 62615 62677 0
305 4009 4063 0
306 62606 62617 0
307 62633 62641 0
308 7942 7948 0
309 4088 4101 0
310 62614 62669 0
311 4043 4104 0
312 62668 62700 0
313 62687 62697 0
314 4016 4061 0
315 4058 4098 0
316 62601 62672 0
317 62615 62657 0
318 4009 4022 0
319 62624 62695 0
320 62617 62631 0
321 2070 2082 0
322 2093 2114 0
323 62605 62622 0
324 2106 2128 0
325 15818 15821 0
326 62628 62675 0
327 62667 62676 0
328 62652 62689 0
329 62609 62697 0
330 15756 15774 0
331 2097 2125 0
332 125155 125196 0
333 125142 125171 0
334 2057 2087 0
335 2078 2135 0
336 125141 125169 0
337 125168 125193 0
338 125163 125181 0
339 2067 2128 0
340 125113 125138 0
341 125138 125167 0
342 125146 125185 0
343 2095 2126 0
344 125153 125177 0
345 2079 2144 0
346 125103 125172 0
347 125149 125170 0
348 2127 2139 0
349 15749 15757 0
350 125130 125176 0
351 2079 2125 0
352 125160 125195 0
353 2099 2144 0
354 15780 15817 0
355 2080 2129 0
356 15757 15819 0
357 125140 125193 0
358 125101 125175 0
359 125106 125170 0
360 59 80 0
361 250128 250157 0
362 31 71 0
363 65 84 0
364 250128 250182 0
365 45 74 0
366 5 30 0
367 15736 15744 0
368 250111 250143 0
369 37 78 0
370 6 86 0
371 250104 250144 0
372 35 56 0
373 48 98 0
374 20 63 0
375 250123 250187 0
376 40 68 0
377 250134 250196 0
378 32 82 0
379 250116 250198 0
380 250130 250177 0
381 250160 250198 0
382 15736 15817 0
383 250115 250189 0
384 250167 250199 0
385 250120 250167 0
386 17 43 0
387 55 99 0
388 250125 250163 0
389 250102 250149 0
390 500108 500180 0
391 500109 500184 0
392 500109 500168 0
393 500103 500180 0
394 500126 500197 0
395 500119 500189 0
396 500103 500166 0
397 69 83 0
398 15781 15791 0
399 15749 15781 0
--------------
1000000 :c
1004377 :sum(p)
1000000 :sum(w)
