400 :n
id p,w,x
--------------
0 38 1 1
1 81 3 1
2 51 3 1
3 78 7 1
4 90 9 1
5 72 13 1
6 27 7 1
7 15 4 1
8 56 18 1
9 82 28 1
10 79 27 1
11 91 41 1
12 57 29 1
13 84 43 1
14 86 54 1
15 77 49 1
16 93 60 1
17 98 65 1
18 40 27 1
19 69 54 1
20 96 76 1
21 85 74 1
22 78 69 1
23 88 82 1
24 61 58 1
25 2149 2060 1
26 2131 2060 1
27 70 68 1
28 2148 2089 1
29 2150 2093 1
30 2128 2073 1
31 2137 2088 1
32 4106 4015 1
33 2135 2089 1
34 2139 2093 1
35 2129 2088 1
36 4090 4019 1
37 4094 4024 1
38 2112 2078 1
39 4101 4036 1
40 2104 2071 1
41 4079 4018 1
42 4102 4041 1
43 4102 4048 1
44 4064 4011 1
45 4091 4038 1
46 4102 4053 1
47 8005 7916 1
48 2151 2129 1
49 2095 2074 1
50 2123 2104 1
51 2079 2061 1
52 7991 7924 1
53 7973 7914 1
54 2107 2092 1
55 4043 4015 1
56 7984 7932 1
57 7990 7938 1
58 8004 7956 1
59 7981 7940 1
60 15808 15730 1
61 15817 15741 1
62 4074 4055 1
63 7957 7920 1
64 8006 7972 1
65 15803 15738 1
66 7952 7920 1
67 7961 7929 1
68 7979 7949 1
69 4033 4018 1
70 7972 7944 1
71 7976 7948 1
72 15783 15728 1
73 7963 7936 1
74 2071 2064 1
75 4071 4059 1
76 2061 2055 1
77 15777 15734 1
78 15785 15746 1
79 31441 31365 1
80 2076 2071 1
81 7999 7981 1
82 8007 7989 1
83 31427 31357 1
84 31448 31379 1
85 31442 31374 1
86 15803 15769 1
87 15782 15749 1
88 31426 31363 1
89 15794 15765 1
90 31420 31363 1
91 31450 31393 1
92 4028 4021 1
93 15772 15746 1
94 15780 15754 1
95 15781 15755 1
96 7989 7976 1
97 31413 31362 1
98 4026 4020 0
99 15799 15776 1
100 31399 31354 1
101 15806 15784 1
102 31435 31392 1
103 31419 31378 1
104 4092 4087 0
105 15802 15785 1
106 31442 31410 1
107 15772 15756 1
108 31417 31386 0
109 81 69 1
110 62694 62625 1
111 4091 4087 0
112 62674 62613 0
113 62690 62629 1
114 15817 15810 0
115 15811 15801 0
116 125101 125132 0
117 7994 7987 0
118 31393 31366 0
119 62677 62624 0
120 62676 62624 0
121 31426 31400 0
122 2102 2101 0
123 62671 62620 0
124 31441 31416 0
125 62682 62633 0
126 31376 31352 0
127 15806 15794 0
128 7947 7941 0
129 4026 4023 0
130 15791 15781 0
131 31403 31386 0
132 31430 31413 0
133 31386 31370 0
134 2120 2119 0
135 2130 2129 1
136 7943 7941 0
137 4078 4077 0
138 15756 15753 0
139 15744 15742 0
140 15751 15749 0
141 15802 15801 0
142 35 35 0
143 2138 2140 0
144 2143 2146 0
145 2083 2086 0
146 2101 2105 0
147 45 46 1
148 80 82 0
149 500188 500166 0
150 62678 62678 0
151 62689 62674 0
152 62637 62641 0
153 125134 125120 0
154 500195 500161 0
155 62682 62673 0
156 62630 62624 0
157 62694 62674 0
158 500170 500194 0
159 500111 500174 0
160 125179 125109 0
161 500167 500144 0
162 125181 125113 0
163 125188 125144 0
164 500167 500191 0
165 500120 500128 0
166 500112 500174 0
167 125196 125137 0
168 125136 125118 0
169 500159 500185 0
170 500164 500128 0
171 31385 31387 0
172 125175 125146 0
173 31380 31378 0
174 500115 500115 0
175 31409 31398 0
176 125100 125105 0
177 500141 500140 0
178 125181 125126 0
179 500153 500129 0
180 31362 31352 0
181 500115 500137 0
182 500161 500196 0
183 125174 125151 0
184 500135 500189 0
185 500152 500144 0
186 62638 62614 0
187 125126 125117 0
188 62638 62624 0
189 500196 500161 0
190 500106 500140 0
191 31436 31437 0
192 500124 500159 0
193 125132 125108 0
194 500112 500158 0
195 62620 62616 0
196 500156 500161 0
197 125155 125144 0
198 31409 31404 0
199 125109 125106 0
200 500195 500178 0
201 500137 500152 0
202 62662 62651 0
203 125170 125136 0
204 62676 62656 0
205 500141 500185 0
206 62665 62633 0
207 500157 500159 0
208 500131 500159 0
209 500162 500134 0
210 500124 500114 0
211 250155 250123 0
212 250173 250165 0
213 125158 125175 0
214 250168 250142 0
215 62653 62608 0
216 500151 500141 0
217 250184 250148 0
218 250156 250142 0
219 500157 500182 0
220 250115 250137 0
221 250118 250113 0
222 250155 250143 0
223 250150 250159 0
224 500118 500168 0
225 125193 125153 0
226 500149 500116 0
227 250132 250157 0
228 250141 250108 0
229 250169 250138 0
230 250139 250103 0
231 250144 250173 0
232 62685 62651 0
233 125184 125148 0
234 125163 125160 0
235 62685 62674 0
236 250191 250191 0
237 62698 62699 0
238 250179 250166 0
239 125190 125181 0
240 250157 250124 0
241 250146 250156 0
242 250120 250142 0
243 250196 250149 0
244 250151 250152 0
245 500170 500105 0
246 250149 250106 0
247 250135 250163 0
248 250145 250123 0
249 250107 250115 0
250 250173 250175 0
251 250178 250105 0
252 250173 250193 0
253 250155 250122 0
254 250159 250144 0
255 250176 250146 0
256 250119 250106 0
257 250193 250152 0
258 250171 250189 0
259 500191 500103 0
260 62700 62671 0
261 62651 62608 0
262 62606 62614 0
263 500109 500110 0
264 500173 500182 0
265 62610 62616 0
266 500185 500135 0
267 62650 62609 0
268 7968 8008 0
269 7928 7955 0
270 7975 8002 0
271 7971 7996 0
272 7954 7981 0
273 7929 7947 0
274 7943 7952 0
275 7978 7996 0
276 7979 8003 0
277 7966 7983 0
278 7961 7992 0
279 250111 250169 0
280 7923 7984 0
281 4050 4068 0
282 4025 4041 0
283 7926 7929 0
284 125110 125156 0
285 4034 4040 0
286 4029 4044 0
287 4038 4055 0
288 250101 250150 0
289 15758 15801 0
290 125104 125146 0
291 4065 4090 0
292 15757 15763 0
293 4025 4045 0
294 4022 4071 0
295 15745 15767 0
296 15765 15785 0
297 4044 4090 0
298 125121 125196 0
299 4014 4062 0
300 15785 15810 0
301 4057 4082 0
302 4053 4071 0
303 4058 4089 0
304 4026 4083 0
305 4021 4064 0
306 4009 4027 0
307 4036 4072 0
308 125100 125135 0
309 4029 4090 0
310 125104 125181 0
311 15774 15804 0
312 15741 15761 0
313 15752 15786 0
314 4028 4081 0
315 15737 15821 0
316 125127 125169 0
317 4021 4084 0
318 15756 15783 0
319 15735 15822 0
320 250153 250194 0
321 250127 250166 0
322 125128 125159 0
323 500118 500191 0
324 7929 7973 0
325 2057 2068 0
326 250121 250191 0
327 2085 2113 0
328 2136 2150 0
329 2086 2114 0
330 2100 2135 0
331 15783 15801 0
332 125141 125183 0
333 7970 8008 0
334 125115 125164 0
335 15791 15818 0
336 125141 125162 0
337 2091 2111 0
338 2094 2104 0
339 500113 500200 0
340 15804 15808 0
341 15733 15792 0
342 15782 15787 0
343 31426 31438 0
344 2115 2150 0
345 2072 2104 0
346 31358 31429 0
347 31393 31399 0
348 2066 2106 0
349 31408 31428 0
350 2117 2136 0
351 2098 2139 0
352 2074 2101 0
353 125138 125159 0
354 31384 31447 0
355 125102 125172 0
356 7966 8000 0
357 31410 31450 0
358 2065 2115 0
359 31359 31441 0
360 31354 31425 0
361 125120 125191 0
362 125108 125160 0
363 31409 31434 0
364 31380 31394 0
365 31393 31434 0
366 31384 31414 0
367 31388 31420 0
368 31358 31401 0
369 69 94 0
370 32 79 0
371 22 78 0
372 59 98 0
373 62619 62639 0
374 62622 62672 0
375 62662 62690 0
376 7955 7963 0
377 62672 62691 0
378 74 83 0
379 62639 62676 0
380 62602 62677 0
381 62649 62662 0
382 62612 62685 0
383 62609 62700 0
384 62650 62694 0
385 46 80 0
386 62647 62669 0
387 62641 62662 0
388 125131 125186 0
389 10 64 0
390 125110 125171 0
391 125133 125183 0
392 22 65 0
393 53 96 0
394 41 64 0
395 125131 125179 0
396 125119 125198 0
397 7943 8007 0
398 250146 250200 0
399 7987 8008 0
--------------
1000000 :c
1004402 :sum(p)
1000000 :sum(w)
