400 :n
id p,w,x
--------------
0 2107 2090 1
1 7969 7926 1
2 31440 31366 1
3 4075 4019 1
4 71 58 1
5 4038 4019 1
6 4106 4075 1
7 60 8 1
8 4102 4035 1
9 4048 4014 1
10 49 10 1
11 4097 4046 1
12 31434 31359 1
13 97 38 1
14 31434 31352 1
15 4088 4064 1
16 4105 4065 1
17 91 46 1
18 4044 4015 1
19 2143 2075 1
20 4084 4027 1
21 4074 4013 1
22 4084 4017 1
23 7974 7919 1
24 2076 2057 1
25 7948 7923 1
26 45 12 1
27 8008 7948 1
28 40 10 1
29 66 55 1
30 31 16 1
31 15805 15757 1
32 15810 15741 1
33 15807 15762 1
34 68 49 1
35 77 50 1
36 8006 7967 1
37 74 9 1
38 15809 15770 1
39 73 63 1
40 2148 2124 1
41 7965 7945 1
42 7968 7925 1
43 46 7 1
44 7974 7924 1
45 2111 2063 1
46 100 28 1
47 15812 15729 1
48 2106 2069 1
49 2145 2068 1
50 8009 7950 1
51 92 41 1
52 15821 15768 1
53 15778 15733 1
54 94 64 1
55 86 62 1
56 2122 2084 1
57 2139 2128 1
58 31446 31380 1
59 2104 2058 1
60 2077 2063 1
61 7987 7925 1
62 7949 7933 1
63 15788 15759 1
64 31417 31366 1
65 31445 31396 1
66 62678 62612 1
67 62691 62622 1
68 9 3 1
69 46 40 1
70 48 45 1
71 2118 2108 1
72 2146 2136 1
73 7998 7983 1
74 7930 7919 1
75 7966 7955 1
76 15748 15728 1
77 7964 7954 1
78 15799 15782 1
79 31445 31413 1
80 7982 7974 0
81 62689 62629 1
82 15791 15776 1
83 31408 31379 1
84 62697 62640 1
85 31392 31364 0
86 62664 62609 1
87 4094 4067 1
88 4025 4019 1
89 7980 7973 0
90 15740 15727 1
91 62671 62620 0
92 15816 15814 0
93 7999 8010 0
94 1 8 0
95 62662 62614 0
96 31445 31421 1
97 7970 7964 1
98 4032 4029 1
99 62650 62605 0
100 62670 62626 0
101 62698 62654 0
102 15748 15737 0
103 31419 31401 0
104 31395 31378 0
105 31438 31422 0
106 2094 2093 0
107 7955 7954 0
108 7982 7982 0
109 7962 7962 0
110 7953 7953 0
111 4097 4097 0
112 4081 4082 0
113 7921 7923 0
114 4090 4092 0
115 2071 2076 0
116 2128 2134 0
117 2108 2115 0
118 250190 250106 0
119 125199 125131 0
120 250196 250135 0
121 250199 250105 0
122 31449 31436 0
123 125168 125111 0
124 250190 250102 0
125 250178 250132 0
126 125156 125101 0
127 31367 31355 0
128 62654 62642 0
129 31443 31433 0
130 125190 125158 0
131 250192 250135 0
132 250189 250143 0
133 500197 500108 0
134 250158 250121 0
135 250162 250125 0
136 125154 125138 0
137 125132 125112 0
138 125164 125145 0
139 500199 500110 0
140 15750 15748 0
141 250163 250129 0
142 500148 500104 0
143 500143 500118 0
144 500163 500146 0
145 62676 62673 0
146 500114 500108 0
147 500172 500119 0
148 500198 500185 0
149 500150 500109 0
150 500176 500159 0
151 125155 125140 0
152 125136 125128 0
153 500187 500172 0
154 250163 250147 0
155 125125 125114 0
156 250178 250149 0
157 125144 125143 0
158 250156 250130 0
159 250119 250109 0
160 500183 500125 0
161 125106 125100 0
162 125175 125173 0
163 125106 125101 0
164 250177 250158 0
165 31375 31374 0
166 250169 250141 0
167 250134 250127 0
168 500198 500179 0
169 500158 500113 0
170 250123 250115 0
171 500127 500122 0
172 62626 62620 0
173 500148 500117 0
174 500157 500120 0
175 62630 62615 0
176 250180 250101 0
177 125197 125162 0
178 125189 125140 0
179 125187 125103 0
180 125141 125100 0
181 125188 125113 0
182 31362 31367 0
183 31422 31426 0
184 62659 62690 0
185 62635 62677 0
186 62613 62663 0
187 31369 31381 0
188 62630 62653 0
189 62615 62669 0
190 31436 31436 0
191 62629 62689 0
192 31398 31400 0
193 500174 500172 0
194 31405 31411 0
195 31376 31389 0
196 31397 31399 0
197 62636 62662 0
198 62606 62640 0
199 62665 62668 0
200 15809 15817 0
201 62641 62698 0
202 62622 62656 0
203 62605 62683 0
204 62611 62683 0
205 15734 15740 0
206 62641 62698 0
207 62644 62656 0
208 62627 62667 0
209 62633 62666 0
210 62627 62676 0
211 15808 15825 0
212 62687 62693 0
213 62646 62650 0
214 62601 62670 0
215 62621 62667 0
216 15775 15783 0
217 125105 125140 0
218 15799 15801 0
219 125112 125137 0
220 125102 125178 0
221 125112 125142 0
222 125135 125136 0
223 15726 15734 0
224 125155 125155 0
225 125123 125180 0
226 15755 15759 0
227 15727 15732 0
228 125112 125175 0
229 125164 125184 0
230 15782 15786 0
231 125165 125191 0
232 125112 125181 0
233 125146 125170 0
234 125107 125190 0
235 125188 125191 0
236 15786 15798 0
237 125149 125157 0
238 125107 125186 0
239 125114 125158 0
240 125103 125114 0
241 125160 125176 0
242 125185 125195 0
243 125144 125150 0
244 31392 31412 0
245 250105 250134 0
246 250168 250179 0
247 250105 250198 0
248 250178 250187 0
249 250149 250170 0
250 250111 250123 0
251 250134 250140 0
252 250128 250188 0
253 250112 250184 0
254 250133 250141 0
255 7948 7957 0
256 250161 250165 0
257 250138 250164 0
258 250149 250182 0
259 250120 250149 0
260 250181 250192 0
261 250161 250164 0
262 250130 250168 0
263 31358 31368 0
264 250159 250198 0
265 250120 250126 0
266 250104 250120 0
267 500175 500177 0
268 500120 500132 0
269 500101 500172 0
270 500126 500163 0
271 7962 7968 0
272 500110 500189 0
273 31427 31447 0
274 500192 500196 0
275 500121 500127 0
276 500154 500170 0
277 7949 7958 0
278 31379 31399 0
279 500113 500163 0
280 500136 500135 0
281 500133 500187 0
282 31356 31386 0
283 500131 500188 0
284 31406 31418 0
285 500120 500124 0
286 500126 500136 0
287 31356 31384 0
288 500111 500148 0
289 500133 500152 0
290 500139 500182 0
291 500106 500198 0
292 500106 500171 0
293 500114 500141 0
294 500140 500191 0
295 500114 500174 0
296 62603 62646 0
297 31362 31371 0
298 31388 31404 0
299 31355 31363 0
300 62690 62675 0
301 250179 250101 0
302 62657 62644 0
303 4037 4077 0
304 4009 4067 0
305 4047 4065 0
306 4085 4102 0
307 4029 4038 0
308 4068 4096 0
309 4010 4083 0
310 4024 4068 0
311 4055 4068 0
312 4009 4076 0
313 4067 4088 0
314 4016 4095 0
315 4073 4091 0
316 4008 4068 0
317 4016 4097 0
318 4038 4065 0
319 7964 7984 0
320 2075 2120 0
321 2119 2136 0
322 7965 7987 0
323 2126 2134 0
324 7913 7985 0
325 2064 2136 0
326 2107 2123 0
327 2090 2101 0
328 2056 2152 0
329 7944 7973 0
330 7942 7973 0
331 7920 8004 0
332 2095 2140 0
333 7973 7984 0
334 4017 4053 0
335 2119 2143 0
336 2104 2131 0
337 4007 4019 0
338 7918 8012 0
339 2059 2129 0
340 2098 2137 0
341 7930 7954 0
342 2089 2102 0
343 7923 7968 0
344 2107 2146 0
345 2056 2068 0
346 4056 4074 0
347 4008 4026 0
348 2099 2109 0
349 2055 2151 0
350 2063 2092 0
351 2099 2138 0
352 7927 7963 0
353 7928 7953 0
354 2067 2147 0
355 2057 2116 0
356 2091 2106 0
357 2059 2114 0
358 7940 8009 0
359 15784 15808 0
360 15 96 0
361 15748 15780 0
362 22 83 0
363 74 93 0
364 15734 15800 0
365 20 45 0
366 15732 15799 0
367 15762 15821 0
368 15732 15804 0
369 19 92 0
370 71 99 0
371 49 59 0
372 47 66 0
373 28 48 0
374 15726 15775 0
375 15761 15815 0
376 15732 15782 0
377 15729 15806 0
378 15730 15803 0
379 15735 15812 0
380 15737 15797 0
381 15748 15802 0
382 70 96 0
383 14 51 0
384 15754 15775 0
385 36 81 0
386 31360 31440 0
387 31366 31435 0
388 31402 31450 0
389 45 55 0
390 31355 31418 0
391 8 80 0
392 57 78 0
393 53 63 0
394 31353 31398 0
395 62612 62696 0
396 38 75 0
397 22 67 0
398 4055 4103 0
399 4011 4022 0
--------------
1000000 :c
1003427 :sum(p)
999997 :sum(w)
