400 :n
id p,w,x
--------------
0 70 1 1
1 78 5 1
2 87 6 1
3 100 15 1
4 46 10 1
5 81 18 1
6 81 21 1
7 89 30 1
8 50 18 1
9 77 28 1
10 87 40 1
11 64 31 1
12 43 21 1
13 32 16 1
14 67 50 1
15 2149 2067 1
16 2124 2061 1
17 2120 2060 1
18 71 69 1
19 2135 2082 1
20 2148 2102 1
21 4080 4018 1
22 2089 2060 1
23 4090 4037 1
24 2139 2114 1
25 4095 4056 1
26 2095 2076 1
27 4083 4046 1
28 7992 7922 1
29 2087 2070 1
30 2092 2075 1
31 4083 4050 1
32 2112 2095 1
33 2148 2131 1
34 7986 7928 1
35 4069 4042 1
36 2148 2134 1
37 7962 7913 1
38 8010 7966 1
39 7981 7938 1
40 15810 15728 1
41 15816 15741 1
42 7950 7917 1
43 4075 4059 1
44 7947 7916 1
45 4083 4068 1
46 15818 15763 1
47 15818 15763 1
48 2109 2102 1
49 15818 15767 1
50 15782 15732 1
51 4050 4039 1
52 31431 31352 1
53 4084 4074 1
54 15824 15786 1
55 2088 2083 1
56 7941 7923 1
57 8005 7987 1
58 15810 15775 1
59 31422 31353 1
60 8004 7987 1
61 31429 31370 1
62 31441 31382 1
63 7951 7937 1
64 4048 4041 1
65 31406 31354 1
66 31415 31365 1
67 15797 15772 1
68 15797 15773 1
69 7946 7934 1
70 31417 31371 1
71 62695 62604 1
72 62694 62605 1
73 31436 31396 1
74 7976 7966 1
75 7998 7988 1
76 31443 31406 1
77 7923 7914 1
78 15798 15781 1
79 2084 2082 1
80 62697 62648 0
81 67 40 1
82 62692 62624 1
83 31403 31372 1
84 31429 31399 1
85 62679 62631 1
86 7995 7989 0
87 62699 62669 0
88 31443 31434 0
89 7962 7972 0
90 62686 62640 0
91 62651 62608 0
92 62659 62616 0
93 62671 62629 0
94 62693 62651 0
95 2128 2127 1
96 31408 31387 1
97 62677 62636 0
98 62695 62655 0
99 62697 62657 0
100 125185 125110 0
101 125198 125123 0
102 15736 15727 0
103 15758 15749 0
104 15798 15789 0
105 7962 7958 0
106 2072 2071 0
107 7918 7915 0
108 4060 4059 0
109 2 2 0
110 7930 7930 0
111 38 38 1
112 4063 4065 0
113 2065 2067 0
114 2128 2132 0
115 23 27 0
116 3 4 1
117 250190 250135 0
118 125151 125119 0
119 250194 250122 0
120 31388 31379 0
121 125163 125124 0
122 125147 125117 0
123 125198 125150 0
124 62677 62665 0
125 125151 125101 0
126 125157 125108 0
127 250163 250110 0
128 62656 62631 0
129 62618 62605 0
130 250155 250103 0
131 125132 125102 0
132 250193 250145 0
133 250195 250145 0
134 250197 250117 0
135 31393 31384 0
136 250199 250132 0
137 62697 62675 0
138 125140 125116 0
139 31365 31353 0
140 15729 15726 0
141 500197 500137 0
142 125135 125119 0
143 500184 500118 0
144 15763 15760 0
145 62650 62643 0
146 250148 250120 0
147 250145 250116 0
148 500171 500112 0
149 125195 125176 0
150 500199 500115 0
151 250165 250125 0
152 125186 125114 0
153 125176 125125 0
154 31391 31376 0
155 62604 62609 0
156 500149 500102 0
157 62677 62678 0
158 62688 62684 0
159 500147 500159 0
160 250186 250168 0
161 500194 500159 0
162 31392 31395 0
163 500184 500170 0
164 500146 500119 0
165 500159 500149 0
166 62649 62645 0
167 500125 500120 0
168 62670 62668 0
169 500174 500199 0
170 250160 250164 0
171 62658 62652 0
172 62631 62629 0
173 250181 250157 0
174 31435 31435 0
175 500122 500151 0
176 500139 500164 0
177 500182 500137 0
178 500190 500189 0
179 500131 500138 0
180 125119 125115 0
181 500125 500136 0
182 250149 250125 0
183 125199 125197 0
184 500115 500141 0
185 31438 31436 0
186 500138 500142 0
187 500168 500148 0
188 500101 500104 0
189 125152 125169 0
190 500136 500176 0
191 250196 250180 0
192 500147 500103 0
193 500126 500156 0
194 250131 250152 0
195 250190 250167 0
196 500164 500170 0
197 31434 31435 0
198 250200 250181 0
199 250118 250138 0
200 250123 250137 0
201 500133 500150 0
202 125166 125167 0
203 500120 500178 0
204 250185 250181 0
205 250191 250188 0
206 500167 500198 0
207 125164 125175 0
208 500193 500194 0
209 125122 125110 0
210 250164 250185 0
211 250183 250199 0
212 250118 250140 0
213 125127 125130 0
214 125132 125128 0
215 500187 500138 0
216 500117 500160 0
217 125121 125110 0
218 250156 250167 0
219 250126 250115 0
220 500186 500182 0
221 500119 500124 0
222 125104 125123 0
223 500139 500170 0
224 250111 250105 0
225 500161 500162 0
226 250167 250160 0
227 500111 500126 0
228 500196 500153 0
229 62613 62621 0
230 500126 500122 0
231 31438 31425 0
232 125194 125129 0
233 62693 62661 0
234 250200 250107 0
235 31402 31392 0
236 250107 250149 0
237 15729 15782 0
238 15748 15818 0
239 15765 15792 0
240 7932 7995 0
241 7977 8012 0
242 7949 7973 0
243 7959 8004 0
244 250130 250194 0
245 7924 7935 0
246 7915 8001 0
247 15776 15803 0
248 7993 7996 0
249 7914 7993 0
250 15739 15769 0
251 15769 15813 0
252 15739 15802 0
253 15735 15740 0
254 7938 7977 0
255 15761 15766 0
256 15737 15788 0
257 250119 250199 0
258 250119 250168 0
259 7927 7944 0
260 15745 15756 0
261 7936 7981 0
262 15806 15820 0
263 7950 7989 0
264 7936 7960 0
265 15733 15793 0
266 7925 7973 0
267 7920 7984 0
268 7939 7992 0
269 250105 250157 0
270 15730 15782 0
271 15736 15770 0
272 7926 7969 0
273 7964 7967 0
274 7975 7996 0
275 15740 15794 0
276 15739 15819 0
277 250118 250189 0
278 7967 8004 0
279 4041 4060 0
280 4031 4102 0
281 4049 4101 0
282 4036 4105 0
283 4066 4091 0
284 250115 250190 0
285 4025 4100 0
286 4022 4034 0
287 4050 4069 0
288 4016 4062 0
289 4065 4068 0
290 4013 4068 0
291 4029 4099 0
292 4095 4103 0
293 4092 4102 0
294 15732 15772 0
295 31366 31390 0
296 4036 4090 0
297 4087 4105 0
298 4018 4099 0
299 4066 4092 0
300 4018 4048 0
301 4016 4023 0
302 15728 15781 0
303 31432 31448 0
304 31367 31433 0
305 31416 31436 0
306 4015 4081 0
307 31369 31449 0
308 4021 4025 0
309 4036 4076 0
310 31357 31449 0
311 4038 4070 0
312 31375 31424 0
313 31417 31443 0
314 4009 4056 0
315 4090 4094 0
316 4025 4088 0
317 31353 31388 0
318 31364 31449 0
319 31365 31379 0
320 2060 2097 0
321 31371 31411 0
322 2066 2091 0
323 2083 2108 0
324 2087 2097 0
325 2119 2141 0
326 31379 31432 0
327 2087 2151 0
328 2054 2124 0
329 2064 2084 0
330 2088 2103 0
331 2112 2150 0
332 250153 250199 0
333 2091 2151 0
334 2103 2142 0
335 31376 31439 0
336 2111 2119 0
337 31370 31377 0
338 31415 31433 0
339 2085 2145 0
340 31370 31419 0
341 62605 62692 0
342 500101 500190 0
343 62619 62684 0
344 62684 62695 0
345 62653 62679 0
346 2138 2150 0
347 125101 125149 0
348 250142 250197 0
349 2058 2129 0
350 2116 2126 0
351 2058 2144 0
352 15758 15823 0
353 2055 2070 0
354 62653 62683 0
355 62635 62696 0
356 2055 2065 0
357 62640 62684 0
358 62605 62632 0
359 28 52 0
360 11 72 0
361 62628 62675 0
362 45 58 0
363 11 45 0
364 24 36 0
365 62612 62649 0
366 62626 62636 0
367 23 95 0
368 18 62 0
369 37 91 0
370 62605 62623 0
371 23 78 0
372 20 87 0
373 15768 15788 0
374 4 81 0
375 125109 125151 0
376 5 90 0
377 74 91 0
378 56 76 0
379 19 83 0
380 15782 15794 0
381 125106 125177 0
382 125101 125137 0
383 125130 125180 0
384 125115 125157 0
385 1 73 0
386 125100 125160 0
387 125101 125169 0
388 125160 125193 0
389 15 68 0
390 50 91 0
391 125168 125194 0
392 125100 125142 0
393 125152 125199 0
394 125133 125187 0
395 125135 125166 0
396 63 74 0
397 125129 125191 0
398 15747 15767 0
399 15819 15825 0
--------------
1000000 :c
1003366 :sum(p)
1000000 :sum(w)
