400 :n
id p,w,x
--------------
0 8007 7921 1
1 15812 15739 1
2 97 16 1
3 7998 7929 1
4 8010 7964 1
5 7982 7940 1
6 46 20 1
7 33 12 1
8 7991 7937 1
9 86 27 1
10 77 6 1
11 70 11 1
12 8010 7944 1
13 80 54 1
14 7971 7916 1
15 7993 7926 1
16 65 48 1
17 100 20 1
18 77 28 1
19 7988 7923 1
20 28 5 1
21 2152 2058 1
22 15825 15734 1
23 7968 7917 1
24 2150 2109 1
25 4081 4037 1
26 2146 2112 1
27 2135 2073 1
28 4101 4075 1
29 2108 2084 1
30 2153 2122 1
31 2130 2062 1
32 2105 2076 1
33 4048 4029 1
34 2127 2106 1
35 2112 2060 1
36 4059 4038 1
37 4095 4073 1
38 4106 4040 1
39 4106 4013 1
40 4077 4018 1
41 4103 4070 1
42 4079 4029 1
43 4105 4057 1
44 4062 4007 1
45 4091 4030 1
46 4089 4045 1
47 4075 4031 1
48 4090 4015 1
49 4030 4010 1
50 4087 4046 1
51 4106 4031 1
52 7999 7963 1
53 31435 31354 1
54 15791 15741 1
55 15810 15765 1
56 15808 15762 1
57 15766 15732 1
58 15790 15742 1
59 15813 15749 1
60 7953 7917 1
61 31434 31362 1
62 31450 31375 1
63 7988 7960 1
64 31449 31372 1
65 26 16 1
66 59 47 1
67 15 13 1
68 78 73 0
69 55 52 1
70 90 86 1
71 98 94 0
72 88 85 1
73 2131 2115 1
74 2098 2084 1
75 2153 2141 1
76 2149 2139 1
77 4094 4079 1
78 4076 4062 1
79 4083 4071 1
80 7964 7942 1
81 7937 7919 1
82 8011 7993 1
83 15773 15743 1
84 8008 7993 1
85 15802 15773 1
86 31433 31376 1
87 15785 15757 1
88 7970 7956 1
89 31411 31358 1
90 7950 7938 1
91 62698 62609 1
92 62678 62602 1
93 15746 15727 1
94 31437 31401 1
95 7962 7953 0
96 2086 2060 1
97 15786 15770 1
98 31442 31411 1
99 31407 31377 1
100 15759 15744 1
101 8004 7998 0
102 78 37 1
103 62674 62609 1
104 4027 4024 1
105 62648 62602 0
106 31387 31364 1
107 15815 15821 0
108 15804 15824 0
109 31406 31384 0
110 250115 250161 0
111 62682 62637 0
112 15788 15778 0
113 125179 125106 0
114 125193 125120 0
115 2074 2083 0
116 62675 62640 0
117 125187 125122 0
118 125185 125123 0
119 2084 2083 1
120 62649 62620 0
121 125166 125109 0
122 62697 62669 0
123 62669 62643 0
124 125193 125145 0
125 7948 7945 0
126 31431 31420 0
127 31433 31422 0
128 250185 250101 0
129 125196 125155 0
130 250199 250119 0
131 15794 15791 0
132 15803 15800 0
133 7916 7915 0
134 7931 7930 0
135 7952 7953 0
136 15785 15787 0
137 4043 4044 0
138 7921 7923 0
139 7937 7940 0
140 7998 8003 0
141 2111 2113 0
142 4063 4067 0
143 4093 4098 0
144 4018 4023 0
145 2102 2106 0
146 4039 4048 0
147 2136 2141 0
148 4094 4104 0
149 4007 4018 0
150 2139 2146 0
151 2099 2112 0
152 56 57 1
153 46 48 0
154 31 33 0
155 31 34 0
156 38 47 0
157 9 19 0
158 5 16 0
159 250119 250107 0
160 125165 125143 0
161 250182 250149 0
162 500168 500133 0
163 500190 500105 0
164 125187 125188 0
165 250169 250148 0
166 250174 250177 0
167 250149 250149 0
168 500116 500118 0
169 250165 250150 0
170 31417 31415 0
171 125179 125172 0
172 250137 250105 0
173 500147 500133 0
174 62661 62663 0
175 250127 250120 0
176 500160 500108 0
177 500115 500117 0
178 125150 125156 0
179 500139 500164 0
180 500105 500117 0
181 500197 500181 0
182 125195 125199 0
183 125122 125124 0
184 250155 250104 0
185 500199 500110 0
186 125117 125107 0
187 500128 500151 0
188 125183 125180 0
189 125153 125137 0
190 250157 250150 0
191 250143 250119 0
192 125196 125173 0
193 250109 250103 0
194 500169 500118 0
195 250186 250109 0
196 500189 500190 0
197 500113 500138 0
198 31440 31437 0
199 250198 250182 0
200 500200 500159 0
201 250184 250164 0
202 125151 125118 0
203 500106 500104 0
204 500142 500145 0
205 500137 500125 0
206 125135 125105 0
207 500126 500140 0
208 500162 500152 0
209 500184 500162 0
210 500156 500104 0
211 500189 500144 0
212 125186 125147 0
213 125183 125149 0
214 62697 62690 0
215 62693 62675 0
216 62685 62665 0
217 500134 500110 0
218 62623 62606 0
219 62668 62668 0
220 62687 62684 0
221 500145 500115 0
222 62642 62635 0
223 500115 500101 0
224 500145 500128 0
225 500199 500145 0
226 500177 500173 0
227 500140 500141 0
228 250177 250146 0
229 500189 500101 0
230 250136 250136 0
231 250163 250157 0
232 125155 125127 0
233 125140 125103 0
234 62650 62636 0
235 62636 62639 0
236 250116 250121 0
237 250169 250166 0
238 125199 125188 0
239 62647 62642 0
240 62664 62645 0
241 500185 500161 0
242 250165 250167 0
243 31355 31390 0
244 250127 250183 0
245 31384 31386 0
246 31354 31433 0
247 31375 31384 0
248 7970 7986 0
249 31366 31444 0
250 31355 31426 0
251 7952 7990 0
252 7916 7928 0
253 31393 31398 0
254 250119 250175 0
255 31380 31432 0
256 7971 8004 0
257 250129 250146 0
258 31358 31407 0
259 7971 8004 0
260 250143 250178 0
261 31376 31412 0
262 7937 7960 0
263 31387 31437 0
264 31395 31444 0
265 7961 7991 0
266 7956 8007 0
267 7932 8007 0
268 31416 31421 0
269 31411 31431 0
270 31409 31444 0
271 7958 8000 0
272 7963 7993 0
273 31375 31385 0
274 31366 31385 0
275 31407 31443 0
276 31405 31428 0
277 7921 8002 0
278 31371 31417 0
279 4013 4047 0
280 31352 31355 0
281 4009 4076 0
282 4029 4043 0
283 31366 31431 0
284 250123 250194 0
285 250124 250173 0
286 31417 31445 0
287 15763 15778 0
288 31360 31371 0
289 62669 62700 0
290 62612 62662 0
291 250122 250198 0
292 4051 4106 0
293 62667 62694 0
294 250105 250197 0
295 62656 62679 0
296 62609 62648 0
297 15749 15805 0
298 62624 62661 0
299 62609 62650 0
300 15735 15806 0
301 4011 4095 0
302 15731 15740 0
303 62609 62635 0
304 4033 4100 0
305 62605 62693 0
306 62619 62624 0
307 62651 62689 0
308 4009 4068 0
309 62612 62699 0
310 62645 62684 0
311 15770 15793 0
312 62611 62656 0
313 31361 31375 0
314 4093 4106 0
315 4062 4103 0
316 62672 62687 0
317 4018 4070 0
318 15782 15816 0
319 15751 15759 0
320 250163 250189 0
321 62603 62675 0
322 15739 15806 0
323 500124 500200 0
324 15735 15814 0
325 15741 15778 0
326 15744 15788 0
327 62639 62691 0
328 2054 2092 0
329 2074 2152 0
330 2063 2118 0
331 2106 2120 0
332 2061 2139 0
333 62669 62680 0
334 2064 2084 0
335 2078 2148 0
336 500106 500169 0
337 62682 62691 0
338 2101 2137 0
339 2073 2090 0
340 2059 2119 0
341 125124 125161 0
342 500102 500187 0
343 2065 2095 0
344 125128 125175 0
345 125131 125174 0
346 2102 2127 0
347 125179 125188 0
348 125111 125153 0
349 2081 2119 0
350 125162 125185 0
351 2059 2104 0
352 2074 2153 0
353 2116 2142 0
354 125143 125151 0
355 2063 2130 0
356 125110 125188 0
357 125187 125199 0
358 2078 2094 0
359 15799 15824 0
360 125112 125130 0
361 125182 125191 0
362 59 80 0
363 125187 125194 0
364 125150 125195 0
365 59 75 0
366 125118 125184 0
367 6 79 0
368 73 95 0
369 500126 500177 0
370 15766 15794 0
371 125129 125187 0
372 500107 500174 0
373 125102 125185 0
374 32 61 0
375 250108 250185 0
376 62 93 0
377 250144 250186 0
378 15783 15819 0
379 32 66 0
380 250146 250164 0
381 250110 250175 0
382 36 68 0
383 500159 500191 0
384 15728 15767 0
385 42 72 0
386 250130 250181 0
387 15727 15767 0
388 1 19 0
389 6 40 0
390 500118 500144 0
391 250133 250191 0
392 15738 15821 0
393 15801 15815 0
394 6 73 0
395 12 35 0
396 500115 500190 0
397 250128 250191 0
398 15736 15782 0
399 15756 15823 0
--------------
1000000 :c
1004214 :sum(p)
1000000 :sum(w)
