400 :n
id p,w,x
--------------
0 78 4 1
1 87 11 1
2 65 9 1
3 84 31 1
4 63 24 1
5 83 32 1
6 75 32 1
7 49 23 1
8 97 48 1
9 45 23 1
10 98 59 1
11 43 27 1
12 87 57 1
13 56 37 1
14 46 32 1
15 76 56 1
16 82 63 1
17 82 67 1
18 98 85 1
19 69 66 1
20 2152 2068 1
21 2137 2054 1
22 2152 2069 1
23 2122 2060 1
24 2122 2062 1
25 2152 2104 1
26 4095 4011 1
27 2150 2107 1
28 2108 2066 1
29 2133 2093 1
30 2144 2110 1
31 4098 4035 1
32 4086 4024 1
33 4075 4016 1
34 4088 4038 1
35 2140 2114 1
36 4090 4043 1
37 2091 2067 1
38 4098 4053 1
39 2133 2110 1
40 8010 7924 1
41 4086 4044 1
42 4096 4055 1
43 2089 2069 1
44 4082 4044 1
45 7996 7923 1
46 8001 7933 1
47 8003 7936 1
48 4093 4059 1
49 2135 2118 1
50 7983 7924 1
51 7983 7926 1
52 4089 4061 1
53 4092 4068 1
54 4085 4062 1
55 4029 4007 1
56 7973 7931 1
57 2096 2085 1
58 2140 2129 1
59 7999 7960 1
60 2146 2136 1
61 7988 7953 1
62 2087 2078 1
63 2134 2125 1
64 7947 7916 1
65 2068 2060 1
66 7987 7957 1
67 15780 15727 1
68 15820 15772 1
69 15809 15762 1
70 15821 15774 1
71 15784 15740 1
72 15802 15758 1
73 7968 7946 1
74 15765 15727 1
75 2130 2125 1
76 31428 31355 1
77 31445 31375 1
78 4077 4068 1
79 31444 31377 1
80 15772 15740 1
81 15823 15791 1
82 7973 7957 1
83 4032 4024 1
84 15780 15750 1
85 15784 15755 1
86 7929 7915 1
87 31446 31395 1
88 31402 31354 1
89 31398 31353 1
90 31437 31392 1
91 31431 31390 1
92 7956 7946 1
93 62692 62624 1
94 15753 15736 1
95 15760 15743 0
96 31449 31416 1
97 4086 4082 1
98 15808 15793 0
99 98 8 1
100 62673 62608 1
101 31389 31356 1
102 62692 62626 1
103 62677 62619 1
104 31415 31387 0
105 62695 62667 0
106 31447 31449 0
107 7914 7975 0
108 62685 62632 0
109 31386 31361 0
110 62654 62606 0
111 62668 62620 0
112 62657 62610 0
113 31408 31385 0
114 31400 31378 0
115 31435 31413 0
116 62663 62621 0
117 31382 31362 0
118 62681 62644 0
119 15764 15755 0
120 125166 125101 0
121 62685 62653 0
122 15735 15727 0
123 62672 62641 0
124 125163 125106 0
125 125156 125103 0
126 125192 125139 0
127 62636 62610 0
128 31419 31406 0
129 125199 125151 0
130 31373 31361 0
131 15769 15763 0
132 125171 125127 0
133 31432 31421 0
134 125144 125101 0
135 125174 125136 0
136 125143 125106 0
137 15747 15743 0
138 62690 62678 0
139 31419 31413 0
140 31419 31413 0
141 15810 15807 0
142 15816 15813 0
143 15735 15735 0
144 4051 4051 0
145 26 26 0
146 4035 4035 1
147 4048 4048 1
148 7993 7995 0
149 4104 4106 0
150 4028 4031 0
151 4024 4027 0
152 4010 4015 0
153 2107 2111 0
154 2128 2134 0
155 73 79 0
156 77 84 0
157 23 30 0
158 250187 250150 0
159 125180 125162 0
160 500187 500120 0
161 250195 250116 0
162 250194 250133 0
163 500196 500122 0
164 250195 250114 0
165 500192 500106 0
166 500168 500144 0
167 500152 500164 0
168 250170 250175 0
169 500173 500157 0
170 500143 500119 0
171 500127 500117 0
172 250162 250141 0
173 250137 250135 0
174 500191 500196 0
175 500176 500134 0
176 125147 125141 0
177 500112 500121 0
178 500183 500120 0
179 500172 500178 0
180 250179 250164 0
181 250187 250167 0
182 62615 62613 0
183 62633 62635 0
184 500153 500166 0
185 500196 500150 0
186 500151 500163 0
187 500166 500136 0
188 31419 31415 0
189 250151 250148 0
190 250120 250106 0
191 500134 500141 0
192 500111 500104 0
193 250200 250183 0
194 62619 62611 0
195 500126 500151 0
196 500142 500158 0
197 62655 62651 0
198 31412 31409 0
199 500165 500174 0
200 250165 250175 0
201 500149 500142 0
202 250140 250142 0
203 500146 500166 0
204 500190 500189 0
205 250130 250115 0
206 500152 500133 0
207 250172 250182 0
208 250185 250192 0
209 500150 500162 0
210 125195 125192 0
211 125125 125132 0
212 125151 125158 0
213 500152 500147 0
214 500155 500148 0
215 500155 500155 0
216 250169 250180 0
217 500188 500160 0
218 250176 250143 0
219 500126 500111 0
220 500176 500150 0
221 125166 125164 0
222 500199 500190 0
223 62665 62662 0
224 500157 500116 0
225 500130 500147 0
226 250197 250154 0
227 250185 250127 0
228 250188 250108 0
229 125167 125138 0
230 250189 250109 0
231 125163 125138 0
232 125160 125140 0
233 250194 250135 0
234 250195 250112 0
235 125175 125144 0
236 15769 15816 0
237 125135 125162 0
238 15727 15825 0
239 7946 8007 0
240 250108 250125 0
241 7939 7988 0
242 125134 125147 0
243 7930 7946 0
244 7966 7988 0
245 250167 250186 0
246 250118 250132 0
247 125127 125147 0
248 7920 7981 0
249 250161 250192 0
250 15799 15803 0
251 7926 7989 0
252 7914 7966 0
253 7955 8001 0
254 250164 250181 0
255 7915 7966 0
256 15788 15796 0
257 7920 7988 0
258 125120 125199 0
259 7983 7986 0
260 7938 7997 0
261 7942 8009 0
262 250168 250183 0
263 7933 7954 0
264 7933 7983 0
265 7930 7992 0
266 15735 15768 0
267 250145 250163 0
268 7952 7999 0
269 7918 7952 0
270 15772 15824 0
271 7937 7943 0
272 7990 8000 0
273 7951 7970 0
274 7960 7989 0
275 15726 15733 0
276 15782 15783 0
277 15810 15812 0
278 7968 7988 0
279 31352 31434 0
280 31356 31390 0
281 4013 4032 0
282 31379 31438 0
283 4052 4074 0
284 31404 31424 0
285 250111 250136 0
286 15766 15823 0
287 4045 4086 0
288 4037 4061 0
289 4051 4096 0
290 15794 15802 0
291 31371 31430 0
292 31363 31373 0
293 125136 125163 0
294 250135 250151 0
295 4046 4079 0
296 4042 4105 0
297 4042 4065 0
298 4023 4072 0
299 31360 31416 0
300 4049 4087 0
301 250104 250120 0
302 250152 250166 0
303 250133 250191 0
304 31370 31394 0
305 4008 4033 0
306 125148 125177 0
307 4009 4030 0
308 31360 31447 0
309 15775 15804 0
310 4012 4049 0
311 4017 4052 0
312 125105 125171 0
313 31383 31409 0
314 250170 250195 0
315 31381 31401 0
316 250109 250137 0
317 4007 4032 0
318 31367 31392 0
319 2128 2145 0
320 31358 31368 0
321 2100 2126 0
322 2069 2121 0
323 31387 31408 0
324 15765 15773 0
325 2094 2109 0
326 31427 31434 0
327 2100 2150 0
328 2070 2149 0
329 125127 125152 0
330 31389 31396 0
331 125128 125177 0
332 62611 62652 0
333 62631 62680 0
334 62689 62695 0
335 62639 62695 0
336 62661 62683 0
337 62627 62672 0
338 2061 2087 0
339 62632 62685 0
340 2123 2143 0
341 2087 2137 0
342 2073 2088 0
343 2098 2126 0
344 2099 2118 0
345 62633 62665 0
346 2084 2100 0
347 15749 15761 0
348 62616 62635 0
349 2105 2130 0
350 2112 2124 0
351 2127 2136 0
352 500152 500186 0
353 500138 500198 0
354 62647 62660 0
355 15785 15816 0
356 62617 62663 0
357 62654 62667 0
358 62618 62648 0
359 14 40 0
360 74 97 0
361 45 78 0
362 62619 62631 0
363 17 97 0
364 62622 62641 0
365 15728 15803 0
366 62660 62684 0
367 19 75 0
368 62627 62642 0
369 500142 500178 0
370 9 46 0
371 62607 62637 0
372 62664 62697 0
373 62650 62657 0
374 27 48 0
375 125125 125192 0
376 125143 125198 0
377 32 47 0
378 125104 125175 0
379 125152 125177 0
380 125104 125197 0
381 125145 125158 0
382 7 37 0
383 20 72 0
384 125140 125185 0
385 25 45 0
386 125114 125188 0
387 34 57 0
388 15729 15816 0
389 70 100 0
390 19 60 0
391 250165 250197 0
392 125102 125117 0
393 125116 125183 0
394 125152 125178 0
395 125166 125191 0
396 40 55 0
397 500135 500172 0
398 15762 15766 0
399 15763 15778 0
--------------
1000000 :c
1004074 :sum(p)
999999 :sum(w)
