400 :n
id p,w,x
--------------
0 7992 7927 1
1 7962 7924 1
2 96 80 1
3 85 40 1
4 51 14 1
5 87 35 1
6 64 39 1
7 72 49 1
8 13 3 1
9 90 72 1
10 84 24 1
11 100 30 1
12 40 31 1
13 34 24 1
14 88 19 1
15 59 36 1
16 7965 7929 1
17 89 16 1
18 7953 7913 1
19 98 78 1
20 2099 2059 1
21 15818 15743 1
22 2080 2061 1
23 15824 15740 1
24 2152 2124 1
25 2115 2062 1
26 2130 2077 1
27 15825 15733 1
28 2131 2114 1
29 2124 2084 1
30 2115 2085 1
31 2105 2060 1
32 2129 2101 1
33 2138 2062 1
34 2139 2093 1
35 15802 15727 1
36 2143 2070 1
37 2106 2057 1
38 7960 7924 1
39 4092 4071 1
40 8009 7961 1
41 4102 4056 1
42 4085 4064 1
43 4079 4014 1
44 4105 4012 1
45 4099 4040 1
46 4100 4069 1
47 4061 4016 1
48 4078 4042 1
49 4077 4037 1
50 4105 4008 1
51 7975 7918 1
52 4072 4007 1
53 7990 7919 1
54 4075 4055 1
55 7993 7914 1
56 4044 4014 1
57 8009 7914 1
58 4081 4020 1
59 31425 31376 1
60 31445 31391 1
61 15771 15738 1
62 15822 15762 1
63 7973 7952 1
64 7966 7949 1
65 7986 7963 1
66 4041 4023 1
67 31444 31354 1
68 4081 4071 1
69 15796 15737 1
70 8012 7989 1
71 7951 7928 1
72 4062 4050 1
73 15805 15736 1
74 4050 4040 1
75 7943 7919 1
76 8002 7980 1
77 15778 15731 1
78 15823 15755 1
79 15787 15734 1
80 15810 15740 1
81 15821 15752 1
82 31434 31378 1
83 31435 31376 1
84 15823 15790 1
85 31440 31391 1
86 58 55 1
87 31 30 0
88 2149 2143 1
89 2102 2098 1
90 8003 7988 1
91 15800 15773 1
92 7993 7980 1
93 15820 15796 1
94 7997 7985 1
95 31421 31374 1
96 2058 2055 0
97 2149 2146 0
98 4022 4017 1
99 31407 31368 1
100 31446 31410 1
101 62696 62628 1
102 15817 15800 0
103 92 88 1
104 62693 62616 1
105 31408 31375 0
106 62666 62601 0
107 62687 62622 1
108 31436 31434 0
109 8011 8003 0
110 500199 500133 0
111 31410 31378 0
112 15771 15755 0
113 62671 62608 0
114 62694 62631 0
115 4047 4043 1
116 62700 62639 0
117 15801 15786 0
118 62660 62603 0
119 62693 62642 0
120 62689 62641 0
121 125194 125101 0
122 62663 62617 0
123 31388 31365 0
124 125196 125108 0
125 31407 31385 0
126 62646 62605 0
127 15765 15755 0
128 15782 15772 0
129 2105 2104 0
130 2112 2112 0
131 2116 2116 0
132 42 44 0
133 62622 62654 0
134 62623 62664 0
135 62643 62628 0
136 62630 62611 0
137 62609 62697 0
138 62646 62686 0
139 62654 62645 0
140 62640 62655 0
141 125128 125194 0
142 62662 62663 0
143 62602 62637 0
144 62604 62644 0
145 62651 62683 0
146 125164 125190 0
147 62680 62673 0
148 62642 62607 0
149 125179 125170 0
150 62615 62633 0
151 62628 62663 0
152 62648 62687 0
153 62679 62691 0
154 62658 62644 0
155 62635 62654 0
156 62683 62673 0
157 125145 125178 0
158 125180 125178 0
159 31370 31431 0
160 125167 125189 0
161 125172 125110 0
162 31413 31425 0
163 125131 125189 0
164 31416 31398 0
165 31371 31410 0
166 31376 31358 0
167 31393 31393 0
168 31418 31447 0
169 31369 31439 0
170 31401 31432 0
171 125194 125128 0
172 31386 31428 0
173 125140 125106 0
174 125129 125129 0
175 125112 125162 0
176 31409 31399 0
177 125140 125196 0
178 31396 31426 0
179 31410 31398 0
180 125118 125177 0
181 31420 31443 0
182 125169 125155 0
183 125108 125196 0
184 31381 31433 0
185 31357 31406 0
186 31419 31445 0
187 31362 31433 0
188 62604 62653 0
189 125162 125182 0
190 31384 31444 0
191 125150 125117 0
192 31358 31358 0
193 31372 31389 0
194 31358 31375 0
195 31411 31404 0
196 31357 31400 0
197 31370 31413 0
198 31359 31365 0
199 125124 125118 0
200 125135 125187 0
201 15801 15799 0
202 125183 125183 0
203 15752 15757 0
204 125153 125181 0
205 15728 15763 0
206 15760 15789 0
207 125129 125128 0
208 125196 125195 0
209 125100 125160 0
210 125183 125169 0
211 125177 125177 0
212 15780 15794 0
213 125146 125199 0
214 125111 125161 0
215 15755 15757 0
216 125104 125178 0
217 15764 15792 0
218 125172 125162 0
219 125132 125183 0
220 125133 125192 0
221 15737 15757 0
222 15727 15733 0
223 15743 15799 0
224 125179 125113 0
225 125101 125127 0
226 15765 15795 0
227 125181 125118 0
228 15740 15740 0
229 15782 15816 0
230 125153 125145 0
231 15794 15808 0
232 125162 125146 0
233 15778 15789 0
234 250108 250172 0
235 15779 15796 0
236 15789 15823 0
237 15737 15734 0
238 15780 15803 0
239 7929 7949 0
240 7925 7947 0
241 250139 250123 0
242 7979 8006 0
243 7922 7978 0
244 250111 250196 0
245 250146 250190 0
246 250157 250172 0
247 250124 250110 0
248 250190 250118 0
249 250169 250123 0
250 7930 7992 0
251 7958 7956 0
252 7987 8001 0
253 7982 7995 0
254 250121 250172 0
255 250104 250160 0
256 7936 7943 0
257 250136 250161 0
258 7942 7964 0
259 250118 250107 0
260 7938 8005 0
261 250123 250182 0
262 250127 250157 0
263 250145 250175 0
264 7924 7968 0
265 7957 8011 0
266 7975 7983 0
267 250121 250115 0
268 250149 250102 0
269 250144 250164 0
270 250106 250186 0
271 250148 250128 0
272 7952 7963 0
273 7965 7993 0
274 7961 7959 0
275 250122 250185 0
276 7931 7942 0
277 250114 250172 0
278 7930 7969 0
279 4040 4095 0
280 250158 250108 0
281 250173 250170 0
282 250144 250163 0
283 250149 250137 0
284 4071 4073 0
285 250151 250121 0
286 4037 4093 0
287 4067 4079 0
288 250151 250189 0
289 4072 4103 0
290 250174 250168 0
291 250125 250120 0
292 4010 4069 0
293 250160 250158 0
294 4076 4100 0
295 4044 4099 0
296 4041 4088 0
297 250134 250159 0
298 250199 250101 0
299 250176 250103 0
300 4066 4067 0
301 4020 4067 0
302 4084 4098 0
303 4017 4051 0
304 250190 250156 0
305 4076 4095 0
306 250141 250174 0
307 4032 4079 0
308 4021 4051 0
309 250167 250195 0
310 4026 4062 0
311 250126 250130 0
312 250186 250144 0
313 4070 4079 0
314 250175 250105 0
315 500194 500132 0
316 500115 500179 0
317 500121 500161 0
318 4037 4081 0
319 500160 500110 0
320 2109 2132 0
321 500154 500195 0
322 2087 2126 0
323 2059 2110 0
324 500199 500141 0
325 2055 2098 0
326 2072 2098 0
327 500127 500139 0
328 2081 2098 0
329 2065 2096 0
330 2077 2080 0
331 2087 2105 0
332 500111 500149 0
333 500142 500113 0
334 500176 500103 0
335 500183 500186 0
336 500131 500193 0
337 2105 2130 0
338 500158 500193 0
339 500129 500115 0
340 500200 500161 0
341 62606 62667 0
342 500199 500146 0
343 500157 500144 0
344 2070 2147 0
345 2107 2117 0
346 62617 62663 0
347 62609 62678 0
348 500109 500181 0
349 2085 2104 0
350 500122 500120 0
351 2103 2140 0
352 2098 2120 0
353 500161 500158 0
354 2097 2150 0
355 2104 2119 0
356 2079 2091 0
357 500165 500179 0
358 2119 2135 0
359 11 51 0
360 500122 500138 0
361 50 64 0
362 500174 500143 0
363 29 63 0
364 41 48 0
365 500125 500125 0
366 58 96 0
367 500101 500179 0
368 500158 500158 0
369 36 91 0
370 20 47 0
371 45 50 0
372 500147 500176 0
373 22 27 0
374 500197 500102 0
375 31 78 0
376 22 65 0
377 500191 500105 0
378 500192 500191 0
379 50 81 0
380 500105 500132 0
381 62666 62632 0
382 500147 500104 0
383 500117 500164 0
384 500159 500170 0
385 2 12 0
386 7 33 0
387 500132 500134 0
388 43 75 0
389 500180 500177 0
390 500181 500108 0
391 20 93 0
392 59 71 0
393 3 18 0
394 3 50 0
395 500139 500194 0
396 47 83 0
397 500152 500143 0
398 62627 62693 0
399 62682 62678 0
--------------
1000000 :c
1004347 :sum(p)
999999 :sum(w)
