400 :n
id p,w,x
--------------
0 61 4 1
1 75 8 1
2 64 8 1
3 94 14 1
4 68 16 1
5 85 21 1
6 82 24 1
7 47 14 1
8 73 24 1
9 96 45 1
10 99 52 1
11 86 47 1
12 92 57 1
13 85 54 1
14 98 68 1
15 83 62 1
16 57 44 1
17 67 54 1
18 79 69 1
19 73 67 1
20 68 63 1
21 92 86 1
22 79 74 1
23 2148 2069 1
24 2135 2069 1
25 2115 2057 1
26 2132 2074 1
27 2120 2064 1
28 2121 2069 1
29 2103 2058 1
30 2141 2101 1
31 2133 2094 1
32 4079 4009 1
33 2146 2110 1
34 2111 2077 1
35 4105 4040 1
36 4091 4027 1
37 4106 4042 1
38 4073 4017 1
39 4072 4017 1
40 2102 2075 1
41 2086 2060 1
42 4098 4053 1
43 8007 7921 1
44 2127 2106 1
45 4073 4034 1
46 2093 2073 1
47 7994 7923 1
48 4070 4034 1
49 7988 7918 1
50 4099 4064 1
51 8011 7947 1
52 2141 2124 1
53 8010 7952 1
54 8004 7949 1
55 4057 4030 1
56 4102 4076 1
57 4059 4034 1
58 2114 2101 1
59 8006 7957 1
60 8012 7968 1
61 4054 4032 1
62 4105 4086 1
63 4056 4038 1
64 15800 15730 1
65 8003 7970 1
66 15820 15755 1
67 2064 2056 1
68 4059 4045 1
69 2142 2135 1
70 4052 4039 1
71 4069 4056 1
72 2076 2070 1
73 15791 15746 1
74 2144 2138 0
75 7977 7956 1
76 15771 15732 1
77 4064 4054 1
78 15782 15744 1
79 31435 31360 1
80 31437 31362 1
81 15823 15786 1
82 31435 31362 1
83 31425 31353 1
84 7942 7926 1
85 7963 7947 1
86 7999 7983 1
87 2081 2077 0
88 31438 31378 1
89 31430 31371 1
90 31415 31359 1
91 7952 7938 0
92 4050 4043 1
93 15803 15776 1
94 31433 31380 1
95 31445 31392 1
96 31434 31383 1
97 31443 31395 1
98 4096 4090 0
99 31438 31394 1
100 31449 31405 1
101 15814 15792 1
102 15772 15751 1
103 15779 15758 0
104 31415 31374 1
105 8001 7991 0
106 4060 4055 0
107 15798 15779 1
108 81 31 1
109 62680 62601 1
110 31401 31362 1
111 31443 31406 0
112 31420 31384 0
113 15746 15728 1
114 31448 31429 0
115 2125 2132 0
116 500150 500138 0
117 62685 62614 1
118 62669 62601 0
119 62687 62619 0
120 62669 62602 0
121 15825 15818 0
122 62688 62621 0
123 15809 15793 0
124 8007 7999 0
125 62695 62638 0
126 31400 31375 0
127 31423 31399 0
128 125195 125100 0
129 125199 125109 0
130 125198 125110 0
131 15737 15726 0
132 62671 62628 0
133 62681 62639 0
134 31408 31387 0
135 31391 31376 0
136 15782 15775 0
137 7970 7968 0
138 15749 15748 0
139 15766 15765 0
140 15818 15817 0
141 7966 7966 0
142 2117 2117 0
143 7941 7943 0
144 8006 8009 0
145 4081 4083 0
146 7938 7947 0
147 2059 2063 0
148 4065 4076 0
149 4056 4067 0
150 4090 4104 0
151 2085 2094 0
152 2067 2076 0
153 2105 2120 0
154 2062 2078 0
155 22 25 0
156 53 68 0
157 24 41 0
158 125191 125120 0
159 125141 125112 0
160 250176 250102 0
161 250183 250110 0
162 250197 250126 0
163 62700 62664 0
164 62653 62627 0
165 125181 125127 0
166 250179 250116 0
167 125159 125102 0
168 250174 250103 0
169 125195 125130 0
170 125184 125127 0
171 125183 125113 0
172 125136 125105 0
173 62666 62635 0
174 125151 125102 0
175 62683 62654 0
176 125178 125120 0
177 62683 62654 0
178 62618 62631 0
179 31366 31388 0
180 62602 62644 0
181 31391 31416 0
182 62616 62686 0
183 62678 62666 0
184 125151 125187 0
185 125166 125166 0
186 125114 125172 0
187 125139 125139 0
188 62671 62664 0
189 31421 31429 0
190 125109 125179 0
191 31401 31421 0
192 62622 62649 0
193 31365 31397 0
194 125105 125107 0
195 31385 31434 0
196 125164 125184 0
197 62649 62689 0
198 125146 125168 0
199 62602 62621 0
200 15727 15734 0
201 15763 15799 0
202 125108 125157 0
203 15768 15782 0
204 125178 125162 0
205 62640 62638 0
206 31398 31425 0
207 15729 15766 0
208 62629 62624 0
209 15732 15790 0
210 15734 15773 0
211 125147 125180 0
212 15776 15791 0
213 15746 15817 0
214 15748 15792 0
215 125161 125190 0
216 125134 125192 0
217 62606 62632 0
218 15752 15779 0
219 125193 125175 0
220 62629 62659 0
221 125114 125179 0
222 125197 125194 0
223 15765 15779 0
224 15745 15754 0
225 125132 125106 0
226 15734 15756 0
227 62679 62669 0
228 62679 62691 0
229 15765 15775 0
230 15738 15795 0
231 15754 15763 0
232 62610 62692 0
233 15778 15782 0
234 15788 15814 0
235 125196 125173 0
236 15744 15800 0
237 15727 15821 0
238 15767 15805 0
239 7921 7979 0
240 125165 125190 0
241 62631 62659 0
242 7984 7999 0
243 62695 62700 0
244 7951 8002 0
245 7954 7986 0
246 7914 7966 0
247 125120 125120 0
248 7932 7996 0
249 7918 7968 0
250 250136 250181 0
251 7945 7991 0
252 250139 250135 0
253 7928 7952 0
254 62658 62648 0
255 7943 7960 0
256 62640 62638 0
257 250194 250161 0
258 250141 250197 0
259 250132 250160 0
260 250162 250186 0
261 7924 7957 0
262 7946 7961 0
263 250161 250109 0
264 62682 62692 0
265 31367 31371 0
266 125102 125137 0
267 7915 7959 0
268 7918 7969 0
269 250146 250194 0
270 250156 250117 0
271 7947 7992 0
272 7951 8010 0
273 7972 7991 0
274 250107 250123 0
275 125141 125165 0
276 7924 7944 0
277 7921 7997 0
278 62611 62647 0
279 4008 4043 0
280 4022 4060 0
281 125100 125190 0
282 250110 250121 0
283 62609 62614 0
284 250183 250158 0
285 250131 250150 0
286 125112 125147 0
287 4034 4075 0
288 250131 250163 0
289 4009 4028 0
290 250101 250144 0
291 4037 4080 0
292 4070 4098 0
293 4028 4092 0
294 250143 250145 0
295 125111 125114 0
296 4038 4076 0
297 250194 250199 0
298 250177 250164 0
299 250138 250160 0
300 250199 250195 0
301 250169 250198 0
302 250187 250199 0
303 125111 125142 0
304 250136 250126 0
305 250174 250169 0
306 250108 250140 0
307 4036 4062 0
308 4009 4049 0
309 250179 250146 0
310 4047 4089 0
311 31435 31436 0
312 250158 250112 0
313 31394 31449 0
314 250195 250139 0
315 250107 250153 0
316 31363 31426 0
317 4023 4101 0
318 4042 4105 0
319 2061 2137 0
320 2066 2112 0
321 31383 31410 0
322 2079 2103 0
323 250124 250175 0
324 2066 2139 0
325 250188 250163 0
326 2117 2142 0
327 31355 31434 0
328 250163 250138 0
329 250101 250199 0
330 2107 2136 0
331 250138 250130 0
332 2058 2148 0
333 31392 31418 0
334 250175 250191 0
335 500120 500177 0
336 500166 500127 0
337 500165 500101 0
338 500143 500154 0
339 500121 500188 0
340 2070 2102 0
341 500179 500179 0
342 500190 500140 0
343 500121 500134 0
344 500141 500199 0
345 500134 500119 0
346 500142 500200 0
347 2081 2153 0
348 62639 62668 0
349 500113 500126 0
350 500139 500187 0
351 500153 500160 0
352 2068 2125 0
353 31353 31445 0
354 125152 125141 0
355 500142 500162 0
356 2059 2079 0
357 500192 500166 0
358 31359 31379 0
359 20 86 0
360 3 33 0
361 500122 500161 0
362 31397 31411 0
363 11 65 0
364 59 81 0
365 500123 500113 0
366 500112 500198 0
367 500198 500109 0
368 500121 500197 0
369 9 92 0
370 500116 500182 0
371 500143 500190 0
372 500124 500128 0
373 500142 500193 0
374 39 89 0
375 500122 500164 0
376 500163 500148 0
377 500131 500171 0
378 500190 500129 0
379 500132 500170 0
380 500185 500141 0
381 500157 500183 0
382 500113 500113 0
383 31428 31438 0
384 16 42 0
385 500110 500129 0
386 56 77 0
387 500139 500140 0
388 500175 500125 0
389 34 69 0
390 22 71 0
391 500104 500194 0
392 62619 62622 0
393 52 99 0
394 22 55 0
395 500156 500125 0
396 500175 500143 0
397 4 84 0
398 62624 62664 0
399 62659 62650 0
--------------
1000000 :c
1004301 :sum(p)
999999 :sum(w)
