400 :n
id p,w,x
--------------
0 8006 7967 1
1 7996 7929 1
2 31446 31351 1
3 13 1 1
4 15814 15775 1
5 4040 4018 1
6 80 22 1
7 69 43 1
8 23 2 1
9 68 28 1
10 93 20 1
11 85 36 1
12 66 41 1
13 4088 4051 1
14 79 34 1
15 100 9 1
16 44 9 1
17 87 29 1
18 68 16 1
19 97 21 1
20 25 13 1
21 15798 15753 1
22 7992 7938 1
23 2134 2078 1
24 15820 15727 1
25 2128 2114 1
26 2136 2085 1
27 2113 2070 1
28 2145 2111 1
29 15824 15729 1
30 15814 15754 1
31 15820 15730 1
32 15815 15767 1
33 8012 7941 1
34 15767 15728 1
35 15804 15764 1
36 15785 15727 1
37 2106 2066 1
38 2150 2134 1
39 15813 15732 1
40 7993 7960 1
41 2150 2055 1
42 2105 2090 1
43 8012 7925 1
44 7959 7921 1
45 8009 7916 1
46 2122 2057 1
47 2152 2117 1
48 2151 2054 1
49 2099 2084 1
50 2108 2094 1
51 7953 7925 1
52 7978 7943 1
53 4091 4075 1
54 4054 4035 1
55 4066 4014 1
56 4105 4030 1
57 4102 4021 1
58 4083 4020 1
59 4106 4008 1
60 4101 4017 1
61 31432 31356 1
62 8011 7957 1
63 31437 31366 1
64 31442 31391 1
65 31431 31377 1
66 15809 15774 1
67 31430 31363 1
68 15806 15772 1
69 31422 31361 1
70 83 80 1
71 88 85 1
72 2148 2140 1
73 4059 4048 1
74 2129 2124 1
75 7964 7948 1
76 2075 2071 0
77 15805 15778 1
78 15811 15786 1
79 15770 15746 1
80 62698 62603 1
81 15820 15797 1
82 2066 2061 1
83 2124 2121 0
84 7936 7925 0
85 31449 31406 1
86 15751 15732 1
87 15761 15742 0
88 62678 62603 1
89 62681 62608 1
90 100 19 1
91 31408 31364 1
92 7943 7934 1
93 62681 62610 0
94 62697 62626 1
95 31442 31436 0
96 31435 31418 0
97 15774 15815 0
98 62695 62628 0
99 15813 15797 0
100 62663 62603 0
101 31399 31371 0
102 31414 31386 0
103 15770 15756 0
104 7941 7934 0
105 2132 2141 0
106 62682 62629 0
107 62688 62635 0
108 31379 31353 0
109 15792 15782 0
110 7966 7961 0
111 7951 7947 0
112 15758 15751 0
113 15798 15791 0
114 15801 15794 0
115 7918 7915 0
116 4100 4099 0
117 7991 7990 0
118 7998 7997 0
119 4031 4031 0
120 71 71 1
121 4100 4101 0
122 4038 4040 0
123 88 93 0
124 94 100 0
125 125198 125104 0
126 125185 125110 0
127 62691 62666 0
128 125179 125161 0
129 500175 500105 0
130 62625 62618 0
131 250140 250112 0
132 125196 125141 0
133 250143 250117 0
134 125181 125133 0
135 500183 500124 0
136 62635 62622 0
137 250160 250112 0
138 62641 62623 0
139 125199 125136 0
140 125172 125121 0
141 62642 62622 0
142 500187 500106 0
143 62633 62606 0
144 250184 250150 0
145 125152 125110 0
146 500197 500102 0
147 500183 500136 0
148 31415 31404 0
149 125192 125153 0
150 62622 62615 0
151 250182 250113 0
152 62700 62689 0
153 125153 125103 0
154 250191 250133 0
155 250182 250113 0
156 500188 500139 0
157 500181 500117 0
158 500191 500123 0
159 250157 250125 0
160 250182 250151 0
161 250188 250126 0
162 500186 500132 0
163 125165 125106 0
164 250189 250106 0
165 250188 250144 0
166 500160 500113 0
167 250197 250130 0
168 125127 125111 0
169 500185 500125 0
170 125198 125148 0
171 62677 62634 0
172 62698 62660 0
173 125192 125105 0
174 125199 125110 0
175 125188 125106 0
176 62693 62655 0
177 31359 31372 0
178 31432 31448 0
179 31383 31406 0
180 31356 31429 0
181 31369 31449 0
182 31363 31443 0
183 31426 31449 0
184 31353 31404 0
185 31354 31379 0
186 31418 31424 0
187 31425 31440 0
188 31404 31403 0
189 62644 62684 0
190 62635 62650 0
191 31402 31405 0
192 31389 31405 0
193 62617 62623 0
194 62614 62660 0
195 31391 31402 0
196 62604 62623 0
197 31354 31437 0
198 62625 62628 0
199 62607 62699 0
200 62621 62685 0
201 15744 15809 0
202 15767 15808 0
203 62665 62681 0
204 15782 15782 0
205 62606 62662 0
206 62687 62688 0
207 62612 62686 0
208 15732 15735 0
209 62608 62628 0
210 62668 62697 0
211 62654 62673 0
212 62624 62637 0
213 62609 62646 0
214 62660 62686 0
215 15770 15786 0
216 62637 62643 0
217 15811 15824 0
218 15821 15820 0
219 62659 62678 0
220 125136 125194 0
221 125157 125170 0
222 125120 125191 0
223 15739 15813 0
224 125182 125185 0
225 15727 15760 0
226 15761 15816 0
227 125122 125130 0
228 125110 125124 0
229 125110 125129 0
230 125167 125168 0
231 15732 15807 0
232 15749 15808 0
233 125126 125194 0
234 15746 15811 0
235 125129 125161 0
236 125123 125159 0
237 125119 125163 0
238 15758 15778 0
239 7921 7940 0
240 125158 125175 0
241 125172 125185 0
242 8001 8006 0
243 7933 8002 0
244 7913 7970 0
245 7948 7950 0
246 125103 125192 0
247 125185 125175 0
248 125173 125192 0
249 125101 125144 0
250 125107 125112 0
251 7929 7939 0
252 7938 7994 0
253 7916 7916 0
254 125150 125142 0
255 7968 7979 0
256 125146 125163 0
257 7916 7960 0
258 7914 7998 0
259 7953 7997 0
260 125104 125137 0
261 7945 7946 0
262 7934 7936 0
263 7949 8011 0
264 125143 125184 0
265 125101 125154 0
266 250108 250109 0
267 250111 250167 0
268 7915 7980 0
269 250159 250146 0
270 7928 7985 0
271 7932 8004 0
272 250157 250168 0
273 250182 250165 0
274 7975 7998 0
275 250128 250160 0
276 250155 250186 0
277 250118 250172 0
278 7990 7996 0
279 250119 250130 0
280 4013 4061 0
281 4031 4048 0
282 4007 4085 0
283 4012 4042 0
284 4061 4077 0
285 250131 250197 0
286 250106 250135 0
287 250152 250149 0
288 4007 4033 0
289 4007 4076 0
290 4042 4074 0
291 250124 250170 0
292 31360 31367 0
293 250156 250190 0
294 4008 4051 0
295 4024 4083 0
296 250105 250174 0
297 4050 4072 0
298 4034 4072 0
299 4021 4058 0
300 31355 31421 0
301 4027 4035 0
302 31417 31450 0
303 4033 4082 0
304 4079 4086 0
305 4084 4105 0
306 250127 250147 0
307 4066 4071 0
308 4041 4079 0
309 250127 250115 0
310 4071 4100 0
311 4039 4078 0
312 250121 250146 0
313 250153 250182 0
314 4018 4098 0
315 4046 4058 0
316 4032 4037 0
317 250172 250169 0
318 4044 4082 0
319 250116 250102 0
320 2071 2109 0
321 2078 2134 0
322 2121 2136 0
323 2055 2121 0
324 250133 250192 0
325 2057 2122 0
326 2113 2124 0
327 250123 250154 0
328 2099 2132 0
329 250151 250196 0
330 250179 250172 0
331 31412 31425 0
332 250137 250139 0
333 2066 2131 0
334 2063 2153 0
335 2081 2127 0
336 2130 2153 0
337 2103 2141 0
338 2131 2137 0
339 2110 2147 0
340 2062 2081 0
341 250144 250152 0
342 500159 500140 0
343 2058 2103 0
344 500120 500177 0
345 500102 500139 0
346 500160 500137 0
347 500163 500164 0
348 2057 2121 0
349 500121 500186 0
350 500141 500113 0
351 2072 2141 0
352 2055 2097 0
353 500157 500154 0
354 500183 500196 0
355 500116 500155 0
356 2087 2119 0
357 500181 500142 0
358 500154 500123 0
359 75 93 0
360 500161 500183 0
361 33 84 0
362 500158 500189 0
363 500117 500121 0
364 58 96 0
365 31362 31370 0
366 52 99 0
367 500153 500131 0
368 2 43 0
369 35 66 0
370 500151 500191 0
371 2 85 0
372 500134 500145 0
373 38 74 0
374 500139 500194 0
375 22 32 0
376 31377 31418 0
377 500178 500192 0
378 500139 500159 0
379 10 57 0
380 500130 500108 0
381 51 65 0
382 57 98 0
383 500174 500162 0
384 14 51 0
385 28 44 0
386 31 68 0
387 31426 31445 0
388 500138 500152 0
389 500177 500165 0
390 500177 500132 0
391 31 64 0
392 63 74 0
393 500155 500176 0
394 2 12 0
395 500175 500159 0
396 76 93 0
397 500127 500144 0
398 31389 31390 0
399 31365 31448 0
--------------
1000000 :c
1004301 :sum(p)
1000000 :sum(w)
