400 :n
id p,w,x
--------------
0 100 24 1
1 88 47 1
2 7967 7925 1
3 8012 7936 1
4 15806 15730 1
5 7982 7914 1
6 8000 7950 1
7 8011 7915 1
8 7970 7926 1
9 8008 7921 1
10 71 43 1
11 7985 7948 1
12 7956 7914 1
13 4081 4031 1
14 4093 4038 1
15 4091 4019 1
16 4064 4029 1
17 4064 4030 1
18 96 60 1
19 4053 4021 1
20 4061 4020 1
21 4069 4022 1
22 79 47 1
23 33 1 1
24 2153 2106 1
25 15824 15752 1
26 2122 2086 1
27 2112 2072 1
28 2146 2089 1
29 39 1 1
30 2090 2061 1
31 2116 2079 1
32 15823 15757 1
33 7955 7922 1
34 15800 15744 1
35 31431 31368 1
36 31411 31353 1
37 15817 15761 1
38 15824 15761 1
39 15803 15745 1
40 31 9 1
41 37 16 1
42 42 26 1
43 75 53 1
44 53 38 1
45 22 17 0
46 62 50 1
47 95 81 1
48 97 91 1
49 96 92 0
50 2135 2110 1
51 2100 2083 1
52 2082 2071 1
53 4100 4079 1
54 4079 4062 1
55 7954 7924 1
56 4078 4063 1
57 4090 4075 1
58 7952 7923 1
59 7973 7947 1
60 7975 7949 1
61 7990 7964 1
62 4037 4024 1
63 7972 7951 1
64 15793 15752 1
65 7992 7972 1
66 15774 15738 1
67 8003 7985 1
68 15793 15760 1
69 7938 7922 1
70 7939 7923 1
71 4022 4014 1
72 15756 15731 1
73 15814 15791 1
74 31398 31354 1
75 31440 31396 1
76 15811 15791 0
77 31441 31406 1
78 31438 31404 1
79 62675 62610 1
80 4099 4090 1
81 2126 2059 1
82 4028 4024 1
83 15802 15787 0
84 62675 62618 1
85 31450 31422 1
86 62662 62608 1
87 62683 62629 1
88 2068 2064 1
89 31438 31407 0
90 31391 31365 1
91 31435 31410 0
92 62655 62606 1
93 31447 31427 0
94 7953 7954 0
95 15814 15806 0
96 15789 15777 0
97 31434 31412 0
98 125197 125108 0
99 62699 62684 0
100 66 96 0
101 62687 62645 0
102 62648 62609 0
103 62693 62655 0
104 62676 62639 0
105 62677 62641 0
106 31407 31391 0
107 62637 62606 0
108 62672 62642 0
109 31399 31384 0
110 2106 2105 0
111 2131 2130 0
112 62670 62641 0
113 31424 31410 0
114 62665 62639 0
115 31370 31357 0
116 62628 62604 0
117 31423 31411 0
118 15765 15759 0
119 62679 62657 0
120 62674 62655 0
121 62622 62604 0
122 62686 62668 0
123 15749 15745 0
124 7973 7971 0
125 4092 4091 0
126 15812 15810 0
127 31417 31414 0
128 31426 31424 0
129 15782 15784 0
130 15779 15786 0
131 2143 2144 0
132 15796 15804 0
133 15787 15796 0
134 15775 15786 0
135 2120 2122 0
136 4044 4049 0
137 7979 7989 0
138 2109 2112 0
139 4015 4021 0
140 7926 7938 0
141 4062 4069 0
142 4058 4065 0
143 4026 4033 0
144 4011 4019 0
145 7953 7970 0
146 4021 4033 0
147 2103 2110 0
148 2068 2075 0
149 4070 4086 0
150 4024 4042 0
151 4067 4086 0
152 4007 4026 0
153 2054 2066 0
154 2085 2098 0
155 2119 2134 0
156 2073 2091 0
157 2127 2146 0
158 2104 2123 0
159 2092 2112 0
160 86 89 0
161 21 22 0
162 87 93 0
163 80 89 0
164 58 75 0
165 22 30 0
166 63 87 0
167 26 37 0
168 500169 500159 0
169 500135 500147 0
170 500145 500153 0
171 500102 500155 0
172 500198 500186 0
173 500105 500147 0
174 125156 125167 0
175 500120 500152 0
176 125126 125115 0
177 31442 31444 0
178 125187 125178 0
179 125115 125115 0
180 31367 31368 0
181 125192 125184 0
182 125113 125110 0
183 125126 125116 0
184 125132 125143 0
185 500134 500179 0
186 500146 500138 0
187 500141 500109 0
188 250189 250200 0
189 31389 31390 0
190 500188 500132 0
191 250128 250136 0
192 500114 500158 0
193 500182 500175 0
194 500181 500141 0
195 500168 500148 0
196 250149 250161 0
197 500144 500162 0
198 31360 31360 0
199 500152 500102 0
200 500132 500130 0
201 250180 250149 0
202 500123 500128 0
203 500172 500183 0
204 500111 500154 0
205 250196 250178 0
206 500172 500169 0
207 500161 500129 0
208 250147 250140 0
209 250107 250115 0
210 250176 250195 0
211 250170 250160 0
212 250126 250114 0
213 250124 250120 0
214 250183 250164 0
215 250186 250178 0
216 250140 250129 0
217 500115 500152 0
218 250185 250184 0
219 250117 250130 0
220 250134 250131 0
221 250156 250159 0
222 250114 250115 0
223 250158 250150 0
224 250198 250177 0
225 250148 250139 0
226 250194 250172 0
227 250134 250151 0
228 62689 62682 0
229 500146 500126 0
230 500142 500182 0
231 62681 62667 0
232 125193 125132 0
233 125180 125125 0
234 125164 125134 0
235 125161 125131 0
236 125164 125131 0
237 125181 125135 0
238 125199 125142 0
239 125160 125127 0
240 500184 500110 0
241 125152 125105 0
242 125177 125150 0
243 125190 125163 0
244 125182 125121 0
245 250179 250127 0
246 62628 62618 0
247 125142 125105 0
248 125169 125126 0
249 125161 125110 0
250 125169 125127 0
251 250170 250117 0
252 250150 250113 0
253 62691 62678 0
254 62688 62694 0
255 62613 62611 0
256 500187 500164 0
257 62626 62628 0
258 62673 62674 0
259 500144 500145 0
260 500126 500108 0
261 500193 500178 0
262 125187 125191 0
263 125167 125169 0
264 125158 125169 0
265 500177 500189 0
266 125170 125155 0
267 125159 125168 0
268 500198 500167 0
269 500175 500192 0
270 31360 31394 0
271 31363 31436 0
272 7953 7994 0
273 31376 31380 0
274 31373 31420 0
275 31396 31417 0
276 31382 31408 0
277 7932 7976 0
278 31381 31399 0
279 31353 31390 0
280 31369 31435 0
281 31398 31438 0
282 31372 31444 0
283 4075 4106 0
284 31371 31407 0
285 31392 31415 0
286 31359 31391 0
287 4015 4089 0
288 31365 31419 0
289 31387 31396 0
290 4024 4052 0
291 4015 4056 0
292 62605 62653 0
293 62636 62668 0
294 4038 4077 0
295 7933 7978 0
296 15758 15789 0
297 62639 62697 0
298 7929 7982 0
299 4008 4037 0
300 4035 4091 0
301 7961 7994 0
302 7943 7979 0
303 62633 62668 0
304 62613 62666 0
305 7981 8002 0
306 62621 62682 0
307 4044 4080 0
308 7928 7948 0
309 4031 4062 0
310 31406 31415 0
311 4013 4089 0
312 500143 500197 0
313 62667 62690 0
314 62613 62673 0
315 4063 4099 0
316 62604 62629 0
317 4043 4106 0
318 62608 62679 0
319 62611 62685 0
320 62658 62677 0
321 125154 125185 0
322 2069 2096 0
323 2067 2099 0
324 125118 125138 0
325 15759 15791 0
326 2068 2129 0
327 125158 125172 0
328 2108 2145 0
329 125107 125160 0
330 7932 7973 0
331 7938 7957 0
332 125110 125195 0
333 2096 2142 0
334 125115 125130 0
335 2094 2131 0
336 2086 2130 0
337 2102 2153 0
338 2072 2116 0
339 15735 15797 0
340 2081 2146 0
341 7940 7999 0
342 2057 2116 0
343 15768 15798 0
344 7962 7999 0
345 125115 125145 0
346 2054 2141 0
347 7945 8001 0
348 125120 125171 0
349 125168 125192 0
350 15742 15795 0
351 15798 15818 0
352 7921 8004 0
353 2128 2152 0
354 15780 15822 0
355 2068 2123 0
356 125106 125171 0
357 250118 250147 0
358 2110 2145 0
359 250134 250174 0
360 46 77 0
361 9 47 0
362 7927 7954 0
363 250101 250147 0
364 250104 250144 0
365 34 65 0
366 250101 250198 0
367 250144 250189 0
368 38 73 0
369 19 59 0
370 15733 15778 0
371 250125 250159 0
372 7 97 0
373 15727 15785 0
374 250162 250200 0
375 250109 250154 0
376 7 46 0
377 13 63 0
378 250107 250150 0
379 7 91 0
380 250133 250195 0
381 5 65 0
382 4 76 0
383 250153 250182 0
384 250103 250190 0
385 15757 15816 0
386 34 72 0
387 500108 500178 0
388 15755 15790 0
389 15731 15769 0
390 500112 500188 0
391 500126 500183 0
392 500106 500178 0
393 11 66 0
394 24 89 0
395 500112 500170 0
396 15763 15797 0
397 15780 15823 0
398 15736 15786 0
399 15775 15811 0
--------------
1000000 :c
1003268 :sum(p)
1000000 :sum(w)
