400 :n
id p,w,x
--------------
0 2102 2058 1
1 2145 2120 1
2 15805 15744 1
3 15805 15759 1
4 36 3 1
5 15824 15753 1
6 15805 15752 1
7 67 15 1
8 15799 15754 1
9 100 68 1
10 87 2 1
11 15799 15748 1
12 15820 15768 1
13 15768 15739 1
14 15766 15733 1
15 31443 31380 1
16 31431 31360 1
17 15779 15744 1
18 7992 7940 1
19 4088 4050 1
20 31450 31382 1
21 7988 7947 1
22 80 63 1
23 4096 4038 1
24 31433 31359 1
25 84 38 1
26 31446 31386 1
27 76 53 1
28 8008 7955 1
29 24 1 1
30 7998 7939 1
31 54 39 1
32 90 47 1
33 7979 7915 1
34 4050 4016 1
35 8007 7981 1
36 94 53 1
37 31439 31369 1
38 58 40 1
39 95 45 1
40 4072 4027 1
41 84 60 1
42 4064 4009 1
43 4067 4043 1
44 31425 31361 1
45 7954 7927 1
46 84 33 1
47 56 46 1
48 7955 7929 1
49 63 16 1
50 2144 2102 1
51 7995 7914 1
52 7989 7954 1
53 8008 7914 1
54 2133 2108 1
55 7961 7924 1
56 2102 2080 1
57 4081 4010 1
58 4063 4045 1
59 2140 2076 1
60 2070 2058 1
61 2140 2105 1
62 2123 2059 1
63 2101 2073 1
64 2137 2065 1
65 4061 4034 1
66 2150 2079 1
67 4072 4038 1
68 2143 2110 1
69 2139 2110 1
70 2120 2086 1
71 4077 4038 1
72 15768 15740 1
73 4071 4010 1
74 2152 2093 1
75 53 44 1
76 56 51 1
77 85 78 1
78 29 27 0
79 67 66 1
80 2113 2104 1
81 2088 2080 1
82 2068 2061 1
83 2124 2117 1
84 4032 4021 1
85 4061 4050 1
86 4081 4070 1
87 2152 2147 1
88 4075 4066 1
89 4044 4036 1
90 7936 7921 1
91 7945 7931 1
92 31431 31380 1
93 62699 62610 1
94 31436 31392 1
95 7979 7968 1
96 31437 31395 1
97 62687 62608 1
98 15800 15781 1
99 71 38 1
100 62685 62602 1
101 31421 31366 1
102 31432 31395 0
103 31422 31386 1
104 15785 15767 0
105 31443 31422 0
106 7982 7977 1
107 15761 15791 0
108 62688 62619 0
109 62688 62622 0
110 31442 31409 0
111 31416 31384 0
112 2131 2129 1
113 4056 4054 0
114 62676 62618 0
115 31393 31364 0
116 31404 31375 0
117 31396 31369 0
118 31410 31383 0
119 62662 62610 0
120 62674 62623 0
121 15800 15788 0
122 4028 4025 0
123 4096 4093 1
124 62676 62633 0
125 15796 15786 0
126 125179 125100 0
127 62659 62620 0
128 62688 62650 0
129 125194 125119 0
130 31409 31391 0
131 7970 7966 0
132 7945 7942 0
133 7918 7917 0
134 4040 4040 0
135 2096 2096 0
136 27 27 0
137 2090 2091 0
138 2087 2089 0
139 2107 2111 0
140 2093 2098 0
141 79 81 0
142 55 63 0
143 250196 250139 0
144 15769 15763 0
145 125182 125158 0
146 125127 125103 0
147 62636 62619 0
148 250168 250104 0
149 125154 125113 0
150 62672 62647 0
151 31398 31390 0
152 125174 125115 0
153 500195 500108 0
154 62680 62668 0
155 125123 125100 0
156 125185 125162 0
157 125149 125100 0
158 62688 62673 0
159 125186 125133 0
160 125174 125145 0
161 250192 250146 0
162 31366 31352 0
163 125142 125109 0
164 15824 15815 0
165 15814 15808 0
166 15796 15789 0
167 62647 62626 0
168 62666 62652 0
169 62642 62624 0
170 250192 250107 0
171 62680 62673 0
172 250136 250106 0
173 125125 125107 0
174 250190 250156 0
175 15795 15793 0
176 62667 62659 0
177 500176 500106 0
178 62643 62634 0
179 125181 125136 0
180 250190 250122 0
181 125191 125144 0
182 500109 500107 0
183 500123 500122 0
184 500140 500113 0
185 500122 500101 0
186 62687 62680 0
187 500151 500145 0
188 15755 15755 0
189 500132 500116 0
190 250158 250131 0
191 500125 500102 0
192 500157 500112 0
193 250136 250134 0
194 250133 250127 0
195 500148 500128 0
196 62685 62683 0
197 500134 500132 0
198 500192 500164 0
199 250116 250103 0
200 125194 125189 0
201 250159 250132 0
202 500179 500148 0
203 500146 500132 0
204 250170 250143 0
205 500158 500145 0
206 500161 500124 0
207 125149 125143 0
208 500161 500124 0
209 125180 125173 0
210 125147 125136 0
211 125129 125119 0
212 500200 500163 0
213 500134 500125 0
214 125121 125109 0
215 500178 500137 0
216 500122 500119 0
217 250195 250113 0
218 62664 62649 0
219 125181 125141 0
220 15780 15774 0
221 250188 250102 0
222 250198 250130 0
223 15727 15785 0
224 15804 15817 0
225 15750 15774 0
226 15771 15810 0
227 15744 15777 0
228 500137 500137 0
229 31386 31417 0
230 15734 15753 0
231 31425 31448 0
232 31370 31444 0
233 31415 31423 0
234 15780 15790 0
235 31395 31430 0
236 15757 15765 0
237 31403 31409 0
238 15773 15819 0
239 7964 7969 0
240 7935 7944 0
241 7966 7967 0
242 31373 31424 0
243 7941 7987 0
244 7959 7979 0
245 7929 7958 0
246 31403 31446 0
247 7921 8003 0
248 7914 7952 0
249 7921 7955 0
250 7936 7989 0
251 31366 31372 0
252 7946 7965 0
253 7963 8003 0
254 31361 31448 0
255 31362 31429 0
256 31431 31441 0
257 7932 7976 0
258 7919 7930 0
259 7981 7983 0
260 31402 31441 0
261 31402 31405 0
262 31403 31410 0
263 31394 31397 0
264 31384 31413 0
265 7966 7984 0
266 7942 7966 0
267 62622 62670 0
268 62621 62678 0
269 62638 62643 0
270 62613 62613 0
271 62660 62693 0
272 62626 62657 0
273 7925 7969 0
274 62614 62671 0
275 7955 7964 0
276 7962 7999 0
277 7956 7999 0
278 62643 62670 0
279 62632 62698 0
280 62664 62668 0
281 62644 62655 0
282 4037 4087 0
283 4024 4084 0
284 4037 4047 0
285 4044 4051 0
286 4046 4051 0
287 62636 62671 0
288 62693 62695 0
289 62662 62679 0
290 4043 4103 0
291 4026 4052 0
292 4046 4052 0
293 62611 62630 0
294 62663 62696 0
295 125100 125153 0
296 4038 4060 0
297 125118 125154 0
298 4023 4095 0
299 125106 125175 0
300 125172 125175 0
301 4020 4038 0
302 4062 4105 0
303 125119 125122 0
304 125142 125142 0
305 4055 4064 0
306 125109 125195 0
307 4045 4079 0
308 4021 4071 0
309 4026 4093 0
310 125139 125164 0
311 125123 125129 0
312 4027 4076 0
313 125104 125149 0
314 4044 4087 0
315 125133 125192 0
316 125115 125133 0
317 125176 125177 0
318 4054 4058 0
319 15733 15787 0
320 2076 2153 0
321 125156 125190 0
322 125137 125162 0
323 125113 125116 0
324 125100 125181 0
325 125143 125167 0
326 2115 2141 0
327 250126 250175 0
328 250124 250166 0
329 2084 2124 0
330 250144 250191 0
331 2072 2125 0
332 2056 2108 0
333 2077 2124 0
334 250121 250132 0
335 250180 250200 0
336 250148 250182 0
337 250127 250165 0
338 250102 250171 0
339 250139 250163 0
340 2105 2150 0
341 2130 2138 0
342 250121 250144 0
343 2062 2080 0
344 2104 2132 0
345 15744 15787 0
346 250107 250139 0
347 250109 250124 0
348 15779 15817 0
349 250101 250146 0
350 2058 2083 0
351 15728 15793 0
352 2054 2090 0
353 250132 250136 0
354 250124 250199 0
355 250153 250179 0
356 250179 250188 0
357 250150 250153 0
358 2073 2140 0
359 250124 250143 0
360 15743 15745 0
361 49 82 0
362 250173 250188 0
363 250118 250144 0
364 42 96 0
365 52 92 0
366 250112 250129 0
367 34 87 0
368 250133 250199 0
369 250101 250187 0
370 500166 500177 0
371 500121 500199 0
372 500113 500185 0
373 13 22 0
374 51 75 0
375 16 79 0
376 15729 15761 0
377 500160 500167 0
378 500103 500127 0
379 500137 500172 0
380 500153 500197 0
381 500174 500193 0
382 57 96 0
383 500118 500135 0
384 63 86 0
385 500146 500181 0
386 45 96 0
387 51 63 0
388 40 65 0
389 500118 500174 0
390 18 81 0
391 500115 500119 0
392 13 89 0
393 500158 500167 0
394 500178 500182 0
395 500116 500192 0
396 500144 500185 0
397 500137 500154 0
398 15785 15802 0
399 15746 15761 0
--------------
1000000 :c
1004031 :sum(p)
1000000 :sum(w)
