400 :n
id p,w,x
--------------
0 2092 2067 1
1 2129 2062 1
2 2116 2078 1
3 2092 2063 1
4 90 18 1
5 2133 2054 1
6 8002 7924 1
7 8011 7949 1
8 93 5 1
9 94 33 1
10 8012 7949 1
11 2136 2062 1
12 8008 7933 1
13 7980 7920 1
14 2149 2075 1
15 4092 4027 1
16 69 28 1
17 2143 2073 1
18 4100 4034 1
19 8010 7946 1
20 91 26 1
21 4059 4029 1
22 96 11 1
23 7961 7922 1
24 4105 4018 1
25 4094 4018 1
26 2104 2065 1
27 48 15 1
28 69 30 1
29 100 51 1
30 2115 2091 1
31 4082 4048 1
32 4082 4015 1
33 97 58 1
34 4102 4043 1
35 93 22 1
36 2134 2098 1
37 71 8 1
38 4091 4049 1
39 61 26 1
40 2110 2081 1
41 4084 4057 1
42 15822 15782 1
43 31436 31356 1
44 15794 15733 1
45 15788 15728 1
46 7952 7914 1
47 7968 7931 1
48 15819 15767 1
49 15801 15740 1
50 15818 15763 1
51 7990 7955 1
52 7954 7916 1
53 15804 15738 1
54 7974 7945 1
55 15 7 1
56 8 5 1
57 46 33 1
58 44 34 1
59 72 59 1
60 51 42 1
61 28 24 1
62 81 72 1
63 95 85 1
64 99 89 1
65 68 63 1
66 94 92 1
67 78 77 0
68 2107 2093 1
69 2144 2136 0
70 7965 7942 1
71 2108 2102 0
72 15778 15739 1
73 4069 4059 1
74 31440 31368 1
75 31440 31374 1
76 4064 4056 1
77 31414 31353 1
78 2062 2058 0
79 15813 15783 1
80 7975 7961 1
81 7986 7972 1
82 31425 31370 1
83 31418 31364 1
84 15763 15737 1
85 15791 15768 1
86 15808 15785 1
87 62698 62608 1
88 2090 2087 0
89 62700 62610 1
90 31449 31405 1
91 2152 2149 0
92 7999 7988 1
93 31445 31402 1
94 62699 62615 1
95 31424 31383 1
96 94 10 1
97 62694 62606 1
98 4029 4015 1
99 31401 31359 1
100 31429 31388 1
101 31436 31396 0
102 31449 31421 0
103 15805 15790 0
104 15762 15797 0
105 7943 7933 1
106 31439 31402 0
107 31400 31364 0
108 7929 7920 0
109 31396 31361 0
110 250200 250161 0
111 62673 62607 0
112 31385 31352 0
113 31421 31389 0
114 4027 4023 0
115 62674 62612 0
116 2148 2146 0
117 31446 31417 0
118 15740 15726 0
119 62692 62639 0
120 31425 31399 0
121 31398 31374 0
122 62678 62634 0
123 15763 15752 0
124 62652 62610 0
125 125194 125111 0
126 125197 125115 0
127 125199 125117 0
128 62662 62623 0
129 62641 62606 0
130 62673 62638 0
131 62697 62662 0
132 15781 15773 0
133 7980 7976 0
134 7984 7980 0
135 2136 2135 0
136 7923 7920 0
137 7946 7944 0
138 4052 4051 0
139 4092 4095 0
140 83 85 0
141 77 80 0
142 27 32 0
143 33 41 0
144 2 6 0
145 62671 62645 0
146 62648 62625 0
147 500195 500159 0
148 500186 500166 0
149 500131 500112 0
150 125175 125133 0
151 125185 125164 0
152 15785 15783 0
153 500198 500179 0
154 62635 62630 0
155 15779 15777 0
156 500138 500119 0
157 500167 500108 0
158 62692 62679 0
159 500138 500112 0
160 15785 15782 0
161 125135 125109 0
162 500172 500105 0
163 500137 500122 0
164 500193 500144 0
165 62687 62655 0
166 500138 500125 0
167 250182 250174 0
168 250196 250171 0
169 250196 250105 0
170 250193 250126 0
171 250176 250163 0
172 31367 31358 0
173 250134 250117 0
174 250181 250107 0
175 250167 250111 0
176 250161 250134 0
177 250182 250159 0
178 250146 250123 0
179 62658 62647 0
180 250179 250120 0
181 250181 250172 0
182 250155 250136 0
183 62671 62639 0
184 250131 250108 0
185 250195 250143 0
186 62626 62617 0
187 62683 62668 0
188 125124 125109 0
189 500155 500125 0
190 125141 125129 0
191 500187 500140 0
192 62646 62616 0
193 15788 15785 0
194 31383 31409 0
195 31387 31419 0
196 31387 31389 0
197 31394 31401 0
198 31393 31397 0
199 31399 31416 0
200 31370 31431 0
201 31353 31399 0
202 31351 31374 0
203 31377 31448 0
204 15752 15791 0
205 15755 15792 0
206 62620 62694 0
207 62624 62687 0
208 62657 62685 0
209 62606 62656 0
210 62601 62677 0
211 15782 15790 0
212 15766 15791 0
213 15726 15783 0
214 15726 15770 0
215 62603 62657 0
216 15730 15758 0
217 15771 15787 0
218 62640 62674 0
219 15805 15811 0
220 62605 62630 0
221 62616 62628 0
222 15782 15788 0
223 15750 15810 0
224 15759 15821 0
225 62669 62675 0
226 15751 15772 0
227 62645 62686 0
228 62662 62665 0
229 62642 62674 0
230 15747 15772 0
231 15742 15746 0
232 62602 62646 0
233 15772 15787 0
234 62627 62674 0
235 15787 15804 0
236 62612 62667 0
237 15738 15809 0
238 15726 15740 0
239 62605 62634 0
240 7937 7951 0
241 7937 7986 0
242 7937 8002 0
243 7944 7963 0
244 125107 125130 0
245 7974 8005 0
246 7920 7931 0
247 125122 125173 0
248 7946 7966 0
249 125128 125179 0
250 125114 125184 0
251 125154 125195 0
252 125152 125187 0
253 125199 125197 0
254 125122 125131 0
255 125116 125173 0
256 125134 125193 0
257 125102 125172 0
258 125117 125118 0
259 7997 8008 0
260 125136 125148 0
261 7957 8012 0
262 7921 7933 0
263 7961 7998 0
264 125150 125158 0
265 7988 8006 0
266 7959 7998 0
267 125169 125187 0
268 125161 125196 0
269 7954 7975 0
270 125134 125171 0
271 125134 125180 0
272 7991 7999 0
273 125138 125199 0
274 125152 125156 0
275 7947 7987 0
276 7967 7996 0
277 7915 7994 0
278 125115 125180 0
279 4052 4081 0
280 4009 4106 0
281 4029 4046 0
282 125161 125187 0
283 4064 4075 0
284 4088 4101 0
285 4011 4050 0
286 125118 125140 0
287 4034 4043 0
288 4031 4095 0
289 4031 4052 0
290 31353 31376 0
291 125112 125163 0
292 4038 4084 0
293 125134 125156 0
294 125127 125184 0
295 125187 125185 0
296 4015 4098 0
297 125115 125152 0
298 125120 125180 0
299 4067 4094 0
300 4071 4100 0
301 4059 4095 0
302 4011 4065 0
303 125177 125198 0
304 4018 4052 0
305 125199 125197 0
306 125104 125188 0
307 250121 250160 0
308 250119 250190 0
309 4058 4078 0
310 4021 4049 0
311 4012 4018 0
312 4009 4017 0
313 250158 250195 0
314 4021 4094 0
315 4048 4069 0
316 4050 4079 0
317 4080 4090 0
318 250109 250174 0
319 250171 250181 0
320 2068 2131 0
321 2079 2106 0
322 250152 250155 0
323 250103 250159 0
324 250109 250195 0
325 250163 250184 0
326 2059 2128 0
327 2082 2104 0
328 250158 250186 0
329 2068 2116 0
330 2097 2128 0
331 250121 250171 0
332 2102 2141 0
333 250109 250152 0
334 250107 250132 0
335 2117 2141 0
336 250143 250168 0
337 2089 2122 0
338 2090 2125 0
339 250155 250192 0
340 2117 2126 0
341 2096 2139 0
342 2069 2132 0
343 2064 2103 0
344 2058 2105 0
345 2098 2151 0
346 2078 2146 0
347 250159 250162 0
348 250145 250171 0
349 250130 250198 0
350 250180 250179 0
351 250196 250193 0
352 250103 250104 0
353 250184 250180 0
354 250102 250177 0
355 2057 2077 0
356 500107 500149 0
357 2074 2127 0
358 2093 2146 0
359 31394 31418 0
360 500129 500199 0
361 500123 500123 0
362 17 81 0
363 500115 500138 0
364 500148 500185 0
365 500109 500132 0
366 500129 500159 0
367 3 93 0
368 500121 500187 0
369 500110 500178 0
370 500132 500194 0
371 35 66 0
372 21 60 0
373 500128 500124 0
374 31403 31414 0
375 34 65 0
376 31430 31435 0
377 500164 500194 0
378 500132 500125 0
379 500140 500177 0
380 500139 500197 0
381 500156 500152 0
382 500129 500169 0
383 49 93 0
384 500147 500189 0
385 500117 500156 0
386 500179 500177 0
387 500137 500153 0
388 31388 31409 0
389 13 24 0
390 500136 500182 0
391 500114 500125 0
392 500140 500155 0
393 500166 500187 0
394 500134 500150 0
395 31391 31407 0
396 67 94 0
397 500140 500136 0
398 31394 31449 0
399 31376 31404 0
--------------
1000000 :c
1004281 :sum(p)
1000000 :sum(w)
