400 :n
id p,w,x
--------------
0 4103 4070 1
1 4068 4036 1
2 15810 15747 1
3 51 15 1
4 31442 31363 1
5 71 16 1
6 63 42 1
7 15772 15737 1
8 4084 4016 1
9 71 46 1
10 81 50 1
11 15799 15760 1
12 50 26 1
13 15820 15777 1
14 15825 15757 1
15 4062 4031 1
16 35 17 1
17 15793 15761 1
18 74 1 1
19 76 27 1
20 4065 4028 1
21 4078 4038 1
22 2106 2075 1
23 15806 15773 1
24 15799 15745 1
25 15820 15742 1
26 31440 31384 1
27 86 16 1
28 15795 15735 1
29 7988 7938 1
30 99 50 1
31 8008 7966 1
32 2143 2107 1
33 7969 7923 1
34 2134 2074 1
35 2151 2090 1
36 2145 2107 1
37 2101 2064 1
38 2081 2062 1
39 7987 7959 1
40 7990 7933 1
41 4092 4031 1
42 8011 7977 1
43 2138 2089 1
44 7986 7916 1
45 8007 7956 1
46 4098 4045 1
47 7970 7939 1
48 8002 7962 1
49 7957 7932 1
50 7947 7914 1
51 7968 7938 1
52 7971 7919 1
53 2108 2078 1
54 4086 4025 1
55 4104 4055 1
56 4090 4044 1
57 2152 2084 1
58 4100 4058 1
59 2153 2127 1
60 2140 2079 1
61 2130 2058 1
62 2107 2063 1
63 62697 62604 1
64 31431 31385 1
65 76 66 1
66 65 59 1
67 85 78 1
68 65 63 1
69 2109 2092 1
70 2147 2135 1
71 4033 4014 1
72 4060 4041 1
73 4051 4033 1
74 4079 4062 1
75 2134 2126 1
76 4092 4078 1
77 4104 4091 1
78 7950 7927 1
79 4080 4069 0
80 7991 7973 1
81 8012 7994 1
82 4087 4078 1
83 15768 15738 1
84 15764 15736 1
85 7964 7950 1
86 7968 7954 1
87 4065 4059 0
88 31439 31395 1
89 31423 31381 1
90 31421 31380 1
91 62683 62603 1
92 4105 4100 1
93 7948 7936 1
94 31415 31379 1
95 31437 31403 1
96 62688 62624 1
97 15820 15804 0
98 2103 2101 1
99 32 5 1
100 62670 62602 1
101 2121 2119 0
102 62670 62615 0
103 62682 62629 0
104 4075 4093 0
105 4062 4061 0
106 15767 15795 0
107 31447 31421 1
108 31449 31423 0
109 15782 15770 0
110 7983 7977 0
111 62689 62642 0
112 4061 4092 0
113 31441 31418 0
114 62678 62636 0
115 15747 15737 0
116 125185 125107 0
117 62699 62662 0
118 62664 62629 0
119 62664 62631 0
120 62650 62618 0
121 15769 15761 0
122 7964 7960 0
123 4042 4040 0
124 31438 31427 0
125 15751 15746 0
126 88 88 0
127 7981 7981 0
128 7990 7993 0
129 7914 7917 0
130 4031 4036 0
131 2084 2087 0
132 2114 2119 0
133 2080 2089 0
134 87 96 0
135 78 87 0
136 65 74 0
137 29 40 0
138 250197 250115 0
139 62678 62653 0
140 125184 125127 0
141 125167 125134 0
142 250182 250113 0
143 250148 250153 0
144 250165 250147 0
145 62623 62622 0
146 125168 125145 0
147 62653 62645 0
148 250197 250145 0
149 250195 250184 0
150 250124 250103 0
151 62660 62659 0
152 250199 250169 0
153 250169 250153 0
154 62635 62634 0
155 62678 62678 0
156 250124 250113 0
157 62645 62635 0
158 250171 250112 0
159 250185 250153 0
160 250166 250159 0
161 125138 125118 0
162 500149 500150 0
163 250196 250147 0
164 31390 31388 0
165 125117 125116 0
166 500187 500183 0
167 250120 250105 0
168 500111 500106 0
169 31449 31444 0
170 500162 500142 0
171 500149 500123 0
172 62679 62670 0
173 500151 500150 0
174 500189 500176 0
175 500169 500176 0
176 500134 500130 0
177 250182 250138 0
178 125135 125113 0
179 31394 31392 0
180 250164 250117 0
181 250182 250174 0
182 500133 500115 0
183 250193 250143 0
184 125134 125130 0
185 250151 250156 0
186 125185 125176 0
187 62660 62659 0
188 500185 500146 0
189 500199 500158 0
190 250185 250171 0
191 500195 500177 0
192 62697 62691 0
193 500136 500132 0
194 125171 125155 0
195 500187 500195 0
196 500191 500128 0
197 500170 500171 0
198 500196 500175 0
199 125142 125132 0
200 62625 62620 0
201 62666 62660 0
202 250179 250121 0
203 250183 250176 0
204 250114 250101 0
205 125162 125108 0
206 125167 125136 0
207 125166 125115 0
208 62690 62663 0
209 125153 125103 0
210 125193 125132 0
211 125197 125151 0
212 125143 125107 0
213 125192 125150 0
214 250180 250112 0
215 31429 31440 0
216 15762 15763 0
217 15760 15810 0
218 31384 31397 0
219 15806 15820 0
220 15731 15766 0
221 31389 31416 0
222 31361 31420 0
223 31368 31371 0
224 31413 31414 0
225 15728 15799 0
226 31429 31442 0
227 15736 15814 0
228 15752 15788 0
229 31352 31400 0
230 31407 31448 0
231 31366 31436 0
232 15765 15813 0
233 31401 31420 0
234 15744 15763 0
235 15764 15772 0
236 31384 31436 0
237 15729 15766 0
238 31433 31440 0
239 31363 31404 0
240 31412 31440 0
241 31375 31425 0
242 31375 31411 0
243 7915 7947 0
244 7928 7967 0
245 31395 31446 0
246 7927 7967 0
247 7983 7999 0
248 7951 7998 0
249 31381 31425 0
250 31370 31416 0
251 7915 7973 0
252 31392 31414 0
253 31371 31425 0
254 31418 31440 0
255 8002 8011 0
256 62659 62698 0
257 7916 7992 0
258 7951 7982 0
259 7924 7972 0
260 15793 15821 0
261 62634 62650 0
262 62626 62690 0
263 15751 15772 0
264 62620 62665 0
265 7965 7978 0
266 62630 62645 0
267 7919 7952 0
268 62603 62645 0
269 7967 7978 0
270 62616 62650 0
271 62626 62668 0
272 62669 62671 0
273 7941 7952 0
274 62623 62635 0
275 7966 7974 0
276 62649 62674 0
277 62641 62660 0
278 62643 62686 0
279 4057 4085 0
280 62669 62677 0
281 4015 4030 0
282 4031 4084 0
283 62613 62699 0
284 125158 125195 0
285 125113 125177 0
286 4058 4084 0
287 4012 4046 0
288 125118 125191 0
289 125119 125144 0
290 125106 125173 0
291 125129 125171 0
292 125103 125199 0
293 4033 4076 0
294 4018 4066 0
295 4025 4057 0
296 125136 125143 0
297 125149 125191 0
298 125131 125199 0
299 125108 125189 0
300 125126 125174 0
301 125130 125167 0
302 125116 125175 0
303 125168 125186 0
304 125108 125128 0
305 4017 4030 0
306 15798 15820 0
307 15746 15811 0
308 125127 125176 0
309 125100 125127 0
310 125158 125179 0
311 4033 4043 0
312 4032 4074 0
313 125107 125113 0
314 4054 4086 0
315 4020 4042 0
316 125151 125175 0
317 250118 250127 0
318 15743 15754 0
319 250133 250154 0
320 250116 250198 0
321 2082 2126 0
322 2075 2143 0
323 15765 15793 0
324 250129 250198 0
325 2080 2148 0
326 250136 250149 0
327 250158 250168 0
328 250150 250194 0
329 2089 2135 0
330 2062 2106 0
331 2062 2133 0
332 2117 2151 0
333 250102 250148 0
334 250108 250150 0
335 250156 250198 0
336 250115 250143 0
337 2128 2150 0
338 2087 2142 0
339 2130 2142 0
340 2091 2141 0
341 250124 250155 0
342 2069 2094 0
343 2069 2140 0
344 250180 250188 0
345 31362 31406 0
346 2104 2139 0
347 250155 250199 0
348 250102 250113 0
349 2068 2081 0
350 500103 500172 0
351 500104 500199 0
352 500103 500123 0
353 15737 15742 0
354 500113 500184 0
355 2083 2114 0
356 500152 500182 0
357 2061 2139 0
358 2124 2147 0
359 500157 500168 0
360 500115 500193 0
361 500102 500185 0
362 75 90 0
363 31418 31432 0
364 500119 500138 0
365 500130 500140 0
366 2 51 0
367 500132 500166 0
368 36 95 0
369 10 96 0
370 10 59 0
371 500148 500193 0
372 7 76 0
373 43 75 0
374 500101 500159 0
375 7 91 0
376 500117 500140 0
377 20 85 0
378 500109 500158 0
379 15 57 0
380 15776 15794 0
381 32 92 0
382 500109 500119 0
383 23 60 0
384 8 56 0
385 500101 500116 0
386 15751 15820 0
387 500107 500158 0
388 68 84 0
389 36 93 0
390 41 62 0
391 500134 500186 0
392 31 99 0
393 500102 500181 0
394 39 62 0
395 500138 500161 0
396 17 37 0
397 500148 500193 0
398 15733 15734 0
399 15732 15736 0
--------------
1000000 :c
1003801 :sum(p)
1000000 :sum(w)
