400 :n
id p,w,x
--------------
0 88 9 1
1 73 9 1
2 56 10 1
3 76 15 1
4 31 7 1
5 95 30 1
6 63 22 1
7 49 18 1
8 96 39 1
9 63 28 1
10 64 30 1
11 82 44 1
12 38 22 1
13 81 47 1
14 94 59 1
15 55 37 1
16 54 43 1
17 99 79 1
18 29 24 1
19 100 88 1
20 2141 2058 1
21 2149 2069 1
22 2120 2057 1
23 2127 2070 1
24 2126 2072 1
25 2112 2067 1
26 4098 4013 1
27 4098 4020 1
28 4079 4012 1
29 4077 4015 1
30 2085 2056 1
31 4081 4025 1
32 2124 2098 1
33 2149 2124 1
34 90 89 1
35 4091 4047 1
36 4101 4057 1
37 2153 2130 1
38 4051 4008 1
39 4074 4031 1
40 4053 4012 1
41 7999 7920 1
42 4082 4044 1
43 4086 4048 1
44 2127 2108 1
45 4062 4027 1
46 7990 7924 1
47 4100 4073 1
48 7985 7933 1
49 4087 4061 1
50 2094 2081 1
51 4041 4017 1
52 7968 7923 1
53 7995 7950 1
54 7978 7934 1
55 8005 7963 1
56 8004 7963 1
57 7956 7917 1
58 8002 7963 1
59 4083 4064 1
60 15813 15744 1
61 2085 2076 1
62 7968 7935 1
63 7973 7941 1
64 15803 15741 1
65 4083 4067 1
66 15811 15750 1
67 15821 15762 1
68 7985 7958 1
69 7941 7916 1
70 7954 7929 1
71 4065 4053 1
72 15789 15743 1
73 8001 7978 1
74 31446 31362 1
75 31440 31357 1
76 31447 31365 1
77 15795 15755 1
78 7965 7946 1
79 31433 31359 1
80 15800 15763 1
81 31423 31353 1
82 31434 31364 1
83 15770 15735 1
84 4091 4082 1
85 7935 7918 1
86 15767 15734 1
87 15763 15731 1
88 31448 31386 1
89 15760 15730 1
90 4040 4033 1
91 31423 31369 1
92 62698 62610 1
93 15800 15780 1
94 74 2 1
95 4023 4018 1
96 31416 31378 0
97 62698 62620 1
98 62694 62609 1
99 31411 31355 1
100 15757 15738 1
101 31425 31389 1
102 31428 31393 0
103 31436 31404 0
104 15806 15790 1
105 31390 31361 0
106 2074 2072 1
107 2133 2134 1
108 62679 62616 0
109 62668 62608 0
110 31432 31408 0
111 15799 15808 0
112 2095 2095 1
113 8006 7999 1
114 62673 62620 0
115 7957 7951 0
116 62671 62625 0
117 4101 4098 1
118 125196 125108 0
119 31426 31405 0
120 125188 125107 0
121 62657 62617 0
122 15762 15752 0
123 62658 62619 0
124 125199 125122 0
125 31373 31354 0
126 62651 62614 0
127 62686 62651 0
128 125171 125102 0
129 125169 125101 0
130 125175 125107 0
131 15777 15769 0
132 7939 7935 0
133 62693 62662 0
134 31370 31360 0
135 15732 15728 0
136 7993 7992 0
137 15815 15814 0
138 7968 7968 0
139 2076 2076 0
140 15786 15787 0
141 15822 15825 0
142 15794 15797 0
143 15788 15791 0
144 7950 7952 0
145 15793 15797 0
146 8007 8010 0
147 4090 4095 0
148 7983 7994 0
149 7948 7959 0
150 2107 2111 0
151 4018 4027 0
152 2093 2100 0
153 2062 2069 0
154 2089 2097 0
155 4075 4093 0
156 2095 2106 0
157 2066 2083 0
158 2063 2080 0
159 2055 2072 0
160 2115 2134 0
161 2121 2141 0
162 2117 2138 0
163 2094 2115 0
164 31 33 0
165 49 53 1
166 90 100 0
167 68 87 0
168 23 34 0
169 37 55 0
170 11 28 0
171 250153 250132 0
172 500163 500115 0
173 500172 500108 0
174 500174 500145 0
175 500187 500158 0
176 500167 500103 0
177 250142 250114 0
178 250182 250167 0
179 500197 500119 0
180 250195 250153 0
181 500180 500159 0
182 500177 500150 0
183 500195 500151 0
184 500157 500121 0
185 62691 62683 0
186 500185 500177 0
187 500167 500144 0
188 250145 250110 0
189 250160 250138 0
190 125138 125134 0
191 500190 500183 0
192 125142 125121 0
193 500165 500102 0
194 125185 125176 0
195 125145 125128 0
196 125138 125132 0
197 250199 250172 0
198 62656 62651 0
199 250193 250188 0
200 31361 31360 0
201 62672 62645 0
202 125179 125124 0
203 250163 250102 0
204 125193 125138 0
205 125193 125147 0
206 125191 125146 0
207 250198 250145 0
208 250194 250118 0
209 62669 62654 0
210 125154 125114 0
211 125150 125114 0
212 250193 250123 0
213 125172 125118 0
214 250166 250108 0
215 125197 125162 0
216 31422 31416 0
217 62695 62672 0
218 250159 250106 0
219 125175 125128 0
220 250190 250125 0
221 62620 62604 0
222 250199 250151 0
223 62634 62620 0
224 125192 125134 0
225 125131 125107 0
226 62639 62624 0
227 250187 250165 0
228 250137 250119 0
229 250177 250133 0
230 500156 500145 0
231 500171 500110 0
232 500186 500146 0
233 250174 250128 0
234 31356 31449 0
235 62614 62633 0
236 15732 15759 0
237 31376 31385 0
238 15765 15808 0
239 62626 62691 0
240 62652 62654 0
241 62611 62648 0
242 62684 62697 0
243 62604 62606 0
244 62667 62681 0
245 62615 62622 0
246 7943 7994 0
247 62648 62675 0
248 62646 62677 0
249 62641 62688 0
250 7945 7993 0
251 62607 62634 0
252 7920 7944 0
253 62629 62674 0
254 15761 15778 0
255 7930 7965 0
256 15759 15769 0
257 7923 7964 0
258 15739 15786 0
259 7932 7977 0
260 62631 62639 0
261 62635 62662 0
262 31394 31397 0
263 7928 7979 0
264 62609 62635 0
265 62664 62673 0
266 62619 62678 0
267 7983 8003 0
268 31400 31419 0
269 62609 62681 0
270 62603 62624 0
271 7929 8009 0
272 125107 125113 0
273 7949 7990 0
274 125134 125146 0
275 7991 8009 0
276 125118 125161 0
277 7917 7940 0
278 7925 7949 0
279 31362 31409 0
280 4032 4095 0
281 125136 125169 0
282 4040 4070 0
283 125101 125146 0
284 4028 4052 0
285 125123 125173 0
286 125110 125126 0
287 125131 125134 0
288 4018 4088 0
289 4024 4095 0
290 125108 125120 0
291 125127 125135 0
292 125143 125158 0
293 125127 125176 0
294 15793 15809 0
295 4049 4101 0
296 125170 125185 0
297 125165 125182 0
298 125107 125169 0
299 125160 125185 0
300 125152 125173 0
301 125116 125126 0
302 250133 250178 0
303 4049 4078 0
304 250116 250187 0
305 4046 4105 0
306 250129 250169 0
307 250154 250160 0
308 250112 250185 0
309 4027 4097 0
310 31373 31448 0
311 4050 4094 0
312 4034 4056 0
313 4055 4105 0
314 250166 250184 0
315 250131 250180 0
316 4023 4051 0
317 4028 4069 0
318 250167 250198 0
319 2105 2150 0
320 31377 31404 0
321 2070 2120 0
322 250116 250170 0
323 15765 15782 0
324 2055 2145 0
325 31381 31408 0
326 15729 15815 0
327 2107 2149 0
328 2074 2122 0
329 31364 31430 0
330 31375 31429 0
331 2086 2116 0
332 250140 250168 0
333 15779 15815 0
334 250197 250200 0
335 250130 250133 0
336 2082 2119 0
337 2077 2103 0
338 250118 250175 0
339 2086 2153 0
340 2057 2146 0
341 250113 250118 0
342 250133 250148 0
343 250143 250187 0
344 250114 250128 0
345 15784 15815 0
346 15769 15780 0
347 31355 31383 0
348 250129 250130 0
349 250148 250165 0
350 31375 31436 0
351 15728 15749 0
352 31426 31438 0
353 31370 31409 0
354 250163 250187 0
355 2088 2146 0
356 31357 31396 0
357 500141 500161 0
358 500121 500200 0
359 500157 500172 0
360 31355 31448 0
361 500152 500187 0
362 15807 15823 0
363 18 74 0
364 25 88 0
365 500170 500183 0
366 15789 15807 0
367 500136 500180 0
368 500143 500183 0
369 3 36 0
370 500124 500118 0
371 53 92 0
372 21 89 0
373 500135 500143 0
374 500109 500130 0
375 500135 500134 0
376 500185 500197 0
377 500121 500149 0
378 500134 500168 0
379 500179 500179 0
380 500110 500107 0
381 500109 500164 0
382 13 92 0
383 500111 500119 0
384 26 53 0
385 22 62 0
386 15741 15808 0
387 43 73 0
388 500137 500146 0
389 31371 31443 0
390 500114 500138 0
391 15760 15787 0
392 11 68 0
393 500122 500197 0
394 31381 31426 0
395 500127 500184 0
396 5 48 0
397 500121 500169 0
398 31353 31362 0
399 31391 31430 0
--------------
1000000 :c
1004325 :sum(p)
1000000 :sum(w)
