400 :n
id p,w,x
--------------
0 31392 31355 1
1 31404 31360 1
2 87 54 1
3 100 23 1
4 59 26 1
5 68 38 1
6 31421 31382 1
7 47 18 1
8 31402 31355 1
9 31429 31391 1
10 44 16 1
11 96 1 1
12 15819 15785 1
13 26 9 1
14 91 11 1
15 73 30 1
16 87 67 1
17 74 17 1
18 95 45 1
19 51 34 1
20 96 19 1
21 2091 2058 1
22 2153 2092 1
23 2127 2075 1
24 2136 2113 1
25 2119 2089 1
26 15765 15730 1
27 2112 2070 1
28 15811 15765 1
29 2151 2101 1
30 2081 2064 1
31 2147 2065 1
32 2121 2080 1
33 15795 15728 1
34 15821 15748 1
35 2148 2068 1
36 2151 2116 1
37 2138 2091 1
38 4081 4046 1
39 4086 4008 1
40 4077 4054 1
41 4044 4012 1
42 15798 15756 1
43 15801 15771 1
44 4077 4040 1
45 4099 4036 1
46 4077 4018 1
47 4088 4055 1
48 4070 4044 1
49 4094 4024 1
50 4098 4050 1
51 15774 15735 1
52 15798 15757 1
53 15783 15742 1
54 4076 4025 1
55 4085 4054 1
56 4066 4011 1
57 4049 4008 1
58 8004 7935 1
59 7993 7963 1
60 8011 7930 1
61 15776 15745 1
62 8010 7916 1
63 7986 7914 1
64 15809 15775 1
65 7981 7956 1
66 7942 7915 1
67 8008 7986 1
68 8012 7969 1
69 7980 7925 1
70 15789 15744 1
71 15806 15728 1
72 15819 15729 1
73 15 5 1
74 12 4 1
75 79 74 1
76 34 33 0
77 2100 2088 1
78 2065 2054 1
79 2149 2138 1
80 4054 4040 1
81 4023 4010 1
82 4089 4080 1
83 7941 7924 1
84 4100 4092 1
85 2133 2129 1
86 4047 4040 1
87 7939 7927 1
88 15753 15736 1
89 15781 15764 1
90 15818 15801 1
91 31412 31379 1
92 31416 31383 1
93 15770 15754 1
94 7937 7929 1
95 15745 15730 1
96 15776 15761 1
97 31414 31386 1
98 15801 15787 1
99 7946 7939 1
100 62680 62627 1
101 55 17 1
102 62664 62607 1
103 31420 31394 1
104 62677 62629 0
105 31392 31368 0
106 31438 31435 0
107 15821 15813 0
108 125122 125162 0
109 7929 7923 0
110 62668 62624 0
111 62655 62612 0
112 125199 125118 0
113 125180 125100 0
114 125187 125112 0
115 2082 2088 0
116 15790 15781 1
117 62661 62628 0
118 62680 62647 0
119 125172 125110 0
120 62643 62612 0
121 4074 4072 0
122 125184 125123 0
123 2143 2142 0
124 2152 2151 1
125 15801 15795 0
126 15784 15781 0
127 15789 15786 0
128 7954 7953 0
129 7992 7992 0
130 7954 7954 0
131 7934 7935 0
132 7918 7920 0
133 4023 4025 0
134 2079 2083 0
135 2066 2070 0
136 76 84 0
137 22 26 0
138 125197 125171 0
139 500196 500147 0
140 250170 250103 0
141 500132 500101 0
142 62666 62648 0
143 125148 125114 0
144 250199 250151 0
145 125183 125155 0
146 125164 125156 0
147 125177 125145 0
148 500182 500124 0
149 250161 250141 0
150 500184 500149 0
151 125197 125190 0
152 62656 62652 0
153 250200 250160 0
154 125141 125135 0
155 62638 62628 0
156 250172 250155 0
157 500198 500184 0
158 125189 125172 0
159 250163 250119 0
160 500177 500115 0
161 500190 500160 0
162 500175 500115 0
163 500152 500137 0
164 125139 125126 0
165 125193 125158 0
166 125170 125118 0
167 250176 250143 0
168 125164 125160 0
169 31400 31395 0
170 250145 250105 0
171 250185 250133 0
172 31427 31417 0
173 500152 500126 0
174 125137 125111 0
175 125153 125107 0
176 250147 250108 0
177 125131 125110 0
178 500168 500109 0
179 125171 125124 0
180 125119 125106 0
181 250181 250172 0
182 250186 250141 0
183 250176 250116 0
184 250124 250109 0
185 250165 250115 0
186 250165 250157 0
187 62634 62624 0
188 500149 500129 0
189 250187 250153 0
190 500200 500144 0
191 250187 250183 0
192 31367 31367 0
193 500194 500189 0
194 250172 250167 0
195 500175 500164 0
196 250111 250106 0
197 250189 250183 0
198 250175 250145 0
199 62641 62631 0
200 500188 500197 0
201 500120 500163 0
202 500137 500154 0
203 250171 250192 0
204 31409 31410 0
205 500130 500160 0
206 62611 62615 0
207 500143 500198 0
208 500107 500159 0
209 500149 500175 0
210 500127 500154 0
211 62601 62601 0
212 62682 62685 0
213 500118 500154 0
214 62636 62639 0
215 250126 250128 0
216 500173 500173 0
217 500114 500148 0
218 62679 62684 0
219 250140 250148 0
220 250161 250171 0
221 250117 250138 0
222 500117 500131 0
223 62627 62630 0
224 500188 500195 0
225 500121 500161 0
226 500132 500142 0
227 250109 250125 0
228 62623 62628 0
229 500170 500172 0
230 500118 500124 0
231 62662 62664 0
232 500168 500199 0
233 500174 500195 0
234 250152 250167 0
235 125114 125118 0
236 500112 500119 0
237 250104 250130 0
238 250126 250157 0
239 500107 500144 0
240 500133 500140 0
241 250138 250159 0
242 500132 500199 0
243 31377 31378 0
244 31372 31372 0
245 125122 125123 0
246 62695 62678 0
247 500158 500132 0
248 250179 250103 0
249 62686 62684 0
250 250180 250143 0
251 125190 125159 0
252 15783 15812 0
253 15772 15792 0
254 7974 7984 0
255 7943 8010 0
256 7925 7935 0
257 250119 250162 0
258 15759 15807 0
259 15752 15814 0
260 15747 15815 0
261 7934 7939 0
262 7959 7976 0
263 15762 15803 0
264 15729 15745 0
265 7921 7960 0
266 7928 7994 0
267 125133 125193 0
268 15743 15792 0
269 7928 7997 0
270 250105 250149 0
271 7956 7968 0
272 15814 15821 0
273 7940 7976 0
274 7939 7984 0
275 15779 15793 0
276 7920 8012 0
277 7942 7986 0
278 15772 15785 0
279 4008 4041 0
280 15736 15808 0
281 250123 250196 0
282 4023 4039 0
283 4069 4085 0
284 125123 125174 0
285 4069 4081 0
286 250120 250161 0
287 4032 4063 0
288 15748 15800 0
289 31373 31385 0
290 31374 31432 0
291 7963 7974 0
292 4057 4105 0
293 31351 31414 0
294 4061 4084 0
295 31370 31433 0
296 4017 4030 0
297 250117 250192 0
298 31370 31387 0
299 4018 4101 0
300 31419 31433 0
301 4060 4106 0
302 31406 31423 0
303 31378 31419 0
304 4072 4088 0
305 31424 31433 0
306 4089 4104 0
307 4009 4064 0
308 4020 4077 0
309 31385 31445 0
310 31379 31401 0
311 31361 31384 0
312 31359 31414 0
313 31403 31428 0
314 4052 4069 0
315 500122 500193 0
316 4016 4069 0
317 4014 4086 0
318 4034 4064 0
319 2115 2153 0
320 31368 31441 0
321 2082 2124 0
322 2084 2142 0
323 31395 31431 0
324 2066 2125 0
325 2117 2149 0
326 7925 7932 0
327 31387 31437 0
328 250110 250186 0
329 2059 2078 0
330 2085 2114 0
331 2074 2138 0
332 125113 125157 0
333 7952 7965 0
334 31373 31378 0
335 31365 31385 0
336 31401 31412 0
337 2074 2124 0
338 31367 31392 0
339 2080 2116 0
340 31398 31410 0
341 31407 31423 0
342 62658 62696 0
343 2084 2108 0
344 2115 2125 0
345 62655 62668 0
346 62609 62659 0
347 2078 2106 0
348 2125 2138 0
349 2075 2106 0
350 62652 62696 0
351 2107 2145 0
352 62646 62680 0
353 62609 62635 0
354 62603 62656 0
355 2103 2144 0
356 62659 62682 0
357 62611 62663 0
358 2074 2103 0
359 23 67 0
360 25 59 0
361 12 24 0
362 55 92 0
363 51 98 0
364 62623 62655 0
365 62656 62689 0
366 67 85 0
367 7965 7992 0
368 24 40 0
369 62644 62677 0
370 62636 62684 0
371 19 89 0
372 62661 62672 0
373 62618 62639 0
374 62603 62617 0
375 62602 62614 0
376 125111 125192 0
377 125145 125188 0
378 125151 125172 0
379 125113 125164 0
380 125113 125193 0
381 125131 125174 0
382 125104 125161 0
383 20 47 0
384 12 54 0
385 125107 125126 0
386 125118 125176 0
387 64 84 0
388 28 99 0
389 80 94 0
390 7956 7981 0
391 37 48 0
392 65 100 0
393 58 78 0
394 15 45 0
395 125104 125187 0
396 49 76 0
397 125171 125191 0
398 7977 7981 0
399 7939 7960 0
--------------
1000000 :c
1003951 :sum(p)
999996 :sum(w)
