400 :n
id p,w,x
--------------
0 63 2 1
1 84 7 1
2 39 5 1
3 71 10 1
4 12 2 1
5 95 20 1
6 87 19 1
7 81 20 1
8 63 16 1
9 66 17 1
10 37 10 1
11 90 25 1
12 52 18 1
13 82 34 1
14 11 5 1
15 77 42 1
16 63 37 1
17 97 59 1
18 28 18 1
19 37 24 1
20 89 63 1
21 90 71 1
22 96 85 1
23 2150 2064 1
24 2129 2055 1
25 2136 2071 1
26 2121 2069 1
27 82 80 0
28 2151 2102 1
29 2136 2093 1
30 4094 4017 1
31 2127 2088 1
32 4086 4013 1
33 2107 2070 1
34 2109 2075 1
35 2110 2076 1
36 2104 2075 1
37 2144 2115 1
38 4064 4012 1
39 2113 2086 1
40 4055 4007 1
41 2084 2063 1
42 2129 2108 1
43 4074 4034 1
44 4048 4009 1
45 4053 4015 1
46 2133 2115 1
47 7984 7917 1
48 7992 7927 1
49 4083 4051 1
50 7991 7933 1
51 7981 7925 1
52 2142 2128 1
53 7971 7921 1
54 4056 4031 1
55 4034 4010 1
56 7958 7917 1
57 2092 2082 1
58 7951 7913 1
59 15815 15746 1
60 7967 7933 1
61 4084 4067 1
62 15805 15742 1
63 7946 7916 1
64 7982 7952 1
65 15791 15734 1
66 15798 15741 1
67 15812 15755 1
68 7980 7952 1
69 4083 4069 1
70 15820 15767 1
71 31448 31356 1
72 4104 4092 1
73 31437 31378 1
74 62698 62621 1
75 15774 15730 1
76 15793 15750 1
77 62688 62611 1
78 15770 15730 1
79 15792 15752 1
80 31428 31351 1
81 15785 15747 1
82 62699 62607 1
83 62699 62601 1
84 31440 31380 1
85 2123 2117 1
86 4061 4050 0
87 7943 7924 1
88 4096 4087 0
89 7972 7957 1
90 15757 15729 1
91 4054 4047 1
92 7930 7917 1
93 7950 7938 1
94 15795 15773 1
95 15748 15727 1
96 4072 4067 0
97 31388 31353 1
98 8001 7993 0
99 35 28 1
100 62672 62621 1
101 62666 62616 1
102 62652 62604 0
103 62653 62606 0
104 62697 62675 0
105 7993 8009 0
106 31384 31380 0
107 62650 62605 0
108 62692 62649 0
109 15781 15771 0
110 125184 125105 0
111 7948 7943 0
112 7988 7983 0
113 62675 62636 0
114 62661 62623 0
115 62674 62637 0
116 62696 62659 0
117 31393 31375 1
118 31426 31408 0
119 31431 31413 0
120 31403 31387 0
121 7918 7914 0
122 7948 7944 0
123 31380 31365 0
124 125178 125114 0
125 125196 125139 0
126 125167 125107 0
127 125160 125108 0
128 2133 2133 0
129 31450 31439 0
130 31388 31378 0
131 4105 4104 0
132 31361 31355 0
133 31371 31365 0
134 42 44 0
135 15749 15747 0
136 31413 31412 0
137 31414 31413 0
138 4046 4046 0
139 15791 15791 0
140 31425 31426 0
141 31410 31411 0
142 15812 15813 0
143 15770 15771 0
144 31391 31394 0
145 7914 7915 0
146 15792 15794 0
147 15756 15758 0
148 15747 15749 0
149 15732 15735 0
150 31382 31388 0
151 7961 7963 0
152 7933 7935 0
153 15800 15804 0
154 7990 7994 0
155 15798 15808 0
156 4049 4052 0
157 7965 7971 0
158 15775 15787 0
159 15754 15767 0
160 4048 4052 0
161 4086 4092 0
162 4031 4037 0
163 7949 7962 0
164 4047 4054 0
165 4074 4082 0
166 7974 7990 0
167 7925 7942 0
168 7965 7986 0
169 4029 4040 0
170 7942 7966 0
171 4036 4053 0
172 4066 4086 0
173 4035 4056 0
174 4030 4052 0
175 4057 4081 0
176 4028 4053 0
177 4019 4044 0
178 2067 2087 0
179 2125 2146 0
180 2074 2100 0
181 2067 2093 0
182 2118 2145 0
183 2107 2135 0
184 56 68 0
185 69 87 0
186 64 92 0
187 22 39 0
188 3 7 0
189 18 44 0
190 8 25 0
191 9 29 0
192 500155 500189 0
193 125138 125145 0
194 500163 500192 0
195 500165 500195 0
196 125188 125184 0
197 500118 500150 0
198 125198 125187 0
199 500123 500142 0
200 500184 500128 0
201 500136 500122 0
202 500129 500137 0
203 500142 500169 0
204 125176 125148 0
205 500151 500120 0
206 125186 125144 0
207 500171 500192 0
208 500153 500118 0
209 500170 500119 0
210 500181 500183 0
211 500163 500196 0
212 500149 500119 0
213 500170 500182 0
214 500157 500147 0
215 125197 125197 0
216 500174 500152 0
217 500183 500195 0
218 500163 500151 0
219 500150 500126 0
220 125127 125110 0
221 62606 62606 0
222 125156 125160 0
223 125156 125126 0
224 125188 125192 0
225 62612 62611 0
226 125130 125127 0
227 125137 125113 0
228 125181 125164 0
229 125125 125110 0
230 125108 125115 0
231 250189 250180 0
232 250120 250105 0
233 250142 250157 0
234 125126 125122 0
235 62660 62649 0
236 250185 250107 0
237 250112 250129 0
238 250146 250147 0
239 62643 62637 0
240 250185 250125 0
241 250115 250126 0
242 250152 250131 0
243 250150 250116 0
244 250200 250129 0
245 250173 250147 0
246 250145 250113 0
247 250122 250128 0
248 250132 250106 0
249 250199 250194 0
250 250144 250141 0
251 250159 250164 0
252 250199 250187 0
253 62692 62692 0
254 250166 250139 0
255 125144 125133 0
256 250132 250135 0
257 125180 125150 0
258 250179 250177 0
259 500168 500163 0
260 500129 500155 0
261 500161 500110 0
262 62605 62607 0
263 500108 500125 0
264 500186 500116 0
265 500151 500146 0
266 500160 500107 0
267 500187 500168 0
268 500188 500151 0
269 500119 500140 0
270 500132 500132 0
271 500178 500128 0
272 7935 7976 0
273 7923 7982 0
274 31357 31376 0
275 31357 31417 0
276 7927 8011 0
277 31423 31439 0
278 31397 31434 0
279 7970 8001 0
280 4008 4051 0
281 7935 7994 0
282 31402 31440 0
283 31358 31437 0
284 31352 31368 0
285 31400 31424 0
286 4047 4097 0
287 4041 4102 0
288 31384 31397 0
289 31360 31450 0
290 7963 7992 0
291 31409 31432 0
292 4063 4101 0
293 7919 7960 0
294 62607 62653 0
295 31390 31448 0
296 31374 31409 0
297 31373 31393 0
298 62617 62690 0
299 62675 62699 0
300 62639 62652 0
301 62684 62700 0
302 62627 62668 0
303 62611 62636 0
304 62610 62699 0
305 62604 62681 0
306 62649 62668 0
307 62683 62697 0
308 4048 4086 0
309 31421 31430 0
310 62638 62649 0
311 7921 7992 0
312 4008 4044 0
313 4036 4067 0
314 31355 31373 0
315 7953 7980 0
316 31363 31380 0
317 62633 62668 0
318 62619 62696 0
319 2087 2121 0
320 62672 62678 0
321 62606 62693 0
322 31384 31414 0
323 62626 62686 0
324 62646 62675 0
325 2064 2148 0
326 62667 62675 0
327 125129 125175 0
328 2092 2131 0
329 125105 125191 0
330 125133 125175 0
331 125103 125175 0
332 31359 31378 0
333 125107 125193 0
334 125137 125184 0
335 125122 125136 0
336 500105 500144 0
337 2075 2136 0
338 2078 2133 0
339 125115 125154 0
340 125139 125198 0
341 125152 125198 0
342 2055 2114 0
343 2105 2141 0
344 125114 125160 0
345 15748 15798 0
346 15734 15791 0
347 15770 15808 0
348 125123 125163 0
349 2079 2128 0
350 125112 125155 0
351 2063 2121 0
352 2080 2131 0
353 125157 125182 0
354 2056 2107 0
355 2060 2147 0
356 125177 125197 0
357 2088 2140 0
358 2061 2145 0
359 125120 125171 0
360 125131 125193 0
361 9 87 0
362 15752 15793 0
363 250101 250121 0
364 7 47 0
365 250113 250195 0
366 250132 250193 0
367 250125 250186 0
368 15741 15778 0
369 8 62 0
370 15730 15762 0
371 2 38 0
372 53 87 0
373 15736 15767 0
374 250113 250185 0
375 250172 250193 0
376 250139 250194 0
377 250108 250143 0
378 250103 250173 0
379 250102 250136 0
380 250143 250168 0
381 250105 250173 0
382 250154 250198 0
383 250103 250134 0
384 250151 250174 0
385 250121 250195 0
386 15740 15819 0
387 250118 250163 0
388 15755 15820 0
389 15761 15801 0
390 250115 250186 0
391 500124 500192 0
392 4 45 0
393 15739 15825 0
394 500142 500192 0
395 500102 500150 0
396 500140 500197 0
397 500156 500197 0
398 15728 15809 0
399 15743 15788 0
--------------
1000000 :c
1004066 :sum(p)
999998 :sum(w)
