400 :n
id p,w,x
--------------
0 2126 2059 1
1 2131 2073 1
2 2148 2102 1
3 61 43 1
4 83 65 1
5 34 14 1
6 58 41 1
7 79 40 1
8 4102 4018 1
9 92 68 1
10 80 36 1
11 46 12 1
12 61 43 1
13 36 17 1
14 51 7 1
15 70 35 1
16 99 43 1
17 73 1 1
18 51 7 1
19 2150 2075 1
20 2147 2094 1
21 2145 2086 1
22 2150 2099 1
23 2144 2076 1
24 2123 2068 1
25 15824 15752 1
26 15818 15743 1
27 4078 4049 1
28 4085 4039 1
29 8004 7952 1
30 4070 4019 1
31 15824 15729 1
32 2118 2095 1
33 15825 15743 1
34 2114 2073 1
35 7990 7945 1
36 4074 4030 1
37 2126 2094 1
38 2081 2063 1
39 4029 4007 1
40 2109 2070 1
41 7979 7922 1
42 7989 7932 1
43 2088 2068 1
44 4082 4051 1
45 4100 4047 1
46 4083 4050 1
47 22 18 1
48 80 77 1
49 78 77 1
50 2114 2100 1
51 2146 2133 1
52 2113 2102 1
53 2134 2123 1
54 7991 7950 1
55 8006 7965 1
56 4028 4008 1
57 2093 2083 1
58 2123 2113 1
59 4063 4044 1
60 2107 2098 1
61 7981 7950 1
62 15816 15758 1
63 8005 7977 1
64 15793 15739 1
65 7951 7926 1
66 7997 7972 1
67 4076 4065 1
68 15783 15741 1
69 15779 15740 1
70 4027 4018 1
71 4083 4074 1
72 7932 7915 1
73 7970 7954 1
74 2126 2122 1
75 31429 31375 1
76 31443 31390 1
77 15810 15785 1
78 15774 15750 1
79 7978 7966 1
80 7936 7925 1
81 7995 7984 1
82 62684 62603 1
83 15782 15762 1
84 4023 4018 1
85 62680 62603 1
86 62684 62607 1
87 54 47 1
88 15754 15736 1
89 15768 15736 1
90 4036 4032 1
91 31449 31418 1
92 31449 31419 1
93 15781 15767 1
94 7936 7929 1
95 31432 31394 1
96 62679 62621 1
97 31396 31369 1
98 62660 62608 0
99 62685 62633 1
100 31399 31373 1
101 62692 62648 0
102 31398 31376 0
103 4061 4059 0
104 31444 31443 0
105 62669 62632 0
106 31435 31417 0
107 31436 31420 0
108 2105 2153 0
109 62669 62638 0
110 62677 62646 0
111 500183 500154 0
112 62675 62627 0
113 125192 125133 0
114 31442 31428 0
115 125170 125118 0
116 62645 62621 0
117 7979 7976 0
118 62691 62668 0
119 62674 62653 0
120 62677 62658 0
121 62683 62667 0
122 31421 31413 0
123 15732 15728 0
124 31370 31363 0
125 15815 15812 0
126 31438 31438 0
127 7954 7954 0
128 4052 4052 0
129 4073 4073 0
130 31397 31398 0
131 15792 15794 0
132 31353 31358 0
133 31389 31398 0
134 15789 15794 0
135 15764 15769 0
136 15746 15755 0
137 4084 4087 0
138 7980 7986 0
139 15782 15794 0
140 15752 15764 0
141 7991 7998 0
142 2068 2070 1
143 4054 4058 1
144 15806 15822 0
145 4091 4096 0
146 4093 4099 0
147 7918 7930 0
148 7935 7949 0
149 7971 7986 0
150 4010 4018 0
151 7958 7976 0
152 7973 7993 0
153 7915 7935 0
154 7943 7968 0
155 4065 4079 0
156 7958 7988 0
157 2092 2102 0
158 4049 4069 0
159 4018 4039 0
160 2083 2096 0
161 4071 4098 0
162 4068 4095 0
163 2102 2118 0
164 4022 4055 0
165 2091 2109 0
166 2059 2080 0
167 2064 2090 0
168 2095 2128 0
169 88 93 1
170 89 100 0
171 24 29 0
172 73 96 0
173 41 59 0
174 44 67 0
175 32 61 0
176 16 33 0
177 15 51 0
178 7 31 0
179 4 33 0
180 4 35 0
181 125177 125138 0
182 125141 125101 0
183 125152 125116 0
184 125159 125120 0
185 125184 125147 0
186 250178 250105 0
187 250199 250132 0
188 250175 250103 0
189 125138 125106 0
190 250193 250108 0
191 250159 250106 0
192 250182 250102 0
193 125172 125147 0
194 125163 125134 0
195 250182 250133 0
196 31372 31388 0
197 31371 31417 0
198 31405 31442 0
199 125193 125190 0
200 15744 15801 0
201 125128 125159 0
202 31382 31394 0
203 125162 125150 0
204 15753 15782 0
205 15737 15816 0
206 15727 15821 0
207 31379 31448 0
208 15765 15814 0
209 125119 125192 0
210 15746 15787 0
211 15747 15800 0
212 125198 125188 0
213 15746 15823 0
214 15727 15772 0
215 125157 125138 0
216 125130 125145 0
217 15789 15815 0
218 125111 125194 0
219 15740 15767 0
220 125141 125196 0
221 15778 15820 0
222 15727 15816 0
223 125116 125162 0
224 15740 15775 0
225 125189 125174 0
226 31395 31412 0
227 15753 15794 0
228 125105 125172 0
229 125177 125168 0
230 31372 31424 0
231 125115 125137 0
232 125191 125168 0
233 15733 15802 0
234 125131 125189 0
235 125103 125140 0
236 125164 125196 0
237 15732 15817 0
238 31354 31407 0
239 125145 125133 0
240 125127 125116 0
241 125141 125171 0
242 7942 7996 0
243 250101 250171 0
244 125196 125182 0
245 31435 31447 0
246 250186 250165 0
247 31380 31437 0
248 125125 125106 0
249 7920 8001 0
250 31420 31445 0
251 7960 8012 0
252 125139 125177 0
253 7943 8001 0
254 250183 250143 0
255 7954 8003 0
256 7921 7958 0
257 250129 250161 0
258 250107 250120 0
259 7950 8007 0
260 250196 250186 0
261 31373 31401 0
262 250173 250179 0
263 125119 125107 0
264 250106 250139 0
265 7968 8010 0
266 7932 7984 0
267 62645 62666 0
268 250105 250163 0
269 250152 250111 0
270 250167 250173 0
271 250191 250156 0
272 31355 31421 0
273 250124 250169 0
274 7930 7993 0
275 7916 7982 0
276 250112 250179 0
277 31417 31446 0
278 7961 7996 0
279 31429 31448 0
280 250200 250193 0
281 250107 250104 0
282 31400 31441 0
283 125185 125172 0
284 4013 4105 0
285 250169 250164 0
286 250106 250157 0
287 4039 4098 0
288 250172 250160 0
289 250160 250196 0
290 125108 125197 0
291 125160 125139 0
292 4011 4081 0
293 125119 125190 0
294 4035 4079 0
295 31374 31425 0
296 4007 4055 0
297 250108 250186 0
298 250120 250109 0
299 125140 125191 0
300 4032 4068 0
301 250123 250198 0
302 250102 250105 0
303 250122 250138 0
304 4061 4100 0
305 4055 4105 0
306 250144 250192 0
307 4054 4091 0
308 250118 250181 0
309 250170 250160 0
310 62659 62693 0
311 62677 62692 0
312 250178 250162 0
313 250198 250182 0
314 250185 250188 0
315 31389 31422 0
316 4008 4047 0
317 31353 31400 0
318 31365 31450 0
319 31403 31445 0
320 250172 250164 0
321 250152 250115 0
322 500124 500196 0
323 2055 2116 0
324 2056 2140 0
325 500103 500177 0
326 500190 500140 0
327 500121 500183 0
328 500179 500184 0
329 500174 500154 0
330 500148 500200 0
331 31379 31441 0
332 500105 500193 0
333 500131 500180 0
334 500144 500147 0
335 62627 62631 0
336 2071 2144 0
337 500111 500199 0
338 500182 500188 0
339 2071 2150 0
340 500154 500150 0
341 2075 2148 0
342 2079 2147 0
343 62691 62698 0
344 62606 62624 0
345 500175 500113 0
346 62610 62624 0
347 500135 500174 0
348 2066 2110 0
349 500122 500107 0
350 500140 500178 0
351 500174 500125 0
352 500169 500163 0
353 62601 62604 0
354 500167 500192 0
355 62628 62639 0
356 2063 2135 0
357 62619 62685 0
358 500112 500126 0
359 62612 62645 0
360 500123 500177 0
361 500105 500119 0
362 500117 500132 0
363 4 61 0
364 62650 62679 0
365 500134 500154 0
366 500145 500167 0
367 19 79 0
368 42 92 0
369 500147 500173 0
370 62634 62668 0
371 500128 500192 0
372 35 100 0
373 500159 500159 0
374 62653 62646 0
375 500197 500111 0
376 62603 62605 0
377 62624 62641 0
378 500118 500169 0
379 500102 500195 0
380 62671 62676 0
381 500193 500141 0
382 38 84 0
383 500119 500174 0
384 32 88 0
385 51 91 0
386 62663 62689 0
387 500156 500150 0
388 62662 62678 0
389 500131 500150 0
390 62662 62651 0
391 500179 500107 0
392 62619 62631 0
393 12 61 0
394 500124 500146 0
395 62614 62658 0
396 500142 500200 0
397 45 95 0
398 62620 62630 0
399 62686 62682 0
--------------
1000000 :c
1003493 :sum(p)
1000000 :sum(w)
