400 :n
id p,w,x
--------------
0 4087 4030 1
1 8001 7927 1
2 15796 15737 1
3 15821 15740 1
4 7980 7924 1
5 15813 15726 1
6 15817 15729 1
7 7981 7918 1
8 15819 15755 1
9 4090 4039 1
10 2153 2065 1
11 8010 7954 1
12 4073 4013 1
13 4053 4009 1
14 4072 4013 1
15 7992 7913 1
16 2125 2058 1
17 2127 2067 1
18 70 6 1
19 2148 2080 1
20 99 12 1
21 2139 2061 1
22 4100 4036 1
23 2150 2100 1
24 4081 4019 1
25 7966 7918 1
26 31434 31361 1
27 91 37 1
28 31444 31362 1
29 8000 7916 1
30 2106 2058 1
31 7998 7915 1
32 7996 7916 1
33 57 11 1
34 59 13 1
35 7998 7918 1
36 7995 7922 1
37 31445 31358 1
38 4075 4011 1
39 54 22 1
40 61 10 1
41 7977 7915 1
42 31448 31359 1
43 2105 2056 1
44 7990 7942 1
45 68 17 1
46 7969 7928 1
47 7995 7938 1
48 8 2 1
49 25 7 1
50 48 21 1
51 46 22 1
52 76 52 1
53 73 51 1
54 78 59 1
55 89 69 1
56 52 41 1
57 63 57 1
58 2150 2117 1
59 2111 2084 1
60 2119 2093 1
61 2141 2115 1
62 2088 2065 1
63 2106 2083 1
64 94 93 1
65 2138 2119 1
66 4082 4048 1
67 4033 4007 1
68 4055 4032 1
69 2134 2123 1
70 7985 7951 1
71 7997 7963 1
72 4049 4032 1
73 4034 4019 1
74 7968 7939 1
75 2100 2093 0
76 7951 7925 1
77 4026 4013 1
78 7969 7944 1
79 8003 7978 1
80 15809 15763 1
81 2117 2111 1
82 7971 7949 1
83 15760 15727 1
84 15825 15793 1
85 31445 31389 1
86 31411 31357 1
87 15815 15789 1
88 31444 31395 1
89 31398 31356 1
90 15812 15792 1
91 31422 31383 1
92 4090 4085 1
93 15752 15733 1
94 2100 2082 1
95 15814 15795 1
96 31416 31380 1
97 15762 15744 1
98 62695 62635 0
99 31430 31400 0
100 15787 15734 1
101 62680 62618 1
102 7945 7919 1
103 15775 15750 1
104 15744 15729 1
105 31394 31366 1
106 15815 15802 1
107 7973 7972 0
108 38 52 0
109 31432 31406 1
110 62673 62625 0
111 4078 4075 1
112 62651 62605 0
113 31409 31386 0
114 2139 2152 0
115 125192 125102 0
116 62698 62655 0
117 62643 62602 0
118 7939 7934 1
119 62673 62634 0
120 31382 31363 0
121 125191 125116 0
122 62677 62641 0
123 31417 31399 0
124 15813 15804 0
125 125192 125123 0
126 62655 62623 0
127 15785 15777 0
128 62677 62646 0
129 125193 125134 0
130 62694 62666 0
131 31401 31388 0
132 125160 125112 0
133 15793 15787 0
134 125193 125149 0
135 125184 125141 0
136 125173 125131 0
137 125191 125150 0
138 15735 15730 0
139 125143 125104 0
140 250184 250110 0
141 250198 250124 0
142 62650 62632 0
143 62666 62648 0
144 250184 250116 0
145 125189 125155 0
146 62685 62669 0
147 250163 250106 0
148 250192 250136 0
149 250181 250127 0
150 125185 125158 0
151 125179 125154 0
152 125182 125157 0
153 500198 500113 0
154 500197 500118 0
155 500200 500122 0
156 250179 250140 0
157 62664 62655 0
158 500184 500113 0
159 500174 500106 0
160 62646 62638 0
161 500188 500127 0
162 500168 500109 0
163 62613 62606 0
164 500168 500119 0
165 125126 125114 0
166 31365 31362 0
167 500168 500126 0
168 250161 250140 0
169 125194 125184 0
170 500199 500163 0
171 125138 125129 0
172 125162 125153 0
173 125175 125166 0
174 500176 500142 0
175 500189 500155 0
176 500144 500118 0
177 250130 250119 0
178 125164 125159 0
179 125168 125163 0
180 500132 500113 0
181 62608 62606 0
182 500154 500141 0
183 500166 500153 0
184 250113 250107 0
185 500134 500124 0
186 250123 250119 0
187 125156 125154 0
188 62652 62651 0
189 500118 500113 0
190 500142 500138 0
191 125153 125152 0
192 500107 500104 0
193 500190 500189 0
194 500197 500196 0
195 31406 31406 0
196 7918 7918 0
197 31432 31432 0
198 85 85 1
199 500125 500127 0
200 250189 250192 0
201 250163 250166 0
202 500130 500137 0
203 500175 500185 0
204 500132 500142 0
205 250103 250109 0
206 500118 500136 0
207 500151 500171 0
208 500125 500146 0
209 62617 62620 0
210 125156 125162 0
211 500162 500186 0
212 250103 250118 0
213 500116 500146 0
214 500119 500150 0
215 15748 15749 0
216 62669 62673 0
217 4097 4098 0
218 4045 4046 0
219 4091 4095 0
220 7964 7972 0
221 7960 7969 0
222 4033 4038 0
223 4055 4064 0
224 4081 4092 0
225 4031 4043 0
226 60 63 0
227 58 70 0
228 15 24 0
229 31379 31414 0
230 31414 31449 0
231 15742 15770 0
232 15727 15823 0
233 31362 31384 0
234 15738 15817 0
235 15757 15766 0
236 15729 15822 0
237 15744 15792 0
238 15738 15777 0
239 31422 31433 0
240 31413 31420 0
241 31360 31411 0
242 7941 7989 0
243 31387 31415 0
244 7938 7958 0
245 31405 31412 0
246 31405 31445 0
247 7924 7960 0
248 7956 7971 0
249 31376 31424 0
250 31363 31393 0
251 31383 31415 0
252 31380 31400 0
253 31369 31375 0
254 31351 31437 0
255 31351 31415 0
256 31377 31399 0
257 31362 31380 0
258 7965 7983 0
259 62667 62677 0
260 62628 62638 0
261 7939 7967 0
262 62627 62691 0
263 62626 62636 0
264 62691 62696 0
265 62620 62634 0
266 7914 7998 0
267 31361 31374 0
268 62627 62665 0
269 62601 62689 0
270 62628 62697 0
271 62650 62682 0
272 7916 7939 0
273 62642 62700 0
274 7923 7995 0
275 7923 7998 0
276 7936 7983 0
277 7923 7963 0
278 62633 62640 0
279 31364 31422 0
280 4056 4081 0
281 4081 4096 0
282 62633 62658 0
283 62613 62699 0
284 62673 62697 0
285 4054 4079 0
286 15731 15741 0
287 62672 62684 0
288 4066 4085 0
289 62635 62688 0
290 4045 4082 0
291 62607 62663 0
292 4010 4098 0
293 4012 4051 0
294 4020 4050 0
295 4017 4085 0
296 4055 4083 0
297 4016 4040 0
298 4049 4077 0
299 62601 62631 0
300 125152 125185 0
301 15739 15794 0
302 500109 500142 0
303 125171 125181 0
304 4022 4064 0
305 15768 15803 0
306 125155 125187 0
307 125171 125196 0
308 4044 4064 0
309 125106 125196 0
310 4018 4099 0
311 125106 125182 0
312 125137 125186 0
313 4028 4052 0
314 15766 15793 0
315 15773 15782 0
316 4054 4080 0
317 125107 125159 0
318 125125 125179 0
319 2089 2151 0
320 125124 125161 0
321 2058 2085 0
322 125139 125180 0
323 2072 2117 0
324 125116 125138 0
325 2072 2131 0
326 2077 2146 0
327 125109 125120 0
328 125143 125199 0
329 2064 2143 0
330 125142 125159 0
331 2092 2139 0
332 2072 2112 0
333 125151 125188 0
334 2091 2135 0
335 250103 250185 0
336 250135 250166 0
337 250156 250192 0
338 250155 250184 0
339 2085 2153 0
340 2054 2095 0
341 250121 250171 0
342 250101 250141 0
343 250145 250182 0
344 2078 2118 0
345 250114 250138 0
346 250149 250174 0
347 2054 2122 0
348 250112 250175 0
349 2070 2089 0
350 2086 2122 0
351 2072 2090 0
352 250130 250171 0
353 15734 15766 0
354 250138 250158 0
355 2065 2141 0
356 2092 2153 0
357 2066 2092 0
358 2101 2136 0
359 250110 250127 0
360 63 89 0
361 15765 15775 0
362 13 85 0
363 250127 250162 0
364 250124 250145 0
365 12 77 0
366 40 64 0
367 250175 250195 0
368 250133 250194 0
369 37 94 0
370 13 81 0
371 250144 250193 0
372 250105 250200 0
373 1 40 0
374 250108 250177 0
375 250137 250183 0
376 250146 250187 0
377 31 66 0
378 250101 250131 0
379 250145 250184 0
380 250109 250181 0
381 23 57 0
382 15783 15810 0
383 500116 500167 0
384 28 75 0
385 61 80 0
386 32 55 0
387 500156 500195 0
388 500114 500170 0
389 16 57 0
390 48 89 0
391 500103 500183 0
392 500115 500191 0
393 500147 500188 0
394 500122 500195 0
395 15789 15806 0
396 8 86 0
397 3 59 0
398 15746 15770 0
399 15731 15805 0
--------------
1000000 :c
1004556 :sum(p)
999999 :sum(w)
