400 :n
id p,w,x
--------------
0 15798 15740 1
1 15776 15737 1
2 15802 15726 1
3 72 11 1
4 15801 15752 1
5 94 43 1
6 62 10 1
7 50 10 1
8 69 28 1
9 15804 15760 1
10 15788 15732 1
11 88 40 1
12 55 4 1
13 95 65 1
14 63 20 1
15 98 11 1
16 98 7 1
17 7995 7942 1
18 2152 2058 1
19 7948 7914 1
20 2127 2064 1
21 7984 7915 1
22 2133 2070 1
23 2135 2110 1
24 7953 7915 1
25 2096 2066 1
26 2086 2054 1
27 2133 2103 1
28 2147 2112 1
29 7979 7918 1
30 2135 2068 1
31 2142 2114 1
32 2131 2077 1
33 2108 2057 1
34 2128 2097 1
35 2109 2081 1
36 2132 2090 1
37 2146 2081 1
38 4105 4071 1
39 4100 4026 1
40 4065 4033 1
41 4074 4033 1
42 4061 4016 1
43 4095 4044 1
44 4092 4049 1
45 4085 4046 1
46 4101 4063 1
47 4086 4040 1
48 7980 7926 1
49 7972 7933 1
50 4065 4017 1
51 4088 4018 1
52 7977 7936 1
53 7951 7915 1
54 8011 7962 1
55 31419 31357 1
56 31447 31385 1
57 31443 31370 1
58 31438 31377 1
59 31444 31386 1
60 31447 31373 1
61 11 2 1
62 66 52 1
63 84 71 1
64 73 63 1
65 69 65 1
66 2111 2087 1
67 2102 2089 1
68 2122 2112 1
69 2105 2097 1
70 4101 4086 1
71 7948 7920 1
72 4082 4071 1
73 15809 15770 1
74 2064 2059 1
75 15776 15739 1
76 15789 15752 1
77 15784 15749 1
78 15797 15766 1
79 15815 15784 1
80 2098 2094 0
81 15817 15789 1
82 7929 7915 1
83 4089 4082 1
84 15762 15736 1
85 15767 15741 1
86 31443 31397 1
87 15797 15774 1
88 15794 15772 1
89 7979 7968 1
90 31450 31407 1
91 62700 62617 1
92 31419 31378 1
93 31406 31366 1
94 31411 31371 1
95 4020 4015 0
96 4069 4064 1
97 15795 15776 1
98 39 18 1
99 62695 62621 1
100 7971 7962 1
101 62666 62602 0
102 31401 31369 0
103 15824 15815 0
104 15815 15800 1
105 15754 15820 0
106 15760 15744 0
107 31425 31394 0
108 2063 2061 0
109 7927 7920 1
110 31400 31373 0
111 62680 62629 0
112 62685 62634 0
113 31392 31367 0
114 31433 31411 0
115 125189 125106 0
116 31402 31383 0
117 125196 125127 0
118 125170 125106 0
119 7921 7917 0
120 62655 62624 0
121 62665 62634 0
122 125181 125120 0
123 31437 31422 0
124 125157 125100 0
125 125187 125131 0
126 62632 62604 0
127 125152 125102 0
128 125197 125149 0
129 125161 125115 0
130 125156 125112 0
131 31385 31374 0
132 125146 125103 0
133 7926 7927 0
134 15743 15746 0
135 7989 7991 0
136 7926 7928 0
137 15811 15817 0
138 15771 15777 0
139 2075 2076 0
140 7945 7951 0
141 7940 7946 0
142 2131 2133 1
143 7947 7958 0
144 4077 4086 0
145 4048 4057 0
146 4080 4091 0
147 4069 4083 0
148 2070 2079 0
149 2110 2121 0
150 2067 2085 0
151 80 81 1
152 76 77 0
153 80 86 0
154 70 79 0
155 70 88 0
156 70 89 0
157 51 66 0
158 1 3 0
159 62642 62634 0
160 250198 250198 0
161 250197 250165 0
162 250185 250178 0
163 500146 500147 0
164 500193 500140 0
165 62647 62647 0
166 500173 500144 0
167 250169 250146 0
168 500148 500130 0
169 31407 31405 0
170 500188 500176 0
171 500197 500184 0
172 125156 125150 0
173 500175 500134 0
174 500153 500143 0
175 500148 500144 0
176 125169 125157 0
177 500132 500109 0
178 500120 500111 0
179 500152 500125 0
180 500161 500161 0
181 125169 125167 0
182 500178 500150 0
183 125131 125119 0
184 125118 125108 0
185 500195 500165 0
186 125147 125132 0
187 500123 500105 0
188 500197 500139 0
189 500182 500179 0
190 500178 500125 0
191 500136 500105 0
192 250153 250150 0
193 250139 250136 0
194 500172 500150 0
195 500198 500176 0
196 250194 250189 0
197 250130 250110 0
198 62662 62659 0
199 62615 62608 0
200 125153 125123 0
201 125184 125151 0
202 125191 125151 0
203 250175 250124 0
204 31399 31392 0
205 125150 125121 0
206 125171 125134 0
207 62683 62665 0
208 500196 500120 0
209 250199 250164 0
210 125177 125149 0
211 125163 125128 0
212 250190 250138 0
213 125177 125147 0
214 62619 62607 0
215 250183 250142 0
216 250187 250134 0
217 250176 250105 0
218 250176 250133 0
219 250196 250129 0
220 500170 500102 0
221 125176 125145 0
222 250150 250142 0
223 250128 250113 0
224 62657 62650 0
225 250177 250148 0
226 31357 31418 0
227 15765 15787 0
228 15758 15779 0
229 31371 31384 0
230 31359 31383 0
231 31401 31413 0
232 15753 15764 0
233 31375 31427 0
234 31351 31374 0
235 31408 31432 0
236 15732 15766 0
237 31361 31434 0
238 62602 62686 0
239 7917 7949 0
240 7944 7959 0
241 15732 15753 0
242 62693 62695 0
243 31370 31381 0
244 250130 250196 0
245 250115 250144 0
246 62607 62700 0
247 62661 62681 0
248 7926 7980 0
249 62656 62691 0
250 250138 250155 0
251 62657 62683 0
252 62652 62697 0
253 62647 62684 0
254 62656 62659 0
255 7971 7999 0
256 31351 31359 0
257 7916 7943 0
258 7936 7999 0
259 7930 7979 0
260 250120 250195 0
261 7916 7945 0
262 62621 62646 0
263 7928 8005 0
264 7922 7992 0
265 62604 62648 0
266 15786 15803 0
267 62622 62641 0
268 7955 8007 0
269 7925 7967 0
270 7924 7980 0
271 7956 8004 0
272 250126 250143 0
273 31419 31440 0
274 7944 8011 0
275 7935 7981 0
276 7952 8003 0
277 7915 7966 0
278 31351 31437 0
279 250110 250169 0
280 4036 4067 0
281 4008 4097 0
282 4012 4070 0
283 250102 250116 0
284 4007 4049 0
285 250172 250185 0
286 4052 4104 0
287 62620 62694 0
288 4066 4085 0
289 250116 250167 0
290 62651 62699 0
291 250149 250183 0
292 62628 62648 0
293 250113 250140 0
294 15773 15818 0
295 4069 4092 0
296 15770 15785 0
297 62653 62683 0
298 4029 4073 0
299 250123 250152 0
300 4009 4054 0
301 4035 4069 0
302 4015 4056 0
303 4011 4091 0
304 15786 15810 0
305 62686 62697 0
306 250161 250164 0
307 62654 62674 0
308 4064 4097 0
309 4061 4092 0
310 62638 62639 0
311 62665 62668 0
312 4067 4096 0
313 500108 500140 0
314 4025 4067 0
315 4032 4055 0
316 4008 4043 0
317 500180 500197 0
318 4045 4082 0
319 2061 2145 0
320 62601 62624 0
321 62674 62679 0
322 62601 62675 0
323 250129 250164 0
324 62602 62616 0
325 62645 62646 0
326 2058 2094 0
327 2086 2129 0
328 125125 125129 0
329 31382 31436 0
330 125114 125160 0
331 31390 31446 0
332 125171 125185 0
333 2061 2149 0
334 125113 125164 0
335 2085 2116 0
336 2065 2145 0
337 125151 125199 0
338 125126 125129 0
339 2123 2151 0
340 15750 15766 0
341 500114 500125 0
342 500128 500194 0
343 125147 125151 0
344 500133 500166 0
345 15729 15745 0
346 125116 125127 0
347 125100 125176 0
348 2076 2144 0
349 2065 2089 0
350 2077 2099 0
351 125139 125166 0
352 500112 500116 0
353 125110 125155 0
354 125158 125177 0
355 2071 2120 0
356 2095 2141 0
357 500120 500133 0
358 125141 125190 0
359 22 82 0
360 31364 31400 0
361 7 87 0
362 23 97 0
363 31426 31450 0
364 500102 500177 0
365 15791 15803 0
366 1 52 0
367 125171 125175 0
368 29 85 0
369 500170 500173 0
370 250148 250165 0
371 31395 31430 0
372 250138 250170 0
373 250170 250186 0
374 15774 15806 0
375 8 35 0
376 500157 500165 0
377 500178 500184 0
378 250144 250159 0
379 500140 500182 0
380 4 36 0
381 14 45 0
382 27 100 0
383 15735 15763 0
384 59 84 0
385 250184 250196 0
386 15761 15807 0
387 250124 250134 0
388 500143 500159 0
389 23 55 0
390 31355 31387 0
391 28 65 0
392 500112 500127 0
393 23 59 0
394 20 57 0
395 500160 500173 0
396 500151 500184 0
397 33 91 0
398 31404 31440 0
399 250113 250200 0
--------------
1000000 :c
1004051 :sum(p)
1000000 :sum(w)
