400 :n
id p,w,x
--------------
0 70 5 1
1 83 17 1
2 62 14 1
3 81 22 1
4 57 22 1
5 99 52 1
6 44 28 1
7 88 56 1
8 88 57 1
9 54 37 1
10 30 21 1
11 83 61 1
12 67 53 1
13 93 75 1
14 99 84 1
15 71 64 1
16 2150 2057 1
17 2146 2070 1
18 2126 2060 1
19 2149 2089 1
20 2149 2094 1
21 89 87 1
22 2104 2058 1
23 2119 2074 1
24 4095 4009 1
25 4103 4019 1
26 2138 2096 1
27 4101 4027 1
28 2149 2114 1
29 4071 4009 1
30 4068 4007 1
31 2099 2069 1
32 4102 4053 1
33 4072 4024 1
34 4095 4056 1
35 2125 2106 1
36 8010 7939 1
37 7980 7917 1
38 7983 7921 1
39 4088 4057 1
40 8010 7951 1
41 2071 2056 1
42 2076 2061 1
43 2111 2096 1
44 2145 2131 1
45 4038 4012 1
46 4097 4071 1
47 7999 7949 1
48 2103 2090 1
49 4061 4036 1
50 4097 4073 1
51 4031 4009 1
52 4057 4035 1
53 7978 7935 1
54 7988 7947 1
55 4032 4013 1
56 7992 7956 1
57 7976 7943 1
58 2091 2083 1
59 2109 2101 1
60 15820 15762 1
61 4101 4087 1
62 2065 2058 1
63 2094 2087 1
64 7992 7966 1
65 7978 7953 1
66 15784 15735 1
67 2066 2060 1
68 7992 7969 1
69 15797 15753 1
70 15812 15768 1
71 31437 31351 1
72 15794 15751 1
73 15797 15755 1
74 31447 31367 1
75 31441 31364 1
76 31433 31358 1
77 15811 15774 1
78 8001 7983 1
79 15803 15769 1
80 31424 31358 1
81 31427 31361 1
82 31430 31365 1
83 31439 31377 1
84 7930 7915 1
85 4056 4049 1
86 31409 31356 1
87 15779 15753 1
88 31427 31377 1
89 15792 15767 1
90 31441 31393 1
91 31448 31400 1
92 15789 15765 1
93 15815 15792 1
94 31417 31372 1
95 15756 15735 1
96 31423 31382 0
97 15751 15731 1
98 15769 15726 1
99 31394 31354 1
100 31417 31378 1
101 62699 62625 1
102 15798 15780 0
103 62700 62633 0
104 31448 31424 0
105 18 19 1
106 31389 31355 0
107 15806 15789 0
108 62671 62604 0
109 62688 62626 0
110 62694 62634 0
111 31387 31358 0
112 8004 7997 0
113 2095 2096 0
114 62649 62605 0
115 15745 15734 0
116 15782 15771 0
117 62689 62646 0
118 31398 31377 0
119 62679 62638 0
120 31406 31386 0
121 31419 31401 0
122 62682 62649 0
123 62634 62602 0
124 7945 7941 0
125 2088 2087 1
126 62661 62631 0
127 62666 62637 0
128 125186 125129 0
129 125164 125109 0
130 125191 125137 0
131 62684 62659 0
132 62653 62629 0
133 15745 15739 0
134 15806 15800 0
135 125194 125149 0
136 125148 125108 0
137 4070 4070 0
138 4035 4039 0
139 2081 2084 0
140 2120 2126 0
141 69 70 0
142 46 47 1
143 45 49 0
144 64 70 0
145 28 31 0
146 25 29 0
147 6 8 0
148 250179 250132 0
149 500169 500103 0
150 500188 500136 0
151 15815 15811 0
152 125191 125161 0
153 500189 500113 0
154 31381 31371 0
155 125121 125102 0
156 125180 125151 0
157 125182 125163 0
158 62664 62649 0
159 250165 250119 0
160 250200 250151 0
161 250187 250123 0
162 250186 250159 0
163 62625 62619 0
164 500121 500106 0
165 500200 500155 0
166 500184 500138 0
167 250187 250196 0
168 250112 250108 0
169 250121 250124 0
170 500140 500108 0
171 500194 500154 0
172 500170 500126 0
173 250175 250179 0
174 31379 31377 0
175 250198 250199 0
176 500149 500103 0
177 500127 500141 0
178 500167 500135 0
179 250176 250160 0
180 250192 250184 0
181 250196 250194 0
182 62634 62634 0
183 250120 250106 0
184 250154 250149 0
185 15754 15753 0
186 125153 125156 0
187 250165 250176 0
188 500197 500196 0
189 500159 500131 0
190 500140 500106 0
191 15747 15746 0
192 500154 500126 0
193 250122 250119 0
194 250117 250106 0
195 500149 500139 0
196 250129 250116 0
197 250160 250153 0
198 500126 500138 0
199 500139 500147 0
200 250179 250172 0
201 125181 125178 0
202 125123 125121 0
203 500183 500146 0
204 500141 500147 0
205 125112 125117 0
206 500132 500129 0
207 125137 125129 0
208 500138 500145 0
209 500148 500161 0
210 500132 500110 0
211 125157 125117 0
212 62685 62677 0
213 250147 250107 0
214 250184 250132 0
215 15747 15742 0
216 500189 500107 0
217 250156 250119 0
218 500189 500111 0
219 500177 500120 0
220 125174 125140 0
221 31374 31408 0
222 31386 31424 0
223 15726 15771 0
224 31428 31434 0
225 15802 15806 0
226 15783 15801 0
227 31384 31393 0
228 31361 31363 0
229 31378 31442 0
230 15759 15807 0
231 15745 15800 0
232 31402 31415 0
233 31359 31401 0
234 31398 31429 0
235 15806 15820 0
236 31373 31415 0
237 31381 31420 0
238 31352 31426 0
239 7979 7994 0
240 7965 7974 0
241 7966 7992 0
242 31358 31425 0
243 62619 62694 0
244 7913 7972 0
245 7978 8000 0
246 7919 7927 0
247 7960 7996 0
248 62654 62699 0
249 7915 7964 0
250 62640 62682 0
251 62641 62684 0
252 7944 7994 0
253 62603 62634 0
254 62681 62691 0
255 62613 62654 0
256 7951 8004 0
257 62611 62689 0
258 62616 62624 0
259 7956 7980 0
260 62628 62645 0
261 62680 62686 0
262 7913 7917 0
263 7948 7992 0
264 62652 62697 0
265 7923 7972 0
266 7923 7991 0
267 62608 62613 0
268 7946 7990 0
269 7935 7962 0
270 7913 7998 0
271 62619 62668 0
272 7932 8011 0
273 7957 8011 0
274 7934 7989 0
275 7914 7988 0
276 7938 7991 0
277 62601 62628 0
278 7985 7998 0
279 4038 4066 0
280 4022 4030 0
281 4079 4103 0
282 62657 62700 0
283 62619 62690 0
284 62627 62647 0
285 62628 62682 0
286 4034 4064 0
287 62655 62672 0
288 4031 4102 0
289 62639 62655 0
290 62671 62695 0
291 4026 4032 0
292 4023 4056 0
293 4062 4099 0
294 125102 125171 0
295 125147 125166 0
296 125152 125186 0
297 4034 4085 0
298 125121 125143 0
299 125121 125138 0
300 4036 4096 0
301 15739 15810 0
302 4014 4059 0
303 4020 4084 0
304 125106 125169 0
305 125103 125160 0
306 125116 125129 0
307 4027 4044 0
308 4019 4099 0
309 4041 4052 0
310 125147 125175 0
311 4019 4049 0
312 125122 125144 0
313 125139 125166 0
314 4011 4068 0
315 4016 4105 0
316 125166 125174 0
317 4015 4078 0
318 4008 4050 0
319 125105 125137 0
320 125103 125178 0
321 2076 2107 0
322 125163 125193 0
323 125132 125191 0
324 125167 125194 0
325 125157 125186 0
326 125120 125159 0
327 15729 15825 0
328 2090 2097 0
329 2108 2121 0
330 2059 2110 0
331 125114 125120 0
332 125142 125181 0
333 125142 125163 0
334 125145 125174 0
335 2078 2145 0
336 125127 125147 0
337 250139 250154 0
338 31414 31425 0
339 250163 250200 0
340 2109 2116 0
341 2090 2121 0
342 2095 2131 0
343 2069 2087 0
344 2057 2084 0
345 2089 2124 0
346 250129 250184 0
347 2134 2144 0
348 2086 2108 0
349 15776 15778 0
350 250109 250159 0
351 2084 2132 0
352 250135 250190 0
353 250112 250153 0
354 2056 2114 0
355 250160 250187 0
356 250118 250132 0
357 250134 250180 0
358 250103 250123 0
359 31388 31404 0
360 250152 250165 0
361 250108 250152 0
362 15766 15823 0
363 250137 250150 0
364 250118 250164 0
365 250131 250159 0
366 15727 15778 0
367 31390 31407 0
368 250148 250173 0
369 500101 500179 0
370 19 48 0
371 11 59 0
372 500106 500130 0
373 500121 500162 0
374 6 82 0
375 500116 500157 0
376 500107 500155 0
377 3 19 0
378 62 99 0
379 66 91 0
380 500115 500150 0
381 50 76 0
382 51 80 0
383 50 83 0
384 500142 500171 0
385 46 91 0
386 62 88 0
387 500107 500183 0
388 500129 500151 0
389 500131 500183 0
390 15793 15801 0
391 500110 500190 0
392 24 79 0
393 55 67 0
394 18 75 0
395 15736 15821 0
396 500124 500151 0
397 38 74 0
398 15755 15816 0
399 15734 15767 0
--------------
1000000 :c
1003968 :sum(p)
1000000 :sum(w)
