400 :n
id p,w,x
--------------
0 84 27 1
1 99 47 1
2 15820 15753 1
3 74 15 1
4 8003 7920 1
5 7994 7924 1
6 8010 7918 1
7 55 3 1
8 8004 7954 1
9 7987 7932 1
10 8009 7929 1
11 7979 7919 1
12 7995 7938 1
13 8002 7928 1
14 97 15 1
15 7996 7933 1
16 4099 4009 1
17 83 12 1
18 93 10 1
19 65 14 1
20 2146 2069 1
21 2126 2075 1
22 60 4 1
23 2123 2081 1
24 2108 2062 1
25 84 30 1
26 15817 15764 1
27 2138 2062 1
28 4062 4008 1
29 4098 4038 1
30 2121 2057 1
31 2114 2075 1
32 4105 4024 1
33 2111 2064 1
34 16 4 1
35 74 38 1
36 71 41 1
37 69 41 1
38 79 48 1
39 93 59 1
40 74 48 1
41 69 47 1
42 79 59 1
43 40 31 1
44 52 41 1
45 24 21 1
46 2098 2062 1
47 2106 2078 1
48 2126 2098 1
49 98 97 1
50 2102 2082 1
51 4062 4026 1
52 4103 4067 1
53 4066 4032 1
54 4038 4008 1
55 4061 4031 1
56 4048 4022 1
57 4070 4044 1
58 4033 4013 1
59 4101 4081 1
60 4082 4063 1
61 7958 7921 1
62 4089 4073 1
63 2089 2081 1
64 8007 7977 1
65 7998 7972 1
66 7953 7928 1
67 15793 15747 1
68 8007 7985 1
69 4104 4093 1
70 7992 7971 1
71 8000 7979 1
72 7987 7967 1
73 4031 4021 1
74 7970 7952 1
75 4026 4018 1
76 15821 15790 1
77 31426 31365 1
78 31416 31360 1
79 7960 7946 1
80 15788 15762 1
81 15769 15744 1
82 31404 31356 1
83 31444 31396 1
84 4055 4049 1
85 2096 2093 1
86 31396 31352 1
87 15776 15755 1
88 15795 15774 1
89 4024 4019 1
90 62690 62615 1
91 4024 4009 1
92 87 25 1
93 62687 62614 1
94 15810 15793 1
95 31417 31384 0
96 62700 62638 1
97 62680 62606 1
98 31390 31357 1
99 15773 15755 1
100 31435 31406 1
101 62680 62624 1
102 7924 7917 1
103 62697 62652 0
104 31424 31399 0
105 125195 125114 0
106 62675 62621 0
107 7957 7951 1
108 31419 31397 0
109 4102 4104 0
110 125189 125104 0
111 15731 15727 0
112 62685 62643 0
113 31400 31379 0
114 15736 15759 0
115 15794 15821 0
116 62682 62642 0
117 7993 7988 1
118 62673 62634 0
119 62653 62617 0
120 31399 31382 0
121 2139 2138 1
122 62670 62641 0
123 62630 62602 0
124 62682 62656 0
125 62693 62668 0
126 250200 250102 0
127 62688 62665 0
128 125184 125140 0
129 62666 62645 0
130 31382 31372 0
131 31399 31390 0
132 125194 125159 0
133 62650 62633 0
134 125185 125155 0
135 125152 125123 0
136 62697 62683 0
137 31396 31389 0
138 125153 125126 0
139 125173 125147 0
140 125174 125151 0
141 125169 125152 0
142 15788 15786 0
143 125119 125107 0
144 31442 31439 0
145 31434 31432 0
146 31388 31387 0
147 8002 8002 1
148 7922 7922 0
149 15751 15751 0
150 68 68 1
151 8004 8005 0
152 15726 15731 0
153 8008 8011 0
154 2151 2152 1
155 2109 2110 0
156 7995 8001 0
157 15768 15781 0
158 7935 7942 0
159 2124 2127 0
160 4065 4072 0
161 2135 2139 0
162 4013 4021 0
163 7931 7947 0
164 7967 7984 0
165 7977 7995 0
166 2083 2088 0
167 2120 2127 0
168 4084 4102 0
169 2110 2121 0
170 2079 2090 0
171 2093 2105 0
172 2062 2075 0
173 2092 2106 0
174 2115 2137 0
175 2091 2113 0
176 81 88 0
177 64 71 0
178 43 53 0
179 43 64 0
180 42 66 0
181 15 24 0
182 19 43 0
183 5 30 0
184 500141 500158 0
185 500134 500142 0
186 500108 500141 0
187 500135 500126 0
188 250171 250169 0
189 125119 125128 0
190 125103 125102 0
191 250136 250124 0
192 125121 125113 0
193 250116 250127 0
194 125142 125134 0
195 250142 250157 0
196 250154 250163 0
197 125144 125141 0
198 125138 125134 0
199 500117 500115 0
200 62680 62679 0
201 125145 125138 0
202 250183 250188 0
203 250154 250165 0
204 125148 125159 0
205 250171 250174 0
206 250173 250183 0
207 250195 250182 0
208 500187 500155 0
209 250148 250134 0
210 250198 250193 0
211 250113 250112 0
212 250108 250129 0
213 500176 500170 0
214 500162 500181 0
215 500110 500136 0
216 500148 500135 0
217 500125 500167 0
218 250177 250111 0
219 500185 500101 0
220 250192 250151 0
221 250176 250123 0
222 500170 500106 0
223 250153 250131 0
224 250187 250153 0
225 250180 250149 0
226 500179 500134 0
227 500197 500115 0
228 500198 500125 0
229 250168 250135 0
230 500197 500149 0
231 500179 500127 0
232 500179 500110 0
233 500185 500106 0
234 250179 250157 0
235 500192 500107 0
236 500197 500104 0
237 500192 500110 0
238 250177 250143 0
239 500114 500158 0
240 500150 500124 0
241 500133 500172 0
242 500127 500173 0
243 500130 500131 0
244 500166 500192 0
245 500125 500151 0
246 500151 500141 0
247 500132 500127 0
248 250181 250159 0
249 125138 125144 0
250 125154 125160 0
251 31374 31420 0
252 31356 31420 0
253 31376 31384 0
254 31359 31420 0
255 31374 31432 0
256 7958 8000 0
257 31392 31396 0
258 31372 31448 0
259 7960 7989 0
260 7964 7998 0
261 31410 31416 0
262 31417 31439 0
263 31423 31443 0
264 31368 31447 0
265 31359 31442 0
266 31376 31437 0
267 31367 31429 0
268 31356 31417 0
269 7961 8002 0
270 31378 31423 0
271 7957 8011 0
272 31360 31435 0
273 31369 31416 0
274 31391 31429 0
275 7976 7997 0
276 31353 31438 0
277 31400 31418 0
278 62644 62674 0
279 4071 4095 0
280 4048 4100 0
281 62661 62673 0
282 62654 62669 0
283 4050 4094 0
284 62611 62689 0
285 62624 62654 0
286 4033 4091 0
287 62632 62685 0
288 62637 62694 0
289 62659 62695 0
290 62632 62640 0
291 62636 62643 0
292 4008 4068 0
293 15783 15824 0
294 4018 4103 0
295 31421 31441 0
296 62603 62649 0
297 4009 4052 0
298 4014 4091 0
299 62633 62651 0
300 4054 4090 0
301 62633 62688 0
302 500151 500198 0
303 4023 4097 0
304 62667 62681 0
305 7956 7992 0
306 62647 62678 0
307 4014 4079 0
308 62627 62691 0
309 62672 62700 0
310 4021 4059 0
311 4028 4085 0
312 62641 62690 0
313 62658 62668 0
314 62639 62648 0
315 4016 4065 0
316 125106 125166 0
317 125100 125175 0
318 4076 4101 0
319 125119 125160 0
320 125128 125194 0
321 15731 15752 0
322 125150 125185 0
323 2077 2112 0
324 125106 125152 0
325 125103 125138 0
326 125132 125173 0
327 7941 7962 0
328 2089 2141 0
329 15778 15797 0
330 15740 15811 0
331 15735 15813 0
332 125137 125175 0
333 2064 2152 0
334 15746 15773 0
335 2062 2132 0
336 15729 15778 0
337 2084 2140 0
338 2099 2125 0
339 2082 2132 0
340 125120 125139 0
341 125114 125175 0
342 15749 15800 0
343 15734 15823 0
344 15756 15811 0
345 15726 15798 0
346 125100 125189 0
347 2070 2119 0
348 2073 2125 0
349 125131 125145 0
350 125140 125169 0
351 2056 2121 0
352 125176 125198 0
353 2061 2108 0
354 125164 125179 0
355 15727 15794 0
356 15744 15814 0
357 2109 2135 0
358 125109 125134 0
359 9 81 0
360 15744 15773 0
361 125137 125187 0
362 125106 125146 0
363 250155 250197 0
364 15740 15782 0
365 30 94 0
366 250111 250141 0
367 15748 15800 0
368 15750 15812 0
369 250137 250176 0
370 250141 250173 0
371 250122 250153 0
372 15739 15760 0
373 250123 250156 0
374 250110 250196 0
375 250117 250158 0
376 250128 250166 0
377 250125 250190 0
378 40 93 0
379 15762 15802 0
380 15736 15811 0
381 250161 250197 0
382 250104 250165 0
383 250121 250164 0
384 250142 250186 0
385 15748 15768 0
386 250105 250180 0
387 500130 500198 0
388 500131 500194 0
389 10 38 0
390 500130 500180 0
391 500135 500185 0
392 500113 500188 0
393 500108 500192 0
394 44 96 0
395 1 69 0
396 8 38 0
397 500121 500180 0
398 15778 15821 0
399 15753 15777 0
--------------
1000000 :c
1004059 :sum(p)
999999 :sum(w)
