400 :n
id p,w,x
--------------
0 2145 2092 1
1 2152 2068 1
2 60 27 1
3 98 68 1
4 62 35 1
5 63 21 1
6 73 66 1
7 81 4 1
8 89 64 1
9 17 7 1
10 70 7 1
11 77 51 1
12 32 19 1
13 41 35 1
14 2118 2067 1
15 2141 2060 1
16 27 21 1
17 89 35 1
18 4101 4008 1
19 32 22 1
20 46 14 1
21 53 19 1
22 88 8 1
23 81 25 1
24 4093 4025 1
25 77 7 1
26 2123 2082 1
27 2140 2073 1
28 2120 2076 1
29 2127 2075 1
30 2111 2065 1
31 2139 2066 1
32 31421 31354 1
33 4090 4046 1
34 2076 2061 1
35 15801 15755 1
36 2091 2076 1
37 4059 4012 1
38 15798 15743 1
39 15804 15750 1
40 4050 4009 1
41 15809 15734 1
42 15823 15763 1
43 4093 4045 1
44 31447 31357 1
45 7979 7918 1
46 4094 4076 1
47 15824 15742 1
48 4094 4030 1
49 7975 7927 1
50 15788 15736 1
51 8012 7964 1
52 15810 15746 1
53 2093 2068 1
54 4069 4014 1
55 8011 7974 1
56 2153 2124 1
57 7968 7932 1
58 31445 31359 1
59 4046 4032 1
60 4096 4081 1
61 2138 2115 1
62 4100 4052 1
63 4049 4028 1
64 7961 7923 1
65 7947 7917 1
66 7992 7919 1
67 2080 2054 1
68 4075 4041 1
69 4075 4018 1
70 8004 7976 1
71 8009 7971 1
72 8011 7920 1
73 7967 7920 1
74 7959 7931 1
75 15788 15752 1
76 31433 31382 1
77 15820 15779 1
78 31436 31369 1
79 72 69 1
80 2142 2133 1
81 2143 2134 1
82 2078 2071 1
83 2079 2072 1
84 7936 7916 1
85 7950 7931 1
86 7979 7960 1
87 7968 7951 1
88 15797 15764 1
89 4051 4043 0
90 7990 7975 1
91 4084 4077 1
92 7959 7946 1
93 15788 15763 1
94 31437 31388 1
95 31437 31389 1
96 7943 7931 1
97 31414 31368 1
98 31407 31365 1
99 31442 31400 1
100 31444 31404 1
101 7946 7936 1
102 15808 15789 1
103 62677 62613 1
104 67 63 1
105 31400 31366 1
106 4043 4009 1
107 62687 62623 1
108 15757 15741 1
109 15741 15728 0
110 62697 62680 0
111 8002 8009 0
112 26 27 0
113 31394 31363 0
114 2060 2058 0
115 62687 62629 0
116 31381 31353 0
117 31379 31354 0
118 7922 7916 0
119 7982 7976 0
120 4043 4040 0
121 62649 62614 0
122 15754 15746 0
123 62679 62648 0
124 62689 62659 0
125 62653 62624 0
126 31376 31362 0
127 15738 15731 0
128 15778 15771 0
129 62684 62657 0
130 4047 4046 0
131 20 20 1
132 2111 2112 0
133 75 80 0
134 78 84 0
135 23 25 1
136 60 67 0
137 31 38 0
138 125158 125118 0
139 15733 15727 0
140 125161 125124 0
141 15735 15729 0
142 31384 31374 0
143 31376 31366 0
144 125153 125113 0
145 125160 125119 0
146 250185 250109 0
147 31388 31379 0
148 62650 62627 0
149 31402 31393 0
150 125189 125134 0
151 15823 15821 0
152 62696 62685 0
153 62625 62614 0
154 62675 62661 0
155 62634 62626 0
156 62631 62624 0
157 500181 500126 0
158 62633 62624 0
159 125165 125131 0
160 125135 125110 0
161 125156 125122 0
162 125168 125136 0
163 125142 125109 0
164 250154 250117 0
165 250167 250105 0
166 250188 250144 0
167 250190 250131 0
168 500197 500131 0
169 31439 31434 0
170 250166 250133 0
171 250175 250116 0
172 15731 15727 0
173 500198 500129 0
174 500198 500121 0
175 31436 31432 0
176 500195 500103 0
177 31370 31362 0
178 125163 125136 0
179 62641 62632 0
180 62643 62630 0
181 62636 62625 0
182 31435 31433 0
183 500179 500134 0
184 500152 500110 0
185 500188 500135 0
186 500138 500108 0
187 62623 62619 0
188 500198 500144 0
189 500160 500124 0
190 500172 500139 0
191 125163 125151 0
192 125158 125152 0
193 250181 250160 0
194 250178 250167 0
195 250126 250104 0
196 250199 250182 0
197 500172 500142 0
198 250186 250172 0
199 500196 500152 0
200 125111 125101 0
201 31397 31395 0
202 31427 31426 0
203 500159 500132 0
204 125184 125124 0
205 125186 125105 0
206 31422 31440 0
207 31368 31396 0
208 31401 31403 0
209 62603 62667 0
210 500121 500106 0
211 15748 15762 0
212 62631 62682 0
213 62612 62636 0
214 62649 62679 0
215 62650 62667 0
216 62658 62691 0
217 62625 62672 0
218 62618 62665 0
219 62642 62643 0
220 62655 62668 0
221 62631 62636 0
222 62625 62643 0
223 62681 62690 0
224 62609 62686 0
225 62668 62667 0
226 62645 62700 0
227 62627 62633 0
228 125152 125191 0
229 125127 125143 0
230 15775 15777 0
231 125126 125157 0
232 125182 125185 0
233 125141 125187 0
234 125130 125148 0
235 125135 125145 0
236 125139 125136 0
237 125128 125196 0
238 125114 125150 0
239 125111 125133 0
240 125100 125122 0
241 125106 125162 0
242 125129 125173 0
243 125134 125180 0
244 125171 125178 0
245 125132 125164 0
246 31379 31405 0
247 125103 125189 0
248 125145 125187 0
249 125119 125183 0
250 125106 125116 0
251 125193 125192 0
252 125150 125174 0
253 250101 250168 0
254 250125 250179 0
255 7921 7924 0
256 250151 250166 0
257 250164 250168 0
258 250141 250166 0
259 250109 250111 0
260 250137 250179 0
261 250155 250152 0
262 250171 250173 0
263 15777 15778 0
264 250106 250178 0
265 250116 250177 0
266 250132 250196 0
267 250103 250124 0
268 250121 250188 0
269 250166 250173 0
270 250170 250189 0
271 250111 250159 0
272 250112 250151 0
273 250103 250150 0
274 250160 250193 0
275 250105 250189 0
276 250178 250184 0
277 7994 8002 0
278 250146 250168 0
279 250141 250171 0
280 250140 250145 0
281 250123 250119 0
282 250162 250183 0
283 250121 250139 0
284 500112 500107 0
285 500155 500181 0
286 500127 500154 0
287 500107 500183 0
288 500152 500156 0
289 500164 500179 0
290 500167 500188 0
291 500142 500139 0
292 500168 500165 0
293 500179 500178 0
294 500159 500179 0
295 500151 500185 0
296 500152 500137 0
297 500158 500145 0
298 500140 500196 0
299 500200 500185 0
300 500161 500173 0
301 500149 500190 0
302 500140 500196 0
303 500189 500199 0
304 500117 500150 0
305 500160 500147 0
306 500113 500104 0
307 500104 500158 0
308 62658 62674 0
309 31402 31427 0
310 31387 31412 0
311 15821 15815 0
312 31432 31419 0
313 125145 125104 0
314 31443 31431 0
315 31450 31441 0
316 4056 4098 0
317 4038 4097 0
318 4065 4079 0
319 4080 4093 0
320 4031 4071 0
321 4064 4092 0
322 4035 4082 0
323 4014 4046 0
324 2131 2143 0
325 2106 2142 0
326 2065 2094 0
327 2112 2133 0
328 4042 4063 0
329 4017 4030 0
330 2063 2148 0
331 2100 2122 0
332 2124 2138 0
333 4065 4099 0
334 4013 4075 0
335 4015 4034 0
336 7913 7997 0
337 7928 7948 0
338 2064 2073 0
339 2061 2149 0
340 7968 8004 0
341 7917 7964 0
342 2096 2153 0
343 2084 2115 0
344 2063 2139 0
345 7979 8005 0
346 2055 2104 0
347 7983 8011 0
348 2057 2111 0
349 7928 7967 0
350 7945 8012 0
351 7917 7935 0
352 7929 8009 0
353 2108 2130 0
354 2125 2138 0
355 7989 8011 0
356 2100 2116 0
357 7964 7977 0
358 2100 2126 0
359 33 80 0
360 7961 7977 0
361 7918 8011 0
362 54 90 0
363 15732 15787 0
364 4035 4099 0
365 15736 15762 0
366 15727 15770 0
367 15776 15815 0
368 15726 15803 0
369 15758 15808 0
370 15756 15791 0
371 15 35 0
372 15750 15803 0
373 82 91 0
374 15732 15758 0
375 24 97 0
376 56 88 0
377 15763 15818 0
378 15742 15777 0
379 15803 15825 0
380 15727 15751 0
381 4035 4081 0
382 15 70 0
383 4061 4095 0
384 15752 15772 0
385 31395 31448 0
386 31370 31421 0
387 4032 4102 0
388 28 65 0
389 13 99 0
390 31391 31442 0
391 31392 31433 0
392 31354 31408 0
393 24 34 0
394 4049 4071 0
395 62611 62698 0
396 62605 62692 0
397 36 45 0
398 4032 4092 0
399 4084 4090 0
--------------
1000000 :c
1004346 :sum(p)
999999 :sum(w)
