400 :n
id p,w,x
--------------
0 2137 2078 1
1 2136 2061 1
2 4099 4027 1
3 92 42 1
4 15810 15746 1
5 15808 15740 1
6 15821 15736 1
7 8007 7932 1
8 8004 7917 1
9 7978 7914 1
10 73 12 1
11 2152 2106 1
12 7983 7917 1
13 88 53 1
14 7993 7951 1
15 15815 15749 1
16 2152 2109 1
17 7983 7927 1
18 86 23 1
19 7982 7931 1
20 8010 7915 1
21 2103 2058 1
22 7977 7925 1
23 58 23 1
24 4082 4015 1
25 7968 7918 1
26 71 27 1
27 2141 2067 1
28 2127 2071 1
29 2135 2093 1
30 7987 7918 1
31 4098 4034 1
32 55 4 1
33 2136 2075 1
34 7991 7949 1
35 7999 7955 1
36 4093 4013 1
37 4063 4026 1
38 15 2 1
39 36 16 1
40 63 40 1
41 75 48 1
42 85 61 1
43 79 57 1
44 72 58 1
45 55 45 1
46 52 43 1
47 85 74 1
48 16 14 1
49 59 55 1
50 40 38 0
51 52 50 1
52 96 94 0
53 2126 2098 1
54 2101 2075 1
55 2140 2115 1
56 2110 2088 1
57 4094 4061 1
58 4106 4073 1
59 4040 4009 1
60 2146 2132 1
61 2113 2102 1
62 8001 7963 1
63 4040 4021 1
64 4094 4075 1
65 4027 4010 1
66 4085 4068 1
67 4067 4052 1
68 4092 4077 1
69 7982 7954 1
70 7953 7926 1
71 7978 7951 1
72 15792 15741 1
73 4055 4042 1
74 4069 4058 1
75 31433 31352 1
76 15825 15793 1
77 7977 7961 1
78 15776 15747 1
79 31441 31384 1
80 31435 31379 1
81 4060 4053 1
82 4061 4054 1
83 31442 31388 1
84 2136 2107 1
85 8000 7989 1
86 7993 7983 1
87 31433 31395 1
88 62683 62612 1
89 62668 62603 1
90 31448 31416 1
91 2071 2062 1
92 7943 7933 1
93 62688 62630 1
94 62696 62634 1
95 7987 7979 1
96 62694 62603 1
97 31420 31389 1
98 15772 15733 1
99 31382 31355 1
100 31401 31376 0
101 4065 4062 1
102 31446 31435 0
103 15808 15816 0
104 4043 4041 1
105 7991 7987 1
106 125180 125100 0
107 125183 125107 0
108 8011 8012 0
109 62692 62654 0
110 62698 62660 0
111 31389 31370 0
112 62697 62662 0
113 125198 125131 0
114 62676 62635 0
115 25 98 0
116 62656 62615 0
117 125183 125123 0
118 62674 62644 0
119 31412 31397 0
120 125174 125122 0
121 62643 62617 0
122 62641 62617 0
123 62679 62657 0
124 31388 31377 0
125 250185 250106 0
126 250191 250118 0
127 250199 250133 0
128 62684 62668 0
129 7990 7988 1
130 125136 125105 0
131 4083 4082 0
132 250169 250108 0
133 62672 62657 0
134 125149 125123 0
135 250169 250122 0
136 500197 500108 0
137 500198 500110 0
138 125197 125175 0
139 62699 62688 0
140 500190 500106 0
141 125122 125101 0
142 125147 125127 0
143 125178 125158 0
144 125138 125119 0
145 500182 500108 0
146 125146 125128 0
147 62670 62661 0
148 250189 250155 0
149 250177 250145 0
150 62648 62640 0
151 62668 62660 0
152 15783 15781 0
153 250182 250156 0
154 500165 500114 0
155 500191 500140 0
156 250148 250124 0
157 250176 250152 0
158 500186 500144 0
159 250140 250120 0
160 125110 125100 0
161 125132 125122 0
162 125179 125169 0
163 125193 125183 0
164 250137 250118 0
165 500195 500158 0
166 500149 500119 0
167 500152 500124 0
168 125164 125157 0
169 500135 500111 0
170 250193 250182 0
171 500176 500156 0
172 125176 125172 0
173 62618 62616 0
174 250148 250142 0
175 500176 500166 0
176 250117 250112 0
177 125110 125108 0
178 500138 500131 0
179 500179 500174 0
180 250114 250112 0
181 125141 125140 0
182 500175 500172 0
183 500185 500182 0
184 500132 500130 0
185 125198 125198 0
186 125117 125117 0
187 15773 15773 0
188 19 19 0
189 250189 250189 0
190 62674 62674 0
191 250181 250183 0
192 250153 250155 0
193 250144 250146 0
194 500112 500118 0
195 500164 500171 0
196 125152 125154 0
197 125102 125104 0
198 250173 250177 0
199 500147 500155 0
200 250143 250148 0
201 500111 500121 0
202 500112 500123 0
203 500111 500123 0
204 62638 62640 0
205 125183 125187 0
206 125177 125181 0
207 500115 500134 0
208 250178 250188 0
209 250189 250200 0
210 250162 250173 0
211 62682 62685 0
212 125144 125150 0
213 250159 250172 0
214 500111 500138 0
215 250142 250157 0
216 31406 31408 0
217 500107 500139 0
218 500161 500198 0
219 500130 500169 0
220 250158 250178 0
221 250117 250137 0
222 500132 500172 0
223 500117 500157 0
224 500116 500156 0
225 250122 250143 0
226 500145 500192 0
227 500135 500183 0
228 15770 15772 0
229 4046 4047 0
230 4042 4043 0
231 7976 7978 0
232 7976 7979 0
233 2072 2073 1
234 4049 4052 0
235 4071 4077 0
236 2077 2081 0
237 4078 4092 0
238 2115 2124 0
239 2068 2077 0
240 2058 2069 0
241 2054 2065 0
242 2105 2118 0
243 2092 2105 0
244 2081 2094 0
245 2098 2112 0
246 43 44 0
247 87 92 0
248 91 97 0
249 86 93 0
250 61 77 0
251 45 60 0
252 15 28 0
253 4 20 0
254 7944 7998 0
255 7927 7972 0
256 7941 7972 0
257 15741 15772 0
258 15751 15813 0
259 7914 7941 0
260 7930 7960 0
261 15798 15812 0
262 15734 15763 0
263 500109 500158 0
264 7925 7999 0
265 7942 7965 0
266 31369 31394 0
267 31398 31441 0
268 7934 7975 0
269 7925 7942 0
270 31406 31445 0
271 31425 31444 0
272 7922 8000 0
273 7935 7963 0
274 31386 31423 0
275 31365 31445 0
276 7969 8004 0
277 31359 31432 0
278 31370 31407 0
279 31365 31444 0
280 4011 4059 0
281 4041 4100 0
282 4018 4054 0
283 31367 31405 0
284 15747 15779 0
285 15775 15814 0
286 31389 31428 0
287 4017 4056 0
288 4060 4083 0
289 31397 31446 0
290 15728 15778 0
291 31367 31410 0
292 31355 31391 0
293 15735 15797 0
294 31355 31429 0
295 31352 31383 0
296 31352 31406 0
297 4065 4100 0
298 31367 31396 0
299 4044 4074 0
300 4071 4090 0
301 15770 15814 0
302 4010 4028 0
303 31351 31401 0
304 31361 31408 0
305 31355 31397 0
306 31411 31420 0
307 31389 31417 0
308 31412 31449 0
309 31379 31431 0
310 4033 4081 0
311 31353 31374 0
312 62681 62691 0
313 62610 62670 0
314 4019 4056 0
315 4036 4066 0
316 4022 4103 0
317 62627 62667 0
318 4067 4091 0
319 2091 2147 0
320 15788 15796 0
321 62601 62665 0
322 15759 15774 0
323 2071 2127 0
324 15747 15822 0
325 2076 2113 0
326 15751 15794 0
327 2076 2137 0
328 62665 62676 0
329 62651 62690 0
330 62637 62670 0
331 15729 15772 0
332 62638 62662 0
333 62634 62646 0
334 62631 62697 0
335 62602 62678 0
336 2089 2147 0
337 62645 62688 0
338 15800 15818 0
339 62604 62670 0
340 2107 2134 0
341 7936 7950 0
342 15787 15824 0
343 2070 2141 0
344 2073 2138 0
345 2079 2144 0
346 15756 15795 0
347 62602 62661 0
348 62642 62692 0
349 2058 2131 0
350 62630 62648 0
351 2089 2143 0
352 2063 2081 0
353 125128 125183 0
354 125108 125139 0
355 2102 2134 0
356 15735 15810 0
357 125126 125141 0
358 125128 125192 0
359 15773 15783 0
360 15747 15798 0
361 125171 125187 0
362 125144 125168 0
363 125143 125176 0
364 125112 125159 0
365 26 79 0
366 18 45 0
367 125129 125162 0
368 125104 125192 0
369 125110 125190 0
370 125121 125167 0
371 250120 250162 0
372 250118 250197 0
373 7 36 0
374 15731 15812 0
375 250127 250184 0
376 250138 250184 0
377 15742 15775 0
378 250134 250165 0
379 5 73 0
380 250101 250183 0
381 250133 250167 0
382 250137 250200 0
383 250146 250171 0
384 15770 15794 0
385 15728 15794 0
386 250114 250175 0
387 11 63 0
388 15788 15796 0
389 500129 500183 0
390 15 65 0
391 500116 500196 0
392 500135 500194 0
393 45 65 0
394 15749 15760 0
395 500137 500193 0
396 500103 500181 0
397 67 88 0
398 15735 15781 0
399 15763 15782 0
--------------
1000000 :c
1003873 :sum(p)
999996 :sum(w)
