400 :n
id p,w,x
--------------
0 7995 7925 1
1 2099 2061 1
2 67 4 1
3 8012 7929 1
4 4075 4044 1
5 65 46 1
6 4047 4028 1
7 81 3 1
8 2150 2095 1
9 4105 4029 1
10 4094 4047 1
11 2152 2100 1
12 4101 4072 1
13 55 8 1
14 4081 4038 1
15 92 34 1
16 4044 4020 1
17 4095 4022 1
18 4094 4071 1
19 2139 2106 1
20 4092 4035 1
21 4075 4039 1
22 4097 4045 1
23 2122 2084 1
24 7992 7925 1
25 4093 4059 1
26 2145 2131 1
27 87 65 1
28 2134 2059 1
29 2146 2065 1
30 4038 4020 1
31 2151 2093 1
32 8007 7956 1
33 2112 2055 1
34 33 12 1
35 2140 2117 1
36 2150 2091 1
37 8010 7973 1
38 2087 2068 1
39 2150 2064 1
40 86 35 1
41 78 52 1
42 2137 2093 1
43 67 2 1
44 2120 2054 1
45 2127 2102 1
46 4082 4036 1
47 64 27 1
48 2089 2072 1
49 2135 2085 1
50 47 17 1
51 7995 7924 1
52 55 25 1
53 70 42 1
54 7941 7913 1
55 8004 7973 1
56 15822 15764 1
57 15814 15749 1
58 4051 4034 1
59 8004 7976 1
60 7975 7945 1
61 7997 7964 1
62 44 37 1
63 79 71 1
64 100 95 1
65 61 60 1
66 2067 2057 1
67 4064 4050 1
68 4065 4051 1
69 2094 2087 1
70 15790 15740 1
71 15807 15759 1
72 15812 15769 1
73 15769 15727 1
74 7991 7970 1
75 7960 7941 1
76 31428 31354 1
77 31442 31371 1
78 15783 15748 1
79 4081 4072 1
80 31427 31361 1
81 7971 7955 1
82 8010 7994 1
83 31438 31378 1
84 2122 2118 1
85 31437 31378 1
86 15763 15735 1
87 15793 15767 1
88 7981 7968 1
89 31422 31371 1
90 7943 7931 1
91 62692 62612 1
92 15780 15760 1
93 4089 4084 0
94 15762 15743 1
95 31425 31388 1
96 7945 7936 0
97 62681 62618 1
98 4015 4011 0
99 4081 4077 1
100 31448 31420 1
101 15750 15736 0
102 37 8 1
103 62681 62611 1
104 62698 62637 1
105 62660 62606 1
106 31441 31416 0
107 62697 62682 0
108 15824 15822 0
109 34 82 0
110 15804 15792 0
111 31392 31369 0
112 125189 125100 0
113 62647 62609 0
114 125184 125115 0
115 125181 125113 0
116 125187 125123 0
117 125193 125130 0
118 62681 62651 0
119 62679 62653 0
120 31364 31351 0
121 31369 31356 0
122 31411 31398 0
123 125161 125111 0
124 125153 125106 0
125 125165 125118 0
126 125186 125142 0
127 31377 31366 0
128 125175 125133 0
129 15813 15808 0
130 62680 62661 0
131 125151 125115 0
132 62628 62610 0
133 62692 62674 0
134 31369 31360 0
135 250172 250101 0
136 250169 250104 0
137 31418 31410 0
138 15757 15753 0
139 125158 125127 0
140 250180 250119 0
141 4102 4101 0
142 250157 250105 0
143 250163 250112 0
144 15733 15730 0
145 15747 15744 0
146 125149 125126 0
147 500188 500102 0
148 500200 500115 0
149 250155 250113 0
150 250199 250162 0
151 500191 500119 0
152 250144 250109 0
153 500170 500102 0
154 500187 500119 0
155 62654 62646 0
156 15818 15816 0
157 250171 250140 0
158 500196 500144 0
159 500175 500124 0
160 250136 250111 0
161 250179 250154 0
162 250194 250169 0
163 500187 500139 0
164 125185 125173 0
165 250151 250128 0
166 500181 500136 0
167 500158 500116 0
168 500166 500124 0
169 500188 500148 0
170 250160 250140 0
171 500186 500148 0
172 500177 500140 0
173 500174 500138 0
174 125124 125115 0
175 250178 250161 0
176 25 25 0
177 31 31 0
178 4090 4090 0
179 7957 7958 0
180 2084 2086 0
181 4096 4100 0
182 2144 2147 0
183 81 83 1
184 65 67 0
185 10 11 0
186 39 44 0
187 18 21 0
188 31399 31438 0
189 31419 31435 0
190 500199 500167 0
191 62677 62691 0
192 31353 31408 0
193 31377 31408 0
194 31387 31389 0
195 31418 31422 0
196 62601 62604 0
197 62628 62650 0
198 62659 62676 0
199 62611 62693 0
200 15799 15814 0
201 15758 15763 0
202 15763 15768 0
203 62608 62618 0
204 31377 31399 0
205 62667 62688 0
206 62619 62621 0
207 15743 15765 0
208 15769 15797 0
209 62620 62674 0
210 62646 62651 0
211 62616 62667 0
212 62635 62682 0
213 62617 62694 0
214 15742 15745 0
215 62619 62663 0
216 62682 62700 0
217 62659 62680 0
218 62636 62635 0
219 62642 62652 0
220 62618 62681 0
221 62647 62652 0
222 15803 15819 0
223 62651 62658 0
224 62607 62603 0
225 62646 62675 0
226 62661 62669 0
227 62664 62698 0
228 62621 62647 0
229 15760 15759 0
230 62614 62638 0
231 125189 125193 0
232 125140 125144 0
233 125124 125195 0
234 15735 15749 0
235 125103 125155 0
236 31384 31412 0
237 125116 125174 0
238 125109 125149 0
239 125128 125186 0
240 125146 125178 0
241 125111 125121 0
242 125105 125170 0
243 125152 125180 0
244 125151 125171 0
245 125139 125174 0
246 125138 125192 0
247 7924 7927 0
248 125122 125191 0
249 125139 125145 0
250 125102 125135 0
251 125142 125158 0
252 31374 31398 0
253 125148 125167 0
254 125133 125147 0
255 125153 125145 0
256 125139 125149 0
257 7939 7946 0
258 125108 125191 0
259 125144 125189 0
260 125124 125189 0
261 250110 250195 0
262 7948 7955 0
263 250141 250141 0
264 250192 250185 0
265 250180 250174 0
266 250135 250181 0
267 250187 250190 0
268 250133 250173 0
269 250106 250131 0
270 250111 250128 0
271 31403 31413 0
272 250168 250166 0
273 250149 250198 0
274 250155 250177 0
275 250136 250139 0
276 250169 250191 0
277 250145 250156 0
278 250130 250119 0
279 250181 250181 0
280 250135 250196 0
281 250125 250155 0
282 250116 250152 0
283 31360 31388 0
284 250132 250123 0
285 4065 4071 0
286 250122 250194 0
287 250115 250167 0
288 250138 250196 0
289 250143 250155 0
290 500127 500126 0
291 500161 500157 0
292 500187 500186 0
293 500146 500162 0
294 500123 500138 0
295 500109 500159 0
296 500157 500152 0
297 500109 500199 0
298 500135 500135 0
299 500143 500167 0
300 31364 31373 0
301 500144 500113 0
302 500125 500139 0
303 500179 500165 0
304 500170 500147 0
305 500135 500190 0
306 500167 500193 0
307 500195 500194 0
308 500178 500194 0
309 4038 4044 0
310 500141 500184 0
311 500194 500164 0
312 500147 500138 0
313 500161 500157 0
314 500121 500112 0
315 31402 31412 0
316 500185 500171 0
317 4076 4082 0
318 31353 31401 0
319 31376 31386 0
320 31386 31420 0
321 31385 31411 0
322 31397 31417 0
323 31397 31416 0
324 31358 31376 0
325 31383 31409 0
326 4025 4057 0
327 2071 2103 0
328 2071 2147 0
329 2135 2148 0
330 2078 2120 0
331 4079 4091 0
332 2061 2152 0
333 2060 2121 0
334 4029 4056 0
335 4026 4096 0
336 4041 4077 0
337 4040 4100 0
338 4008 4098 0
339 4061 4079 0
340 4062 4080 0
341 4065 4093 0
342 2089 2140 0
343 7930 7991 0
344 7964 8009 0
345 2075 2093 0
346 2100 2109 0
347 7920 7950 0
348 7953 8007 0
349 7917 7972 0
350 7939 7991 0
351 7948 7992 0
352 7916 7985 0
353 2072 2137 0
354 2081 2152 0
355 7961 8006 0
356 7972 8006 0
357 7936 7974 0
358 7931 7979 0
359 7926 7967 0
360 32 98 0
361 7944 8003 0
362 7945 7965 0
363 7918 8004 0
364 7925 7940 0
365 50 97 0
366 4012 4064 0
367 7932 7989 0
368 4025 4057 0
369 31 77 0
370 7 81 0
371 17 59 0
372 15733 15810 0
373 15733 15767 0
374 15761 15793 0
375 40 49 0
376 15756 15820 0
377 15783 15819 0
378 15764 15805 0
379 16 99 0
380 13 24 0
381 23 76 0
382 15774 15804 0
383 50 86 0
384 2067 2109 0
385 2097 2107 0
386 15756 15800 0
387 15744 15809 0
388 15760 15809 0
389 25 38 0
390 15730 15781 0
391 15767 15795 0
392 2062 2106 0
393 8 61 0
394 17 48 0
395 31352 31445 0
396 31388 31445 0
397 31360 31440 0
398 2107 2140 0
399 2123 2134 0
--------------
1000000 :c
1004034 :sum(p)
1000000 :sum(w)
