400 :n
id p,w,x
--------------
0 7991 7951 1
1 15825 15748 1
2 45 10 1
3 90 9 1
4 92 84 1
5 7998 7955 1
6 46 17 1
7 36 25 1
8 52 9 1
9 99 79 1
10 87 31 1
11 96 62 1
12 7990 7937 1
13 97 63 1
14 98 83 1
15 75 58 1
16 35 11 1
17 89 1 1
18 8007 7926 1
19 75 1 1
20 86 31 1
21 47 8 1
22 61 51 1
23 67 20 1
24 31 13 1
25 2117 2087 1
26 2086 2056 1
27 2147 2132 1
28 2137 2079 1
29 2103 2080 1
30 2134 2121 1
31 2115 2100 1
32 2088 2060 1
33 2109 2094 1
34 2115 2095 1
35 2088 2067 1
36 2099 2055 1
37 2106 2057 1
38 2095 2063 1
39 2109 2091 1
40 2089 2063 1
41 2132 2086 1
42 4102 4016 1
43 4094 4036 1
44 4049 4023 1
45 4092 4072 1
46 4095 4052 1
47 4101 4078 1
48 4100 4074 1
49 4075 4040 1
50 4089 4043 1
51 4091 4024 1
52 4075 4020 1
53 4063 4010 1
54 4094 4028 1
55 4101 4037 1
56 8008 7967 1
57 8000 7947 1
58 8005 7959 1
59 7993 7929 1
60 23 20 1
61 95 90 1
62 58 55 1
63 2098 2088 1
64 2117 2107 1
65 7954 7917 1
66 15815 15743 1
67 4085 4067 1
68 7969 7934 1
69 15804 15737 1
70 2136 2127 1
71 15797 15735 1
72 7948 7918 1
73 7945 7916 1
74 4082 4069 1
75 15821 15772 1
76 7985 7961 1
77 15811 15765 1
78 2104 2098 1
79 15805 15762 1
80 7936 7915 1
81 15812 15774 1
82 31449 31379 1
83 15773 15738 1
84 15789 15755 1
85 31434 31367 1
86 15820 15787 1
87 31423 31358 1
88 31441 31377 1
89 15823 15792 1
90 2131 2127 0
91 31438 31382 1
92 31416 31361 1
93 15777 15750 1
94 31412 31363 1
95 15783 15760 1
96 31412 31367 1
97 31411 31370 1
98 4073 4068 1
99 15804 15785 1
100 62688 62614 1
101 62692 62633 1
102 2129 2127 0
103 96 13 1
104 62684 62618 1
105 62689 62631 1
106 62700 62647 0
107 15765 15753 0
108 62700 62696 0
109 83 90 0
110 15735 15797 0
111 62687 62636 0
112 62651 62601 0
113 4030 4027 0
114 4031 4028 0
115 62677 62632 0
116 31397 31375 0
117 31416 31394 0
118 31396 31375 0
119 125195 125112 0
120 7961 7956 0
121 62689 62650 0
122 62651 62615 0
123 15775 15766 0
124 31449 31434 0
125 31371 31358 0
126 31375 31363 0
127 31391 31379 0
128 31363 31352 0
129 31383 31373 0
130 15780 15776 0
131 7938 7936 0
132 7977 7975 0
133 7979 7977 0
134 8005 8003 0
135 15817 15815 0
136 15817 15815 0
137 4016 4016 0
138 15729 15729 0
139 4103 4103 1
140 15751 15751 0
141 7949 7949 0
142 2135 2135 1
143 15746 15747 0
144 15777 15779 0
145 15799 15803 0
146 7979 7983 0
147 7981 7986 0
148 8004 8012 0
149 7928 7937 0
150 4052 4057 0
151 4036 4041 0
152 4071 4081 0
153 4046 4058 0
154 4039 4052 0
155 4038 4052 0
156 2054 2063 0
157 2109 2120 0
158 2096 2108 0
159 33 42 0
160 18 32 0
161 250187 250143 0
162 250171 250127 0
163 125142 125112 0
164 125171 125158 0
165 250186 250134 0
166 250152 250122 0
167 250152 250147 0
168 125145 125141 0
169 125167 125135 0
170 125160 125129 0
171 31440 31434 0
172 125168 125157 0
173 250193 250164 0
174 500140 500109 0
175 500175 500114 0
176 500189 500172 0
177 125194 125181 0
178 500143 500111 0
179 500170 500115 0
180 125182 125167 0
181 500189 500104 0
182 500117 500103 0
183 62646 62631 0
184 250149 250138 0
185 250199 250176 0
186 500181 500162 0
187 500194 500143 0
188 500192 500124 0
189 500171 500148 0
190 31378 31377 0
191 62617 62605 0
192 500196 500159 0
193 500190 500114 0
194 500166 500112 0
195 500155 500119 0
196 250189 250181 0
197 500179 500143 0
198 500177 500137 0
199 500126 500116 0
200 250175 250110 0
201 250177 250139 0
202 62680 62677 0
203 250197 250124 0
204 125153 125111 0
205 250181 250106 0
206 125193 125145 0
207 250194 250119 0
208 125152 125100 0
209 125139 125105 0
210 62671 62644 0
211 125198 125119 0
212 125189 125119 0
213 125172 125102 0
214 125170 125101 0
215 62695 62670 0
216 125159 125117 0
217 125193 125148 0
218 250153 250104 0
219 250167 250142 0
220 62631 62622 0
221 250182 250162 0
222 250189 250157 0
223 62678 62667 0
224 250167 250145 0
225 250147 250127 0
226 125143 125118 0
227 15749 15762 0
228 31385 31419 0
229 31380 31434 0
230 15755 15817 0
231 31376 31406 0
232 15758 15805 0
233 31408 31420 0
234 31396 31447 0
235 31366 31440 0
236 15754 15818 0
237 31399 31449 0
238 31381 31448 0
239 7935 7985 0
240 7920 7984 0
241 7935 7953 0
242 250168 250194 0
243 7956 7982 0
244 62633 62697 0
245 62617 62643 0
246 62628 62692 0
247 7934 7955 0
248 7948 8002 0
249 250155 250197 0
250 62627 62648 0
251 7981 8012 0
252 250117 250143 0
253 62630 62653 0
254 7942 7974 0
255 7991 8002 0
256 62635 62693 0
257 250114 250197 0
258 7976 8000 0
259 7916 7998 0
260 7974 8001 0
261 7968 8012 0
262 62665 62692 0
263 31422 31422 0
264 15763 15769 0
265 31358 31435 0
266 62668 62669 0
267 62643 62694 0
268 62601 62632 0
269 31355 31391 0
270 7944 7990 0
271 62614 62684 0
272 62619 62640 0
273 62645 62661 0
274 7954 8002 0
275 250106 250120 0
276 31409 31441 0
277 7938 7976 0
278 62631 62670 0
279 15774 15786 0
280 62604 62664 0
281 31383 31430 0
282 4047 4096 0
283 62646 62666 0
284 4019 4039 0
285 250111 250132 0
286 62603 62666 0
287 62671 62678 0
288 4030 4077 0
289 4039 4090 0
290 62654 62681 0
291 31361 31434 0
292 4075 4101 0
293 62626 62676 0
294 62636 62636 0
295 250121 250187 0
296 62669 62674 0
297 125151 125166 0
298 4014 4071 0
299 125109 125146 0
300 4059 4079 0
301 125102 125143 0
302 125114 125135 0
303 125162 125172 0
304 31409 31433 0
305 125170 125178 0
306 15769 15792 0
307 125111 125133 0
308 250148 250150 0
309 15732 15752 0
310 4041 4062 0
311 4037 4070 0
312 4015 4051 0
313 4069 4100 0
314 15731 15824 0
315 4023 4060 0
316 4038 4092 0
317 125113 125142 0
318 31405 31405 0
319 125178 125183 0
320 2062 2132 0
321 2063 2150 0
322 2058 2111 0
323 125129 125172 0
324 2082 2106 0
325 500135 500135 0
326 125150 125163 0
327 2059 2079 0
328 2091 2111 0
329 125132 125184 0
330 125171 125180 0
331 500101 500188 0
332 125163 125197 0
333 2092 2136 0
334 2091 2113 0
335 15770 15795 0
336 15764 15772 0
337 125103 125159 0
338 125141 125167 0
339 125155 125165 0
340 2089 2128 0
341 500101 500147 0
342 500131 500195 0
343 500110 500168 0
344 2129 2152 0
345 2105 2153 0
346 500162 500195 0
347 125166 125183 0
348 125104 125176 0
349 31392 31442 0
350 2072 2105 0
351 500123 500143 0
352 500153 500147 0
353 2066 2152 0
354 500117 500137 0
355 500166 500163 0
356 125115 125180 0
357 31361 31363 0
358 250119 250133 0
359 500102 500200 0
360 250102 250144 0
361 250127 250142 0
362 65 92 0
363 27 66 0
364 250138 250134 0
365 500139 500154 0
366 35 86 0
367 250119 250130 0
368 250160 250159 0
369 500165 500200 0
370 15759 15782 0
371 14 79 0
372 36 68 0
373 500108 500168 0
374 500157 500170 0
375 500159 500153 0
376 31394 31430 0
377 500110 500178 0
378 250135 250198 0
379 500105 500150 0
380 44 69 0
381 43 75 0
382 37 60 0
383 56 88 0
384 250106 250177 0
385 7 60 0
386 250113 250186 0
387 11 87 0
388 250101 250192 0
389 250149 250173 0
390 250136 250162 0
391 500173 500183 0
392 500192 500192 0
393 31364 31408 0
394 500132 500146 0
395 14 85 0
396 23 45 0
397 500101 500117 0
398 15769 15795 0
399 15734 15765 0
--------------
1000000 :c
1004076 :sum(p)
1000000 :sum(w)
