400 :n
id p,w,x
--------------
0 8008 7932 1
1 2125 2060 1
2 2147 2064 1
3 99 30 1
4 8000 7915 1
5 4093 4036 1
6 70 10 1
7 4088 4027 1
8 4106 4033 1
9 2128 2069 1
10 2125 2057 1
11 90 31 1
12 8003 7915 1
13 4091 4011 1
14 4069 4013 1
15 15822 15752 1
16 71 13 1
17 69 8 1
18 15817 15745 1
19 4090 4033 1
20 2127 2072 1
21 8001 7937 1
22 15822 15728 1
23 2144 2055 1
24 97 9 1
25 15819 15726 1
26 15825 15737 1
27 4076 4020 1
28 49 8 1
29 16 4 1
30 32 10 1
31 79 31 1
32 82 37 1
33 37 19 1
34 77 43 1
35 32 21 1
36 42 32 1
37 68 53 1
38 46 36 1
39 44 39 0
40 51 48 1
41 76 74 0
42 2139 2091 1
43 2126 2086 1
44 2136 2096 1
45 2134 2096 1
46 2138 2106 1
47 2145 2113 1
48 2144 2118 1
49 4058 4009 1
50 2137 2113 1
51 4066 4025 1
52 4056 4016 1
53 4077 4043 1
54 2079 2062 1
55 8011 7953 1
56 7969 7919 1
57 7978 7930 1
58 2083 2071 1
59 2146 2134 1
60 4034 4012 1
61 8005 7971 1
62 2141 2132 0
63 15804 15747 1
64 15811 15754 1
65 15791 15739 1
66 7982 7956 1
67 15780 15729 1
68 8005 7982 1
69 31432 31356 1
70 7998 7979 1
71 31448 31379 1
72 31450 31381 1
73 15796 15763 1
74 31417 31352 1
75 31416 31353 1
76 7987 7971 1
77 15802 15771 1
78 31431 31370 1
79 31418 31360 1
80 15803 15775 1
81 15795 15769 1
82 31419 31369 1
83 7957 7945 1
84 4058 4052 0
85 15785 15762 1
86 62689 62603 1
87 31419 31378 1
88 4063 4009 1
89 31443 31399 1
90 2126 2123 0
91 15796 15774 1
92 31424 31385 1
93 15779 15760 0
94 2097 2094 0
95 62682 62601 1
96 7958 7947 1
97 62680 62605 1
98 15760 15743 0
99 31405 31374 1
100 62697 62661 0
101 4102 4105 0
102 62669 62624 0
103 4069 4065 0
104 31410 31380 0
105 15767 15753 0
106 4074 4071 0
107 4091 4091 0
108 125195 125100 0
109 62690 62634 0
110 88 97 0
111 62693 62632 0
112 125194 125105 0
113 62647 62603 0
114 31385 31363 0
115 31383 31362 0
116 31423 31402 0
117 31390 31370 0
118 31370 31351 0
119 31410 31392 0
120 31419 31401 0
121 31407 31390 0
122 125179 125113 0
123 125174 125109 0
124 31444 31428 0
125 125172 125109 0
126 62654 62624 0
127 31372 31357 0
128 15787 15780 0
129 31385 31372 0
130 31385 31373 0
131 31419 31407 0
132 15771 15766 0
133 7926 7924 0
134 19 19 1
135 15727 15728 0
136 15807 15809 0
137 7970 7973 0
138 7968 7973 0
139 4065 4068 0
140 15764 15776 0
141 15732 15745 0
142 7960 7968 0
143 7958 7966 0
144 4026 4031 0
145 2059 2062 0
146 7945 7957 0
147 7995 8008 0
148 2083 2087 0
149 2064 2068 0
150 4063 4071 0
151 7989 8007 0
152 7923 7941 0
153 2133 2138 0
154 7961 7982 0
155 7979 8001 0
156 4012 4024 0
157 4079 4092 0
158 2143 2151 0
159 4014 4029 0
160 2113 2121 0
161 2115 2125 0
162 4018 4037 0
163 2085 2095 0
164 4084 4106 0
165 4062 4084 0
166 4008 4032 0
167 2131 2149 0
168 2096 2119 0
169 2098 2123 0
170 2123 2149 0
171 79 89 0
172 63 73 0
173 75 89 0
174 74 92 0
175 47 60 0
176 22 31 0
177 44 63 0
178 39 60 0
179 43 67 0
180 7 38 0
181 4 26 0
182 31367 31366 0
183 62651 62635 0
184 250108 250109 0
185 250164 250111 0
186 250132 250135 0
187 250125 250115 0
188 250169 250103 0
189 250125 250106 0
190 250199 250182 0
191 250184 250109 0
192 500127 500153 0
193 500161 500128 0
194 500107 500116 0
195 500182 500118 0
196 500147 500148 0
197 500177 500169 0
198 500188 500142 0
199 500123 500151 0
200 500195 500200 0
201 500140 500104 0
202 500194 500173 0
203 500170 500139 0
204 500173 500117 0
205 500174 500176 0
206 500170 500164 0
207 500151 500177 0
208 500198 500174 0
209 500120 500140 0
210 500186 500191 0
211 500173 500146 0
212 500103 500104 0
213 500126 500142 0
214 500186 500129 0
215 500174 500196 0
216 500168 500103 0
217 500127 500137 0
218 500152 500173 0
219 500155 500130 0
220 500178 500147 0
221 500186 500185 0
222 500144 500113 0
223 62654 62650 0
224 62681 62662 0
225 62634 62637 0
226 125191 125136 0
227 125190 125131 0
228 250196 250109 0
229 62676 62649 0
230 250188 250108 0
231 125188 125147 0
232 125199 125141 0
233 125160 125120 0
234 125184 125127 0
235 125162 125132 0
236 62670 62660 0
237 62685 62686 0
238 125127 125121 0
239 62677 62680 0
240 125105 125106 0
241 125163 125144 0
242 125168 125165 0
243 125136 125103 0
244 125133 125128 0
245 62649 62636 0
246 62618 62616 0
247 125136 125136 0
248 62603 62601 0
249 62634 62626 0
250 125158 125141 0
251 125133 125123 0
252 125160 125143 0
253 125140 125125 0
254 125154 125135 0
255 125136 125112 0
256 125156 125134 0
257 250152 250112 0
258 250150 250164 0
259 250117 250113 0
260 62662 62663 0
261 250127 250107 0
262 250152 250160 0
263 250198 250198 0
264 250178 250112 0
265 250144 250119 0
266 250168 250120 0
267 250195 250195 0
268 250156 250127 0
269 250151 250104 0
270 250152 250103 0
271 250119 250117 0
272 250104 250105 0
273 7926 7959 0
274 31369 31381 0
275 31360 31450 0
276 7959 8010 0
277 31362 31449 0
278 31370 31386 0
279 31420 31449 0
280 31355 31395 0
281 4037 4082 0
282 31417 31447 0
283 31383 31425 0
284 62622 62668 0
285 62606 62620 0
286 4023 4087 0
287 4009 4056 0
288 31428 31434 0
289 62631 62642 0
290 62608 62676 0
291 4040 4101 0
292 62605 62669 0
293 4043 4086 0
294 4026 4066 0
295 31397 31414 0
296 62602 62628 0
297 7914 7979 0
298 62682 62699 0
299 31351 31424 0
300 62618 62647 0
301 62646 62686 0
302 62613 62667 0
303 4032 4106 0
304 4010 4074 0
305 15735 15781 0
306 62623 62687 0
307 31368 31387 0
308 62613 62651 0
309 4014 4053 0
310 62629 62647 0
311 7940 7974 0
312 31373 31439 0
313 4017 4095 0
314 4029 4068 0
315 7949 8008 0
316 62622 62690 0
317 62621 62637 0
318 4062 4096 0
319 62603 62610 0
320 2079 2144 0
321 62644 62691 0
322 2068 2110 0
323 7957 7993 0
324 62606 62689 0
325 15747 15780 0
326 7933 8010 0
327 125119 125191 0
328 7925 7970 0
329 125117 125179 0
330 125163 125181 0
331 125108 125174 0
332 125175 125189 0
333 125134 125198 0
334 125101 125146 0
335 2091 2147 0
336 125138 125163 0
337 7960 8007 0
338 125117 125184 0
339 125116 125155 0
340 7964 8011 0
341 2071 2129 0
342 7914 7955 0
343 2100 2136 0
344 125173 125195 0
345 125166 125188 0
346 125104 125146 0
347 2067 2102 0
348 125113 125130 0
349 250141 250169 0
350 2054 2134 0
351 7931 7961 0
352 250119 250144 0
353 7960 8007 0
354 7965 7990 0
355 15772 15813 0
356 250135 250185 0
357 15750 15821 0
358 2061 2114 0
359 250114 250139 0
360 51 87 0
361 15 72 0
362 7952 7991 0
363 250121 250149 0
364 41 88 0
365 15760 15801 0
366 250102 250188 0
367 250131 250162 0
368 250106 250156 0
369 250111 250161 0
370 14 98 0
371 15734 15767 0
372 23 76 0
373 250138 250155 0
374 250101 250152 0
375 25 98 0
376 15766 15820 0
377 250121 250188 0
378 15756 15798 0
379 250112 250181 0
380 15743 15787 0
381 250109 250166 0
382 15754 15785 0
383 250150 250183 0
384 500135 500185 0
385 15750 15800 0
386 500107 500177 0
387 35 87 0
388 15756 15797 0
389 500112 500155 0
390 500136 500177 0
391 500148 500190 0
392 15728 15801 0
393 15752 15785 0
394 500104 500163 0
395 500133 500176 0
396 500158 500197 0
397 500121 500195 0
398 15750 15811 0
399 15744 15766 0
--------------
1000000 :c
1004399 :sum(p)
1000000 :sum(w)
