400 :n
id p,w,x
--------------
0 15821 15734 1
1 15796 15737 1
2 15797 15737 1
3 15806 15743 1
4 29 14 1
5 77 51 1
6 70 14 1
7 15809 15727 1
8 96 2 1
9 85 24 1
10 59 33 1
11 62 42 1
12 90 52 1
13 27 8 1
14 29 2 1
15 8002 7960 1
16 7997 7916 1
17 88 30 1
18 82 59 1
19 31 10 1
20 80 14 1
21 93 65 1
22 2104 2082 1
23 2122 2076 1
24 7955 7916 1
25 8006 7943 1
26 2142 2077 1
27 2086 2056 1
28 7964 7934 1
29 7999 7918 1
30 2135 2055 1
31 2150 2061 1
32 2149 2129 1
33 2136 2114 1
34 8005 7938 1
35 2133 2067 1
36 2126 2080 1
37 2145 2119 1
38 4104 4024 1
39 4101 4043 1
40 4098 4050 1
41 7964 7915 1
42 4067 4040 1
43 4038 4013 1
44 4091 4026 1
45 4061 4041 1
46 4092 4039 1
47 4082 4049 1
48 4098 4023 1
49 4100 4051 1
50 4079 4007 1
51 4086 4028 1
52 7992 7953 1
53 4102 4037 1
54 4077 4042 1
55 4100 4066 1
56 8005 7956 1
57 8003 7924 1
58 7976 7924 1
59 31439 31356 1
60 31428 31358 1
61 31432 31354 1
62 31445 31371 1
63 7940 7914 1
64 15792 15756 1
65 7951 7925 1
66 31432 31370 1
67 15819 15780 1
68 31446 31384 1
69 7957 7928 1
70 31416 31355 1
71 15802 15768 1
72 12 1 1
73 18 9 1
74 59 46 1
75 56 46 1
76 40 33 1
77 2124 2108 1
78 2097 2082 1
79 2146 2131 1
80 2114 2102 1
81 2106 2096 1
82 4056 4038 1
83 4089 4072 1
84 7938 7918 1
85 7944 7926 1
86 15793 15762 1
87 15803 15772 1
88 15765 15735 1
89 8000 7985 1
90 15790 15763 1
91 15765 15739 1
92 31435 31384 1
93 31449 31401 1
94 4027 4021 0
95 15798 15775 1
96 15815 15792 1
97 2148 2145 1
98 62689 62602 1
99 15823 15802 1
100 62685 62602 1
101 96 30 1
102 62679 62601 1
103 15765 15733 1
104 4050 4045 1
105 15811 15792 0
106 31412 31380 0
107 4103 4101 1
108 2145 2147 0
109 250116 250164 0
110 7957 7949 0
111 62684 62622 0
112 2086 2084 0
113 15775 15760 0
114 15816 15802 0
115 7943 7936 0
116 7958 7951 0
117 62652 62602 0
118 31405 31382 0
119 62670 62625 0
120 31440 31419 0
121 15801 15791 0
122 7998 7993 0
123 62669 62632 0
124 62693 62657 0
125 15760 15752 0
126 7942 7938 0
127 7980 7976 0
128 2131 2130 1
129 62691 62662 0
130 15745 15738 0
131 31412 31399 0
132 31449 31436 0
133 31408 31396 0
134 15771 15765 0
135 4063 4062 0
136 61 61 0
137 4050 4050 0
138 35 35 0
139 83 83 1
140 4065 4066 0
141 4061 4067 0
142 2080 2086 0
143 2093 2101 0
144 92 96 0
145 58 63 0
146 31 37 0
147 125154 125120 0
148 125161 125136 0
149 62649 62631 0
150 250164 250113 0
151 500194 500104 0
152 250162 250114 0
153 125172 125140 0
154 125138 125109 0
155 31408 31400 0
156 62633 62613 0
157 125140 125104 0
158 125135 125108 0
159 62655 62633 0
160 250163 250114 0
161 31372 31361 0
162 62645 62625 0
163 31443 31434 0
164 62665 62648 0
165 62657 62631 0
166 125163 125114 0
167 125175 125123 0
168 125189 125119 0
169 125176 125107 0
170 125175 125104 0
171 125187 125110 0
172 125157 125101 0
173 125184 125117 0
174 125151 125106 0
175 31413 31406 0
176 31413 31436 0
177 62627 62686 0
178 62635 62680 0
179 31363 31390 0
180 31371 31395 0
181 62607 62605 0
182 62630 62670 0
183 31423 31447 0
184 31403 31407 0
185 62614 62618 0
186 31388 31435 0
187 62638 62691 0
188 31413 31441 0
189 31389 31429 0
190 31362 31376 0
191 62615 62674 0
192 31355 31377 0
193 62623 62624 0
194 31351 31413 0
195 62601 62638 0
196 62652 62657 0
197 31371 31439 0
198 31380 31428 0
199 250162 250185 0
200 62634 62698 0
201 15738 15777 0
202 62628 62661 0
203 15784 15789 0
204 15765 15818 0
205 250129 250114 0
206 62643 62696 0
207 15729 15741 0
208 62683 62682 0
209 62621 62664 0
210 15738 15763 0
211 15753 15756 0
212 62604 62662 0
213 62607 62685 0
214 62605 62638 0
215 15738 15786 0
216 62602 62624 0
217 125141 125129 0
218 125124 125172 0
219 125165 125167 0
220 15775 15822 0
221 15751 15760 0
222 15771 15775 0
223 15738 15807 0
224 125154 125192 0
225 125161 125142 0
226 15774 15817 0
227 15756 15819 0
228 250126 250135 0
229 125129 125138 0
230 15756 15773 0
231 250132 250109 0
232 125128 125114 0
233 15751 15754 0
234 125161 125193 0
235 125120 125138 0
236 125133 125157 0
237 125139 125129 0
238 15738 15804 0
239 250123 250151 0
240 7937 7989 0
241 125105 125152 0
242 125130 125129 0
243 7980 7994 0
244 125152 125133 0
245 125191 125197 0
246 250127 250153 0
247 7930 7934 0
248 125182 125166 0
249 250155 250195 0
250 7957 7969 0
251 125113 125186 0
252 125118 125169 0
253 250149 250126 0
254 7922 7943 0
255 250122 250110 0
256 125174 125196 0
257 7959 8008 0
258 250171 250132 0
259 7929 7974 0
260 7926 8010 0
261 7914 7975 0
262 7917 7999 0
263 125116 125183 0
264 125131 125140 0
265 7983 7995 0
266 250136 250134 0
267 7956 7968 0
268 125117 125192 0
269 250124 250182 0
270 250151 250200 0
271 250172 250154 0
272 7915 7971 0
273 7918 7977 0
274 125191 125193 0
275 7967 7994 0
276 250131 250183 0
277 7925 7972 0
278 125115 125175 0
279 250133 250128 0
280 250136 250173 0
281 250175 250198 0
282 4016 4039 0
283 4019 4075 0
284 250174 250183 0
285 125184 125163 0
286 250103 250187 0
287 250198 250195 0
288 4036 4075 0
289 4040 4105 0
290 250177 250184 0
291 4023 4054 0
292 250118 250110 0
293 4056 4090 0
294 250160 250164 0
295 250143 250170 0
296 250178 250172 0
297 250126 250131 0
298 4038 4057 0
299 250186 250188 0
300 4036 4056 0
301 250121 250130 0
302 4085 4106 0
303 62602 62671 0
304 4020 4057 0
305 250127 250143 0
306 4057 4076 0
307 250161 250142 0
308 31358 31394 0
309 4087 4103 0
310 250189 250176 0
311 31405 31417 0
312 500174 500190 0
313 4043 4067 0
314 500163 500138 0
315 4027 4052 0
316 4023 4050 0
317 500109 500175 0
318 250148 250129 0
319 31420 31437 0
320 2075 2096 0
321 2083 2105 0
322 500160 500142 0
323 2091 2102 0
324 2063 2094 0
325 2110 2138 0
326 250167 250163 0
327 250164 250120 0
328 31370 31400 0
329 500166 500105 0
330 2074 2086 0
331 2073 2134 0
332 2088 2105 0
333 2074 2137 0
334 500192 500184 0
335 500157 500152 0
336 2068 2118 0
337 2057 2114 0
338 250141 250119 0
339 500182 500200 0
340 2076 2107 0
341 500129 500170 0
342 500131 500134 0
343 31402 31433 0
344 500106 500166 0
345 500139 500122 0
346 2109 2121 0
347 2054 2097 0
348 2098 2134 0
349 500107 500114 0
350 500101 500188 0
351 500167 500200 0
352 500101 500194 0
353 2058 2109 0
354 500146 500131 0
355 2087 2122 0
356 500164 500165 0
357 500177 500140 0
358 2062 2086 0
359 12 43 0
360 28 41 0
361 2 40 0
362 500152 500120 0
363 10 32 0
364 62655 62647 0
365 500169 500130 0
366 500129 500161 0
367 500119 500118 0
368 39 66 0
369 31354 31422 0
370 21 67 0
371 500137 500185 0
372 62604 62697 0
373 60 82 0
374 500167 500114 0
375 500181 500179 0
376 49 78 0
377 500128 500142 0
378 500179 500123 0
379 5 46 0
380 500155 500190 0
381 500127 500108 0
382 500161 500150 0
383 14 72 0
384 500167 500165 0
385 2 28 0
386 58 83 0
387 82 100 0
388 500131 500170 0
389 500162 500145 0
390 500199 500123 0
391 31421 31437 0
392 62648 62638 0
393 500121 500154 0
394 500119 500125 0
395 62696 62696 0
396 500167 500169 0
397 500141 500183 0
398 31371 31426 0
399 62607 62606 0
--------------
1000000 :c
1004462 :sum(p)
999999 :sum(w)
