400 :n
id p,w,x
--------------
0 80 35 1
1 94 7 1
2 8005 7924 1
3 7986 7939 1
4 8011 7959 1
5 4064 4039 1
6 4038 4009 1
7 4097 4069 1
8 83 11 1
9 4073 4027 1
10 4062 4022 1
11 88 26 1
12 4099 4063 1
13 52 3 1
14 4083 4014 1
15 4062 4024 1
16 86 21 1
17 4089 4042 1
18 4077 4032 1
19 4100 4041 1
20 4090 4022 1
21 4088 4009 1
22 2092 2068 1
23 88 43 1
24 98 35 1
25 2103 2080 1
26 2094 2060 1
27 15818 15729 1
28 76 36 1
29 81 31 1
30 2138 2055 1
31 2116 2078 1
32 15813 15735 1
33 8005 7968 1
34 7959 7917 1
35 15798 15728 1
36 31439 31368 1
37 7967 7926 1
38 7971 7930 1
39 15798 15731 1
40 15789 15747 1
41 15812 15741 1
42 15810 15760 1
43 15824 15746 1
44 25 10 1
45 53 35 1
46 14 11 1
47 89 70 1
48 20 18 1
49 95 86 1
50 86 79 1
51 85 83 1
52 2072 2055 1
53 2130 2113 1
54 2076 2060 1
55 2074 2059 1
56 2081 2068 1
57 2095 2084 1
58 4079 4059 1
59 4106 4087 1
60 4037 4020 1
61 2068 2060 1
62 7952 7922 1
63 7951 7923 1
64 2127 2120 1
65 2080 2074 1
66 15775 15735 1
67 15815 15775 1
68 15766 15727 1
69 15773 15735 1
70 2099 2094 0
71 7976 7959 1
72 15777 15744 1
73 31443 31378 1
74 7955 7940 1
75 2139 2135 0
76 15802 15773 1
77 31441 31385 1
78 31425 31371 1
79 7948 7935 0
80 31432 31381 1
81 31435 31385 1
82 15800 15775 1
83 15809 15784 1
84 15782 15763 1
85 31414 31379 1
86 31406 31375 1
87 2066 2064 0
88 62660 62604 1
89 62677 62621 1
90 62663 62616 1
91 2115 2103 1
92 62659 62609 0
93 4028 4024 0
94 62670 62623 1
95 31422 31399 0
96 31441 31436 0
97 15821 15818 0
98 77 93 0
99 31384 31362 1
100 125187 125102 0
101 31417 31396 0
102 125192 125112 0
103 15799 15791 0
104 15771 15761 1
105 62669 62631 0
106 125185 125110 0
107 62651 62619 0
108 62678 62646 0
109 4071 4069 0
110 2151 2150 0
111 62661 62637 0
112 62656 62633 0
113 62692 62670 0
114 62621 62601 0
115 31369 31359 0
116 31364 31355 0
117 4079 4078 0
118 31361 31357 0
119 31364 31360 0
120 31424 31420 0
121 31438 31436 0
122 15795 15794 0
123 22 22 0
124 2146 2146 0
125 31370 31372 0
126 4017 4018 0
127 7998 8001 0
128 7929 7932 0
129 15740 15747 0
130 2146 2147 0
131 7948 7953 0
132 7970 7976 0
133 7920 7926 0
134 7929 7936 0
135 4056 4060 0
136 7975 7986 0
137 4041 4047 0
138 4035 4042 0
139 4050 4060 0
140 4083 4095 0
141 4018 4030 0
142 4048 4061 0
143 2107 2125 0
144 83 85 0
145 97 100 0
146 81 85 0
147 57 71 0
148 60 76 0
149 11 14 0
150 42 58 0
151 20 34 0
152 2 17 0
153 500149 500113 0
154 62615 62613 0
155 62671 62658 0
156 500120 500157 0
157 500194 500192 0
158 62663 62649 0
159 500170 500108 0
160 500159 500173 0
161 500189 500124 0
162 125118 125123 0
163 500197 500198 0
164 125112 125122 0
165 125189 125154 0
166 500190 500146 0
167 125152 125127 0
168 250170 250160 0
169 500169 500144 0
170 250118 250107 0
171 250178 250124 0
172 250118 250116 0
173 250189 250158 0
174 500182 500164 0
175 250104 250109 0
176 500156 500152 0
177 500177 500110 0
178 500182 500166 0
179 250177 250181 0
180 500146 500106 0
181 250180 250183 0
182 500177 500123 0
183 500114 500115 0
184 500178 500130 0
185 250199 250139 0
186 250169 250153 0
187 250182 250111 0
188 125175 125123 0
189 250196 250159 0
190 125172 125122 0
191 500146 500163 0
192 500133 500159 0
193 250175 250195 0
194 250158 250172 0
195 250137 250108 0
196 250158 250123 0
197 125174 125162 0
198 250114 250136 0
199 250174 250164 0
200 250172 250110 0
201 250152 250164 0
202 250165 250177 0
203 250189 250185 0
204 250150 250171 0
205 250133 250132 0
206 250173 250158 0
207 250129 250142 0
208 125176 125173 0
209 125174 125124 0
210 125148 125158 0
211 62683 62688 0
212 125162 125136 0
213 500147 500181 0
214 62683 62675 0
215 500142 500145 0
216 500112 500135 0
217 500186 500173 0
218 500152 500197 0
219 500154 500142 0
220 62691 62683 0
221 125154 125115 0
222 62688 62693 0
223 500160 500168 0
224 62690 62685 0
225 62682 62668 0
226 62624 62621 0
227 125115 125118 0
228 500157 500129 0
229 500117 500140 0
230 125122 125112 0
231 125178 125160 0
232 500191 500125 0
233 500150 500161 0
234 125133 125139 0
235 125151 125156 0
236 125196 125154 0
237 31351 31428 0
238 31424 31431 0
239 7921 7952 0
240 7967 8000 0
241 7917 7995 0
242 7957 7972 0
243 7971 7986 0
244 7968 8011 0
245 7956 8009 0
246 31429 31450 0
247 31375 31402 0
248 7926 7977 0
249 31370 31418 0
250 31354 31429 0
251 7935 8003 0
252 31388 31398 0
253 31358 31445 0
254 7927 7955 0
255 7940 7996 0
256 7925 8008 0
257 15739 15798 0
258 31379 31386 0
259 15754 15811 0
260 7973 7996 0
261 31361 31429 0
262 31396 31418 0
263 31354 31402 0
264 7959 7986 0
265 31352 31396 0
266 7928 7999 0
267 7971 8002 0
268 15741 15801 0
269 15765 15790 0
270 31426 31435 0
271 7934 8008 0
272 62631 62652 0
273 7945 7994 0
274 7949 8003 0
275 7918 7973 0
276 62621 62653 0
277 7923 7983 0
278 15752 15765 0
279 4014 4080 0
280 4009 4035 0
281 62677 62696 0
282 62683 62689 0
283 62606 62646 0
284 62617 62660 0
285 4012 4085 0
286 4020 4087 0
287 62620 62700 0
288 62620 62680 0
289 31369 31418 0
290 4016 4067 0
291 15757 15824 0
292 15757 15789 0
293 4023 4075 0
294 4011 4031 0
295 62665 62681 0
296 4033 4103 0
297 62660 62684 0
298 31365 31368 0
299 62608 62625 0
300 15755 15800 0
301 62608 62627 0
302 62602 62673 0
303 62670 62689 0
304 62622 62689 0
305 31354 31376 0
306 62608 62684 0
307 4063 4096 0
308 62606 62619 0
309 31400 31441 0
310 4007 4088 0
311 62647 62682 0
312 4024 4055 0
313 125124 125174 0
314 125104 125124 0
315 4012 4047 0
316 4063 4082 0
317 125107 125185 0
318 31357 31409 0
319 125161 125193 0
320 125102 125190 0
321 2072 2091 0
322 2060 2147 0
323 2063 2082 0
324 2116 2144 0
325 125109 125140 0
326 2124 2145 0
327 125106 125193 0
328 125139 125198 0
329 125177 125190 0
330 125138 125153 0
331 125122 125182 0
332 125100 125114 0
333 125120 125146 0
334 15771 15782 0
335 2081 2125 0
336 125143 125169 0
337 2073 2092 0
338 2083 2126 0
339 125143 125162 0
340 125145 125172 0
341 125111 125151 0
342 125110 125152 0
343 2105 2132 0
344 125119 125145 0
345 2068 2113 0
346 2103 2143 0
347 250142 250179 0
348 250109 250150 0
349 2081 2105 0
350 2084 2140 0
351 2092 2150 0
352 2068 2139 0
353 250151 250178 0
354 2118 2153 0
355 250103 250182 0
356 2095 2116 0
357 2066 2138 0
358 31397 31409 0
359 250155 250195 0
360 250142 250168 0
361 250102 250198 0
362 250121 250158 0
363 250121 250196 0
364 57 78 0
365 31433 31446 0
366 250109 250181 0
367 15780 15814 0
368 16 80 0
369 7 75 0
370 24 87 0
371 250144 250200 0
372 33 70 0
373 250116 250178 0
374 250142 250195 0
375 4 80 0
376 250118 250167 0
377 500121 500182 0
378 5 71 0
379 500122 500197 0
380 26 85 0
381 500138 500199 0
382 15770 15814 0
383 500106 500173 0
384 36 58 0
385 15739 15765 0
386 500122 500172 0
387 15728 15800 0
388 500131 500177 0
389 500146 500200 0
390 500121 500167 0
391 500122 500191 0
392 6 50 0
393 15731 15809 0
394 15754 15789 0
395 9 75 0
396 500110 500170 0
397 15730 15824 0
398 15739 15770 0
399 15743 15809 0
--------------
1000000 :c
1003557 :sum(p)
1000000 :sum(w)
