400 :n
id p,w,x
--------------
0 15808 15730 1
1 15811 15750 1
2 15807 15742 1
3 15808 15735 1
4 7998 7933 1
5 7999 7945 1
6 76 26 1
7 7987 7918 1
8 93 17 1
9 31450 31367 1
10 4069 4008 1
11 4104 4012 1
12 64 16 1
13 4102 4014 1
14 4089 4018 1
15 2144 2090 1
16 2134 2063 1
17 2109 2060 1
18 93 35 1
19 43 1 1
20 14 5 1
21 51 22 1
22 59 28 1
23 40 21 1
24 97 68 1
25 66 48 1
26 46 35 1
27 28 24 1
28 60 52 1
29 100 88 1
30 10 9 0
31 26 24 0
32 2118 2078 1
33 2147 2111 1
34 2121 2090 1
35 2092 2063 1
36 2120 2093 1
37 2128 2104 1
38 4046 4007 1
39 4074 4035 1
40 2073 2054 1
41 2079 2060 1
42 2109 2092 1
43 2139 2122 1
44 4066 4039 1
45 2105 2092 1
46 7999 7951 1
47 4085 4061 1
48 7968 7929 1
49 2087 2077 1
50 7967 7929 1
51 4026 4007 1
52 2151 2142 0
53 7947 7916 1
54 4084 4069 1
55 7951 7922 1
56 8002 7973 1
57 15783 15726 1
58 4069 4055 1
59 15805 15751 1
60 2109 2102 0
61 15788 15736 1
62 7973 7947 1
63 7958 7934 1
64 7956 7934 1
65 15798 15755 1
66 4080 4069 1
67 15803 15762 1
68 15804 15763 1
69 15801 15765 1
70 4072 4064 0
71 31437 31376 1
72 7944 7926 1
73 98 36 1
74 31439 31382 1
75 31438 31383 1
76 15757 15730 1
77 8005 7992 1
78 15758 15733 1
79 31418 31369 1
80 31450 31402 1
81 62693 62615 1
82 31430 31394 1
83 31406 31366 1
84 15768 15748 1
85 31411 31377 1
86 4055 4049 1
87 2089 2086 0
88 15772 15757 0
89 7957 7950 0
90 7965 7958 0
91 31395 31368 1
92 15813 15783 1
93 62666 62610 1
94 31390 31361 1
95 31446 31419 1
96 62673 62625 1
97 4016 4013 1
98 62686 62647 0
99 31444 31434 0
100 7974 7972 0
101 62671 62625 0
102 31395 31373 0
103 15763 15752 0
104 15799 15788 0
105 31393 31374 0
106 15823 15814 0
107 125186 125111 0
108 125198 125131 0
109 62661 62628 0
110 125178 125114 0
111 125180 125121 0
112 31386 31372 0
113 62683 62656 0
114 31409 31396 0
115 125161 125111 0
116 125166 125119 0
117 125163 125119 0
118 31402 31393 0
119 62678 62662 0
120 7996 8003 0
121 4099 4103 0
122 62628 62613 0
123 15742 15739 0
124 62646 62638 0
125 15789 15789 0
126 15763 15763 0
127 15805 15810 0
128 31378 31388 0
129 31428 31441 0
130 31376 31389 0
131 15809 15816 0
132 15770 15777 0
133 15743 15750 0
134 4084 4086 0
135 15760 15768 0
136 7975 7980 0
137 7957 7963 0
138 15791 15804 0
139 15772 15785 0
140 7976 7984 0
141 15739 15755 0
142 7917 7926 0
143 15768 15788 0
144 15747 15767 0
145 7992 8003 0
146 4037 4043 0
147 4042 4049 0
148 4007 4014 0
149 7965 7979 0
150 7991 8006 0
151 7981 7996 0
152 4024 4033 0
153 7944 7962 0
154 7931 7949 0
155 7919 7937 0
156 2139 2144 0
157 4079 4090 0
158 2086 2092 0
159 7987 8010 0
160 4032 4044 0
161 7951 7977 0
162 7969 7996 0
163 7938 7965 0
164 4088 4102 0
165 4017 4032 0
166 7978 8008 0
167 7937 7967 0
168 4053 4070 0
169 2068 2080 0
170 4011 4035 0
171 2130 2143 0
172 4069 4100 0
173 4054 4086 0
174 4051 4084 0
175 2083 2100 0
176 2061 2079 0
177 2104 2123 0
178 2059 2078 0
179 2132 2152 0
180 2107 2129 0
181 2094 2117 0
182 2123 2150 0
183 2124 2152 0
184 2089 2117 0
185 2090 2125 0
186 92 95 0
187 51 56 0
188 50 57 0
189 70 80 0
190 76 89 0
191 67 86 0
192 72 98 0
193 48 70 0
194 53 81 0
195 22 34 0
196 40 63 0
197 44 72 0
198 39 72 0
199 12 23 0
200 25 59 0
201 8 24 0
202 125111 125131 0
203 125156 125158 0
204 125103 125120 0
205 125146 125160 0
206 125133 125131 0
207 250147 250135 0
208 250139 250179 0
209 500156 500191 0
210 250129 250126 0
211 125138 125160 0
212 250139 250145 0
213 250139 250140 0
214 250127 250141 0
215 250142 250148 0
216 250119 250155 0
217 125109 125116 0
218 125191 125190 0
219 125188 125186 0
220 500113 500159 0
221 250155 250142 0
222 250149 250169 0
223 125166 125183 0
224 500137 500172 0
225 125161 125177 0
226 125194 125198 0
227 250144 250146 0
228 125134 125157 0
229 500139 500179 0
230 250173 250200 0
231 125158 125178 0
232 250120 250122 0
233 500112 500119 0
234 500125 500193 0
235 500147 500184 0
236 500136 500186 0
237 500189 500112 0
238 500188 500110 0
239 125158 125138 0
240 125179 125165 0
241 125158 125127 0
242 250183 250129 0
243 250188 250117 0
244 250196 250155 0
245 250179 250118 0
246 250181 250129 0
247 125181 125168 0
248 500174 500121 0
249 500180 500108 0
250 250142 250119 0
251 500194 500131 0
252 250164 250108 0
253 250200 250171 0
254 250188 250140 0
255 250187 250123 0
256 125176 125162 0
257 125165 125132 0
258 250182 250125 0
259 250152 250101 0
260 250164 250126 0
261 500158 500125 0
262 62610 62606 0
263 500130 500103 0
264 250155 250134 0
265 250135 250117 0
266 125193 125186 0
267 250141 250123 0
268 125153 125144 0
269 125128 125120 0
270 500145 500111 0
271 62689 62685 0
272 500158 500119 0
273 500181 500138 0
274 62677 62671 0
275 500190 500114 0
276 500136 500196 0
277 62656 62663 0
278 250186 250176 0
279 500128 500121 0
280 500112 500200 0
281 500109 500144 0
282 500164 500195 0
283 62688 62690 0
284 500172 500166 0
285 500109 500136 0
286 500135 500113 0
287 500152 500143 0
288 500125 500129 0
289 500150 500190 0
290 500137 500188 0
291 500153 500162 0
292 62630 62628 0
293 500173 500171 0
294 500121 500147 0
295 250125 250156 0
296 500104 500182 0
297 500166 500179 0
298 500190 500175 0
299 62639 62639 0
300 500174 500184 0
301 62665 62675 0
302 62637 62647 0
303 500199 500176 0
304 62622 62621 0
305 250119 250160 0
306 125100 125114 0
307 250122 250162 0
308 125149 125161 0
309 250102 250123 0
310 125118 125134 0
311 500189 500168 0
312 31372 31405 0
313 4029 4082 0
314 31372 31445 0
315 4047 4085 0
316 4025 4078 0
317 4008 4091 0
318 31352 31421 0
319 31353 31388 0
320 31391 31413 0
321 31389 31408 0
322 31361 31421 0
323 31356 31419 0
324 31362 31433 0
325 4028 4070 0
326 2073 2135 0
327 250102 250165 0
328 2075 2148 0
329 31359 31413 0
330 31386 31409 0
331 2084 2142 0
332 4019 4070 0
333 31384 31418 0
334 31354 31389 0
335 31358 31440 0
336 2086 2149 0
337 31382 31426 0
338 62609 62650 0
339 62603 62670 0
340 31363 31420 0
341 62609 62639 0
342 62614 62685 0
343 31353 31422 0
344 62626 62644 0
345 31382 31408 0
346 62615 62636 0
347 4009 4047 0
348 4017 4064 0
349 2060 2134 0
350 2095 2145 0
351 62602 62631 0
352 2056 2138 0
353 62618 62673 0
354 4025 4065 0
355 62654 62688 0
356 4018 4056 0
357 31397 31414 0
358 62642 62673 0
359 62625 62673 0
360 16 85 0
361 62608 62620 0
362 15736 15765 0
363 7916 8001 0
364 4 80 0
365 18 82 0
366 62620 62641 0
367 7947 7999 0
368 7933 7974 0
369 62618 62700 0
370 62612 62670 0
371 1 87 0
372 250124 250177 0
373 250108 250171 0
374 15727 15783 0
375 7933 7991 0
376 250125 250171 0
377 62630 62675 0
378 7921 8001 0
379 62633 62667 0
380 15736 15791 0
381 62641 62655 0
382 250117 250183 0
383 5 59 0
384 15780 15821 0
385 62615 62652 0
386 250105 250187 0
387 62631 62647 0
388 125114 125176 0
389 125133 125163 0
390 125111 125196 0
391 15739 15800 0
392 125136 125170 0
393 125109 125194 0
394 125135 125185 0
395 15770 15816 0
396 18 94 0
397 125106 125180 0
398 15735 15803 0
399 15776 15807 0
--------------
1000000 :c
1003406 :sum(p)
999999 :sum(w)
