400 :n
id p,w,x
--------------
0 2149 2101 1
1 2113 2060 1
2 66 2 1
3 4084 4034 1
4 48 8 1
5 47 20 1
6 99 78 1
7 99 4 1
8 40 22 1
9 88 30 1
10 44 6 1
11 80 5 1
12 75 5 1
13 95 43 1
14 4101 4021 1
15 71 15 1
16 4105 4046 1
17 2109 2077 1
18 91 7 1
19 41 7 1
20 2149 2090 1
21 2141 2111 1
22 2152 2103 1
23 2118 2069 1
24 78 16 1
25 2122 2087 1
26 2134 2071 1
27 33 9 1
28 94 52 1
29 59 38 1
30 2153 2069 1
31 2094 2060 1
32 2119 2075 1
33 2090 2056 1
34 2111 2080 1
35 77 62 1
36 96 79 1
37 75 72 0
38 8010 7916 1
39 4063 4016 1
40 88 87 0
41 4054 4008 1
42 4068 4023 1
43 2097 2074 1
44 4046 4007 1
45 2082 2062 1
46 4092 4055 1
47 7999 7930 1
48 4092 4059 1
49 7990 7926 1
50 4066 4035 1
51 8002 7942 1
52 2138 2122 1
53 4058 4031 1
54 7984 7931 1
55 7965 7913 1
56 4037 4011 1
57 8005 7958 1
58 4031 4008 1
59 2121 2109 1
60 15817 15729 1
61 15808 15726 1
62 7983 7943 1
63 4038 4018 1
64 7973 7935 1
65 4101 4083 1
66 7987 7953 1
67 2125 2116 1
68 15818 15752 1
69 4077 4060 1
70 4039 4023 1
71 15811 15749 1
72 7984 7957 1
73 15793 15741 1
74 15805 15754 1
75 8006 7981 1
76 4042 4030 1
77 2103 2097 1
78 15818 15773 1
79 7994 7974 1
80 4021 4011 1
81 7969 7950 1
82 15779 15742 1
83 7933 7915 1
84 8008 7990 1
85 15812 15779 1
86 7964 7948 1
87 31421 31358 1
88 31415 31357 1
89 15782 15753 1
90 15787 15762 1
91 15791 15766 1
92 15818 15793 1
93 31437 31391 1
94 2082 2079 0
95 7994 7983 1
96 31442 31400 1
97 15810 15789 1
98 31430 31391 1
99 31402 31364 1
100 15752 15733 1
101 31407 31371 1
102 15822 15804 0
103 62693 62623 1
104 15758 15741 1
105 15811 15794 1
106 31395 31362 1
107 31449 31416 1
108 36 28 1
109 62690 62634 1
110 31413 31385 0
111 62665 62612 0
112 62658 62607 1
113 31441 31447 0
114 7995 8004 0
115 15735 15794 0
116 31391 31366 0
117 125199 125101 0
118 62649 62601 0
119 15768 15756 0
120 7978 7972 0
121 31402 31379 0
122 4099 4101 0
123 125182 125104 0
124 125192 125121 0
125 31388 31371 0
126 31398 31381 0
127 125196 125135 0
128 125184 125124 0
129 62643 62613 0
130 125191 125135 0
131 62664 62636 0
132 125179 125127 0
133 31419 31406 0
134 125179 125128 0
135 62629 62605 0
136 62688 62664 0
137 15803 15797 0
138 31365 31354 0
139 125177 125134 0
140 125179 125137 0
141 62695 62675 0
142 125182 125143 0
143 62627 62608 0
144 250182 250109 0
145 125142 125107 0
146 250185 250116 0
147 125149 125115 0
148 62697 62680 0
149 31438 31430 0
150 250175 250116 0
151 125152 125123 0
152 250178 250122 0
153 62681 62667 0
154 31381 31374 0
155 62632 62619 0
156 62670 62657 0
157 125160 125135 0
158 250175 250126 0
159 250179 250130 0
160 250153 250105 0
161 250174 250130 0
162 62621 62610 0
163 500197 500114 0
164 62613 62603 0
165 250154 250116 0
166 500180 500109 0
167 500193 500123 0
168 250162 250127 0
169 250176 250142 0
170 250167 250134 0
171 500170 500106 0
172 250156 250125 0
173 125125 125110 0
174 125192 125177 0
175 250154 250126 0
176 125190 125176 0
177 62644 62637 0
178 250197 250170 0
179 500180 500134 0
180 500187 500147 0
181 500193 500153 0
182 250136 250116 0
183 62636 62631 0
184 500173 500136 0
185 15768 15768 0
186 7949 7949 0
187 4034 4034 0
188 15766 15767 0
189 15769 15772 0
190 15728 15731 0
191 15758 15762 0
192 4070 4072 0
193 4059 4061 0
194 7973 7981 0
195 7968 7976 0
196 7956 7964 0
197 7933 7942 0
198 7981 7991 0
199 7928 7938 0
200 7965 7976 0
201 7954 7965 0
202 2078 2081 0
203 4089 4102 0
204 2063 2070 0
205 4037 4052 0
206 2091 2100 0
207 2062 2076 0
208 37 43 0
209 77 95 0
210 18 23 0
211 13 21 0
212 2 18 0
213 62631 62631 0
214 62652 62653 0
215 62618 62633 0
216 15732 15804 0
217 15773 15789 0
218 15739 15749 0
219 62615 62651 0
220 15745 15821 0
221 62609 62655 0
222 62641 62659 0
223 62639 62635 0
224 62606 62638 0
225 62661 62662 0
226 62647 62690 0
227 15769 15804 0
228 15749 15765 0
229 15737 15810 0
230 15735 15761 0
231 15795 15820 0
232 15741 15776 0
233 15728 15763 0
234 62649 62697 0
235 62611 62627 0
236 62604 62693 0
237 62689 62695 0
238 62639 62645 0
239 7974 8006 0
240 7934 7972 0
241 62615 62618 0
242 62676 62687 0
243 62636 62677 0
244 125162 125157 0
245 15768 15804 0
246 62650 62691 0
247 7965 8010 0
248 125115 125163 0
249 62639 62658 0
250 125133 125127 0
251 125195 125195 0
252 15730 15815 0
253 15747 15775 0
254 62609 62609 0
255 125154 125160 0
256 125152 125162 0
257 125135 125139 0
258 125132 125140 0
259 31439 31437 0
260 7962 7989 0
261 7938 7982 0
262 31365 31428 0
263 7964 7989 0
264 125158 125154 0
265 125140 125141 0
266 7947 7988 0
267 125122 125183 0
268 7916 7940 0
269 7970 8010 0
270 7926 7968 0
271 125107 125150 0
272 7953 7985 0
273 125184 125185 0
274 31359 31382 0
275 125193 125199 0
276 125174 125171 0
277 31367 31393 0
278 125162 125185 0
279 4073 4091 0
280 125186 125189 0
281 4016 4085 0
282 125107 125155 0
283 31373 31393 0
284 4033 4068 0
285 125142 125168 0
286 125172 125168 0
287 125111 125164 0
288 4044 4096 0
289 125103 125106 0
290 4049 4095 0
291 250172 250175 0
292 4046 4079 0
293 4007 4087 0
294 4022 4067 0
295 4011 4097 0
296 4064 4092 0
297 31416 31432 0
298 250116 250158 0
299 250191 250190 0
300 250119 250151 0
301 250118 250195 0
302 31382 31433 0
303 4054 4103 0
304 31381 31395 0
305 4020 4075 0
306 250142 250196 0
307 4030 4054 0
308 250106 250172 0
309 250113 250140 0
310 250160 250157 0
311 4020 4043 0
312 31365 31419 0
313 4031 4051 0
314 250141 250138 0
315 250150 250150 0
316 31390 31425 0
317 250158 250152 0
318 250170 250178 0
319 250110 250136 0
320 250154 250200 0
321 250129 250181 0
322 2084 2135 0
323 250111 250176 0
324 2055 2079 0
325 250126 250173 0
326 250118 250101 0
327 31362 31382 0
328 2081 2122 0
329 2081 2145 0
330 2068 2149 0
331 250123 250160 0
332 2070 2147 0
333 250121 250195 0
334 2072 2141 0
335 250136 250127 0
336 250106 250156 0
337 2064 2127 0
338 2126 2145 0
339 250160 250196 0
340 2066 2147 0
341 500135 500194 0
342 2074 2149 0
343 500121 500157 0
344 2074 2111 0
345 2090 2140 0
346 2074 2151 0
347 500138 500153 0
348 31355 31433 0
349 500182 500184 0
350 31416 31433 0
351 500126 500191 0
352 2083 2118 0
353 500134 500192 0
354 500162 500151 0
355 500176 500190 0
356 500126 500167 0
357 500129 500180 0
358 31371 31388 0
359 500140 500166 0
360 46 77 0
361 17 76 0
362 500112 500168 0
363 500111 500188 0
364 33 71 0
365 500104 500109 0
366 500167 500168 0
367 500155 500162 0
368 500101 500161 0
369 20 77 0
370 39 93 0
371 500167 500154 0
372 500182 500151 0
373 500136 500109 0
374 31375 31386 0
375 3 29 0
376 3 48 0
377 500133 500178 0
378 500136 500105 0
379 73 99 0
380 54 92 0
381 31422 31430 0
382 500200 500166 0
383 56 94 0
384 31373 31406 0
385 31361 31416 0
386 51 75 0
387 31410 31412 0
388 500177 500188 0
389 500129 500144 0
390 500171 500156 0
391 500109 500162 0
392 47 91 0
393 500158 500164 0
394 500160 500199 0
395 500134 500175 0
396 500115 500177 0
397 500138 500168 0
398 31402 31426 0
399 31393 31415 0
--------------
1000000 :c
1004251 :sum(p)
999999 :sum(w)
