400 :n
id p,w,x
--------------
0 4106 4028 1
1 4086 4026 1
2 40 11 1
3 4096 4041 1
4 85 3 1
5 31446 31388 1
6 31448 31395 1
7 93 37 1
8 31440 31366 1
9 15815 15765 1
10 81 50 1
11 15813 15775 1
12 4096 4068 1
13 4080 4042 1
14 2146 2107 1
15 15788 15746 1
16 4083 4051 1
17 31423 31363 1
18 2137 2108 1
19 90 56 1
20 67 3 1
21 2140 2111 1
22 68 34 1
23 15803 15745 1
24 51 19 1
25 15815 15733 1
26 85 31 1
27 8012 7953 1
28 45 3 1
29 2153 2070 1
30 95 27 1
31 2142 2087 1
32 2095 2059 1
33 2136 2059 1
34 7981 7939 1
35 2117 2054 1
36 7988 7942 1
37 7999 7922 1
38 2099 2060 1
39 7952 7916 1
40 2132 2055 1
41 7975 7926 1
42 2123 2079 1
43 2151 2059 1
44 2099 2059 1
45 7978 7933 1
46 8006 7913 1
47 8001 7924 1
48 7961 7926 1
49 7970 7915 1
50 4104 4050 1
51 7998 7929 1
52 2098 2060 1
53 23 4 1
54 29 14 1
55 74 56 1
56 46 35 1
57 89 72 1
58 67 60 1
59 2091 2066 1
60 2086 2064 1
61 2132 2112 1
62 2148 2131 1
63 2117 2102 1
64 4047 4020 1
65 4095 4068 1
66 4098 4075 1
67 4054 4032 1
68 4079 4058 1
69 4096 4079 1
70 4098 4081 1
71 4090 4074 1
72 2090 2082 1
73 7975 7947 1
74 4106 4093 1
75 4091 4079 1
76 2092 2086 1
77 4040 4030 1
78 15793 15757 1
79 4066 4058 1
80 2119 2115 1
81 4055 4048 0
82 15757 15732 1
83 31409 31361 1
84 15794 15770 1
85 4095 4089 0
86 31419 31373 1
87 2108 2105 1
88 15797 15775 1
89 31419 31377 1
90 15797 15777 1
91 31392 31353 1
92 31387 31352 1
93 7963 7950 1
94 31413 31379 1
95 31438 31405 1
96 31405 31373 1
97 62689 62629 1
98 31400 31372 0
99 11 3 1
100 62672 62606 1
101 7951 7933 1
102 31439 31411 1
103 31395 31369 0
104 31410 31384 1
105 31441 31444 0
106 15815 15824 0
107 15766 15774 0
108 31411 31386 1
109 15796 15784 0
110 7974 7968 0
111 62690 62643 0
112 62699 62653 0
113 2063 2068 0
114 125189 125101 0
115 62649 62609 0
116 7941 7936 0
117 62674 62635 0
118 62699 62665 0
119 125182 125116 0
120 125181 125117 0
121 31379 31363 0
122 15789 15781 0
123 7995 7991 0
124 4042 4040 0
125 4058 4056 0
126 125195 125135 0
127 62691 62661 0
128 2096 2095 1
129 125160 125104 0
130 62638 62610 0
131 62700 62674 0
132 125189 125139 0
133 250199 250101 0
134 125171 125123 0
135 125198 125150 0
136 62685 62661 0
137 15764 15758 0
138 125180 125135 0
139 31414 31403 0
140 125146 125104 0
141 125169 125128 0
142 62673 62653 0
143 15811 15806 0
144 125173 125134 0
145 62662 62643 0
146 62688 62669 0
147 125153 125116 0
148 250183 250110 0
149 250190 250123 0
150 125177 125146 0
151 31420 31413 0
152 250176 250125 0
153 250178 250127 0
154 250177 250129 0
155 15730 15727 0
156 250164 250118 0
157 500179 500102 0
158 250157 250124 0
159 250190 250157 0
160 62637 62629 0
161 15786 15784 0
162 500190 500128 0
163 250169 250139 0
164 62681 62674 0
165 500200 500146 0
166 125149 125136 0
167 500176 500128 0
168 62610 62604 0
169 500180 500134 0
170 250173 250152 0
171 125125 125115 0
172 500168 500134 0
173 500200 500166 0
174 31355 31353 0
175 500190 500159 0
176 500199 500172 0
177 250187 250176 0
178 500125 500106 0
179 500169 500151 0
180 500200 500183 0
181 250127 250119 0
182 31358 31357 0
183 125118 125115 0
184 125149 125146 0
185 250134 250129 0
186 500132 500123 0
187 500178 500169 0
188 500193 500184 0
189 500153 500147 0
190 250157 250154 0
191 500114 500109 0
192 500198 500193 0
193 125136 125135 0
194 500195 500193 0
195 7914 7915 0
196 55 59 0
197 55 59 0
198 51 58 0
199 56 64 0
200 7 8 0
201 15780 15799 0
202 31374 31444 0
203 31357 31360 0
204 15770 15787 0
205 15774 15818 0
206 15778 15806 0
207 31366 31424 0
208 31353 31402 0
209 15750 15798 0
210 31433 31443 0
211 15798 15823 0
212 31412 31447 0
213 15780 15800 0
214 15727 15768 0
215 31403 31428 0
216 15728 15781 0
217 15786 15787 0
218 31372 31419 0
219 62642 62646 0
220 15760 15768 0
221 31412 31423 0
222 15745 15757 0
223 62608 62653 0
224 15768 15822 0
225 15760 15788 0
226 62620 62658 0
227 15747 15780 0
228 15740 15753 0
229 62627 62698 0
230 62643 62648 0
231 62611 62662 0
232 15803 15812 0
233 15761 15777 0
234 15772 15777 0
235 62608 62614 0
236 15758 15799 0
237 15731 15786 0
238 62659 62666 0
239 62606 62619 0
240 7962 8009 0
241 7965 7973 0
242 7921 7961 0
243 7923 7971 0
244 7917 7923 0
245 7979 7984 0
246 7919 7948 0
247 62642 62664 0
248 7925 7976 0
249 62659 62671 0
250 62669 62677 0
251 7981 8005 0
252 62639 62691 0
253 62624 62663 0
254 7938 7983 0
255 7921 7950 0
256 62655 62677 0
257 62627 62667 0
258 7997 8005 0
259 7915 7960 0
260 7952 7999 0
261 62631 62653 0
262 62618 62654 0
263 7932 7964 0
264 7959 7994 0
265 7949 7956 0
266 62641 62656 0
267 7920 8002 0
268 7913 7972 0
269 62646 62663 0
270 15736 15755 0
271 62611 62640 0
272 62614 62633 0
273 62608 62676 0
274 125112 125143 0
275 125119 125120 0
276 125115 125186 0
277 7931 7944 0
278 7972 7994 0
279 125102 125131 0
280 4031 4101 0
281 125126 125177 0
282 4009 4049 0
283 4054 4067 0
284 4034 4099 0
285 4055 4077 0
286 125113 125176 0
287 125101 125173 0
288 125181 125195 0
289 125118 125142 0
290 125172 125177 0
291 125139 125169 0
292 125106 125138 0
293 4023 4081 0
294 125163 125183 0
295 4068 4081 0
296 4032 4103 0
297 125107 125175 0
298 125123 125159 0
299 125140 125165 0
300 125176 125176 0
301 125133 125136 0
302 4074 4098 0
303 125121 125140 0
304 125102 125110 0
305 4015 4102 0
306 4054 4098 0
307 125154 125156 0
308 4073 4094 0
309 250174 250199 0
310 250140 250174 0
311 250155 250190 0
312 4030 4081 0
313 4070 4080 0
314 250114 250120 0
315 4068 4098 0
316 4057 4089 0
317 250145 250146 0
318 4011 4098 0
319 2057 2118 0
320 250176 250191 0
321 250168 250172 0
322 2072 2112 0
323 250146 250162 0
324 250138 250171 0
325 250132 250173 0
326 250126 250139 0
327 250131 250163 0
328 250151 250191 0
329 250161 250182 0
330 250109 250167 0
331 2093 2135 0
332 250103 250121 0
333 250167 250175 0
334 31358 31397 0
335 250113 250189 0
336 2109 2143 0
337 250152 250157 0
338 250101 250113 0
339 2105 2144 0
340 2065 2078 0
341 2127 2149 0
342 250116 250145 0
343 2111 2143 0
344 2111 2144 0
345 250146 250164 0
346 250149 250185 0
347 2102 2120 0
348 250166 250199 0
349 2091 2125 0
350 2066 2085 0
351 250161 250199 0
352 500165 500188 0
353 500101 500161 0
354 500155 500187 0
355 2088 2147 0
356 2092 2139 0
357 500110 500144 0
358 2104 2142 0
359 500134 500191 0
360 500155 500188 0
361 22 37 0
362 500108 500182 0
363 15 36 0
364 500107 500164 0
365 18 76 0
366 26 69 0
367 500157 500185 0
368 55 98 0
369 500103 500120 0
370 500150 500194 0
371 500109 500127 0
372 31376 31396 0
373 500141 500188 0
374 500132 500185 0
375 42 80 0
376 31370 31445 0
377 500166 500187 0
378 31363 31429 0
379 500115 500159 0
380 44 97 0
381 500115 500164 0
382 500114 500124 0
383 31 97 0
384 36 100 0
385 500115 500170 0
386 64 94 0
387 500112 500133 0
388 31378 31436 0
389 19 100 0
390 31410 31416 0
391 6 83 0
392 40 69 0
393 12 85 0
394 5 61 0
395 25 86 0
396 38 84 0
397 500105 500182 0
398 31375 31377 0
399 31408 31420 0
--------------
1000000 :c
1003939 :sum(p)
1000000 :sum(w)
