400 :n
id p,w,x
--------------
0 2143 2099 1
1 2140 2080 1
2 8011 7934 1
3 8011 7929 1
4 7984 7928 1
5 2150 2086 1
6 8012 7926 1
7 74 40 1
8 7993 7923 1
9 4097 4027 1
10 2100 2074 1
11 4094 4017 1
12 4099 4070 1
13 60 18 1
14 4105 4025 1
15 4056 4022 1
16 88 25 1
17 4103 4074 1
18 49 17 1
19 4089 4057 1
20 4085 4054 1
21 2134 2067 1
22 92 16 1
23 4056 4026 1
24 62 35 1
25 4065 4034 1
26 4039 4011 1
27 67 7 1
28 90 36 1
29 2134 2108 1
30 2139 2080 1
31 84 32 1
32 2088 2059 1
33 2099 2068 1
34 2112 2071 1
35 2105 2063 1
36 79 6 1
37 2096 2065 1
38 64 33 1
39 4044 4018 1
40 7973 7943 1
41 15821 15752 1
42 7998 7968 1
43 15816 15736 1
44 15821 15727 1
45 4081 4053 1
46 4098 4070 1
47 7994 7957 1
48 4065 4037 1
49 31 14 1
50 38 21 1
51 28 16 1
52 47 28 1
53 52 35 1
54 53 40 1
55 18 14 1
56 34 27 1
57 84 68 1
58 2085 2065 1
59 2127 2109 1
60 2091 2076 1
61 2077 2063 1
62 2088 2075 1
63 2151 2138 1
64 4087 4066 1
65 4084 4065 1
66 2065 2056 1
67 2074 2065 1
68 4045 4028 1
69 2115 2107 1
70 15821 15763 1
71 15812 15755 1
72 4041 4030 1
73 15790 15748 1
74 15772 15731 1
75 31449 31371 1
76 31449 31373 1
77 15784 15746 1
78 7950 7931 1
79 31438 31363 1
80 7937 7919 1
81 4046 4037 1
82 7953 7937 1
83 31415 31353 1
84 31450 31388 1
85 31426 31366 1
86 31432 31372 1
87 15821 15791 1
88 31412 31353 1
89 15819 15790 1
90 15803 15775 1
91 7964 7951 0
92 8007 7994 1
93 15774 15749 1
94 31447 31399 1
95 15794 15771 1
96 2131 2128 0
97 15755 15733 1
98 15802 15780 1
99 15825 15805 1
100 7943 7933 0
101 2148 2135 1
102 31428 31389 1
103 31443 31404 1
104 31392 31359 1
105 31402 31369 0
106 77 20 1
107 62690 62618 1
108 7935 7922 1
109 2077 2075 0
110 31389 31359 0
111 31403 31375 0
112 15819 15823 0
113 15813 15805 0
114 15766 15782 0
115 62659 62605 1
116 62695 62643 0
117 4012 4009 0
118 62683 62640 0
119 7983 7981 0
120 62688 62645 0
121 125195 125112 0
122 15756 15746 1
123 125181 125104 0
124 62649 62614 0
125 62690 62655 0
126 62668 62634 0
127 31410 31393 0
128 7948 7944 0
129 4063 4061 0
130 4090 4088 0
131 15743 15736 0
132 15789 15784 0
133 31362 31353 0
134 31443 31434 0
135 15758 15754 0
136 4017 4016 0
137 7970 7972 0
138 7956 7959 0
139 4029 4032 0
140 4035 4039 0
141 7955 7966 0
142 4071 4081 0
143 4054 4064 0
144 4087 4100 0
145 4090 4104 0
146 4061 4077 0
147 4029 4045 0
148 4018 4034 0
149 2071 2082 0
150 2128 2145 0
151 2117 2135 0
152 94 97 0
153 65 71 0
154 67 77 0
155 63 83 0
156 38 58 0
157 23 38 0
158 8 18 0
159 500122 500104 0
160 62633 62632 0
161 500180 500122 0
162 500143 500106 0
163 31424 31420 0
164 250161 250112 0
165 500167 500119 0
166 500139 500122 0
167 500192 500183 0
168 500171 500103 0
169 500172 500146 0
170 500144 500135 0
171 125112 125101 0
172 500182 500153 0
173 125104 125102 0
174 500151 500139 0
175 125146 125138 0
176 125128 125114 0
177 500130 500109 0
178 125188 125189 0
179 125117 125100 0
180 500191 500141 0
181 500199 500183 0
182 500111 500103 0
183 500146 500110 0
184 500167 500171 0
185 500126 500117 0
186 125169 125170 0
187 31368 31367 0
188 125173 125168 0
189 500104 500101 0
190 250188 250147 0
191 500194 500152 0
192 250164 250148 0
193 250195 250174 0
194 250162 250153 0
195 250156 250109 0
196 250166 250144 0
197 250111 250106 0
198 250127 250111 0
199 250193 250172 0
200 250162 250137 0
201 250197 250173 0
202 250148 250147 0
203 250130 250120 0
204 250129 250122 0
205 250156 250151 0
206 250197 250199 0
207 500175 500135 0
208 500155 500149 0
209 500182 500138 0
210 62646 62636 0
211 125153 125118 0
212 125173 125130 0
213 250173 250110 0
214 125187 125153 0
215 62666 62638 0
216 125154 125123 0
217 125173 125116 0
218 62640 62622 0
219 125189 125142 0
220 125133 125108 0
221 125171 125122 0
222 125165 125105 0
223 250170 250110 0
224 62664 62634 0
225 125163 125100 0
226 125190 125148 0
227 62683 62667 0
228 125170 125138 0
229 250175 250118 0
230 62656 62644 0
231 62686 62682 0
232 500150 500141 0
233 15766 15775 0
234 15813 15821 0
235 15791 15804 0
236 15766 15806 0
237 31375 31442 0
238 15772 15811 0
239 31351 31370 0
240 31377 31397 0
241 7935 8007 0
242 7958 8002 0
243 7963 8006 0
244 31385 31414 0
245 31404 31431 0
246 31376 31405 0
247 7931 7952 0
248 7918 7987 0
249 7937 7963 0
250 15728 15791 0
251 31426 31441 0
252 7923 8006 0
253 31367 31370 0
254 31364 31401 0
255 62652 62687 0
256 7938 7981 0
257 7936 7997 0
258 7924 7949 0
259 7915 7966 0
260 7935 7976 0
261 7949 7981 0
262 62611 62647 0
263 7939 7981 0
264 7949 8012 0
265 62645 62689 0
266 62645 62669 0
267 62654 62667 0
268 7933 7984 0
269 7924 8005 0
270 7926 7974 0
271 7941 7970 0
272 62677 62697 0
273 62677 62682 0
274 31401 31449 0
275 31369 31422 0
276 62627 62658 0
277 7968 8006 0
278 62659 62669 0
279 31404 31436 0
280 62622 62647 0
281 62647 62651 0
282 62657 62695 0
283 31381 31429 0
284 62619 62620 0
285 31364 31440 0
286 62620 62674 0
287 4023 4060 0
288 4031 4096 0
289 62615 62660 0
290 62605 62624 0
291 62603 62661 0
292 62605 62686 0
293 31355 31404 0
294 62642 62660 0
295 4036 4102 0
296 62655 62693 0
297 4044 4105 0
298 62628 62673 0
299 4064 4082 0
300 31355 31424 0
301 62625 62652 0
302 62613 62661 0
303 62658 62666 0
304 125130 125145 0
305 4017 4070 0
306 125115 125167 0
307 125197 125199 0
308 15730 15805 0
309 125176 125179 0
310 125128 125143 0
311 15747 15787 0
312 125149 125191 0
313 125145 125161 0
314 125107 125121 0
315 15768 15791 0
316 125124 125140 0
317 31398 31420 0
318 4036 4088 0
319 2094 2149 0
320 125125 125162 0
321 2119 2152 0
322 125119 125139 0
323 125167 125189 0
324 2067 2124 0
325 125164 125183 0
326 125117 125173 0
327 125117 125167 0
328 31371 31388 0
329 2108 2140 0
330 125114 125144 0
331 2071 2104 0
332 2092 2116 0
333 2064 2086 0
334 125139 125196 0
335 2083 2104 0
336 2056 2151 0
337 31379 31386 0
338 2118 2141 0
339 2114 2149 0
340 15782 15790 0
341 125124 125142 0
342 250167 250196 0
343 250140 250161 0
344 250111 250146 0
345 250134 250187 0
346 250106 250144 0
347 250132 250158 0
348 250162 250176 0
349 250146 250181 0
350 250129 250179 0
351 250103 250108 0
352 250144 250175 0
353 250117 250164 0
354 250123 250167 0
355 250117 250143 0
356 250173 250198 0
357 2055 2097 0
358 2111 2145 0
359 250131 250151 0
360 15760 15773 0
361 8 36 0
362 250114 250120 0
363 25 92 0
364 31385 31427 0
365 250160 250181 0
366 500125 500131 0
367 250149 250191 0
368 250128 250146 0
369 16 71 0
370 500105 500128 0
371 17 47 0
372 32 94 0
373 500140 500196 0
374 47 70 0
375 500107 500162 0
376 15730 15759 0
377 15726 15800 0
378 7 82 0
379 500114 500120 0
380 500119 500186 0
381 500110 500159 0
382 42 100 0
383 500120 500149 0
384 3 43 0
385 15731 15770 0
386 500135 500153 0
387 15754 15810 0
388 500106 500124 0
389 500121 500162 0
390 18 52 0
391 500166 500194 0
392 500169 500189 0
393 6 61 0
394 500153 500178 0
395 24 66 0
396 500115 500134 0
397 500185 500194 0
398 15743 15798 0
399 15768 15825 0
--------------
1000000 :c
1004085 :sum(p)
1000000 :sum(w)
