400 :n
id p,w,x
--------------
0 15813 15757 1
1 15814 15765 1
2 7985 7923 1
3 99 36 1
4 7985 7938 1
5 15823 15757 1
6 50 15 1
7 68 4 1
8 72 36 1
9 8011 7966 1
10 8006 7921 1
11 31443 31352 1
12 100 19 1
13 8008 7957 1
14 7972 7928 1
15 94 40 1
16 4071 4036 1
17 74 20 1
18 70 29 1
19 97 15 1
20 50 9 1
21 4056 4011 1
22 94 2 1
23 31428 31355 1
24 2131 2063 1
25 2130 2061 1
26 2119 2072 1
27 4097 4054 1
28 31447 31381 1
29 4072 4015 1
30 31433 31365 1
31 2152 2076 1
32 2110 2071 1
33 62700 62605 1
34 2151 2086 1
35 2151 2096 1
36 56 26 1
37 67 38 1
38 28 16 1
39 61 36 1
40 38 24 1
41 32 21 1
42 85 58 1
43 70 57 1
44 69 57 1
45 61 51 1
46 61 51 1
47 2082 2059 1
48 2129 2107 1
49 2145 2125 1
50 2108 2090 1
51 2102 2088 1
52 4103 4076 1
53 2127 2115 1
54 4104 4083 1
55 4032 4012 1
56 7963 7926 1
57 7991 7954 1
58 4039 4021 1
59 2087 2078 1
60 4087 4071 1
61 4100 4085 1
62 7974 7951 1
63 8008 7986 1
64 15824 15785 1
65 2107 2102 0
66 2153 2148 1
67 4046 4037 1
68 15790 15757 1
69 7984 7968 1
70 15794 15763 1
71 2093 2089 0
72 7931 7917 1
73 4071 4064 0
74 15779 15754 1
75 8004 7992 1
76 4047 4041 0
77 15797 15777 1
78 8002 7992 1
79 31432 31393 1
80 4035 4030 1
81 15790 15771 1
82 62685 62611 1
83 31432 31396 1
84 15744 15726 1
85 15782 15764 1
86 7940 7931 1
87 15808 15791 1
88 31413 31381 1
89 15779 15749 1
90 7933 7925 0
91 4069 4065 0
92 4087 4083 0
93 15808 15793 0
94 60 7 1
95 62670 62602 1
96 62667 62607 1
97 62670 62611 1
98 62694 62642 1
99 15797 15785 0
100 62693 62648 0
101 15814 15809 0
102 500158 500127 0
103 31400 31374 0
104 62652 62608 0
105 125192 125105 0
106 62681 62638 0
107 2136 2137 0
108 62684 62646 0
109 31408 31389 0
110 62644 62607 0
111 62658 62623 0
112 31402 31385 0
113 125177 125117 0
114 125179 125130 0
115 125149 125101 0
116 62689 62665 0
117 15805 15799 0
118 62684 62661 0
119 125157 125113 0
120 62640 62619 0
121 250196 250116 0
122 31426 31416 0
123 15737 15732 0
124 31371 31362 0
125 31448 31439 0
126 15745 15741 0
127 31358 31352 0
128 31385 31379 0
129 15813 15810 0
130 31448 31443 0
131 15731 15729 0
132 15808 15806 0
133 13 13 0
134 2118 2118 0
135 74 74 0
136 7959 7960 0
137 15792 15794 0
138 15789 15792 0
139 4085 4086 0
140 15794 15800 0
141 2093 2094 0
142 7954 7958 0
143 8002 8007 0
144 7951 7957 0
145 2112 2114 0
146 2068 2070 0
147 7919 7927 0
148 4048 4054 0
149 7922 7935 0
150 7965 7980 0
151 4045 4055 0
152 4063 4076 0
153 2111 2119 0
154 4076 4093 0
155 2133 2143 0
156 2133 2144 0
157 2128 2141 0
158 2060 2076 0
159 89 98 0
160 69 77 0
161 64 73 0
162 48 63 0
163 7 21 0
164 62624 62604 0
165 31363 31376 0
166 31398 31412 0
167 31438 31443 0
168 125170 125137 0
169 31357 31396 0
170 31364 31377 0
171 31387 31430 0
172 125192 125178 0
173 125167 125137 0
174 125143 125182 0
175 31368 31400 0
176 31372 31417 0
177 31369 31384 0
178 31367 31383 0
179 125168 125146 0
180 125156 125137 0
181 31379 31440 0
182 31370 31437 0
183 125124 125116 0
184 31399 31450 0
185 31359 31400 0
186 31385 31414 0
187 125122 125170 0
188 31373 31397 0
189 125120 125164 0
190 31408 31420 0
191 125108 125102 0
192 31369 31428 0
193 31372 31441 0
194 31392 31423 0
195 31395 31396 0
196 31408 31440 0
197 31405 31425 0
198 31424 31446 0
199 125134 125128 0
200 125177 125188 0
201 15786 15821 0
202 15737 15789 0
203 15781 15825 0
204 15757 15767 0
205 125152 125141 0
206 15746 15781 0
207 125169 125151 0
208 125142 125123 0
209 62636 62642 0
210 125182 125154 0
211 125111 125137 0
212 62624 62668 0
213 15813 15823 0
214 125173 125166 0
215 125129 125169 0
216 15731 15773 0
217 125184 125174 0
218 62654 62652 0
219 125127 125113 0
220 125144 125186 0
221 15742 15755 0
222 250175 250176 0
223 250162 250141 0
224 125184 125188 0
225 15755 15811 0
226 15759 15779 0
227 15751 15786 0
228 15728 15756 0
229 250189 250191 0
230 15750 15781 0
231 250169 250123 0
232 250114 250156 0
233 125113 125180 0
234 15735 15813 0
235 15744 15807 0
236 250141 250200 0
237 250143 250165 0
238 125146 125114 0
239 62626 62682 0
240 250117 250102 0
241 250105 250129 0
242 250135 250162 0
243 7947 7971 0
244 125133 125167 0
245 7966 8005 0
246 250148 250115 0
247 250151 250124 0
248 125193 125159 0
249 250183 250193 0
250 250104 250170 0
251 7935 7987 0
252 125105 125173 0
253 62618 62647 0
254 7943 7974 0
255 250159 250140 0
256 250134 250127 0
257 125191 125152 0
258 250132 250152 0
259 125117 125107 0
260 250115 250132 0
261 250144 250164 0
262 7929 7972 0
263 7931 7953 0
264 7919 7964 0
265 7924 7983 0
266 7941 7962 0
267 7989 8011 0
268 7961 7991 0
269 7984 8006 0
270 7938 7964 0
271 250158 250197 0
272 250173 250194 0
273 7963 7980 0
274 7914 7982 0
275 250180 250120 0
276 250107 250181 0
277 7927 8008 0
278 7915 7968 0
279 250182 250149 0
280 4007 4073 0
281 4010 4033 0
282 250160 250148 0
283 250156 250120 0
284 250135 250130 0
285 4019 4097 0
286 4067 4099 0
287 4065 4085 0
288 62646 62628 0
289 62604 62691 0
290 4020 4105 0
291 250171 250165 0
292 250120 250115 0
293 250105 250157 0
294 4019 4103 0
295 4063 4099 0
296 4019 4060 0
297 125180 125166 0
298 4007 4097 0
299 250138 250107 0
300 250158 250166 0
301 62672 62654 0
302 4065 4105 0
303 250182 250123 0
304 250192 250152 0
305 4015 4041 0
306 62633 62693 0
307 4045 4084 0
308 4010 4084 0
309 4027 4053 0
310 4051 4092 0
311 4043 4102 0
312 4026 4082 0
313 250171 250187 0
314 4039 4097 0
315 250103 250162 0
316 250160 250195 0
317 250149 250141 0
318 250105 250174 0
319 500138 500105 0
320 125156 125194 0
321 62623 62664 0
322 500159 500109 0
323 62647 62656 0
324 2074 2119 0
325 500123 500134 0
326 2086 2135 0
327 2072 2112 0
328 500184 500137 0
329 500166 500134 0
330 62669 62667 0
331 500148 500121 0
332 500165 500105 0
333 2079 2116 0
334 500149 500180 0
335 2120 2143 0
336 62656 62671 0
337 2071 2116 0
338 500155 500155 0
339 2077 2115 0
340 62633 62660 0
341 500199 500116 0
342 2062 2145 0
343 500116 500183 0
344 125147 125121 0
345 500150 500106 0
346 62651 62689 0
347 500122 500133 0
348 2096 2131 0
349 62644 62664 0
350 2074 2125 0
351 2090 2121 0
352 500132 500196 0
353 500159 500129 0
354 500155 500171 0
355 2067 2153 0
356 62647 62654 0
357 2100 2132 0
358 500151 500104 0
359 500130 500142 0
360 22 62 0
361 62643 62696 0
362 500102 500147 0
363 500126 500188 0
364 62688 62696 0
365 500145 500125 0
366 500187 500147 0
367 10 99 0
368 32 93 0
369 500135 500101 0
370 62617 62635 0
371 62618 62661 0
372 500149 500132 0
373 125178 125193 0
374 500195 500172 0
375 500165 500196 0
376 38 62 0
377 21 53 0
378 500160 500159 0
379 12 49 0
380 500174 500167 0
381 11 92 0
382 34 92 0
383 500133 500178 0
384 50 80 0
385 500103 500173 0
386 500111 500111 0
387 500107 500157 0
388 500199 500117 0
389 125123 125143 0
390 62623 62684 0
391 500116 500120 0
392 3 64 0
393 500161 500115 0
394 500112 500131 0
395 500166 500175 0
396 500186 500142 0
397 500171 500170 0
398 62637 62637 0
399 62607 62662 0
--------------
1000000 :c
1003490 :sum(p)
1000000 :sum(w)
