400 :n
id p,w,x
--------------
0 2120 2075 1
1 4066 4038 1
2 53 20 1
3 55 7 1
4 4073 4008 1
5 8011 7916 1
6 8001 7944 1
7 8011 7966 1
8 4100 4067 1
9 99 2 1
10 7996 7924 1
11 65 1 1
12 75 48 1
13 2141 2115 1
14 49 13 1
15 15822 15730 1
16 92 25 1
17 2124 2079 1
18 61 40 1
19 68 23 1
20 61 28 1
21 8000 7962 1
22 31 6 1
23 7975 7918 1
24 86 44 1
25 86 70 1
26 80 44 1
27 82 64 1
28 97 80 1
29 36 15 1
30 2121 2060 1
31 15818 15726 1
32 2071 2057 1
33 2139 2083 1
34 4078 4048 1
35 4049 4009 1
36 4097 4024 1
37 2130 2060 1
38 4095 4011 1
39 4073 4041 1
40 2112 2073 1
41 4074 4026 1
42 4101 4021 1
43 2082 2055 1
44 2121 2069 1
45 4070 4048 1
46 2148 2116 1
47 4080 4016 1
48 4073 4045 1
49 2152 2101 1
50 2116 2083 1
51 4104 4059 1
52 2107 2076 1
53 15809 15760 1
54 31392 31352 1
55 31436 31391 1
56 31410 31365 1
57 15767 15741 1
58 31404 31362 1
59 31424 31379 1
60 31439 31376 1
61 31431 31369 1
62 15784 15743 1
63 15817 15758 1
64 7961 7934 1
65 7980 7962 1
66 15813 15740 1
67 15769 15733 1
68 7983 7950 1
69 7999 7969 1
70 15791 15745 1
71 15793 15760 1
72 15780 15728 1
73 7955 7930 1
74 15786 15726 1
75 15812 15763 1
76 38 30 1
77 60 52 1
78 66 59 1
79 86 82 1
80 88 86 1
81 2070 2059 1
82 2089 2079 1
83 2084 2075 1
84 2081 2076 1
85 2097 2092 1
86 4101 4092 1
87 4057 4049 1
88 2137 2133 1
89 7927 7913 1
90 7946 7932 1
91 4046 4039 1
92 7955 7942 1
93 2079 2076 1
94 15796 15774 1
95 15789 15769 1
96 31399 31360 1
97 31393 31356 1
98 15760 15742 1
99 31407 31373 1
100 62699 62633 1
101 4026 4022 1
102 62688 62626 0
103 53 35 1
104 62684 62602 1
105 4014 4010 0
106 2085 2083 1
107 15784 15769 1
108 31413 31385 0
109 7996 7989 0
110 7985 8006 0
111 15753 15820 0
112 31425 31398 1
113 15746 15733 1
114 62675 62626 0
115 31417 31393 0
116 15782 15770 1
117 62656 62609 0
118 62663 62619 0
119 31385 31363 0
120 31387 31366 0
121 31446 31425 0
122 4061 4063 0
123 2132 2134 0
124 4057 4061 0
125 4016 4020 0
126 2106 2110 0
127 2100 2104 0
128 2130 2135 0
129 63 64 0
130 93 99 0
131 62698 62659 0
132 125172 125122 0
133 125141 125130 0
134 125127 125121 0
135 62669 62657 0
136 125147 125132 0
137 62693 62652 0
138 62654 62643 0
139 62675 62639 0
140 125121 125109 0
141 125171 125149 0
142 62614 62605 0
143 62670 62628 0
144 125174 125111 0
145 62653 62611 0
146 250150 250124 0
147 62615 62610 0
148 62655 62632 0
149 62661 62645 0
150 250150 250135 0
151 62684 62642 0
152 62690 62684 0
153 250179 250166 0
154 250193 250107 0
155 250179 250109 0
156 250166 250136 0
157 250175 250102 0
158 250189 250171 0
159 250163 250145 0
160 250155 250134 0
161 250190 250119 0
162 250170 250122 0
163 31415 31411 0
164 250143 250106 0
165 250182 250116 0
166 31371 31358 0
167 500150 500129 0
168 250190 250109 0
169 500146 500125 0
170 500195 500170 0
171 31410 31396 0
172 125166 125135 0
173 500194 500151 0
174 500198 500112 0
175 500175 500147 0
176 62646 62639 0
177 500150 500110 0
178 500183 500157 0
179 500188 500140 0
180 500193 500133 0
181 500137 500112 0
182 31450 31443 0
183 31436 31432 0
184 125133 125116 0
185 125188 125147 0
186 125171 125145 0
187 125169 125118 0
188 125164 125100 0
189 125161 125114 0
190 125140 125132 0
191 15792 15790 0
192 125157 125151 0
193 62624 62617 0
194 125135 125118 0
195 125161 125147 0
196 125196 125113 0
197 31395 31414 0
198 31412 31436 0
199 31363 31429 0
200 15731 15764 0
201 31398 31411 0
202 31354 31410 0
203 31363 31371 0
204 31372 31438 0
205 62640 62699 0
206 15787 15813 0
207 15726 15805 0
208 62657 62678 0
209 62668 62687 0
210 62660 62695 0
211 62676 62693 0
212 15813 15815 0
213 62631 62649 0
214 15731 15817 0
215 15761 15798 0
216 15736 15769 0
217 15762 15812 0
218 15740 15754 0
219 15753 15794 0
220 62633 62632 0
221 15751 15822 0
222 62652 62694 0
223 15813 15821 0
224 15750 15783 0
225 62612 62630 0
226 15746 15766 0
227 15775 15787 0
228 62613 62698 0
229 15798 15799 0
230 15772 15811 0
231 62631 62677 0
232 15730 15746 0
233 15726 15808 0
234 62632 62683 0
235 62640 62692 0
236 62620 62633 0
237 62639 62676 0
238 62624 62683 0
239 7933 7992 0
240 7937 7980 0
241 7917 7968 0
242 7939 7974 0
243 7958 7969 0
244 7924 7932 0
245 7959 8010 0
246 7970 7977 0
247 7946 7974 0
248 62674 62684 0
249 62603 62681 0
250 7963 7987 0
251 62632 62634 0
252 7955 7997 0
253 125181 125192 0
254 125139 125173 0
255 7952 7996 0
256 7957 8000 0
257 125161 125164 0
258 7929 7965 0
259 125131 125183 0
260 7983 7986 0
261 31375 31420 0
262 7928 7933 0
263 125163 125160 0
264 7963 7984 0
265 7981 7994 0
266 125128 125124 0
267 125138 125180 0
268 7932 7992 0
269 7934 7967 0
270 7931 7939 0
271 7925 8004 0
272 125169 125187 0
273 125172 125186 0
274 125122 125124 0
275 125151 125160 0
276 7915 7957 0
277 7958 8011 0
278 125132 125172 0
279 125101 125179 0
280 4025 4045 0
281 125136 125145 0
282 4072 4105 0
283 4037 4058 0
284 4018 4046 0
285 4050 4089 0
286 31379 31392 0
287 4090 4106 0
288 31356 31445 0
289 125139 125175 0
290 4039 4055 0
291 4056 4068 0
292 4085 4099 0
293 125132 125138 0
294 4012 4070 0
295 4082 4101 0
296 125147 125198 0
297 125100 125176 0
298 4062 4106 0
299 125132 125189 0
300 4037 4080 0
301 125117 125152 0
302 125103 125169 0
303 250198 250191 0
304 250103 250123 0
305 250186 250195 0
306 250129 250128 0
307 4014 4068 0
308 250187 250180 0
309 250127 250181 0
310 31358 31362 0
311 4029 4103 0
312 4060 4083 0
313 250112 250172 0
314 250137 250166 0
315 4013 4064 0
316 250161 250200 0
317 4066 4084 0
318 250179 250181 0
319 31376 31406 0
320 250168 250197 0
321 2077 2087 0
322 2091 2149 0
323 250115 250115 0
324 250122 250190 0
325 250131 250161 0
326 250130 250151 0
327 250176 250199 0
328 2063 2099 0
329 250130 250127 0
330 2071 2083 0
331 2060 2143 0
332 250124 250175 0
333 2071 2100 0
334 250170 250164 0
335 250120 250143 0
336 250111 250103 0
337 31372 31449 0
338 250160 250157 0
339 250159 250183 0
340 2064 2119 0
341 250129 250176 0
342 250146 250136 0
343 2073 2109 0
344 500146 500138 0
345 2117 2132 0
346 500179 500175 0
347 31366 31370 0
348 500180 500161 0
349 500163 500178 0
350 500109 500147 0
351 500175 500196 0
352 2055 2095 0
353 2100 2134 0
354 2067 2093 0
355 2063 2073 0
356 31387 31433 0
357 500110 500107 0
358 2092 2100 0
359 16 96 0
360 500147 500136 0
361 50 91 0
362 500125 500186 0
363 500167 500186 0
364 500106 500113 0
365 500111 500159 0
366 500127 500197 0
367 22 55 0
368 500165 500154 0
369 59 89 0
370 500169 500176 0
371 27 51 0
372 2 45 0
373 500144 500155 0
374 32 92 0
375 500171 500164 0
376 500145 500151 0
377 500138 500132 0
378 7 81 0
379 500165 500158 0
380 63 96 0
381 33 56 0
382 500141 500158 0
383 28 75 0
384 500191 500200 0
385 500166 500185 0
386 500153 500155 0
387 500128 500192 0
388 500152 500137 0
389 500135 500161 0
390 31385 31418 0
391 500159 500169 0
392 31 58 0
393 80 90 0
394 500118 500155 0
395 2 31 0
396 31410 31422 0
397 38 97 0
398 31407 31411 0
399 31372 31436 0
--------------
1000000 :c
1003997 :sum(p)
1000000 :sum(w)
