400 :n
id p,w,x
--------------
0 4092 4062 1
1 4060 4008 1
2 4061 4018 1
3 72 44 1
4 7977 7917 1
5 74 30 1
6 2133 2068 1
7 66 7 1
8 4073 4024 1
9 2124 2068 1
10 8006 7923 1
11 7990 7917 1
12 4074 4039 1
13 8007 7949 1
14 4071 4026 1
15 4070 4039 1
16 78 18 1
17 4092 4015 1
18 4087 4007 1
19 2152 2100 1
20 65 40 1
21 96 32 1
22 49 2 1
23 67 26 1
24 2135 2084 1
25 80 43 1
26 96 12 1
27 7999 7934 1
28 2148 2113 1
29 2148 2079 1
30 2146 2058 1
31 2120 2070 1
32 22 3 1
33 67 43 1
34 34 22 1
35 70 47 1
36 51 37 1
37 60 44 1
38 93 75 1
39 70 60 1
40 11 10 0
41 95 92 1
42 2097 2073 1
43 2107 2083 1
44 89 88 0
45 2118 2097 1
46 2074 2058 1
47 4070 4042 1
48 4079 4054 1
49 2144 2131 1
50 7999 7952 1
51 2072 2061 0
52 7993 7951 1
53 4036 4015 1
54 7972 7933 1
55 15818 15743 1
56 15815 15749 1
57 7947 7914 1
58 7966 7936 1
59 7995 7965 1
60 15789 15735 1
61 15823 15769 1
62 7969 7944 1
63 15779 15731 1
64 31444 31351 1
65 15785 15740 1
66 15788 15744 1
67 15802 15758 1
68 15813 15770 1
69 31442 31357 1
70 31447 31363 1
71 15818 15779 1
72 4073 4063 0
73 4080 4070 1
74 7943 7925 1
75 4083 4074 0
76 7973 7956 1
77 31435 31368 1
78 15783 15750 1
79 15793 15769 1
80 15762 15739 1
81 15779 15749 1
82 7932 7917 1
83 7996 7982 1
84 31436 31381 1
85 31405 31352 1
86 15809 15784 1
87 4094 4047 1
88 62698 62607 1
89 31398 31355 1
90 62692 62602 1
91 62695 62610 1
92 31426 31363 1
93 62691 62608 1
94 4022 4009 1
95 15801 15781 0
96 31417 31378 0
97 31405 31367 1
98 31449 31437 0
99 15812 15825 0
100 4010 4007 0
101 15776 15757 1
102 7968 7959 0
103 4090 4086 0
104 62690 62618 0
105 15799 15794 0
106 31447 31413 0
107 62686 62623 0
108 62677 62605 0
109 62686 62625 0
110 31425 31395 0
111 15762 15748 0
112 7989 7982 0
113 91 96 0
114 62680 62607 0
115 4036 4033 0
116 31409 31386 0
117 31445 31425 0
118 15798 15788 0
119 31382 31363 0
120 31437 31418 0
121 125191 125125 0
122 125166 125101 0
123 62665 62633 0
124 62633 62605 0
125 62649 62622 0
126 125187 125135 0
127 31422 31409 0
128 125158 125108 0
129 125187 125137 0
130 7959 7956 0
131 125165 125118 0
132 125155 125111 0
133 125167 125123 0
134 125182 125141 0
135 62626 62608 0
136 62671 62653 0
137 31410 31402 0
138 4077 4076 0
139 62671 62656 0
140 15773 15770 0
141 62665 62654 0
142 7988 7987 0
143 31416 31414 0
144 31428 31426 0
145 15758 15757 0
146 31427 31426 0
147 4094 4094 0
148 62 62 0
149 4062 4064 0
150 7976 7980 0
151 7961 7965 0
152 2091 2093 0
153 4015 4019 0
154 2140 2143 0
155 2079 2082 0
156 2062 2065 0
157 7997 8011 0
158 7994 8008 0
159 2098 2102 0
160 4027 4037 0
161 2104 2110 0
162 2072 2078 0
163 4034 4048 0
164 4084 4099 0
165 4070 4085 0
166 2093 2101 0
167 2123 2132 0
168 2107 2122 0
169 2103 2118 0
170 83 86 0
171 61 65 0
172 47 53 0
173 26 40 0
174 22 39 0
175 3 13 0
176 5 25 0
177 125120 125120 0
178 500199 500156 0
179 500173 500184 0
180 250173 250152 0
181 125179 125172 0
182 125148 125119 0
183 125149 125140 0
184 500184 500192 0
185 125169 125155 0
186 500154 500105 0
187 125157 125168 0
188 125110 125124 0
189 125112 125106 0
190 500162 500166 0
191 500152 500121 0
192 125174 125161 0
193 125121 125110 0
194 500185 500172 0
195 125172 125153 0
196 62670 62670 0
197 500151 500200 0
198 125178 125188 0
199 500182 500129 0
200 250107 250120 0
201 500169 500105 0
202 250116 250123 0
203 500151 500198 0
204 500112 500138 0
205 250133 250127 0
206 250140 250125 0
207 250178 250160 0
208 250166 250149 0
209 250200 250170 0
210 500199 500179 0
211 250128 250142 0
212 250195 250166 0
213 250157 250178 0
214 250125 250154 0
215 250132 250157 0
216 500102 500138 0
217 500181 500109 0
218 500113 500117 0
219 250170 250119 0
220 500154 500191 0
221 250156 250156 0
222 250171 250180 0
223 250179 250152 0
224 500152 500182 0
225 250170 250184 0
226 250200 250195 0
227 500137 500130 0
228 500176 500115 0
229 250108 250101 0
230 500160 500167 0
231 500161 500152 0
232 250151 250171 0
233 500109 500106 0
234 250168 250143 0
235 500180 500104 0
236 250105 250111 0
237 250147 250174 0
238 250181 250183 0
239 500197 500108 0
240 250199 250144 0
241 62628 62627 0
242 500140 500179 0
243 62689 62693 0
244 250187 250103 0
245 250169 250104 0
246 125190 125156 0
247 125163 125126 0
248 125172 125137 0
249 125171 125138 0
250 250199 250123 0
251 125199 125168 0
252 250193 250125 0
253 250169 250104 0
254 31394 31413 0
255 31358 31379 0
256 31390 31430 0
257 31374 31409 0
258 31398 31422 0
259 31416 31434 0
260 31384 31420 0
261 31372 31408 0
262 31363 31394 0
263 31418 31425 0
264 31372 31425 0
265 62609 62623 0
266 62626 62672 0
267 500107 500167 0
268 62634 62678 0
269 62628 62691 0
270 62603 62671 0
271 62609 62620 0
272 31382 31399 0
273 15739 15749 0
274 62609 62637 0
275 62623 62657 0
276 15766 15782 0
277 62635 62670 0
278 62639 62653 0
279 62639 62662 0
280 15793 15818 0
281 62614 62681 0
282 62623 62670 0
283 15756 15774 0
284 62622 62657 0
285 62652 62683 0
286 62608 62675 0
287 15769 15787 0
288 62646 62680 0
289 62608 62631 0
290 125139 125158 0
291 125118 125137 0
292 125124 125185 0
293 125101 125195 0
294 125139 125168 0
295 125119 125184 0
296 125105 125164 0
297 125114 125198 0
298 125109 125184 0
299 125150 125197 0
300 125160 125186 0
301 250119 250192 0
302 250111 250176 0
303 250125 250158 0
304 250153 250199 0
305 250125 250197 0
306 250109 250144 0
307 250101 250186 0
308 500119 500200 0
309 15799 15807 0
310 15747 15771 0
311 500101 500180 0
312 62637 62693 0
313 15729 15742 0
314 15741 15750 0
315 250178 250101 0
316 500150 500113 0
317 62622 62620 0
318 500164 500158 0
319 500107 500160 0
320 62628 62633 0
321 500166 500193 0
322 500151 500167 0
323 500159 500127 0
324 500170 500187 0
325 500118 500161 0
326 500148 500158 0
327 125141 125148 0
328 125174 125168 0
329 500153 500128 0
330 500117 500101 0
331 250166 250146 0
332 125157 125172 0
333 4039 4096 0
334 4020 4087 0
335 2063 2138 0
336 4050 4103 0
337 7917 8007 0
338 4038 4084 0
339 2119 2151 0
340 4074 4106 0
341 2067 2096 0
342 7935 7950 0
343 2066 2137 0
344 2068 2135 0
345 2059 2094 0
346 2103 2125 0
347 2063 2084 0
348 2067 2099 0
349 4030 4069 0
350 4036 4091 0
351 7939 7973 0
352 2108 2133 0
353 7943 8006 0
354 2071 2132 0
355 7941 7982 0
356 7981 8000 0
357 7941 7998 0
358 7921 8007 0
359 2058 2107 0
360 7979 8005 0
361 7921 7980 0
362 7950 8003 0
363 7917 7990 0
364 2067 2091 0
365 2061 2136 0
366 6 78 0
367 38 94 0
368 7932 7968 0
369 7925 7943 0
370 7936 7958 0
371 39 73 0
372 7922 8011 0
373 15730 15810 0
374 4037 4103 0
375 1 33 0
376 15731 15802 0
377 15748 15799 0
378 61 88 0
379 60 92 0
380 15754 15784 0
381 15742 15803 0
382 2091 2141 0
383 15728 15765 0
384 33 97 0
385 15781 15816 0
386 15769 15797 0
387 4022 4076 0
388 31375 31434 0
389 31378 31437 0
390 31357 31443 0
391 47 78 0
392 31357 31428 0
393 21 51 0
394 31356 31419 0
395 4040 4091 0
396 31360 31440 0
397 39 94 0
398 4067 4086 0
399 4044 4101 0
--------------
1000000 :c
1004022 :sum(p)
999999 :sum(w)
