400 :n
id p,w,x
--------------
0 98 31 1
1 2105 2072 1
2 7998 7924 1
3 35 4 1
4 7995 7917 1
5 2125 2073 1
6 97 24 1
7 4095 4025 1
8 62 29 1
9 4071 4030 1
10 81 13 1
11 64 34 1
12 2148 2059 1
13 4105 4031 1
14 84 62 1
15 97 16 1
16 49 10 1
17 4099 4061 1
18 4092 4026 1
19 4104 4043 1
20 4100 4016 1
21 84 52 1
22 4088 4046 1
23 2132 2060 1
24 4102 4029 1
25 4059 4016 1
26 2101 2059 1
27 2098 2055 1
28 2128 2073 1
29 2145 2082 1
30 35 1 1
31 2102 2061 1
32 2131 2067 1
33 2133 2111 1
34 2152 2088 1
35 2104 2060 1
36 2089 2062 1
37 2092 2071 1
38 2115 2066 1
39 2116 2056 1
40 80 19 1
41 2141 2071 1
42 2149 2088 1
43 2124 2081 1
44 2137 2085 1
45 15793 15752 1
46 15780 15738 1
47 15801 15739 1
48 31446 31362 1
49 15804 15745 1
50 15821 15778 1
51 15816 15740 1
52 31444 31355 1
53 15807 15760 1
54 8009 7963 1
55 15789 15749 1
56 7997 7929 1
57 7985 7936 1
58 4096 4063 1
59 4069 4039 1
60 4049 4022 1
61 7981 7933 1
62 4095 4069 1
63 4075 4051 1
64 4073 4048 1
65 15774 15732 1
66 15817 15751 1
67 31447 31367 1
68 8001 7966 1
69 31431 31352 1
70 7 2 1
71 27 10 1
72 4 2 1
73 44 33 1
74 59 47 1
75 86 69 1
76 53 48 1
77 2128 2108 1
78 2077 2058 1
79 2090 2071 1
80 2098 2080 1
81 2113 2099 1
82 2070 2058 1
83 4027 4007 1
84 4078 4064 1
85 4099 4087 1
86 2100 2094 1
87 8007 7987 1
88 7939 7920 1
89 7975 7957 1
90 4022 4013 1
91 15773 15738 1
92 15799 15765 1
93 7951 7936 1
94 7973 7958 1
95 31442 31391 1
96 31424 31375 1
97 4101 4095 0
98 31430 31385 1
99 15781 15759 0
100 7967 7956 0
101 4067 4040 1
102 7992 7981 0
103 15777 15756 0
104 62687 62604 1
105 62678 62602 1
106 15799 15780 1
107 81 72 1
108 31424 31377 1
109 15773 15737 1
110 62676 62603 1
111 62680 62612 1
112 15778 15762 0
113 62696 62673 0
114 31446 31447 0
115 15752 15818 0
116 7935 7927 1
117 31417 31386 1
118 2150 2148 0
119 62684 62628 0
120 62675 62622 0
121 7970 7994 0
122 62686 62633 0
123 31407 31384 0
124 125188 125100 0
125 62648 62607 0
126 125180 125100 0
127 62656 62619 0
128 125195 125127 0
129 62685 62651 0
130 31445 31428 0
131 62683 62650 0
132 8004 8000 0
133 125175 125115 0
134 62670 62643 0
135 125165 125112 0
136 62639 62615 0
137 7931 7928 0
138 7949 7946 0
139 250199 250105 0
140 125173 125126 0
141 62664 62643 0
142 125176 125135 0
143 15806 15801 0
144 7940 7938 0
145 15772 15771 0
146 65 65 0
147 15789 15789 0
148 15744 15744 0
149 7960 7960 0
150 2087 2088 0
151 7932 7939 0
152 7930 7937 0
153 4065 4069 0
154 2062 2065 0
155 4022 4030 0
156 2135 2140 0
157 2064 2070 0
158 82 83 0
159 43 44 0
160 90 96 0
161 62 72 0
162 24 28 0
163 60 73 0
164 42 54 0
165 59 76 0
166 4 16 0
167 500175 500145 0
168 31409 31403 0
169 500193 500149 0
170 31409 31405 0
171 31398 31392 0
172 31381 31375 0
173 500192 500102 0
174 500158 500101 0
175 500132 500124 0
176 125144 125130 0
177 125160 125132 0
178 500165 500101 0
179 31373 31365 0
180 125190 125155 0
181 125141 125134 0
182 500171 500106 0
183 500190 500160 0
184 31446 31443 0
185 125193 125169 0
186 125150 125151 0
187 500150 500171 0
188 500122 500149 0
189 125150 125133 0
190 500103 500126 0
191 125170 125171 0
192 500193 500140 0
193 250196 250137 0
194 250132 250142 0
195 125189 125158 0
196 250180 250160 0
197 125145 125148 0
198 31431 31432 0
199 500160 500146 0
200 250136 250107 0
201 250179 250135 0
202 500130 500113 0
203 250197 250122 0
204 500161 500172 0
205 250119 250105 0
206 250182 250170 0
207 250192 250200 0
208 250164 250111 0
209 250173 250142 0
210 250167 250129 0
211 250168 250141 0
212 250154 250112 0
213 250148 250163 0
214 250175 250121 0
215 250154 250165 0
216 250179 250149 0
217 250172 250138 0
218 250154 250122 0
219 15756 15757 0
220 500112 500108 0
221 62636 62626 0
222 250142 250149 0
223 250188 250121 0
224 250162 250126 0
225 250175 250127 0
226 500152 500133 0
227 250108 250121 0
228 62601 62604 0
229 62609 62604 0
230 62690 62680 0
231 500147 500143 0
232 62620 62618 0
233 500168 500110 0
234 500105 500102 0
235 500108 500110 0
236 62645 62641 0
237 62643 62633 0
238 500137 500125 0
239 125177 125149 0
240 500177 500115 0
241 125149 125110 0
242 500170 500113 0
243 31444 31436 0
244 125196 125188 0
245 125107 125109 0
246 500183 500149 0
247 500136 500142 0
248 7956 7981 0
249 7930 8004 0
250 15738 15799 0
251 7966 7998 0
252 500113 500146 0
253 7966 7978 0
254 31353 31438 0
255 31393 31408 0
256 15733 15801 0
257 31389 31420 0
258 7914 8001 0
259 31391 31416 0
260 7947 7957 0
261 31355 31432 0
262 7949 7968 0
263 7918 8007 0
264 31384 31419 0
265 7942 8011 0
266 7929 7986 0
267 31423 31432 0
268 7959 8011 0
269 7927 7961 0
270 7965 7990 0
271 31408 31420 0
272 31376 31416 0
273 31380 31414 0
274 31408 31443 0
275 7970 8000 0
276 31374 31409 0
277 7917 7935 0
278 31351 31430 0
279 15766 15788 0
280 4043 4095 0
281 31360 31430 0
282 31440 31443 0
283 31396 31434 0
284 31366 31391 0
285 4016 4077 0
286 31394 31429 0
287 4018 4042 0
288 31400 31450 0
289 31414 31438 0
290 4068 4101 0
291 62640 62679 0
292 4035 4085 0
293 62618 62698 0
294 62642 62684 0
295 4008 4076 0
296 62610 62625 0
297 4015 4041 0
298 62633 62683 0
299 62617 62692 0
300 4060 4103 0
301 4020 4090 0
302 62608 62666 0
303 62615 62694 0
304 62671 62700 0
305 62668 62698 0
306 4012 4085 0
307 4016 4030 0
308 15737 15786 0
309 62630 62645 0
310 4059 4104 0
311 4030 4102 0
312 62606 62655 0
313 4034 4049 0
314 62629 62660 0
315 4052 4084 0
316 4079 4094 0
317 62654 62691 0
318 62636 62665 0
319 62631 62649 0
320 62618 62631 0
321 2055 2082 0
322 2062 2100 0
323 2102 2119 0
324 62610 62637 0
325 125147 125171 0
326 125106 125172 0
327 125111 125174 0
328 125145 125161 0
329 125148 125165 0
330 125134 125181 0
331 125109 125120 0
332 2071 2152 0
333 125128 125184 0
334 125108 125147 0
335 125128 125137 0
336 125178 125195 0
337 125134 125183 0
338 125112 125169 0
339 125141 125186 0
340 125160 125194 0
341 2106 2152 0
342 125136 125154 0
343 125155 125183 0
344 125119 125155 0
345 7962 8000 0
346 125105 125174 0
347 250107 250192 0
348 7945 7999 0
349 2098 2121 0
350 250145 250178 0
351 250143 250193 0
352 250115 250139 0
353 250128 250188 0
354 2092 2127 0
355 15740 15771 0
356 250116 250190 0
357 250129 250149 0
358 15791 15793 0
359 15752 15777 0
360 250128 250171 0
361 250168 250189 0
362 15801 15803 0
363 21 89 0
364 46 99 0
365 250133 250168 0
366 250102 250174 0
367 250115 250196 0
368 15756 15801 0
369 250107 250128 0
370 15786 15815 0
371 250153 250187 0
372 6 70 0
373 15783 15795 0
374 3 64 0
375 500109 500162 0
376 15729 15781 0
377 500108 500159 0
378 500118 500184 0
379 15812 15816 0
380 500106 500149 0
381 500144 500194 0
382 500139 500193 0
383 500112 500153 0
384 15805 15820 0
385 500157 500198 0
386 500106 500188 0
387 25 70 0
388 27 76 0
389 500108 500169 0
390 27 77 0
391 49 90 0
392 17 62 0
393 500119 500163 0
394 30 83 0
395 500108 500177 0
396 15780 15787 0
397 500113 500195 0
398 15730 15770 0
399 15759 15775 0
--------------
1000000 :c
1004653 :sum(p)
1000000 :sum(w)
