400 :n
id p,w,x
--------------
0 2149 2099 1
1 2079 2055 1
2 7993 7939 1
3 53 18 1
4 96 60 1
5 59 52 1
6 90 21 1
7 71 8 1
8 52 17 1
9 87 30 1
10 60 33 1
11 31 9 1
12 4070 4022 1
13 93 70 1
14 4094 4021 1
15 98 63 1
16 91 71 1
17 2144 2097 1
18 64 16 1
19 69 10 1
20 4102 4057 1
21 76 67 1
22 4104 4037 1
23 97 45 1
24 4069 4017 1
25 2142 2080 1
26 2128 2113 1
27 2125 2067 1
28 2135 2114 1
29 2089 2055 1
30 2111 2091 1
31 2143 2103 1
32 2084 2069 1
33 2150 2059 1
34 2140 2117 1
35 2131 2102 1
36 2112 2071 1
37 2106 2083 1
38 2133 2068 1
39 15798 15738 1
40 4101 4083 1
41 4046 4025 1
42 7952 7915 1
43 15821 15741 1
44 15805 15737 1
45 15814 15729 1
46 7956 7916 1
47 7988 7952 1
48 2121 2112 1
49 15796 15729 1
50 2149 2136 1
51 7996 7954 1
52 7989 7946 1
53 8009 7972 1
54 4104 4082 1
55 15823 15744 1
56 7956 7913 1
57 4038 4014 1
58 4046 4021 1
59 15801 15739 1
60 15790 15727 1
61 31428 31363 1
62 31426 31354 1
63 15820 15760 1
64 31432 31367 1
65 15794 15735 1
66 15809 15745 1
67 23 21 1
68 7947 7922 1
69 7989 7964 1
70 7969 7945 1
71 4051 4039 1
72 4098 4086 1
73 2147 2141 1
74 4065 4054 1
75 4086 4075 1
76 15769 15737 1
77 31426 31366 1
78 15799 15770 1
79 8006 7992 1
80 15763 15736 1
81 15758 15732 1
82 15797 15771 1
83 15809 15783 1
84 31442 31393 1
85 62699 62611 1
86 31430 31386 1
87 31417 31375 1
88 15816 15795 1
89 7964 7954 1
90 4028 4023 1
91 4057 4052 0
92 62691 62614 1
93 4075 4070 1
94 31408 31370 1
95 15764 15745 0
96 8000 7991 1
97 28 26 1
98 31396 31356 1
99 7938 7929 0
100 8001 7992 1
101 62692 62623 1
102 15806 15790 1
103 62699 62654 0
104 31443 31435 0
105 15746 15811 0
106 62695 62630 0
107 62666 62602 0
108 4046 4042 1
109 31438 31407 0
110 2150 2148 0
111 66 67 0
112 31432 31404 0
113 15797 15783 0
114 31434 31407 0
115 31437 31410 0
116 62695 62643 0
117 62653 62602 0
118 31376 31351 0
119 31408 31383 0
120 31442 31418 0
121 15749 15737 0
122 7951 7948 0
123 80 80 1
124 2068 2071 0
125 79 84 0
126 16 22 0
127 1 5 0
128 62668 62630 0
129 31377 31357 0
130 31401 31382 0
131 62664 62628 0
132 31429 31412 0
133 31374 31353 0
134 125177 125104 0
135 15795 15786 0
136 125185 125112 0
137 125191 125122 0
138 62678 62641 0
139 62613 62602 0
140 62669 62660 0
141 125151 125131 0
142 125169 125155 0
143 62694 62669 0
144 62639 62633 0
145 125136 125112 0
146 125166 125156 0
147 125189 125156 0
148 125151 125123 0
149 500161 500125 0
150 125142 125106 0
151 62659 62631 0
152 500186 500148 0
153 125155 125118 0
154 125138 125105 0
155 125151 125113 0
156 125153 125109 0
157 125151 125121 0
158 125138 125113 0
159 250181 250153 0
160 31379 31369 0
161 31387 31374 0
162 250147 250104 0
163 500198 500123 0
164 500193 500130 0
165 250187 250147 0
166 250165 250102 0
167 250168 250144 0
168 31442 31429 0
169 500172 500119 0
170 250194 250175 0
171 500191 500104 0
172 500189 500122 0
173 500197 500106 0
174 250167 250140 0
175 500146 500101 0
176 500156 500104 0
177 250151 250104 0
178 125188 125127 0
179 15802 15795 0
180 125194 125159 0
181 125198 125115 0
182 125182 125119 0
183 62667 62628 0
184 62659 62615 0
185 31390 31371 0
186 31367 31395 0
187 31358 31438 0
188 31422 31440 0
189 31359 31383 0
190 31352 31402 0
191 62608 62677 0
192 31384 31403 0
193 62667 62684 0
194 62636 62675 0
195 31353 31418 0
196 62638 62692 0
197 62644 62657 0
198 62616 62616 0
199 62659 62676 0
200 62650 62667 0
201 62614 62650 0
202 62608 62668 0
203 62621 62660 0
204 15742 15781 0
205 15740 15807 0
206 62644 62659 0
207 62618 62616 0
208 15763 15816 0
209 15793 15821 0
210 62633 62697 0
211 15727 15786 0
212 62631 62667 0
213 15745 15804 0
214 15781 15784 0
215 62607 62649 0
216 62649 62662 0
217 62601 62682 0
218 62632 62649 0
219 15775 15774 0
220 62664 62677 0
221 15737 15787 0
222 15795 15801 0
223 62663 62667 0
224 62634 62660 0
225 125123 125179 0
226 125111 125174 0
227 125170 125195 0
228 15785 15818 0
229 125103 125182 0
230 15783 15825 0
231 15758 15799 0
232 125194 125190 0
233 15755 15795 0
234 125148 125157 0
235 125173 125173 0
236 15792 15791 0
237 125119 125154 0
238 125101 125134 0
239 7984 8006 0
240 7930 7986 0
241 125160 125199 0
242 7920 7963 0
243 7923 7969 0
244 7920 7923 0
245 7946 8006 0
246 125184 125175 0
247 125108 125169 0
248 125133 125190 0
249 7939 8008 0
250 7926 7931 0
251 7952 7993 0
252 7927 7968 0
253 125121 125143 0
254 7928 7938 0
255 7987 8001 0
256 7922 7942 0
257 7917 7962 0
258 125146 125186 0
259 7946 8003 0
260 7941 7992 0
261 7956 7982 0
262 125135 125184 0
263 125110 125168 0
264 125152 125178 0
265 125188 125180 0
266 7922 7937 0
267 125173 125182 0
268 7953 7998 0
269 250192 250178 0
270 7973 8000 0
271 7963 7999 0
272 250112 250147 0
273 7964 7997 0
274 8007 8007 0
275 250122 250149 0
276 250112 250103 0
277 250124 250196 0
278 250195 250178 0
279 4068 4072 0
280 4020 4097 0
281 250115 250145 0
282 4052 4073 0
283 4018 4065 0
284 250154 250152 0
285 250138 250140 0
286 250139 250138 0
287 4063 4089 0
288 4012 4025 0
289 4014 4039 0
290 4079 4086 0
291 250130 250182 0
292 250135 250167 0
293 250128 250110 0
294 250106 250194 0
295 4041 4104 0
296 250125 250176 0
297 4053 4093 0
298 4007 4060 0
299 4026 4052 0
300 250132 250177 0
301 4057 4086 0
302 250107 250166 0
303 250106 250159 0
304 4050 4089 0
305 4031 4103 0
306 250109 250111 0
307 4019 4061 0
308 4024 4098 0
309 250163 250193 0
310 4027 4070 0
311 4010 4048 0
312 250170 250160 0
313 4053 4105 0
314 250123 250124 0
315 250193 250195 0
316 4094 4099 0
317 250172 250164 0
318 4035 4097 0
319 2097 2107 0
320 250101 250105 0
321 250141 250177 0
322 2061 2086 0
323 2057 2119 0
324 2054 2121 0
325 2112 2123 0
326 250116 250110 0
327 2111 2116 0
328 2077 2128 0
329 250134 250176 0
330 250117 250187 0
331 250189 250175 0
332 250110 250148 0
333 250118 250166 0
334 500172 500151 0
335 2100 2148 0
336 500112 500197 0
337 500178 500196 0
338 500167 500173 0
339 500188 500156 0
340 500105 500120 0
341 500123 500108 0
342 500104 500174 0
343 31429 31446 0
344 2077 2104 0
345 500107 500135 0
346 500117 500169 0
347 2073 2118 0
348 2058 2116 0
349 2079 2090 0
350 500118 500107 0
351 500116 500164 0
352 2082 2148 0
353 2087 2151 0
354 500174 500163 0
355 2055 2139 0
356 2117 2141 0
357 2069 2134 0
358 2091 2149 0
359 500113 500111 0
360 20 27 0
361 500134 500192 0
362 22 85 0
363 54 94 0
364 31359 31422 0
365 18 60 0
366 75 88 0
367 31376 31428 0
368 40 55 0
369 15 76 0
370 21 28 0
371 37 67 0
372 31382 31420 0
373 500137 500121 0
374 31368 31415 0
375 500145 500151 0
376 500124 500145 0
377 500144 500193 0
378 500119 500195 0
379 4 50 0
380 500176 500187 0
381 87 98 0
382 500160 500176 0
383 4 38 0
384 500120 500127 0
385 500189 500189 0
386 31369 31439 0
387 500160 500137 0
388 1 23 0
389 28 37 0
390 500125 500133 0
391 500130 500166 0
392 500125 500156 0
393 14 73 0
394 500175 500171 0
395 80 90 0
396 44 62 0
397 500172 500156 0
398 31361 31379 0
399 31373 31392 0
--------------
1000000 :c
1003849 :sum(p)
1000000 :sum(w)
