400 :n
id p,w,x
--------------
0 7984 7929 1
1 2134 2058 1
2 4058 4029 1
3 4061 4012 1
4 4095 4030 1
5 4090 4035 1
6 4078 4042 1
7 26 5 1
8 97 50 1
9 4091 4051 1
10 4094 4051 1
11 99 43 1
12 4067 4013 1
13 83 1 1
14 4103 4011 1
15 27 8 1
16 7983 7934 1
17 15817 15728 1
18 2095 2054 1
19 4062 4028 1
20 7987 7948 1
21 4080 4057 1
22 8012 7966 1
23 90 47 1
24 4075 4036 1
25 94 2 1
26 2134 2067 1
27 67 36 1
28 4075 4027 1
29 2147 2100 1
30 47 7 1
31 2133 2092 1
32 2120 2060 1
33 59 25 1
34 8010 7950 1
35 2112 2064 1
36 7998 7946 1
37 2147 2056 1
38 2152 2061 1
39 2137 2111 1
40 9 6 1
41 33 25 1
42 97 82 1
43 82 76 1
44 2120 2105 1
45 2124 2113 1
46 2148 2137 1
47 4104 4083 1
48 4059 4040 1
49 7950 7914 1
50 4077 4059 1
51 2065 2056 1
52 8011 7977 1
53 7996 7964 1
54 2063 2055 1
55 15809 15760 1
56 15774 15734 1
57 15815 15776 1
58 2086 2081 1
59 15796 15760 1
60 31439 31373 1
61 15818 15786 1
62 31419 31356 1
63 15796 15766 1
64 2129 2125 1
65 2132 2128 1
66 7958 7944 1
67 31420 31366 1
68 15807 15780 1
69 15755 15729 1
70 15793 15768 1
71 31446 31399 1
72 15756 15734 1
73 15823 15802 1
74 31420 31379 1
75 15801 15781 1
76 62693 62614 1
77 15752 15733 1
78 7986 7977 1
79 62689 62621 1
80 31416 31382 1
81 15776 15760 1
82 4030 4026 0
83 2108 2106 1
84 62697 62640 1
85 86 26 1
86 31429 31401 1
87 31404 31377 1
88 7925 7913 1
89 31400 31354 1
90 31423 31396 1
91 62675 62622 0
92 15766 15753 1
93 62698 62674 0
94 31439 31434 0
95 31417 31394 0
96 15790 15777 1
97 24 67 0
98 62692 62642 0
99 31429 31406 0
100 31378 31356 0
101 250104 250103 0
102 125188 125101 0
103 62668 62631 0
104 125183 125110 0
105 62694 62658 0
106 31423 31405 0
107 15785 15776 0
108 31434 31418 0
109 15799 15791 0
110 125178 125115 0
111 7972 7968 0
112 7984 7980 1
113 8005 8001 1
114 125192 125131 0
115 4105 4103 1
116 2092 2091 0
117 31399 31384 0
118 62660 62632 0
119 62639 62614 0
120 125157 125109 0
121 250196 250109 0
122 125173 125133 0
123 31378 31368 0
124 250188 250113 0
125 125181 125146 0
126 250173 250104 0
127 250176 250108 0
128 125154 125120 0
129 62626 62609 0
130 250181 250117 0
131 15733 15729 0
132 7931 7929 0
133 4060 4059 1
134 4105 4104 1
135 62631 62616 0
136 250182 250123 0
137 62625 62611 0
138 62694 62681 0
139 250172 250121 0
140 125133 125108 0
141 250155 250107 0
142 500199 500104 0
143 250151 250104 0
144 125131 125108 0
145 4085 4085 0
146 4079 4079 0
147 8002 8005 0
148 2132 2133 1
149 4029 4031 0
150 7978 7982 0
151 7926 7932 0
152 4016 4020 0
153 7924 7932 0
154 8000 8009 0
155 7960 7970 0
156 2091 2094 0
157 2079 2082 0
158 4070 4076 0
159 4064 4073 0
160 2133 2138 0
161 2116 2126 0
162 81 83 0
163 20 22 0
164 84 93 0
165 40 52 0
166 41 54 0
167 35 48 0
168 5 18 0
169 250189 250176 0
170 500158 500138 0
171 125161 125149 0
172 500148 500129 0
173 125194 125191 0
174 250199 250164 0
175 500181 500172 0
176 125171 125160 0
177 250172 250145 0
178 250159 250116 0
179 62685 62674 0
180 500188 500123 0
181 62669 62665 0
182 125142 125120 0
183 62695 62687 0
184 500177 500119 0
185 250149 250115 0
186 500153 500104 0
187 250188 250158 0
188 500148 500136 0
189 250181 250159 0
190 125147 125134 0
191 31362 31357 0
192 500185 500130 0
193 62637 62650 0
194 62635 62662 0
195 62607 62606 0
196 31380 31405 0
197 31381 31384 0
198 62682 62690 0
199 62650 62663 0
200 62629 62642 0
201 62627 62692 0
202 15727 15735 0
203 62633 62675 0
204 62651 62688 0
205 62611 62661 0
206 15806 15824 0
207 62633 62679 0
208 62634 62673 0
209 62655 62679 0
210 15801 15814 0
211 15734 15752 0
212 15728 15744 0
213 62609 62664 0
214 62610 62634 0
215 62602 62612 0
216 15738 15757 0
217 62654 62661 0
218 62604 62626 0
219 62625 62672 0
220 62648 62673 0
221 125149 125168 0
222 125151 125168 0
223 125105 125174 0
224 125144 125147 0
225 125110 125185 0
226 15761 15776 0
227 15795 15805 0
228 125185 125197 0
229 125122 125162 0
230 15795 15805 0
231 125177 125185 0
232 125183 125190 0
233 125103 125182 0
234 125113 125174 0
235 125142 125154 0
236 125144 125197 0
237 125110 125169 0
238 125153 125195 0
239 125121 125138 0
240 125123 125163 0
241 125154 125178 0
242 125159 125174 0
243 62630 62697 0
244 31383 31414 0
245 125163 125176 0
246 125159 125190 0
247 250129 250179 0
248 250155 250200 0
249 250160 250166 0
250 250172 250173 0
251 250117 250128 0
252 250151 250192 0
253 250161 250188 0
254 250101 250173 0
255 250147 250150 0
256 31381 31408 0
257 62678 62698 0
258 250150 250153 0
259 62681 62689 0
260 31370 31393 0
261 250104 250174 0
262 250129 250159 0
263 250113 250126 0
264 250150 250149 0
265 250130 250140 0
266 250109 250164 0
267 250142 250184 0
268 250143 250162 0
269 250104 250196 0
270 500165 500174 0
271 500143 500170 0
272 31413 31417 0
273 31425 31450 0
274 500109 500106 0
275 500101 500166 0
276 500137 500161 0
277 500131 500198 0
278 500122 500127 0
279 500146 500140 0
280 500152 500196 0
281 500121 500148 0
282 31371 31407 0
283 31361 31382 0
284 500140 500159 0
285 500125 500164 0
286 500105 500144 0
287 500110 500167 0
288 500175 500175 0
289 500131 500137 0
290 500147 500158 0
291 500163 500159 0
292 500129 500165 0
293 500181 500200 0
294 500128 500188 0
295 500104 500154 0
296 500149 500145 0
297 500101 500133 0
298 31363 31391 0
299 31355 31367 0
300 500103 500169 0
301 500199 500195 0
302 500129 500157 0
303 500164 500173 0
304 31389 31401 0
305 31374 31402 0
306 31370 31365 0
307 250170 250133 0
308 125181 125159 0
309 125142 125123 0
310 31415 31412 0
311 125130 125112 0
312 250185 250175 0
313 250195 250152 0
314 125116 125114 0
315 500145 500116 0
316 250133 250107 0
317 500199 500188 0
318 500197 500112 0
319 2057 2086 0
320 2096 2117 0
321 2123 2139 0
322 4024 4096 0
323 7941 7970 0
324 2058 2090 0
325 7954 7970 0
326 4078 4094 0
327 2086 2147 0
328 7914 7986 0
329 2072 2095 0
330 2095 2153 0
331 7962 7992 0
332 7990 8004 0
333 7928 7998 0
334 7937 7989 0
335 7923 8009 0
336 7934 8009 0
337 2069 2141 0
338 7915 7944 0
339 4038 4084 0
340 2081 2146 0
341 7947 7983 0
342 7919 7949 0
343 2054 2134 0
344 7924 7965 0
345 7980 8008 0
346 2081 2111 0
347 2105 2120 0
348 2095 2114 0
349 7944 7998 0
350 7916 7980 0
351 2066 2099 0
352 2072 2102 0
353 7958 7999 0
354 7923 7946 0
355 15782 15814 0
356 4017 4103 0
357 4019 4066 0
358 15731 15765 0
359 15786 15819 0
360 51 82 0
361 19 44 0
362 32 72 0
363 9 43 0
364 4076 4097 0
365 4031 4095 0
366 17 50 0
367 15770 15791 0
368 15790 15813 0
369 78 100 0
370 4057 4093 0
371 4049 4087 0
372 2 88 0
373 15760 15804 0
374 15764 15788 0
375 39 97 0
376 15759 15804 0
377 13 64 0
378 4012 4088 0
379 25 91 0
380 15758 15784 0
381 15730 15781 0
382 15736 15756 0
383 4012 4079 0
384 59 83 0
385 31384 31437 0
386 31370 31422 0
387 78 96 0
388 2 58 0
389 36 100 0
390 31400 31440 0
391 31364 31440 0
392 31351 31417 0
393 4026 4076 0
394 30 93 0
395 74 90 0
396 31352 31438 0
397 25 61 0
398 4070 4104 0
399 4051 4105 0
--------------
1000000 :c
1003481 :sum(p)
999999 :sum(w)
