400 :n
id p,w,x
--------------
0 8009 7925 1
1 8003 7978 1
2 90 68 1
3 87 13 1
4 18 7 1
5 57 32 1
6 45 13 1
7 68 44 1
8 60 34 1
9 88 14 1
10 83 46 1
11 40 33 1
12 7999 7958 1
13 89 28 1
14 7996 7963 1
15 95 69 1
16 72 62 1
17 40 7 1
18 7994 7921 1
19 100 59 1
20 80 6 1
21 2144 2087 1
22 2125 2076 1
23 15823 15741 1
24 2145 2057 1
25 2142 2131 1
26 2114 2067 1
27 2110 2056 1
28 2102 2061 1
29 2131 2116 1
30 2144 2115 1
31 2140 2064 1
32 2148 2137 1
33 2153 2078 1
34 2145 2061 1
35 8012 7981 1
36 2151 2106 1
37 2109 2056 1
38 2075 2060 1
39 15809 15743 1
40 2111 2061 1
41 4089 4007 1
42 4055 4023 1
43 4078 4043 1
44 4051 4017 1
45 4102 4081 1
46 4087 4038 1
47 4071 4012 1
48 15812 15744 1
49 15825 15762 1
50 4096 4054 1
51 4075 4025 1
52 7952 7916 1
53 4102 4021 1
54 4105 4089 1
55 4100 4039 1
56 7991 7961 1
57 8002 7920 1
58 4092 4058 1
59 4053 4020 1
60 8007 7937 1
61 7988 7929 1
62 8002 7959 1
63 7967 7926 1
64 31431 31366 1
65 31438 31368 1
66 15782 15741 1
67 15788 15749 1
68 31448 31366 1
69 15772 15731 1
70 31444 31373 1
71 15787 15740 1
72 35 31 1
73 85 79 1
74 87 84 1
75 2086 2079 1
76 4068 4056 1
77 2142 2136 1
78 7941 7919 1
79 7948 7926 1
80 7944 7927 1
81 31448 31384 1
82 15778 15746 1
83 15771 15740 1
84 2064 2060 1
85 31417 31357 1
86 7959 7944 1
87 15761 15733 1
88 31413 31358 1
89 31440 31385 1
90 8012 7998 1
91 31430 31378 1
92 15774 15748 1
93 31415 31364 1
94 31437 31389 1
95 4106 4101 1
96 15796 15777 1
97 73 72 1
98 62700 62607 1
99 31406 31358 1
100 62695 62623 1
101 62696 62633 0
102 15744 15729 0
103 62699 62664 0
104 31447 31432 0
105 500141 500110 0
106 4051 4047 1
107 62677 62616 0
108 31432 31404 1
109 62656 62603 0
110 15780 15767 0
111 4070 4067 0
112 7996 7997 0
113 31424 31401 0
114 31415 31393 0
115 31445 31423 0
116 31425 31405 0
117 7994 7989 1
118 31405 31391 0
119 15778 15771 0
120 15775 15771 0
121 8006 8004 0
122 15755 15754 0
123 2092 2092 0
124 4032 4032 0
125 51 51 1
126 15741 15741 0
127 8004 8005 0
128 4077 4078 0
129 7988 7991 0
130 2127 2128 0
131 4099 4101 0
132 4013 4017 0
133 4097 4103 0
134 4021 4027 0
135 4089 4096 0
136 4030 4041 0
137 2135 2142 0
138 2106 2113 0
139 2135 2146 0
140 2080 2091 0
141 2102 2114 0
142 2056 2070 0
143 2135 2150 0
144 80 84 0
145 52 56 0
146 84 91 0
147 61 73 0
148 30 36 0
149 45 54 0
150 65 82 0
151 49 64 0
152 20 37 0
153 125196 125154 0
154 125183 125146 0
155 125197 125159 0
156 62663 62623 0
157 62695 62676 0
158 250198 250101 0
159 31379 31368 0
160 62697 62672 0
161 62696 62677 0
162 250198 250132 0
163 250197 250106 0
164 62688 62651 0
165 62644 62612 0
166 250170 250101 0
167 125145 125107 0
168 62662 62637 0
169 62667 62641 0
170 62687 62668 0
171 125112 125120 0
172 31395 31414 0
173 31353 31422 0
174 125172 125194 0
175 125171 125167 0
176 125190 125159 0
177 31360 31379 0
178 31361 31374 0
179 125162 125142 0
180 31381 31406 0
181 31386 31433 0
182 125146 125195 0
183 125101 125189 0
184 31418 31428 0
185 31353 31405 0
186 125101 125109 0
187 31361 31376 0
188 125162 125155 0
189 125179 125189 0
190 125111 125197 0
191 31364 31377 0
192 31351 31413 0
193 125198 125169 0
194 31382 31411 0
195 125101 125121 0
196 125132 125196 0
197 31361 31439 0
198 31416 31425 0
199 125162 125166 0
200 125118 125119 0
201 15748 15791 0
202 15744 15799 0
203 125122 125169 0
204 15744 15776 0
205 125196 125173 0
206 15738 15771 0
207 125120 125162 0
208 125132 125145 0
209 15733 15811 0
210 15780 15807 0
211 15772 15818 0
212 125161 125169 0
213 15786 15817 0
214 15781 15821 0
215 125148 125190 0
216 15738 15766 0
217 125188 125181 0
218 125112 125148 0
219 125176 125186 0
220 125142 125187 0
221 15794 15825 0
222 15748 15783 0
223 15770 15809 0
224 125192 125186 0
225 125172 125158 0
226 15787 15792 0
227 125134 125115 0
228 15749 15762 0
229 15734 15770 0
230 15734 15802 0
231 15814 15824 0
232 15774 15778 0
233 125131 125109 0
234 31425 31436 0
235 125115 125107 0
236 125102 125145 0
237 15754 15757 0
238 15731 15735 0
239 7986 8004 0
240 125161 125157 0
241 250150 250192 0
242 250133 250116 0
243 7922 7976 0
244 250113 250117 0
245 250146 250194 0
246 7954 7997 0
247 7916 7958 0
248 7934 7981 0
249 250150 250147 0
250 250179 250139 0
251 125125 125160 0
252 7927 8001 0
253 125107 125178 0
254 7948 7988 0
255 62647 62682 0
256 250163 250145 0
257 250175 250192 0
258 250148 250184 0
259 7925 7996 0
260 250185 250133 0
261 7930 7969 0
262 7969 7982 0
263 7953 8005 0
264 250169 250149 0
265 250120 250165 0
266 250154 250156 0
267 250116 250154 0
268 250153 250185 0
269 250184 250195 0
270 7954 7995 0
271 125155 125193 0
272 7927 7947 0
273 7919 7952 0
274 7934 8005 0
275 7919 7963 0
276 250175 250122 0
277 250164 250140 0
278 7914 7972 0
279 250181 250181 0
280 250149 250199 0
281 250130 250186 0
282 4039 4064 0
283 250160 250154 0
284 250143 250197 0
285 4020 4092 0
286 62608 62681 0
287 250164 250137 0
288 31418 31411 0
289 250105 250103 0
290 4017 4050 0
291 62605 62642 0
292 4074 4094 0
293 31373 31376 0
294 250168 250167 0
295 31401 31410 0
296 250147 250153 0
297 31447 31440 0
298 4022 4082 0
299 4010 4078 0
300 4042 4056 0
301 4046 4093 0
302 250196 250170 0
303 250123 250172 0
304 4010 4034 0
305 31358 31398 0
306 4089 4103 0
307 250160 250191 0
308 250151 250109 0
309 4025 4099 0
310 62619 62679 0
311 4010 4102 0
312 250101 250124 0
313 4035 4074 0
314 4042 4083 0
315 250113 250181 0
316 250159 250110 0
317 250197 250160 0
318 250161 250181 0
319 500191 500197 0
320 2110 2136 0
321 500142 500172 0
322 500192 500101 0
323 2114 2143 0
324 500158 500156 0
325 62611 62611 0
326 500177 500135 0
327 2099 2151 0
328 62624 62609 0
329 500118 500171 0
330 500155 500120 0
331 500107 500171 0
332 500179 500173 0
333 500162 500173 0
334 62611 62668 0
335 62651 62649 0
336 2097 2123 0
337 62689 62684 0
338 2074 2124 0
339 2057 2130 0
340 2062 2126 0
341 500195 500112 0
342 62618 62682 0
343 62627 62660 0
344 62632 62680 0
345 500110 500148 0
346 500146 500145 0
347 62627 62643 0
348 500110 500186 0
349 2070 2138 0
350 500147 500189 0
351 500147 500188 0
352 500164 500158 0
353 2085 2105 0
354 500106 500131 0
355 500175 500153 0
356 2071 2121 0
357 500102 500186 0
358 2088 2119 0
359 500172 500139 0
360 500105 500171 0
361 500133 500188 0
362 10 72 0
363 62628 62655 0
364 48 93 0
365 62603 62688 0
366 62669 62694 0
367 500108 500101 0
368 8 60 0
369 62605 62602 0
370 4 92 0
371 500140 500195 0
372 500163 500179 0
373 500143 500181 0
374 3 47 0
375 62664 62694 0
376 35 82 0
377 9 88 0
378 16 92 0
379 500191 500157 0
380 500146 500144 0
381 62618 62646 0
382 500180 500150 0
383 500121 500162 0
384 62641 62677 0
385 62662 62680 0
386 500117 500131 0
387 500107 500171 0
388 500163 500101 0
389 500117 500170 0
390 500172 500148 0
391 62634 62649 0
392 52 73 0
393 500170 500147 0
394 500107 500143 0
395 62620 62693 0
396 20 58 0
397 500194 500101 0
398 62609 62631 0
399 62634 62653 0
--------------
1000000 :c
1004297 :sum(p)
999999 :sum(w)
