400 :n
id p,w,x
--------------
0 15822 15746 1
1 15801 15731 1
2 43 17 1
3 87 36 1
4 51 28 1
5 15820 15734 1
6 96 47 1
7 31 10 1
8 98 71 1
9 80 2 1
10 56 31 1
11 95 23 1
12 63 12 1
13 87 43 1
14 56 20 1
15 37 15 1
16 7990 7913 1
17 8008 7970 1
18 7998 7937 1
19 7971 7933 1
20 2150 2063 1
21 2138 2102 1
22 2148 2129 1
23 2148 2105 1
24 7993 7937 1
25 2122 2056 1
26 2137 2072 1
27 2115 2059 1
28 2144 2112 1
29 2107 2087 1
30 2149 2090 1
31 2127 2101 1
32 2085 2058 1
33 2145 2089 1
34 2146 2085 1
35 2114 2089 1
36 2134 2099 1
37 8008 7952 1
38 4077 4012 1
39 4055 4032 1
40 4102 4066 1
41 4075 4015 1
42 4088 4022 1
43 4064 4034 1
44 4091 4017 1
45 4106 4007 1
46 4063 4020 1
47 4073 4048 1
48 4072 4045 1
49 4095 4038 1
50 4106 4049 1
51 4083 4029 1
52 7998 7931 1
53 31427 31358 1
54 15800 15737 1
55 15823 15780 1
56 31448 31359 1
57 31432 31352 1
58 31428 31366 1
59 31421 31363 1
60 31421 31351 1
61 15822 15783 1
62 15819 15779 1
63 22 14 1
64 60 50 1
65 27 23 1
66 52 45 1
67 2131 2114 1
68 2128 2112 1
69 2074 2061 1
70 4031 4014 1
71 4037 4023 1
72 7984 7958 1
73 4065 4053 1
74 7963 7941 1
75 7989 7968 1
76 7989 7969 1
77 7993 7973 1
78 4018 4008 1
79 15776 15742 1
80 15784 15750 1
81 15817 15786 1
82 7995 7980 1
83 31447 31395 1
84 7974 7962 1
85 15769 15746 1
86 7956 7946 1
87 62699 62622 1
88 31388 31352 1
89 7935 7926 1
90 31444 31410 1
91 15803 15786 1
92 31445 31412 1
93 31448 31416 1
94 74 59 1
95 62692 62614 1
96 62676 62609 1
97 31430 31399 0
98 62694 62634 0
99 2130 2128 1
100 31447 31439 0
101 4096 4096 0
102 250137 250175 0
103 7974 7967 1
104 31434 31408 0
105 15742 15729 0
106 15745 15732 1
107 8006 8003 0
108 62659 62610 0
109 15764 15752 0
110 15774 15762 0
111 7925 7919 1
112 62654 62612 0
113 15771 15761 0
114 31397 31378 0
115 31400 31382 0
116 15758 15750 0
117 8003 7999 0
118 125172 125115 0
119 125198 125142 0
120 31416 31402 0
121 125166 125111 0
122 125199 125147 0
123 7927 7924 0
124 7950 7947 0
125 31369 31358 0
126 31413 31402 0
127 15774 15769 0
128 15822 15820 0
129 15737 15736 0
130 96 96 1
131 15774 15774 0
132 4022 4022 0
133 4077 4078 1
134 7913 7915 0
135 7933 7936 0
136 2131 2134 0
137 2097 2105 0
138 43 44 1
139 58 60 0
140 42 48 0
141 33 40 0
142 11 16 0
143 5 8 0
144 62630 62619 0
145 62647 62636 0
146 250188 250107 0
147 62676 62656 0
148 250184 250115 0
149 125195 125179 0
150 31423 31416 0
151 125183 125144 0
152 250188 250140 0
153 62652 62642 0
154 125128 125100 0
155 125181 125164 0
156 500133 500158 0
157 500143 500145 0
158 500148 500133 0
159 500160 500197 0
160 250174 250178 0
161 500178 500189 0
162 500167 500156 0
163 62629 62623 0
164 62692 62684 0
165 250182 250174 0
166 250140 250151 0
167 62611 62615 0
168 500172 500200 0
169 500136 500135 0
170 250195 250197 0
171 500154 500183 0
172 500185 500176 0
173 500173 500151 0
174 500182 500182 0
175 62645 62652 0
176 62656 62658 0
177 250152 250152 0
178 500140 500199 0
179 125182 125194 0
180 500185 500191 0
181 125153 125160 0
182 500156 500135 0
183 500136 500169 0
184 500195 500196 0
185 500199 500199 0
186 125154 125156 0
187 250171 250180 0
188 500160 500113 0
189 125104 125103 0
190 500137 500179 0
191 500132 500141 0
192 31373 31371 0
193 500137 500169 0
194 500177 500161 0
195 125109 125124 0
196 250165 250157 0
197 500115 500116 0
198 125129 125120 0
199 250157 250136 0
200 500138 500190 0
201 250141 250171 0
202 500200 500139 0
203 125114 125109 0
204 62612 62613 0
205 500151 500145 0
206 500170 500161 0
207 500187 500186 0
208 125104 125119 0
209 125128 125130 0
210 250118 250118 0
211 125124 125138 0
212 500142 500181 0
213 125190 125177 0
214 125136 125136 0
215 250136 250152 0
216 500164 500168 0
217 62651 62643 0
218 250150 250133 0
219 250182 250188 0
220 250178 250181 0
221 250114 250102 0
222 500199 500191 0
223 250115 250106 0
224 500160 500103 0
225 250116 250103 0
226 250107 250114 0
227 250110 250133 0
228 250135 250149 0
229 250109 250129 0
230 250165 250183 0
231 250178 250181 0
232 500178 500172 0
233 250119 250126 0
234 500195 500134 0
235 500111 500160 0
236 62671 62657 0
237 125191 125148 0
238 125140 125100 0
239 250199 250107 0
240 250185 250132 0
241 250198 250125 0
242 250159 250105 0
243 62659 62637 0
244 250175 250121 0
245 62628 62606 0
246 62642 62631 0
247 15762 15814 0
248 15751 15808 0
249 15776 15820 0
250 7924 7934 0
251 15769 15792 0
252 15800 15818 0
253 7950 7972 0
254 15764 15797 0
255 7918 7926 0
256 15734 15825 0
257 7920 7973 0
258 15757 15789 0
259 7939 7943 0
260 15730 15748 0
261 15760 15777 0
262 15799 15814 0
263 7958 7965 0
264 7944 7953 0
265 31431 31447 0
266 7957 7981 0
267 31375 31418 0
268 31369 31390 0
269 31371 31400 0
270 250106 250185 0
271 7925 8008 0
272 31356 31423 0
273 7924 7986 0
274 7917 7995 0
275 31416 31424 0
276 7963 7994 0
277 31409 31437 0
278 7913 7989 0
279 31357 31424 0
280 31420 31434 0
281 31369 31418 0
282 31376 31413 0
283 15730 15747 0
284 4019 4071 0
285 31352 31433 0
286 250102 250160 0
287 4091 4099 0
288 4072 4088 0
289 31357 31404 0
290 31413 31421 0
291 250113 250175 0
292 31360 31392 0
293 4011 4031 0
294 250101 250144 0
295 31355 31435 0
296 4050 4086 0
297 4060 4080 0
298 4017 4054 0
299 4065 4106 0
300 31432 31446 0
301 31394 31417 0
302 4048 4087 0
303 4088 4100 0
304 4023 4050 0
305 31373 31406 0
306 62602 62629 0
307 4088 4100 0
308 4029 4083 0
309 4066 4080 0
310 4012 4097 0
311 62684 62696 0
312 62616 62641 0
313 62641 62684 0
314 4022 4062 0
315 4028 4039 0
316 500119 500190 0
317 4007 4047 0
318 4050 4060 0
319 2068 2114 0
320 500115 500191 0
321 2113 2148 0
322 62645 62654 0
323 2089 2153 0
324 2106 2129 0
325 2073 2094 0
326 2082 2124 0
327 62621 62678 0
328 62681 62692 0
329 62629 62687 0
330 2123 2151 0
331 62603 62620 0
332 15736 15739 0
333 62649 62694 0
334 62677 62699 0
335 2060 2102 0
336 2073 2100 0
337 2109 2135 0
338 500128 500188 0
339 62669 62684 0
340 62651 62692 0
341 62672 62685 0
342 2101 2115 0
343 62674 62687 0
344 2082 2099 0
345 2080 2115 0
346 2100 2148 0
347 62601 62668 0
348 62605 62671 0
349 2074 2150 0
350 62630 62651 0
351 62638 62695 0
352 2061 2081 0
353 2067 2122 0
354 125124 125194 0
355 2107 2120 0
356 125103 125134 0
357 125104 125158 0
358 125142 125196 0
359 25 67 0
360 7934 7990 0
361 125115 125137 0
362 83 97 0
363 7917 7967 0
364 125120 125155 0
365 125145 125180 0
366 125131 125176 0
367 27 76 0
368 7945 7993 0
369 15742 15781 0
370 125105 125149 0
371 125151 125175 0
372 125135 125170 0
373 125113 125149 0
374 125121 125183 0
375 125107 125192 0
376 67 79 0
377 15738 15745 0
378 25 40 0
379 53 65 0
380 13 28 0
381 4 74 0
382 71 83 0
383 500109 500187 0
384 21 81 0
385 6 39 0
386 125141 125183 0
387 125107 125131 0
388 15806 15810 0
389 63 87 0
390 125132 125164 0
391 125137 125160 0
392 250119 250184 0
393 10 65 0
394 250167 250200 0
395 18 43 0
396 70 86 0
397 250131 250186 0
398 15766 15798 0
399 15789 15816 0
--------------
1000000 :c
1004064 :sum(p)
1000000 :sum(w)
