400 :n
id p,w,x
--------------
0 45 2 1
1 94 40 1
2 2119 2055 1
3 2144 2057 1
4 2144 2071 1
5 2134 2060 1
6 97 12 1
7 80 4 1
8 77 3 1
9 56 20 1
10 63 5 1
11 96 60 1
12 86 4 1
13 100 48 1
14 93 15 1
15 81 21 1
16 91 45 1
17 87 39 1
18 4095 4028 1
19 15823 15752 1
20 7993 7930 1
21 8002 7926 1
22 4097 4024 1
23 8008 7924 1
24 2149 2094 1
25 4078 4016 1
26 7996 7934 1
27 15822 15736 1
28 2149 2094 1
29 4104 4042 1
30 55 29 1
31 53 29 1
32 64 51 1
33 50 41 1
34 46 39 1
35 2111 2057 1
36 2120 2067 1
37 85 83 0
38 2128 2102 1
39 4053 4007 1
40 4082 4037 1
41 4061 4019 1
42 4055 4016 1
43 4097 4059 1
44 4099 4061 1
45 2077 2058 1
46 4047 4015 1
47 4075 4043 1
48 4059 4029 1
49 4081 4051 1
50 7989 7936 1
51 7989 7940 1
52 7978 7933 1
53 7993 7948 1
54 2103 2093 1
55 4027 4008 1
56 2109 2100 1
57 7982 7948 1
58 8003 7971 1
59 31415 31360 1
60 67 4 1
61 15817 15783 1
62 7982 7951 1
63 8003 7972 1
64 15812 15752 1
65 7996 7967 1
66 15793 15737 1
67 15781 15747 1
68 7944 7917 1
69 15786 15735 1
70 8004 7980 1
71 31448 31359 1
72 31437 31369 1
73 31440 31371 1
74 31446 31372 1
75 15782 15746 1
76 62695 62623 1
77 31429 31384 1
78 31438 31391 1
79 31412 31363 1
80 4043 4027 1
81 4099 4085 1
82 7966 7945 1
83 7982 7963 1
84 8007 7989 1
85 4025 4018 1
86 15786 15760 1
87 4042 4036 1
88 7956 7945 1
89 7996 7985 1
90 31411 31368 1
91 31436 31395 1
92 31396 31357 1
93 15761 15742 1
94 15820 15803 1
95 31400 31369 1
96 31429 31398 0
97 7948 7941 1
98 4038 4022 1
99 62674 62607 1
100 7969 7962 1
101 62657 62602 0
102 62689 62635 0
103 7994 8000 0
104 4025 4027 1
105 15789 15786 0
106 31398 31371 0
107 62687 62636 0
108 31384 31360 0
109 15804 15792 1
110 7953 7947 1
111 31446 31424 0
112 62680 62638 0
113 31408 31389 0
114 15796 15787 0
115 31411 31394 0
116 15794 15786 0
117 7953 7949 1
118 2087 2086 1
119 31416 31402 0
120 15752 15748 0
121 15773 15770 0
122 125191 125131 0
123 125175 125115 0
124 62656 62627 0
125 62658 62629 0
126 125167 125111 0
127 125176 125108 0
128 62630 62603 0
129 62651 62624 0
130 125174 125122 0
131 125189 125145 0
132 62642 62620 0
133 250191 250104 0
134 62698 62678 0
135 250190 250112 0
136 125187 125148 0
137 62647 62628 0
138 62680 62643 0
139 62616 62602 0
140 62678 62664 0
141 62688 62676 0
142 31366 31360 0
143 15816 15819 0
144 15763 15768 0
145 125187 125101 0
146 31402 31397 0
147 62664 62655 0
148 31403 31400 0
149 62700 62697 0
150 62619 62617 0
151 31400 31400 0
152 15792 15793 0
153 15745 15746 0
154 31396 31398 0
155 31395 31397 0
156 31428 31433 0
157 31356 31361 0
158 7964 7967 0
159 15805 15811 0
160 15756 15762 0
161 4089 4091 0
162 4087 4089 1
163 15769 15782 0
164 15797 15812 0
165 2062 2064 1
166 15739 15759 0
167 15796 15818 0
168 15796 15818 0
169 7921 7933 0
170 15750 15775 0
171 7913 7926 0
172 7949 7965 0
173 4026 4035 0
174 4092 4102 0
175 7953 7974 0
176 4086 4097 0
177 2110 2117 0
178 2106 2113 0
179 7926 7953 0
180 2073 2081 0
181 7960 7991 0
182 2085 2094 0
183 4025 4043 0
184 4050 4072 0
185 2101 2113 0
186 4060 4084 0
187 2081 2095 0
188 4071 4105 0
189 2117 2137 0
190 2065 2086 0
191 2070 2092 0
192 2070 2092 0
193 2058 2081 0
194 2069 2096 0
195 2123 2152 0
196 2116 2148 0
197 2062 2094 0
198 2101 2137 0
199 94 96 1
200 76 78 0
201 42 51 0
202 31 38 0
203 28 36 0
204 62 80 0
205 61 88 0
206 42 71 0
207 18 38 0
208 10 45 0
209 7 38 0
210 125139 125127 0
211 250199 250131 0
212 500153 500110 0
213 500134 500120 0
214 500111 500164 0
215 500175 500114 0
216 500152 500165 0
217 500127 500162 0
218 500163 500188 0
219 125168 125153 0
220 500122 500151 0
221 500154 500140 0
222 125105 125111 0
223 500132 500130 0
224 500195 500131 0
225 500144 500149 0
226 500189 500115 0
227 500162 500147 0
228 500200 500198 0
229 500180 500165 0
230 62678 62682 0
231 125134 125120 0
232 500125 500145 0
233 125189 125178 0
234 125157 125159 0
235 125143 125148 0
236 125183 125190 0
237 125138 125137 0
238 500119 500133 0
239 125178 125189 0
240 125177 125148 0
241 125187 125173 0
242 125133 125109 0
243 500146 500159 0
244 125164 125131 0
245 125123 125113 0
246 125195 125162 0
247 125121 125114 0
248 125141 125137 0
249 125170 125157 0
250 125147 125156 0
251 250192 250183 0
252 500138 500170 0
253 250109 250111 0
254 250181 250170 0
255 250172 250144 0
256 250181 250194 0
257 250176 250124 0
258 250197 250132 0
259 500122 500167 0
260 500102 500112 0
261 62684 62683 0
262 250194 250134 0
263 250164 250164 0
264 250172 250174 0
265 500166 500193 0
266 250190 250150 0
267 125195 125159 0
268 250115 250122 0
269 250128 250134 0
270 500161 500188 0
271 500169 500144 0
272 500188 500139 0
273 500185 500166 0
274 500150 500122 0
275 500112 500133 0
276 500180 500191 0
277 500152 500103 0
278 250147 250125 0
279 250187 250160 0
280 250126 250120 0
281 125149 125112 0
282 500151 500119 0
283 125197 125177 0
284 250163 250149 0
285 250141 250129 0
286 500168 500131 0
287 250153 250165 0
288 250172 250131 0
289 62615 62623 0
290 62613 62627 0
291 4039 4093 0
292 4012 4066 0
293 62661 62668 0
294 62637 62654 0
295 4047 4089 0
296 62650 62658 0
297 62649 62688 0
298 62686 62699 0
299 62651 62690 0
300 4046 4082 0
301 62641 62650 0
302 62616 62635 0
303 4011 4051 0
304 4012 4068 0
305 31380 31420 0
306 62639 62659 0
307 62615 62648 0
308 62622 62699 0
309 62636 62661 0
310 4012 4069 0
311 4032 4101 0
312 62602 62623 0
313 62628 62683 0
314 4042 4096 0
315 62606 62614 0
316 4033 4073 0
317 31428 31445 0
318 7933 7997 0
319 2075 2133 0
320 31406 31447 0
321 2082 2127 0
322 31361 31431 0
323 31368 31391 0
324 7975 8008 0
325 62645 62694 0
326 2069 2117 0
327 31351 31419 0
328 2063 2122 0
329 125110 125197 0
330 125134 125180 0
331 125108 125155 0
332 31376 31437 0
333 125167 125185 0
334 125134 125183 0
335 7959 8005 0
336 125155 125184 0
337 31383 31421 0
338 31394 31439 0
339 125127 125160 0
340 31377 31444 0
341 125120 125149 0
342 125105 125163 0
343 31366 31427 0
344 2062 2100 0
345 2077 2130 0
346 250104 250139 0
347 2099 2142 0
348 31403 31440 0
349 31370 31409 0
350 15736 15767 0
351 7914 7978 0
352 250136 250169 0
353 250108 250156 0
354 2083 2133 0
355 2065 2107 0
356 500138 500193 0
357 2090 2132 0
358 7958 7995 0
359 15745 15776 0
360 250120 250197 0
361 15743 15796 0
362 16 97 0
363 8 85 0
364 250118 250186 0
365 250134 250198 0
366 250104 250192 0
367 250109 250191 0
368 15734 15817 0
369 250160 250191 0
370 250122 250198 0
371 250123 250165 0
372 7917 7978 0
373 4 94 0
374 15731 15775 0
375 250122 250162 0
376 250115 250159 0
377 12 60 0
378 250108 250145 0
379 250130 250174 0
380 250111 250177 0
381 15733 15774 0
382 15759 15786 0
383 250104 250183 0
384 53 93 0
385 500136 500194 0
386 7977 8010 0
387 500105 500177 0
388 7914 7949 0
389 3 96 0
390 500125 500200 0
391 14 60 0
392 15751 15781 0
393 500111 500167 0
394 15768 15805 0
395 500107 500189 0
396 25 89 0
397 500113 500187 0
398 15755 15816 0
399 15773 15825 0
--------------
1000000 :c
1004336 :sum(p)
1000000 :sum(w)
