400 :n
id p,w,x
--------------
0 31450 31381 1
1 31424 31355 1
2 31444 31369 1
3 15810 15744 1
4 91 23 1
5 73 11 1
6 91 39 1
7 15795 15737 1
8 45 10 1
9 15793 15734 1
10 97 65 1
11 15807 15729 1
12 15808 15742 1
13 15798 15735 1
14 90 38 1
15 88 31 1
16 15825 15737 1
17 86 62 1
18 15798 15762 1
19 61 24 1
20 69 6 1
21 78 52 1
22 2109 2054 1
23 2107 2064 1
24 2124 2090 1
25 2125 2059 1
26 7965 7914 1
27 2089 2060 1
28 8005 7959 1
29 2083 2054 1
30 2130 2064 1
31 2100 2055 1
32 2115 2078 1
33 2131 2074 1
34 4063 4019 1
35 4105 4068 1
36 7974 7920 1
37 7978 7923 1
38 4074 4028 1
39 7997 7954 1
40 4104 4067 1
41 7982 7925 1
42 4050 4024 1
43 7992 7926 1
44 4087 4008 1
45 7987 7956 1
46 4064 4036 1
47 4101 4068 1
48 4076 4008 1
49 4094 4066 1
50 4095 4018 1
51 4086 4007 1
52 62699 62602 1
53 31417 31353 1
54 41 24 1
55 41 26 1
56 43 30 1
57 38 32 1
58 94 80 1
59 47 42 1
60 54 50 1
61 83 78 1
62 98 97 1
63 2111 2090 1
64 2107 2094 1
65 4087 4065 1
66 4045 4025 1
67 4036 4017 1
68 4034 4016 1
69 4093 4076 1
70 7945 7918 1
71 7949 7923 1
72 4028 4015 1
73 4066 4053 1
74 4049 4037 1
75 7975 7952 1
76 4055 4045 1
77 8007 7989 1
78 4077 4068 1
79 15765 15732 1
80 4055 4047 1
81 7991 7976 1
82 15783 15754 1
83 31414 31362 1
84 15807 15781 1
85 15824 15798 1
86 31418 31367 1
87 31445 31394 1
88 4048 4042 1
89 31440 31401 1
90 15782 15763 1
91 31395 31358 1
92 15752 15734 1
93 15758 15740 1
94 15786 15768 1
95 62672 62605 0
96 62675 62610 1
97 15807 15791 1
98 4082 4078 1
99 68 49 1
100 15752 15729 1
101 15775 15760 1
102 15822 15807 1
103 62675 62619 0
104 15816 15822 0
105 80 100 0
106 500143 500143 0
107 31428 31399 0
108 7994 7987 1
109 62653 62605 0
110 31385 31361 0
111 15751 15739 1
112 31382 31361 0
113 7992 7989 0
114 15800 15790 0
115 7968 7963 0
116 31396 31377 0
117 31439 31420 0
118 62677 62641 0
119 31392 31374 0
120 125173 125103 0
121 125175 125105 0
122 62677 62642 0
123 15782 15774 1
124 7934 7930 1
125 62633 62603 0
126 31382 31367 0
127 31429 31414 0
128 62696 62667 0
129 31438 31424 0
130 15792 15785 0
131 15798 15791 0
132 8005 8002 0
133 31429 31418 0
134 15786 15785 0
135 15811 15810 0
136 7914 7914 0
137 4039 4040 0
138 7984 7986 0
139 7980 7983 0
140 7965 7969 0
141 7919 7924 0
142 7983 7991 0
143 7941 7951 0
144 7964 7975 0
145 2122 2126 0
146 2058 2062 0
147 2117 2123 0
148 2138 2145 0
149 4038 4053 0
150 4060 4076 0
151 4027 4043 0
152 2107 2118 0
153 2080 2091 0
154 2133 2145 0
155 2055 2067 0
156 2059 2076 0
157 71 73 0
158 60 66 0
159 61 72 0
160 77 92 0
161 56 67 0
162 44 57 0
163 51 67 0
164 5 18 0
165 31369 31361 0
166 250197 250106 0
167 62666 62648 0
168 125121 125100 0
169 125177 125134 0
170 250179 250117 0
171 125137 125113 0
172 62637 62615 0
173 125156 125131 0
174 250200 250156 0
175 250156 250112 0
176 250161 250108 0
177 250194 250119 0
178 62642 62626 0
179 250195 250113 0
180 62686 62670 0
181 125189 125159 0
182 250194 250153 0
183 62689 62668 0
184 125138 125117 0
185 125135 125105 0
186 125194 125148 0
187 125159 125128 0
188 250177 250101 0
189 125177 125125 0
190 125164 125121 0
191 250184 250111 0
192 250195 250154 0
193 125148 125111 0
194 125151 125119 0
195 250184 250144 0
196 31449 31450 0
197 62604 62695 0
198 62650 62673 0
199 250176 250161 0
200 250173 250162 0
201 15727 15776 0
202 15804 15824 0
203 62626 62664 0
204 31430 31431 0
205 15736 15778 0
206 250122 250144 0
207 15808 15814 0
208 250115 250168 0
209 62697 62698 0
210 62611 62685 0
211 15730 15813 0
212 62614 62655 0
213 62621 62653 0
214 250147 250159 0
215 62615 62628 0
216 62675 62691 0
217 62666 62671 0
218 62631 62653 0
219 15770 15786 0
220 62603 62682 0
221 250194 250187 0
222 62654 62689 0
223 15755 15807 0
224 15790 15804 0
225 250153 250196 0
226 125104 125147 0
227 15777 15805 0
228 125137 125192 0
229 125152 125155 0
230 15794 15802 0
231 125140 125132 0
232 125101 125166 0
233 125118 125191 0
234 125114 125145 0
235 250130 250149 0
236 15726 15754 0
237 15787 15824 0
238 125143 125130 0
239 7920 7947 0
240 125160 125164 0
241 250150 250188 0
242 62610 62623 0
243 7963 8007 0
244 125198 125182 0
245 7921 7950 0
246 250163 250125 0
247 250123 250142 0
248 31365 31389 0
249 250132 250173 0
250 250106 250199 0
251 7916 7942 0
252 125102 125154 0
253 31431 31428 0
254 125119 125150 0
255 7946 7967 0
256 7940 7959 0
257 31399 31424 0
258 125185 125197 0
259 7964 8005 0
260 7936 7956 0
261 62650 62656 0
262 7945 8003 0
263 7954 7983 0
264 125123 125137 0
265 125139 125186 0
266 125173 125191 0
267 62677 62694 0
268 250143 250147 0
269 250169 250176 0
270 7914 7977 0
271 7943 7961 0
272 62653 62691 0
273 7913 7985 0
274 250121 250181 0
275 7997 8010 0
276 62608 62609 0
277 250199 250177 0
278 125141 125179 0
279 250128 250164 0
280 250156 250182 0
281 250154 250117 0
282 31376 31397 0
283 4036 4061 0
284 250154 250179 0
285 125120 125173 0
286 125134 125189 0
287 125191 125172 0
288 250199 250176 0
289 250109 250144 0
290 4015 4044 0
291 4008 4048 0
292 4063 4102 0
293 31367 31367 0
294 250151 250153 0
295 125109 125143 0
296 250125 250152 0
297 4020 4087 0
298 62605 62692 0
299 250119 250179 0
300 4030 4053 0
301 125110 125113 0
302 250161 250184 0
303 62632 62691 0
304 4013 4073 0
305 500147 500183 0
306 4013 4074 0
307 500172 500129 0
308 125100 125190 0
309 500169 500149 0
310 125123 125159 0
311 500137 500198 0
312 4020 4066 0
313 500155 500138 0
314 125102 125161 0
315 500168 500120 0
316 500159 500186 0
317 4050 4083 0
318 4045 4086 0
319 500122 500122 0
320 2064 2138 0
321 2074 2145 0
322 500193 500168 0
323 2065 2113 0
324 31417 31418 0
325 500130 500118 0
326 2058 2139 0
327 500152 500189 0
328 2108 2153 0
329 31361 31436 0
330 2069 2114 0
331 500115 500111 0
332 500199 500186 0
333 2065 2143 0
334 62603 62631 0
335 31404 31401 0
336 2089 2147 0
337 500157 500127 0
338 2055 2078 0
339 31355 31424 0
340 31358 31394 0
341 31359 31368 0
342 31351 31391 0
343 500140 500170 0
344 2066 2138 0
345 2062 2146 0
346 2064 2099 0
347 2080 2126 0
348 2106 2127 0
349 62613 62682 0
350 500171 500150 0
351 2067 2100 0
352 2063 2121 0
353 2103 2142 0
354 2063 2112 0
355 2105 2127 0
356 500126 500105 0
357 500176 500138 0
358 500192 500124 0
359 500109 500113 0
360 31387 31419 0
361 500136 500123 0
362 500170 500115 0
363 11 79 0
364 30 99 0
365 31 60 0
366 500191 500173 0
367 500125 500115 0
368 500193 500186 0
369 7 94 0
370 31385 31450 0
371 33 83 0
372 7 42 0
373 500148 500116 0
374 16 46 0
375 500192 500161 0
376 7 76 0
377 500107 500165 0
378 62626 62676 0
379 500126 500160 0
380 31403 31398 0
381 62608 62602 0
382 500113 500109 0
383 250176 250197 0
384 45 76 0
385 500162 500150 0
386 31415 31429 0
387 500124 500198 0
388 500144 500119 0
389 500125 500177 0
390 500118 500133 0
391 500183 500104 0
392 12 92 0
393 500171 500133 0
394 500149 500113 0
395 62633 62629 0
396 500147 500158 0
397 31354 31442 0
398 62609 62681 0
399 31369 31436 0
--------------
1000000 :c
1003837 :sum(p)
1000000 :sum(w)
