400 :n
id p,w,x
--------------
0 49 21 1
1 2118 2088 1
2 48 24 1
3 8009 7935 1
4 8006 7932 1
5 98 46 1
6 24 7 1
7 7997 7914 1
8 7976 7923 1
9 7986 7914 1
10 4047 4020 1
11 4087 4056 1
12 42 17 1
13 4086 4009 1
14 4086 4033 1
15 4068 4029 1
16 79 51 1
17 4055 4013 1
18 4098 4010 1
19 4104 4016 1
20 4077 4051 1
21 4071 4039 1
22 2113 2071 1
23 2090 2061 1
24 2141 2093 1
25 64 26 1
26 49 1 1
27 2130 2108 1
28 2112 2095 1
29 2108 2075 1
30 48 1 1
31 72 12 1
32 74 5 1
33 99 13 1
34 2120 2060 1
35 2130 2086 1
36 2101 2084 1
37 2148 2092 1
38 7982 7949 1
39 7998 7968 1
40 7986 7942 1
41 4094 4069 1
42 7977 7930 1
43 8004 7961 1
44 4106 4084 1
45 8012 7980 1
46 4070 4051 1
47 4098 4074 1
48 15799 15733 1
49 7995 7958 1
50 15816 15754 1
51 7983 7933 1
52 15819 15736 1
53 15816 15759 1
54 15810 15754 1
55 15807 15762 1
56 95 86 1
57 51 48 1
58 80 77 1
59 85 82 1
60 2073 2062 1
61 2105 2094 1
62 2094 2086 1
63 4033 4018 1
64 4089 4074 1
65 4085 4071 1
66 4030 4018 1
67 4082 4070 1
68 2083 2077 0
69 2147 2141 1
70 31440 31355 1
71 15774 15732 1
72 7941 7920 1
73 15787 15748 1
74 7980 7962 1
75 8001 7983 1
76 8003 7985 1
77 31421 31352 1
78 31446 31377 1
79 31419 31353 1
80 7939 7924 1
81 31449 31390 1
82 2151 2147 1
83 31420 31362 1
84 15808 15779 1
85 31426 31369 1
86 31406 31352 1
87 31412 31366 1
88 7973 7963 1
89 7991 7981 1
90 31436 31397 1
91 31442 31405 1
92 7934 7925 1
93 7956 7947 1
94 31436 31401 1
95 15824 15807 0
96 15806 15790 1
97 81 65 1
98 62679 62616 1
99 15771 15737 1
100 62680 62617 1
101 31447 31416 1
102 31384 31356 0
103 62696 62686 0
104 15823 15819 0
105 15750 15758 0
106 7932 7925 1
107 62652 62601 0
108 62666 62615 0
109 31376 31351 0
110 31439 31416 0
111 15802 15791 0
112 4106 4106 0
113 125189 125105 0
114 62663 62623 0
115 62689 62649 0
116 62666 62628 0
117 62647 62610 0
118 125174 125101 0
119 62657 62621 0
120 125174 125103 0
121 125197 125126 0
122 62651 62619 0
123 15737 15729 0
124 15779 15771 0
125 15778 15771 0
126 15749 15743 0
127 15755 15751 0
128 7949 7947 0
129 4045 4044 0
130 4067 4067 0
131 4016 4016 0
132 2071 2071 0
133 2100 2100 0
134 7964 7967 0
135 7959 7962 0
136 2108 2109 0
137 2072 2073 0
138 4067 4076 0
139 2096 2102 0
140 2099 2107 0
141 75 83 0
142 45 56 0
143 13 25 0
144 62637 62634 0
145 125161 125123 0
146 500190 500186 0
147 125153 125150 0
148 62666 62650 0
149 62650 62631 0
150 125193 125157 0
151 125130 125128 0
152 500161 500105 0
153 62657 62632 0
154 62653 62631 0
155 125184 125140 0
156 125155 125126 0
157 500166 500118 0
158 500129 500128 0
159 125179 125140 0
160 500169 500127 0
161 125191 125184 0
162 500164 500138 0
163 500197 500124 0
164 125190 125140 0
165 125102 125103 0
166 500107 500110 0
167 31411 31406 0
168 500130 500103 0
169 125164 125160 0
170 125159 125112 0
171 125140 125108 0
172 250197 250145 0
173 500196 500168 0
174 250175 250152 0
175 250193 250185 0
176 250167 250103 0
177 250127 250122 0
178 31383 31377 0
179 500181 500188 0
180 500198 500170 0
181 31379 31369 0
182 250168 250122 0
183 31383 31381 0
184 250125 250111 0
185 500163 500129 0
186 250157 250159 0
187 500164 500117 0
188 250183 250122 0
189 250195 250154 0
190 250179 250120 0
191 250157 250104 0
192 250175 250122 0
193 500187 500177 0
194 250196 250181 0
195 250149 250102 0
196 31428 31427 0
197 250128 250117 0
198 500182 500113 0
199 500190 500155 0
200 250169 250166 0
201 250177 250142 0
202 125173 125161 0
203 250189 250146 0
204 62659 62644 0
205 500127 500125 0
206 250176 250131 0
207 62655 62641 0
208 500186 500124 0
209 500139 500139 0
210 500184 500175 0
211 250151 250101 0
212 250197 250192 0
213 250143 250136 0
214 250196 250173 0
215 250175 250178 0
216 250180 250151 0
217 15809 15809 0
218 250123 250113 0
219 250184 250125 0
220 500179 500159 0
221 500123 500118 0
222 500139 500120 0
223 62614 62615 0
224 500107 500112 0
225 125184 125161 0
226 125158 125139 0
227 125155 125127 0
228 62695 62670 0
229 125188 125156 0
230 62652 62634 0
231 500191 500133 0
232 15765 15810 0
233 15799 15808 0
234 15742 15814 0
235 15737 15775 0
236 15742 15767 0
237 15730 15794 0
238 15732 15738 0
239 500148 500156 0
240 7921 8003 0
241 15733 15737 0
242 31421 31438 0
243 7920 7952 0
244 31411 31430 0
245 31372 31381 0
246 31368 31417 0
247 31382 31415 0
248 31410 31448 0
249 31386 31391 0
250 7937 7995 0
251 31381 31412 0
252 31352 31438 0
253 31378 31405 0
254 7928 7988 0
255 7967 7984 0
256 15808 15813 0
257 7957 8007 0
258 7964 7978 0
259 31385 31425 0
260 31427 31429 0
261 7984 8008 0
262 31374 31402 0
263 31402 31415 0
264 31355 31432 0
265 31356 31413 0
266 7940 7984 0
267 31387 31402 0
268 31421 31431 0
269 31426 31430 0
270 7925 7963 0
271 7930 7941 0
272 62614 62652 0
273 7956 8002 0
274 62610 62615 0
275 62612 62679 0
276 7966 7978 0
277 62654 62694 0
278 7938 7950 0
279 4010 4022 0
280 62618 62626 0
281 62609 62615 0
282 62654 62662 0
283 62645 62651 0
284 62613 62688 0
285 4012 4070 0
286 62636 62689 0
287 4062 4100 0
288 4029 4046 0
289 4045 4073 0
290 4009 4093 0
291 62614 62628 0
292 4027 4065 0
293 62632 62644 0
294 62610 62671 0
295 62631 62695 0
296 62624 62698 0
297 62668 62670 0
298 4023 4096 0
299 4053 4070 0
300 62611 62623 0
301 15731 15824 0
302 62616 62684 0
303 4062 4086 0
304 4059 4087 0
305 62655 62657 0
306 125135 125163 0
307 125107 125133 0
308 125141 125184 0
309 125120 125157 0
310 125149 125177 0
311 125151 125175 0
312 125175 125194 0
313 4070 4101 0
314 125145 125199 0
315 4010 4055 0
316 4022 4094 0
317 4026 4053 0
318 4035 4053 0
319 2110 2133 0
320 125187 125195 0
321 125143 125147 0
322 125170 125196 0
323 125132 125136 0
324 125151 125160 0
325 2063 2078 0
326 2077 2134 0
327 125130 125177 0
328 15738 15764 0
329 15782 15793 0
330 125145 125188 0
331 125190 125194 0
332 2075 2101 0
333 125136 125147 0
334 2068 2123 0
335 2110 2134 0
336 2081 2094 0
337 125174 125177 0
338 2077 2104 0
339 15788 15796 0
340 2059 2074 0
341 2057 2127 0
342 250147 250195 0
343 2068 2125 0
344 2054 2104 0
345 15735 15788 0
346 2061 2079 0
347 2127 2145 0
348 250142 250167 0
349 250109 250200 0
350 250160 250194 0
351 2063 2122 0
352 250134 250194 0
353 250102 250157 0
354 2101 2153 0
355 250107 250148 0
356 2073 2153 0
357 250180 250200 0
358 250125 250139 0
359 5 86 0
360 10 56 0
361 35 78 0
362 250133 250188 0
363 11 67 0
364 250168 250183 0
365 14 66 0
366 250109 250184 0
367 66 87 0
368 15782 15805 0
369 15786 15804 0
370 11 59 0
371 12 48 0
372 10 46 0
373 500105 500151 0
374 500104 500140 0
375 500123 500174 0
376 1 38 0
377 500112 500200 0
378 27 58 0
379 64 84 0
380 75 90 0
381 500106 500153 0
382 500140 500172 0
383 15794 15820 0
384 500107 500181 0
385 500131 500200 0
386 500102 500181 0
387 18 96 0
388 500180 500196 0
389 500156 500165 0
390 10 63 0
391 2 97 0
392 25 77 0
393 56 74 0
394 48 78 0
395 500112 500150 0
396 62 80 0
397 500108 500155 0
398 15759 15776 0
399 15756 15769 0
--------------
1000000 :c
1003818 :sum(p)
999996 :sum(w)
