400 :n
id p,w,x
--------------
0 31448 31391 1
1 31438 31380 1
2 97 54 1
3 4082 4009 1
4 74 21 1
5 2115 2075 1
6 31450 31389 1
7 2147 2074 1
8 2142 2095 1
9 4102 4051 1
10 4085 4039 1
11 4104 4031 1
12 15821 15742 1
13 7992 7935 1
14 2105 2054 1
15 8008 7959 1
16 8004 7949 1
17 4058 4026 1
18 7991 7956 1
19 15791 15737 1
20 15809 15750 1
21 4094 4046 1
22 4089 4042 1
23 7964 7913 1
24 4105 4028 1
25 7984 7949 1
26 2126 2077 1
27 4061 4022 1
28 2105 2073 1
29 4053 4008 1
30 92 44 1
31 15811 15748 1
32 73 2 1
33 2140 2086 1
34 82 12 1
35 8005 7943 1
36 4086 4053 1
37 4083 4024 1
38 80 45 1
39 4079 4041 1
40 31439 31371 1
41 28 1 1
42 15773 15731 1
43 15808 15734 1
44 2128 2054 1
45 4076 4034 1
46 15773 15732 1
47 2099 2059 1
48 19 7 1
49 50 24 1
50 86 64 1
51 76 60 1
52 28 24 1
53 44 39 1
54 77 71 1
55 65 61 1
56 2082 2064 1
57 2112 2094 1
58 4074 4046 1
59 4084 4056 1
60 4069 4044 1
61 4063 4042 1
62 4056 4036 1
63 2107 2097 1
64 4028 4009 1
65 2065 2056 1
66 2093 2084 1
67 2100 2091 1
68 4103 4087 1
69 2128 2120 1
70 8009 7981 1
71 7959 7933 1
72 8005 7980 1
73 7947 7928 1
74 7995 7976 1
75 15765 15728 1
76 4018 4009 1
77 15793 15759 1
78 15758 15727 1
79 15795 15765 1
80 7946 7932 1
81 31413 31360 1
82 15796 15770 1
83 62697 62603 1
84 31427 31380 1
85 31434 31388 1
86 31395 31352 1
87 31411 31369 1
88 7966 7956 1
89 62689 62619 1
90 15817 15800 1
91 4078 4074 1
92 2073 2071 1
93 62696 62636 0
94 15759 15744 0
95 4064 4034 1
96 62689 62610 1
97 2102 2100 1
98 62679 62622 1
99 7963 7956 1
100 2147 2150 1
101 98 99 0
102 35 90 0
103 15788 15774 0
104 15755 15743 0
105 15764 15752 0
106 62699 62655 0
107 7950 7962 0
108 62646 62603 0
109 62693 62653 0
110 31377 31357 0
111 125195 125118 0
112 125186 125110 0
113 31426 31407 0
114 62667 62632 0
115 62663 62629 0
116 31433 31416 0
117 62646 62613 0
118 2118 2117 1
119 31444 31431 0
120 7937 7934 0
121 7976 7975 0
122 15824 15824 0
123 7968 7969 0
124 15795 15799 0
125 4082 4086 1
126 7915 7925 0
127 2100 2107 0
128 2082 2091 0
129 2139 2150 0
130 2132 2143 0
131 2059 2075 0
132 43 44 0
133 79 83 0
134 52 62 0
135 61 77 0
136 31 40 0
137 43 58 0
138 22 36 0
139 62617 62640 0
140 62641 62643 0
141 125168 125193 0
142 125133 125191 0
143 62668 62681 0
144 125189 125163 0
145 62660 62690 0
146 62665 62697 0
147 62696 62696 0
148 125124 125136 0
149 62643 62670 0
150 62626 62618 0
151 125185 125180 0
152 62628 62663 0
153 62613 62631 0
154 125147 125119 0
155 62627 62635 0
156 125147 125130 0
157 125136 125157 0
158 125141 125156 0
159 125142 125187 0
160 31384 31378 0
161 31425 31442 0
162 125116 125112 0
163 125108 125119 0
164 31389 31394 0
165 31362 31360 0
166 125158 125194 0
167 31357 31369 0
168 125118 125189 0
169 31422 31421 0
170 125111 125123 0
171 125140 125177 0
172 125129 125196 0
173 125130 125106 0
174 125103 125145 0
175 31373 31368 0
176 125133 125126 0
177 125198 125185 0
178 31388 31399 0
179 125192 125178 0
180 125148 125149 0
181 125113 125162 0
182 125195 125162 0
183 125160 125184 0
184 125146 125177 0
185 125160 125186 0
186 125125 125191 0
187 125169 125194 0
188 31374 31371 0
189 250192 250126 0
190 250147 250176 0
191 250114 250103 0
192 31435 31439 0
193 31375 31381 0
194 250124 250128 0
195 250115 250114 0
196 250174 250171 0
197 31356 31373 0
198 31385 31388 0
199 250107 250151 0
200 250172 250144 0
201 250181 250129 0
202 250119 250133 0
203 250172 250105 0
204 15814 15819 0
205 250159 250124 0
206 250104 250117 0
207 250180 250154 0
208 250117 250128 0
209 250123 250149 0
210 250125 250179 0
211 250199 250155 0
212 250135 250102 0
213 250169 250165 0
214 250188 250157 0
215 62625 62661 0
216 250134 250152 0
217 250154 250104 0
218 250147 250182 0
219 250162 250101 0
220 250155 250116 0
221 250194 250165 0
222 250165 250151 0
223 250150 250113 0
224 250116 250191 0
225 250193 250186 0
226 250132 250139 0
227 250183 250122 0
228 250138 250108 0
229 250104 250187 0
230 250148 250105 0
231 250147 250126 0
232 250145 250105 0
233 250116 250116 0
234 500179 500132 0
235 125141 125158 0
236 500199 500178 0
237 500139 500197 0
238 500167 500146 0
239 500170 500120 0
240 500125 500101 0
241 62616 62611 0
242 500109 500148 0
243 500152 500198 0
244 500146 500121 0
245 500195 500113 0
246 500103 500157 0
247 500128 500144 0
248 500156 500109 0
249 125143 125125 0
250 500148 500142 0
251 500144 500120 0
252 500157 500190 0
253 500185 500168 0
254 500105 500122 0
255 500143 500167 0
256 500101 500159 0
257 500146 500171 0
258 500128 500140 0
259 500194 500112 0
260 500149 500183 0
261 500184 500186 0
262 500140 500185 0
263 500148 500128 0
264 500180 500119 0
265 500101 500114 0
266 500160 500183 0
267 500120 500175 0
268 500139 500188 0
269 500113 500165 0
270 500127 500101 0
271 500192 500153 0
272 500133 500193 0
273 500154 500186 0
274 500200 500165 0
275 500135 500104 0
276 500178 500178 0
277 62644 62646 0
278 62668 62690 0
279 62677 62676 0
280 62613 62634 0
281 62634 62637 0
282 62674 62655 0
283 62678 62654 0
284 125171 125122 0
285 62684 62666 0
286 125164 125108 0
287 250194 250114 0
288 125173 125122 0
289 125166 125115 0
290 62694 62664 0
291 62655 62684 0
292 62689 62693 0
293 62684 62671 0
294 62677 62673 0
295 125126 125142 0
296 7915 7985 0
297 7934 8009 0
298 7969 7996 0
299 7941 7992 0
300 7916 7957 0
301 7922 8011 0
302 4021 4096 0
303 7968 7996 0
304 7994 8007 0
305 7974 8007 0
306 7948 7980 0
307 7949 7990 0
308 15745 15771 0
309 15731 15787 0
310 4029 4099 0
311 4017 4039 0
312 15766 15785 0
313 4036 4103 0
314 4061 4104 0
315 4014 4105 0
316 15745 15774 0
317 4074 4097 0
318 4021 4065 0
319 15786 15812 0
320 7928 8012 0
321 15769 15788 0
322 2108 2125 0
323 15783 15809 0
324 2082 2124 0
325 15802 15814 0
326 7921 7938 0
327 2106 2133 0
328 15739 15792 0
329 15733 15758 0
330 15751 15813 0
331 15727 15738 0
332 2060 2087 0
333 4041 4090 0
334 2054 2126 0
335 15775 15814 0
336 2069 2086 0
337 2085 2131 0
338 15748 15800 0
339 7942 7986 0
340 2097 2133 0
341 2117 2143 0
342 15744 15757 0
343 2074 2098 0
344 15773 15784 0
345 4047 4082 0
346 2087 2115 0
347 2063 2081 0
348 15748 15809 0
349 15747 15822 0
350 7936 7948 0
351 15789 15813 0
352 2076 2129 0
353 15797 15807 0
354 2078 2103 0
355 31359 31383 0
356 31399 31420 0
357 31374 31443 0
358 2066 2114 0
359 7 28 0
360 7922 8011 0
361 4017 4060 0
362 46 94 0
363 67 93 0
364 31351 31379 0
365 4 65 0
366 30 87 0
367 31405 31439 0
368 31351 31450 0
369 9 50 0
370 31358 31380 0
371 1 73 0
372 31357 31378 0
373 31390 31422 0
374 31369 31450 0
375 4017 4058 0
376 4021 4042 0
377 31384 31423 0
378 31389 31433 0
379 7976 7991 0
380 31389 31438 0
381 17 68 0
382 7986 7999 0
383 31412 31439 0
384 13 44 0
385 23 49 0
386 24 92 0
387 62624 62696 0
388 4020 4065 0
389 62602 62654 0
390 69 97 0
391 7980 8007 0
392 62614 62688 0
393 9 65 0
394 1 68 0
395 44 65 0
396 125112 125192 0
397 50 71 0
398 7940 8003 0
399 4056 4088 0
--------------
1000000 :c
1003738 :sum(p)
1000000 :sum(w)
