400 :n
id p,w,x
--------------
0 15 1 1
1 86 11 1
2 24 4 1
3 63 11 1
4 85 16 1
5 91 19 1
6 23 6 1
7 74 20 1
8 72 20 1
9 99 42 1
10 79 34 1
11 92 43 1
12 93 59 1
13 76 49 1
14 56 38 1
15 20 14 1
16 70 52 1
17 54 45 1
18 45 38 1
19 100 92 1
20 80 76 1
21 89 85 1
22 2140 2067 1
23 2125 2060 1
24 2152 2088 1
25 2116 2056 1
26 2149 2093 1
27 2139 2090 1
28 4096 4013 1
29 4080 4011 1
30 2123 2088 1
31 4103 4036 1
32 4076 4013 1
33 2136 2105 1
34 4077 4020 1
35 4092 4035 1
36 2119 2090 1
37 77 76 0
38 2110 2084 1
39 2116 2091 1
40 4073 4025 1
41 2084 2061 1
42 2134 2112 1
43 7998 7917 1
44 2089 2068 1
45 2152 2131 1
46 4093 4055 1
47 8000 7927 1
48 8008 7936 1
49 4059 4023 1
50 7997 7927 1
51 2121 2103 1
52 2091 2077 1
53 7965 7913 1
54 7971 7919 1
55 8012 7961 1
56 7999 7950 1
57 2067 2056 1
58 15812 15729 1
59 15822 15740 1
60 4069 4048 1
61 7966 7925 1
62 4078 4058 1
63 2136 2126 1
64 4075 4057 1
65 15812 15748 1
66 8000 7968 1
67 7961 7930 1
68 15788 15733 1
69 15807 15754 1
70 15805 15754 1
71 4072 4059 1
72 7952 7928 1
73 2129 2123 1
74 15786 15742 1
75 15768 15726 1
76 31445 31362 1
77 31444 31366 1
78 31437 31365 1
79 15788 15752 1
80 15772 15739 1
81 2093 2089 1
82 7957 7942 1
83 15774 15745 1
84 4044 4037 0
85 15760 15733 1
86 15763 15736 1
87 15773 15746 1
88 8000 7987 1
89 62699 62601 1
90 31417 31368 1
91 15771 15747 1
92 8001 7989 1
93 2114 2111 1
94 7961 7950 1
95 15803 15782 1
96 31400 31359 1
97 15759 15739 1
98 62697 62619 1
99 4029 4024 1
100 15796 15777 1
101 7998 7989 1
102 31419 31386 1
103 31412 31384 1
104 15812 15798 1
105 31 15 1
106 62674 62612 1
107 31388 31358 1
108 7960 7953 1
109 31389 31364 0
110 15763 15751 1
111 15821 15816 0
112 8004 7999 0
113 7972 7989 0
114 31393 31369 0
115 31413 31390 0
116 62691 62649 0
117 15751 15741 0
118 62643 62604 0
119 4030 4035 0
120 31398 31379 0
121 31449 31430 0
122 62674 62637 0
123 62656 62620 0
124 62693 62657 0
125 31401 31383 0
126 15739 15731 0
127 7922 7920 0
128 7980 7978 0
129 2067 2067 0
130 7944 7945 0
131 4102 4104 0
132 4095 4097 0
133 4099 4104 0
134 4062 4067 0
135 2135 2141 0
136 34 37 0
137 62679 62675 0
138 500146 500135 0
139 500145 500121 0
140 62640 62643 0
141 500185 500172 0
142 62669 62669 0
143 500167 500166 0
144 500166 500180 0
145 62636 62623 0
146 500162 500184 0
147 500185 500179 0
148 125114 125109 0
149 500175 500147 0
150 62630 62615 0
151 500173 500114 0
152 500171 500182 0
153 500174 500186 0
154 62683 62659 0
155 62635 62633 0
156 62677 62677 0
157 62668 62657 0
158 500180 500192 0
159 62653 62639 0
160 31442 31436 0
161 500177 500153 0
162 125156 125154 0
163 500143 500155 0
164 500161 500185 0
165 500169 500119 0
166 500177 500173 0
167 31442 31431 0
168 125151 125154 0
169 500168 500134 0
170 500130 500119 0
171 500197 500136 0
172 62632 62620 0
173 500166 500124 0
174 500108 500125 0
175 500149 500108 0
176 250154 250161 0
177 250187 250158 0
178 250117 250114 0
179 250200 250199 0
180 31364 31358 0
181 250198 250148 0
182 250170 250102 0
183 250157 250165 0
184 500184 500135 0
185 31448 31441 0
186 250130 250110 0
187 31370 31359 0
188 125126 125132 0
189 250161 250168 0
190 250174 250162 0
191 500182 500118 0
192 125184 125167 0
193 250187 250114 0
194 250159 250103 0
195 250107 250105 0
196 250200 250187 0
197 250200 250143 0
198 125189 125195 0
199 62694 62671 0
200 250184 250139 0
201 250162 250166 0
202 250143 250102 0
203 250161 250155 0
204 250194 250140 0
205 125191 125192 0
206 62666 62645 0
207 125155 125160 0
208 125166 125129 0
209 125159 125151 0
210 250182 250101 0
211 500157 500187 0
212 500181 500110 0
213 500196 500191 0
214 250186 250127 0
215 125195 125148 0
216 125198 125152 0
217 125193 125148 0
218 500197 500119 0
219 250177 250183 0
220 62645 62641 0
221 125122 125117 0
222 250179 250174 0
223 125149 125103 0
224 250135 250103 0
225 250156 250134 0
226 125122 125105 0
227 250157 250154 0
228 125166 125161 0
229 125170 125138 0
230 125177 125173 0
231 62693 62696 0
232 62627 62609 0
233 500101 500113 0
234 62683 62655 0
235 125175 125124 0
236 62653 62621 0
237 62666 62632 0
238 125196 125124 0
239 125151 125112 0
240 500128 500152 0
241 7946 7989 0
242 15779 15789 0
243 125169 125196 0
244 7975 7993 0
245 7947 7981 0
246 15769 15822 0
247 15739 15804 0
248 15741 15742 0
249 250106 250130 0
250 7947 7956 0
251 125161 125173 0
252 7918 7947 0
253 15734 15802 0
254 250166 250195 0
255 125127 125157 0
256 7942 7955 0
257 15728 15783 0
258 7926 7950 0
259 7956 7971 0
260 7930 7974 0
261 15744 15818 0
262 7984 7999 0
263 7953 7983 0
264 7961 7972 0
265 7941 7956 0
266 7976 7991 0
267 15769 15809 0
268 15757 15767 0
269 7961 7988 0
270 7956 8001 0
271 15791 15806 0
272 250140 250168 0
273 125127 125198 0
274 125140 125152 0
275 7926 8004 0
276 250179 250196 0
277 31394 31436 0
278 31418 31442 0
279 31397 31413 0
280 31372 31411 0
281 4042 4079 0
282 4010 4096 0
283 125125 125146 0
284 4034 4079 0
285 31372 31380 0
286 4020 4086 0
287 250163 250198 0
288 250126 250177 0
289 4046 4103 0
290 4058 4102 0
291 31375 31412 0
292 31438 31446 0
293 4026 4062 0
294 31363 31372 0
295 4050 4079 0
296 4065 4106 0
297 4035 4099 0
298 250152 250192 0
299 4009 4069 0
300 4071 4088 0
301 31361 31410 0
302 4022 4080 0
303 15808 15823 0
304 31363 31393 0
305 4029 4090 0
306 250111 250143 0
307 4021 4076 0
308 15807 15816 0
309 4016 4074 0
310 4023 4071 0
311 125104 125130 0
312 15746 15794 0
313 250136 250166 0
314 4036 4085 0
315 4021 4064 0
316 4027 4076 0
317 31381 31397 0
318 250103 250165 0
319 2055 2094 0
320 250102 250132 0
321 2098 2149 0
322 31361 31394 0
323 2090 2106 0
324 250124 250176 0
325 250134 250179 0
326 2060 2083 0
327 125162 125175 0
328 2070 2115 0
329 31442 31450 0
330 500123 500199 0
331 2087 2098 0
332 500115 500163 0
333 125129 125165 0
334 500133 500192 0
335 15730 15747 0
336 500149 500194 0
337 2119 2137 0
338 2073 2121 0
339 31402 31445 0
340 2097 2130 0
341 500149 500181 0
342 125179 125199 0
343 31386 31395 0
344 2061 2134 0
345 31369 31434 0
346 31385 31424 0
347 31373 31393 0
348 125145 125186 0
349 2089 2112 0
350 500115 500154 0
351 31369 31407 0
352 2065 2129 0
353 31403 31427 0
354 31357 31385 0
355 2078 2143 0
356 2064 2099 0
357 2084 2130 0
358 2137 2152 0
359 62603 62616 0
360 62688 62699 0
361 2 24 0
362 500141 500187 0
363 62606 62623 0
364 3 44 0
365 2 19 0
366 62609 62626 0
367 4 36 0
368 62621 62676 0
369 62661 62678 0
370 62680 62689 0
371 45 91 0
372 20 76 0
373 62657 62685 0
374 25 76 0
375 22 87 0
376 11 68 0
377 500114 500149 0
378 62660 62669 0
379 62662 62682 0
380 15759 15782 0
381 125178 125196 0
382 62644 62688 0
383 40 57 0
384 62603 62668 0
385 62645 62685 0
386 125102 125110 0
387 500121 500179 0
388 40 77 0
389 125114 125162 0
390 125126 125187 0
391 15 61 0
392 21 73 0
393 125108 125174 0
394 15 97 0
395 125124 125158 0
396 125168 125179 0
397 18 75 0
398 15753 15818 0
399 15748 15797 0
--------------
1000000 :c
1004096 :sum(p)
999998 :sum(w)
