400 :n
id p,w,x
--------------
0 68 5 1
1 99 9 1
2 81 21 1
3 41 13 1
4 98 43 1
5 95 44 1
6 44 23 1
7 97 54 1
8 72 44 1
9 60 37 1
10 69 43 1
11 44 29 1
12 94 66 1
13 40 32 1
14 57 49 1
15 2152 2055 1
16 2142 2054 1
17 2142 2058 1
18 2149 2067 1
19 2150 2071 1
20 2127 2057 1
21 2141 2074 1
22 2147 2081 1
23 2108 2055 1
24 40 39 0
25 2125 2077 1
26 4101 4011 1
27 4100 4015 1
28 2124 2080 1
29 4078 4009 1
30 4082 4015 1
31 4106 4050 1
32 4068 4017 1
33 4063 4017 1
34 4063 4018 1
35 8001 7913 1
36 4106 4064 1
37 4057 4019 1
38 2149 2129 1
39 8000 7926 1
40 7987 7918 1
41 2129 2113 1
42 8002 7942 1
43 4059 4029 1
44 4054 4025 1
45 2068 2054 1
46 2069 2055 1
47 7999 7947 1
48 7972 7922 1
49 8000 7950 1
50 4085 4060 1
51 8010 7961 1
52 8005 7957 1
53 8009 7966 1
54 2116 2105 1
55 15820 15741 1
56 7951 7913 1
57 2109 2099 1
58 4052 4034 1
59 8009 7978 1
60 15801 15740 1
61 2102 2094 1
62 15793 15735 1
63 15809 15752 1
64 15813 15760 1
65 7973 7947 1
66 15804 15754 1
67 7940 7915 1
68 31449 31352 1
69 31445 31351 1
70 15799 15753 1
71 2068 2062 1
72 2112 2106 1
73 4048 4037 1
74 15767 15730 1
75 31421 31356 1
76 7942 7926 1
77 7976 7960 1
78 15771 15741 1
79 8007 7992 1
80 31450 31393 1
81 15767 15739 1
82 31420 31372 1
83 7998 7986 1
84 15766 15743 1
85 62689 62623 1
86 87 20 1
87 62690 62618 1
88 31448 31405 1
89 62674 62602 1
90 15753 15731 1
91 15776 15755 1
92 7984 7974 1
93 4024 4019 1
94 31418 31384 1
95 31423 31392 1
96 15771 15748 1
97 7931 7918 1
98 62700 62643 0
99 15785 15771 1
100 62660 62606 0
101 62694 62684 0
102 7980 8010 0
103 62648 62611 0
104 31430 31405 1
105 4060 4057 1
106 4074 4071 1
107 31417 31397 0
108 15818 15808 1
109 4060 4058 0
110 125198 125118 0
111 125196 125115 0
112 125181 125105 0
113 15763 15800 0
114 125198 125106 0
115 15797 15788 0
116 62683 62650 0
117 7977 7973 0
118 2066 2065 1
119 125159 125100 0
120 31417 31404 0
121 31442 31429 0
122 125190 125141 0
123 31400 31388 0
124 62624 62601 0
125 125147 125102 0
126 125167 125122 0
127 62639 62618 0
128 31444 31434 0
129 15736 15732 0
130 15760 15756 0
131 4017 4016 0
132 31370 31364 0
133 31412 31407 0
134 31434 31430 0
135 31412 31412 0
136 4044 4044 0
137 15786 15787 0
138 31383 31387 0
139 4031 4032 0
140 15789 15796 0
141 15730 15739 0
142 15800 15811 0
143 15746 15762 0
144 15733 15749 0
145 15774 15791 0
146 15781 15799 0
147 7935 7946 0
148 7943 7956 0
149 4034 4042 0
150 7977 7995 0
151 2120 2125 1
152 2058 2063 0
153 7923 7943 0
154 7974 7996 0
155 4028 4040 0
156 7954 7979 0
157 7952 7977 0
158 2133 2141 0
159 2137 2146 0
160 2132 2141 0
161 4019 4037 0
162 2104 2114 0
163 4048 4070 0
164 2102 2114 0
165 2073 2085 0
166 2054 2066 0
167 2110 2123 0
168 2091 2107 0
169 2116 2136 0
170 68 69 0
171 84 88 0
172 50 64 0
173 63 89 0
174 60 91 0
175 52 84 0
176 40 65 0
177 23 46 0
178 20 44 0
179 2 27 0
180 125150 125146 0
181 125129 125119 0
182 500157 500126 0
183 125185 125174 0
184 500140 500104 0
185 125154 125148 0
186 500199 500111 0
187 62667 62665 0
188 500129 500107 0
189 500135 500120 0
190 125163 125143 0
191 125121 125116 0
192 62661 62651 0
193 250125 250106 0
194 250162 250126 0
195 125134 125102 0
196 125189 125165 0
197 62631 62611 0
198 125139 125107 0
199 250192 250125 0
200 250176 250104 0
201 125184 125158 0
202 125195 125171 0
203 250196 250128 0
204 250171 250101 0
205 250200 250136 0
206 250157 250108 0
207 250171 250118 0
208 62684 62670 0
209 250176 250113 0
210 125158 125124 0
211 62648 62628 0
212 125198 125174 0
213 62626 62614 0
214 62644 62638 0
215 62681 62676 0
216 250178 250142 0
217 62649 62645 0
218 500168 500121 0
219 250162 250140 0
220 500147 500120 0
221 250143 250102 0
222 500177 500125 0
223 500191 500116 0
224 250168 250143 0
225 500129 500103 0
226 500185 500142 0
227 250175 250140 0
228 62625 62621 0
229 500142 500110 0
230 500181 500129 0
231 500149 500122 0
232 250172 250164 0
233 250199 250176 0
234 500166 500116 0
235 250143 250131 0
236 125182 125166 0
237 250177 250157 0
238 500137 500110 0
239 250151 250118 0
240 62609 62655 0
241 62667 62684 0
242 62662 62690 0
243 7917 7982 0
244 62601 62645 0
245 62612 62616 0
246 62612 62689 0
247 62611 62689 0
248 7921 7952 0
249 62633 62639 0
250 62616 62658 0
251 62662 62692 0
252 7947 7995 0
253 7941 8009 0
254 7947 8008 0
255 7919 7962 0
256 62612 62621 0
257 62622 62676 0
258 62664 62671 0
259 62616 62665 0
260 62603 62641 0
261 31419 31438 0
262 62671 62691 0
263 7933 7999 0
264 62648 62654 0
265 62689 62689 0
266 7927 7961 0
267 7942 7981 0
268 62631 62644 0
269 62602 62655 0
270 125160 125174 0
271 125134 125131 0
272 7942 7994 0
273 125180 125184 0
274 125143 125181 0
275 31403 31428 0
276 7931 7986 0
277 31423 31430 0
278 125111 125126 0
279 4021 4102 0
280 125129 125192 0
281 4071 4104 0
282 4037 4105 0
283 15726 15762 0
284 125123 125122 0
285 125116 125194 0
286 125102 125106 0
287 125116 125123 0
288 125103 125134 0
289 4057 4086 0
290 4041 4086 0
291 4053 4086 0
292 4044 4078 0
293 15734 15797 0
294 125177 125183 0
295 125139 125184 0
296 125126 125154 0
297 4017 4080 0
298 4045 4083 0
299 4040 4105 0
300 125126 125177 0
301 15795 15814 0
302 125146 125185 0
303 4007 4098 0
304 125114 125114 0
305 31354 31446 0
306 15734 15808 0
307 31382 31412 0
308 4039 4088 0
309 125162 125185 0
310 250125 250166 0
311 4035 4099 0
312 250159 250178 0
313 250156 250152 0
314 250109 250132 0
315 250120 250184 0
316 250139 250150 0
317 4042 4101 0
318 250142 250166 0
319 250129 250152 0
320 2074 2123 0
321 250157 250171 0
322 2072 2141 0
323 2061 2141 0
324 250112 250107 0
325 250137 250144 0
326 250131 250195 0
327 250121 250129 0
328 250153 250184 0
329 2057 2143 0
330 15799 15821 0
331 15757 15811 0
332 31397 31414 0
333 250119 250136 0
334 250137 250139 0
335 250150 250178 0
336 250168 250180 0
337 2056 2091 0
338 15733 15807 0
339 250174 250172 0
340 31417 31427 0
341 15735 15809 0
342 250157 250188 0
343 500190 500176 0
344 500143 500178 0
345 31389 31409 0
346 31361 31389 0
347 2074 2127 0
348 500170 500194 0
349 500143 500171 0
350 31394 31429 0
351 2107 2138 0
352 500121 500107 0
353 500154 500156 0
354 500147 500168 0
355 500126 500184 0
356 31432 31442 0
357 31407 31428 0
358 31377 31409 0
359 4 41 0
360 500133 500161 0
361 29 94 0
362 500112 500104 0
363 15 59 0
364 15763 15792 0
365 500147 500142 0
366 500122 500178 0
367 21 76 0
368 31375 31399 0
369 15743 15821 0
370 500130 500179 0
371 15772 15793 0
372 500162 500182 0
373 17 71 0
374 8 75 0
375 16 88 0
376 15737 15777 0
377 31 98 0
378 500146 500200 0
379 500160 500153 0
380 500198 500185 0
381 60 98 0
382 500149 500169 0
383 31432 31442 0
384 500150 500138 0
385 500110 500130 0
386 31407 31445 0
387 15 55 0
388 500131 500170 0
389 500127 500185 0
390 31381 31407 0
391 31353 31364 0
392 31381 31392 0
393 500106 500162 0
394 46 82 0
395 12 47 0
396 500132 500192 0
397 35 77 0
398 31398 31408 0
399 31352 31398 0
--------------
1000000 :c
1004307 :sum(p)
1000000 :sum(w)
