400 :n
id p,w,x
--------------
0 2133 2075 1
1 2106 2063 1
2 15815 15726 1
3 15821 15755 1
4 2109 2060 1
5 15806 15744 1
6 15825 15747 1
7 15788 15728 1
8 2153 2055 1
9 2143 2087 1
10 2150 2061 1
11 15797 15727 1
12 2118 2062 1
13 15821 15746 1
14 8011 7938 1
15 8006 7922 1
16 4084 4011 1
17 2142 2064 1
18 53 4 1
19 4099 4042 1
20 15783 15729 1
21 4088 4027 1
22 75 8 1
23 4078 4030 1
24 92 8 1
25 16 4 1
26 31 8 1
27 58 19 1
28 56 19 1
29 47 18 1
30 48 22 1
31 70 33 1
32 52 34 1
33 62 41 1
34 67 54 1
35 21 18 0
36 29 27 1
37 48 45 1
38 75 71 1
39 48 46 0
40 63 61 1
41 2119 2092 1
42 2139 2113 1
43 4070 4026 1
44 2098 2076 1
45 2105 2083 1
46 4054 4013 1
47 4094 4056 1
48 4098 4063 1
49 2121 2105 1
50 2122 2106 1
51 4048 4021 1
52 4072 4046 1
53 8008 7963 1
54 7958 7915 1
55 7960 7920 1
56 7978 7939 1
57 7980 7941 1
58 7969 7932 1
59 2091 2082 1
60 4055 4038 1
61 7988 7956 1
62 4094 4078 1
63 7970 7940 1
64 7949 7920 1
65 4070 4056 1
66 2116 2109 1
67 15790 15739 1
68 4027 4014 1
69 15806 15757 1
70 7984 7960 1
71 15778 15734 1
72 7972 7950 1
73 15823 15781 1
74 31447 31368 1
75 15808 15771 1
76 4088 4044 1
77 31422 31358 1
78 7927 7913 1
79 31415 31363 1
80 7965 7953 1
81 62699 62605 1
82 4045 4039 1
83 4063 4057 1
84 31423 31377 1
85 31448 31403 1
86 7973 7962 1
87 8010 7999 1
88 2082 2060 1
89 31448 31409 1
90 31417 31377 1
91 15814 15793 1
92 62689 62621 1
93 4084 4080 1
94 4102 4098 1
95 31423 31353 1
96 62665 62603 1
97 15784 15769 1
98 15794 15779 1
99 62670 62620 0
100 31434 31409 1
101 62700 62699 0
102 31446 31421 0
103 15825 15822 0
104 15810 15799 1
105 62661 62619 0
106 62683 62642 0
107 62680 62642 0
108 125171 125122 0
109 31416 31398 0
110 31396 31379 0
111 125179 125113 0
112 125170 125107 0
113 125189 125128 0
114 125191 125131 0
115 62646 62616 0
116 62655 62625 0
117 31374 31360 0
118 62677 62650 0
119 31431 31418 0
120 125158 125107 0
121 125179 125136 0
122 250193 250101 0
123 31444 31422 0
124 19 91 0
125 250193 250109 0
126 62693 62673 0
127 31416 31406 0
128 15731 15726 0
129 62631 62612 0
130 62620 62604 0
131 4084 4083 1
132 62681 62667 0
133 31427 31420 0
134 31382 31376 0
135 31415 31409 0
136 15814 15811 0
137 31393 31389 0
138 31382 31379 0
139 31398 31395 0
140 31417 31414 0
141 2143 2143 1
142 8010 8011 1
143 15814 15816 0
144 15779 15782 0
145 31426 31437 0
146 31368 31379 0
147 15746 15752 0
148 15781 15788 0
149 4084 4086 0
150 4083 4085 0
151 7964 7968 0
152 15738 15748 0
153 15768 15786 0
154 15765 15783 0
155 15751 15773 0
156 4064 4071 0
157 2128 2132 0
158 4073 4081 0
159 7917 7933 0
160 2124 2129 0
161 4021 4031 0
162 2107 2114 0
163 4024 4038 0
164 7917 7945 0
165 7935 7964 0
166 7921 7950 0
167 7929 7959 0
168 2072 2081 0
169 2121 2132 0
170 4007 4028 0
171 2062 2073 0
172 4068 4090 0
173 4067 4089 0
174 4029 4053 0
175 2122 2136 0
176 2111 2128 0
177 2108 2125 0
178 2109 2128 0
179 2117 2142 0
180 2065 2095 0
181 2111 2143 0
182 91 97 0
183 71 76 0
184 52 65 0
185 54 70 0
186 72 98 0
187 62 90 0
188 55 88 0
189 33 64 0
190 26 61 0
191 14 39 0
192 250146 250149 0
193 250169 250141 0
194 500149 500122 0
195 500190 500115 0
196 250133 250120 0
197 250159 250116 0
198 250184 250168 0
199 500187 500120 0
200 62654 62647 0
201 62693 62694 0
202 125164 125131 0
203 250197 250139 0
204 250189 250115 0
205 125137 125109 0
206 250193 250126 0
207 500191 500106 0
208 62699 62693 0
209 500177 500187 0
210 500140 500102 0
211 500163 500107 0
212 500181 500164 0
213 500159 500155 0
214 500178 500138 0
215 500162 500117 0
216 62624 62617 0
217 125135 125118 0
218 125146 125138 0
219 500178 500130 0
220 500113 500121 0
221 62669 62666 0
222 500131 500123 0
223 250167 250143 0
224 125180 125177 0
225 500179 500120 0
226 125185 125168 0
227 125131 125104 0
228 500129 500134 0
229 250110 250105 0
230 500172 500173 0
231 62682 62680 0
232 500177 500113 0
233 500185 500183 0
234 250159 250138 0
235 62651 62648 0
236 500143 500132 0
237 250164 250123 0
238 250132 250122 0
239 250176 250174 0
240 125152 125151 0
241 250156 250161 0
242 250135 250121 0
243 125177 125163 0
244 250182 250156 0
245 250188 250167 0
246 500176 500117 0
247 250120 250113 0
248 250175 250157 0
249 500198 500143 0
250 250164 250139 0
251 250129 250109 0
252 62655 62693 0
253 7922 7979 0
254 7933 8004 0
255 62603 62672 0
256 62618 62685 0
257 7928 8007 0
258 62612 62652 0
259 7913 8000 0
260 62613 62634 0
261 62673 62677 0
262 7954 7986 0
263 7929 7977 0
264 7916 8012 0
265 62620 62662 0
266 7916 7976 0
267 7933 7984 0
268 62610 62643 0
269 62647 62671 0
270 7924 7975 0
271 62638 62674 0
272 7950 8008 0
273 7924 8001 0
274 7923 7998 0
275 62671 62693 0
276 7933 7992 0
277 62616 62682 0
278 7948 8001 0
279 125118 125196 0
280 125100 125172 0
281 125112 125123 0
282 62610 62700 0
283 4010 4065 0
284 125124 125181 0
285 125147 125193 0
286 4046 4082 0
287 125100 125115 0
288 125144 125149 0
289 125103 125188 0
290 62625 62689 0
291 62615 62644 0
292 125106 125195 0
293 125158 125190 0
294 62601 62645 0
295 62642 62673 0
296 4027 4085 0
297 7938 7978 0
298 15747 15781 0
299 62603 62680 0
300 125106 125195 0
301 4027 4071 0
302 4009 4105 0
303 125125 125165 0
304 4051 4092 0
305 125152 125160 0
306 125146 125178 0
307 4014 4102 0
308 4028 4103 0
309 4015 4071 0
310 125166 125170 0
311 125115 125174 0
312 4023 4077 0
313 31376 31389 0
314 125108 125156 0
315 125137 125177 0
316 15754 15819 0
317 125165 125176 0
318 125125 125172 0
319 125102 125174 0
320 31365 31410 0
321 31368 31428 0
322 2084 2127 0
323 125111 125189 0
324 125101 125187 0
325 125137 125154 0
326 15755 15802 0
327 15754 15796 0
328 250102 250162 0
329 2058 2144 0
330 250127 250135 0
331 31365 31438 0
332 15751 15784 0
333 15734 15786 0
334 250119 250164 0
335 31366 31431 0
336 250102 250171 0
337 250115 250147 0
338 2086 2139 0
339 250119 250176 0
340 2061 2106 0
341 2094 2133 0
342 250105 250121 0
343 2062 2137 0
344 250143 250191 0
345 250111 250188 0
346 2067 2142 0
347 31395 31437 0
348 250140 250160 0
349 2077 2138 0
350 15729 15763 0
351 250151 250172 0
352 31351 31380 0
353 250127 250177 0
354 250184 250200 0
355 31412 31434 0
356 2089 2152 0
357 250146 250192 0
358 31356 31429 0
359 250183 250194 0
360 250185 250194 0
361 500175 500197 0
362 500115 500181 0
363 500142 500186 0
364 15756 15823 0
365 500107 500185 0
366 31372 31425 0
367 31377 31443 0
368 15779 15805 0
369 31353 31424 0
370 500157 500169 0
371 500110 500139 0
372 500109 500182 0
373 33 84 0
374 500173 500191 0
375 29 95 0
376 31379 31431 0
377 500104 500136 0
378 500139 500161 0
379 3 64 0
380 51 94 0
381 14 86 0
382 5 78 0
383 31388 31414 0
384 500139 500187 0
385 500157 500190 0
386 15745 15787 0
387 26 85 0
388 500116 500179 0
389 56 95 0
390 500127 500191 0
391 500106 500124 0
392 4 69 0
393 500116 500130 0
394 40 93 0
395 15739 15823 0
396 500169 500186 0
397 15759 15819 0
398 31380 31427 0
399 500129 500140 0
--------------
1000000 :c
1003840 :sum(p)
999998 :sum(w)
