400 :n
id p,w,x
--------------
0 31443 31358 1
1 31433 31354 1
2 70 35 1
3 44 8 1
4 58 4 1
5 72 37 1
6 51 43 1
7 91 15 1
8 15 7 1
9 31440 31360 1
10 78 3 1
11 15823 15746 1
12 39 28 1
13 27 19 1
14 100 40 1
15 71 56 1
16 35 22 1
17 78 27 1
18 89 4 1
19 81 5 1
20 86 12 1
21 60 26 1
22 36 6 1
23 2143 2127 1
24 2141 2063 1
25 2099 2080 1
26 2090 2068 1
27 2127 2066 1
28 2135 2063 1
29 2132 2083 1
30 2084 2054 1
31 2105 2094 1
32 2153 2099 1
33 2128 2113 1
34 2098 2075 1
35 2153 2075 1
36 15804 15740 1
37 2105 2087 1
38 2129 2067 1
39 2152 2138 1
40 2138 2111 1
41 15805 15741 1
42 2140 2086 1
43 15795 15745 1
44 4068 4026 1
45 4058 4039 1
46 4066 4021 1
47 4104 4071 1
48 4104 4077 1
49 4094 4019 1
50 15815 15747 1
51 4049 4012 1
52 8012 7976 1
53 4083 4067 1
54 4068 4037 1
55 4094 4015 1
56 4072 4037 1
57 4071 4049 1
58 4088 4066 1
59 7991 7961 1
60 7979 7939 1
61 7969 7918 1
62 8009 7940 1
63 7984 7951 1
64 7997 7971 1
65 7994 7934 1
66 7997 7923 1
67 7969 7937 1
68 8002 7952 1
69 7978 7952 1
70 7951 7916 1
71 15797 15763 1
72 15768 15732 1
73 31440 31380 1
74 15782 15754 1
75 31412 31356 1
76 31432 31366 1
77 15795 15765 1
78 31438 31379 1
79 15770 15738 1
80 31422 31362 1
81 15773 15737 1
82 31416 31354 1
83 31434 31372 1
84 96 93 1
85 69 68 1
86 2088 2081 1
87 2102 2095 1
88 4089 4078 1
89 4064 4054 1
90 4080 4070 1
91 4066 4059 1
92 31412 31361 1
93 15773 15748 1
94 31420 31372 1
95 15787 15765 1
96 15795 15774 1
97 62691 62611 1
98 31409 31369 0
99 7989 7979 1
100 100 66 1
101 15763 15726 1
102 15755 15731 1
103 4049 4043 1
104 62679 62601 1
105 4060 4055 0
106 31444 31447 0
107 31441 31428 0
108 7982 8011 0
109 4077 4072 1
110 7977 7968 0
111 15786 15769 0
112 7984 7976 1
113 62683 62623 0
114 62673 62614 0
115 7928 7922 0
116 7981 7975 1
117 15749 15738 0
118 73 74 0
119 90 94 0
120 37 39 0
121 15809 15800 0
122 62652 62602 0
123 62696 62643 0
124 62697 62662 0
125 125182 125105 0
126 31395 31378 0
127 31406 31383 0
128 62664 62633 0
129 15756 15746 0
130 62685 62626 0
131 125180 125105 0
132 62627 62618 0
133 62606 62605 0
134 62672 62664 0
135 62620 62613 0
136 62658 62660 0
137 500166 500109 0
138 500102 500126 0
139 500135 500125 0
140 500184 500131 0
141 500135 500158 0
142 125161 125136 0
143 62644 62643 0
144 500168 500150 0
145 500193 500150 0
146 125157 125152 0
147 250126 250113 0
148 62699 62682 0
149 62674 62661 0
150 125118 125118 0
151 250147 250124 0
152 125135 125103 0
153 500180 500134 0
154 62642 62621 0
155 250159 250148 0
156 62673 62646 0
157 62674 62666 0
158 250155 250159 0
159 250126 250119 0
160 125188 125178 0
161 250195 250120 0
162 250165 250116 0
163 250161 250106 0
164 250167 250167 0
165 31422 31417 0
166 31433 31418 0
167 500195 500125 0
168 31402 31400 0
169 500123 500105 0
170 250184 250146 0
171 125163 125164 0
172 500104 500119 0
173 500175 500166 0
174 125163 125153 0
175 250134 250123 0
176 250121 250131 0
177 500154 500157 0
178 31389 31382 0
179 7938 7935 0
180 500152 500164 0
181 500133 500140 0
182 125149 125124 0
183 250150 250112 0
184 125197 125143 0
185 250144 250102 0
186 500165 500156 0
187 500115 500119 0
188 500133 500107 0
189 500134 500160 0
190 125158 125104 0
191 500108 500101 0
192 500129 500137 0
193 15738 15731 0
194 125171 125172 0
195 125142 125126 0
196 500110 500131 0
197 250142 250134 0
198 500193 500109 0
199 250130 250114 0
200 125183 125146 0
201 125133 125127 0
202 500140 500124 0
203 125159 125100 0
204 250183 250144 0
205 125174 125129 0
206 125176 125121 0
207 15789 15785 0
208 125141 125106 0
209 125183 125129 0
210 500191 500120 0
211 500119 500103 0
212 125176 125128 0
213 500173 500159 0
214 500156 500103 0
215 62697 62678 0
216 62668 62629 0
217 62697 62643 0
218 62668 62613 0
219 15750 15763 0
220 15757 15813 0
221 15742 15745 0
222 15739 15784 0
223 15726 15729 0
224 15795 15807 0
225 15737 15815 0
226 250125 250169 0
227 31427 31446 0
228 15742 15763 0
229 15795 15798 0
230 31417 31430 0
231 15744 15751 0
232 15809 15821 0
233 15756 15762 0
234 31371 31428 0
235 250143 250158 0
236 31357 31438 0
237 31386 31447 0
238 250107 250123 0
239 31379 31402 0
240 31389 31440 0
241 31421 31436 0
242 250161 250198 0
243 7932 7997 0
244 31380 31390 0
245 31406 31434 0
246 250147 250180 0
247 7972 7984 0
248 7932 7945 0
249 7931 8002 0
250 7976 7991 0
251 7928 7961 0
252 7927 7938 0
253 250169 250191 0
254 7922 7971 0
255 250133 250147 0
256 7940 7948 0
257 7923 7964 0
258 7920 8007 0
259 31435 31447 0
260 15756 15766 0
261 7941 7953 0
262 250123 250192 0
263 250144 250195 0
264 7959 7996 0
265 7919 7959 0
266 7980 8006 0
267 7921 7933 0
268 250117 250158 0
269 7958 7990 0
270 31376 31384 0
271 250113 250165 0
272 7973 8004 0
273 31360 31439 0
274 7935 7978 0
275 31352 31371 0
276 250166 250196 0
277 7938 7989 0
278 250109 250190 0
279 4009 4040 0
280 4040 4095 0
281 4034 4039 0
282 250116 250131 0
283 31377 31406 0
284 4013 4030 0
285 4046 4060 0
286 31407 31430 0
287 250107 250127 0
288 4020 4091 0
289 31405 31411 0
290 4031 4054 0
291 4016 4069 0
292 4018 4067 0
293 4063 4072 0
294 4021 4100 0
295 31366 31440 0
296 250121 250136 0
297 31430 31438 0
298 250137 250171 0
299 4033 4082 0
300 62626 62671 0
301 4018 4049 0
302 4062 4086 0
303 250116 250171 0
304 4030 4055 0
305 250161 250200 0
306 250137 250183 0
307 250119 250168 0
308 62613 62660 0
309 4031 4058 0
310 4032 4104 0
311 62658 62671 0
312 62677 62692 0
313 4014 4085 0
314 4074 4078 0
315 4033 4044 0
316 62644 62692 0
317 62645 62678 0
318 62634 62694 0
319 250111 250137 0
320 250120 250169 0
321 500120 500177 0
322 62622 62660 0
323 2072 2103 0
324 62630 62680 0
325 2079 2147 0
326 2082 2121 0
327 62618 62685 0
328 2059 2065 0
329 62669 62680 0
330 500112 500199 0
331 500116 500200 0
332 2074 2099 0
333 2073 2083 0
334 2080 2096 0
335 2064 2132 0
336 2135 2147 0
337 2138 2144 0
338 62616 62649 0
339 2090 2120 0
340 2083 2135 0
341 500131 500161 0
342 2126 2153 0
343 2063 2075 0
344 62645 62689 0
345 62647 62660 0
346 62636 62666 0
347 2060 2082 0
348 2078 2099 0
349 2138 2151 0
350 62641 62670 0
351 2077 2139 0
352 500132 500173 0
353 2097 2113 0
354 500105 500191 0
355 125158 125197 0
356 2099 2126 0
357 125115 125145 0
358 125115 125196 0
359 15 81 0
360 46 93 0
361 125110 125153 0
362 47 99 0
363 125102 125132 0
364 500162 500193 0
365 125125 125166 0
366 125146 125175 0
367 22 98 0
368 125114 125157 0
369 125105 125165 0
370 125106 125117 0
371 125149 125162 0
372 125102 125117 0
373 4 51 0
374 125123 125197 0
375 15761 15816 0
376 125101 125184 0
377 125134 125149 0
378 125153 125199 0
379 39 77 0
380 500129 500158 0
381 500124 500166 0
382 24 73 0
383 15770 15819 0
384 34 72 0
385 15 45 0
386 87 95 0
387 15757 15792 0
388 13 21 0
389 500134 500177 0
390 22 91 0
391 500120 500187 0
392 125164 125177 0
393 66 85 0
394 21 34 0
395 37 57 0
396 125137 125177 0
397 500126 500158 0
398 15741 15774 0
399 15732 15822 0
--------------
1000000 :c
1004230 :sum(p)
999999 :sum(w)
