400 :n
id p,w,x
--------------
0 15798 15735 1
1 15818 15763 1
2 15820 15746 1
3 74 7 1
4 15799 15737 1
5 96 43 1
6 64 24 1
7 15819 15753 1
8 15812 15753 1
9 15810 15746 1
10 97 26 1
11 97 29 1
12 53 16 1
13 15808 15737 1
14 8002 7963 1
15 7980 7944 1
16 65 7 1
17 93 65 1
18 86 50 1
19 75 15 1
20 7999 7929 1
21 70 39 1
22 7986 7948 1
23 100 65 1
24 94 70 1
25 2105 2071 1
26 2138 2100 1
27 2139 2078 1
28 2135 2081 1
29 8007 7948 1
30 2138 2112 1
31 2141 2111 1
32 2148 2100 1
33 2100 2054 1
34 2139 2102 1
35 2125 2097 1
36 7996 7920 1
37 7981 7941 1
38 2084 2058 1
39 2124 2064 1
40 4096 4063 1
41 4098 4059 1
42 4056 4021 1
43 4083 4021 1
44 4061 4007 1
45 4072 4014 1
46 4046 4008 1
47 4082 4044 1
48 4066 4015 1
49 4058 4016 1
50 7998 7954 1
51 7989 7938 1
52 27 6 1
53 19 8 1
54 48 26 1
55 75 55 1
56 19 14 0
57 49 37 1
58 66 50 1
59 36 28 1
60 83 70 1
61 42 39 1
62 2108 2091 1
63 4093 4067 1
64 2147 2134 1
65 2132 2121 1
66 7949 7920 1
67 7946 7918 1
68 7996 7969 1
69 2108 2101 1
70 2111 2104 1
71 15779 15727 1
72 15814 15768 1
73 2096 2090 1
74 15776 15732 1
75 4061 4050 1
76 31441 31356 1
77 15775 15733 1
78 31445 31367 1
79 4075 4065 1
80 4104 4094 1
81 2087 2082 1
82 15821 15784 1
83 15800 15764 1
84 31442 31371 1
85 7970 7953 1
86 15808 15776 1
87 7991 7975 1
88 4077 4069 1
89 99 93 1
90 7945 7931 1
91 8011 7997 1
92 31426 31372 1
93 4086 4079 1
94 31435 31382 1
95 31438 31388 1
96 7967 7955 1
97 7977 7965 1
98 31431 31384 1
99 4040 4034 1
100 2062 2059 1
101 7994 7983 1
102 31442 31402 1
103 31399 31362 1
104 15789 15770 1
105 62682 62603 1
106 15748 15730 1
107 7959 7951 1
108 4090 4086 1
109 2153 2149 1
110 62673 62609 1
111 31396 31354 1
112 2061 2059 1
113 31414 31387 0
114 31400 31374 0
115 8011 8012 0
116 4064 4062 1
117 125168 125114 0
118 2135 2134 1
119 31404 31384 0
120 7988 8007 0
121 125195 125117 0
122 62651 62612 0
123 125179 125106 0
124 62671 62635 0
125 62682 62646 0
126 31401 31383 0
127 62698 62666 0
128 125168 125105 0
129 15819 15813 0
130 125175 125114 0
131 125176 125115 0
132 62633 62603 0
133 31391 31371 0
134 125192 125135 0
135 62655 62627 0
136 125161 125107 0
137 250134 250167 0
138 62677 62629 0
139 31406 31393 0
140 31446 31433 0
141 250200 250103 0
142 125163 125115 0
143 31400 31388 0
144 125159 125114 0
145 125149 125105 0
146 250188 250105 0
147 125152 125111 0
148 125191 125150 0
149 15737 15732 0
150 31430 31424 0
151 31378 31374 0
152 7930 7929 0
153 15749 15749 0
154 15766 15768 0
155 15730 15735 0
156 7944 7947 0
157 2115 2116 1
158 2103 2104 0
159 7985 7989 0
160 15779 15787 0
161 4087 4091 1
162 7914 7924 0
163 2133 2136 1
164 7957 7970 0
165 2106 2110 0
166 7979 7995 0
167 4066 4075 0
168 4028 4037 0
169 4011 4020 0
170 2098 2103 0
171 2057 2064 0
172 2072 2080 0
173 4022 4038 0
174 4061 4078 0
175 2104 2113 0
176 2088 2101 0
177 2082 2096 0
178 2066 2080 0
179 56 57 1
180 77 98 0
181 53 70 0
182 51 72 0
183 23 40 0
184 8 23 0
185 500142 500141 0
186 500163 500120 0
187 31405 31407 0
188 500198 500118 0
189 62692 62697 0
190 500178 500138 0
191 500194 500191 0
192 62612 62602 0
193 62689 62675 0
194 250176 250130 0
195 500127 500153 0
196 62696 62692 0
197 500179 500140 0
198 125130 125109 0
199 250143 250112 0
200 500117 500104 0
201 250108 250104 0
202 250164 250176 0
203 500121 500124 0
204 125171 125177 0
205 125131 125136 0
206 500136 500123 0
207 125124 125132 0
208 250188 250148 0
209 250150 250128 0
210 250148 250144 0
211 125142 125141 0
212 250191 250197 0
213 500151 500168 0
214 125158 125160 0
215 250187 250165 0
216 500188 500138 0
217 250133 250119 0
218 125161 125153 0
219 500174 500107 0
220 500161 500125 0
221 250142 250123 0
222 500135 500118 0
223 250136 250132 0
224 125176 125184 0
225 500136 500149 0
226 500182 500114 0
227 62675 62680 0
228 125139 125119 0
229 250185 250128 0
230 125193 125199 0
231 250167 250121 0
232 500187 500171 0
233 500128 500157 0
234 250118 250114 0
235 250170 250120 0
236 250181 250200 0
237 250148 250128 0
238 250192 250175 0
239 250193 250135 0
240 250104 250121 0
241 250119 250131 0
242 250143 250157 0
243 500112 500131 0
244 62652 62642 0
245 62692 62690 0
246 500149 500112 0
247 500172 500133 0
248 500132 500134 0
249 125139 125100 0
250 125193 125160 0
251 250197 250138 0
252 62690 62675 0
253 250185 250105 0
254 125186 125151 0
255 125142 125102 0
256 250197 250117 0
257 125171 125134 0
258 125183 125152 0
259 250180 250111 0
260 31433 31435 0
261 500186 500178 0
262 500187 500174 0
263 62668 62665 0
264 500193 500196 0
265 500139 500106 0
266 500145 500166 0
267 500139 500176 0
268 500150 500173 0
269 62604 62607 0
270 500132 500144 0
271 500174 500188 0
272 500120 500140 0
273 62612 62611 0
274 500139 500101 0
275 62640 62627 0
276 31355 31357 0
277 500174 500188 0
278 62698 62695 0
279 31392 31393 0
280 4023 4057 0
281 15743 15783 0
282 4029 4079 0
283 4083 4105 0
284 4013 4101 0
285 250107 250154 0
286 15784 15808 0
287 7972 7999 0
288 15767 15789 0
289 4037 4104 0
290 7965 8011 0
291 15749 15769 0
292 15740 15824 0
293 15789 15823 0
294 15732 15764 0
295 4056 4089 0
296 4017 4069 0
297 15739 15811 0
298 4015 4098 0
299 15749 15797 0
300 15779 15791 0
301 7985 8006 0
302 4042 4092 0
303 7913 7944 0
304 4032 4083 0
305 4023 4060 0
306 4027 4092 0
307 31402 31428 0
308 15776 15810 0
309 15754 15788 0
310 4022 4076 0
311 31394 31432 0
312 4018 4077 0
313 250128 250180 0
314 31388 31433 0
315 31373 31427 0
316 4043 4086 0
317 31405 31448 0
318 31407 31420 0
319 31369 31421 0
320 2117 2150 0
321 31393 31408 0
322 15752 15773 0
323 500151 500198 0
324 31365 31436 0
325 31431 31445 0
326 15727 15767 0
327 31394 31405 0
328 31392 31421 0
329 250115 250161 0
330 31374 31426 0
331 31384 31391 0
332 31399 31426 0
333 31385 31428 0
334 250146 250181 0
335 62674 62698 0
336 62612 62629 0
337 62616 62641 0
338 2071 2147 0
339 62622 62644 0
340 2067 2095 0
341 500113 500156 0
342 2061 2093 0
343 62608 62694 0
344 62644 62676 0
345 62675 62686 0
346 15745 15794 0
347 7975 8004 0
348 62652 62694 0
349 62652 62658 0
350 62613 62698 0
351 62616 62657 0
352 250138 250190 0
353 2064 2146 0
354 7967 7997 0
355 250115 250175 0
356 7919 7954 0
357 2055 2084 0
358 62639 62654 0
359 500136 500188 0
360 13 77 0
361 29 89 0
362 62605 62649 0
363 5 88 0
364 9 56 0
365 62609 62615 0
366 15739 15812 0
367 62660 62666 0
368 34 79 0
369 62643 62663 0
370 62624 62631 0
371 7923 7967 0
372 500117 500180 0
373 62625 62688 0
374 14 99 0
375 125120 125159 0
376 125139 125169 0
377 500148 500195 0
378 125136 125178 0
379 21 55 0
380 7964 8011 0
381 125109 125158 0
382 125141 125199 0
383 125127 125141 0
384 125128 125169 0
385 125141 125156 0
386 43 97 0
387 125123 125185 0
388 125102 125186 0
389 125101 125134 0
390 250124 250152 0
391 250106 250173 0
392 4 50 0
393 15754 15794 0
394 250117 250155 0
395 250157 250200 0
396 7934 7973 0
397 32 91 0
398 7915 8007 0
399 7925 7989 0
--------------
1000000 :c
1004010 :sum(p)
1000000 :sum(w)
