400 :n
id p,w,x
--------------
0 8001 7948 1
1 8001 7920 1
2 8011 7950 1
3 7977 7920 1
4 84 18 1
5 4076 4009 1
6 93 5 1
7 4104 4039 1
8 79 3 1
9 4102 4029 1
10 4088 4018 1
11 4083 4020 1
12 54 2 1
13 15808 15736 1
14 15809 15743 1
15 2134 2088 1
16 90 10 1
17 2127 2055 1
18 31442 31352 1
19 31444 31360 1
20 2129 2069 1
21 31448 31355 1
22 2152 2099 1
23 66 2 1
24 2147 2074 1
25 2146 2101 1
26 2138 2061 1
27 36 8 1
28 25 8 1
29 76 34 1
30 39 19 1
31 36 18 1
32 92 52 1
33 52 30 1
34 100 60 1
35 76 52 1
36 73 54 1
37 66 53 1
38 21 17 1
39 75 65 1
40 99 95 1
41 2115 2076 1
42 2127 2090 1
43 2089 2055 1
44 2125 2094 1
45 2131 2101 1
46 2085 2056 1
47 2119 2092 1
48 86 85 1
49 2099 2077 1
50 4053 4012 1
51 4049 4009 1
52 2111 2091 1
53 4098 4060 1
54 4101 4068 1
55 4096 4064 1
56 2080 2064 1
57 4086 4055 1
58 2144 2129 1
59 4085 4057 1
60 8003 7954 1
61 4059 4038 1
62 7980 7941 1
63 4058 4040 1
64 7951 7916 1
65 2153 2144 1
66 15791 15730 1
67 8011 7981 1
68 15807 15750 1
69 15816 15760 1
70 4072 4058 1
71 7962 7935 1
72 7974 7948 1
73 8000 7974 1
74 8012 7989 1
75 31426 31351 1
76 2140 2135 1
77 15801 15766 1
78 31433 31364 1
79 31427 31359 1
80 7953 7936 1
81 31413 31351 1
82 15777 15746 1
83 4093 4085 1
84 31425 31373 1
85 15821 15795 1
86 15789 15764 1
87 31414 31366 1
88 62697 62604 1
89 62689 62601 1
90 15819 15798 1
91 31416 31377 1
92 62697 62620 0
93 15814 15757 1
94 31395 31351 1
95 15762 15739 1
96 62680 62604 1
97 15802 15783 1
98 8011 8002 1
99 62697 62640 0
100 4070 4084 0
101 38 47 0
102 31421 31387 1
103 62694 62628 0
104 7936 7928 0
105 62668 62606 0
106 4065 4061 1
107 4065 4065 0
108 2067 2065 1
109 2073 2071 1
110 15741 15726 0
111 15749 15734 0
112 62689 62633 0
113 7925 7918 0
114 7947 7940 0
115 31397 31371 0
116 15785 15772 0
117 62672 62624 0
118 62683 62635 0
119 15765 15754 0
120 31399 31381 0
121 15815 15806 0
122 2123 2122 1
123 2152 2151 0
124 31397 31385 0
125 31414 31402 0
126 31423 31411 0
127 31430 31418 0
128 15801 15795 0
129 15750 15746 0
130 15761 15758 0
131 48 48 1
132 2101 2102 1
133 4014 4020 0
134 4014 4021 0
135 2100 2104 0
136 4037 4047 0
137 2138 2145 0
138 2112 2120 0
139 91 93 1
140 71 73 0
141 38 44 0
142 66 77 0
143 69 83 0
144 25 34 0
145 8 13 0
146 62684 62660 0
147 250197 250155 0
148 125137 125116 0
149 125166 125125 0
150 250195 250157 0
151 125177 125115 0
152 500195 500102 0
153 62638 62613 0
154 125180 125121 0
155 500195 500102 0
156 125175 125135 0
157 500196 500113 0
158 125156 125130 0
159 125170 125119 0
160 500190 500115 0
161 125172 125133 0
162 125182 125117 0
163 125191 125130 0
164 125145 125126 0
165 125157 125109 0
166 125153 125135 0
167 125157 125115 0
168 500184 500115 0
169 125156 125107 0
170 125193 125130 0
171 250195 250122 0
172 31370 31364 0
173 125149 125100 0
174 62695 62676 0
175 62694 62677 0
176 250189 250139 0
177 62684 62655 0
178 250167 250107 0
179 62643 62613 0
180 62682 62673 0
181 125157 125117 0
182 250164 250108 0
183 62603 62662 0
184 62629 62625 0
185 31389 31437 0
186 62605 62623 0
187 31363 31379 0
188 31420 31444 0
189 62608 62619 0
190 62637 62674 0
191 31361 31379 0
192 62643 62694 0
193 31385 31448 0
194 62630 62654 0
195 62617 62658 0
196 31406 31445 0
197 62624 62698 0
198 62648 62698 0
199 62648 62692 0
200 15751 15786 0
201 62688 62690 0
202 62616 62670 0
203 15731 15799 0
204 62656 62665 0
205 62645 62672 0
206 62602 62656 0
207 15813 15825 0
208 62645 62644 0
209 15737 15748 0
210 62629 62646 0
211 62694 62696 0
212 15778 15805 0
213 15783 15810 0
214 15764 15794 0
215 15786 15805 0
216 125167 125170 0
217 15761 15807 0
218 15752 15767 0
219 15756 15814 0
220 125117 125108 0
221 15758 15760 0
222 15758 15781 0
223 125131 125134 0
224 125147 125158 0
225 125163 125168 0
226 15772 15792 0
227 15727 15790 0
228 125139 125138 0
229 125191 125192 0
230 15794 15823 0
231 15779 15823 0
232 125116 125101 0
233 15765 15823 0
234 125137 125188 0
235 125140 125134 0
236 15768 15792 0
237 125101 125190 0
238 125124 125144 0
239 7924 7954 0
240 125184 125186 0
241 7962 8004 0
242 125159 125191 0
243 7929 7965 0
244 7975 7989 0
245 7934 7972 0
246 7974 7980 0
247 125165 125176 0
248 125113 125167 0
249 125100 125149 0
250 7922 7957 0
251 7924 7985 0
252 7995 8009 0
253 7922 7961 0
254 125123 125183 0
255 125191 125181 0
256 7951 7990 0
257 125177 125170 0
258 125149 125199 0
259 7922 7960 0
260 7965 8012 0
261 7930 7954 0
262 7941 8010 0
263 125155 125167 0
264 250101 250165 0
265 250194 250200 0
266 250173 250171 0
267 8000 8010 0
268 7964 7973 0
269 7963 7998 0
270 250124 250101 0
271 7958 7994 0
272 7916 7964 0
273 7960 8011 0
274 7964 7981 0
275 7941 7972 0
276 250156 250126 0
277 250118 250126 0
278 250156 250149 0
279 62632 62645 0
280 250157 250137 0
281 250177 250148 0
282 31403 31429 0
283 4014 4080 0
284 250150 250198 0
285 250134 250153 0
286 250172 250140 0
287 4011 4087 0
288 250180 250198 0
289 4014 4089 0
290 250137 250104 0
291 250134 250159 0
292 4020 4087 0
293 250101 250160 0
294 4060 4073 0
295 4024 4082 0
296 4019 4096 0
297 4053 4102 0
298 4015 4063 0
299 62639 62698 0
300 4011 4060 0
301 250110 250132 0
302 4045 4071 0
303 31351 31439 0
304 4019 4048 0
305 4019 4065 0
306 4015 4082 0
307 250118 250127 0
308 4021 4097 0
309 31388 31415 0
310 4013 4062 0
311 250107 250183 0
312 4064 4079 0
313 250109 250119 0
314 250170 250171 0
315 4015 4105 0
316 250112 250149 0
317 250181 250147 0
318 250106 250188 0
319 2115 2131 0
320 2109 2149 0
321 250142 250179 0
322 250182 250178 0
323 2087 2108 0
324 250111 250140 0
325 2086 2108 0
326 250146 250119 0
327 250125 250160 0
328 250107 250160 0
329 31414 31425 0
330 250168 250135 0
331 31407 31412 0
332 250148 250152 0
333 2077 2134 0
334 2071 2113 0
335 250114 250106 0
336 2074 2097 0
337 250143 250199 0
338 62656 62691 0
339 500152 500177 0
340 2078 2092 0
341 500167 500147 0
342 2063 2108 0
343 500162 500109 0
344 2109 2147 0
345 500146 500175 0
346 500164 500184 0
347 500177 500113 0
348 500145 500193 0
349 500155 500154 0
350 62609 62608 0
351 500144 500170 0
352 500128 500196 0
353 500190 500170 0
354 2066 2127 0
355 500164 500105 0
356 500187 500137 0
357 2088 2117 0
358 500200 500141 0
359 500142 500106 0
360 31375 31442 0
361 500135 500135 0
362 500180 500165 0
363 500110 500142 0
364 500181 500150 0
365 28 93 0
366 31398 31436 0
367 500143 500136 0
368 500168 500188 0
369 39 62 0
370 500132 500129 0
371 500172 500157 0
372 24 88 0
373 24 87 0
374 500117 500158 0
375 6 67 0
376 31402 31421 0
377 500104 500186 0
378 31421 31428 0
379 31407 31427 0
380 1 58 0
381 500160 500181 0
382 500186 500154 0
383 500141 500124 0
384 500173 500194 0
385 19 54 0
386 31359 31392 0
387 500160 500158 0
388 31407 31411 0
389 500107 500124 0
390 4 92 0
391 500105 500114 0
392 500132 500142 0
393 500159 500125 0
394 500133 500107 0
395 48 65 0
396 6 80 0
397 31370 31399 0
398 31381 31425 0
399 31359 31355 0
--------------
1000000 :c
1004213 :sum(p)
1000000 :sum(w)
