400 :n
id p,w,x
--------------
0 15801 15745 1
1 15817 15773 1
2 46 12 1
3 15816 15729 1
4 99 62 1
5 15801 15729 1
6 15792 15742 1
7 77 56 1
8 15802 15744 1
9 15813 15739 1
10 96 47 1
11 75 49 1
12 89 9 1
13 72 34 1
14 15820 15771 1
15 71 38 1
16 32 7 1
17 94 15 1
18 7995 7958 1
19 2120 2062 1
20 2140 2123 1
21 2078 2061 1
22 2152 2058 1
23 2137 2104 1
24 7960 7921 1
25 2152 2061 1
26 2127 2085 1
27 8001 7964 1
28 2133 2095 1
29 2153 2107 1
30 2117 2096 1
31 2131 2066 1
32 2149 2072 1
33 2152 2076 1
34 4073 4049 1
35 7970 7931 1
36 4101 4084 1
37 4059 4039 1
38 8008 7949 1
39 4079 4058 1
40 4095 4062 1
41 4103 4037 1
42 4101 4025 1
43 4076 4030 1
44 4076 4021 1
45 4102 4050 1
46 4082 4042 1
47 4080 4022 1
48 4100 4078 1
49 8001 7970 1
50 7990 7944 1
51 7996 7922 1
52 7962 7918 1
53 7996 7927 1
54 8004 7917 1
55 31430 31377 1
56 31442 31360 1
57 15767 15736 1
58 15759 15732 1
59 31443 31390 1
60 31433 31351 1
61 15772 15746 1
62 31441 31358 1
63 31408 31361 1
64 31445 31402 1
65 15808 15771 1
66 31447 31370 1
67 6 4 1
68 37 32 1
69 90 79 1
70 94 87 1
71 89 83 1
72 46 44 1
73 53 52 1
74 2066 2054 1
75 2142 2132 1
76 4035 4022 1
77 4104 4092 1
78 7946 7928 1
79 7928 7916 1
80 15815 15792 1
81 7926 7915 1
82 15799 15779 1
83 15820 15800 1
84 8009 7999 1
85 15784 15766 1
86 15808 15790 1
87 7993 7984 1
88 31419 31384 1
89 31406 31372 1
90 31442 31408 1
91 31442 31409 1
92 31446 31414 1
93 2059 2057 1
94 2062 2060 1
95 2079 2077 0
96 62675 62615 1
97 68 41 1
98 15745 15727 0
99 2145 2143 1
100 31405 31376 1
101 62694 62643 0
102 15815 15805 0
103 15800 15812 0
104 15763 15787 0
105 62660 62606 0
106 62696 62644 0
107 62653 62605 0
108 15751 15739 0
109 125197 125102 0
110 4036 4036 1
111 31435 31413 0
112 31397 31377 0
113 7950 7945 0
114 125184 125108 0
115 62661 62625 0
116 62668 62634 0
117 62693 62659 0
118 31392 31379 0
119 125159 125111 0
120 62651 62627 0
121 15772 15766 0
122 250198 250103 0
123 250197 250105 0
124 62638 62616 0
125 250189 250107 0
126 125177 125136 0
127 125191 125150 0
128 7965 7964 0
129 21 21 0
130 7983 7983 0
131 7950 7951 0
132 8004 8007 0
133 7995 7998 0
134 4015 4017 0
135 2078 2084 0
136 2067 2076 0
137 94 95 1
138 41 44 0
139 74 83 0
140 58 67 0
141 4 14 0
142 500170 500117 0
143 125155 125135 0
144 500185 500125 0
145 500189 500116 0
146 125190 125167 0
147 62620 62612 0
148 125187 125170 0
149 62651 62631 0
150 125181 125164 0
151 125135 125100 0
152 500174 500129 0
153 500178 500127 0
154 500172 500120 0
155 250130 250105 0
156 250137 250101 0
157 250182 250109 0
158 500167 500111 0
159 31384 31381 0
160 250162 250103 0
161 31382 31374 0
162 500166 500115 0
163 250186 250127 0
164 62669 62654 0
165 125191 125157 0
166 62655 62640 0
167 125180 125140 0
168 500193 500148 0
169 250169 250119 0
170 250191 250136 0
171 125166 125145 0
172 125183 125155 0
173 250187 250119 0
174 31433 31428 0
175 250194 250132 0
176 62623 62616 0
177 62687 62681 0
178 250192 250138 0
179 62683 62668 0
180 250163 250126 0
181 62633 62680 0
182 31383 31405 0
183 62655 62682 0
184 62603 62613 0
185 62637 62668 0
186 31399 31415 0
187 31403 31432 0
188 31378 31382 0
189 62627 62657 0
190 31395 31415 0
191 62618 62627 0
192 62608 62666 0
193 31358 31421 0
194 62684 62698 0
195 31430 31434 0
196 62638 62699 0
197 31368 31369 0
198 31358 31403 0
199 62635 62671 0
200 15761 15808 0
201 62613 62619 0
202 15765 15817 0
203 250159 250164 0
204 250155 250179 0
205 15740 15792 0
206 62633 62676 0
207 250181 250165 0
208 62641 62670 0
209 15791 15805 0
210 250149 250131 0
211 15778 15786 0
212 15751 15781 0
213 15738 15738 0
214 15727 15802 0
215 250127 250152 0
216 15792 15806 0
217 15748 15764 0
218 62648 62694 0
219 31407 31449 0
220 62650 62651 0
221 15782 15783 0
222 15735 15768 0
223 62675 62690 0
224 62625 62632 0
225 250125 250117 0
226 125121 125125 0
227 15726 15824 0
228 125105 125178 0
229 125144 125172 0
230 15765 15804 0
231 125102 125185 0
232 125153 125176 0
233 15736 15776 0
234 125129 125181 0
235 125136 125185 0
236 125109 125130 0
237 15752 15805 0
238 15764 15785 0
239 250151 250158 0
240 7942 8010 0
241 250193 250189 0
242 7939 7991 0
243 125122 125140 0
244 250152 250166 0
245 7925 8010 0
246 7917 7946 0
247 250119 250168 0
248 125126 125119 0
249 7952 7997 0
250 125100 125169 0
251 125178 125182 0
252 7917 7928 0
253 125156 125191 0
254 7967 7984 0
255 7980 7997 0
256 125145 125196 0
257 125125 125122 0
258 7953 7992 0
259 125134 125151 0
260 62614 62636 0
261 7928 7988 0
262 62667 62662 0
263 7935 7983 0
264 7933 8000 0
265 125120 125163 0
266 62605 62614 0
267 7943 8004 0
268 7977 7983 0
269 125140 125132 0
270 62654 62685 0
271 7947 7957 0
272 7951 7969 0
273 250160 250157 0
274 250163 250190 0
275 7913 7985 0
276 7927 7955 0
277 250102 250170 0
278 250197 250190 0
279 125141 125178 0
280 4021 4074 0
281 4020 4055 0
282 4041 4054 0
283 250139 250126 0
284 4051 4087 0
285 4025 4066 0
286 4041 4054 0
287 250131 250145 0
288 4013 4036 0
289 4072 4086 0
290 4039 4088 0
291 250103 250199 0
292 250139 250141 0
293 125159 125171 0
294 4023 4098 0
295 4071 4089 0
296 4034 4094 0
297 125186 125195 0
298 4028 4055 0
299 250133 250176 0
300 4014 4105 0
301 500120 500196 0
302 4015 4056 0
303 4059 4105 0
304 31372 31389 0
305 4057 4065 0
306 125142 125185 0
307 500151 500115 0
308 4040 4098 0
309 4037 4049 0
310 4061 4097 0
311 31367 31438 0
312 4065 4098 0
313 125114 125193 0
314 500103 500132 0
315 500159 500117 0
316 500148 500184 0
317 4031 4061 0
318 4060 4072 0
319 2069 2087 0
320 2111 2135 0
321 500138 500155 0
322 125156 125163 0
323 2059 2146 0
324 2132 2152 0
325 2056 2133 0
326 31421 31420 0
327 125172 125162 0
328 500157 500188 0
329 500128 500121 0
330 500189 500155 0
331 2136 2147 0
332 125127 125126 0
333 2058 2151 0
334 2111 2125 0
335 500110 500187 0
336 2069 2118 0
337 250196 250189 0
338 2106 2146 0
339 2104 2140 0
340 250135 250154 0
341 250172 250152 0
342 62665 62674 0
343 500117 500199 0
344 2074 2118 0
345 2064 2078 0
346 2127 2139 0
347 250101 250178 0
348 2078 2129 0
349 500111 500135 0
350 250143 250138 0
351 500150 500132 0
352 500153 500154 0
353 500140 500180 0
354 2062 2135 0
355 2132 2150 0
356 2091 2109 0
357 2070 2130 0
358 250179 250166 0
359 19 61 0
360 16 70 0
361 500194 500178 0
362 31355 31438 0
363 500158 500128 0
364 62624 62625 0
365 11 50 0
366 500141 500105 0
367 55 70 0
368 15 64 0
369 500132 500188 0
370 31374 31435 0
371 500192 500195 0
372 500191 500171 0
373 31367 31374 0
374 31420 31448 0
375 10 98 0
376 500183 500172 0
377 32 65 0
378 24 60 0
379 500128 500164 0
380 500162 500120 0
381 31 81 0
382 9 29 0
383 31355 31367 0
384 250178 250163 0
385 26 76 0
386 500148 500162 0
387 500163 500164 0
388 500109 500111 0
389 500137 500114 0
390 30 43 0
391 500134 500140 0
392 500118 500126 0
393 26 49 0
394 21 34 0
395 16 48 0
396 9 46 0
397 500169 500142 0
398 31354 31404 0
399 31389 31418 0
--------------
1000000 :c
1003848 :sum(p)
999999 :sum(w)
