400 :n
id p,w,x
--------------
0 15819 15770 1
1 4098 4074 1
2 7991 7934 1
3 2106 2070 1
4 2110 2056 1
5 8006 7926 1
6 35 23 1
7 90 50 1
8 8005 7940 1
9 4092 4009 1
10 8003 7917 1
11 65 14 1
12 64 40 1
13 7953 7925 1
14 8012 7957 1
15 7969 7936 1
16 2101 2078 1
17 76 24 1
18 7985 7940 1
19 7986 7935 1
20 64 20 1
21 15806 15727 1
22 76 22 1
23 70 30 1
24 2122 2077 1
25 2129 2110 1
26 2122 2112 1
27 51 5 1
28 46 39 1
29 8007 7920 1
30 27 4 1
31 80 8 1
32 8001 7976 1
33 8000 7951 1
34 7984 7928 1
35 15805 15749 1
36 4080 4041 1
37 83 73 1
38 2129 2096 1
39 2076 2068 1
40 2121 2098 1
41 4078 4056 1
42 65 35 1
43 92 72 1
44 2138 2088 1
45 2110 2080 1
46 2152 2076 1
47 45 7 1
48 7963 7939 1
49 4064 4014 1
50 4088 4051 1
51 4081 4007 1
52 4104 4072 1
53 15818 15747 1
54 15797 15726 1
55 4090 4045 1
56 31438 31395 1
57 62697 62612 1
58 31435 31365 1
59 31436 31361 1
60 7987 7966 1
61 15808 15766 1
62 15759 15727 1
63 15762 15732 1
64 31411 31356 1
65 15798 15756 1
66 62700 62613 1
67 7978 7959 1
68 31418 31375 1
69 10 8 1
70 100 96 1
71 4038 4030 1
72 4043 4035 1
73 4105 4098 0
74 7931 7920 1
75 31447 31406 1
76 31411 31371 1
77 4012 4007 1
78 4076 4071 1
79 15823 15804 1
80 62698 62626 1
81 7980 7972 1
82 15778 15763 1
83 62698 62642 0
84 2138 2082 1
85 62691 62601 1
86 31391 31353 1
87 31389 31353 1
88 31388 31360 1
89 15809 15795 1
90 31449 31424 0
91 4074 4075 0
92 21 45 0
93 7923 7916 1
94 8003 7996 0
95 62689 62640 0
96 15772 15760 1
97 8002 7996 0
98 62686 62645 0
99 2115 2114 0
100 2128 2129 0
101 4071 4074 0
102 2118 2120 0
103 58 60 0
104 22 27 0
105 18 24 0
106 125160 125104 0
107 62654 62616 0
108 62686 62659 0
109 125184 125142 0
110 125180 125134 0
111 250159 250101 0
112 125161 125117 0
113 250183 250101 0
114 250187 250102 0
115 125155 125111 0
116 125189 125156 0
117 62625 62605 0
118 62627 62612 0
119 250190 250109 0
120 125158 125124 0
121 62665 62640 0
122 250191 250112 0
123 125159 125111 0
124 250198 250123 0
125 125160 125124 0
126 125156 125125 0
127 125168 125123 0
128 125175 125122 0
129 250169 250118 0
130 31448 31441 0
131 125198 125172 0
132 125184 125157 0
133 500192 500126 0
134 500173 500102 0
135 62640 62635 0
136 62622 62615 0
137 500189 500126 0
138 62615 62610 0
139 500143 500108 0
140 125175 125162 0
141 500174 500107 0
142 500159 500102 0
143 250197 250147 0
144 500195 500105 0
145 62624 62619 0
146 31386 31383 0
147 125124 125104 0
148 62679 62668 0
149 500156 500112 0
150 500158 500104 0
151 125151 125129 0
152 250134 250108 0
153 125194 125172 0
154 125175 125159 0
155 250167 250124 0
156 500183 500135 0
157 62644 62638 0
158 15793 15790 0
159 250144 250125 0
160 250146 250110 0
161 500153 500103 0
162 250151 250110 0
163 250174 250153 0
164 250172 250143 0
165 250170 250133 0
166 250127 250107 0
167 62686 62678 0
168 31408 31402 0
169 500144 500102 0
170 31395 31401 0
171 62688 62695 0
172 62672 62679 0
173 31372 31378 0
174 31403 31409 0
175 62634 62649 0
176 62658 62654 0
177 62606 62607 0
178 62607 62620 0
179 125112 125158 0
180 125161 125154 0
181 31420 31425 0
182 125146 125189 0
183 125125 125160 0
184 31365 31370 0
185 125143 125138 0
186 125150 125154 0
187 125120 125152 0
188 125159 125180 0
189 125135 125147 0
190 125163 125192 0
191 125153 125169 0
192 125144 125137 0
193 125114 125151 0
194 125187 125185 0
195 250120 250109 0
196 250133 250133 0
197 250118 250146 0
198 250113 250191 0
199 250119 250157 0
200 250169 250160 0
201 250101 250166 0
202 250105 250170 0
203 250124 250123 0
204 62610 62623 0
205 250116 250152 0
206 250162 250171 0
207 250171 250159 0
208 250107 250147 0
209 250139 250187 0
210 250103 250152 0
211 250186 250184 0
212 250164 250178 0
213 250135 250153 0
214 250144 250197 0
215 15741 15742 0
216 250161 250159 0
217 250112 250154 0
218 250170 250177 0
219 250145 250146 0
220 500121 500148 0
221 500134 500106 0
222 500112 500105 0
223 15780 15779 0
224 500161 500184 0
225 500184 500189 0
226 15807 15812 0
227 15820 15822 0
228 500107 500140 0
229 500139 500166 0
230 500181 500198 0
231 500161 500193 0
232 500111 500119 0
233 500167 500140 0
234 15753 15757 0
235 7953 7956 0
236 500148 500131 0
237 500171 500176 0
238 500112 500175 0
239 500101 500113 0
240 500110 500138 0
241 500107 500111 0
242 500148 500156 0
243 500178 500194 0
244 7960 7960 0
245 500117 500113 0
246 500108 500156 0
247 500138 500168 0
248 500108 500106 0
249 500151 500126 0
250 500106 500133 0
251 500163 500150 0
252 500154 500168 0
253 500130 500103 0
254 31356 31356 0
255 62691 62695 0
256 31398 31384 0
257 125175 125117 0
258 31419 31405 0
259 125194 125121 0
260 125169 125114 0
261 125180 125115 0
262 7958 8010 0
263 7914 7975 0
264 7928 7935 0
265 7980 8008 0
266 7925 7948 0
267 7953 7957 0
268 15739 15799 0
269 7921 7946 0
270 15763 15800 0
271 15803 15811 0
272 7920 7949 0
273 15741 15820 0
274 15783 15802 0
275 15794 15803 0
276 15741 15773 0
277 7969 7979 0
278 15754 15802 0
279 15735 15785 0
280 4034 4091 0
281 4026 4059 0
282 15766 15796 0
283 15753 15783 0
284 15757 15781 0
285 4045 4095 0
286 4028 4104 0
287 7984 7997 0
288 4041 4060 0
289 4047 4097 0
290 4016 4021 0
291 4057 4095 0
292 15749 15811 0
293 15726 15788 0
294 4024 4043 0
295 15764 15793 0
296 4007 4036 0
297 15727 15766 0
298 15771 15796 0
299 15735 15756 0
300 4030 4100 0
301 15739 15789 0
302 4025 4042 0
303 15743 15788 0
304 15771 15777 0
305 4025 4050 0
306 4066 4104 0
307 4077 4100 0
308 4012 4042 0
309 4058 4066 0
310 31376 31426 0
311 4014 4094 0
312 4007 4012 0
313 4030 4038 0
314 4039 4065 0
315 4049 4099 0
316 4007 4046 0
317 4025 4101 0
318 31402 31418 0
319 2087 2107 0
320 31414 31427 0
321 2125 2144 0
322 2060 2107 0
323 2073 2144 0
324 2109 2148 0
325 2090 2111 0
326 2101 2152 0
327 2103 2134 0
328 7951 7983 0
329 31363 31409 0
330 2071 2084 0
331 31383 31431 0
332 2082 2097 0
333 31366 31388 0
334 31436 31449 0
335 2056 2123 0
336 31405 31437 0
337 7947 7998 0
338 2071 2096 0
339 2126 2151 0
340 2101 2124 0
341 2080 2103 0
342 31355 31447 0
343 2075 2152 0
344 2063 2127 0
345 31379 31427 0
346 31382 31405 0
347 2096 2118 0
348 2098 2147 0
349 31401 31431 0
350 2122 2152 0
351 31384 31423 0
352 2094 2136 0
353 31391 31448 0
354 2058 2094 0
355 2054 2140 0
356 31352 31435 0
357 31369 31388 0
358 2078 2093 0
359 31395 31444 0
360 28 78 0
361 5 73 0
362 40 73 0
363 15 72 0
364 31412 31432 0
365 62603 62664 0
366 62648 62689 0
367 46 62 0
368 26 71 0
369 16 40 0
370 62608 62690 0
371 55 64 0
372 48 64 0
373 62642 62675 0
374 62612 62692 0
375 7951 7966 0
376 7 54 0
377 65 92 0
378 25 60 0
379 12 52 0
380 5 31 0
381 57 86 0
382 62636 62667 0
383 62608 62681 0
384 7969 7995 0
385 62602 62644 0
386 62657 62698 0
387 62646 62681 0
388 62642 62694 0
389 62602 62652 0
390 64 71 0
391 62605 62690 0
392 125127 125194 0
393 7914 7956 0
394 125109 125186 0
395 13 59 0
396 125109 125170 0
397 13 64 0
398 7923 7940 0
399 7928 7969 0
--------------
1000000 :c
1003605 :sum(p)
999999 :sum(w)
