400 :n
id p,w,x
--------------
0 2094 2081 1
1 2128 2068 1
2 85 35 1
3 79 9 1
4 15823 15759 1
5 15799 15730 1
6 15813 15751 1
7 15812 15745 1
8 58 19 1
9 91 26 1
10 15822 15730 1
11 62 27 1
12 78 40 1
13 52 29 1
14 65 40 1
15 15820 15755 1
16 2120 2098 1
17 7966 7920 1
18 87 32 1
19 7978 7946 1
20 92 49 1
21 94 13 1
22 8007 7965 1
23 7988 7927 1
24 8012 7952 1
25 52 35 1
26 7981 7937 1
27 84 4 1
28 7991 7959 1
29 89 75 1
30 92 40 1
31 90 21 1
32 7991 7916 1
33 58 51 1
34 4065 4021 1
35 4036 4014 1
36 91 61 1
37 2133 2112 1
38 60 2 1
39 4100 4076 1
40 4064 4012 1
41 2134 2067 1
42 2138 2077 1
43 2144 2124 1
44 4062 4015 1
45 2132 2093 1
46 4105 4031 1
47 2076 2055 1
48 4071 4051 1
49 2150 2090 1
50 4093 4041 1
51 2128 2091 1
52 2118 2070 1
53 4077 4017 1
54 4099 4084 1
55 2151 2122 1
56 4056 4035 1
57 2135 2098 1
58 2153 2112 1
59 2152 2122 1
60 2098 2074 1
61 2127 2056 1
62 2103 2082 1
63 2124 2073 1
64 2084 2072 1
65 2151 2136 1
66 2084 2070 1
67 15821 15772 1
68 4053 4040 1
69 15777 15740 1
70 31434 31359 1
71 7979 7950 1
72 7948 7925 1
73 8012 7985 1
74 4077 4063 1
75 15824 15776 1
76 15803 15762 1
77 31436 31352 1
78 38 36 1
79 26 25 0
80 2066 2061 1
81 2118 2113 1
82 4044 4036 1
83 15774 15744 1
84 15823 15793 1
85 7983 7969 1
86 31413 31358 1
87 31413 31359 1
88 15760 15733 1
89 62700 62602 1
90 31419 31371 1
91 2091 2088 1
92 7987 7976 1
93 4025 4020 0
94 62694 62619 1
95 31424 31388 1
96 15810 15793 1
97 31423 31390 1
98 15785 15769 1
99 55 20 1
100 62685 62607 1
101 31401 31368 1
102 62687 62626 1
103 62673 62616 0
104 31393 31365 0
105 62693 62680 0
106 31445 31424 0
107 15737 15820 0
108 15767 15753 1
109 7929 7922 1
110 7974 7967 1
111 31380 31354 0
112 31383 31357 0
113 15787 15775 1
114 31435 31413 0
115 62650 62607 0
116 31382 31361 0
117 31429 31408 0
118 2094 2094 0
119 4101 4101 0
120 7930 7930 0
121 7990 7990 0
122 7977 7978 0
123 4015 4016 0
124 2126 2131 0
125 2134 2140 0
126 86 89 0
127 23 24 0
128 22 23 0
129 62688 62655 0
130 125166 125104 0
131 125193 125123 0
132 250187 250104 0
133 62686 62673 0
134 62631 62615 0
135 125141 125105 0
136 250181 250103 0
137 250199 250127 0
138 125151 125112 0
139 250165 250110 0
140 250200 250134 0
141 62665 62652 0
142 31362 31354 0
143 125128 125102 0
144 15793 15789 0
145 62660 62644 0
146 62633 62623 0
147 500161 500136 0
148 500132 500110 0
149 500184 500176 0
150 500200 500167 0
151 500179 500135 0
152 31395 31389 0
153 500176 500155 0
154 500179 500121 0
155 500186 500118 0
156 125160 125155 0
157 500166 500140 0
158 15746 15744 0
159 500148 500133 0
160 250137 250124 0
161 125130 125128 0
162 125162 125158 0
163 250162 250135 0
164 125186 125180 0
165 125128 125116 0
166 250200 250176 0
167 250167 250141 0
168 125197 125184 0
169 125198 125184 0
170 250133 250113 0
171 125132 125124 0
172 250194 250169 0
173 125153 125145 0
174 500165 500120 0
175 125130 125109 0
176 500179 500111 0
177 250149 250109 0
178 250197 250182 0
179 125122 125103 0
180 250200 250157 0
181 500193 500150 0
182 250166 250145 0
183 500197 500174 0
184 250198 250163 0
185 250179 250149 0
186 500167 500135 0
187 250180 250174 0
188 500149 500142 0
189 250195 250158 0
190 250169 250145 0
191 250170 250155 0
192 250150 250129 0
193 500177 500102 0
194 500162 500112 0
195 500190 500127 0
196 125154 125110 0
197 62649 62620 0
198 62640 62614 0
199 31404 31392 0
200 62635 62615 0
201 62682 62647 0
202 31389 31371 0
203 62641 62611 0
204 62622 62602 0
205 62629 62602 0
206 31443 31424 0
207 31353 31417 0
208 15761 15793 0
209 15735 15792 0
210 31380 31410 0
211 31373 31390 0
212 31416 31436 0
213 15787 15805 0
214 31440 31444 0
215 15736 15790 0
216 15729 15746 0
217 31377 31428 0
218 31397 31443 0
219 15792 15821 0
220 31385 31431 0
221 31434 31450 0
222 31382 31422 0
223 15772 15789 0
224 15772 15801 0
225 15776 15798 0
226 15753 15770 0
227 15759 15770 0
228 62627 62688 0
229 62668 62691 0
230 62653 62668 0
231 62688 62698 0
232 15756 15814 0
233 15769 15823 0
234 15747 15810 0
235 15788 15821 0
236 15742 15772 0
237 15742 15797 0
238 62683 62694 0
239 62645 62661 0
240 7915 7972 0
241 7937 7941 0
242 7916 7947 0
243 7928 7991 0
244 7923 7953 0
245 62658 62689 0
246 62601 62617 0
247 62610 62674 0
248 31364 31371 0
249 7921 7946 0
250 8001 8010 0
251 7973 7992 0
252 7988 7992 0
253 7959 7984 0
254 62650 62672 0
255 62655 62691 0
256 62628 62649 0
257 62661 62698 0
258 7914 7986 0
259 62658 62685 0
260 7971 7983 0
261 7933 8010 0
262 7947 7980 0
263 62686 62694 0
264 31393 31395 0
265 31385 31391 0
266 7951 7994 0
267 7987 8012 0
268 7985 7994 0
269 7951 7971 0
270 62601 62696 0
271 7962 7966 0
272 62652 62654 0
273 7915 7977 0
274 7956 7996 0
275 7991 8002 0
276 62684 62695 0
277 62669 62696 0
278 62665 62690 0
279 125132 125139 0
280 4016 4097 0
281 4077 4106 0
282 4047 4072 0
283 125145 125191 0
284 4095 4103 0
285 4081 4098 0
286 4010 4015 0
287 15792 15816 0
288 125100 125190 0
289 125107 125155 0
290 4068 4102 0
291 125167 125180 0
292 4061 4093 0
293 4094 4103 0
294 4056 4068 0
295 4068 4103 0
296 4045 4065 0
297 125135 125162 0
298 125139 125193 0
299 4064 4087 0
300 4014 4019 0
301 125113 125164 0
302 125104 125198 0
303 4076 4089 0
304 125114 125129 0
305 31410 31445 0
306 125101 125182 0
307 4028 4061 0
308 4025 4047 0
309 125116 125179 0
310 125123 125188 0
311 4027 4102 0
312 4014 4094 0
313 4033 4091 0
314 4069 4100 0
315 125100 125105 0
316 4017 4086 0
317 125121 125132 0
318 4040 4099 0
319 125150 125160 0
320 2056 2064 0
321 125124 125149 0
322 125123 125148 0
323 125185 125196 0
324 125100 125120 0
325 125154 125189 0
326 125159 125162 0
327 125145 125175 0
328 2061 2087 0
329 250155 250196 0
330 250105 250109 0
331 250107 250193 0
332 15747 15764 0
333 2056 2110 0
334 250103 250200 0
335 250142 250198 0
336 2082 2140 0
337 2066 2134 0
338 2077 2117 0
339 250132 250166 0
340 2073 2123 0
341 250131 250136 0
342 250104 250168 0
343 250178 250181 0
344 250115 250193 0
345 2080 2127 0
346 250172 250181 0
347 250123 250132 0
348 250110 250110 0
349 250114 250153 0
350 250133 250130 0
351 250140 250190 0
352 15740 15802 0
353 250126 250189 0
354 250160 250184 0
355 2094 2152 0
356 2073 2087 0
357 31438 31441 0
358 2091 2119 0
359 4 99 0
360 500131 500168 0
361 500129 500162 0
362 48 73 0
363 500105 500143 0
364 500134 500129 0
365 31365 31450 0
366 500141 500160 0
367 500107 500174 0
368 50 88 0
369 36 59 0
370 81 90 0
371 48 63 0
372 500122 500182 0
373 5 51 0
374 18 70 0
375 500115 500191 0
376 500173 500184 0
377 37 99 0
378 500102 500116 0
379 31427 31444 0
380 39 77 0
381 74 93 0
382 500131 500128 0
383 500138 500179 0
384 48 86 0
385 10 72 0
386 500135 500133 0
387 500141 500137 0
388 34 73 0
389 500137 500195 0
390 500177 500176 0
391 10 41 0
392 500111 500116 0
393 500186 500193 0
394 500124 500163 0
395 500132 500191 0
396 31364 31420 0
397 500141 500155 0
398 31356 31376 0
399 31407 31430 0
--------------
1000000 :c
1004161 :sum(p)
1000000 :sum(w)
