400 :n
id p,w,x
--------------
0 70 4 1
1 57 9 1
2 49 12 1
3 80 20 1
4 8 3 1
5 53 22 1
6 42 18 1
7 88 41 1
8 72 45 1
9 59 39 1
10 92 61 1
11 16 11 1
12 99 75 1
13 82 74 1
14 48 44 1
15 52 48 1
16 63 59 1
17 2151 2063 1
18 2150 2069 1
19 2152 2076 1
20 2146 2073 1
21 2111 2054 1
22 2148 2092 1
23 2137 2085 1
24 2112 2063 1
25 4096 4007 1
26 2149 2103 1
27 2111 2066 1
28 4099 4012 1
29 2133 2088 1
30 4085 4008 1
31 4096 4019 1
32 2124 2089 1
33 4082 4016 1
34 4082 4016 1
35 4082 4017 1
36 2106 2075 1
37 2124 2093 1
38 2140 2110 1
39 4077 4022 1
40 4075 4021 1
41 4091 4037 1
42 4090 4037 1
43 2114 2089 1
44 2096 2074 1
45 4085 4043 1
46 8011 7940 1
47 8003 7937 1
48 2094 2077 1
49 4084 4051 1
50 2144 2127 1
51 4087 4055 1
52 7978 7916 1
53 2110 2095 1
54 8002 7946 1
55 8010 7957 1
56 4062 4036 1
57 7981 7931 1
58 7987 7938 1
59 15821 15727 1
60 8009 7962 1
61 4066 4045 1
62 7981 7941 1
63 7990 7950 1
64 15800 15729 1
65 2083 2074 1
66 7982 7949 1
67 7968 7936 1
68 7966 7935 1
69 4044 4031 1
70 4089 4077 1
71 7953 7930 1
72 7961 7938 1
73 15796 15753 1
74 7935 7914 1
75 15767 15726 1
76 2140 2135 1
77 31424 31356 1
78 15757 15729 1
79 15775 15749 1
80 15799 15774 1
81 15800 15775 1
82 2126 2123 1
83 31403 31359 1
84 7995 7985 1
85 31441 31402 1
86 4044 4039 1
87 62698 62626 1
88 15806 15788 1
89 31437 31403 1
90 62677 62610 1
91 62690 62623 1
92 31387 31354 1
93 7987 7979 1
94 15763 15748 1
95 62687 62629 1
96 4044 4026 1
97 62660 62601 1
98 15740 15726 1
99 62671 62616 1
100 31392 31365 0
101 31446 31419 0
102 62695 62660 0
103 15787 15816 0
104 3 27 0
105 31425 31398 0
106 31387 31361 0
107 15776 15763 1
108 62677 62627 0
109 15782 15770 0
110 2133 2134 0
111 4045 4042 0
112 62680 62634 0
113 31423 31400 0
114 31389 31368 0
115 31444 31424 0
116 7922 7917 0
117 4024 4022 0
118 15737 15731 0
119 15743 15737 0
120 7966 7963 0
121 7969 7967 0
122 4031 4030 1
123 7989 7988 0
124 4052 4053 0
125 2138 2139 1
126 4095 4097 0
127 2057 2060 0
128 2068 2073 0
129 87 88 1
130 49 50 0
131 89 92 0
132 60 63 0
133 62612 62648 0
134 62678 62678 0
135 62673 62662 0
136 62670 62664 0
137 125107 125110 0
138 62636 62622 0
139 125149 125186 0
140 125103 125168 0
141 125169 125135 0
142 125198 125132 0
143 62618 62636 0
144 125112 125104 0
145 62658 62666 0
146 125175 125141 0
147 62605 62619 0
148 62684 62654 0
149 125164 125136 0
150 62673 62677 0
151 62641 62630 0
152 62693 62699 0
153 62622 62622 0
154 125107 125182 0
155 62616 62605 0
156 62651 62685 0
157 62688 62681 0
158 62681 62663 0
159 31392 31401 0
160 125125 125126 0
161 31368 31387 0
162 125140 125161 0
163 125151 125142 0
164 125100 125109 0
165 31416 31407 0
166 125129 125196 0
167 125155 125117 0
168 125172 125149 0
169 125110 125141 0
170 31411 31426 0
171 125161 125169 0
172 125118 125168 0
173 125145 125118 0
174 125124 125147 0
175 125138 125125 0
176 31403 31414 0
177 125189 125189 0
178 125191 125150 0
179 125102 125164 0
180 125177 125159 0
181 125169 125131 0
182 125110 125163 0
183 31412 31412 0
184 31426 31445 0
185 250167 250166 0
186 250146 250143 0
187 250177 250137 0
188 62651 62618 0
189 250131 250180 0
190 250137 250177 0
191 250131 250179 0
192 31415 31433 0
193 31435 31432 0
194 250125 250182 0
195 250124 250166 0
196 31365 31357 0
197 250188 250197 0
198 250159 250178 0
199 250168 250103 0
200 250117 250154 0
201 250166 250132 0
202 250120 250161 0
203 250192 250120 0
204 250127 250182 0
205 250158 250123 0
206 250137 250166 0
207 250122 250116 0
208 250150 250115 0
209 15781 15777 0
210 250168 250166 0
211 125103 125139 0
212 250106 250162 0
213 250180 250142 0
214 62686 62689 0
215 250118 250109 0
216 250115 250172 0
217 250143 250143 0
218 250143 250117 0
219 250102 250114 0
220 250161 250187 0
221 250112 250155 0
222 250140 250126 0
223 250117 250101 0
224 250138 250165 0
225 250190 250166 0
226 250175 250140 0
227 15737 15741 0
228 15768 15776 0
229 125185 125124 0
230 250150 250108 0
231 250122 250166 0
232 250191 250129 0
233 250166 250150 0
234 250177 250197 0
235 500164 500116 0
236 500183 500137 0
237 500147 500106 0
238 500168 500140 0
239 500167 500187 0
240 500176 500196 0
241 500120 500118 0
242 500167 500192 0
243 500196 500162 0
244 500160 500117 0
245 500126 500119 0
246 7957 7962 0
247 62660 62665 0
248 500114 500155 0
249 500141 500105 0
250 500143 500151 0
251 500191 500120 0
252 500120 500121 0
253 62613 62622 0
254 500176 500112 0
255 500138 500195 0
256 8001 8003 0
257 500179 500177 0
258 125100 125100 0
259 125142 125105 0
260 500109 500130 0
261 500181 500140 0
262 500197 500102 0
263 500189 500106 0
264 500171 500174 0
265 125142 125122 0
266 500164 500141 0
267 500114 500186 0
268 500106 500145 0
269 500149 500163 0
270 500180 500148 0
271 62649 62651 0
272 500184 500129 0
273 500189 500112 0
274 500187 500112 0
275 500113 500140 0
276 500106 500129 0
277 7917 7921 0
278 500103 500135 0
279 500167 500194 0
280 125160 125141 0
281 500159 500189 0
282 500133 500127 0
283 500142 500140 0
284 500191 500111 0
285 125152 125138 0
286 125155 125158 0
287 62651 62672 0
288 31441 31423 0
289 125180 125105 0
290 125199 125127 0
291 62666 62621 0
292 125197 125119 0
293 62649 62685 0
294 7945 8003 0
295 7989 8001 0
296 7942 7978 0
297 7941 7963 0
298 7936 7977 0
299 7944 8000 0
300 7923 8002 0
301 4066 4073 0
302 4022 4066 0
303 7986 7996 0
304 7915 7984 0
305 7924 7995 0
306 7939 7962 0
307 7953 7970 0
308 7924 7932 0
309 4032 4095 0
310 7956 7990 0
311 4053 4072 0
312 4067 4095 0
313 4046 4057 0
314 15737 15819 0
315 15736 15823 0
316 4007 4046 0
317 4016 4085 0
318 15768 15797 0
319 2074 2147 0
320 4009 4086 0
321 15731 15765 0
322 15732 15779 0
323 2066 2117 0
324 15733 15824 0
325 15726 15762 0
326 15754 15825 0
327 2090 2150 0
328 15740 15824 0
329 2060 2086 0
330 15758 15773 0
331 15753 15764 0
332 15763 15813 0
333 15770 15818 0
334 15753 15778 0
335 15780 15818 0
336 2134 2149 0
337 15761 15811 0
338 15768 15813 0
339 15775 15808 0
340 2124 2148 0
341 2094 2117 0
342 2074 2108 0
343 15746 15806 0
344 15727 15807 0
345 15767 15777 0
346 31383 31449 0
347 31369 31429 0
348 31372 31430 0
349 2086 2119 0
350 31387 31407 0
351 2073 2092 0
352 31375 31413 0
353 2069 2080 0
354 4066 4075 0
355 2059 2082 0
356 31396 31421 0
357 2071 2113 0
358 31369 31411 0
359 31391 31430 0
360 31385 31445 0
361 29 38 0
362 31385 31433 0
363 36 100 0
364 4072 4101 0
365 64 94 0
366 31403 31448 0
367 3 42 0
368 27 81 0
369 19 36 0
370 31399 31434 0
371 64 76 0
372 31353 31427 0
373 31404 31434 0
374 10 22 0
375 2 64 0
376 80 92 0
377 31396 31450 0
378 31382 31426 0
379 44 90 0
380 31379 31408 0
381 20 37 0
382 62627 62679 0
383 7913 7933 0
384 62607 62653 0
385 62604 62663 0
386 67 79 0
387 62616 62680 0
388 40 99 0
389 24 67 0
390 4070 4089 0
391 62636 62687 0
392 62607 62699 0
393 125106 125196 0
394 11 83 0
395 4067 4080 0
396 30 50 0
397 54 91 0
398 4026 4090 0
399 4030 4104 0
--------------
1000000 :c
1004021 :sum(p)
1000000 :sum(w)
