400 :n
id p,w,x
--------------
0 2136 2054 1
1 2127 2099 1
2 4081 4060 1
3 4100 4019 1
4 4062 4023 1
5 2128 2110 1
6 2100 2063 1
7 2084 2066 1
8 15771 15729 1
9 2143 2089 1
10 4062 4038 1
11 15819 15764 1
12 4106 4081 1
13 4067 4038 1
14 61 14 1
15 78 48 1
16 15819 15767 1
17 2141 2127 1
18 2150 2081 1
19 2114 2098 1
20 77 36 1
21 4088 4026 1
22 4040 4029 1
23 2133 2118 1
24 52 29 1
25 4061 4008 1
26 4060 4012 1
27 44 38 1
28 78 16 1
29 49 27 1
30 4063 4035 1
31 72 11 1
32 31 22 1
33 71 42 1
34 2091 2079 1
35 2117 2083 1
36 2101 2073 1
37 2081 2073 1
38 2134 2109 1
39 48 17 1
40 4082 4037 1
41 7979 7943 1
42 7974 7928 1
43 2084 2070 1
44 7983 7955 1
45 7975 7938 1
46 4023 4011 1
47 8000 7939 1
48 7952 7920 1
49 52 32 1
50 100 51 1
51 4044 4023 1
52 7997 7950 1
53 7994 7948 1
54 4077 4007 1
55 69 34 1
56 2123 2104 1
57 7985 7954 1
58 4098 4022 1
59 4090 4062 1
60 8001 7974 1
61 2142 2099 1
62 8003 7946 1
63 2129 2114 1
64 15781 15739 1
65 31428 31367 1
66 15780 15754 1
67 15796 15770 1
68 15772 15735 1
69 31435 31397 1
70 15785 15746 1
71 31427 31360 1
72 31426 31354 1
73 31428 31388 1
74 22 20 1
75 92 90 1
76 7940 7923 1
77 7996 7979 1
78 7973 7959 1
79 7982 7969 1
80 8012 7999 1
81 15756 15736 1
82 7989 7979 1
83 15789 15770 1
84 31395 31358 1
85 15768 15750 1
86 62674 62604 1
87 15773 15756 1
88 62697 62630 1
89 15751 15735 1
90 4073 4069 1
91 62668 62609 1
92 62689 62631 1
93 8001 7994 1
94 2136 2101 1
95 62660 62606 1
96 15759 15746 0
97 62661 62612 0
98 62681 62633 0
99 31448 31425 0
100 15824 15817 0
101 8 82 0
102 31414 31390 0
103 31425 31401 0
104 15773 15761 1
105 7994 7988 1
106 4040 4038 0
107 125190 125103 0
108 62668 62625 0
109 7945 7940 0
110 7995 7990 1
111 62666 62627 0
112 62696 62658 0
113 15758 15749 0
114 15766 15757 0
115 31428 31412 0
116 15749 15741 0
117 31416 31402 0
118 15744 15737 0
119 4071 4070 1
120 15824 15823 0
121 6 6 0
122 4053 4053 0
123 18 20 0
124 125164 125159 0
125 125139 125123 0
126 125185 125171 0
127 125114 125112 0
128 125188 125186 0
129 125138 125125 0
130 62668 62646 0
131 62645 62620 0
132 62631 62611 0
133 125177 125145 0
134 125154 125158 0
135 125178 125183 0
136 125171 125163 0
137 62656 62638 0
138 125174 125140 0
139 125184 125128 0
140 62681 62665 0
141 250139 250116 0
142 62633 62630 0
143 250158 250147 0
144 125129 125128 0
145 250196 250142 0
146 62688 62672 0
147 250162 250147 0
148 250182 250136 0
149 250101 250102 0
150 62675 62671 0
151 250166 250135 0
152 250175 250185 0
153 250147 250126 0
154 250199 250151 0
155 250118 250118 0
156 62647 62636 0
157 250173 250130 0
158 250177 250108 0
159 250169 250117 0
160 250195 250199 0
161 250179 250185 0
162 250147 250104 0
163 250179 250153 0
164 250163 250162 0
165 250121 250101 0
166 250188 250145 0
167 250165 250144 0
168 125178 125179 0
169 250181 250152 0
170 250130 250132 0
171 250199 250160 0
172 250185 250195 0
173 250187 250165 0
174 250188 250126 0
175 500198 500177 0
176 500147 500131 0
177 500136 500134 0
178 500196 500123 0
179 500172 500106 0
180 500181 500157 0
181 500180 500103 0
182 500198 500143 0
183 500153 500171 0
184 500147 500126 0
185 500148 500115 0
186 500182 500187 0
187 500185 500182 0
188 125174 125129 0
189 500150 500172 0
190 500180 500151 0
191 500200 500137 0
192 500174 500161 0
193 500104 500107 0
194 31405 31403 0
195 500113 500104 0
196 500135 500105 0
197 125162 125160 0
198 125172 125167 0
199 500162 500134 0
200 125196 125179 0
201 500146 500143 0
202 500194 500148 0
203 500183 500136 0
204 500190 500107 0
205 500122 500141 0
206 125158 125137 0
207 125162 125140 0
208 125180 125180 0
209 125176 125104 0
210 15730 15805 0
211 15794 15815 0
212 15795 15814 0
213 15745 15807 0
214 15785 15806 0
215 500172 500198 0
216 15791 15797 0
217 31415 31441 0
218 31378 31422 0
219 15772 15822 0
220 15771 15824 0
221 15735 15747 0
222 15767 15806 0
223 15740 15822 0
224 31362 31413 0
225 31411 31440 0
226 15757 15795 0
227 15744 15795 0
228 31403 31417 0
229 31363 31428 0
230 31364 31375 0
231 31391 31402 0
232 31407 31420 0
233 31424 31446 0
234 15760 15792 0
235 31388 31432 0
236 15729 15789 0
237 15760 15792 0
238 31366 31395 0
239 7955 7996 0
240 31401 31422 0
241 31433 31440 0
242 7984 7992 0
243 7926 7971 0
244 7929 7949 0
245 7929 7955 0
246 31388 31450 0
247 31351 31418 0
248 7913 8006 0
249 31382 31437 0
250 7915 7937 0
251 31371 31438 0
252 31385 31423 0
253 31408 31430 0
254 31356 31379 0
255 31366 31435 0
256 31424 31435 0
257 31367 31417 0
258 31375 31423 0
259 7943 7949 0
260 7980 7984 0
261 7977 8008 0
262 7955 7980 0
263 7943 7978 0
264 31362 31448 0
265 7949 7984 0
266 7968 7974 0
267 31355 31381 0
268 7937 7948 0
269 31379 31424 0
270 62625 62650 0
271 7921 7946 0
272 62636 62687 0
273 62639 62657 0
274 7986 8006 0
275 62625 62636 0
276 7952 7985 0
277 62607 62653 0
278 7981 8000 0
279 4015 4080 0
280 4019 4062 0
281 62668 62675 0
282 4030 4042 0
283 4067 4079 0
284 4047 4098 0
285 62672 62699 0
286 4061 4067 0
287 62610 62679 0
288 62613 62647 0
289 62630 62699 0
290 62636 62690 0
291 62605 62697 0
292 62626 62676 0
293 62602 62621 0
294 62601 62637 0
295 4045 4071 0
296 4021 4074 0
297 62690 62694 0
298 4008 4083 0
299 4038 4055 0
300 62680 62684 0
301 4051 4078 0
302 4064 4071 0
303 62612 62642 0
304 4007 4052 0
305 62640 62652 0
306 4064 4105 0
307 62633 62698 0
308 62640 62661 0
309 125152 125177 0
310 4060 4083 0
311 4025 4062 0
312 4021 4046 0
313 4089 4095 0
314 4096 4105 0
315 125137 125156 0
316 125172 125197 0
317 125151 125182 0
318 125115 125196 0
319 2084 2121 0
320 125114 125138 0
321 125115 125149 0
322 125107 125170 0
323 2097 2102 0
324 2058 2126 0
325 2056 2072 0
326 2068 2131 0
327 125141 125150 0
328 2115 2137 0
329 2108 2151 0
330 2087 2110 0
331 125129 125175 0
332 125138 125178 0
333 125161 125185 0
334 125117 125155 0
335 2095 2121 0
336 2058 2121 0
337 2076 2125 0
338 125125 125156 0
339 125167 125195 0
340 125106 125144 0
341 2076 2096 0
342 2077 2124 0
343 125138 125193 0
344 250142 250164 0
345 250110 250164 0
346 2063 2119 0
347 250128 250168 0
348 2137 2150 0
349 250115 250196 0
350 2059 2121 0
351 2055 2084 0
352 2067 2110 0
353 250158 250181 0
354 250157 250188 0
355 250120 250171 0
356 2099 2139 0
357 250119 250171 0
358 2094 2112 0
359 5 76 0
360 1 82 0
361 40 64 0
362 14 45 0
363 250120 250159 0
364 250114 250158 0
365 8 36 0
366 32 40 0
367 250143 250164 0
368 250117 250188 0
369 9 95 0
370 38 59 0
371 25 87 0
372 500116 500149 0
373 500133 500165 0
374 500135 500173 0
375 63 73 0
376 3 25 0
377 59 77 0
378 56 84 0
379 65 85 0
380 500105 500143 0
381 26 77 0
382 6 60 0
383 15779 15810 0
384 11 88 0
385 500124 500156 0
386 25 64 0
387 500122 500165 0
388 500104 500186 0
389 500108 500156 0
390 500144 500188 0
391 49 89 0
392 500131 500162 0
393 500101 500145 0
394 500135 500199 0
395 500101 500174 0
396 38 77 0
397 52 77 0
398 15801 15823 0
399 15807 15818 0
--------------
1000000 :c
1003323 :sum(p)
999998 :sum(w)
