400 :n
id p,w,x
--------------
0 15814 15752 1
1 15811 15761 1
2 71 47 1
3 15825 15753 1
4 48 4 1
5 15818 15766 1
6 91 26 1
7 28 1 1
8 90 7 1
9 55 41 1
10 97 82 1
11 93 12 1
12 98 64 1
13 68 19 1
14 71 51 1
15 80 42 1
16 49 5 1
17 95 67 1
18 49 24 1
19 41 22 1
20 84 42 1
21 36 1 1
22 2121 2074 1
23 2091 2057 1
24 2104 2061 1
25 2141 2089 1
26 2131 2076 1
27 7996 7920 1
28 2144 2079 1
29 2152 2073 1
30 2128 2096 1
31 2153 2067 1
32 2132 2079 1
33 2142 2114 1
34 2151 2054 1
35 2149 2107 1
36 2124 2085 1
37 2107 2074 1
38 2110 2076 1
39 2147 2125 1
40 2139 2099 1
41 2116 2062 1
42 2110 2055 1
43 4106 4044 1
44 4069 4048 1
45 4065 4038 1
46 4044 4009 1
47 4097 4058 1
48 4043 4019 1
49 4061 4015 1
50 4101 4052 1
51 4106 4015 1
52 4084 4011 1
53 4095 4033 1
54 7947 7920 1
55 7990 7957 1
56 7971 7915 1
57 7996 7936 1
58 8008 7953 1
59 8002 7923 1
60 7997 7971 1
61 7965 7936 1
62 7959 7916 1
63 31448 31355 1
64 31450 31385 1
65 15808 15761 1
66 15771 15740 1
67 7990 7965 1
68 31427 31362 1
69 15799 15762 1
70 15788 15750 1
71 15777 15741 1
72 31438 31355 1
73 7994 7970 1
74 38 33 1
75 91 87 1
76 2104 2096 1
77 4077 4065 1
78 7945 7922 1
79 2143 2137 1
80 4036 4026 1
81 4091 4081 1
82 7939 7920 1
83 4038 4030 1
84 15781 15751 1
85 15796 15767 1
86 4084 4077 1
87 31428 31379 1
88 31420 31372 1
89 4032 4026 1
90 2124 2121 0
91 31446 31404 1
92 62695 62617 1
93 15781 15762 1
94 15788 15769 1
95 31395 31359 1
96 7930 7921 0
97 31396 31366 0
98 15813 15798 1
99 62 56 1
100 62689 62623 1
101 31390 31353 1
102 62673 62615 1
103 62700 62642 1
104 31386 31372 0
105 62694 62670 0
106 31450 31440 0
107 15757 15799 0
108 62663 62611 0
109 7924 7918 1
110 8006 8000 1
111 125194 125105 0
112 15741 15731 0
113 2146 2147 1
114 62648 62612 0
115 125187 125119 0
116 31424 31408 0
117 15815 15807 0
118 62663 62632 0
119 62676 62646 0
120 31402 31387 0
121 125168 125109 0
122 2143 2142 1
123 62674 62645 0
124 31366 31352 0
125 15819 15812 0
126 125187 125136 0
127 62687 62662 0
128 7925 7922 0
129 7924 7922 0
130 4096 4095 0
131 7985 7984 0
132 8001 8002 0
133 7965 7966 0
134 7917 7918 0
135 4048 4051 0
136 4023 4026 0
137 4042 4046 0
138 67 68 0
139 48 49 0
140 86 89 0
141 46 50 0
142 64 71 0
143 61 69 0
144 28 33 0
145 15 20 0
146 250192 250120 0
147 125141 125114 0
148 62691 62674 0
149 125181 125134 0
150 125189 125149 0
151 250196 250166 0
152 31415 31412 0
153 250146 250116 0
154 62646 62634 0
155 500193 500145 0
156 125188 125173 0
157 500191 500151 0
158 250158 250132 0
159 250184 250140 0
160 500179 500116 0
161 250181 250150 0
162 500151 500102 0
163 500188 500104 0
164 125166 125147 0
165 15730 15727 0
166 500170 500111 0
167 250179 250131 0
168 250162 250130 0
169 250158 250116 0
170 125185 125163 0
171 500198 500135 0
172 500169 500110 0
173 125135 125110 0
174 62614 62608 0
175 250156 250162 0
176 250177 250174 0
177 250163 250156 0
178 250160 250173 0
179 500164 500125 0
180 500169 500194 0
181 62686 62685 0
182 500121 500145 0
183 500173 500163 0
184 500140 500113 0
185 31392 31394 0
186 500112 500113 0
187 500199 500164 0
188 62643 62641 0
189 500128 500147 0
190 250157 250152 0
191 500153 500146 0
192 500152 500180 0
193 125128 125128 0
194 500139 500128 0
195 500166 500129 0
196 125191 125184 0
197 500192 500174 0
198 250196 250187 0
199 250137 250131 0
200 500143 500126 0
201 500170 500144 0
202 500167 500167 0
203 125161 125165 0
204 250107 250108 0
205 500117 500114 0
206 500161 500167 0
207 500190 500178 0
208 250131 250119 0
209 500172 500147 0
210 125129 125122 0
211 125190 125198 0
212 125140 125139 0
213 500194 500170 0
214 500153 500163 0
215 250119 250135 0
216 250128 250121 0
217 250175 250156 0
218 500123 500137 0
219 250143 250138 0
220 500193 500181 0
221 500149 500144 0
222 500177 500174 0
223 250150 250157 0
224 250163 250167 0
225 250179 250181 0
226 125142 125102 0
227 31438 31426 0
228 62625 62608 0
229 62630 62614 0
230 250160 250107 0
231 62628 62613 0
232 250191 250139 0
233 125197 125167 0
234 62660 62645 0
235 250198 250136 0
236 62630 62608 0
237 125150 125108 0
238 125159 125128 0
239 125189 125148 0
240 7937 8005 0
241 7932 7951 0
242 15782 15797 0
243 250104 250168 0
244 15728 15785 0
245 15748 15786 0
246 15737 15774 0
247 15752 15770 0
248 15773 15823 0
249 15741 15812 0
250 31409 31432 0
251 7933 7937 0
252 7965 7984 0
253 31359 31387 0
254 31377 31435 0
255 31379 31419 0
256 7920 8008 0
257 7918 7995 0
258 31372 31423 0
259 7955 7990 0
260 7992 7997 0
261 7964 8004 0
262 7935 7953 0
263 7977 8002 0
264 7924 7963 0
265 7922 7954 0
266 31360 31418 0
267 31415 31439 0
268 31384 31425 0
269 7920 8011 0
270 7930 7976 0
271 250157 250183 0
272 31417 31432 0
273 31351 31443 0
274 7932 8001 0
275 31361 31431 0
276 31402 31433 0
277 7919 7945 0
278 15790 15802 0
279 250141 250176 0
280 4011 4095 0
281 4035 4087 0
282 31414 31437 0
283 4016 4044 0
284 31370 31418 0
285 4041 4074 0
286 31395 31445 0
287 4049 4089 0
288 4024 4047 0
289 15728 15734 0
290 31430 31443 0
291 4081 4093 0
292 4015 4083 0
293 31379 31401 0
294 4026 4078 0
295 31400 31424 0
296 31410 31427 0
297 250118 250177 0
298 31360 31414 0
299 4026 4060 0
300 4043 4080 0
301 4040 4053 0
302 31409 31424 0
303 31355 31405 0
304 4015 4024 0
305 62604 62614 0
306 4008 4068 0
307 250125 250172 0
308 4019 4035 0
309 62684 62695 0
310 4075 4082 0
311 62658 62667 0
312 250127 250156 0
313 4026 4037 0
314 62644 62680 0
315 15771 15802 0
316 62604 62616 0
317 4021 4096 0
318 4026 4042 0
319 62613 62668 0
320 62628 62675 0
321 250168 250200 0
322 62667 62675 0
323 62620 62670 0
324 2085 2114 0
325 500126 500195 0
326 500119 500161 0
327 62656 62671 0
328 62635 62695 0
329 2116 2134 0
330 2089 2123 0
331 500121 500165 0
332 62610 62663 0
333 2061 2134 0
334 62627 62659 0
335 2089 2127 0
336 62634 62664 0
337 15779 15823 0
338 62655 62671 0
339 62608 62615 0
340 2058 2113 0
341 2078 2095 0
342 62639 62668 0
343 2061 2079 0
344 62660 62696 0
345 2082 2116 0
346 2097 2132 0
347 2066 2117 0
348 62622 62697 0
349 125145 125178 0
350 2105 2150 0
351 2071 2126 0
352 2072 2119 0
353 125102 125154 0
354 125138 125175 0
355 2079 2087 0
356 500113 500164 0
357 125139 125177 0
358 125104 125164 0
359 16 97 0
360 125140 125177 0
361 125184 125199 0
362 41 99 0
363 125130 125195 0
364 125128 125148 0
365 125131 125156 0
366 25 84 0
367 125164 125177 0
368 7 57 0
369 125154 125187 0
370 125154 125165 0
371 15809 15820 0
372 125124 125181 0
373 125121 125132 0
374 125178 125187 0
375 52 83 0
376 125126 125146 0
377 500114 500171 0
378 61 90 0
379 15757 15822 0
380 62 92 0
381 125155 125174 0
382 70 81 0
383 250114 250199 0
384 15768 15779 0
385 500126 500192 0
386 250160 250187 0
387 15750 15768 0
388 250110 250196 0
389 15 73 0
390 15759 15800 0
391 7 29 0
392 250133 250175 0
393 15743 15823 0
394 250104 250135 0
395 15802 15819 0
396 15 68 0
397 15736 15793 0
398 15759 15798 0
399 15738 15747 0
--------------
1000000 :c
1004190 :sum(p)
1000000 :sum(w)
