400 :n
id p,w,x
--------------
0 15806 15728 1
1 15805 15737 1
2 88 64 1
3 79 46 1
4 15796 15728 1
5 15813 15729 1
6 77 11 1
7 15817 15730 1
8 89 68 1
9 7967 7918 1
10 60 13 1
11 8003 7928 1
12 73 42 1
13 67 49 1
14 33 14 1
15 56 38 1
16 7963 7918 1
17 7967 7920 1
18 8010 7943 1
19 76 10 1
20 62 13 1
21 35 11 1
22 2138 2117 1
23 2134 2081 1
24 2148 2061 1
25 2136 2100 1
26 2133 2074 1
27 8008 7919 1
28 2144 2071 1
29 2103 2074 1
30 2119 2090 1
31 2113 2064 1
32 2116 2085 1
33 2148 2076 1
34 2128 2056 1
35 7980 7924 1
36 2120 2057 1
37 2111 2081 1
38 2118 2091 1
39 4102 4035 1
40 4099 4035 1
41 8007 7938 1
42 4098 4016 1
43 4034 4007 1
44 4069 4036 1
45 15817 15736 1
46 4068 4010 1
47 4093 4040 1
48 4053 4016 1
49 4102 4028 1
50 4099 4025 1
51 4068 4007 1
52 8004 7964 1
53 4095 4016 1
54 4054 4012 1
55 4058 4019 1
56 4064 4008 1
57 8012 7964 1
58 8011 7968 1
59 7996 7925 1
60 30 13 1
61 46 35 1
62 65 57 1
63 81 75 1
64 86 80 1
65 82 77 1
66 49 47 1
67 56 55 0
68 2097 2080 1
69 2099 2086 1
70 4031 4010 1
71 4035 4016 1
72 4060 4043 1
73 7947 7914 1
74 7971 7939 1
75 2065 2057 1
76 2077 2069 1
77 2151 2143 1
78 15795 15741 1
79 7961 7937 1
80 8009 7985 1
81 7965 7942 1
82 15794 15750 1
83 4039 4028 1
84 8011 7990 1
85 15773 15733 1
86 15817 15780 1
87 15769 15733 1
88 7960 7942 1
89 31426 31361 1
90 2093 2089 1
91 31449 31389 1
92 7947 7932 1
93 2134 2130 0
94 31419 31363 1
95 4045 4038 0
96 4082 4075 0
97 15787 15764 1
98 62692 62602 1
99 2094 2091 0
100 31421 31376 1
101 2129 2126 1
102 62699 62618 1
103 4103 4072 1
104 15754 15734 1
105 31396 31357 1
106 15781 15762 0
107 7995 7986 1
108 31388 31353 1
109 31424 31388 1
110 62679 62603 1
111 96 87 1
112 31446 31414 0
113 62700 62638 1
114 31407 31376 1
115 62685 62680 0
116 31437 31443 0
117 2133 2131 0
118 15814 15818 0
119 62664 62605 0
120 62680 62627 0
121 62654 62604 0
122 7973 7967 0
123 8000 8001 0
124 62667 62623 0
125 15742 15731 0
126 15813 15802 0
127 125195 125110 0
128 62680 62640 0
129 62664 62626 0
130 15753 15744 0
131 15776 15767 0
132 15788 15779 0
133 31419 31402 0
134 31390 31374 0
135 7957 7953 0
136 31388 31377 0
137 31395 31384 0
138 31415 31405 0
139 4023 4022 0
140 15807 15804 0
141 15810 15809 0
142 15811 15811 0
143 7955 7959 0
144 4070 4075 0
145 4037 4042 0
146 4008 4013 0
147 4035 4048 0
148 2057 2064 0
149 2060 2075 0
150 65 67 0
151 68 78 0
152 67 79 0
153 40 48 0
154 34 41 0
155 24 29 0
156 125144 125106 0
157 62642 62608 0
158 250192 250115 0
159 500191 500138 0
160 250174 250128 0
161 500190 500111 0
162 500192 500145 0
163 500198 500137 0
164 125180 125167 0
165 125135 125109 0
166 125186 125169 0
167 500182 500103 0
168 125146 125119 0
169 250160 250111 0
170 125133 125118 0
171 250153 250118 0
172 125135 125118 0
173 125129 125102 0
174 250172 250123 0
175 250176 250124 0
176 250194 250161 0
177 500172 500106 0
178 500188 500141 0
179 250182 250126 0
180 125189 125144 0
181 125172 125127 0
182 31382 31386 0
183 250140 250176 0
184 250108 250130 0
185 500126 500190 0
186 250144 250166 0
187 62618 62613 0
188 500180 500145 0
189 500154 500175 0
190 500178 500174 0
191 31400 31400 0
192 62632 62632 0
193 250198 250191 0
194 250145 250180 0
195 250107 250107 0
196 500130 500155 0
197 62634 62642 0
198 250138 250159 0
199 62624 62633 0
200 500112 500177 0
201 62618 62615 0
202 500177 500135 0
203 500173 500167 0
204 250150 250152 0
205 31394 31396 0
206 250160 250141 0
207 500149 500103 0
208 500181 500194 0
209 500129 500124 0
210 500148 500162 0
211 500125 500180 0
212 250129 250115 0
213 125111 125106 0
214 125180 125172 0
215 125158 125149 0
216 500159 500139 0
217 500140 500127 0
218 125130 125124 0
219 500134 500152 0
220 500186 500185 0
221 500182 500138 0
222 500176 500152 0
223 125106 125116 0
224 250154 250173 0
225 500111 500153 0
226 500142 500152 0
227 250125 250158 0
228 500126 500114 0
229 500188 500144 0
230 500138 500101 0
231 500111 500166 0
232 500149 500172 0
233 500183 500144 0
234 500163 500162 0
235 500136 500119 0
236 250150 250181 0
237 250194 250191 0
238 250160 250166 0
239 500102 500122 0
240 250107 250126 0
241 250129 250133 0
242 62658 62662 0
243 250139 250169 0
244 500108 500160 0
245 500108 500133 0
246 125146 125115 0
247 125186 125115 0
248 250179 250107 0
249 62661 62629 0
250 250181 250111 0
251 62667 62643 0
252 125191 125137 0
253 250186 250127 0
254 125149 125108 0
255 125184 125133 0
256 250196 250139 0
257 62675 62651 0
258 250194 250115 0
259 7927 7996 0
260 15779 15795 0
261 15807 15815 0
262 7915 7979 0
263 250122 250197 0
264 7940 7971 0
265 15742 15761 0
266 15784 15802 0
267 7933 7966 0
268 15762 15789 0
269 15741 15824 0
270 250125 250190 0
271 7920 7973 0
272 7959 8011 0
273 15744 15820 0
274 7945 7990 0
275 15772 15816 0
276 7993 8007 0
277 15728 15823 0
278 15806 15819 0
279 250110 250183 0
280 4008 4045 0
281 15738 15816 0
282 31364 31443 0
283 31352 31441 0
284 31430 31437 0
285 7918 7940 0
286 31385 31391 0
287 31381 31439 0
288 31394 31407 0
289 4015 4035 0
290 4050 4092 0
291 4007 4048 0
292 7921 7950 0
293 4057 4102 0
294 15762 15815 0
295 31407 31428 0
296 4035 4079 0
297 31379 31393 0
298 250101 250190 0
299 4022 4066 0
300 31413 31424 0
301 31365 31413 0
302 7952 7996 0
303 31402 31417 0
304 31359 31444 0
305 31381 31426 0
306 4074 4093 0
307 4021 4056 0
308 31358 31404 0
309 4054 4069 0
310 31372 31406 0
311 31374 31419 0
312 31392 31421 0
313 4077 4106 0
314 15794 15807 0
315 4036 4071 0
316 4034 4070 0
317 31393 31445 0
318 31407 31436 0
319 31360 31417 0
320 31414 31421 0
321 31391 31434 0
322 62638 62652 0
323 15748 15818 0
324 62633 62667 0
325 62650 62681 0
326 2115 2133 0
327 2108 2146 0
328 62643 62687 0
329 2091 2143 0
330 2081 2142 0
331 2079 2137 0
332 2102 2130 0
333 2065 2133 0
334 62670 62693 0
335 2095 2127 0
336 62627 62700 0
337 62658 62672 0
338 62604 62633 0
339 62671 62694 0
340 7931 8004 0
341 62664 62675 0
342 62609 62642 0
343 62629 62660 0
344 62629 62691 0
345 62623 62696 0
346 2120 2138 0
347 62603 62687 0
348 62620 62646 0
349 62643 62662 0
350 2129 2153 0
351 62602 62636 0
352 2075 2114 0
353 2121 2136 0
354 62627 62659 0
355 125150 125179 0
356 125130 125189 0
357 2095 2147 0
358 125140 125188 0
359 125113 125180 0
360 125156 125178 0
361 15730 15785 0
362 55 93 0
363 20 40 0
364 7914 7999 0
365 10 35 0
366 125169 125199 0
367 125106 125130 0
368 125109 125184 0
369 125147 125185 0
370 19 38 0
371 32 72 0
372 500114 500194 0
373 125157 125194 0
374 125115 125158 0
375 125139 125194 0
376 125114 125136 0
377 3 24 0
378 250111 250150 0
379 125111 125177 0
380 125164 125185 0
381 19 42 0
382 125115 125137 0
383 250113 250149 0
384 31 95 0
385 125104 125186 0
386 125151 125186 0
387 53 75 0
388 12 52 0
389 125107 125127 0
390 250150 250189 0
391 15791 15819 0
392 61 79 0
393 46 100 0
394 250140 250184 0
395 21 50 0
396 250136 250194 0
397 15786 15790 0
398 7925 7979 0
399 7949 8007 0
--------------
1000000 :c
1004511 :sum(p)
1000000 :sum(w)
