400 :n
id p,w,x
--------------
0 15810 15734 1
1 15821 15745 1
2 78 7 1
3 7987 7946 1
4 62 35 1
5 73 40 1
6 8009 7925 1
7 56 11 1
8 95 8 1
9 84 6 1
10 7995 7941 1
11 98 39 1
12 82 3 1
13 7989 7944 1
14 8007 7958 1
15 61 22 1
16 4079 4047 1
17 84 9 1
18 99 5 1
19 4101 4060 1
20 4051 4019 1
21 4038 4010 1
22 43 11 1
23 4091 4051 1
24 4095 4030 1
25 89 7 1
26 2150 2121 1
27 4086 4051 1
28 2141 2063 1
29 2104 2059 1
30 2141 2071 1
31 2146 2109 1
32 4097 4032 1
33 2129 2079 1
34 2143 2077 1
35 2129 2103 1
36 2116 2081 1
37 2124 2069 1
38 2147 2060 1
39 2096 2065 1
40 4099 4040 1
41 2144 2093 1
42 4047 4010 1
43 4103 4024 1
44 4102 4063 1
45 4105 4070 1
46 7986 7956 1
47 15813 15773 1
48 15787 15727 1
49 31441 31358 1
50 31422 31354 1
51 31430 31368 1
52 15796 15760 1
53 15791 15750 1
54 31441 31374 1
55 15802 15734 1
56 7991 7953 1
57 33 13 1
58 25 10 1
59 19 8 1
60 8 5 1
61 21 14 1
62 84 63 1
63 86 66 1
64 92 77 1
65 90 78 1
66 71 64 1
67 91 85 1
68 2144 2122 1
69 2083 2062 1
70 2143 2122 1
71 2150 2134 1
72 2117 2104 1
73 2074 2062 1
74 4089 4076 1
75 4075 4064 1
76 8011 7990 1
77 7961 7941 1
78 4079 4069 1
79 15798 15768 1
80 4099 4092 0
81 15751 15726 1
82 31447 31398 1
83 15825 15802 1
84 31439 31395 1
85 15786 15767 0
86 31398 31362 1
87 62682 62616 1
88 4028 4024 0
89 31389 31359 1
90 2095 2093 0
91 15811 15796 0
92 15818 15804 0
93 7960 7953 1
94 31407 31380 1
95 31447 31422 0
96 14 9 1
97 62675 62605 1
98 62665 62603 1
99 31413 31389 0
100 125198 125103 1
101 4036 4033 0
102 62699 62670 0
103 62697 62657 0
104 15786 15817 0
105 62675 62629 1
106 31445 31422 0
107 62683 62638 0
108 125197 125108 0
109 15749 15738 0
110 77 85 0
111 62693 62650 0
112 31448 31427 0
113 31433 31415 0
114 62645 62611 0
115 62640 62607 0
116 62666 62633 0
117 31420 31404 0
118 62657 62626 0
119 62697 62666 0
120 4070 4068 0
121 125171 125111 0
122 62668 62638 0
123 31425 31410 0
124 15739 15733 0
125 15799 15793 0
126 31394 31384 0
127 31446 31438 0
128 15824 15820 0
129 31446 31439 0
130 31359 31353 0
131 31410 31406 0
132 31440 31436 0
133 7956 7955 0
134 31376 31374 0
135 31392 31390 0
136 7934 7934 0
137 15807 15807 0
138 8008 8008 0
139 15759 15760 0
140 15736 15743 0
141 7952 7958 0
142 8005 8012 0
143 7950 7957 0
144 7984 7992 0
145 7954 7962 0
146 7916 7925 0
147 7989 7999 0
148 7968 7978 0
149 7955 7969 0
150 7928 7943 0
151 7913 7928 0
152 2123 2128 0
153 4072 4082 0
154 4017 4027 0
155 2132 2138 0
156 2079 2086 0
157 4043 4058 0
158 4030 4045 0
159 2110 2118 0
160 4034 4053 0
161 4010 4029 0
162 2081 2091 0
163 2062 2072 0
164 2100 2114 0
165 2059 2076 0
166 62 63 0
167 16 23 0
168 42 63 0
169 6 21 0
170 62659 62637 0
171 250166 250107 0
172 250171 250110 0
173 500145 500121 0
174 62671 62667 0
175 500165 500116 0
176 62663 62657 0
177 125181 125172 0
178 500126 500106 0
179 500128 500111 0
180 500185 500148 0
181 125155 125145 0
182 125197 125187 0
183 125190 125185 0
184 500171 500132 0
185 250184 250169 0
186 250138 250127 0
187 250177 250163 0
188 250176 250155 0
189 500128 500107 0
190 250190 250174 0
191 250144 250135 0
192 62650 62644 0
193 500177 500142 0
194 500191 500152 0
195 500200 500162 0
196 250185 250148 0
197 125183 125169 0
198 250181 250142 0
199 62646 62621 0
200 31397 31404 0
201 500149 500171 0
202 500120 500104 0
203 500105 500182 0
204 500134 500145 0
205 500167 500163 0
206 500136 500170 0
207 500113 500124 0
208 500132 500167 0
209 500147 500188 0
210 62681 62684 0
211 62619 62629 0
212 62673 62680 0
213 62636 62640 0
214 500143 500184 0
215 500133 500166 0
216 62603 62612 0
217 62687 62694 0
218 500140 500157 0
219 500121 500118 0
220 500194 500182 0
221 250102 250136 0
222 500103 500145 0
223 250115 250107 0
224 250118 250128 0
225 62667 62673 0
226 62603 62609 0
227 62656 62665 0
228 500122 500111 0
229 125112 125136 0
230 125179 125179 0
231 125155 125153 0
232 125131 125152 0
233 125130 125152 0
234 500161 500146 0
235 125160 125184 0
236 125100 125111 0
237 125150 125148 0
238 500200 500197 0
239 125172 125185 0
240 125118 125123 0
241 500152 500200 0
242 250122 250134 0
243 250122 250150 0
244 500112 500108 0
245 125189 125199 0
246 125114 125134 0
247 31394 31398 0
248 250117 250121 0
249 125106 125102 0
250 125191 125192 0
251 250135 250191 0
252 250153 250146 0
253 250166 250172 0
254 250127 250184 0
255 250160 250200 0
256 250103 250135 0
257 250199 250197 0
258 500116 500160 0
259 250108 250134 0
260 250120 250113 0
261 500135 500130 0
262 250161 250189 0
263 250192 250195 0
264 250177 250169 0
265 31361 31360 0
266 500107 500200 0
267 500146 500168 0
268 125157 125137 0
269 125179 125130 0
270 250195 250104 0
271 125198 125181 0
272 62626 62610 0
273 500187 500133 0
274 250164 250131 0
275 125179 125147 0
276 125174 125143 0
277 62686 62678 0
278 500199 500133 0
279 125194 125148 0
280 62667 62651 0
281 125173 125148 0
282 250170 250123 0
283 500188 500123 0
284 250174 250136 0
285 125179 125120 0
286 125198 125164 0
287 250197 250167 0
288 250192 250165 0
289 125147 125102 0
290 500182 500110 0
291 125167 125114 0
292 500165 500114 0
293 250133 250101 0
294 500176 500119 0
295 250177 250131 0
296 250199 250114 0
297 62639 62627 0
298 4017 4078 0
299 4051 4083 0
300 4024 4106 0
301 7930 7989 0
302 4041 4102 0
303 15749 15801 0
304 4057 4088 0
305 4022 4080 0
306 4015 4092 0
307 4007 4086 0
308 7954 7994 0
309 4037 4100 0
310 4027 4077 0
311 4014 4034 0
312 15754 15814 0
313 250134 250200 0
314 15727 15807 0
315 15737 15810 0
316 4010 4061 0
317 15745 15788 0
318 15728 15740 0
319 15773 15819 0
320 250104 250182 0
321 2054 2149 0
322 7915 7980 0
323 15741 15784 0
324 2074 2112 0
325 15746 15825 0
326 15766 15809 0
327 15780 15825 0
328 4034 4076 0
329 2088 2149 0
330 7928 8006 0
331 15755 15775 0
332 2085 2139 0
333 2072 2107 0
334 2087 2136 0
335 2088 2123 0
336 2094 2131 0
337 15731 15753 0
338 4008 4042 0
339 15768 15808 0
340 2059 2109 0
341 2100 2152 0
342 7971 7990 0
343 2074 2133 0
344 15761 15795 0
345 15763 15823 0
346 15752 15788 0
347 7961 7990 0
348 15749 15772 0
349 2080 2119 0
350 15786 15799 0
351 7934 8006 0
352 7967 8009 0
353 31354 31413 0
354 31402 31413 0
355 31379 31408 0
356 31357 31400 0
357 31370 31421 0
358 7926 7963 0
359 9 57 0
360 31351 31423 0
361 7915 7953 0
362 31376 31389 0
363 31364 31428 0
364 31386 31399 0
365 31399 31444 0
366 54 86 0
367 31408 31441 0
368 7940 7990 0
369 31364 31409 0
370 31384 31446 0
371 62663 62688 0
372 62609 62639 0
373 62668 62689 0
374 3 30 0
375 62606 62673 0
376 62605 62664 0
377 62614 62632 0
378 62612 62630 0
379 7975 7993 0
380 62618 62655 0
381 31 91 0
382 4 31 0
383 125104 125171 0
384 125128 125192 0
385 7937 7955 0
386 29 94 0
387 7946 8000 0
388 125139 125177 0
389 50 100 0
390 125105 125160 0
391 7 50 0
392 26 92 0
393 8 73 0
394 125131 125187 0
395 125101 125139 0
396 125121 125158 0
397 250128 250196 0
398 7945 8006 0
399 7919 8008 0
--------------
1000000 :c
1003995 :sum(p)
999997 :sum(w)
