400 :n
id p,w,x
--------------
0 4101 4022 1
1 15792 15738 1
2 90 36 1
3 4097 4015 1
4 2141 2054 1
5 8007 7957 1
6 74 34 1
7 8012 7964 1
8 4097 4032 1
9 7987 7933 1
10 15798 15744 1
11 4082 4017 1
12 2105 2056 1
13 57 14 1
14 15821 15753 1
15 15816 15738 1
16 15816 15758 1
17 82 29 1
18 66 5 1
19 83 38 1
20 8003 7922 1
21 79 29 1
22 15813 15748 1
23 76 36 1
24 4104 4008 1
25 8011 7941 1
26 38 2 1
27 35 4 1
28 38 10 1
29 81 45 1
30 33 20 1
31 66 49 1
32 54 47 1
33 92 82 1
34 56 50 1
35 2110 2071 1
36 2118 2081 1
37 2103 2073 1
38 2143 2115 1
39 2106 2082 1
40 2100 2078 1
41 4093 4053 1
42 4094 4054 1
43 2111 2091 1
44 2117 2097 1
45 4050 4014 1
46 2114 2097 1
47 2100 2084 1
48 4062 4035 1
49 4044 4018 1
50 4086 4062 1
51 4096 4075 1
52 2092 2082 1
53 2142 2132 1
54 4092 4073 1
55 4036 4019 1
56 7955 7922 1
57 7979 7946 1
58 4090 4074 1
59 2127 2119 1
60 8011 7982 1
61 4021 4008 1
62 7951 7926 1
63 7951 7926 1
64 15805 15757 1
65 15795 15748 1
66 4063 4051 1
67 8012 7989 1
68 15782 15737 1
69 15799 15754 1
70 15813 15771 1
71 15803 15765 1
72 2095 2090 1
73 2075 2064 1
74 8002 7983 1
75 4095 4032 1
76 31429 31359 1
77 31435 31365 1
78 31434 31365 1
79 7976 7960 1
80 4035 4027 1
81 15802 15773 1
82 31404 31356 1
83 31444 31396 1
84 62698 62604 1
85 62698 62606 1
86 15817 15794 1
87 15790 15768 1
88 31402 31362 1
89 31424 31382 1
90 15811 15792 1
91 31446 31406 1
92 62686 62620 1
93 31443 31368 1
94 15777 15747 1
95 4035 4026 1
96 31447 31414 1
97 7994 7986 0
98 4075 4071 1
99 31450 31428 0
100 2110 2119 0
101 15769 15769 0
102 15774 15760 0
103 7965 7958 0
104 62668 62620 0
105 62660 62614 0
106 62650 62605 0
107 62682 62638 0
108 8002 7999 0
109 125195 125114 0
110 125196 125124 0
111 31417 31399 0
112 125196 125126 0
113 62679 62644 0
114 31429 31412 0
115 62672 62641 0
116 62676 62647 0
117 62656 62631 0
118 62681 62656 0
119 31398 31387 0
120 31432 31424 0
121 15772 15769 0
122 15797 15795 0
123 31441 31438 0
124 43 67 0
125 65 65 1
126 15742 15743 0
127 31421 31424 0
128 31396 31399 0
129 31371 31374 0
130 15776 15781 0
131 7941 7945 0
132 15749 15760 0
133 4013 4016 0
134 15774 15787 0
135 15738 15753 0
136 4039 4043 0
137 4037 4041 0
138 7938 7947 0
139 7915 7926 0
140 4096 4102 0
141 4010 4016 0
142 7933 7945 0
143 7991 8004 0
144 4065 4072 1
145 2082 2086 1
146 4080 4089 0
147 2096 2101 0
148 7914 7934 0
149 7944 7965 0
150 7928 7949 0
151 2078 2084 0
152 7921 7946 0
153 4016 4029 0
154 7973 7999 0
155 4009 4023 0
156 7928 7958 0
157 2063 2071 0
158 2083 2092 0
159 2099 2111 0
160 4036 4064 0
161 4013 4041 0
162 4071 4102 0
163 2074 2092 0
164 2082 2101 0
165 2107 2131 0
166 2068 2093 0
167 2092 2121 0
168 67 68 1
169 2084 2118 0
170 86 88 1
171 80 85 0
172 39 45 0
173 62 72 0
174 77 90 0
175 67 83 0
176 46 57 0
177 70 93 0
178 57 76 0
179 34 47 0
180 29 56 0
181 17 35 0
182 1 8 0
183 2 40 0
184 500164 500120 0
185 500162 500146 0
186 500168 500131 0
187 500180 500161 0
188 500166 500125 0
189 125188 125170 0
190 62694 62689 0
191 62675 62669 0
192 125121 125109 0
193 125178 125129 0
194 125182 125153 0
195 62644 62632 0
196 125188 125150 0
197 125196 125157 0
198 250184 250124 0
199 62685 62673 0
200 250195 250114 0
201 250156 250101 0
202 62628 62606 0
203 250175 250127 0
204 250196 250125 0
205 250170 250108 0
206 62641 62619 0
207 125198 125166 0
208 62699 62685 0
209 62657 62644 0
210 125142 125109 0
211 125174 125115 0
212 125154 125107 0
213 125187 125131 0
214 62649 62640 0
215 62697 62689 0
216 125123 125102 0
217 125136 125118 0
218 125142 125136 0
219 125196 125180 0
220 125189 125173 0
221 125129 125121 0
222 250171 250139 0
223 250125 250115 0
224 250118 250105 0
225 250160 250149 0
226 250136 250115 0
227 250155 250135 0
228 250175 250164 0
229 250141 250121 0
230 250199 250187 0
231 250151 250139 0
232 250137 250127 0
233 250200 250184 0
234 500200 500136 0
235 500124 500105 0
236 500186 500147 0
237 500152 500108 0
238 500183 500139 0
239 500189 500105 0
240 125156 125143 0
241 500173 500122 0
242 500177 500126 0
243 500182 500150 0
244 500166 500141 0
245 500174 500150 0
246 500155 500125 0
247 125197 125179 0
248 500138 500119 0
249 500189 500168 0
250 500193 500141 0
251 500179 500126 0
252 500182 500143 0
253 7930 7986 0
254 62604 62631 0
255 62625 62687 0
256 62617 62700 0
257 7934 8001 0
258 7936 7977 0
259 62627 62644 0
260 7921 7975 0
261 62646 62662 0
262 7924 7959 0
263 62635 62692 0
264 62623 62634 0
265 62608 62670 0
266 62605 62613 0
267 62618 62626 0
268 7922 7988 0
269 7923 7993 0
270 7923 7996 0
271 62638 62660 0
272 7919 8004 0
273 125127 125185 0
274 7939 7970 0
275 125105 125164 0
276 7915 8000 0
277 125137 125145 0
278 7914 7987 0
279 7931 7995 0
280 62623 62695 0
281 62623 62691 0
282 4008 4074 0
283 15727 15750 0
284 125131 125161 0
285 15778 15821 0
286 125187 125183 0
287 125129 125198 0
288 125176 125196 0
289 62623 62693 0
290 125105 125125 0
291 15755 15778 0
292 4038 4101 0
293 62626 62687 0
294 4022 4061 0
295 125105 125140 0
296 125175 125184 0
297 62616 62693 0
298 125107 125197 0
299 62684 62687 0
300 4034 4075 0
301 125125 125142 0
302 4020 4069 0
303 4011 4091 0
304 125175 125188 0
305 4012 4090 0
306 15768 15825 0
307 62650 62676 0
308 125106 125117 0
309 125124 125179 0
310 125173 125195 0
311 125115 125163 0
312 125124 125177 0
313 250138 250147 0
314 250131 250129 0
315 250150 250185 0
316 250163 250157 0
317 250115 250147 0
318 250104 250137 0
319 2080 2119 0
320 250116 250129 0
321 2089 2132 0
322 250141 250174 0
323 250104 250152 0
324 15744 15813 0
325 250127 250161 0
326 250103 250126 0
327 31384 31428 0
328 250133 250190 0
329 15745 15785 0
330 2072 2153 0
331 31363 31421 0
332 2069 2115 0
333 15746 15811 0
334 2063 2126 0
335 250103 250119 0
336 31362 31439 0
337 250161 250186 0
338 250138 250132 0
339 250105 250123 0
340 250125 250189 0
341 2058 2098 0
342 2081 2119 0
343 250169 250186 0
344 250122 250146 0
345 31366 31375 0
346 250126 250128 0
347 250144 250149 0
348 15726 15816 0
349 2076 2121 0
350 31406 31426 0
351 2088 2140 0
352 15752 15800 0
353 15760 15820 0
354 31386 31431 0
355 2064 2146 0
356 31382 31410 0
357 250119 250128 0
358 500107 500112 0
359 31408 31435 0
360 500149 500179 0
361 15736 15766 0
362 500111 500192 0
363 500128 500181 0
364 17 66 0
365 15761 15791 0
366 31392 31408 0
367 500159 500173 0
368 500135 500139 0
369 31415 31428 0
370 15732 15804 0
371 31387 31422 0
372 28 93 0
373 31387 31399 0
374 31386 31414 0
375 500138 500189 0
376 51 92 0
377 500162 500190 0
378 500105 500187 0
379 28 77 0
380 15740 15805 0
381 500147 500134 0
382 2 76 0
383 500152 500160 0
384 500112 500101 0
385 31354 31450 0
386 500127 500200 0
387 500108 500134 0
388 31362 31436 0
389 31363 31399 0
390 500135 500137 0
391 31375 31396 0
392 500166 500176 0
393 500172 500200 0
394 500145 500194 0
395 31386 31433 0
396 31376 31428 0
397 11 71 0
398 31359 31409 0
399 31369 31432 0
--------------
1000000 :c
1003809 :sum(p)
1000000 :sum(w)
