400 :n
id p,w,x
--------------
0 2147 2061 1
1 2131 2062 1
2 69 53 1
3 30 16 1
4 49 32 1
5 98 8 1
6 2132 2075 1
7 85 35 1
8 55 12 1
9 92 2 1
10 92 54 1
11 60 14 1
12 84 29 1
13 2136 2075 1
14 94 16 1
15 75 2 1
16 82 18 1
17 92 52 1
18 68 32 1
19 2151 2068 1
20 92 2 1
21 4104 4019 1
22 31447 31369 1
23 31443 31361 1
24 15797 15764 1
25 31412 31356 1
26 31450 31383 1
27 4106 4059 1
28 15791 15742 1
29 15809 15726 1
30 4047 4010 1
31 7989 7931 1
32 8003 7928 1
33 7961 7920 1
34 2114 2095 1
35 7970 7934 1
36 7997 7937 1
37 4035 4014 1
38 15820 15756 1
39 7986 7947 1
40 7958 7926 1
41 2136 2112 1
42 2125 2107 1
43 4042 4010 1
44 7970 7944 1
45 7993 7936 1
46 8007 7977 1
47 2117 2094 1
48 2136 2109 1
49 2079 2060 1
50 15779 15726 1
51 7986 7943 1
52 15801 15733 1
53 7973 7946 1
54 4055 4025 1
55 4056 4035 1
56 4053 4019 1
57 7993 7927 1
58 2147 2108 1
59 8012 7950 1
60 4079 4043 1
61 4071 4030 1
62 7966 7921 1
63 7967 7922 1
64 4090 4067 1
65 2092 2064 1
66 8000 7960 1
67 4062 4020 1
68 15820 15771 1
69 15765 15730 1
70 15792 15758 1
71 31433 31370 1
72 31432 31363 1
73 31420 31357 1
74 15819 15776 1
75 15796 15752 1
76 31426 31361 1
77 31434 31356 1
78 9 1 1
79 28 18 1
80 86 73 1
81 98 92 1
82 91 89 1
83 2146 2131 1
84 2116 2102 1
85 2077 2066 1
86 2069 2059 1
87 4063 4049 1
88 2102 2095 1
89 4025 4012 1
90 4090 4078 1
91 7995 7977 1
92 7959 7942 1
93 4016 4008 1
94 15808 15778 1
95 2136 2132 1
96 15759 15731 1
97 15797 15770 1
98 31404 31359 1
99 31399 31356 1
100 31405 31364 1
101 31405 31365 1
102 31413 31378 1
103 87 58 1
104 62687 62604 1
105 7944 7932 1
106 62673 62606 0
107 62693 62626 0
108 15815 15808 0
109 8007 8007 0
110 12 34 0
111 31440 31408 0
112 7927 7919 1
113 31415 31384 0
114 2070 2068 1
115 15812 15797 0
116 4080 4080 1
117 2153 2151 0
118 15811 15797 0
119 15759 15746 0
120 15774 15763 0
121 31395 31375 0
122 31437 31417 0
123 7925 7922 0
124 15734 15730 0
125 7992 7994 0
126 7978 7981 0
127 4063 4066 0
128 4059 4062 0
129 2106 2109 0
130 2119 2123 0
131 4012 4020 0
132 2074 2080 0
133 2101 2110 0
134 2098 2108 0
135 2133 2144 0
136 35 36 1
137 3 4 0
138 29 39 0
139 10 17 0
140 125198 125170 0
141 31427 31417 0
142 125161 125124 0
143 250188 250126 0
144 62647 62628 0
145 250183 250122 0
146 250193 250118 0
147 250169 250107 0
148 250174 250113 0
149 62630 62614 0
150 62637 62620 0
151 250162 250114 0
152 250197 250133 0
153 250170 250105 0
154 250154 250102 0
155 250189 250120 0
156 62682 62669 0
157 250196 250105 0
158 125198 125169 0
159 62691 62676 0
160 62626 62604 0
161 31362 31351 0
162 125191 125165 0
163 62680 62655 0
164 125177 125111 0
165 62695 62663 0
166 125165 125117 0
167 62614 62635 0
168 62605 62667 0
169 62666 62689 0
170 62623 62636 0
171 62618 62690 0
172 62604 62649 0
173 62603 62647 0
174 62688 62695 0
175 62630 62642 0
176 31380 31394 0
177 31398 31433 0
178 31448 31445 0
179 62638 62652 0
180 62601 62639 0
181 62665 62692 0
182 62607 62665 0
183 62603 62635 0
184 62608 62658 0
185 31433 31428 0
186 62615 62690 0
187 62626 62691 0
188 62617 62625 0
189 62615 62630 0
190 31447 31445 0
191 62619 62660 0
192 125138 125174 0
193 31353 31355 0
194 125117 125126 0
195 125145 125185 0
196 31387 31421 0
197 125112 125149 0
198 125172 125165 0
199 125152 125137 0
200 125142 125133 0
201 125128 125144 0
202 125135 125163 0
203 125199 125195 0
204 15780 15793 0
205 15755 15766 0
206 125123 125199 0
207 125189 125175 0
208 125133 125193 0
209 125176 125192 0
210 125142 125197 0
211 15791 15799 0
212 125108 125145 0
213 125133 125147 0
214 125165 125149 0
215 125104 125146 0
216 125103 125103 0
217 125162 125176 0
218 125168 125178 0
219 15735 15745 0
220 15762 15773 0
221 15765 15767 0
222 125139 125199 0
223 15809 15815 0
224 125127 125140 0
225 125120 125119 0
226 125157 125164 0
227 125114 125190 0
228 15805 15811 0
229 125154 125156 0
230 250106 250137 0
231 250179 250148 0
232 15744 15752 0
233 250183 250161 0
234 250127 250167 0
235 250113 250133 0
236 15793 15802 0
237 250154 250148 0
238 250132 250164 0
239 62636 62688 0
240 250192 250194 0
241 31407 31413 0
242 250190 250181 0
243 250143 250181 0
244 250117 250166 0
245 250176 250184 0
246 250128 250193 0
247 250188 250186 0
248 250171 250163 0
249 250192 250172 0
250 250115 250177 0
251 250115 250159 0
252 250147 250121 0
253 250195 250200 0
254 250117 250131 0
255 250130 250180 0
256 250173 250170 0
257 250174 250195 0
258 250101 250168 0
259 250144 250178 0
260 250128 250103 0
261 250150 250146 0
262 31430 31426 0
263 7954 7962 0
264 250162 250184 0
265 500151 500142 0
266 500155 500195 0
267 500170 500114 0
268 500122 500192 0
269 500191 500115 0
270 500189 500119 0
271 500189 500111 0
272 500112 500104 0
273 500150 500166 0
274 500177 500135 0
275 500175 500191 0
276 500139 500195 0
277 500200 500137 0
278 500105 500127 0
279 500154 500187 0
280 500186 500198 0
281 500177 500186 0
282 500155 500181 0
283 500165 500107 0
284 500189 500151 0
285 500158 500191 0
286 500182 500137 0
287 500154 500144 0
288 500178 500177 0
289 500135 500181 0
290 500174 500188 0
291 500154 500192 0
292 500143 500147 0
293 500151 500120 0
294 500155 500120 0
295 500121 500122 0
296 62626 62633 0
297 500128 500174 0
298 500186 500154 0
299 500190 500109 0
300 500120 500180 0
301 31354 31381 0
302 500140 500153 0
303 500145 500130 0
304 500183 500185 0
305 500121 500165 0
306 500195 500162 0
307 62688 62681 0
308 31434 31431 0
309 62620 62631 0
310 125195 125111 0
311 125193 125126 0
312 62688 62649 0
313 31424 31412 0
314 62694 62645 0
315 31425 31410 0
316 125177 125130 0
317 125186 125159 0
318 125197 125150 0
319 62647 62632 0
320 125199 125177 0
321 2095 2124 0
322 2069 2123 0
323 2103 2130 0
324 2102 2147 0
325 4008 4075 0
326 4011 4099 0
327 4091 4106 0
328 2055 2114 0
329 2061 2102 0
330 4020 4086 0
331 4092 4103 0
332 2088 2121 0
333 4043 4073 0
334 4066 4096 0
335 4066 4078 0
336 7974 7996 0
337 2099 2126 0
338 7913 8010 0
339 4042 4086 0
340 2089 2104 0
341 7944 7955 0
342 7971 8006 0
343 7917 7966 0
344 2132 2144 0
345 2061 2133 0
346 7943 7966 0
347 4040 4090 0
348 2095 2112 0
349 2129 2143 0
350 4065 4076 0
351 4007 4106 0
352 7950 7999 0
353 7945 7997 0
354 7949 7982 0
355 4046 4063 0
356 7941 8003 0
357 7964 7976 0
358 4037 4095 0
359 7949 8000 0
360 7916 7978 0
361 7915 7960 0
362 15773 15799 0
363 15730 15798 0
364 15730 15749 0
365 40 81 0
366 15790 15817 0
367 25 68 0
368 15733 15823 0
369 15756 15789 0
370 15775 15810 0
371 4046 4092 0
372 15740 15805 0
373 4 99 0
374 15743 15765 0
375 12 70 0
376 4023 4074 0
377 15782 15801 0
378 31354 31440 0
379 31351 31396 0
380 31388 31444 0
381 1 47 0
382 20 88 0
383 31359 31420 0
384 4008 4065 0
385 32 71 0
386 4076 4093 0
387 31398 31450 0
388 51 75 0
389 71 91 0
390 31378 31446 0
391 29 52 0
392 31352 31409 0
393 62614 62697 0
394 5 77 0
395 28 76 0
396 62601 62690 0
397 5 60 0
398 4013 4077 0
399 4031 4053 0
--------------
1000000 :c
1004403 :sum(p)
999999 :sum(w)
