400 :n
id p,w,x
--------------
0 40 1 1
1 82 11 1
2 33 5 1
3 79 13 1
4 80 14 1
5 30 8 1
6 30 9 1
7 73 24 1
8 28 14 1
9 49 26 1
10 52 28 1
11 52 31 1
12 97 61 1
13 88 62 1
14 33 24 1
15 51 41 1
16 50 42 1
17 43 38 1
18 43 38 1
19 2148 2067 1
20 2146 2071 1
21 2153 2085 1
22 2123 2063 1
23 2141 2086 1
24 2118 2067 1
25 2123 2075 1
26 2143 2096 1
27 96 94 0
28 2143 2099 1
29 4098 4018 1
30 2129 2088 1
31 2100 2060 1
32 2148 2110 1
33 2133 2099 1
34 4088 4024 1
35 4105 4046 1
36 2152 2122 1
37 4072 4023 1
38 8009 7915 1
39 4069 4023 1
40 2106 2083 1
41 2121 2098 1
42 4070 4030 1
43 7995 7917 1
44 7989 7913 1
45 2106 2086 1
46 4066 4030 1
47 7984 7914 1
48 2103 2085 1
49 4099 4064 1
50 7995 7927 1
51 7981 7918 1
52 7990 7928 1
53 4057 4026 1
54 4046 4016 1
55 7993 7935 1
56 4083 4054 1
57 7995 7942 1
58 4095 4068 1
59 7972 7922 1
60 7997 7947 1
61 4080 4056 1
62 8000 7953 1
63 2116 2105 1
64 4104 4083 1
65 7981 7944 1
66 15806 15736 1
67 15824 15754 1
68 15810 15744 1
69 4073 4056 1
70 15810 15746 1
71 15805 15742 1
72 7993 7962 1
73 7959 7929 1
74 8000 7970 1
75 4026 4013 1
76 4096 4083 1
77 2117 2111 0
78 15776 15732 1
79 15795 15751 1
80 15769 15726 1
81 15802 15760 1
82 7943 7922 1
83 31434 31351 1
84 15765 15727 1
85 2103 2098 1
86 15786 15751 1
87 15774 15740 1
88 7968 7951 1
89 15780 15748 1
90 7971 7955 1
91 15761 15731 1
92 31441 31387 1
93 31426 31381 1
94 85 26 1
95 31444 31392 1
96 31438 31392 1
97 31414 31367 1
98 15799 15774 1
99 2096 2093 0
100 8011 8000 0
101 31405 31365 1
102 31423 31386 1
103 31437 31400 1
104 15760 15742 1
105 15785 15767 1
106 31428 31396 0
107 15741 15726 0
108 2142 2140 0
109 31417 31388 0
110 15821 15794 1
111 31388 31359 1
112 15747 15733 1
113 62654 62602 1
114 62669 62617 1
115 31441 31416 0
116 31421 31401 0
117 62641 62619 0
118 15767 15754 0
119 31378 31353 0
120 125196 125100 0
121 31378 31355 0
122 62695 62653 0
123 31378 31358 0
124 15780 15770 0
125 31377 31360 0
126 31403 31391 0
127 15768 15762 0
128 67 67 1
129 125197 125147 0
130 62655 62624 0
131 62698 62665 0
132 62628 62605 0
133 15750 15792 0
134 125182 125112 0
135 62696 62674 0
136 31415 31404 0
137 125154 125112 0
138 62629 62608 0
139 31377 31367 0
140 15792 15787 0
141 250183 250105 0
142 250194 250119 0
143 250168 250102 0
144 62633 62617 0
145 7974 7972 0
146 4028 4027 0
147 4035 4034 0
148 4072 4071 0
149 250192 250131 0
150 15744 15741 0
151 15734 15732 0
152 15787 15785 0
153 7977 7978 0
154 7916 7917 0
155 7914 7915 0
156 4058 4060 0
157 7981 7988 0
158 7960 7968 0
159 7925 7933 0
160 4013 4019 0
161 7951 7963 0
162 7963 7979 0
163 4036 4045 0
164 2116 2121 0
165 4087 4098 0
166 4087 4099 0
167 4084 4099 0
168 4036 4051 0
169 2138 2146 0
170 4033 4049 0
171 2067 2076 0
172 2088 2099 0
173 2090 2103 0
174 2112 2129 0
175 34 41 0
176 54 70 0
177 45 59 0
178 23 34 0
179 17 35 0
180 1 3 0
181 62672 62661 0
182 62618 62603 0
183 62697 62686 0
184 62627 62620 0
185 250191 250139 0
186 125179 125160 0
187 125152 125124 0
188 125191 125161 0
189 125133 125107 0
190 500183 500119 0
191 500157 500103 0
192 125171 125142 0
193 250142 250103 0
194 500183 500129 0
195 125148 125118 0
196 250155 250122 0
197 250190 250144 0
198 62622 62612 0
199 62636 62625 0
200 250200 250152 0
201 250182 250145 0
202 500198 500128 0
203 15789 15800 0
204 62614 62612 0
205 62655 62676 0
206 15789 15820 0
207 62623 62685 0
208 15732 15794 0
209 62642 62680 0
210 15745 15761 0
211 15742 15800 0
212 15738 15799 0
213 15789 15803 0
214 62613 62676 0
215 62614 62651 0
216 15751 15767 0
217 62603 62656 0
218 62642 62690 0
219 62616 62674 0
220 15765 15822 0
221 62640 62646 0
222 62614 62649 0
223 15763 15819 0
224 62623 62670 0
225 125139 125184 0
226 125107 125144 0
227 125128 125166 0
228 125118 125157 0
229 125115 125117 0
230 125113 125163 0
231 15773 15789 0
232 125135 125155 0
233 125166 125162 0
234 15731 15757 0
235 125181 125198 0
236 125161 125177 0
237 125157 125150 0
238 125127 125193 0
239 62664 62683 0
240 125127 125197 0
241 125192 125189 0
242 7926 8007 0
243 7957 7984 0
244 125121 125132 0
245 125148 125179 0
246 125167 125160 0
247 125109 125163 0
248 125153 125194 0
249 62604 62686 0
250 7966 7997 0
251 125130 125168 0
252 125107 125135 0
253 62644 62679 0
254 62648 62694 0
255 125148 125163 0
256 31382 31380 0
257 31383 31384 0
258 125136 125187 0
259 125102 125107 0
260 62617 62679 0
261 125120 125110 0
262 125145 125175 0
263 7918 7997 0
264 125134 125190 0
265 7953 8002 0
266 125137 125169 0
267 7988 8010 0
268 125142 125197 0
269 7916 8003 0
270 125109 125198 0
271 7924 8000 0
272 7946 7978 0
273 250142 250197 0
274 250126 250151 0
275 31375 31381 0
276 7935 8004 0
277 250164 250146 0
278 7957 8010 0
279 250126 250114 0
280 62625 62660 0
281 250108 250142 0
282 4082 4103 0
283 250125 250138 0
284 62649 62657 0
285 4065 4090 0
286 250117 250193 0
287 4052 4072 0
288 62633 62686 0
289 62650 62675 0
290 4026 4046 0
291 4072 4093 0
292 250191 250177 0
293 250188 250194 0
294 4010 4084 0
295 62682 62678 0
296 250145 250143 0
297 4038 4086 0
298 250192 250177 0
299 250119 250196 0
300 250109 250176 0
301 4044 4070 0
302 250167 250172 0
303 250131 250155 0
304 250111 250135 0
305 4034 4083 0
306 250128 250175 0
307 250130 250140 0
308 250173 250185 0
309 250110 250136 0
310 4019 4074 0
311 62639 62669 0
312 250141 250176 0
313 250156 250134 0
314 4028 4054 0
315 31403 31421 0
316 250149 250142 0
317 4010 4059 0
318 62620 62680 0
319 250123 250157 0
320 250148 250137 0
321 2076 2143 0
322 31387 31424 0
323 31381 31392 0
324 2087 2147 0
325 250108 250156 0
326 250113 250122 0
327 2066 2102 0
328 250119 250114 0
329 2061 2085 0
330 250103 250184 0
331 250104 250114 0
332 500128 500190 0
333 31370 31393 0
334 500190 500191 0
335 500122 500180 0
336 500146 500117 0
337 2072 2124 0
338 500194 500165 0
339 2058 2082 0
340 500116 500181 0
341 500143 500106 0
342 500158 500120 0
343 2098 2139 0
344 31405 31445 0
345 500133 500177 0
346 31414 31436 0
347 500116 500130 0
348 31365 31432 0
349 500183 500158 0
350 500168 500165 0
351 2065 2122 0
352 2089 2135 0
353 2110 2137 0
354 500130 500153 0
355 2101 2133 0
356 500133 500160 0
357 500157 500119 0
358 500130 500134 0
359 59 90 0
360 31385 31427 0
361 500137 500110 0
362 500119 500114 0
363 42 85 0
364 500131 500111 0
365 500193 500176 0
366 500133 500181 0
367 500133 500115 0
368 500108 500161 0
369 500161 500171 0
370 500138 500189 0
371 43 96 0
372 31397 31411 0
373 27 78 0
374 28 65 0
375 500113 500132 0
376 19 56 0
377 500172 500184 0
378 21 97 0
379 31357 31371 0
380 500141 500192 0
381 31386 31437 0
382 19 54 0
383 63 99 0
384 500193 500143 0
385 15 51 0
386 500159 500161 0
387 500150 500162 0
388 500107 500198 0
389 31411 31436 0
390 2 80 0
391 500160 500169 0
392 31407 31446 0
393 500170 500154 0
394 500173 500198 0
395 47 80 0
396 500107 500199 0
397 31375 31387 0
398 31388 31419 0
399 31368 31424 0
--------------
1000000 :c
1004330 :sum(p)
1000000 :sum(w)
