400 :n
id p,w,x
--------------
0 31442 31382 1
1 31440 31352 1
2 2132 2071 1
3 2139 2119 1
4 31437 31387 1
5 2145 2073 1
6 2145 2108 1
7 2142 2094 1
8 2107 2071 1
9 2111 2075 1
10 31441 31378 1
11 31431 31359 1
12 2095 2076 1
13 2110 2088 1
14 2151 2056 1
15 2106 2065 1
16 2099 2075 1
17 2133 2060 1
18 2110 2073 1
19 4083 4054 1
20 89 69 1
21 71 54 1
22 77 38 1
23 69 17 1
24 4079 4032 1
25 4088 4020 1
26 65 37 1
27 4075 4035 1
28 31449 31359 1
29 4072 4022 1
30 93 31 1
31 62695 62603 1
32 4077 4014 1
33 100 81 1
34 4100 4070 1
35 31441 31377 1
36 4085 4053 1
37 31428 31364 1
38 4062 4044 1
39 4080 4054 1
40 31439 31359 1
41 100 71 1
42 84 11 1
43 7975 7942 1
44 84 39 1
45 7960 7937 1
46 15802 15747 1
47 8000 7913 1
48 15800 15762 1
49 7984 7914 1
50 8007 7978 1
51 88 9 1
52 7975 7913 1
53 8000 7922 1
54 100 32 1
55 7996 7935 1
56 15800 15754 1
57 99 53 1
58 52 35 1
59 15817 15760 1
60 7948 7914 1
61 95 77 1
62 7993 7944 1
63 7996 7916 1
64 15790 15753 1
65 7964 7922 1
66 15808 15734 1
67 15776 15731 1
68 15784 15734 1
69 70 58 1
70 95 89 1
71 54 53 1
72 2140 2125 1
73 2072 2061 1
74 2121 2110 1
75 4050 4033 1
76 7985 7967 1
77 4041 4032 1
78 7953 7936 1
79 4050 4042 1
80 15825 15797 1
81 7928 7916 1
82 7999 7987 1
83 2133 2130 1
84 15783 15762 1
85 15814 15795 1
86 62683 62610 1
87 62691 62619 1
88 31424 31388 1
89 7979 7970 1
90 7941 7933 1
91 7946 7938 1
92 7976 7968 1
93 31434 31362 1
94 31416 31383 0
95 4040 4007 1
96 7994 7986 1
97 4067 4063 1
98 15790 15781 0
99 8011 8012 0
100 74 93 0
101 7 8 1
102 15800 15785 1
103 2146 2144 1
104 31390 31361 0
105 7940 7933 1
106 2149 2148 1
107 62664 62611 0
108 15822 15809 0
109 62654 62605 0
110 31392 31369 0
111 125185 125105 0
112 62652 62612 0
113 62666 62630 0
114 31438 31420 0
115 15810 15801 0
116 62669 62634 0
117 125183 125114 0
118 125186 125117 0
119 31418 31401 0
120 15758 15752 0
121 7960 7957 0
122 15776 15771 0
123 7972 7972 0
124 12 12 0
125 4007 4008 0
126 4041 4045 0
127 2144 2147 0
128 4010 4017 0
129 4063 4071 0
130 4054 4062 0
131 2100 2106 0
132 2130 2139 0
133 43 44 1
134 6 7 0
135 31435 31426 0
136 62646 62622 0
137 62639 62622 0
138 250175 250133 0
139 250195 250117 0
140 125164 125103 0
141 62668 62649 0
142 125170 125146 0
143 250185 250131 0
144 500181 500108 0
145 62673 62649 0
146 62687 62668 0
147 62678 62647 0
148 250197 250123 0
149 125185 125149 0
150 250193 250151 0
151 125194 125177 0
152 62626 62616 0
153 62624 62616 0
154 250173 250140 0
155 250132 250108 0
156 250185 250159 0
157 500183 500135 0
158 500163 500117 0
159 500149 500116 0
160 125141 125132 0
161 500174 500120 0
162 500185 500151 0
163 500158 500115 0
164 500181 500121 0
165 125196 125185 0
166 500196 500137 0
167 250183 250167 0
168 62688 62680 0
169 125174 125166 0
170 250157 250126 0
171 250187 250110 0
172 31363 31352 0
173 62688 62669 0
174 62680 62656 0
175 500193 500121 0
176 31438 31428 0
177 250168 250127 0
178 500183 500113 0
179 250156 250121 0
180 125173 125106 0
181 62608 62699 0
182 250184 250198 0
183 250115 250157 0
184 31356 31423 0
185 125100 125197 0
186 31352 31396 0
187 31357 31359 0
188 31412 31425 0
189 31370 31421 0
190 31427 31429 0
191 31359 31429 0
192 31389 31450 0
193 31414 31416 0
194 31369 31424 0
195 62610 62616 0
196 31411 31427 0
197 250150 250178 0
198 250197 250186 0
199 250112 250139 0
200 15735 15758 0
201 15754 15779 0
202 15733 15739 0
203 62687 62687 0
204 250183 250168 0
205 62625 62656 0
206 250163 250167 0
207 15730 15798 0
208 250191 250192 0
209 15754 15788 0
210 15726 15759 0
211 62626 62663 0
212 15801 15815 0
213 62686 62690 0
214 62679 62697 0
215 15752 15785 0
216 250111 250159 0
217 15741 15744 0
218 62629 62629 0
219 15765 15824 0
220 15741 15801 0
221 15779 15819 0
222 15784 15799 0
223 62612 62633 0
224 62619 62649 0
225 15727 15785 0
226 62648 62648 0
227 62601 62665 0
228 15740 15801 0
229 62612 62610 0
230 62618 62621 0
231 15761 15818 0
232 250122 250128 0
233 15743 15812 0
234 15736 15824 0
235 62601 62684 0
236 15823 15825 0
237 15728 15750 0
238 15772 15789 0
239 250135 250124 0
240 7947 7969 0
241 62625 62676 0
242 250114 250174 0
243 62698 62694 0
244 62639 62641 0
245 62684 62689 0
246 7959 7965 0
247 250165 250183 0
248 62663 62699 0
249 125155 125173 0
250 7927 7966 0
251 125155 125149 0
252 250142 250159 0
253 250161 250169 0
254 125168 125191 0
255 125100 125186 0
256 7968 7988 0
257 250168 250185 0
258 125148 125180 0
259 250113 250122 0
260 125162 125155 0
261 250109 250198 0
262 250148 250143 0
263 250188 250188 0
264 7922 7942 0
265 250102 250183 0
266 125122 125177 0
267 125156 125179 0
268 7984 8009 0
269 250177 250183 0
270 7968 7989 0
271 125105 125194 0
272 250136 250195 0
273 250159 250169 0
274 62679 62700 0
275 250129 250175 0
276 7954 7990 0
277 250161 250192 0
278 31404 31420 0
279 250146 250137 0
280 125126 125124 0
281 125136 125162 0
282 4043 4056 0
283 125123 125177 0
284 31380 31380 0
285 500159 500137 0
286 125123 125189 0
287 4011 4031 0
288 125141 125181 0
289 500111 500144 0
290 500122 500158 0
291 125159 125190 0
292 4035 4048 0
293 500165 500178 0
294 125162 125155 0
295 125146 125186 0
296 500111 500147 0
297 500160 500145 0
298 4022 4045 0
299 500152 500155 0
300 4085 4104 0
301 500144 500154 0
302 500138 500139 0
303 500197 500183 0
304 4081 4101 0
305 500113 500106 0
306 500121 500150 0
307 500168 500194 0
308 31377 31376 0
309 31355 31402 0
310 125189 125186 0
311 31389 31439 0
312 4066 4085 0
313 500111 500159 0
314 125106 125109 0
315 125103 125142 0
316 500127 500190 0
317 125151 125171 0
318 4049 4069 0
319 31379 31418 0
320 500111 500198 0
321 125112 125130 0
322 125111 125197 0
323 500114 500119 0
324 500114 500143 0
325 500107 500177 0
326 500106 500169 0
327 31365 31391 0
328 500191 500175 0
329 500169 500190 0
330 500129 500186 0
331 500137 500164 0
332 500167 500180 0
333 125152 125167 0
334 125132 125170 0
335 125141 125180 0
336 500146 500120 0
337 500145 500135 0
338 125141 125198 0
339 500125 500145 0
340 15769 15769 0
341 31429 31435 0
342 31398 31432 0
343 31406 31405 0
344 500199 500104 0
345 125154 125113 0
346 2061 2142 0
347 2100 2118 0
348 2085 2104 0
349 2110 2152 0
350 2060 2102 0
351 2071 2096 0
352 2057 2083 0
353 2073 2137 0
354 2056 2118 0
355 2059 2095 0
356 4067 4091 0
357 2071 2123 0
358 2074 2124 0
359 4058 4101 0
360 4037 4088 0
361 46 63 0
362 4024 4065 0
363 39 72 0
364 4074 4106 0
365 23 91 0
366 4008 4104 0
367 4081 4106 0
368 2100 2123 0
369 4071 4101 0
370 4033 4063 0
371 65 93 0
372 4037 4077 0
373 4018 4105 0
374 50 94 0
375 39 88 0
376 35 69 0
377 4018 4091 0
378 7951 8007 0
379 7957 8009 0
380 7921 7975 0
381 7916 7977 0
382 40 77 0
383 2102 2131 0
384 74 98 0
385 7914 7998 0
386 12 65 0
387 2073 2147 0
388 7929 8012 0
389 19 78 0
390 7960 8012 0
391 15 43 0
392 28 61 0
393 74 92 0
394 71 100 0
395 15 45 0
396 14 81 0
397 15728 15820 0
398 2091 2144 0
399 2097 2144 0
--------------
1000000 :c
1003983 :sum(p)
1000000 :sum(w)
