400 :n
id p,w,x
--------------
0 51 22 1
1 8006 7944 1
2 2120 2087 1
3 4095 4060 1
4 43 14 1
5 2148 2081 1
6 2131 2091 1
7 2153 2092 1
8 2141 2080 1
9 2145 2079 1
10 2151 2084 1
11 94 42 1
12 4084 4033 1
13 2131 2060 1
14 7982 7919 1
15 4093 4031 1
16 50 24 1
17 7965 7915 1
18 4079 4023 1
19 4067 4012 1
20 84 26 1
21 7995 7933 1
22 4088 4024 1
23 77 45 1
24 7984 7933 1
25 4080 4040 1
26 77 51 1
27 42 12 1
28 8003 7924 1
29 77 19 1
30 4057 4022 1
31 79 18 1
32 8000 7966 1
33 15804 15743 1
34 7967 7923 1
35 15800 15731 1
36 15815 15764 1
37 15814 15747 1
38 15811 15735 1
39 15781 15740 1
40 8011 7974 1
41 15821 15748 1
42 7999 7965 1
43 15812 15749 1
44 31448 31373 1
45 31439 31362 1
46 31440 31362 1
47 15787 15741 1
48 15825 15731 1
49 7976 7936 1
50 31450 31361 1
51 15825 15756 1
52 7994 7961 1
53 15802 15731 1
54 20 1 1
55 16 1 1
56 25 11 1
57 52 32 1
58 90 66 1
59 14 11 1
60 88 71 1
61 51 42 1
62 87 77 1
63 66 60 1
64 96 90 1
65 83 82 1
66 2093 2070 1
67 4083 4055 1
68 2148 2134 1
69 2122 2109 1
70 2135 2124 1
71 4082 4066 1
72 4041 4028 1
73 4047 4036 1
74 4047 4036 1
75 15778 15738 1
76 15825 15788 1
77 2147 2142 1
78 7939 7921 1
79 15807 15774 1
80 15821 15788 1
81 15769 15738 1
82 4106 4098 1
83 15773 15744 1
84 15781 15754 1
85 15815 15788 1
86 31411 31359 1
87 7993 7981 1
88 62684 62611 1
89 7998 7989 1
90 62686 62618 1
91 15800 15783 1
92 2070 2066 1
93 7968 7960 1
94 4091 4087 1
95 15752 15737 1
96 62687 62629 1
97 2143 2060 1
98 31405 31356 1
99 15764 15750 1
100 62682 62627 0
101 62653 62602 0
102 31431 31412 0
103 31430 31442 0
104 15 23 0
105 4010 4007 0
106 31379 31357 0
107 62685 62645 0
108 62661 62624 0
109 8002 8000 0
110 15807 15798 1
111 15821 15812 1
112 62635 62601 0
113 31419 31402 0
114 125163 125101 0
115 2081 2080 0
116 62666 62636 0
117 125191 125134 0
118 62642 62614 0
119 125158 125103 0
120 31390 31377 0
121 125151 125101 0
122 62667 62642 0
123 125153 125107 0
124 62635 62612 0
125 62666 62643 0
126 62629 62607 0
127 62640 62618 0
128 62667 62645 0
129 31378 31367 0
130 31402 31393 0
131 7974 7973 0
132 15787 15787 0
133 4043 4043 0
134 15823 15823 0
135 2136 2136 1
136 7953 7954 1
137 15818 15820 0
138 7918 7920 0
139 15743 15747 0
140 7959 7963 0
141 7951 7959 0
142 2139 2142 0
143 7987 8000 0
144 4078 4085 0
145 2088 2092 0
146 4049 4057 0
147 2072 2077 0
148 4077 4088 0
149 4061 4073 0
150 2073 2081 0
151 4020 4036 0
152 2055 2067 0
153 2112 2127 0
154 2109 2124 0
155 65 68 0
156 83 87 0
157 85 91 0
158 44 51 0
159 49 63 0
160 12 22 0
161 2 10 0
162 31421 31427 0
163 125140 125160 0
164 31386 31448 0
165 125169 125146 0
166 31429 31429 0
167 31413 31426 0
168 31389 31406 0
169 31361 31405 0
170 31388 31417 0
171 125196 125188 0
172 125105 125188 0
173 31360 31395 0
174 31381 31409 0
175 125171 125156 0
176 31374 31425 0
177 125133 125198 0
178 31372 31418 0
179 31396 31405 0
180 125152 125120 0
181 31427 31449 0
182 125153 125150 0
183 31351 31432 0
184 31378 31447 0
185 31413 31448 0
186 31355 31418 0
187 31368 31397 0
188 31381 31422 0
189 31388 31408 0
190 125119 125124 0
191 31356 31424 0
192 31417 31434 0
193 31360 31425 0
194 125104 125188 0
195 125199 125160 0
196 125103 125114 0
197 62641 62673 0
198 31351 31384 0
199 125169 125132 0
200 125170 125147 0
201 125172 125157 0
202 125126 125109 0
203 15736 15775 0
204 125108 125135 0
205 125100 125101 0
206 125150 125129 0
207 125181 125178 0
208 125184 125141 0
209 15728 15740 0
210 15802 15819 0
211 15749 15817 0
212 125115 125198 0
213 15727 15742 0
214 125183 125163 0
215 125144 125165 0
216 125136 125182 0
217 125104 125194 0
218 125146 125103 0
219 15752 15775 0
220 250192 250178 0
221 250102 250113 0
222 250194 250168 0
223 250176 250161 0
224 250177 250123 0
225 250135 250103 0
226 62629 62621 0
227 250155 250146 0
228 250125 250158 0
229 125135 125166 0
230 250136 250168 0
231 250147 250144 0
232 15771 15795 0
233 62627 62612 0
234 250183 250108 0
235 250124 250135 0
236 250168 250115 0
237 15731 15781 0
238 62651 62694 0
239 250163 250140 0
240 250191 250161 0
241 7962 7995 0
242 125132 125130 0
243 250150 250128 0
244 250186 250186 0
245 250147 250155 0
246 250143 250101 0
247 62665 62670 0
248 250153 250133 0
249 250142 250199 0
250 7969 7987 0
251 250104 250146 0
252 250128 250113 0
253 250138 250170 0
254 250187 250187 0
255 250170 250189 0
256 250192 250148 0
257 250187 250111 0
258 7927 7951 0
259 7920 7942 0
260 62606 62692 0
261 250177 250195 0
262 7940 7963 0
263 125189 125190 0
264 7978 7999 0
265 250200 250159 0
266 62637 62676 0
267 250174 250124 0
268 7968 7987 0
269 250197 250124 0
270 250120 250125 0
271 250122 250190 0
272 250116 250195 0
273 250114 250144 0
274 7968 8007 0
275 250168 250110 0
276 250138 250164 0
277 62689 62673 0
278 125169 125163 0
279 250179 250104 0
280 250122 250113 0
281 500176 500118 0
282 500185 500132 0
283 500135 500139 0
284 500177 500166 0
285 500151 500185 0
286 500120 500193 0
287 500140 500156 0
288 500126 500150 0
289 500131 500154 0
290 500132 500160 0
291 500188 500187 0
292 500190 500170 0
293 62635 62633 0
294 500106 500127 0
295 500158 500109 0
296 500196 500165 0
297 500131 500185 0
298 500140 500178 0
299 500172 500149 0
300 125157 125180 0
301 500166 500105 0
302 500144 500125 0
303 62694 62700 0
304 500108 500149 0
305 500122 500144 0
306 500161 500124 0
307 500180 500136 0
308 500177 500111 0
309 500156 500191 0
310 500135 500129 0
311 62602 62627 0
312 500137 500143 0
313 500115 500187 0
314 500136 500135 0
315 62624 62653 0
316 62647 62692 0
317 500122 500170 0
318 62666 62656 0
319 500196 500166 0
320 62639 62667 0
321 62643 62667 0
322 500105 500126 0
323 500153 500133 0
324 62623 62670 0
325 500160 500175 0
326 500188 500176 0
327 500173 500130 0
328 500181 500115 0
329 500184 500109 0
330 62646 62692 0
331 500128 500128 0
332 62627 62698 0
333 62622 62643 0
334 62618 62627 0
335 125197 125174 0
336 62626 62687 0
337 125119 125174 0
338 62611 62685 0
339 125127 125185 0
340 62642 62653 0
341 31389 31397 0
342 31378 31441 0
343 31376 31407 0
344 2089 2146 0
345 2103 2145 0
346 4055 4083 0
347 2093 2122 0
348 2065 2086 0
349 4029 4057 0
350 2069 2146 0
351 4038 4065 0
352 4031 4088 0
353 4045 4097 0
354 4024 4087 0
355 4044 4085 0
356 2093 2124 0
357 2073 2116 0
358 4071 4103 0
359 69 98 0
360 45 83 0
361 4020 4091 0
362 40 65 0
363 41 96 0
364 2075 2118 0
365 4020 4084 0
366 53 89 0
367 4043 4075 0
368 40 72 0
369 4076 4103 0
370 4030 4059 0
371 4048 4105 0
372 2113 2151 0
373 4076 4100 0
374 2065 2100 0
375 4021 4078 0
376 4019 4060 0
377 4 52 0
378 4042 4085 0
379 7921 7982 0
380 2068 2112 0
381 7917 7966 0
382 7917 7962 0
383 7930 8012 0
384 7949 7990 0
385 2 29 0
386 7919 8004 0
387 2060 2119 0
388 2059 2103 0
389 7950 8011 0
390 40 87 0
391 7928 7969 0
392 7941 8003 0
393 2121 2140 0
394 15727 15808 0
395 15737 15821 0
396 2 92 0
397 15726 15803 0
398 2062 2109 0
399 2060 2127 0
--------------
1000000 :c
1004009 :sum(p)
1000000 :sum(w)
