400 :n
id p,w,x
--------------
0 98 13 1
1 90 58 1
2 70 33 1
3 90 13 1
4 4083 4022 1
5 4096 4036 1
6 72 24 1
7 4097 4037 1
8 2094 2055 1
9 94 31 1
10 2100 2060 1
11 2140 2080 1
12 2126 2055 1
13 2129 2081 1
14 2141 2066 1
15 2106 2056 1
16 2132 2056 1
17 85 36 1
18 99 54 1
19 75 34 1
20 8008 7956 1
21 15811 15740 1
22 15811 15749 1
23 15821 15763 1
24 15792 15742 1
25 7987 7918 1
26 15805 15744 1
27 15803 15727 1
28 7970 7913 1
29 8002 7939 1
30 8002 7941 1
31 4052 4011 1
32 31434 31358 1
33 7985 7937 1
34 7982 7931 1
35 4066 4007 1
36 31438 31357 1
37 7986 7929 1
38 15811 15756 1
39 8011 7963 1
40 15805 15751 1
41 15789 15726 1
42 4060 4007 1
43 4088 4045 1
44 15805 15737 1
45 30 1 1
46 27 2 1
47 18 2 1
48 58 35 1
49 82 53 1
50 57 40 1
51 68 58 1
52 40 35 1
53 2143 2116 1
54 2124 2100 1
55 2088 2066 1
56 4082 4045 1
57 2121 2102 1
58 2100 2082 1
59 4066 4035 1
60 4094 4063 1
61 4061 4035 1
62 2095 2082 1
63 2092 2081 1
64 7994 7953 1
65 4059 4039 1
66 4073 4053 1
67 2153 2143 1
68 4053 4038 1
69 7978 7953 1
70 4090 4078 1
71 4063 4052 1
72 15801 15761 1
73 7962 7943 1
74 4029 4020 1
75 4057 4048 1
76 31442 31377 1
77 7971 7955 1
78 62674 62604 1
79 7955 7932 1
80 8008 7992 1
81 62691 62620 1
82 31437 31379 1
83 15760 15733 1
84 81 20 1
85 15767 15743 1
86 31425 31380 1
87 15759 15739 1
88 31421 31387 1
89 2063 2059 1
90 2147 2144 1
91 15746 15729 1
92 62668 62606 1
93 7999 7983 1
94 31415 31367 1
95 62665 62605 0
96 62695 62635 1
97 62700 62640 0
98 62695 62650 0
99 31445 31419 0
100 62690 62655 0
101 31418 31388 0
102 31443 31413 1
103 62680 62622 0
104 31437 31408 0
105 7953 7947 1
106 4087 4084 1
107 125194 125102 0
108 62 73 0
109 31386 31363 0
110 15797 15810 0
111 125190 125105 0
112 125194 125111 0
113 125198 125126 0
114 31379 31353 0
115 62666 62617 0
116 31416 31400 0
117 15790 15782 0
118 125188 125127 0
119 15741 15734 0
120 15797 15790 0
121 125177 125125 0
122 62690 62664 0
123 31434 31421 0
124 125168 125119 0
125 62635 62611 0
126 31396 31384 0
127 15810 15804 0
128 125150 125105 0
129 125190 125146 0
130 250192 250106 0
131 62672 62651 0
132 250187 250105 0
133 62628 62608 0
134 15822 15817 0
135 125184 125145 0
136 250179 250102 0
137 31370 31362 0
138 15762 15758 0
139 125188 125157 0
140 250173 250113 0
141 125154 125126 0
142 250192 250139 0
143 250176 250124 0
144 125197 125171 0
145 250179 250130 0
146 250152 250106 0
147 500198 500110 0
148 125126 125105 0
149 62651 62641 0
150 125131 125112 0
151 250163 250126 0
152 500187 500117 0
153 250156 250121 0
154 500191 500123 0
155 250156 250124 0
156 250177 250145 0
157 500178 500119 0
158 250198 250171 0
159 500180 500128 0
160 62644 62638 0
161 250154 250132 0
162 500151 500115 0
163 125110 125101 0
164 125199 125190 0
165 500170 500135 0
166 500171 500136 0
167 250156 250139 0
168 31405 31403 0
169 500186 500156 0
170 500136 500107 0
171 250124 250110 0
172 500146 500119 0
173 500191 500164 0
174 500192 500165 0
175 62607 62604 0
176 62656 62653 0
177 500153 500131 0
178 500194 500172 0
179 500197 500179 0
180 31387 31386 0
181 500185 500173 0
182 500147 500139 0
183 500158 500152 0
184 250113 250111 0
185 250178 250176 0
186 2142 2142 1
187 31376 31376 0
188 250157 250157 0
189 500190 500191 0
190 250196 250197 0
191 500134 500136 0
192 500197 500200 0
193 500147 500150 0
194 500113 500120 0
195 62640 62641 0
196 500163 500171 0
197 15803 15806 0
198 15767 15770 0
199 7928 7930 0
200 15777 15781 0
201 2107 2108 1
202 4080 4082 1
203 15741 15754 0
204 15750 15764 0
205 2095 2097 1
206 7998 8006 0
207 7998 8006 0
208 4018 4023 0
209 7962 7972 0
210 7969 7981 0
211 7974 7989 0
212 2125 2129 0
213 7963 7982 0
214 2077 2082 1
215 4058 4069 0
216 4012 4023 0
217 2098 2105 0
218 4070 4087 0
219 4059 4077 0
220 4051 4070 0
221 2117 2127 0
222 2068 2078 0
223 4044 4067 0
224 2120 2136 0
225 2110 2130 0
226 2092 2114 0
227 2068 2093 0
228 41 43 0
229 53 56 0
230 20 22 0
231 30 38 0
232 58 74 0
233 39 67 0
234 38 67 0
235 62646 62673 0
236 62631 62682 0
237 62609 62696 0
238 62602 62663 0
239 7955 7986 0
240 62612 62617 0
241 62602 62680 0
242 62615 62690 0
243 62602 62694 0
244 62675 62696 0
245 7948 7991 0
246 7931 7999 0
247 7913 7956 0
248 62614 62633 0
249 15751 15778 0
250 15774 15799 0
251 7943 7971 0
252 62657 62660 0
253 7932 7977 0
254 62641 62666 0
255 7950 8011 0
256 7941 7979 0
257 62618 62640 0
258 7931 7996 0
259 62608 62639 0
260 62617 62631 0
261 7948 7995 0
262 7967 7999 0
263 7927 7991 0
264 62625 62684 0
265 7926 7969 0
266 15757 15778 0
267 7971 8005 0
268 7922 8011 0
269 15763 15795 0
270 7975 8006 0
271 62618 62688 0
272 15738 15798 0
273 62605 62674 0
274 62646 62673 0
275 62620 62637 0
276 125112 125145 0
277 125122 125171 0
278 125102 125164 0
279 125148 125195 0
280 4048 4080 0
281 125109 125187 0
282 62601 62673 0
283 4037 4106 0
284 125116 125158 0
285 31360 31371 0
286 4009 4106 0
287 125119 125146 0
288 125181 125190 0
289 4028 4099 0
290 4010 4048 0
291 4028 4063 0
292 125193 125196 0
293 31370 31422 0
294 125162 125166 0
295 4010 4100 0
296 15731 15822 0
297 125136 125142 0
298 4029 4057 0
299 125129 125168 0
300 4018 4072 0
301 15727 15763 0
302 31358 31367 0
303 31371 31409 0
304 125153 125157 0
305 31399 31423 0
306 125119 125124 0
307 4018 4069 0
308 125102 125199 0
309 125111 125167 0
310 125120 125172 0
311 125110 125156 0
312 4020 4064 0
313 4073 4104 0
314 125122 125155 0
315 125141 125193 0
316 4007 4064 0
317 125167 125174 0
318 125123 125197 0
319 2064 2131 0
320 125107 125163 0
321 250119 250184 0
322 250142 250165 0
323 2105 2136 0
324 250108 250123 0
325 31377 31382 0
326 2081 2145 0
327 250150 250183 0
328 2110 2139 0
329 250123 250189 0
330 250118 250166 0
331 15742 15794 0
332 31352 31400 0
333 2069 2123 0
334 250115 250190 0
335 2088 2150 0
336 15728 15794 0
337 250160 250181 0
338 2090 2146 0
339 250135 250175 0
340 2063 2143 0
341 15739 15821 0
342 250129 250150 0
343 15766 15813 0
344 250165 250195 0
345 2089 2136 0
346 2056 2118 0
347 250145 250169 0
348 31387 31426 0
349 250121 250130 0
350 250140 250164 0
351 31423 31435 0
352 250164 250195 0
353 31366 31404 0
354 250115 250176 0
355 250101 250130 0
356 15786 15818 0
357 250135 250178 0
358 15731 15779 0
359 250179 250185 0
360 250127 250185 0
361 22 80 0
362 500126 500192 0
363 31373 31409 0
364 31354 31387 0
365 12 91 0
366 500101 500132 0
367 6 79 0
368 18 52 0
369 500125 500134 0
370 500109 500130 0
371 500137 500197 0
372 31361 31373 0
373 31407 31443 0
374 31364 31450 0
375 21 83 0
376 500177 500190 0
377 500127 500169 0
378 500145 500173 0
379 500132 500170 0
380 31354 31376 0
381 12 74 0
382 17 86 0
383 500134 500189 0
384 500136 500165 0
385 2 41 0
386 500107 500175 0
387 500147 500167 0
388 31408 31416 0
389 500121 500177 0
390 47 86 0
391 17 100 0
392 21 99 0
393 500130 500189 0
394 31387 31408 0
395 4 49 0
396 8 45 0
397 12 47 0
398 31394 31440 0
399 31356 31362 0
--------------
1000000 :c
1004007 :sum(p)
1000000 :sum(w)
