400 :n
id p,w,x
--------------
0 81 9 1
1 82 15 1
2 97 73 1
3 4060 4015 1
4 92 30 1
5 4089 4039 1
6 100 51 1
7 2134 2065 1
8 88 47 1
9 73 25 1
10 100 55 1
11 2082 2063 1
12 4083 4011 1
13 4101 4008 1
14 2139 2067 1
15 74 5 1
16 4100 4010 1
17 2115 2072 1
18 4106 4049 1
19 2115 2093 1
20 2140 2074 1
21 69 1 1
22 4070 4009 1
23 2124 2092 1
24 97 44 1
25 4055 4020 1
26 2084 2061 1
27 63 12 1
28 4065 4007 1
29 2130 2055 1
30 2151 2080 1
31 2124 2056 1
32 91 6 1
33 63 20 1
34 2132 2111 1
35 2108 2062 1
36 4086 4063 1
37 15817 15729 1
38 31443 31351 1
39 4100 4067 1
40 15791 15727 1
41 31445 31396 1
42 7960 7936 1
43 7947 7918 1
44 31443 31365 1
45 15819 15787 1
46 31416 31352 1
47 7973 7913 1
48 31450 31356 1
49 15808 15773 1
50 7945 7916 1
51 7987 7921 1
52 8001 7943 1
53 15777 15740 1
54 7988 7942 1
55 7987 7926 1
56 15810 15756 1
57 8000 7975 1
58 7977 7917 1
59 31449 31355 1
60 15822 15749 1
61 7963 7933 1
62 4053 4019 1
63 31408 31360 1
64 31421 31368 1
65 74 64 1
66 63 55 1
67 39 38 0
68 2101 2083 1
69 2074 2062 1
70 4086 4066 1
71 4105 4086 1
72 4083 4065 1
73 4042 4025 1
74 4056 4039 1
75 2081 2073 1
76 4078 4065 1
77 2072 2066 1
78 7943 7921 1
79 4045 4034 1
80 7982 7962 1
81 4041 4031 1
82 7943 7924 1
83 7987 7971 1
84 15806 15775 1
85 15825 15795 1
86 2109 2106 0
87 7976 7965 1
88 31442 31400 1
89 15759 15738 1
90 7963 7953 1
91 31420 31384 1
92 15813 15795 1
93 7923 7914 1
94 31435 31400 1
95 15779 15762 1
96 15819 15802 1
97 15821 15804 1
98 15786 15770 1
99 71 25 1
100 62695 62615 1
101 15757 15739 1
102 62680 62617 0
103 31420 31390 1
104 31447 31417 1
105 62700 62682 0
106 15821 15820 0
107 7 14 0
108 62661 62602 0
109 62689 62635 0
110 15781 15769 0
111 15782 15770 0
112 31409 31387 0
113 15794 15783 0
114 15809 15798 1
115 62693 62654 0
116 62640 62602 0
117 15770 15763 0
118 15756 15750 0
119 15748 15747 0
120 7929 7929 0
121 4040 4040 0
122 7995 7996 0
123 4060 4061 0
124 7975 7977 0
125 2119 2120 0
126 2113 2114 0
127 2101 2102 1
128 4044 4048 0
129 4088 4094 0
130 4068 4074 0
131 2106 2110 0
132 2061 2068 0
133 2142 2151 0
134 66 68 0
135 68 74 0
136 31 35 0
137 44 54 0
138 125164 125101 0
139 62689 62659 0
140 125192 125133 0
141 62692 62660 0
142 62635 62602 0
143 125166 125103 0
144 125185 125123 0
145 62678 62643 0
146 125181 125108 0
147 62622 62602 0
148 125169 125127 0
149 62639 62690 0
150 62601 62699 0
151 62605 62633 0
152 62665 62675 0
153 62612 62644 0
154 62616 62694 0
155 62632 62640 0
156 62680 62675 0
157 125100 125195 0
158 62605 62671 0
159 125166 125183 0
160 125113 125151 0
161 31401 31427 0
162 125122 125184 0
163 31382 31433 0
164 125157 125144 0
165 31405 31428 0
166 31409 31449 0
167 31419 31437 0
168 31371 31387 0
169 31416 31449 0
170 125130 125148 0
171 31406 31447 0
172 31400 31400 0
173 125125 125199 0
174 31382 31385 0
175 31428 31435 0
176 31411 31416 0
177 31354 31385 0
178 31359 31370 0
179 125105 125133 0
180 31354 31377 0
181 125144 125158 0
182 125130 125103 0
183 31352 31401 0
184 31369 31410 0
185 125123 125105 0
186 125179 125196 0
187 125111 125161 0
188 125165 125189 0
189 125132 125125 0
190 125147 125180 0
191 31377 31396 0
192 125196 125196 0
193 31379 31372 0
194 31398 31434 0
195 31393 31409 0
196 125171 125164 0
197 31401 31442 0
198 125165 125191 0
199 125144 125147 0
200 125123 125126 0
201 125154 125124 0
202 125101 125148 0
203 125120 125149 0
204 15792 15804 0
205 125142 125185 0
206 125100 125180 0
207 125138 125164 0
208 125184 125151 0
209 125131 125184 0
210 15733 15754 0
211 15818 15821 0
212 125157 125196 0
213 125155 125139 0
214 125129 125127 0
215 250133 250150 0
216 15735 15739 0
217 250173 250171 0
218 250128 250102 0
219 250157 250174 0
220 15782 15798 0
221 250104 250198 0
222 15734 15750 0
223 250176 250161 0
224 62642 62625 0
225 250152 250166 0
226 250196 250140 0
227 250190 250182 0
228 250167 250144 0
229 250139 250198 0
230 250197 250190 0
231 250198 250152 0
232 250147 250125 0
233 250137 250189 0
234 15808 15821 0
235 62659 62652 0
236 250184 250164 0
237 250127 250189 0
238 15758 15773 0
239 250182 250173 0
240 250195 250170 0
241 250182 250127 0
242 62612 62626 0
243 250167 250102 0
244 250120 250148 0
245 250185 250146 0
246 250162 250149 0
247 250151 250187 0
248 250162 250106 0
249 250109 250111 0
250 250114 250111 0
251 250171 250177 0
252 250153 250178 0
253 250181 250167 0
254 250196 250145 0
255 62677 62670 0
256 250167 250193 0
257 250119 250160 0
258 250136 250134 0
259 62612 62665 0
260 7958 7971 0
261 7994 8007 0
262 250137 250141 0
263 250183 250168 0
264 250107 250133 0
265 250141 250141 0
266 500121 500108 0
267 500181 500149 0
268 500162 500144 0
269 500171 500120 0
270 62633 62661 0
271 500139 500131 0
272 500179 500183 0
273 500180 500172 0
274 500177 500167 0
275 62604 62635 0
276 7971 7980 0
277 500173 500115 0
278 500178 500123 0
279 62623 62652 0
280 500103 500171 0
281 500128 500191 0
282 500186 500180 0
283 500160 500128 0
284 500188 500194 0
285 500146 500195 0
286 500155 500130 0
287 62615 62635 0
288 500160 500128 0
289 500106 500125 0
290 500169 500148 0
291 500167 500127 0
292 62614 62667 0
293 500147 500151 0
294 500113 500122 0
295 62611 62601 0
296 500110 500132 0
297 500182 500110 0
298 500161 500102 0
299 500182 500180 0
300 500180 500146 0
301 500151 500107 0
302 500179 500148 0
303 62682 62695 0
304 500163 500178 0
305 500105 500169 0
306 500136 500152 0
307 500171 500151 0
308 500198 500158 0
309 500158 500178 0
310 500122 500160 0
311 62601 62616 0
312 500194 500136 0
313 500162 500101 0
314 500170 500145 0
315 62603 62686 0
316 62639 62693 0
317 250181 250106 0
318 62657 62628 0
319 62666 62647 0
320 125180 125137 0
321 62687 62662 0
322 125147 125105 0
323 62690 62660 0
324 2123 2147 0
325 4024 4098 0
326 2066 2088 0
327 4012 4105 0
328 4035 4072 0
329 2086 2117 0
330 4041 4105 0
331 4039 4097 0
332 2067 2140 0
333 4022 4071 0
334 2087 2145 0
335 4078 4089 0
336 2086 2146 0
337 7932 7984 0
338 7916 7982 0
339 2076 2100 0
340 4033 4083 0
341 4086 4101 0
342 7926 8001 0
343 2078 2119 0
344 4029 4100 0
345 7987 8002 0
346 7933 7974 0
347 2118 2147 0
348 7922 7949 0
349 7973 7988 0
350 7980 8012 0
351 2099 2145 0
352 2057 2139 0
353 2079 2129 0
354 2078 2089 0
355 2076 2145 0
356 7940 7986 0
357 2077 2098 0
358 7929 7990 0
359 5 43 0
360 7913 7964 0
361 7933 8008 0
362 37 76 0
363 7968 8003 0
364 37 53 0
365 10 87 0
366 6 87 0
367 7951 7980 0
368 7914 7948 0
369 4037 4054 0
370 9 22 0
371 21 97 0
372 7984 7998 0
373 15763 15821 0
374 45 92 0
375 15758 15792 0
376 15761 15804 0
377 2094 2108 0
378 15734 15823 0
379 15731 15787 0
380 15780 15810 0
381 15735 15816 0
382 18 49 0
383 47 85 0
384 15763 15790 0
385 4 73 0
386 31384 31449 0
387 6 87 0
388 52 73 0
389 10 81 0
390 20 38 0
391 31359 31440 0
392 4064 4090 0
393 31355 31431 0
394 31389 31448 0
395 20 100 0
396 22 92 0
397 4027 4084 0
398 4057 4066 0
399 4013 4094 0
--------------
1000000 :c
1004286 :sum(p)
1000000 :sum(w)
