400 :n
id p,w,x
--------------
0 77 7 1
1 86 7 1
2 4093 4049 1
3 4071 4021 1
4 4101 4023 1
5 88 46 1
6 4078 4029 1
7 4106 4066 1
8 4080 4039 1
9 2149 2070 1
10 2107 2064 1
11 2127 2100 1
12 2105 2085 1
13 2091 2072 1
14 63 37 1
15 2095 2065 1
16 2096 2068 1
17 2146 2076 1
18 2141 2056 1
19 2137 2088 1
20 2141 2055 1
21 2105 2059 1
22 2150 2060 1
23 2100 2056 1
24 80 45 1
25 25 10 1
26 67 42 1
27 82 51 1
28 67 30 1
29 62 23 1
30 99 39 1
31 97 26 1
32 40 16 1
33 84 36 1
34 21 14 1
35 36 27 1
36 45 41 1
37 88 84 1
38 2130 2111 1
39 2145 2127 1
40 8007 7941 1
41 2081 2064 1
42 4064 4031 1
43 4066 4034 1
44 8003 7941 1
45 7986 7928 1
46 4050 4021 1
47 7976 7919 1
48 7990 7934 1
49 4042 4014 1
50 2100 2086 1
51 2108 2094 1
52 7994 7942 1
53 8002 7950 1
54 4053 4027 1
55 2100 2087 1
56 4079 4058 1
57 4044 4026 1
58 7991 7964 1
59 2114 2107 1
60 2153 2146 1
61 8008 7982 1
62 4100 4087 1
63 7947 7922 1
64 15815 15766 1
65 8005 7981 1
66 15811 15766 1
67 31449 31364 1
68 31446 31362 1
69 7982 7961 1
70 8002 7981 1
71 15767 15727 1
72 31445 31375 1
73 4057 4048 1
74 15811 15776 1
75 15802 15771 1
76 7979 7964 1
77 31448 31394 1
78 31423 31370 1
79 15823 15798 1
80 62695 62602 1
81 2066 2063 1
82 31430 31386 1
83 31431 31389 1
84 62685 62608 1
85 62689 62612 1
86 31442 31404 1
87 31442 31404 1
88 31416 31381 1
89 31402 31373 1
90 62684 62627 1
91 15790 15776 1
92 71 52 1
93 31399 31370 0
94 7944 7920 1
95 15802 15788 0
96 7968 7961 1
97 15778 15765 1
98 15813 15823 0
99 62686 62636 0
100 62660 62609 0
101 15795 15783 1
102 8003 8001 1
103 15749 15792 0
104 15808 15796 0
105 7948 7942 1
106 4059 4056 1
107 2128 2137 0
108 4069 4066 1
109 62657 62611 0
110 62692 62651 0
111 62694 62653 0
112 31442 31422 0
113 7919 7914 0
114 31418 31399 0
115 31445 31427 0
116 15804 15795 0
117 62685 62652 0
118 15735 15727 0
119 62676 62645 0
120 62684 62654 0
121 31450 31437 0
122 31437 31425 0
123 15749 15743 0
124 7927 7924 0
125 31435 31426 0
126 31422 31414 0
127 15755 15751 0
128 15805 15802 0
129 15769 15767 0
130 15754 15753 0
131 15740 15740 0
132 4090 4090 0
133 4050 4051 0
134 8003 8006 0
135 4091 4093 0
136 4014 4017 0
137 7972 7979 0
138 7971 7978 0
139 7948 7955 0
140 7939 7947 0
141 8003 8012 0
142 2097 2100 1
143 4062 4068 0
144 4084 4091 0
145 4011 4021 0
146 2092 2101 0
147 2062 2074 0
148 2127 2140 0
149 2089 2102 0
150 2076 2089 0
151 58 60 0
152 37 44 0
153 71 85 0
154 80 98 0
155 61 76 0
156 7 9 0
157 21 33 0
158 14 32 0
159 3 12 0
160 1 15 0
161 62644 62625 0
162 250159 250114 0
163 125137 125126 0
164 500166 500127 0
165 62694 62687 0
166 125172 125107 0
167 500184 500117 0
168 250196 250156 0
169 250177 250114 0
170 125173 125157 0
171 125146 125136 0
172 125131 125115 0
173 250152 250106 0
174 250195 250165 0
175 125185 125119 0
176 250162 250110 0
177 125168 125109 0
178 125174 125106 0
179 125174 125103 0
180 125181 125171 0
181 250177 250117 0
182 125133 125123 0
183 500130 500146 0
184 500122 500144 0
185 500198 500164 0
186 62673 62671 0
187 500170 500166 0
188 62629 62632 0
189 500132 500104 0
190 62625 62628 0
191 125103 125103 0
192 500131 500137 0
193 500135 500144 0
194 500168 500174 0
195 500134 500136 0
196 500178 500164 0
197 125140 125137 0
198 500171 500190 0
199 125171 125169 0
200 125112 125112 0
201 125148 125145 0
202 500120 500108 0
203 500182 500187 0
204 125161 125160 0
205 125122 125121 0
206 250165 250161 0
207 250194 250190 0
208 250124 250131 0
209 500135 500112 0
210 500162 500186 0
211 500104 500114 0
212 250148 250152 0
213 250132 250131 0
214 250172 250177 0
215 500149 500148 0
216 250173 250170 0
217 250164 250177 0
218 250110 250121 0
219 500150 500130 0
220 250173 250168 0
221 500169 500149 0
222 250150 250159 0
223 500190 500182 0
224 500154 500142 0
225 500173 500176 0
226 250198 250184 0
227 500200 500189 0
228 250101 250106 0
229 62620 62617 0
230 500151 500136 0
231 500185 500169 0
232 31428 31426 0
233 500195 500170 0
234 125184 125135 0
235 125122 125112 0
236 62609 62603 0
237 500191 500117 0
238 62625 62603 0
239 250163 250136 0
240 62682 62664 0
241 125175 125154 0
242 62650 62623 0
243 62683 62669 0
244 125182 125116 0
245 500199 500115 0
246 250137 250116 0
247 125177 125123 0
248 125144 125131 0
249 125175 125114 0
250 250182 250151 0
251 250170 250137 0
252 250174 250124 0
253 500187 500111 0
254 250128 250109 0
255 62687 62670 0
256 62673 62657 0
257 125123 125109 0
258 500166 500123 0
259 125171 125129 0
260 250147 250103 0
261 500187 500122 0
262 15762 15785 0
263 7958 8010 0
264 15760 15772 0
265 15780 15788 0
266 500159 500186 0
267 31359 31371 0
268 31391 31420 0
269 31406 31408 0
270 31418 31438 0
271 15732 15803 0
272 7954 7986 0
273 31375 31426 0
274 31380 31444 0
275 7915 7947 0
276 31355 31367 0
277 7971 8004 0
278 31384 31394 0
279 31402 31442 0
280 4027 4066 0
281 4011 4102 0
282 31389 31421 0
283 4038 4105 0
284 31357 31410 0
285 15738 15770 0
286 31421 31438 0
287 7958 7972 0
288 4042 4075 0
289 7914 8012 0
290 4015 4058 0
291 31447 31449 0
292 4030 4076 0
293 4025 4106 0
294 4041 4085 0
295 31362 31376 0
296 31411 31427 0
297 31423 31425 0
298 31371 31422 0
299 4024 4076 0
300 4028 4106 0
301 7955 7995 0
302 4068 4094 0
303 31389 31427 0
304 31355 31395 0
305 31371 31428 0
306 62649 62682 0
307 4034 4056 0
308 4063 4092 0
309 62614 62698 0
310 4017 4088 0
311 15788 15808 0
312 62643 62694 0
313 4029 4074 0
314 62628 62686 0
315 62628 62667 0
316 15738 15750 0
317 62633 62687 0
318 4017 4062 0
319 7920 7978 0
320 2066 2124 0
321 2095 2153 0
322 7913 7984 0
323 62626 62677 0
324 62629 62633 0
325 62640 62697 0
326 15767 15805 0
327 2063 2122 0
328 62660 62700 0
329 62656 62694 0
330 15727 15754 0
331 7981 7996 0
332 2072 2116 0
333 7926 7979 0
334 62639 62661 0
335 62620 62636 0
336 62601 62623 0
337 62642 62696 0
338 125162 125183 0
339 125103 125159 0
340 125138 125145 0
341 125137 125152 0
342 125113 125199 0
343 2064 2122 0
344 125141 125165 0
345 2091 2150 0
346 125145 125168 0
347 2084 2120 0
348 125100 125142 0
349 125130 125168 0
350 125182 125195 0
351 125137 125177 0
352 2061 2087 0
353 125127 125194 0
354 2116 2141 0
355 125111 125152 0
356 2081 2108 0
357 250159 250190 0
358 15733 15770 0
359 13 88 0
360 15761 15802 0
361 250105 250184 0
362 38 99 0
363 250113 250148 0
364 250130 250197 0
365 7926 7965 0
366 15773 15825 0
367 7936 7967 0
368 32 71 0
369 250149 250178 0
370 250151 250198 0
371 7980 8009 0
372 250108 250139 0
373 27 80 0
374 8 34 0
375 9 67 0
376 250115 250157 0
377 15784 15818 0
378 15730 15806 0
379 29 85 0
380 4 45 0
381 30 51 0
382 250117 250157 0
383 250133 250188 0
384 44 75 0
385 15728 15768 0
386 25 78 0
387 15764 15817 0
388 15745 15760 0
389 250134 250181 0
390 250118 250158 0
391 250162 250193 0
392 500107 500145 0
393 500117 500199 0
394 500110 500199 0
395 500116 500197 0
396 500139 500168 0
397 500114 500175 0
398 15757 15786 0
399 15762 15797 0
--------------
1000000 :c
1003728 :sum(p)
1000000 :sum(w)
