400 :n
id p,w,x
--------------
0 93 5 1
1 94 36 1
2 15809 15730 1
3 89 15 1
4 7963 7914 1
5 7965 7916 1
6 8001 7932 1
7 7961 7914 1
8 7998 7941 1
9 7977 7916 1
10 4088 4039 1
11 29 7 1
12 4100 4052 1
13 4048 4008 1
14 4050 4020 1
15 4050 4026 1
16 73 21 1
17 86 61 1
18 100 25 1
19 4068 4028 1
20 4099 4035 1
21 91 25 1
22 4105 4019 1
23 4087 4019 1
24 4084 4050 1
25 4091 4031 1
26 94 12 1
27 4105 4074 1
28 85 43 1
29 4104 4022 1
30 4074 4015 1
31 66 31 1
32 4087 4026 1
33 4066 4037 1
34 2129 2094 1
35 84 53 1
36 2089 2062 1
37 2149 2085 1
38 2145 2123 1
39 2119 2079 1
40 2132 2076 1
41 2124 2069 1
42 2107 2067 1
43 2148 2070 1
44 2108 2091 1
45 2141 2104 1
46 2141 2125 1
47 2140 2107 1
48 2138 2120 1
49 97 80 1
50 77 37 1
51 85 52 1
52 2149 2133 1
53 31419 31354 1
54 31444 31383 1
55 31436 31378 1
56 31426 31376 1
57 15797 15733 1
58 15772 15739 1
59 7945 7922 1
60 15819 15762 1
61 15823 15752 1
62 15782 15732 1
63 31442 31369 1
64 8004 7968 1
65 7998 7965 1
66 7946 7917 1
67 15819 15773 1
68 31423 31358 1
69 31443 31364 1
70 15808 15758 1
71 43 34 1
72 42 37 1
73 59 57 1
74 2131 2121 1
75 4105 4092 1
76 4097 4085 1
77 2070 2065 1
78 8005 7987 1
79 4028 4019 1
80 4042 4034 1
81 4073 4066 1
82 15812 15788 1
83 2142 2139 1
84 31438 31396 1
85 15792 15771 1
86 31421 31381 1
87 15773 15753 1
88 8003 7993 1
89 4071 4066 1
90 15790 15771 1
91 62685 62610 1
92 31434 31398 1
93 7995 7986 1
94 62681 62613 1
95 62678 62618 1
96 51 23 1
97 31392 31355 1
98 15758 15740 1
99 15754 15739 0
100 31437 31408 0
101 15756 15745 1
102 31450 31440 0
103 15821 15812 0
104 15741 15819 0
105 62694 62638 0
106 62681 62626 0
107 62686 62631 0
108 15800 15787 0
109 62668 62622 0
110 31403 31383 0
111 31429 31409 0
112 7942 7937 1
113 125180 125103 0
114 31382 31363 0
115 31448 31430 0
116 15788 15780 0
117 15748 15742 0
118 15817 15811 0
119 7967 7964 0
120 15752 15748 0
121 7960 7958 0
122 4008 4007 1
123 4039 4038 1
124 2137 2139 0
125 2083 2085 0
126 2065 2068 0
127 4027 4034 0
128 2115 2119 0
129 65 70 0
130 85 94 0
131 68 76 0
132 36 44 0
133 4 14 0
134 500130 500134 0
135 62641 62614 0
136 125149 125143 0
137 62689 62661 0
138 500165 500122 0
139 62651 62625 0
140 62689 62658 0
141 500172 500190 0
142 125120 125112 0
143 500176 500134 0
144 62663 62663 0
145 500141 500144 0
146 500175 500194 0
147 125189 125169 0
148 500117 500116 0
149 62630 62613 0
150 500136 500116 0
151 500200 500193 0
152 125120 125107 0
153 125126 125100 0
154 500184 500185 0
155 500154 500172 0
156 125157 125144 0
157 62655 62633 0
158 500183 500154 0
159 500152 500172 0
160 500176 500168 0
161 31384 31373 0
162 500115 500112 0
163 31401 31397 0
164 125173 125127 0
165 125158 125133 0
166 125181 125174 0
167 125153 125109 0
168 31416 31416 0
169 250177 250101 0
170 250183 250129 0
171 250195 250134 0
172 125195 125130 0
173 125141 125117 0
174 250193 250152 0
175 31357 31352 0
176 31402 31398 0
177 31368 31367 0
178 125113 125112 0
179 125185 125145 0
180 500197 500186 0
181 500196 500151 0
182 31384 31370 0
183 250129 250104 0
184 31433 31418 0
185 125190 125153 0
186 125157 125120 0
187 500199 500101 0
188 250136 250111 0
189 250141 250134 0
190 250190 250147 0
191 250193 250178 0
192 250185 250161 0
193 250196 250168 0
194 250171 250111 0
195 250194 250166 0
196 250177 250191 0
197 31421 31416 0
198 250148 250153 0
199 250151 250143 0
200 250151 250155 0
201 125184 125138 0
202 250166 250142 0
203 250154 250129 0
204 125188 125185 0
205 500128 500142 0
206 250193 250180 0
207 500178 500138 0
208 250171 250158 0
209 250151 250146 0
210 250122 250117 0
211 250190 250121 0
212 250166 250114 0
213 250162 250142 0
214 250185 250147 0
215 500183 500183 0
216 500149 500143 0
217 500148 500143 0
218 500200 500123 0
219 500179 500199 0
220 62684 62679 0
221 500196 500183 0
222 500157 500167 0
223 500172 500197 0
224 62685 62688 0
225 125186 125128 0
226 500166 500136 0
227 500139 500168 0
228 31362 31411 0
229 15781 15788 0
230 15804 15816 0
231 15732 15734 0
232 15762 15799 0
233 15774 15785 0
234 31352 31412 0
235 31429 31447 0
236 31355 31421 0
237 31363 31425 0
238 15794 15799 0
239 7950 7995 0
240 31420 31429 0
241 31357 31395 0
242 7942 7951 0
243 8003 8008 0
244 31359 31442 0
245 31367 31394 0
246 7925 7968 0
247 31351 31403 0
248 31353 31409 0
249 7918 7974 0
250 7916 7930 0
251 7988 8002 0
252 7998 8010 0
253 31422 31447 0
254 31441 31444 0
255 7913 7917 0
256 7951 8008 0
257 31431 31438 0
258 7918 7980 0
259 62616 62633 0
260 7976 7981 0
261 7947 7982 0
262 62627 62655 0
263 7959 7984 0
264 7976 8001 0
265 7916 7968 0
266 62603 62672 0
267 7915 7926 0
268 7930 8010 0
269 7922 7938 0
270 7938 7956 0
271 8001 8006 0
272 62630 62642 0
273 62603 62637 0
274 7980 8006 0
275 7925 7989 0
276 7951 7997 0
277 62652 62669 0
278 62645 62665 0
279 4023 4086 0
280 4054 4085 0
281 4028 4044 0
282 4096 4104 0
283 62603 62628 0
284 62625 62690 0
285 4055 4091 0
286 62671 62679 0
287 4067 4100 0
288 62607 62673 0
289 62645 62656 0
290 4053 4105 0
291 62648 62700 0
292 62601 62668 0
293 62661 62678 0
294 4042 4059 0
295 15741 15779 0
296 62666 62693 0
297 62637 62653 0
298 62612 62694 0
299 62602 62637 0
300 4048 4060 0
301 62630 62684 0
302 4024 4081 0
303 62623 62637 0
304 62648 62685 0
305 4051 4081 0
306 62618 62651 0
307 62644 62652 0
308 4022 4058 0
309 125142 125164 0
310 4024 4074 0
311 125108 125135 0
312 125139 125177 0
313 4073 4102 0
314 125152 125176 0
315 125105 125190 0
316 125125 125187 0
317 4017 4064 0
318 125106 125185 0
319 125157 125171 0
320 125125 125166 0
321 2074 2142 0
322 2099 2125 0
323 125128 125151 0
324 2094 2111 0
325 2105 2133 0
326 2083 2111 0
327 2065 2076 0
328 125125 125186 0
329 125165 125175 0
330 2085 2094 0
331 125156 125181 0
332 2061 2144 0
333 2118 2144 0
334 125167 125199 0
335 2074 2128 0
336 15773 15783 0
337 125103 125193 0
338 2068 2095 0
339 125118 125134 0
340 125134 125177 0
341 2094 2125 0
342 125122 125154 0
343 2110 2120 0
344 2086 2151 0
345 125144 125194 0
346 2070 2080 0
347 15747 15818 0
348 125130 125184 0
349 2139 2150 0
350 15736 15782 0
351 15730 15816 0
352 250111 250191 0
353 250112 250149 0
354 250106 250178 0
355 250171 250188 0
356 2070 2130 0
357 2096 2150 0
358 250134 250159 0
359 15760 15812 0
360 250152 250171 0
361 2 73 0
362 32 74 0
363 250119 250169 0
364 250172 250191 0
365 42 63 0
366 20 51 0
367 250102 250148 0
368 46 64 0
369 250131 250171 0
370 250112 250153 0
371 65 83 0
372 250119 250149 0
373 250128 250192 0
374 51 70 0
375 500125 500157 0
376 49 94 0
377 500117 500193 0
378 500150 500200 0
379 60 92 0
380 500107 500172 0
381 27 63 0
382 500103 500132 0
383 15726 15816 0
384 15772 15799 0
385 10 44 0
386 25 57 0
387 8 65 0
388 500149 500200 0
389 500111 500197 0
390 33 50 0
391 500112 500145 0
392 15729 15749 0
393 19 97 0
394 500149 500194 0
395 35 78 0
396 15729 15794 0
397 500136 500173 0
398 15780 15813 0
399 15750 15753 0
--------------
1000000 :c
1004084 :sum(p)
1000000 :sum(w)
