400 :n
id p,w,x
--------------
0 4073 4046 1
1 4059 4044 1
2 89 52 1
3 58 10 1
4 2106 2061 1
5 78 54 1
6 28 3 1
7 2151 2109 1
8 29 13 1
9 8008 7919 1
10 15806 15746 1
11 7985 7954 1
12 15824 15761 1
13 7993 7965 1
14 7992 7953 1
15 7992 7917 1
16 15815 15730 1
17 2146 2129 1
18 15806 15756 1
19 8005 7966 1
20 15782 15734 1
21 15821 15755 1
22 2134 2073 1
23 74 31 1
24 15798 15740 1
25 67 4 1
26 52 2 1
27 99 59 1
28 8008 7953 1
29 7954 7921 1
30 56 11 1
31 97 83 1
32 8002 7972 1
33 7989 7943 1
34 2106 2084 1
35 7990 7915 1
36 4044 4018 1
37 2145 2113 1
38 4091 4066 1
39 85 24 1
40 4053 4012 1
41 4072 4044 1
42 2083 2058 1
43 4106 4038 1
44 4081 4042 1
45 4100 4009 1
46 4077 4043 1
47 4076 4007 1
48 4086 4062 1
49 20 1 1
50 65 21 1
51 2114 2070 1
52 4046 4010 1
53 67 3 1
54 4072 4043 1
55 4028 4010 1
56 7947 7923 1
57 70 57 1
58 2089 2073 1
59 2124 2103 1
60 4055 4039 1
61 4092 4012 1
62 2137 2110 1
63 2131 2079 1
64 4088 4016 1
65 2093 2077 1
66 2098 2073 1
67 2128 2106 1
68 2150 2068 1
69 31449 31382 1
70 31430 31374 1
71 15768 15734 1
72 15793 15752 1
73 15772 15728 1
74 15807 15767 1
75 15809 15768 1
76 31435 31362 1
77 8011 7988 1
78 7979 7955 1
79 15802 15759 1
80 31423 31367 1
81 31413 31357 1
82 31447 31395 1
83 62697 62607 1
84 48 44 1
85 45 43 1
86 4102 4091 1
87 2110 2105 1
88 4049 4041 1
89 2059 2055 1
90 2108 2104 1
91 4059 4052 0
92 7987 7974 1
93 15811 15789 1
94 31395 31354 1
95 15776 15756 1
96 7959 7949 1
97 7979 7969 1
98 4052 4047 1
99 62700 62626 1
100 31446 31410 1
101 15814 15796 0
102 7963 7954 0
103 2153 2100 1
104 31394 31357 1
105 31408 31375 1
106 62679 62615 1
107 125139 125112 0
108 62694 62688 0
109 31435 31435 0
110 32 52 0
111 7929 7921 0
112 8007 7999 0
113 2123 2121 0
114 62692 62635 0
115 15779 15765 0
116 62656 62602 0
117 15793 15780 0
118 4091 4088 0
119 31431 31408 0
120 125189 125104 0
121 125186 125109 0
122 31387 31369 0
123 31390 31373 0
124 125185 125120 0
125 125167 125103 0
126 62656 62624 0
127 31419 31403 0
128 15752 15744 0
129 4062 4060 0
130 125190 125129 0
131 62652 62624 0
132 125183 125129 0
133 62686 62659 0
134 125176 125125 0
135 125192 125141 0
136 125188 125138 0
137 62654 62630 0
138 125177 125130 0
139 62678 62656 0
140 125184 125142 0
141 125153 125112 0
142 125160 125120 0
143 125178 125138 0
144 62629 62609 0
145 15805 15800 0
146 250188 250111 0
147 125160 125122 0
148 62694 62675 0
149 250177 250105 0
150 31391 31382 0
151 31408 31399 0
152 125179 125145 0
153 250192 250126 0
154 250183 250119 0
155 125138 125106 0
156 62684 62668 0
157 31364 31356 0
158 7927 7925 0
159 125150 125120 0
160 250167 250109 0
161 250184 250126 0
162 250160 250105 0
163 125180 125157 0
164 250166 250121 0
165 125174 125153 0
166 250178 250140 0
167 250140 250103 0
168 500185 500115 0
169 500199 500131 0
170 125177 125160 0
171 125116 125100 0
172 15736 15734 0
173 15768 15766 0
174 500177 500118 0
175 250182 250153 0
176 62667 62660 0
177 500186 500132 0
178 250167 250142 0
179 62609 62603 0
180 250157 250134 0
181 500163 500119 0
182 500149 500107 0
183 250186 250165 0
184 62667 62662 0
185 500177 500141 0
186 250127 250110 0
187 250135 250119 0
188 62622 62618 0
189 31359 31357 0
190 500137 500111 0
191 125143 125137 0
192 62692 62689 0
193 500155 500132 0
194 500198 500176 0
195 125172 125167 0
196 250148 250139 0
197 250175 250167 0
198 62609 62607 0
199 500189 500179 0
200 500117 500108 0
201 62693 62692 0
202 500136 500129 0
203 500159 500152 0
204 500183 500177 0
205 2106 2109 0
206 78 81 0
207 42 49 0
208 500175 500199 0
209 500120 500185 0
210 500103 500150 0
211 500101 500130 0
212 500142 500197 0
213 500110 500147 0
214 500150 500197 0
215 500111 500124 0
216 500103 500145 0
217 250136 250133 0
218 500139 500160 0
219 250162 250168 0
220 250130 250155 0
221 62668 62670 0
222 250154 250155 0
223 62617 62622 0
224 500141 500166 0
225 62661 62662 0
226 250173 250181 0
227 62638 62645 0
228 62661 62662 0
229 125170 125180 0
230 125115 125117 0
231 250184 250182 0
232 500166 500175 0
233 500116 500149 0
234 250150 250182 0
235 125144 125159 0
236 125172 125183 0
237 125100 125101 0
238 500169 500200 0
239 250151 250151 0
240 250102 250103 0
241 62662 62670 0
242 500141 500150 0
243 500157 500168 0
244 500146 500153 0
245 7964 7968 0
246 15747 15793 0
247 15752 15795 0
248 15749 15785 0
249 15738 15742 0
250 7925 7938 0
251 15767 15779 0
252 15732 15764 0
253 15759 15779 0
254 7942 7960 0
255 15751 15794 0
256 7983 7999 0
257 15750 15778 0
258 15817 15825 0
259 15761 15793 0
260 15774 15794 0
261 31373 31437 0
262 7993 7995 0
263 31399 31411 0
264 31353 31373 0
265 31429 31449 0
266 31403 31450 0
267 7972 7980 0
268 31366 31376 0
269 7921 7938 0
270 31401 31425 0
271 31419 31450 0
272 31351 31396 0
273 31376 31447 0
274 7942 7958 0
275 31383 31426 0
276 31404 31449 0
277 7916 7938 0
278 31367 31402 0
279 31415 31434 0
280 31379 31387 0
281 31357 31437 0
282 500123 500192 0
283 31407 31426 0
284 31412 31446 0
285 31373 31387 0
286 4043 4050 0
287 31352 31362 0
288 62604 62621 0
289 62609 62640 0
290 62636 62669 0
291 4094 4105 0
292 62635 62696 0
293 62615 62630 0
294 62639 62659 0
295 62619 62630 0
296 62607 62691 0
297 62651 62674 0
298 62646 62662 0
299 62614 62696 0
300 62659 62696 0
301 62612 62623 0
302 125118 125161 0
303 125136 125164 0
304 125107 125155 0
305 125147 125180 0
306 125105 125178 0
307 4046 4056 0
308 4028 4038 0
309 125126 125149 0
310 125103 125175 0
311 125131 125195 0
312 125107 125151 0
313 125126 125166 0
314 250161 250197 0
315 250101 250143 0
316 250151 250194 0
317 250133 250179 0
318 250117 250161 0
319 15786 15823 0
320 250141 250198 0
321 250120 250187 0
322 250104 250163 0
323 250109 250147 0
324 250123 250164 0
325 250102 250154 0
326 250120 250194 0
327 250113 250168 0
328 500126 500200 0
329 500102 500179 0
330 500105 500177 0
331 500105 500188 0
332 500103 500178 0
333 31351 31398 0
334 15782 15804 0
335 15753 15800 0
336 500166 500187 0
337 500138 500134 0
338 2099 2138 0
339 2126 2143 0
340 2096 2111 0
341 2076 2139 0
342 4016 4098 0
343 2096 2108 0
344 2095 2131 0
345 2115 2124 0
346 2081 2099 0
347 2106 2130 0
348 2057 2084 0
349 2088 2099 0
350 4025 4067 0
351 4015 4103 0
352 2059 2127 0
353 2055 2065 0
354 4033 4062 0
355 4039 4053 0
356 4045 4065 0
357 2116 2130 0
358 4023 4094 0
359 4060 4075 0
360 43 54 0
361 29 94 0
362 2059 2135 0
363 29 49 0
364 70 79 0
365 4058 4104 0
366 4025 4087 0
367 75 97 0
368 60 72 0
369 4014 4072 0
370 4037 4055 0
371 22 100 0
372 7951 7992 0
373 11 31 0
374 7916 7965 0
375 44 89 0
376 28 100 0
377 7979 8005 0
378 7937 7967 0
379 7924 7984 0
380 7925 7999 0
381 19 34 0
382 7918 8012 0
383 7939 7995 0
384 28 78 0
385 34 78 0
386 7917 8011 0
387 7 33 0
388 31 57 0
389 7916 7991 0
390 30 88 0
391 15726 15785 0
392 15730 15812 0
393 12 78 0
394 48 84 0
395 15730 15780 0
396 14 86 0
397 2078 2112 0
398 2060 2118 0
399 2093 2108 0
--------------
1000000 :c
1004080 :sum(p)
999997 :sum(w)
