400 :n
id p,w,x
--------------
0 4077 4037 1
1 4037 4009 1
2 15822 15735 1
3 71 52 1
4 4052 4030 1
5 4091 4070 1
6 72 41 1
7 88 67 1
8 93 81 1
9 60 13 1
10 2148 2106 1
11 63 31 1
12 100 7 1
13 82 37 1
14 80 21 1
15 30 15 1
16 2094 2059 1
17 96 67 1
18 46 26 1
19 2112 2085 1
20 65 17 1
21 7994 7933 1
22 2152 2119 1
23 4061 4031 1
24 7995 7940 1
25 8006 7915 1
26 83 3 1
27 2097 2069 1
28 8008 7934 1
29 2078 2065 1
30 2146 2132 1
31 7979 7917 1
32 2080 2055 1
33 8012 7955 1
34 2148 2125 1
35 2126 2114 1
36 7978 7927 1
37 4087 4054 1
38 2088 2065 1
39 2135 2058 1
40 4080 4011 1
41 4102 4068 1
42 2110 2073 1
43 4080 4018 1
44 2109 2065 1
45 4062 4026 1
46 2119 2103 1
47 7970 7933 1
48 31417 31368 1
49 31409 31358 1
50 31450 31356 1
51 31410 31358 1
52 15803 15770 1
53 31392 31352 1
54 7984 7957 1
55 7941 7920 1
56 15804 15736 1
57 4067 4052 1
58 7939 7923 1
59 15814 15762 1
60 15798 15772 1
61 15798 15751 1
62 15796 15747 1
63 31436 31382 1
64 4045 4026 1
65 15817 15786 1
66 15794 15733 1
67 31440 31363 1
68 27 19 1
69 31 25 1
70 44 38 1
71 61 54 1
72 46 42 1
73 62 59 1
74 88 85 1
75 2127 2118 1
76 2092 2084 1
77 2116 2110 1
78 2133 2128 1
79 4037 4031 1
80 4094 4088 1
81 15794 15772 1
82 7949 7938 1
83 7971 7961 1
84 4085 4080 1
85 31400 31364 1
86 8011 8002 1
87 4056 4052 1
88 15752 15737 1
89 2119 2117 1
90 31431 31402 1
91 62674 62618 1
92 31391 31363 1
93 31427 31399 1
94 7946 7939 0
95 7980 7973 0
96 62685 62633 1
97 31429 31405 0
98 15749 15737 1
99 39 1 1
100 62671 62605 1
101 8003 7997 1
102 62693 62648 0
103 62677 62633 0
104 7999 7994 1
105 4090 4089 1
106 15748 15817 0
107 15758 15747 1
108 15764 15753 1
109 125198 125111 0
110 31409 31388 0
111 125194 125112 0
112 125183 125102 0
113 125194 125114 0
114 31428 31408 0
115 62693 62656 0
116 31403 31386 0
117 7974 7970 1
118 62649 62621 0
119 15737 15730 0
120 15818 15811 0
121 62649 62626 0
122 31406 31396 0
123 31375 31367 0
124 31446 31438 0
125 4037 4036 0
126 31384 31378 0
127 31407 31402 0
128 31443 31438 0
129 31355 31351 0
130 31382 31378 0
131 15820 15818 0
132 2131 2131 0
133 4072 4073 0
134 4061 4065 0
135 4016 4022 0
136 85 88 0
137 92 97 0
138 88 95 0
139 56 63 0
140 41 51 0
141 13 21 0
142 2 4 0
143 2 7 0
144 62684 62666 0
145 62634 62622 0
146 500191 500102 0
147 62636 62627 0
148 500187 500134 0
149 500193 500125 0
150 62694 62686 0
151 125197 125145 0
152 62688 62677 0
153 125194 125143 0
154 125168 125102 0
155 500172 500111 0
156 500198 500114 0
157 125188 125127 0
158 500158 500107 0
159 125125 125102 0
160 125174 125126 0
161 125186 125143 0
162 125169 125108 0
163 125188 125125 0
164 250152 250119 0
165 62695 62679 0
166 500163 500112 0
167 125142 125102 0
168 250174 250127 0
169 125167 125129 0
170 125188 125172 0
171 250155 250125 0
172 250137 250110 0
173 250165 250136 0
174 62625 62673 0
175 31373 31399 0
176 31360 31449 0
177 31395 31393 0
178 62637 62635 0
179 62665 62695 0
180 31404 31405 0
181 31354 31382 0
182 31354 31369 0
183 31393 31430 0
184 62604 62646 0
185 31353 31351 0
186 31404 31439 0
187 62622 62642 0
188 62615 62628 0
189 62602 62608 0
190 62629 62626 0
191 31413 31412 0
192 31378 31440 0
193 62623 62658 0
194 62661 62673 0
195 62619 62639 0
196 31416 31443 0
197 62615 62628 0
198 62614 62679 0
199 62614 62699 0
200 15761 15775 0
201 15762 15813 0
202 62606 62637 0
203 62670 62694 0
204 15757 15791 0
205 15738 15806 0
206 15782 15815 0
207 15778 15802 0
208 15819 15824 0
209 62616 62657 0
210 15759 15778 0
211 15733 15789 0
212 125140 125143 0
213 15732 15734 0
214 125180 125175 0
215 125146 125174 0
216 125128 125159 0
217 15771 15798 0
218 125153 125184 0
219 15732 15765 0
220 15760 15814 0
221 125119 125109 0
222 15760 15760 0
223 125189 125185 0
224 125152 125198 0
225 125190 125186 0
226 15749 15771 0
227 125187 125190 0
228 125152 125197 0
229 15777 15776 0
230 125111 125164 0
231 15737 15768 0
232 125126 125190 0
233 15729 15782 0
234 15739 15820 0
235 15786 15817 0
236 15788 15790 0
237 15748 15789 0
238 125151 125190 0
239 125184 125185 0
240 7966 7972 0
241 7967 7973 0
242 125178 125190 0
243 125153 125193 0
244 7994 8010 0
245 125120 125112 0
246 125131 125121 0
247 7970 7990 0
248 125146 125148 0
249 7971 8001 0
250 125161 125155 0
251 7918 7924 0
252 7959 8009 0
253 7926 7968 0
254 7917 7958 0
255 7958 7981 0
256 125139 125146 0
257 125180 125184 0
258 125162 125197 0
259 250188 250163 0
260 7933 7955 0
261 250106 250105 0
262 7927 7981 0
263 250111 250130 0
264 7951 8012 0
265 250134 250186 0
266 7924 7953 0
267 250135 250159 0
268 7922 7937 0
269 7924 8003 0
270 7938 7973 0
271 250181 250170 0
272 250115 250143 0
273 7913 8000 0
274 7946 8007 0
275 250166 250188 0
276 7924 7960 0
277 250121 250160 0
278 7998 8012 0
279 62638 62652 0
280 4031 4101 0
281 4012 4087 0
282 250148 250157 0
283 250101 250198 0
284 250139 250122 0
285 250112 250186 0
286 62629 62698 0
287 250127 250150 0
288 4071 4104 0
289 250147 250143 0
290 250102 250180 0
291 62612 62683 0
292 4050 4082 0
293 250104 250189 0
294 4010 4039 0
295 4012 4041 0
296 4024 4103 0
297 4061 4093 0
298 250159 250142 0
299 4023 4090 0
300 250121 250199 0
301 4054 4083 0
302 4034 4097 0
303 4038 4068 0
304 250107 250175 0
305 4062 4079 0
306 4028 4088 0
307 250166 250154 0
308 250166 250193 0
309 250109 250140 0
310 250167 250151 0
311 250156 250150 0
312 4035 4072 0
313 250114 250156 0
314 4028 4092 0
315 4023 4054 0
316 250155 250181 0
317 4025 4033 0
318 4026 4086 0
319 250104 250132 0
320 250154 250164 0
321 250112 250110 0
322 250175 250181 0
323 2061 2112 0
324 250136 250152 0
325 250116 250179 0
326 250192 250194 0
327 250200 250192 0
328 2078 2102 0
329 2067 2129 0
330 500119 500132 0
331 2065 2102 0
332 2085 2097 0
333 2057 2087 0
334 500112 500170 0
335 2100 2115 0
336 62636 62666 0
337 2077 2131 0
338 2105 2131 0
339 500197 500151 0
340 500101 500128 0
341 2071 2128 0
342 2116 2127 0
343 2071 2140 0
344 500118 500106 0
345 2078 2101 0
346 2096 2108 0
347 500150 500111 0
348 2087 2114 0
349 500127 500130 0
350 2074 2115 0
351 500175 500128 0
352 2062 2074 0
353 500104 500196 0
354 2062 2150 0
355 500122 500173 0
356 2082 2142 0
357 500188 500163 0
358 500183 500155 0
359 500132 500192 0
360 62655 62668 0
361 500125 500188 0
362 500126 500161 0
363 500147 500196 0
364 500133 500123 0
365 56 96 0
366 500146 500101 0
367 64 80 0
368 500138 500179 0
369 500165 500172 0
370 38 59 0
371 500146 500123 0
372 500122 500159 0
373 500151 500131 0
374 62639 62663 0
375 62611 62691 0
376 500121 500125 0
377 61 83 0
378 62601 62628 0
379 500132 500145 0
380 500133 500138 0
381 500109 500178 0
382 7 33 0
383 500155 500195 0
384 31376 31436 0
385 16 85 0
386 62640 62639 0
387 31359 31366 0
388 3 51 0
389 4 37 0
390 500118 500185 0
391 500179 500130 0
392 39 88 0
393 500162 500126 0
394 37 93 0
395 500108 500116 0
396 500137 500183 0
397 31401 31411 0
398 31375 31393 0
399 31362 31398 0
--------------
1000000 :c
1003368 :sum(p)
999998 :sum(w)
