400 :n
id p,w,x
--------------
0 94 7 1
1 64 5 1
2 51 4 1
3 65 8 1
4 100 15 1
5 85 25 1
6 47 16 1
7 42 19 1
8 98 49 1
9 95 59 1
10 81 57 1
11 41 30 1
12 41 32 1
13 29 24 1
14 95 79 1
15 66 58 1
16 60 53 1
17 70 64 1
18 2140 2073 1
19 2143 2080 1
20 2146 2090 1
21 2134 2086 1
22 2123 2077 1
23 2093 2054 1
24 4095 4020 1
25 4102 4038 1
26 2138 2108 1
27 4064 4007 1
28 4084 4027 1
29 4074 4019 1
30 2082 2055 1
31 4092 4039 1
32 4086 4035 1
33 4085 4041 1
34 8009 7925 1
35 4080 4041 1
36 4060 4026 1
37 4075 4042 1
38 8003 7940 1
39 8009 7949 1
40 8008 7949 1
41 2130 2115 1
42 4055 4028 1
43 4097 4071 1
44 7966 7916 1
45 4065 4040 1
46 7979 7930 1
47 15823 15729 1
48 4070 4046 1
49 7981 7935 1
50 2120 2108 1
51 7962 7919 1
52 4089 4067 1
53 15817 15735 1
54 4100 4079 1
55 4064 4044 1
56 15814 15738 1
57 4081 4062 1
58 7951 7914 1
59 15804 15733 1
60 15805 15738 1
61 7959 7928 1
62 8002 7971 1
63 2073 2065 1
64 2135 2127 1
65 15821 15763 1
66 8001 7973 1
67 7988 7962 1
68 15780 15731 1
69 4039 4027 1
70 15767 15727 1
71 15818 15778 1
72 4025 4015 1
73 31439 31361 1
74 15802 15764 1
75 15808 15771 1
76 15802 15766 1
77 15761 15726 1
78 7981 7964 1
79 7935 7919 1
80 31442 31379 1
81 31417 31355 1
82 31425 31363 1
83 2143 2139 0
84 31427 31369 1
85 31409 31354 1
86 31427 31372 1
87 4091 4084 1
88 31425 31376 1
89 15795 15771 1
90 8005 7993 1
91 4049 4043 1
92 15765 15742 1
93 62694 62604 1
94 15814 15795 1
95 62693 62619 1
96 7981 7951 1
97 31405 31354 1
98 31399 31351 1
99 7956 7947 1
100 62699 62632 0
101 4099 4095 1
102 31432 31404 1
103 31431 31434 0
104 44 78 0
105 62665 62603 0
106 31426 31395 0
107 62687 62629 0
108 31383 31354 0
109 15813 15799 0
110 2063 2065 0
111 31390 31364 0
112 31421 31395 0
113 62656 62605 0
114 31428 31404 0
115 15738 15726 0
116 62694 62647 0
117 4018 4015 0
118 15782 15771 0
119 15754 15746 0
120 7941 7938 0
121 8002 7999 1
122 4070 4069 1
123 15761 15760 0
124 15821 15820 0
125 4014 4014 0
126 7978 7979 0
127 7950 7957 0
128 2143 2145 0
129 7938 7946 0
130 2129 2136 0
131 2082 2090 0
132 2081 2089 0
133 2074 2083 0
134 2086 2098 0
135 2122 2135 0
136 30 33 0
137 85 95 0
138 73 82 0
139 58 73 0
140 3 17 0
141 125173 125130 0
142 125177 125103 0
143 125180 125104 0
144 125199 125109 0
145 250199 250133 0
146 250184 250155 0
147 62613 62608 0
148 250144 250111 0
149 125115 125103 0
150 250161 250101 0
151 125159 125128 0
152 250187 250146 0
153 62653 62649 0
154 250161 250133 0
155 125144 125108 0
156 250191 250170 0
157 250189 250158 0
158 125175 125166 0
159 31386 31383 0
160 250192 250132 0
161 250189 250145 0
162 125156 125138 0
163 250186 250145 0
164 500196 500147 0
165 500194 500147 0
166 500174 500119 0
167 125157 125127 0
168 500184 500142 0
169 125129 125114 0
170 500197 500144 0
171 500167 500126 0
172 125184 125150 0
173 500138 500103 0
174 500198 500163 0
175 250185 250148 0
176 31421 31417 0
177 500154 500105 0
178 500147 500105 0
179 125126 125112 0
180 125128 125110 0
181 125141 125110 0
182 500181 500116 0
183 500165 500117 0
184 125150 125130 0
185 500191 500109 0
186 62690 62675 0
187 62661 62655 0
188 62687 62678 0
189 62684 62672 0
190 62666 62628 0
191 31389 31379 0
192 62658 62629 0
193 125170 125114 0
194 62644 62601 0
195 31378 31366 0
196 125196 125108 0
197 62670 62636 0
198 125174 125136 0
199 62645 62610 0
200 250197 250115 0
201 125177 125109 0
202 125190 125143 0
203 125198 125136 0
204 125199 125136 0
205 250195 250109 0
206 31425 31447 0
207 15775 15806 0
208 31385 31445 0
209 62660 62670 0
210 62638 62651 0
211 62648 62662 0
212 15804 15824 0
213 15727 15763 0
214 62629 62678 0
215 62603 62642 0
216 62604 62636 0
217 15729 15730 0
218 62657 62694 0
219 62655 62655 0
220 15737 15756 0
221 15756 15816 0
222 62605 62663 0
223 62603 62665 0
224 15735 15792 0
225 15769 15807 0
226 15755 15780 0
227 62602 62666 0
228 15807 15808 0
229 62629 62663 0
230 15754 15821 0
231 62628 62675 0
232 15795 15815 0
233 15770 15812 0
234 15765 15790 0
235 62606 62664 0
236 15806 15825 0
237 15759 15775 0
238 62630 62670 0
239 7949 7996 0
240 62629 62632 0
241 62612 62631 0
242 62619 62679 0
243 7977 8007 0
244 62646 62659 0
245 7915 7977 0
246 62649 62664 0
247 7969 7982 0
248 62610 62633 0
249 7918 7976 0
250 62604 62623 0
251 7939 7981 0
252 7927 7983 0
253 125163 125171 0
254 125166 125185 0
255 7936 7954 0
256 125149 125151 0
257 7923 8010 0
258 125125 125154 0
259 7923 7949 0
260 15765 15825 0
261 15755 15773 0
262 125138 125185 0
263 7919 7937 0
264 7946 7993 0
265 125149 125196 0
266 31407 31431 0
267 125140 125142 0
268 7916 7959 0
269 125106 125122 0
270 125158 125193 0
271 125131 125188 0
272 125185 125185 0
273 7960 7991 0
274 125118 125161 0
275 7955 7994 0
276 7927 8006 0
277 7951 7977 0
278 125104 125177 0
279 4068 4089 0
280 4053 4104 0
281 125133 125196 0
282 125134 125131 0
283 125131 125151 0
284 4017 4066 0
285 4041 4072 0
286 125161 125156 0
287 250177 250200 0
288 250136 250149 0
289 250101 250198 0
290 31406 31405 0
291 250134 250140 0
292 250158 250180 0
293 250159 250161 0
294 250172 250175 0
295 250119 250179 0
296 4030 4056 0
297 4018 4059 0
298 250116 250186 0
299 250198 250198 0
300 250135 250154 0
301 4018 4033 0
302 250116 250150 0
303 250152 250159 0
304 250106 250163 0
305 250121 250163 0
306 250101 250181 0
307 4030 4045 0
308 250195 250200 0
309 250182 250184 0
310 4033 4093 0
311 250132 250158 0
312 250132 250132 0
313 4010 4028 0
314 4023 4087 0
315 250175 250197 0
316 250121 250145 0
317 4009 4060 0
318 4056 4099 0
319 2091 2152 0
320 2111 2129 0
321 2056 2139 0
322 2089 2150 0
323 2103 2125 0
324 250114 250170 0
325 2087 2126 0
326 250103 250194 0
327 250101 250157 0
328 250115 250181 0
329 500126 500172 0
330 2105 2149 0
331 500127 500185 0
332 2063 2105 0
333 2092 2109 0
334 2104 2138 0
335 31367 31419 0
336 2127 2145 0
337 500156 500189 0
338 2083 2135 0
339 31402 31433 0
340 500133 500184 0
341 500142 500121 0
342 2077 2104 0
343 31374 31406 0
344 2059 2095 0
345 31358 31357 0
346 31363 31449 0
347 2061 2085 0
348 2061 2143 0
349 31360 31378 0
350 500114 500133 0
351 2098 2148 0
352 500111 500163 0
353 31377 31413 0
354 2113 2128 0
355 500173 500155 0
356 31356 31415 0
357 500177 500189 0
358 2109 2133 0
359 500155 500192 0
360 500123 500139 0
361 15 94 0
362 31377 31434 0
363 500150 500146 0
364 57 99 0
365 500122 500156 0
366 13 90 0
367 37 55 0
368 4 44 0
369 500135 500178 0
370 54 91 0
371 500144 500161 0
372 31428 31438 0
373 24 60 0
374 2 26 0
375 31392 31443 0
376 500161 500180 0
377 500136 500108 0
378 11 34 0
379 500147 500179 0
380 46 95 0
381 47 75 0
382 500152 500124 0
383 500134 500200 0
384 500151 500153 0
385 31367 31421 0
386 500147 500134 0
387 500165 500145 0
388 41 65 0
389 500115 500133 0
390 59 89 0
391 31395 31403 0
392 65 94 0
393 30 93 0
394 500136 500158 0
395 500102 500155 0
396 500148 500124 0
397 17 80 0
398 31377 31408 0
399 31379 31445 0
--------------
1000000 :c
1004080 :sum(p)
999999 :sum(w)
