400 :n
id p,w,x
--------------
0 2136 2067 1
1 2148 2094 1
2 82 52 1
3 87 18 1
4 69 4 1
5 44 14 1
6 66 22 1
7 36 9 1
8 74 27 1
9 7996 7934 1
10 97 72 1
11 58 2 1
12 8007 7943 1
13 2101 2062 1
14 73 5 1
15 86 42 1
16 39 34 1
17 62 57 1
18 8009 7931 1
19 7996 7949 1
20 91 41 1
21 74 52 1
22 95 47 1
23 51 39 1
24 45 28 1
25 92 29 1
26 79 17 1
27 2109 2069 1
28 2150 2134 1
29 2145 2117 1
30 4078 4025 1
31 2132 2077 1
32 2090 2070 1
33 4096 4068 1
34 4106 4069 1
35 4105 4069 1
36 2115 2088 1
37 4075 4013 1
38 2116 2056 1
39 2116 2096 1
40 2124 2078 1
41 2089 2074 1
42 4100 4035 1
43 4104 4007 1
44 4095 4029 1
45 2151 2094 1
46 4101 4050 1
47 2151 2110 1
48 7934 7919 1
49 31425 31374 1
50 4055 4044 1
51 7980 7943 1
52 8005 7962 1
53 15782 15738 1
54 8008 7976 1
55 7975 7949 1
56 8002 7978 1
57 15806 15733 1
58 15794 15745 1
59 7971 7945 1
60 7971 7925 1
61 8002 7977 1
62 7963 7936 1
63 8008 7961 1
64 31428 31351 1
65 7976 7933 1
66 31443 31351 1
67 4080 4066 1
68 4028 4015 1
69 15801 15752 1
70 15807 15729 1
71 15776 15734 1
72 15792 15743 1
73 15814 15762 1
74 15825 15785 1
75 4038 4023 1
76 2067 2057 1
77 4045 4032 1
78 15804 15745 1
79 62698 62601 1
80 31428 31357 1
81 15810 15775 1
82 7967 7948 1
83 31438 31369 1
84 7985 7969 1
85 15812 15780 1
86 7995 7978 1
87 15803 15772 1
88 31417 31361 1
89 97 94 1
90 88 86 0
91 2071 2066 1
92 2119 2115 1
93 2057 2054 1
94 15774 15751 1
95 2125 2122 1
96 15748 15727 1
97 15820 15800 1
98 4045 4040 1
99 4098 4093 0
100 15756 15737 1
101 62686 62611 1
102 62672 62604 1
103 31417 31385 1
104 92 34 1
105 31410 31366 1
106 31427 31395 0
107 31450 31418 1
108 62685 62625 0
109 31450 31445 0
110 2144 2145 0
111 15768 15778 0
112 7963 7955 0
113 2076 2074 0
114 15804 15789 0
115 62666 62607 0
116 62694 62636 0
117 31433 31405 0
118 62689 62637 0
119 31383 31358 0
120 31438 31413 0
121 15800 15788 0
122 7970 7964 1
123 125198 125110 0
124 62671 62627 0
125 15778 15767 0
126 62657 62616 0
127 7948 7943 0
128 31405 31386 0
129 31434 31416 0
130 125199 125135 0
131 31382 31366 0
132 62639 62609 0
133 15782 15775 0
134 125187 125133 0
135 62629 62602 0
136 62645 62618 0
137 62680 62653 0
138 62646 62620 0
139 62684 62658 0
140 62643 62618 0
141 62686 62661 0
142 7 10 0
143 125177 125131 0
144 62629 62619 0
145 125173 125129 0
146 62663 62655 0
147 125195 125171 0
148 31376 31368 0
149 500165 500118 0
150 62615 62603 0
151 7938 7937 0
152 62665 62644 0
153 125193 125157 0
154 125196 125183 0
155 62634 62626 0
156 62666 62654 0
157 125169 125149 0
158 500169 500128 0
159 125188 125160 0
160 500184 500143 0
161 500175 500132 0
162 125198 125179 0
163 250188 250133 0
164 250176 250109 0
165 250177 250136 0
166 250139 250110 0
167 31447 31435 0
168 250178 250142 0
169 250177 250145 0
170 250153 250129 0
171 250175 250129 0
172 31357 31353 0
173 250170 250104 0
174 250190 250149 0
175 15805 15803 0
176 250191 250125 0
177 250175 250148 0
178 250192 250163 0
179 250171 250103 0
180 250185 250121 0
181 250173 250104 0
182 250189 250106 0
183 250166 250145 0
184 250182 250149 0
185 62621 62616 0
186 31387 31375 0
187 62677 62664 0
188 125173 125155 0
189 500170 500140 0
190 500150 500123 0
191 250146 250132 0
192 500164 500136 0
193 62617 62613 0
194 250162 250145 0
195 500183 500151 0
196 125171 125153 0
197 31424 31425 0
198 31423 31431 0
199 31369 31378 0
200 31382 31385 0
201 15728 15806 0
202 31412 31422 0
203 15733 15738 0
204 15754 15789 0
205 31379 31408 0
206 31380 31441 0
207 15792 15821 0
208 31385 31447 0
209 15738 15807 0
210 31365 31374 0
211 31439 31442 0
212 31429 31441 0
213 31357 31381 0
214 31392 31450 0
215 15766 15802 0
216 31357 31444 0
217 31357 31359 0
218 62618 62677 0
219 62655 62683 0
220 15750 15817 0
221 15813 15813 0
222 15805 15817 0
223 62631 62629 0
224 62614 62678 0
225 15761 15804 0
226 62625 62700 0
227 15769 15814 0
228 15773 15805 0
229 62609 62634 0
230 15770 15810 0
231 15746 15795 0
232 15758 15798 0
233 62623 62657 0
234 15804 15811 0
235 15787 15819 0
236 62634 62666 0
237 62676 62677 0
238 62669 62687 0
239 62618 62691 0
240 62639 62687 0
241 7917 7985 0
242 62602 62655 0
243 7928 7985 0
244 62632 62691 0
245 125132 125138 0
246 7935 7977 0
247 125138 125199 0
248 125100 125177 0
249 7934 7999 0
250 7968 7969 0
251 7992 8005 0
252 7927 7966 0
253 7945 7963 0
254 125103 125169 0
255 125160 125164 0
256 7935 7962 0
257 125136 125132 0
258 125145 125175 0
259 125122 125123 0
260 7927 7968 0
261 7925 7940 0
262 7944 7947 0
263 125111 125130 0
264 125167 125185 0
265 125142 125183 0
266 125102 125156 0
267 7926 7997 0
268 125153 125186 0
269 125137 125164 0
270 7947 7961 0
271 7941 7965 0
272 7915 7975 0
273 125115 125133 0
274 7931 8006 0
275 125162 125166 0
276 125183 125177 0
277 125111 125171 0
278 125117 125121 0
279 125115 125113 0
280 125148 125193 0
281 4040 4076 0
282 125131 125193 0
283 4027 4105 0
284 4010 4061 0
285 125170 125186 0
286 125107 125173 0
287 4007 4102 0
288 125107 125161 0
289 4065 4082 0
290 4035 4040 0
291 4061 4062 0
292 4012 4061 0
293 4012 4060 0
294 4018 4070 0
295 125182 125183 0
296 4056 4074 0
297 4053 4074 0
298 125106 125196 0
299 250128 250129 0
300 4037 4076 0
301 4037 4079 0
302 4013 4042 0
303 4052 4082 0
304 4007 4084 0
305 4034 4039 0
306 4009 4100 0
307 4036 4068 0
308 250183 250174 0
309 4018 4064 0
310 250120 250164 0
311 250112 250134 0
312 4013 4041 0
313 250113 250153 0
314 250156 250153 0
315 4031 4051 0
316 250159 250199 0
317 4038 4058 0
318 250131 250161 0
319 250135 250200 0
320 2121 2136 0
321 2093 2110 0
322 2100 2143 0
323 250147 250137 0
324 250103 250170 0
325 2131 2146 0
326 2098 2122 0
327 250155 250192 0
328 2089 2097 0
329 250134 250184 0
330 250169 250193 0
331 2132 2140 0
332 2083 2141 0
333 250137 250137 0
334 250163 250174 0
335 250101 250153 0
336 250148 250178 0
337 250160 250200 0
338 2077 2131 0
339 500127 500183 0
340 500105 500126 0
341 2097 2109 0
342 2091 2122 0
343 2086 2119 0
344 2058 2077 0
345 2092 2142 0
346 500102 500199 0
347 2060 2079 0
348 500127 500103 0
349 2092 2109 0
350 500163 500140 0
351 500168 500166 0
352 500126 500132 0
353 500123 500182 0
354 500126 500127 0
355 500127 500160 0
356 2109 2115 0
357 2062 2103 0
358 31360 31448 0
359 23 92 0
360 31398 31408 0
361 500176 500199 0
362 500165 500197 0
363 500148 500144 0
364 48 93 0
365 23 88 0
366 6 72 0
367 500119 500142 0
368 43 88 0
369 500152 500164 0
370 68 95 0
371 500109 500102 0
372 500101 500175 0
373 500118 500195 0
374 500200 500178 0
375 500106 500159 0
376 500126 500190 0
377 96 100 0
378 69 81 0
379 500108 500185 0
380 500114 500132 0
381 500166 500146 0
382 31 66 0
383 28 40 0
384 500138 500137 0
385 5 35 0
386 500121 500188 0
387 500124 500174 0
388 500120 500191 0
389 23 64 0
390 500115 500124 0
391 33 46 0
392 500118 500175 0
393 18 39 0
394 2 19 0
395 500149 500189 0
396 500129 500143 0
397 21 62 0
398 31353 31372 0
399 31398 31431 0
--------------
1000000 :c
1004208 :sum(p)
1000000 :sum(w)
