400 :n
id p,w,x
--------------
0 92 76 1
1 34 18 1
2 8010 7934 1
3 75 13 1
4 8002 7934 1
5 90 78 1
6 7982 7934 1
7 7956 7918 1
8 8006 7965 1
9 7962 7918 1
10 75 7 1
11 8005 7962 1
12 4086 4007 1
13 4082 4035 1
14 4045 4023 1
15 4083 4058 1
16 4106 4039 1
17 4081 4034 1
18 4049 4021 1
19 4092 4035 1
20 4103 4039 1
21 65 1 1
22 2123 2067 1
23 2133 2089 1
24 34 8 1
25 2127 2101 1
26 2132 2069 1
27 38 27 1
28 15822 15747 1
29 31 13 1
30 50 15 1
31 2150 2117 1
32 2141 2069 1
33 2132 2071 1
34 2129 2113 1
35 2111 2098 1
36 2142 2093 1
37 2149 2107 1
38 2132 2061 1
39 78 22 1
40 2141 2078 1
41 2143 2108 1
42 2146 2097 1
43 63 32 1
44 2096 2079 1
45 67 21 1
46 2098 2083 1
47 39 19 1
48 2103 2065 1
49 58 42 1
50 98 1 1
51 15781 15732 1
52 31422 31368 1
53 15766 15735 1
54 7995 7958 1
55 4086 4067 1
56 7953 7925 1
57 31422 31358 1
58 7973 7954 1
59 62700 62611 1
60 15806 15763 1
61 15806 15732 1
62 15767 15726 1
63 15792 15750 1
64 31450 31395 1
65 15801 15739 1
66 15762 15731 1
67 31437 31355 1
68 31438 31380 1
69 15805 15756 1
70 31450 31376 1
71 8003 7970 1
72 15799 15726 1
73 7973 7944 1
74 7979 7950 1
75 15808 15749 1
76 31450 31368 1
77 31445 31399 1
78 7967 7943 1
79 42 35 1
80 52 46 1
81 20 19 0
82 51 49 1
83 99 97 1
84 2107 2096 1
85 2104 2095 1
86 2070 2063 1
87 4079 4066 1
88 4073 4062 1
89 2088 2083 1
90 4101 4093 1
91 7943 7931 1
92 7945 7933 1
93 4039 4033 1
94 62699 62618 1
95 4056 4051 1
96 4102 4097 1
97 31403 31369 1
98 15804 15787 1
99 15771 15755 1
100 31400 31370 1
101 2135 2103 1
102 62691 62634 1
103 7966 7958 0
104 62687 62633 0
105 31428 31401 0
106 31450 31432 0
107 15812 15824 0
108 62 86 0
109 31378 31354 1
110 31400 31376 0
111 15766 15754 0
112 62697 62650 0
113 4017 4014 1
114 2071 2076 0
115 4093 4090 0
116 31441 31418 0
117 125191 125102 0
118 62673 62630 0
119 31444 31423 0
120 31392 31372 0
121 15771 15761 0
122 15762 15754 0
123 4099 4097 0
124 15745 15739 0
125 15771 15766 0
126 7965 7964 0
127 7993 7992 0
128 2145 2145 1
129 4028 4028 0
130 7956 7958 0
131 4028 4030 0
132 68 74 0
133 15 22 0
134 62674 62641 0
135 62652 62611 0
136 62664 62632 0
137 250179 250116 0
138 125161 125116 0
139 125151 125111 0
140 31405 31398 0
141 250172 250110 0
142 62670 62653 0
143 250182 250124 0
144 250181 250101 0
145 62626 62610 0
146 62644 62629 0
147 62693 62671 0
148 62645 62622 0
149 125178 125148 0
150 62640 62614 0
151 31439 31426 0
152 62679 62643 0
153 62661 62621 0
154 500174 500113 0
155 500200 500166 0
156 500107 500129 0
157 62674 62676 0
158 500185 500151 0
159 31376 31375 0
160 500198 500161 0
161 125137 125131 0
162 500150 500138 0
163 500167 500195 0
164 500105 500121 0
165 500110 500138 0
166 500158 500156 0
167 500134 500156 0
168 31375 31374 0
169 125180 125157 0
170 500177 500123 0
171 125177 125183 0
172 125120 125118 0
173 500108 500128 0
174 500197 500119 0
175 500159 500188 0
176 500170 500103 0
177 62617 62618 0
178 500132 500118 0
179 500139 500110 0
180 125162 125140 0
181 500197 500117 0
182 125124 125128 0
183 500181 500110 0
184 500196 500159 0
185 500173 500101 0
186 500172 500109 0
187 500193 500135 0
188 500200 500170 0
189 125172 125166 0
190 500134 500162 0
191 250193 250150 0
192 62638 62640 0
193 125194 125175 0
194 31404 31401 0
195 125166 125152 0
196 125181 125163 0
197 250102 250102 0
198 250169 250118 0
199 500144 500118 0
200 250129 250133 0
201 250136 250114 0
202 125173 125176 0
203 250137 250121 0
204 250200 250188 0
205 250151 250110 0
206 250134 250117 0
207 250164 250132 0
208 500159 500108 0
209 500140 500162 0
210 250183 250149 0
211 250192 250151 0
212 250127 250107 0
213 250110 250121 0
214 250113 250106 0
215 250154 250131 0
216 250110 250124 0
217 250140 250139 0
218 250195 250158 0
219 250125 250120 0
220 250110 250125 0
221 250135 250113 0
222 250190 250181 0
223 250193 250144 0
224 250181 250167 0
225 250176 250143 0
226 15753 15753 0
227 500188 500156 0
228 500198 500183 0
229 500128 500151 0
230 62688 62676 0
231 62629 62617 0
232 125153 125104 0
233 62644 62605 0
234 62655 62626 0
235 62688 62662 0
236 15792 15815 0
237 15730 15785 0
238 15750 15759 0
239 15779 15819 0
240 7952 7985 0
241 15736 15803 0
242 15780 15794 0
243 15780 15792 0
244 7934 7967 0
245 7965 8008 0
246 7935 7969 0
247 7957 7974 0
248 15785 15815 0
249 15756 15767 0
250 7918 7991 0
251 15727 15779 0
252 7923 7968 0
253 7930 8006 0
254 7930 8003 0
255 15746 15803 0
256 15782 15823 0
257 15788 15789 0
258 31395 31405 0
259 31363 31432 0
260 31406 31438 0
261 31390 31430 0
262 7975 7991 0
263 31357 31384 0
264 7947 7979 0
265 7919 7982 0
266 31366 31417 0
267 7974 7980 0
268 7934 7961 0
269 7975 7980 0
270 31360 31435 0
271 31363 31411 0
272 7919 8001 0
273 7946 7961 0
274 7960 8005 0
275 7955 8003 0
276 7954 7996 0
277 31361 31372 0
278 31420 31435 0
279 4028 4050 0
280 31355 31414 0
281 31394 31448 0
282 4009 4048 0
283 31356 31371 0
284 15732 15747 0
285 31382 31388 0
286 31426 31438 0
287 4034 4078 0
288 4016 4086 0
289 4041 4068 0
290 4011 4046 0
291 4054 4065 0
292 31354 31414 0
293 31425 31444 0
294 4094 4100 0
295 4008 4031 0
296 31385 31442 0
297 62632 62641 0
298 62617 62667 0
299 62648 62665 0
300 62628 62669 0
301 62611 62668 0
302 4018 4106 0
303 62609 62638 0
304 62655 62687 0
305 4042 4091 0
306 4017 4051 0
307 4050 4067 0
308 62633 62667 0
309 4034 4066 0
310 4048 4100 0
311 4013 4048 0
312 62636 62640 0
313 4045 4051 0
314 62618 62682 0
315 62602 62612 0
316 62653 62697 0
317 4007 4048 0
318 4054 4067 0
319 62613 62678 0
320 2076 2089 0
321 2067 2108 0
322 2128 2145 0
323 62634 62683 0
324 62637 62684 0
325 125130 125167 0
326 125177 125188 0
327 125163 125189 0
328 2122 2150 0
329 125131 125150 0
330 125142 125163 0
331 2080 2148 0
332 125105 125129 0
333 125160 125198 0
334 2119 2137 0
335 125174 125193 0
336 125112 125192 0
337 2059 2082 0
338 2092 2122 0
339 125112 125190 0
340 2062 2145 0
341 2081 2146 0
342 2061 2070 0
343 2073 2122 0
344 125135 125176 0
345 125133 125158 0
346 125111 125157 0
347 125120 125162 0
348 125145 125175 0
349 125149 125193 0
350 15749 15750 0
351 2086 2133 0
352 125133 125155 0
353 125166 125193 0
354 125102 125126 0
355 125173 125189 0
356 2098 2139 0
357 125121 125194 0
358 2091 2148 0
359 125151 125169 0
360 125171 125189 0
361 125157 125184 0
362 8 74 0
363 250135 250174 0
364 64 84 0
365 250103 250138 0
366 15799 15824 0
367 250148 250195 0
368 250117 250156 0
369 59 89 0
370 42 57 0
371 250177 250196 0
372 250102 250138 0
373 3 62 0
374 29 60 0
375 250114 250166 0
376 250106 250199 0
377 250130 250153 0
378 250101 250168 0
379 500125 500178 0
380 16 93 0
381 500154 500194 0
382 4 76 0
383 500146 500183 0
384 15765 15810 0
385 17 56 0
386 19 66 0
387 2 79 0
388 500124 500178 0
389 500148 500200 0
390 9 70 0
391 500109 500157 0
392 23 41 0
393 500147 500188 0
394 500114 500181 0
395 2 85 0
396 6 29 0
397 51 97 0
398 15738 15750 0
399 15764 15819 0
--------------
1000000 :c
1004017 :sum(p)
1000000 :sum(w)
