400 :n
id p,w,x
--------------
0 81 9 1
1 47 33 1
2 4076 4028 1
3 4103 4010 1
4 4106 4028 1
5 4100 4020 1
6 4055 4011 1
7 68 36 1
8 4091 4038 1
9 60 7 1
10 4093 4018 1
11 2110 2066 1
12 2142 2059 1
13 2111 2078 1
14 2123 2100 1
15 2124 2079 1
16 2142 2058 1
17 99 34 1
18 2133 2088 1
19 2126 2069 1
20 2149 2083 1
21 2131 2081 1
22 57 18 1
23 61 4 1
24 62 8 1
25 28 11 1
26 63 37 1
27 56 32 1
28 76 45 1
29 89 52 1
30 88 45 1
31 41 2 1
32 64 38 1
33 29 15 1
34 17 10 1
35 69 66 1
36 72 70 1
37 40 39 0
38 4072 4029 1
39 4087 4046 1
40 2096 2075 1
41 7999 7921 1
42 4097 4058 1
43 8007 7941 1
44 7987 7922 1
45 8004 7943 1
46 7990 7931 1
47 2112 2098 1
48 7986 7934 1
49 7966 7916 1
50 15821 15727 1
51 4065 4041 1
52 7976 7929 1
53 15824 15732 1
54 4077 4054 1
55 4081 4060 1
56 7952 7913 1
57 2072 2062 1
58 2086 2076 1
59 15809 15734 1
60 7969 7932 1
61 4077 4059 1
62 4078 4060 1
63 7960 7925 1
64 15817 15750 1
65 4054 4037 1
66 15789 15729 1
67 15799 15739 1
68 15792 15733 1
69 2153 2145 1
70 4074 4059 1
71 15801 15748 1
72 2139 2132 1
73 4101 4088 1
74 15816 15772 1
75 7994 7974 1
76 15792 15754 1
77 7968 7949 1
78 31429 31359 1
79 4099 4090 1
80 31441 31375 1
81 7958 7942 1
82 4033 4025 1
83 15790 15759 1
84 31420 31368 1
85 15768 15742 1
86 31440 31391 1
87 4070 4064 1
88 31434 31389 1
89 15815 15794 1
90 15769 15749 1
91 31401 31362 1
92 4090 4085 1
93 4101 4096 0
94 15818 15799 1
95 62679 62605 1
96 31424 31388 1
97 31408 31376 1
98 7943 7935 1
99 15798 15784 1
100 31422 31397 1
101 31395 31371 1
102 15769 15757 0
103 4086 4083 0
104 84 49 1
105 62664 62615 1
106 2141 2121 1
107 31386 31361 1
108 31408 31387 1
109 31448 31428 0
110 7996 8011 0
111 7996 8000 0
112 15782 15794 0
113 7987 7982 0
114 62644 62609 0
115 62673 62638 0
116 62660 62626 0
117 125191 125126 0
118 15768 15760 0
119 15784 15776 0
120 125194 125132 0
121 62633 62603 0
122 62636 62606 0
123 31383 31368 0
124 2111 2110 0
125 62698 62673 0
126 31382 31370 0
127 31420 31408 0
128 15777 15771 0
129 4080 4079 0
130 15810 15809 0
131 2100 2100 0
132 4035 4035 0
133 7986 7986 0
134 7982 7982 0
135 15760 15760 0
136 7956 7957 0
137 4053 4054 0
138 7923 7925 0
139 7931 7934 0
140 2073 2074 0
141 7985 7991 0
142 7963 7970 0
143 2131 2133 0
144 2102 2104 1
145 4026 4030 0
146 4072 4078 0
147 4030 4038 0
148 4035 4044 0
149 2058 2064 0
150 2125 2135 0
151 89 91 0
152 82 87 0
153 64 76 0
154 36 43 0
155 18 26 0
156 20 31 0
157 125157 125111 0
158 500194 500196 0
159 125169 125158 0
160 500170 500124 0
161 500149 500133 0
162 125197 125191 0
163 500182 500125 0
164 250188 250183 0
165 250152 250145 0
166 500154 500134 0
167 500188 500160 0
168 250125 250108 0
169 250129 250108 0
170 500198 500125 0
171 500116 500101 0
172 250163 250156 0
173 250113 250102 0
174 250185 250153 0
175 500120 500111 0
176 250164 250158 0
177 31359 31355 0
178 250137 250104 0
179 500157 500136 0
180 500152 500118 0
181 250179 250149 0
182 250177 250146 0
183 125156 125140 0
184 500189 500130 0
185 500179 500146 0
186 250187 250166 0
187 250163 250149 0
188 250144 250112 0
189 250144 250119 0
190 500176 500140 0
191 500167 500106 0
192 125167 125155 0
193 500135 500112 0
194 250134 250121 0
195 500160 500115 0
196 62621 62620 0
197 500141 500128 0
198 500120 500147 0
199 250147 250158 0
200 500141 500170 0
201 31416 31417 0
202 250124 250135 0
203 500112 500114 0
204 62685 62690 0
205 62692 62694 0
206 500140 500168 0
207 125132 125136 0
208 250135 250152 0
209 62675 62680 0
210 500118 500158 0
211 500175 500193 0
212 500142 500165 0
213 500174 500194 0
214 62605 62609 0
215 62648 62650 0
216 500157 500190 0
217 500174 500185 0
218 125124 125134 0
219 250140 250152 0
220 500155 500192 0
221 500120 500149 0
222 125133 125142 0
223 500158 500166 0
224 250153 250161 0
225 500150 500157 0
226 250176 250191 0
227 250101 250109 0
228 62694 62681 0
229 250200 250160 0
230 250197 250142 0
231 62656 62644 0
232 125144 125104 0
233 125163 125140 0
234 125132 125103 0
235 62669 62657 0
236 62628 62609 0
237 62648 62637 0
238 250164 250107 0
239 250180 250130 0
240 125141 125111 0
241 125153 125115 0
242 125196 125157 0
243 125193 125154 0
244 125175 125133 0
245 250198 250106 0
246 125159 125107 0
247 125196 125148 0
248 125195 125152 0
249 31376 31386 0
250 31382 31448 0
251 7939 7966 0
252 7914 7995 0
253 31363 31447 0
254 7924 7980 0
255 31394 31399 0
256 7956 7994 0
257 31361 31411 0
258 31383 31417 0
259 7975 7992 0
260 31383 31416 0
261 31371 31413 0
262 31361 31393 0
263 7915 7973 0
264 31424 31432 0
265 7935 8009 0
266 15783 15806 0
267 31386 31398 0
268 31362 31428 0
269 7945 7994 0
270 7959 8011 0
271 31351 31431 0
272 7932 7944 0
273 7982 8008 0
274 7930 7983 0
275 31401 31447 0
276 31434 31445 0
277 7922 7959 0
278 7940 7997 0
279 4042 4056 0
280 500147 500188 0
281 31351 31426 0
282 31405 31429 0
283 31371 31412 0
284 31383 31443 0
285 4068 4102 0
286 31359 31413 0
287 4016 4106 0
288 31388 31437 0
289 15761 15820 0
290 31361 31433 0
291 62605 62687 0
292 4041 4103 0
293 4030 4069 0
294 62629 62642 0
295 4012 4085 0
296 62605 62698 0
297 62649 62699 0
298 62623 62654 0
299 4044 4080 0
300 62683 62698 0
301 15754 15789 0
302 4059 4098 0
303 62605 62623 0
304 7919 8007 0
305 62614 62666 0
306 62667 62684 0
307 62604 62611 0
308 4027 4055 0
309 62605 62699 0
310 62630 62640 0
311 15758 15800 0
312 62622 62686 0
313 62656 62699 0
314 62634 62679 0
315 62623 62680 0
316 62610 62628 0
317 62625 62636 0
318 62658 62664 0
319 62638 62659 0
320 15732 15742 0
321 62670 62698 0
322 125118 125188 0
323 2060 2109 0
324 125131 125197 0
325 2084 2095 0
326 15729 15792 0
327 2070 2142 0
328 125132 125159 0
329 2066 2108 0
330 15745 15778 0
331 125110 125185 0
332 125115 125149 0
333 125151 125167 0
334 125151 125189 0
335 125154 125194 0
336 125142 125164 0
337 2124 2137 0
338 2080 2117 0
339 2100 2118 0
340 2059 2100 0
341 2066 2091 0
342 2093 2126 0
343 125117 125160 0
344 125132 125198 0
345 125164 125180 0
346 2110 2140 0
347 2102 2152 0
348 15727 15804 0
349 2090 2103 0
350 15774 15783 0
351 2100 2111 0
352 125108 125182 0
353 2059 2127 0
354 125135 125195 0
355 2083 2142 0
356 125101 125196 0
357 125162 125178 0
358 125124 125193 0
359 34 65 0
360 15742 15789 0
361 125114 125178 0
362 125104 125140 0
363 43 77 0
364 3 26 0
365 45 69 0
366 250128 250186 0
367 250139 250170 0
368 68 90 0
369 250106 250165 0
370 250153 250190 0
371 250132 250172 0
372 22 59 0
373 15727 15740 0
374 14 70 0
375 250149 250174 0
376 64 82 0
377 250124 250162 0
378 15770 15777 0
379 250170 250196 0
380 250156 250196 0
381 250107 250177 0
382 15767 15776 0
383 34 84 0
384 27 100 0
385 250127 250189 0
386 20 61 0
387 250161 250200 0
388 15755 15821 0
389 500106 500181 0
390 500102 500188 0
391 15741 15802 0
392 500114 500187 0
393 500136 500199 0
394 500138 500194 0
395 500119 500165 0
396 500124 500170 0
397 6 86 0
398 15772 15811 0
399 15750 15814 0
--------------
1000000 :c
1004110 :sum(p)
999999 :sum(w)
