400 :n
id p,w,x
--------------
0 31434 31362 1
1 31450 31355 1
2 83 9 1
3 76 15 1
4 57 41 1
5 34 4 1
6 42 24 1
7 62 45 1
8 96 60 1
9 36 18 1
10 67 30 1
11 30 8 1
12 31435 31363 1
13 79 21 1
14 99 65 1
15 95 7 1
16 15825 15789 1
17 52 20 1
18 76 15 1
19 66 7 1
20 48 30 1
21 2094 2068 1
22 2149 2086 1
23 2124 2075 1
24 2122 2084 1
25 15811 15775 1
26 2107 2065 1
27 2146 2081 1
28 2098 2066 1
29 2105 2089 1
30 15786 15737 1
31 2152 2128 1
32 2099 2073 1
33 2110 2060 1
34 15791 15747 1
35 2139 2121 1
36 2094 2068 1
37 2113 2084 1
38 15808 15732 1
39 2109 2083 1
40 2149 2101 1
41 2141 2103 1
42 2142 2107 1
43 2106 2090 1
44 4057 4038 1
45 4083 4047 1
46 4079 4044 1
47 15800 15739 1
48 15825 15767 1
49 4087 4020 1
50 8011 7918 1
51 4066 4011 1
52 4067 4031 1
53 4044 4021 1
54 4088 4052 1
55 4099 4056 1
56 8005 7971 1
57 4101 4041 1
58 7958 7918 1
59 4098 4043 1
60 4085 4033 1
61 8004 7925 1
62 7984 7945 1
63 7962 7921 1
64 7948 7925 1
65 8011 7967 1
66 7976 7953 1
67 7975 7933 1
68 7980 7923 1
69 7977 7937 1
70 7976 7936 1
71 59 56 1
72 20 19 0
73 2123 2111 1
74 2148 2136 1
75 4092 4076 1
76 2128 2120 1
77 4051 4036 1
78 4100 4085 1
79 2085 2079 1
80 4027 4016 1
81 4034 4024 1
82 31445 31375 1
83 2113 2109 0
84 7973 7958 1
85 31432 31373 1
86 31426 31369 1
87 15754 15726 1
88 8008 7994 1
89 31445 31392 1
90 15776 15752 1
91 4046 4040 0
92 15765 15742 1
93 15775 15752 1
94 15818 15795 1
95 31450 31406 1
96 15825 15803 1
97 31417 31374 1
98 15756 15736 1
99 62696 62619 1
100 7933 7924 1
101 62694 62623 1
102 31422 31387 1
103 2060 2058 1
104 57 47 1
105 62681 62609 1
106 15793 15778 0
107 62671 62612 0
108 62694 62636 0
109 15817 15813 0
110 7991 7997 0
111 250151 250119 0
112 62661 62605 0
113 62678 62622 0
114 31446 31418 1
115 7957 7950 0
116 4062 4062 0
117 62656 62602 0
118 15745 15732 0
119 15766 15754 0
120 15757 15746 0
121 31386 31367 0
122 31372 31354 0
123 15764 15755 0
124 15809 15800 0
125 31437 31420 0
126 7945 7941 0
127 7925 7922 0
128 31391 31380 0
129 4043 4042 0
130 31434 31427 0
131 15782 15780 0
132 15807 15807 0
133 4077 4079 0
134 4067 4069 0
135 4026 4028 0
136 7956 7960 0
137 7929 7934 0
138 4099 4102 0
139 7980 7987 0
140 7978 7985 0
141 2125 2127 0
142 4072 4078 0
143 2079 2084 0
144 4068 4079 0
145 2078 2091 0
146 34 37 0
147 73 81 0
148 82 91 0
149 75 86 0
150 62688 62667 0
151 500198 500133 0
152 62640 62619 0
153 125185 125138 0
154 500177 500113 0
155 250185 250122 0
156 125122 125105 0
157 125188 125145 0
158 250197 250128 0
159 62663 62643 0
160 250199 250140 0
161 125162 125125 0
162 250186 250130 0
163 62630 62610 0
164 125180 125161 0
165 62670 62650 0
166 125136 125107 0
167 125144 125116 0
168 250185 250115 0
169 125180 125157 0
170 62669 62640 0
171 250165 250123 0
172 250171 250113 0
173 62685 62660 0
174 62646 62625 0
175 62689 62663 0
176 500190 500105 0
177 31363 31386 0
178 31396 31425 0
179 62655 62661 0
180 31397 31405 0
181 31353 31427 0
182 31354 31380 0
183 31436 31445 0
184 62682 62698 0
185 62648 62654 0
186 62610 62617 0
187 31353 31424 0
188 62628 62656 0
189 31379 31409 0
190 125148 125180 0
191 31365 31380 0
192 62685 62692 0
193 31362 31430 0
194 62603 62632 0
195 31391 31408 0
196 31367 31439 0
197 31365 31391 0
198 62647 62648 0
199 250144 250178 0
200 15760 15817 0
201 15736 15824 0
202 62673 62700 0
203 62651 62680 0
204 15798 15801 0
205 62663 62676 0
206 15746 15770 0
207 250176 250181 0
208 62637 62651 0
209 62638 62686 0
210 15730 15802 0
211 125197 125186 0
212 125116 125183 0
213 15757 15801 0
214 125135 125146 0
215 125132 125190 0
216 15788 15819 0
217 125107 125171 0
218 15763 15815 0
219 15782 15793 0
220 250119 250163 0
221 15739 15757 0
222 125102 125120 0
223 125114 125127 0
224 15759 15793 0
225 125192 125196 0
226 250138 250159 0
227 62605 62643 0
228 15778 15807 0
229 125142 125164 0
230 62618 62678 0
231 125109 125162 0
232 15739 15759 0
233 15797 15822 0
234 15751 15765 0
235 15726 15766 0
236 250153 250157 0
237 250172 250176 0
238 15778 15816 0
239 7968 7980 0
240 125135 125198 0
241 7918 7944 0
242 7979 7994 0
243 7988 8010 0
244 31366 31388 0
245 7945 7994 0
246 125168 125188 0
247 7957 8007 0
248 7918 7988 0
249 7953 7984 0
250 125140 125191 0
251 7954 7982 0
252 7946 8002 0
253 62616 62634 0
254 7976 8002 0
255 125182 125183 0
256 7934 7981 0
257 250153 250168 0
258 250123 250182 0
259 31380 31386 0
260 7938 7970 0
261 7957 7996 0
262 125144 125138 0
263 125154 125184 0
264 250149 250155 0
265 125134 125164 0
266 250186 250185 0
267 125160 125174 0
268 250103 250144 0
269 125106 125157 0
270 250123 250144 0
271 250131 250134 0
272 125172 125185 0
273 7932 7942 0
274 7957 7981 0
275 250103 250129 0
276 62667 62690 0
277 125154 125171 0
278 250120 250190 0
279 250172 250170 0
280 250149 250149 0
281 31437 31433 0
282 4055 4093 0
283 125133 125136 0
284 250119 250182 0
285 4010 4024 0
286 4044 4087 0
287 250136 250158 0
288 125147 125168 0
289 250189 250193 0
290 4069 4100 0
291 31449 31450 0
292 4017 4044 0
293 31376 31388 0
294 4077 4095 0
295 4010 4041 0
296 125162 125173 0
297 31364 31365 0
298 250115 250192 0
299 4013 4044 0
300 4032 4101 0
301 62620 62663 0
302 250165 250136 0
303 250146 250134 0
304 250104 250137 0
305 4022 4038 0
306 250127 250116 0
307 250115 250179 0
308 125189 125197 0
309 250103 250186 0
310 125118 125165 0
311 250114 250111 0
312 4031 4086 0
313 250111 250118 0
314 4032 4067 0
315 250121 250176 0
316 4080 4102 0
317 4054 4098 0
318 31354 31352 0
319 250130 250174 0
320 2104 2120 0
321 125101 125194 0
322 250126 250149 0
323 500193 500132 0
324 125165 125182 0
325 2087 2106 0
326 500165 500134 0
327 500118 500167 0
328 500123 500180 0
329 2065 2106 0
330 500151 500153 0
331 31358 31440 0
332 500121 500101 0
333 2093 2137 0
334 2068 2114 0
335 2106 2125 0
336 500119 500186 0
337 500129 500112 0
338 500187 500148 0
339 31355 31437 0
340 125117 125143 0
341 2113 2152 0
342 500120 500106 0
343 500121 500101 0
344 500156 500144 0
345 500156 500193 0
346 2061 2095 0
347 2073 2151 0
348 2134 2152 0
349 2059 2150 0
350 2075 2139 0
351 125107 125104 0
352 500126 500139 0
353 31356 31428 0
354 500181 500176 0
355 500182 500128 0
356 500181 500165 0
357 500145 500126 0
358 500149 500107 0
359 500132 500103 0
360 500127 500162 0
361 5 68 0
362 62687 62699 0
363 31378 31448 0
364 500152 500176 0
365 500161 500123 0
366 54 87 0
367 25 65 0
368 500109 500182 0
369 500140 500154 0
370 500137 500109 0
371 1 63 0
372 500189 500161 0
373 5 61 0
374 26 47 0
375 500189 500136 0
376 33 51 0
377 125177 125192 0
378 7 49 0
379 500171 500116 0
380 500175 500156 0
381 500112 500155 0
382 62617 62691 0
383 62637 62654 0
384 3 84 0
385 52 89 0
386 500162 500113 0
387 500138 500184 0
388 13 68 0
389 30 72 0
390 69 85 0
391 500187 500175 0
392 53 88 0
393 500111 500183 0
394 500186 500156 0
395 29 65 0
396 72 90 0
397 500111 500158 0
398 62673 62675 0
399 62661 62653 0
--------------
1000000 :c
1003984 :sum(p)
999997 :sum(w)
