400 :n
id p,w,x
--------------
0 2118 2068 1
1 2128 2058 1
2 28 8 1
3 87 21 1
4 7995 7916 1
5 2112 2086 1
6 7991 7929 1
7 7987 7918 1
8 7992 7928 1
9 30 10 1
10 91 41 1
11 94 70 1
12 44 16 1
13 76 24 1
14 8008 7922 1
15 99 61 1
16 8009 7918 1
17 93 14 1
18 2126 2094 1
19 4103 4011 1
20 4075 4023 1
21 86 39 1
22 96 73 1
23 4055 4023 1
24 4062 4029 1
25 2132 2108 1
26 4105 4016 1
27 4083 4028 1
28 4068 4025 1
29 4099 4052 1
30 91 35 1
31 2124 2088 1
32 4077 4008 1
33 2100 2075 1
34 2076 2054 1
35 8011 7949 1
36 2107 2065 1
37 4090 4052 1
38 4068 4019 1
39 4064 4008 1
40 2132 2083 1
41 2137 2104 1
42 4092 4009 1
43 14 10 1
44 49 41 1
45 58 49 1
46 20 18 1
47 2131 2110 1
48 2132 2112 1
49 2095 2077 1
50 2071 2056 1
51 2122 2107 0
52 4056 4028 1
53 2082 2068 1
54 7968 7919 1
55 4071 4048 1
56 4078 4055 1
57 7960 7918 1
58 15804 15733 1
59 7966 7931 1
60 4078 4063 1
61 7945 7916 1
62 7948 7919 1
63 15798 15744 1
64 15825 15771 1
65 15794 15746 1
66 15799 15752 1
67 31445 31353 1
68 31446 31355 1
69 2121 2057 1
70 31437 31351 1
71 15825 15783 1
72 31446 31369 1
73 31443 31370 1
74 4020 4012 1
75 4060 4052 1
76 15808 15777 1
77 31421 31366 1
78 15754 15729 1
79 15766 15743 1
80 62696 62612 1
81 31412 31365 1
82 31440 31399 1
83 15822 15801 1
84 62690 62620 1
85 62696 62625 1
86 15746 15726 1
87 31434 31400 1
88 8004 7981 1
89 62680 62610 1
90 15784 15763 1
91 15773 15757 0
92 62665 62602 1
93 31435 31406 0
94 62650 62602 0
95 31450 31432 0
96 125190 125127 0
97 31435 31408 0
98 62694 62645 0
99 31444 31449 0
100 31425 31401 0
101 15769 15757 0
102 62675 62630 0
103 62680 62636 0
104 62691 62649 0
105 7977 7972 0
106 125179 125104 0
107 125187 125112 0
108 125197 125122 0
109 125198 125126 0
110 125180 125110 0
111 62662 62627 0
112 125172 125103 0
113 31393 31376 0
114 31410 31394 0
115 38 72 0
116 62672 62615 0
117 7954 7950 0
118 62661 62632 0
119 125165 125112 0
120 125181 125128 0
121 31409 31396 0
122 31436 31424 0
123 15765 15759 0
124 31374 31363 0
125 31363 31353 0
126 31418 31408 0
127 62692 62673 0
128 62655 62638 0
129 7973 7971 0
130 4019 4018 0
131 62686 62674 0
132 62694 62682 0
133 62621 62610 0
134 62655 62647 0
135 62690 62682 0
136 31378 31375 0
137 15811 15810 0
138 62664 62661 0
139 15806 15806 0
140 7992 7992 0
141 8004 8004 0
142 7984 7984 0
143 7973 7974 0
144 7968 7971 0
145 4030 4032 0
146 8007 8011 0
147 4061 4064 0
148 7970 7976 0
149 7967 7976 0
150 4012 4021 0
151 2073 2078 0
152 4020 4030 0
153 4055 4066 0
154 4008 4019 0
155 2070 2076 0
156 2093 2101 0
157 2120 2132 0
158 2096 2109 0
159 82 92 0
160 15 17 1
161 60 68 0
162 52 69 0
163 47 65 0
164 34 48 0
165 25 43 0
166 500179 500106 0
167 500198 500176 0
168 500189 500162 0
169 125142 125126 0
170 500147 500106 0
171 125166 125152 0
172 500162 500123 0
173 500174 500105 0
174 500192 500135 0
175 500169 500102 0
176 500134 500108 0
177 500177 500129 0
178 125134 125121 0
179 125186 125142 0
180 125193 125184 0
181 125134 125116 0
182 250184 250133 0
183 250180 250139 0
184 250164 250136 0
185 250186 250107 0
186 250162 250134 0
187 250178 250147 0
188 250155 250121 0
189 250194 250126 0
190 250171 250135 0
191 250198 250117 0
192 125124 125107 0
193 250191 250102 0
194 250185 250124 0
195 250128 250116 0
196 250173 250155 0
197 125179 125164 0
198 500123 500102 0
199 125160 125115 0
200 125168 125138 0
201 500200 500116 0
202 500167 500113 0
203 500151 500122 0
204 500187 500162 0
205 500195 500153 0
206 500140 500113 0
207 500138 500109 0
208 500183 500161 0
209 15731 15762 0
210 15769 15821 0
211 15728 15779 0
212 15727 15757 0
213 62609 62612 0
214 15733 15789 0
215 62603 62614 0
216 62686 62691 0
217 15757 15795 0
218 15734 15756 0
219 62624 62696 0
220 15765 15819 0
221 62654 62684 0
222 62662 62668 0
223 15731 15750 0
224 62615 62640 0
225 62640 62640 0
226 62692 62696 0
227 15771 15803 0
228 15729 15791 0
229 62659 62661 0
230 15754 15764 0
231 15765 15809 0
232 15793 15811 0
233 15783 15807 0
234 62606 62636 0
235 62654 62681 0
236 15793 15804 0
237 15758 15824 0
238 62630 62653 0
239 62677 62686 0
240 62623 62633 0
241 125157 125154 0
242 125110 125112 0
243 62615 62644 0
244 15801 15825 0
245 7964 7990 0
246 125117 125168 0
247 62625 62643 0
248 125122 125149 0
249 7955 8008 0
250 125184 125181 0
251 15739 15762 0
252 7926 7964 0
253 125199 125196 0
254 125116 125171 0
255 125111 125122 0
256 15778 15818 0
257 7939 7951 0
258 7948 7991 0
259 15738 15777 0
260 7946 7959 0
261 125135 125143 0
262 125149 125182 0
263 7962 7988 0
264 7980 7998 0
265 7926 7940 0
266 7918 7960 0
267 7947 7976 0
268 125147 125195 0
269 15792 15800 0
270 7966 7978 0
271 7951 8008 0
272 125136 125135 0
273 7960 7977 0
274 7952 7969 0
275 125120 125129 0
276 15777 15824 0
277 7928 7999 0
278 125113 125165 0
279 62614 62613 0
280 4044 4080 0
281 4035 4073 0
282 4010 4077 0
283 125100 125144 0
284 4014 4103 0
285 125105 125109 0
286 4017 4104 0
287 125120 125127 0
288 125128 125147 0
289 4008 4036 0
290 62672 62696 0
291 125128 125146 0
292 125125 125126 0
293 4028 4081 0
294 31390 31420 0
295 31376 31380 0
296 125121 125187 0
297 250128 250198 0
298 4022 4080 0
299 4036 4090 0
300 250117 250141 0
301 250150 250152 0
302 250151 250158 0
303 250135 250176 0
304 250119 250111 0
305 250180 250190 0
306 250112 250117 0
307 4082 4100 0
308 4062 4096 0
309 250107 250148 0
310 4017 4096 0
311 250121 250116 0
312 250115 250140 0
313 31384 31402 0
314 250158 250171 0
315 4014 4097 0
316 31359 31374 0
317 250135 250153 0
318 4038 4083 0
319 250126 250131 0
320 250117 250143 0
321 250148 250159 0
322 2096 2137 0
323 250139 250172 0
324 31379 31429 0
325 2080 2119 0
326 250114 250185 0
327 250145 250167 0
328 2111 2129 0
329 250103 250187 0
330 2068 2091 0
331 2087 2136 0
332 2115 2153 0
333 250134 250182 0
334 2054 2134 0
335 250116 250186 0
336 2116 2144 0
337 250101 250187 0
338 2093 2125 0
339 2070 2139 0
340 2110 2129 0
341 250120 250177 0
342 2078 2139 0
343 31425 31430 0
344 2113 2141 0
345 31387 31430 0
346 31359 31449 0
347 31385 31447 0
348 2095 2113 0
349 250101 250172 0
350 250162 250180 0
351 2113 2152 0
352 500110 500177 0
353 500158 500188 0
354 500187 500174 0
355 500107 500197 0
356 2054 2111 0
357 2092 2112 0
358 500175 500174 0
359 500130 500185 0
360 31367 31369 0
361 500114 500183 0
362 31353 31413 0
363 500116 500129 0
364 500146 500165 0
365 500153 500167 0
366 500181 500175 0
367 500148 500178 0
368 31385 31425 0
369 31360 31378 0
370 41 83 0
371 31351 31383 0
372 37 58 0
373 5 91 0
374 38 98 0
375 31354 31368 0
376 5 94 0
377 31357 31400 0
378 42 68 0
379 500112 500193 0
380 1 40 0
381 63 82 0
382 47 73 0
383 500129 500114 0
384 1 61 0
385 3 55 0
386 500153 500161 0
387 500180 500159 0
388 500105 500135 0
389 500154 500142 0
390 49 80 0
391 67 87 0
392 8 62 0
393 500104 500172 0
394 42 71 0
395 500125 500145 0
396 500135 500188 0
397 5 80 0
398 31376 31379 0
399 31425 31436 0
--------------
1000000 :c
1004059 :sum(p)
1000000 :sum(w)
