400 :n
id p,w,x
--------------
0 94 10 1
1 93 50 1
2 8003 7955 1
3 8010 7947 1
4 7980 7951 1
5 15779 15740 1
6 96 32 1
7 7946 7915 1
8 82 36 1
9 4085 4017 1
10 4044 4009 1
11 15812 15771 1
12 15806 15772 1
13 15787 15733 1
14 31448 31381 1
15 4088 4024 1
16 4098 4073 1
17 15809 15747 1
18 4098 4077 1
19 4090 4017 1
20 4064 4011 1
21 4101 4027 1
22 4106 4028 1
23 4095 4042 1
24 4098 4013 1
25 4063 4026 1
26 15820 15754 1
27 45 27 1
28 4037 4015 1
29 4075 4015 1
30 31436 31353 1
31 15811 15759 1
32 15807 15759 1
33 7971 7923 1
34 4060 4014 1
35 2149 2085 1
36 2151 2064 1
37 2143 2059 1
38 2112 2079 1
39 2108 2067 1
40 8000 7936 1
41 2139 2056 1
42 7957 7913 1
43 59 16 1
44 2119 2064 1
45 7978 7945 1
46 99 23 1
47 8009 7916 1
48 96 55 1
49 2102 2068 1
50 2151 2090 1
51 68 35 1
52 15821 15769 1
53 2148 2096 1
54 2150 2120 1
55 8010 7919 1
56 71 23 1
57 31440 31362 1
58 2144 2128 1
59 15821 15788 1
60 55 17 1
61 38 8 1
62 2113 2090 1
63 31408 31353 1
64 31439 31383 1
65 31414 31365 1
66 31431 31372 1
67 31439 31375 1
68 25 21 1
69 88 77 1
70 85 75 1
71 2130 2121 1
72 2129 2121 1
73 2149 2141 1
74 7960 7941 1
75 2109 2104 1
76 7955 7937 1
77 7933 7917 1
78 4053 4045 1
79 15788 15757 1
80 7983 7970 1
81 15817 15792 1
82 7933 7921 1
83 15811 15788 1
84 31423 31378 1
85 31410 31371 1
86 4047 4042 1
87 4059 4054 1
88 15815 15796 1
89 7955 7946 1
90 7979 7970 1
91 31436 31403 0
92 31406 31374 1
93 15746 15730 0
94 2103 2063 1
95 62672 62608 1
96 31392 31359 0
97 15761 15745 1
98 62672 62609 1
99 31440 31409 0
100 31444 31416 0
101 31429 31448 0
102 10 46 0
103 7979 7971 1
104 31398 31368 1
105 31385 31356 0
106 31405 31376 0
107 62678 62621 0
108 7982 7981 0
109 62667 62611 0
110 62660 62606 0
111 62672 62622 0
112 4092 4089 1
113 2153 2152 1
114 15808 15802 0
115 15794 15792 0
116 7925 7924 0
117 7992 7991 0
118 15727 15727 0
119 15776 15776 0
120 4017 4018 0
121 8006 8008 0
122 7981 7986 0
123 7928 7935 0
124 2071 2074 1
125 4048 4056 0
126 2088 2093 0
127 4084 4094 0
128 2124 2131 0
129 2139 2148 0
130 2065 2076 0
131 42 44 0
132 55 60 0
133 53 61 0
134 20 24 0
135 2 7 0
136 62686 62654 0
137 500164 500122 0
138 500153 500114 0
139 500172 500142 0
140 125125 125111 0
141 62682 62673 0
142 500196 500164 0
143 500134 500105 0
144 125180 125149 0
145 125163 125156 0
146 125193 125137 0
147 500123 500103 0
148 250153 250103 0
149 250183 250107 0
150 500196 500164 0
151 500178 500135 0
152 500178 500145 0
153 250179 250169 0
154 500199 500143 0
155 125118 125111 0
156 62666 62619 0
157 500151 500109 0
158 62697 62672 0
159 500196 500146 0
160 125135 125129 0
161 125176 125118 0
162 250122 250112 0
163 500174 500113 0
164 125179 125105 0
165 500131 500112 0
166 500153 500117 0
167 250182 250130 0
168 125157 125140 0
169 250198 250157 0
170 125168 125146 0
171 250185 250144 0
172 250159 250111 0
173 500154 500104 0
174 31426 31422 0
175 125111 125106 0
176 31405 31402 0
177 125199 125172 0
178 125166 125152 0
179 31404 31400 0
180 125151 125147 0
181 250134 250125 0
182 250171 250126 0
183 250138 250119 0
184 250147 250137 0
185 500149 500110 0
186 125113 125105 0
187 500153 500124 0
188 125157 125114 0
189 250145 250105 0
190 250191 250123 0
191 125195 125187 0
192 125180 125172 0
193 250194 250133 0
194 250186 250132 0
195 62672 62658 0
196 125138 125146 0
197 125151 125162 0
198 250106 250130 0
199 250172 250172 0
200 250148 250172 0
201 250135 250140 0
202 250166 250173 0
203 250116 250141 0
204 250141 250154 0
205 250143 250173 0
206 250183 250199 0
207 250192 250188 0
208 250108 250135 0
209 250113 250117 0
210 500122 500156 0
211 500126 500182 0
212 500133 500186 0
213 500174 500175 0
214 500128 500143 0
215 125156 125170 0
216 500128 500113 0
217 500103 500115 0
218 500181 500199 0
219 500135 500163 0
220 500160 500195 0
221 500121 500110 0
222 500115 500162 0
223 500139 500152 0
224 500183 500190 0
225 500126 500112 0
226 500157 500175 0
227 500116 500134 0
228 125144 125158 0
229 62685 62686 0
230 62669 62671 0
231 125185 125196 0
232 125172 125132 0
233 125143 125133 0
234 250155 250132 0
235 31416 31414 0
236 125172 125130 0
237 31402 31390 0
238 62668 62642 0
239 250136 250106 0
240 500198 500165 0
241 62688 62651 0
242 62650 62608 0
243 125189 125176 0
244 500181 500120 0
245 62666 62620 0
246 250170 250131 0
247 62615 62604 0
248 7960 8009 0
249 15758 15783 0
250 7972 8012 0
251 7949 7975 0
252 15764 15770 0
253 7934 7992 0
254 7969 8007 0
255 7947 7971 0
256 15731 15823 0
257 15809 15811 0
258 31380 31423 0
259 15763 15812 0
260 7961 7972 0
261 7936 7950 0
262 31356 31415 0
263 31358 31378 0
264 15787 15789 0
265 7934 7982 0
266 7951 7960 0
267 7929 7953 0
268 31402 31440 0
269 31378 31431 0
270 31388 31394 0
271 31381 31427 0
272 31409 31426 0
273 31392 31427 0
274 31379 31434 0
275 7960 8000 0
276 7956 7977 0
277 7923 7977 0
278 31367 31388 0
279 31363 31411 0
280 4017 4042 0
281 4008 4033 0
282 4012 4078 0
283 4011 4058 0
284 4033 4105 0
285 4023 4104 0
286 4011 4104 0
287 31362 31379 0
288 4021 4069 0
289 31353 31412 0
290 31411 31437 0
291 4026 4086 0
292 15740 15804 0
293 31408 31430 0
294 4020 4094 0
295 15728 15756 0
296 62676 62693 0
297 4016 4075 0
298 62609 62649 0
299 62633 62696 0
300 62627 62682 0
301 4074 4086 0
302 4011 4087 0
303 4010 4092 0
304 7951 7999 0
305 4041 4093 0
306 4024 4075 0
307 7929 8000 0
308 62660 62687 0
309 62660 62693 0
310 62618 62626 0
311 62616 62638 0
312 62602 62661 0
313 62610 62650 0
314 62656 62680 0
315 62624 62646 0
316 4053 4095 0
317 4079 4092 0
318 62645 62686 0
319 15756 15760 0
320 62684 62698 0
321 62610 62621 0
322 62617 62685 0
323 62602 62622 0
324 62621 62662 0
325 62650 62665 0
326 15740 15791 0
327 2112 2142 0
328 62635 62659 0
329 62614 62634 0
330 62607 62677 0
331 125131 125199 0
332 15778 15791 0
333 2085 2128 0
334 2078 2127 0
335 15784 15817 0
336 2107 2141 0
337 125110 125193 0
338 125108 125142 0
339 125123 125165 0
340 2054 2082 0
341 2112 2135 0
342 2071 2122 0
343 2084 2105 0
344 125163 125199 0
345 2117 2132 0
346 2125 2152 0
347 125115 125159 0
348 15771 15778 0
349 2104 2129 0
350 125127 125168 0
351 2066 2091 0
352 2069 2140 0
353 2125 2148 0
354 125179 125196 0
355 2055 2084 0
356 2054 2079 0
357 125103 125160 0
358 125159 125197 0
359 8 48 0
360 125143 125180 0
361 4 23 0
362 31 92 0
363 125134 125176 0
364 125120 125148 0
365 250125 250167 0
366 15748 15758 0
367 250136 250168 0
368 17 88 0
369 250108 250144 0
370 78 100 0
371 250151 250197 0
372 250124 250175 0
373 250118 250169 0
374 250161 250198 0
375 250124 250173 0
376 15780 15824 0
377 31 64 0
378 250127 250160 0
379 38 92 0
380 24 56 0
381 36 84 0
382 500122 500194 0
383 34 57 0
384 15 54 0
385 15770 15783 0
386 43 59 0
387 15759 15788 0
388 18 57 0
389 5 21 0
390 500112 500193 0
391 15730 15757 0
392 40 70 0
393 21 48 0
394 49 98 0
395 22 53 0
396 38 77 0
397 500123 500191 0
398 15778 15825 0
399 15816 15819 0
--------------
1000000 :c
1004162 :sum(p)
1000000 :sum(w)
