400 :n
id p,w,x
--------------
0 15781 15740 1
1 31448 31362 1
2 83 6 1
3 15795 15728 1
4 15788 15730 1
5 43 29 1
6 65 16 1
7 68 46 1
8 50 17 1
9 88 15 1
10 15821 15728 1
11 41 4 1
12 83 68 1
13 69 31 1
14 82 3 1
15 71 51 1
16 79 27 1
17 2125 2075 1
18 2147 2090 1
19 2103 2089 1
20 2149 2086 1
21 2108 2065 1
22 2131 2110 1
23 2137 2088 1
24 2136 2073 1
25 2132 2114 1
26 2102 2067 1
27 2103 2061 1
28 2153 2116 1
29 2088 2067 1
30 2096 2064 1
31 2149 2099 1
32 2139 2077 1
33 2089 2069 1
34 2094 2081 1
35 2153 2140 1
36 4083 4015 1
37 4060 4032 1
38 4079 4029 1
39 4073 4038 1
40 4098 4029 1
41 4079 4031 1
42 4084 4007 1
43 4091 4019 1
44 4094 4009 1
45 7969 7934 1
46 4101 4057 1
47 4101 4081 1
48 7988 7948 1
49 7959 7916 1
50 8001 7957 1
51 7971 7941 1
52 7992 7967 1
53 7984 7956 1
54 8012 7952 1
55 7987 7947 1
56 7994 7955 1
57 7952 7923 1
58 8000 7935 1
59 8010 7982 1
60 7978 7928 1
61 7957 7930 1
62 7959 7923 1
63 31432 31376 1
64 31426 31377 1
65 31415 31360 1
66 31435 31383 1
67 15807 15776 1
68 31436 31355 1
69 31441 31362 1
70 15784 15745 1
71 15775 15743 1
72 15807 15770 1
73 7970 7952 1
74 31440 31371 1
75 31443 31366 1
76 96 89 1
77 72 68 1
78 66 64 1
79 4020 4009 1
80 4064 4054 1
81 4020 4011 1
82 4059 4051 1
83 4077 4069 1
84 8001 7986 1
85 7944 7930 1
86 4050 4043 1
87 4098 4091 1
88 2096 2093 0
89 7937 7926 0
90 31421 31379 1
91 4036 4031 1
92 15771 15752 1
93 31409 31374 1
94 15803 15786 1
95 62700 62636 1
96 31417 31385 1
97 31433 31401 1
98 48 30 1
99 15765 15736 1
100 7935 7919 1
101 15786 15770 0
102 62681 62620 1
103 2083 2081 1
104 62699 62688 0
105 31441 31427 0
106 250124 250183 0
107 62667 62608 0
108 62668 62612 0
109 62674 62621 0
110 15808 15795 1
111 15810 15797 0
112 7993 7987 0
113 31391 31368 0
114 15763 15752 0
115 31388 31367 0
116 8001 7996 0
117 15790 15781 0
118 15800 15791 0
119 15813 15805 0
120 4089 4087 0
121 15744 15739 0
122 15788 15784 0
123 7925 7923 0
124 4022 4021 0
125 4040 4040 0
126 2113 2116 0
127 2142 2147 0
128 42 45 0
129 18 25 0
130 31360 31352 0
131 62694 62668 0
132 125199 125160 0
133 62645 62631 0
134 250166 250114 0
135 125182 125111 0
136 250186 250146 0
137 125171 125137 0
138 62662 62652 0
139 125186 125106 0
140 250186 250132 0
141 125166 125136 0
142 125188 125155 0
143 250200 250156 0
144 125154 125132 0
145 125176 125124 0
146 125173 125143 0
147 31427 31413 0
148 31417 31403 0
149 250183 250129 0
150 31365 31353 0
151 250153 250104 0
152 62665 62647 0
153 62656 62616 0
154 62643 62611 0
155 62642 62614 0
156 125161 125125 0
157 125186 125113 0
158 250183 250125 0
159 31354 31353 0
160 250166 250134 0
161 500195 500118 0
162 62676 62674 0
163 62675 62675 0
164 500110 500127 0
165 250133 250101 0
166 62683 62679 0
167 62642 62639 0
168 500157 500118 0
169 500177 500102 0
170 250163 250176 0
171 250162 250139 0
172 250127 250129 0
173 500150 500125 0
174 500137 500129 0
175 250137 250133 0
176 62665 62660 0
177 250129 250124 0
178 125149 125140 0
179 500196 500174 0
180 62652 62654 0
181 500170 500104 0
182 250183 250153 0
183 125198 125194 0
184 500155 500146 0
185 500168 500150 0
186 500105 500120 0
187 500152 500161 0
188 31423 31421 0
189 250146 250145 0
190 500134 500148 0
191 500193 500123 0
192 250122 250123 0
193 250199 250190 0
194 500174 500104 0
195 125192 125197 0
196 250143 250118 0
197 500168 500111 0
198 500189 500174 0
199 500145 500151 0
200 500149 500133 0
201 500170 500196 0
202 15801 15800 0
203 15795 15793 0
204 250133 250120 0
205 250117 250126 0
206 125127 125112 0
207 500165 500165 0
208 125172 125177 0
209 125130 125115 0
210 500172 500110 0
211 500162 500104 0
212 125168 125170 0
213 500180 500104 0
214 125168 125163 0
215 500184 500178 0
216 125147 125135 0
217 500155 500119 0
218 15786 15785 0
219 250115 250128 0
220 62682 62675 0
221 125190 125140 0
222 31418 31412 0
223 125155 125121 0
224 62686 62665 0
225 15768 15823 0
226 15807 15823 0
227 15754 15818 0
228 15740 15773 0
229 15771 15795 0
230 15773 15800 0
231 15753 15813 0
232 15728 15729 0
233 15757 15808 0
234 15772 15816 0
235 250117 250196 0
236 15814 15825 0
237 31368 31418 0
238 31373 31381 0
239 31356 31367 0
240 31414 31432 0
241 7947 7981 0
242 7962 8000 0
243 7961 8011 0
244 31401 31445 0
245 250126 250199 0
246 7922 7980 0
247 7954 8006 0
248 250113 250195 0
249 31368 31427 0
250 7952 7958 0
251 7939 7946 0
252 7923 7961 0
253 250115 250187 0
254 31393 31416 0
255 31413 31427 0
256 31354 31431 0
257 250133 250162 0
258 250104 250195 0
259 31370 31397 0
260 7983 8007 0
261 31353 31364 0
262 7926 7939 0
263 7916 7990 0
264 31404 31447 0
265 31356 31419 0
266 7944 7992 0
267 31368 31424 0
268 7986 8003 0
269 7962 7975 0
270 31385 31423 0
271 7923 7980 0
272 31410 31450 0
273 31408 31426 0
274 7915 7939 0
275 62630 62691 0
276 250109 250162 0
277 62629 62656 0
278 62639 62651 0
279 4008 4100 0
280 250134 250194 0
281 62609 62668 0
282 62626 62632 0
283 4028 4058 0
284 4055 4092 0
285 250142 250195 0
286 4022 4046 0
287 4062 4076 0
288 4098 4106 0
289 62661 62676 0
290 4094 4102 0
291 62626 62655 0
292 62612 62688 0
293 250122 250137 0
294 62650 62678 0
295 62616 62627 0
296 4017 4050 0
297 62627 62678 0
298 4065 4086 0
299 62666 62681 0
300 4032 4059 0
301 4024 4063 0
302 62668 62694 0
303 250132 250179 0
304 4015 4044 0
305 62650 62673 0
306 4016 4070 0
307 500122 500179 0
308 62617 62642 0
309 4012 4055 0
310 62631 62637 0
311 62636 62697 0
312 62656 62664 0
313 4020 4034 0
314 4034 4054 0
315 4026 4074 0
316 4043 4101 0
317 62672 62688 0
318 125109 125190 0
319 125169 125180 0
320 2086 2101 0
321 125135 125196 0
322 125112 125124 0
323 2055 2067 0
324 15729 15777 0
325 125111 125194 0
326 125105 125150 0
327 125158 125173 0
328 2084 2113 0
329 500125 500159 0
330 2094 2124 0
331 2091 2135 0
332 500156 500193 0
333 2131 2139 0
334 2085 2106 0
335 500121 500169 0
336 125123 125176 0
337 125159 125172 0
338 2065 2099 0
339 500104 500151 0
340 125138 125149 0
341 125126 125164 0
342 15726 15759 0
343 2061 2093 0
344 125109 125186 0
345 2092 2139 0
346 125107 125134 0
347 2061 2147 0
348 2128 2151 0
349 2067 2108 0
350 125119 125186 0
351 125160 125188 0
352 2108 2141 0
353 500103 500199 0
354 125137 125175 0
355 125146 125190 0
356 2102 2124 0
357 2101 2122 0
358 2084 2137 0
359 12 40 0
360 34 47 0
361 125109 125174 0
362 250131 250182 0
363 500141 500199 0
364 41 100 0
365 44 77 0
366 9 94 0
367 56 82 0
368 15733 15803 0
369 71 91 0
370 500108 500169 0
371 34 94 0
372 79 100 0
373 500113 500162 0
374 11 37 0
375 23 46 0
376 4 47 0
377 61 93 0
378 500104 500147 0
379 47 95 0
380 250124 250182 0
381 27 93 0
382 15782 15808 0
383 79 88 0
384 29 50 0
385 8 27 0
386 500131 500177 0
387 250161 250175 0
388 500108 500164 0
389 14 47 0
390 75 90 0
391 250112 250179 0
392 500162 500191 0
393 45 79 0
394 250137 250176 0
395 500103 500167 0
396 250102 250164 0
397 4 53 0
398 15768 15815 0
399 15736 15774 0
--------------
1000000 :c
1003933 :sum(p)
999999 :sum(w)
