400 :n
id p,w,x
--------------
0 15821 15756 1
1 98 4 1
2 25 4 1
3 4064 4014 1
4 4098 4045 1
5 4058 4031 1
6 4103 4032 1
7 4079 4017 1
8 4066 4038 1
9 4096 4013 1
10 4028 4008 1
11 4098 4016 1
12 4064 4043 1
13 4081 4054 1
14 4073 4011 1
15 4091 4071 1
16 4095 4018 1
17 4039 4020 1
18 4064 4022 1
19 4095 4068 1
20 4035 4015 1
21 2085 2059 1
22 4103 4023 1
23 8012 7929 1
24 2141 2078 1
25 2153 2122 1
26 7974 7926 1
27 2151 2117 1
28 78 20 1
29 8001 7950 1
30 62 30 1
31 2140 2090 1
32 2135 2092 1
33 7959 7915 1
34 2132 2062 1
35 2127 2100 1
36 7960 7915 1
37 7989 7913 1
38 8001 7930 1
39 2111 2086 1
40 7961 7927 1
41 2101 2070 1
42 2127 2077 1
43 99 84 1
44 2142 2093 1
45 83 7 1
46 8004 7969 1
47 8004 7951 1
48 76 30 1
49 73 24 1
50 56 36 1
51 91 32 1
52 2113 2080 1
53 2118 2057 1
54 15805 15741 1
55 78 14 1
56 15822 15741 1
57 83 70 1
58 76 66 1
59 98 87 1
60 2069 2054 1
61 15811 15747 1
62 7992 7961 1
63 7995 7966 1
64 4070 4056 1
65 15789 15736 1
66 7940 7920 1
67 15803 15765 1
68 8008 7989 1
69 15765 15728 1
70 15771 15736 1
71 15824 15789 1
72 15778 15745 1
73 31448 31383 1
74 31418 31356 1
75 31422 31360 1
76 15769 15738 1
77 31424 31363 1
78 2064 2060 1
79 31420 31361 1
80 15761 15732 1
81 15762 15734 1
82 15775 15748 1
83 31449 31400 1
84 31450 31401 1
85 15754 15730 1
86 31440 31393 1
87 31439 31393 1
88 15820 15797 1
89 31413 31371 1
90 15822 15801 1
91 15818 15798 1
92 7970 7961 1
93 7981 7972 1
94 15796 15781 1
95 2056 2054 0
96 4102 4023 1
97 62684 62606 1
98 62692 62634 1
99 62689 62636 0
100 62675 62626 0
101 62700 62678 0
102 57 58 0
103 62664 62627 0
104 7953 7947 1
105 31415 31394 0
106 62646 62605 0
107 62683 62643 0
108 7997 8002 0
109 62689 62645 0
110 125172 125105 0
111 125184 125118 0
112 125186 125123 0
113 125199 125137 0
114 62680 62649 0
115 78 83 0
116 125198 125137 0
117 62638 62608 0
118 31447 31432 0
119 15767 15760 0
120 62644 62617 0
121 62655 62628 0
122 31378 31365 0
123 7949 7946 0
124 31366 31357 0
125 31384 31380 0
126 31421 31418 0
127 31396 31394 0
128 31423 31421 0
129 31405 31404 0
130 2149 2149 0
131 15798 15798 0
132 4008 4008 1
133 7928 7928 0
134 15785 15786 0
135 4104 4105 1
136 7929 7931 0
137 15734 15738 0
138 7954 7957 0
139 7942 7945 0
140 15727 15735 0
141 15751 15761 0
142 7925 7931 0
143 7974 7981 0
144 7959 7966 0
145 4073 4077 0
146 7944 7956 0
147 2070 2075 0
148 4025 4036 0
149 2111 2117 0
150 2069 2077 0
151 2085 2096 0
152 2125 2138 0
153 75 76 0
154 53 57 0
155 42 46 0
156 34 38 1
157 32 39 0
158 8 20 0
159 62622 62698 0
160 31383 31384 0
161 31386 31414 0
162 125150 125188 0
163 125148 125125 0
164 125197 125185 0
165 125153 125164 0
166 125188 125153 0
167 31397 31422 0
168 125112 125198 0
169 62652 62664 0
170 31368 31398 0
171 31374 31383 0
172 125119 125197 0
173 31427 31448 0
174 31366 31377 0
175 62657 62658 0
176 31390 31435 0
177 125173 125152 0
178 125139 125189 0
179 125152 125195 0
180 125149 125112 0
181 31409 31411 0
182 125130 125195 0
183 31352 31381 0
184 125130 125197 0
185 125153 125111 0
186 31390 31441 0
187 31413 31418 0
188 125140 125131 0
189 125128 125178 0
190 125125 125172 0
191 125151 125146 0
192 125111 125145 0
193 125100 125137 0
194 125153 125136 0
195 62657 62681 0
196 31399 31403 0
197 31397 31431 0
198 125122 125144 0
199 125109 125130 0
200 125158 125130 0
201 250179 250183 0
202 250101 250138 0
203 250119 250177 0
204 250174 250188 0
205 62618 62640 0
206 250124 250152 0
207 62639 62697 0
208 250165 250193 0
209 250131 250142 0
210 125156 125160 0
211 250137 250160 0
212 250144 250195 0
213 15739 15765 0
214 250191 250157 0
215 250160 250191 0
216 250122 250154 0
217 250137 250192 0
218 250124 250195 0
219 250176 250104 0
220 250123 250120 0
221 250187 250174 0
222 125137 125168 0
223 250142 250168 0
224 250156 250180 0
225 15759 15782 0
226 250188 250141 0
227 250148 250123 0
228 250179 250150 0
229 250141 250192 0
230 15783 15810 0
231 250185 250110 0
232 250157 250187 0
233 62694 62678 0
234 250111 250126 0
235 250172 250140 0
236 15778 15796 0
237 250169 250121 0
238 62695 62677 0
239 250158 250145 0
240 250200 250139 0
241 250116 250198 0
242 125101 125169 0
243 62608 62604 0
244 250108 250117 0
245 250115 250114 0
246 250194 250188 0
247 250151 250193 0
248 62651 62665 0
249 250177 250200 0
250 250106 250108 0
251 250177 250191 0
252 62696 62685 0
253 62645 62678 0
254 250140 250103 0
255 250184 250111 0
256 500183 500131 0
257 500137 500199 0
258 62659 62641 0
259 500145 500103 0
260 500113 500187 0
261 500141 500196 0
262 500126 500123 0
263 500103 500170 0
264 500156 500132 0
265 500112 500176 0
266 500167 500161 0
267 500123 500177 0
268 125133 125192 0
269 125144 125126 0
270 62629 62697 0
271 500200 500117 0
272 62695 62678 0
273 500121 500180 0
274 500172 500107 0
275 500129 500110 0
276 500133 500155 0
277 500136 500200 0
278 500191 500160 0
279 500187 500171 0
280 62687 62683 0
281 500118 500130 0
282 62625 62653 0
283 500104 500187 0
284 500196 500117 0
285 500102 500135 0
286 500139 500163 0
287 500188 500122 0
288 500108 500109 0
289 500134 500139 0
290 500103 500112 0
291 500197 500186 0
292 500185 500122 0
293 500147 500147 0
294 500183 500130 0
295 500185 500145 0
296 500190 500118 0
297 500165 500184 0
298 62643 62670 0
299 500182 500162 0
300 500180 500113 0
301 500165 500138 0
302 500118 500104 0
303 500139 500102 0
304 125131 125166 0
305 125111 125110 0
306 62625 62676 0
307 125113 125199 0
308 62630 62606 0
309 62645 62643 0
310 125183 125144 0
311 125186 125138 0
312 62625 62667 0
313 125122 125180 0
314 62617 62662 0
315 62690 62685 0
316 62658 62674 0
317 62615 62627 0
318 62666 62692 0
319 2130 2145 0
320 2072 2094 0
321 4031 4066 0
322 2067 2136 0
323 4017 4034 0
324 2098 2125 0
325 7949 7969 0
326 2092 2132 0
327 7943 8009 0
328 7920 8002 0
329 7919 7974 0
330 2106 2132 0
331 4030 4069 0
332 7933 7951 0
333 7942 8005 0
334 2106 2129 0
335 7914 7951 0
336 7943 7993 0
337 7976 8008 0
338 7955 7987 0
339 4026 4100 0
340 7954 7984 0
341 4075 4088 0
342 7957 7981 0
343 2097 2139 0
344 2100 2115 0
345 2087 2110 0
346 2074 2137 0
347 2068 2095 0
348 7942 7989 0
349 4012 4097 0
350 15752 15817 0
351 15730 15761 0
352 15755 15788 0
353 2096 2138 0
354 2115 2150 0
355 2080 2113 0
356 2082 2098 0
357 15753 15806 0
358 2056 2075 0
359 15766 15810 0
360 72 99 0
361 4039 4052 0
362 37 95 0
363 4049 4069 0
364 69 95 0
365 24 58 0
366 15727 15761 0
367 4008 4085 0
368 32 50 0
369 16 86 0
370 56 95 0
371 47 98 0
372 5 29 0
373 15740 15820 0
374 4017 4104 0
375 15733 15815 0
376 4073 4106 0
377 16 42 0
378 15736 15806 0
379 15752 15816 0
380 15744 15772 0
381 7 53 0
382 4028 4088 0
383 31354 31415 0
384 17 81 0
385 4028 4082 0
386 9 51 0
387 52 94 0
388 31362 31439 0
389 31371 31436 0
390 31358 31422 0
391 31354 31422 0
392 34 63 0
393 31359 31439 0
394 54 89 0
395 31377 31444 0
396 1 85 0
397 27 95 0
398 4049 4081 0
399 4015 4033 0
--------------
1000000 :c
1004202 :sum(p)
999999 :sum(w)
