400 :n
id p,w,x
--------------
0 52 28 1
1 67 46 1
2 7977 7945 1
3 81 46 1
4 4065 4019 1
5 4085 4012 1
6 4091 4047 1
7 4105 4010 1
8 4097 4024 1
9 8006 7958 1
10 7985 7941 1
11 4089 4027 1
12 4087 4031 1
13 7938 7920 1
14 8007 7941 1
15 4093 4057 1
16 8009 7990 1
17 4102 4032 1
18 4073 4020 1
19 7969 7952 1
20 8005 7982 1
21 4072 4039 1
22 4098 4038 1
23 7989 7913 1
24 4089 4073 1
25 7999 7918 1
26 4087 4034 1
27 4071 4044 1
28 15796 15729 1
29 4083 4051 1
30 15819 15762 1
31 2096 2068 1
32 2151 2101 1
33 15820 15754 1
34 2152 2062 1
35 15793 15759 1
36 2151 2101 1
37 15799 15735 1
38 2118 2062 1
39 15774 15730 1
40 2092 2075 1
41 2124 2084 1
42 15785 15726 1
43 15819 15748 1
44 15793 15731 1
45 2142 2060 1
46 52 36 1
47 2088 2059 1
48 2132 2064 1
49 70 20 1
50 2151 2122 1
51 2075 2054 1
52 2143 2100 1
53 2106 2066 1
54 2142 2102 1
55 2133 2068 1
56 7968 7952 1
57 51 8 1
58 31432 31355 1
59 38 18 1
60 48 16 1
61 70 47 1
62 43 10 1
63 90 72 1
64 92 55 1
65 74 49 1
66 31440 31359 1
67 34 5 1
68 70 38 1
69 75 34 1
70 63 8 1
71 31436 31379 1
72 31437 31381 1
73 34 26 1
74 85 79 1
75 2135 2129 1
76 2077 2072 1
77 2106 2101 1
78 4059 4050 1
79 15788 15759 1
80 15822 15793 1
81 7973 7959 1
82 15785 15758 1
83 15815 15788 1
84 15813 15790 1
85 2065 2062 0
86 7977 7966 1
87 31425 31384 1
88 62695 62615 1
89 31433 31393 1
90 15796 15776 1
91 7987 7977 1
92 62698 62620 1
93 93 86 1
94 62693 62617 1
95 62669 62601 1
96 15795 15778 1
97 31447 31414 1
98 15764 15748 1
99 2082 2080 0
100 100 34 1
101 15745 15728 1
102 2130 2128 1
103 31381 31352 0
104 62668 62612 0
105 15816 15805 0
106 15814 15804 0
107 72 98 0
108 7957 7950 1
109 7986 7979 1
110 31414 31387 0
111 62666 62613 0
112 62661 62609 0
113 62662 62610 0
114 4066 4066 0
115 31397 31371 0
116 62649 62601 0
117 62652 62604 0
118 31418 31394 0
119 15812 15800 0
120 7952 7946 0
121 62689 62643 0
122 125191 125100 0
123 31397 31375 0
124 125188 125102 0
125 125195 125112 0
126 125186 125105 0
127 62672 62632 0
128 7988 7983 0
129 62694 62655 0
130 31410 31391 0
131 62640 62603 0
132 125193 125123 0
133 125199 125130 0
134 62685 62651 0
135 62658 62629 0
136 62698 62670 0
137 31412 31398 0
138 15797 15790 0
139 62694 62667 0
140 125184 125133 0
141 7975 7972 0
142 125178 125133 0
143 125184 125139 0
144 62686 62667 0
145 7937 7935 0
146 8002 8000 1
147 7961 7961 0
148 4076 4078 0
149 2095 2097 0
150 2065 2068 0
151 91 94 0
152 79 84 0
153 90 96 0
154 3 4 0
155 500189 500175 0
156 62634 62630 0
157 62620 62607 0
158 500138 500122 0
159 62675 62664 0
160 250167 250144 0
161 62662 62655 0
162 62645 62634 0
163 250178 250162 0
164 500121 500126 0
165 250186 250188 0
166 250148 250132 0
167 250162 250130 0
168 500142 500165 0
169 31420 31417 0
170 250134 250138 0
171 62666 62666 0
172 250170 250172 0
173 500197 500177 0
174 500145 500117 0
175 500109 500126 0
176 125163 125128 0
177 500147 500114 0
178 31423 31419 0
179 125168 125174 0
180 500156 500111 0
181 250124 250137 0
182 500155 500111 0
183 125133 125130 0
184 125194 125185 0
185 250178 250187 0
186 125113 125113 0
187 250139 250109 0
188 125107 125109 0
189 31419 31419 0
190 500150 500134 0
191 500187 500190 0
192 250138 250148 0
193 125151 125127 0
194 125192 125192 0
195 250105 250111 0
196 500171 500148 0
197 250175 250160 0
198 250169 250170 0
199 250160 250143 0
200 250121 250112 0
201 250166 250109 0
202 500182 500112 0
203 250167 250162 0
204 125193 125183 0
205 250199 250199 0
206 125122 125122 0
207 500160 500152 0
208 125179 125162 0
209 500145 500146 0
210 125173 125159 0
211 250144 250144 0
212 500197 500128 0
213 500131 500129 0
214 250118 250113 0
215 500128 500126 0
216 500196 500176 0
217 500166 500136 0
218 125179 125152 0
219 500156 500132 0
220 15746 15743 0
221 500190 500198 0
222 500174 500180 0
223 500181 500133 0
224 500180 500135 0
225 500138 500114 0
226 500141 500111 0
227 500120 500124 0
228 500129 500104 0
229 500197 500149 0
230 500176 500108 0
231 31356 31367 0
232 250145 250166 0
233 500108 500158 0
234 250105 250169 0
235 250106 250138 0
236 250103 250172 0
237 250152 250190 0
238 250112 250125 0
239 500116 500146 0
240 31443 31445 0
241 31434 31439 0
242 31372 31377 0
243 500128 500196 0
244 31398 31409 0
245 31387 31391 0
246 250169 250195 0
247 62635 62653 0
248 250121 250166 0
249 500154 500199 0
250 7976 7977 0
251 250103 250187 0
252 250115 250149 0
253 500128 500191 0
254 250103 250174 0
255 62644 62651 0
256 62616 62636 0
257 250108 250177 0
258 250110 250185 0
259 125110 125145 0
260 125161 125182 0
261 250152 250186 0
262 125119 125140 0
263 125125 125138 0
264 500114 500166 0
265 125169 125186 0
266 125111 125160 0
267 125152 125192 0
268 125139 125169 0
269 125107 125153 0
270 125162 125173 0
271 125117 125124 0
272 125141 125196 0
273 250152 250180 0
274 125119 125129 0
275 125120 125161 0
276 250102 250169 0
277 500130 500178 0
278 250113 250150 0
279 250187 250108 0
280 125161 125121 0
281 62628 62618 0
282 250165 250117 0
283 62687 62680 0
284 62615 62610 0
285 500116 500128 0
286 7951 7994 0
287 4061 4106 0
288 7919 7927 0
289 4017 4078 0
290 7921 7987 0
291 4022 4083 0
292 7961 7971 0
293 7977 8005 0
294 7941 7959 0
295 4074 4080 0
296 7917 8006 0
297 4022 4038 0
298 4029 4099 0
299 4031 4098 0
300 7935 7961 0
301 4074 4105 0
302 7972 8005 0
303 4023 4106 0
304 7915 7928 0
305 4054 4072 0
306 7927 7980 0
307 4063 4106 0
308 7932 7985 0
309 4017 4090 0
310 4015 4059 0
311 4018 4106 0
312 4009 4073 0
313 15745 15808 0
314 4065 4081 0
315 4020 4033 0
316 15761 15771 0
317 4009 4059 0
318 15763 15817 0
319 2056 2126 0
320 15728 15799 0
321 15738 15813 0
322 15730 15787 0
323 2063 2153 0
324 2057 2086 0
325 15733 15810 0
326 15778 15823 0
327 15744 15809 0
328 15769 15819 0
329 2056 2099 0
330 15788 15795 0
331 2068 2087 0
332 2066 2120 0
333 15728 15790 0
334 15750 15804 0
335 7937 8006 0
336 15732 15794 0
337 15727 15766 0
338 2087 2141 0
339 2103 2131 0
340 15757 15792 0
341 15789 15796 0
342 31355 31412 0
343 2131 2149 0
344 31396 31430 0
345 2064 2132 0
346 31351 31448 0
347 2060 2094 0
348 2109 2128 0
349 31391 31408 0
350 31393 31407 0
351 2143 2149 0
352 31382 31426 0
353 31406 31443 0
354 2080 2102 0
355 2069 2093 0
356 4083 4102 0
357 2060 2095 0
358 31397 31440 0
359 31373 31413 0
360 13 80 0
361 31361 31429 0
362 21 100 0
363 52 72 0
364 31436 31450 0
365 31363 31416 0
366 31368 31402 0
367 12 61 0
368 31416 31438 0
369 31365 31414 0
370 31392 31411 0
371 31397 31447 0
372 62616 62669 0
373 62624 62696 0
374 7918 7995 0
375 62640 62698 0
376 4027 4098 0
377 62617 62696 0
378 32 58 0
379 20 66 0
380 62653 62690 0
381 4048 4065 0
382 62644 62677 0
383 62654 62685 0
384 7922 7987 0
385 32 71 0
386 62604 62655 0
387 62615 62670 0
388 57 97 0
389 125102 125179 0
390 49 100 0
391 35 80 0
392 54 70 0
393 125103 125176 0
394 125109 125182 0
395 52 92 0
396 55 89 0
397 8 57 0
398 7943 7954 0
399 7915 8006 0
--------------
1000000 :c
1004132 :sum(p)
1000000 :sum(w)
