400 :n
id p,w,x
--------------
0 15782 15741 1
1 31446 31359 1
2 75 63 1
3 41 30 1
4 76 7 1
5 100 62 1
6 92 18 1
7 63 8 1
8 88 51 1
9 100 55 1
10 45 18 1
11 41 3 1
12 91 6 1
13 63 15 1
14 65 51 1
15 53 24 1
16 84 57 1
17 20 11 1
18 2142 2129 1
19 2148 2073 1
20 2101 2081 1
21 2066 2056 1
22 2138 2127 1
23 2153 2075 1
24 2128 2069 1
25 2101 2078 1
26 2117 2058 1
27 2066 2056 1
28 2087 2069 1
29 2144 2057 1
30 2138 2090 1
31 2093 2061 1
32 4044 4015 1
33 4093 4026 1
34 4091 4010 1
35 4103 4086 1
36 4095 4053 1
37 4061 4032 1
38 4078 4020 1
39 4096 4026 1
40 4056 4043 1
41 4101 4055 1
42 4097 4026 1
43 4084 4070 1
44 4072 4007 1
45 7969 7938 1
46 7966 7923 1
47 7980 7928 1
48 7971 7939 1
49 8000 7924 1
50 7978 7924 1
51 15816 15773 1
52 15825 15749 1
53 8002 7986 1
54 15776 15741 1
55 15782 15743 1
56 15805 15770 1
57 31435 31368 1
58 15809 15774 1
59 31425 31365 1
60 62694 62606 1
61 31444 31392 1
62 31409 31354 1
63 31449 31408 1
64 62681 62617 1
65 15760 15736 1
66 31432 31377 1
67 62673 62601 1
68 62693 62619 1
69 31409 31351 1
70 2070 2065 1
71 4068 4060 1
72 4094 4086 1
73 7992 7979 1
74 2128 2125 1
75 7968 7957 1
76 15800 15781 1
77 15764 15747 1
78 7925 7917 0
79 7950 7942 1
80 2131 2129 1
81 31406 31380 1
82 31404 31379 1
83 15817 15805 1
84 7926 7920 0
85 96 25 1
86 62661 62602 1
87 4014 4011 1
88 62669 62627 0
89 62677 62653 0
90 7997 7993 0
91 4048 4054 0
92 15806 15810 0
93 125187 125104 0
94 62679 62639 0
95 31441 31421 0
96 125198 125122 0
97 62659 62621 0
98 31435 31416 0
99 62639 62602 0
100 62653 62620 0
101 15754 15746 0
102 4104 4102 1
103 15751 15744 0
104 15799 15792 1
105 31443 31431 0
106 15795 15790 0
107 21 21 0
108 7939 7939 0
109 2113 2113 0
110 7914 7915 0
111 4059 4060 0
112 4010 4014 0
113 2112 2115 0
114 2087 2091 0
115 2090 2095 0
116 2054 2059 0
117 44 45 0
118 41 45 0
119 15 18 0
120 125184 125134 0
121 125147 125101 0
122 125170 125105 0
123 125172 125136 0
124 125150 125108 0
125 62629 62611 0
126 31411 31401 0
127 125136 125101 0
128 62691 62673 0
129 125158 125123 0
130 125187 125157 0
131 500167 500140 0
132 500110 500119 0
133 500179 500156 0
134 250113 250120 0
135 62669 62657 0
136 250120 250119 0
137 250158 250146 0
138 500126 500125 0
139 500196 500140 0
140 500177 500176 0
141 500150 500121 0
142 125171 125156 0
143 62694 62684 0
144 250184 250161 0
145 250187 250183 0
146 500141 500108 0
147 500188 500126 0
148 62632 62616 0
149 500192 500190 0
150 125172 125158 0
151 62679 62673 0
152 125143 125130 0
153 500168 500187 0
154 500113 500130 0
155 500164 500147 0
156 250172 250120 0
157 500129 500130 0
158 500141 500140 0
159 500122 500128 0
160 125177 125174 0
161 125196 125171 0
162 500196 500190 0
163 500187 500127 0
164 250189 250148 0
165 500190 500155 0
166 250147 250132 0
167 250131 250104 0
168 500192 500148 0
169 250141 250144 0
170 250146 250145 0
171 250180 250182 0
172 31398 31397 0
173 500123 500143 0
174 31411 31410 0
175 250110 250106 0
176 31421 31418 0
177 250184 250162 0
178 500107 500128 0
179 250188 250177 0
180 500163 500178 0
181 250177 250164 0
182 250116 250117 0
183 250174 250151 0
184 250194 250168 0
185 15739 15738 0
186 250166 250105 0
187 500154 500163 0
188 31427 31423 0
189 500151 500158 0
190 500177 500161 0
191 250199 250138 0
192 500153 500140 0
193 250188 250186 0
194 15774 15773 0
195 250198 250131 0
196 250108 250112 0
197 500173 500144 0
198 125164 125163 0
199 500134 500117 0
200 125197 125152 0
201 125195 125141 0
202 62663 62637 0
203 125169 125132 0
204 62628 62607 0
205 125167 125109 0
206 31382 31373 0
207 125181 125120 0
208 250171 250104 0
209 31410 31400 0
210 31354 31432 0
211 31366 31417 0
212 15730 15781 0
213 15745 15765 0
214 15737 15804 0
215 15733 15770 0
216 15740 15799 0
217 31383 31413 0
218 31396 31415 0
219 15777 15788 0
220 15733 15765 0
221 31406 31422 0
222 15786 15787 0
223 15788 15813 0
224 15739 15800 0
225 250116 250198 0
226 31403 31445 0
227 15737 15757 0
228 15771 15772 0
229 31397 31402 0
230 15730 15784 0
231 15742 15768 0
232 15728 15767 0
233 15732 15805 0
234 31379 31395 0
235 15729 15810 0
236 250127 250143 0
237 31408 31442 0
238 31416 31447 0
239 7986 8000 0
240 31357 31376 0
241 7933 8006 0
242 7924 7961 0
243 7977 8008 0
244 31352 31445 0
245 7962 7967 0
246 7914 7917 0
247 7961 7988 0
248 7926 7969 0
249 7962 8005 0
250 62675 62687 0
251 7939 8011 0
252 62613 62666 0
253 62627 62692 0
254 62666 62685 0
255 7924 7949 0
256 62604 62682 0
257 31375 31390 0
258 7963 7989 0
259 7935 7974 0
260 7938 7955 0
261 62605 62662 0
262 250108 250148 0
263 7958 7981 0
264 7928 7964 0
265 250146 250172 0
266 7924 8004 0
267 62619 62671 0
268 7973 7985 0
269 7932 7941 0
270 7932 8010 0
271 62654 62669 0
272 7953 7976 0
273 7945 7986 0
274 250116 250192 0
275 7946 8003 0
276 62678 62696 0
277 7980 7984 0
278 7951 7965 0
279 4044 4062 0
280 4039 4073 0
281 250102 250170 0
282 4072 4077 0
283 4038 4092 0
284 62635 62665 0
285 62672 62690 0
286 62639 62679 0
287 62604 62691 0
288 4019 4093 0
289 4007 4066 0
290 4019 4086 0
291 4015 4096 0
292 4038 4083 0
293 4048 4102 0
294 62665 62674 0
295 15742 15783 0
296 4038 4062 0
297 62630 62643 0
298 31359 31403 0
299 4008 4063 0
300 4013 4062 0
301 31380 31443 0
302 62607 62638 0
303 500109 500141 0
304 4008 4055 0
305 4060 4101 0
306 62634 62697 0
307 4091 4101 0
308 62647 62660 0
309 500126 500195 0
310 500108 500192 0
311 500104 500137 0
312 62649 62679 0
313 4030 4045 0
314 4040 4088 0
315 500136 500172 0
316 4069 4087 0
317 4018 4081 0
318 62621 62661 0
319 62672 62675 0
320 125145 125175 0
321 125121 125176 0
322 2095 2148 0
323 2087 2117 0
324 2063 2149 0
325 31402 31414 0
326 2091 2106 0
327 2070 2118 0
328 500108 500174 0
329 2109 2127 0
330 125114 125133 0
331 2108 2126 0
332 500112 500170 0
333 125110 125149 0
334 125155 125168 0
335 125147 125168 0
336 2105 2117 0
337 125127 125155 0
338 15772 15774 0
339 2071 2104 0
340 2064 2117 0
341 2085 2129 0
342 125154 125160 0
343 2126 2151 0
344 2071 2133 0
345 500120 500177 0
346 2067 2111 0
347 125181 125193 0
348 2066 2102 0
349 125118 125154 0
350 2100 2144 0
351 125153 125193 0
352 15758 15824 0
353 125107 125132 0
354 2085 2102 0
355 2115 2144 0
356 500130 500159 0
357 125171 125182 0
358 31369 31384 0
359 65 85 0
360 42 93 0
361 31 57 0
362 1 14 0
363 31380 31386 0
364 32 57 0
365 46 59 0
366 16 50 0
367 125103 125185 0
368 37 75 0
369 6 31 0
370 45 92 0
371 43 57 0
372 125141 125188 0
373 26 43 0
374 15776 15779 0
375 125108 125174 0
376 125152 125189 0
377 500109 500189 0
378 125129 125142 0
379 125142 125173 0
380 250146 250177 0
381 21 87 0
382 500107 500172 0
383 250162 250178 0
384 250136 250158 0
385 8 31 0
386 15733 15738 0
387 250114 250160 0
388 250158 250189 0
389 250122 250168 0
390 22 37 0
391 54 67 0
392 23 48 0
393 31 70 0
394 21 73 0
395 250153 250172 0
396 250149 250190 0
397 250109 250173 0
398 31358 31402 0
399 31382 31431 0
--------------
1000000 :c
1003467 :sum(p)
1000000 :sum(w)
