400 :n
id p,w,x
--------------
0 77 4 1
1 30 3 1
2 47 5 1
3 73 8 1
4 81 11 1
5 86 14 1
6 88 17 1
7 68 17 1
8 69 19 1
9 79 22 1
10 67 19 1
11 57 23 1
12 73 32 1
13 53 24 1
14 81 42 1
15 22 12 1
16 36 24 1
17 74 56 1
18 98 75 1
19 26 22 1
20 2139 2056 1
21 2148 2094 1
22 2149 2112 1
23 2116 2081 1
24 4078 4021 1
25 4074 4019 1
26 2101 2074 1
27 2103 2076 1
28 4069 4017 1
29 2118 2094 1
30 2102 2080 1
31 2109 2090 1
32 4059 4026 1
33 2111 2094 1
34 2116 2099 1
35 8008 7949 1
36 4102 4072 1
37 2106 2091 1
38 4061 4034 1
39 8012 7960 1
40 4076 4050 1
41 4079 4053 1
42 2112 2099 1
43 7976 7928 1
44 4040 4016 1
45 15819 15728 1
46 2105 2094 1
47 4100 4079 1
48 7988 7949 1
49 7955 7917 1
50 15814 15741 1
51 4075 4057 1
52 7992 7959 1
53 7957 7926 1
54 8005 7975 1
55 4094 4079 1
56 7977 7949 1
57 4040 4026 1
58 4059 4045 1
59 7941 7915 1
60 4077 4065 1
61 31445 31358 1
62 15812 15770 1
63 7960 7939 1
64 7943 7923 1
65 7959 7939 1
66 31448 31370 1
67 4064 4054 1
68 4098 4088 1
69 15811 15773 1
70 7997 7978 1
71 31437 31365 1
72 15816 15782 1
73 15818 15785 1
74 31436 31371 1
75 7950 7934 1
76 31443 31380 1
77 2058 2054 1
78 2101 2097 1
79 2110 2106 1
80 31429 31371 1
81 31444 31386 1
82 15772 15743 1
83 15799 15770 1
84 15805 15776 1
85 31446 31391 1
86 31443 31390 1
87 7961 7948 1
88 31450 31400 1
89 15802 15778 1
90 2063 2060 1
91 7940 7929 1
92 7940 7929 1
93 31412 31369 1
94 31401 31359 1
95 62699 62625 1
96 31400 31363 0
97 86 1 1
98 62678 62606 1
99 31406 31370 0
100 62700 62629 0
101 62681 62611 1
102 31443 31425 0
103 15822 15813 0
104 15816 15819 0
105 31436 31402 0
106 4067 4063 1
107 7989 7982 1
108 62656 62602 0
109 62660 62607 0
110 62663 62610 0
111 15805 15800 0
112 31386 31361 0
113 62665 62618 0
114 62681 62634 0
115 31399 31377 0
116 62664 62621 0
117 62690 62650 0
118 7989 7984 1
119 62653 62614 0
120 62686 62649 0
121 62639 62608 0
122 62660 62629 0
123 2065 2064 1
124 62666 62636 0
125 62686 62656 0
126 2148 2147 1
127 31382 31368 0
128 62644 62620 0
129 31427 31415 0
130 31365 31355 0
131 15755 15752 0
132 4012 4012 1
133 15791 15792 0
134 7984 7985 0
135 7983 7984 0
136 2135 2136 0
137 2126 2127 0
138 4100 4102 0
139 7935 7939 0
140 4020 4023 0
141 7983 7991 0
142 4044 4053 0
143 4015 4024 0
144 2114 2119 0
145 4034 4046 0
146 4036 4049 0
147 2122 2134 0
148 6 8 0
149 24 35 0
150 6 10 0
151 11 26 0
152 250181 250109 0
153 250190 250126 0
154 62645 62653 0
155 62641 62633 0
156 62641 62647 0
157 62612 62615 0
158 62615 62621 0
159 250175 250126 0
160 62665 62662 0
161 250148 250138 0
162 250162 250195 0
163 250144 250158 0
164 125155 125148 0
165 62622 62619 0
166 250109 250120 0
167 250125 250110 0
168 250136 250161 0
169 250116 250107 0
170 125130 125128 0
171 250118 250138 0
172 62637 62637 0
173 125189 125182 0
174 250180 250170 0
175 125175 125187 0
176 31439 31443 0
177 250117 250130 0
178 125177 125192 0
179 250188 250182 0
180 250136 250148 0
181 125141 125152 0
182 250114 250133 0
183 250129 250118 0
184 125109 125121 0
185 250161 250187 0
186 250196 250141 0
187 250146 250123 0
188 125176 125181 0
189 250124 250146 0
190 31407 31410 0
191 125107 125100 0
192 250129 250114 0
193 31367 31366 0
194 250182 250170 0
195 125105 125111 0
196 62667 62667 0
197 250154 250135 0
198 125150 125143 0
199 250139 250122 0
200 125123 125117 0
201 250145 250144 0
202 250157 250111 0
203 125160 125170 0
204 500158 500127 0
205 500106 500119 0
206 125115 125102 0
207 500187 500123 0
208 500159 500184 0
209 500161 500181 0
210 500170 500123 0
211 500163 500185 0
212 500149 500130 0
213 500121 500101 0
214 500112 500110 0
215 500124 500162 0
216 125148 125129 0
217 500183 500197 0
218 500192 500153 0
219 500120 500149 0
220 500139 500145 0
221 500124 500120 0
222 250199 250200 0
223 62689 62681 0
224 500114 500151 0
225 500132 500129 0
226 125134 125131 0
227 500107 500142 0
228 500200 500109 0
229 500183 500112 0
230 500164 500137 0
231 62621 62610 0
232 500144 500140 0
233 500196 500161 0
234 500149 500135 0
235 500187 500184 0
236 500106 500167 0
237 500178 500103 0
238 500143 500154 0
239 250138 250118 0
240 500123 500143 0
241 500137 500122 0
242 500127 500159 0
243 500196 500116 0
244 500200 500172 0
245 125140 125130 0
246 500133 500182 0
247 500161 500180 0
248 500170 500142 0
249 500196 500158 0
250 31376 31374 0
251 62647 62642 0
252 250138 250138 0
253 125194 125138 0
254 125160 125130 0
255 250192 250124 0
256 125156 125117 0
257 250186 250128 0
258 125182 125130 0
259 125133 125103 0
260 125137 125107 0
261 250193 250108 0
262 125170 125130 0
263 125184 125155 0
264 125149 125117 0
265 125198 125161 0
266 125193 125113 0
267 125174 125124 0
268 125183 125148 0
269 7930 7945 0
270 7924 7985 0
271 7916 7943 0
272 7949 7961 0
273 7956 7993 0
274 15730 15819 0
275 7980 7991 0
276 15756 15766 0
277 7972 8012 0
278 15777 15810 0
279 15740 15771 0
280 4065 4098 0
281 15746 15792 0
282 15740 15747 0
283 15748 15808 0
284 15732 15769 0
285 4041 4059 0
286 15729 15822 0
287 15736 15812 0
288 15774 15796 0
289 4034 4052 0
290 15772 15815 0
291 15799 15815 0
292 4054 4070 0
293 7928 7958 0
294 15801 15810 0
295 15735 15798 0
296 15758 15770 0
297 15729 15785 0
298 4030 4069 0
299 4031 4101 0
300 15778 15809 0
301 15797 15820 0
302 15785 15790 0
303 4036 4094 0
304 15748 15817 0
305 4055 4082 0
306 4065 4082 0
307 7986 8001 0
308 4041 4056 0
309 4030 4102 0
310 15766 15807 0
311 4045 4089 0
312 500126 500195 0
313 31381 31443 0
314 4014 4078 0
315 31368 31422 0
316 31407 31441 0
317 4031 4065 0
318 4062 4077 0
319 15755 15790 0
320 31400 31440 0
321 15786 15800 0
322 31421 31435 0
323 31388 31416 0
324 31403 31431 0
325 2068 2084 0
326 31401 31417 0
327 2079 2130 0
328 31365 31401 0
329 31367 31430 0
330 31382 31419 0
331 2063 2146 0
332 31365 31376 0
333 2117 2151 0
334 2073 2108 0
335 31416 31442 0
336 2060 2102 0
337 2062 2113 0
338 2082 2107 0
339 31397 31418 0
340 2061 2117 0
341 15747 15761 0
342 31375 31448 0
343 2107 2135 0
344 2074 2123 0
345 2097 2120 0
346 62673 62696 0
347 2123 2152 0
348 62649 62689 0
349 62621 62654 0
350 7923 7939 0
351 62604 62684 0
352 2120 2137 0
353 2082 2108 0
354 2075 2141 0
355 62624 62639 0
356 62617 62695 0
357 62619 62688 0
358 62602 62686 0
359 62631 62644 0
360 18 73 0
361 62626 62648 0
362 61 89 0
363 125118 125192 0
364 24 58 0
365 125160 125190 0
366 125134 125170 0
367 27 51 0
368 125114 125163 0
369 3 94 0
370 31 93 0
371 125117 125194 0
372 125118 125153 0
373 125157 125189 0
374 13 63 0
375 22 48 0
376 125146 125182 0
377 14 71 0
378 125118 125142 0
379 6 93 0
380 7929 7957 0
381 125111 125187 0
382 250117 250188 0
383 6 36 0
384 250135 250172 0
385 250113 250155 0
386 250109 250172 0
387 7924 7961 0
388 250117 250182 0
389 7934 7998 0
390 18 97 0
391 250111 250167 0
392 21 70 0
393 7925 7967 0
394 250104 250154 0
395 500103 500178 0
396 48 68 0
397 3 47 0
398 7921 7965 0
399 7933 7952 0
--------------
1000000 :c
1003674 :sum(p)
999998 :sum(w)
