400 :n
id p,w,x
--------------
0 73 1 1
1 38 1 1
2 38 1 1
3 29 1 1
4 70 5 1
5 49 6 1
6 80 10 1
7 34 5 1
8 63 21 1
9 34 13 1
10 51 23 1
11 97 44 1
12 52 27 1
13 44 27 1
14 36 23 1
15 18 16 1
16 2153 2074 1
17 59 57 1
18 2153 2089 1
19 2124 2061 1
20 2114 2054 1
21 2113 2057 1
22 2107 2058 1
23 2123 2075 1
24 4098 4007 1
25 2145 2098 1
26 4087 4009 1
27 2150 2111 1
28 4095 4023 1
29 2150 2117 1
30 4067 4009 1
31 2145 2120 1
32 4060 4014 1
33 4066 4020 1
34 4089 4048 1
35 8005 7925 1
36 2142 2121 1
37 2111 2091 1
38 4066 4029 1
39 2110 2091 1
40 7985 7917 1
41 4047 4013 1
42 7996 7931 1
43 4036 4008 1
44 7975 7920 1
45 8000 7946 1
46 4084 4057 1
47 8001 7953 1
48 4056 4032 1
49 15825 15732 1
50 4039 4016 1
51 4072 4049 1
52 7974 7931 1
53 2131 2120 1
54 15820 15741 1
55 4090 4070 1
56 7996 7958 1
57 8005 7968 1
58 2085 2076 1
59 7963 7930 1
60 7983 7951 1
61 7999 7967 1
62 15789 15726 1
63 7999 7968 1
64 15814 15754 1
65 2133 2125 1
66 15804 15745 1
67 15789 15737 1
68 15807 15756 1
69 15786 15737 1
70 7968 7945 1
71 2145 2139 1
72 15777 15733 1
73 7949 7928 1
74 4057 4047 1
75 31428 31352 1
76 15804 15767 1
77 15790 15755 1
78 31436 31368 1
79 15813 15779 1
80 31443 31379 1
81 31441 31384 1
82 31450 31393 1
83 31414 31362 1
84 31428 31376 1
85 77 30 1
86 15758 15727 1
87 7996 7984 1
88 4081 4075 1
89 62679 62618 1
90 62674 62614 1
91 62679 62622 1
92 7956 7944 1
93 62660 62601 0
94 31412 31356 1
95 31413 31385 1
96 31434 31406 1
97 15779 15766 1
98 31448 31442 0
99 4030 4027 1
100 125187 125104 0
101 7964 7958 1
102 31379 31356 0
103 31424 31403 0
104 15821 15811 0
105 8007 8003 1
106 62697 62653 0
107 15784 15816 0
108 125191 125101 0
109 125186 125104 0
110 62667 62628 0
111 31422 31404 0
112 15791 15782 0
113 62638 62603 0
114 125171 125103 0
115 62640 62606 0
116 7933 7929 0
117 7996 7992 1
118 62686 62655 0
119 62636 62606 0
120 125195 125136 0
121 2152 2151 1
122 125161 125104 0
123 15739 15732 0
124 125180 125128 0
125 125195 125144 0
126 62626 62604 0
127 62698 62676 0
128 250187 250102 0
129 125146 125104 0
130 125149 125113 0
131 250177 250107 0
132 250179 250111 0
133 125186 125154 0
134 250172 250110 0
135 250174 250112 0
136 125184 125153 0
137 62661 62646 0
138 62680 62665 0
139 125158 125129 0
140 125191 125162 0
141 125196 125167 0
142 250159 250102 0
143 62643 62630 0
144 250177 250126 0
145 62662 62650 0
146 15809 15806 0
147 15818 15815 0
148 250175 250128 0
149 250147 250101 0
150 62623 62612 0
151 62626 62615 0
152 125185 125164 0
153 62614 62605 0
154 250168 250136 0
155 31405 31401 0
156 250142 250112 0
157 250183 250156 0
158 250155 250131 0
159 125177 125165 0
160 125192 125180 0
161 62696 62691 0
162 250139 250120 0
163 125108 125100 0
164 31441 31439 0
165 250150 250136 0
166 125113 125106 0
167 250180 250167 0
168 250187 250177 0
169 31352 31351 0
170 31386 31385 0
171 250180 250175 0
172 2128 2128 1
173 48 48 0
174 15733 15735 0
175 15801 15808 0
176 4019 4021 0
177 15736 15744 0
178 15792 15803 0
179 4088 4091 1
180 2082 2084 0
181 7937 7947 0
182 7916 7926 0
183 2061 2064 0
184 7930 7944 0
185 7914 7930 0
186 7972 7989 0
187 4018 4027 0
188 4089 4100 0
189 4083 4099 0
190 4034 4052 0
191 4032 4051 0
192 2054 2064 0
193 2077 2089 0
194 2065 2077 0
195 2059 2071 0
196 2066 2081 0
197 2066 2082 0
198 2086 2103 0
199 2128 2147 0
200 2082 2101 0
201 2068 2091 0
202 48 51 0
203 52 56 0
204 68 75 0
205 63 70 0
206 76 89 0
207 16 21 0
208 65 86 0
209 71 94 0
210 26 42 0
211 8 15 0
212 17 34 0
213 500135 500120 0
214 500193 500165 0
215 500162 500155 0
216 500165 500151 0
217 500196 500138 0
218 500174 500163 0
219 500187 500180 0
220 500172 500168 0
221 500176 500126 0
222 500162 500134 0
223 500124 500120 0
224 500196 500118 0
225 500185 500177 0
226 500192 500158 0
227 500190 500101 0
228 500179 500147 0
229 15756 15825 0
230 62639 62680 0
231 15742 15776 0
232 62633 62687 0
233 62633 62685 0
234 62662 62696 0
235 15758 15771 0
236 62653 62670 0
237 62609 62628 0
238 15739 15817 0
239 62609 62699 0
240 7960 7995 0
241 62602 62608 0
242 7936 7967 0
243 62647 62687 0
244 62686 62698 0
245 62607 62683 0
246 62659 62682 0
247 7929 8000 0
248 62644 62663 0
249 62693 62696 0
250 7950 8001 0
251 7918 7996 0
252 7922 7964 0
253 7975 8012 0
254 15738 15766 0
255 62650 62698 0
256 7944 7969 0
257 125157 125163 0
258 62616 62667 0
259 7933 7966 0
260 15750 15802 0
261 125166 125188 0
262 125115 125162 0
263 15767 15806 0
264 7924 8010 0
265 125113 125130 0
266 125134 125152 0
267 7953 7985 0
268 62634 62685 0
269 7958 7992 0
270 125113 125117 0
271 125106 125128 0
272 125137 125174 0
273 7946 7976 0
274 125119 125155 0
275 125117 125168 0
276 125155 125159 0
277 7963 8010 0
278 125100 125150 0
279 4025 4063 0
280 125140 125184 0
281 125140 125147 0
282 4043 4087 0
283 4026 4077 0
284 125132 125132 0
285 125179 125180 0
286 125115 125160 0
287 4030 4059 0
288 125133 125155 0
289 125156 125168 0
290 125194 125199 0
291 62646 62659 0
292 4033 4070 0
293 62632 62658 0
294 250119 250191 0
295 62632 62700 0
296 250115 250172 0
297 15780 15802 0
298 4014 4038 0
299 4008 4071 0
300 250119 250153 0
301 15741 15824 0
302 4041 4073 0
303 31382 31438 0
304 250180 250182 0
305 4015 4060 0
306 250116 250121 0
307 4049 4094 0
308 250141 250148 0
309 4028 4068 0
310 4023 4078 0
311 250125 250181 0
312 4014 4089 0
313 250131 250142 0
314 250180 250191 0
315 31364 31385 0
316 4049 4099 0
317 250105 250168 0
318 4028 4062 0
319 31354 31443 0
320 250119 250196 0
321 250164 250162 0
322 2058 2142 0
323 250160 250160 0
324 15759 15809 0
325 250134 250137 0
326 2054 2133 0
327 15742 15825 0
328 31425 31429 0
329 250137 250166 0
330 15738 15773 0
331 31364 31430 0
332 15778 15803 0
333 2073 2126 0
334 15735 15760 0
335 250191 250189 0
336 250111 250133 0
337 250181 250187 0
338 31414 31450 0
339 2069 2151 0
340 250112 250135 0
341 15728 15794 0
342 15742 15799 0
343 250130 250142 0
344 250103 250181 0
345 2062 2144 0
346 31358 31381 0
347 2062 2109 0
348 250165 250183 0
349 500143 500182 0
350 500112 500139 0
351 500146 500180 0
352 2067 2145 0
353 500126 500163 0
354 2059 2135 0
355 31378 31411 0
356 500126 500148 0
357 500120 500145 0
358 500128 500141 0
359 73 100 0
360 31362 31418 0
361 500155 500171 0
362 31363 31391 0
363 500121 500177 0
364 500137 500143 0
365 500147 500151 0
366 30 80 0
367 31427 31430 0
368 1 57 0
369 500105 500183 0
370 33 67 0
371 500144 500175 0
372 500193 500197 0
373 500152 500180 0
374 31396 31403 0
375 500103 500153 0
376 12 48 0
377 500106 500150 0
378 31360 31364 0
379 69 100 0
380 31353 31411 0
381 500114 500128 0
382 500146 500150 0
383 31368 31434 0
384 500175 500183 0
385 9 38 0
386 31426 31435 0
387 31387 31444 0
388 500152 500167 0
389 500118 500185 0
390 31365 31430 0
391 500101 500185 0
392 20 72 0
393 54 99 0
394 500114 500192 0
395 31356 31368 0
396 5 82 0
397 31354 31371 0
398 31355 31390 0
399 31429 31450 0
--------------
1000000 :c
1004067 :sum(p)
1000000 :sum(w)
