400 :n
id p,w,x
--------------
0 15809 15736 1
1 15795 15726 1
2 74 11 1
3 15824 15748 1
4 34 6 1
5 8010 7962 1
6 91 72 1
7 57 12 1
8 70 12 1
9 95 69 1
10 64 9 1
11 8002 7954 1
12 77 48 1
13 99 44 1
14 83 28 1
15 55 35 1
16 80 36 1
17 89 44 1
18 66 30 1
19 8007 7924 1
20 8007 7924 1
21 2141 2106 1
22 2140 2115 1
23 7991 7929 1
24 2099 2078 1
25 2085 2056 1
26 2129 2086 1
27 2106 2068 1
28 2125 2070 1
29 2123 2072 1
30 2109 2086 1
31 2121 2070 1
32 2114 2072 1
33 2100 2062 1
34 2135 2096 1
35 4066 4045 1
36 4099 4016 1
37 4071 4046 1
38 4061 4023 1
39 4096 4022 1
40 8000 7960 1
41 4049 4010 1
42 4088 4037 1
43 4084 4062 1
44 4091 4028 1
45 4103 4082 1
46 4063 4039 1
47 4069 4019 1
48 4095 4039 1
49 8000 7938 1
50 7994 7924 1
51 31448 31363 1
52 15811 15749 1
53 31446 31381 1
54 31428 31367 1
55 31413 31352 1
56 15811 15776 1
57 7989 7956 1
58 15799 15746 1
59 15780 15747 1
60 7995 7961 1
61 15779 15732 1
62 7991 7959 1
63 31440 31365 1
64 8004 7972 1
65 49 34 1
66 60 46 1
67 88 84 1
68 49 47 1
69 2146 2130 1
70 2100 2089 1
71 4083 4063 1
72 2124 2115 1
73 4099 4082 1
74 4077 4062 1
75 2090 2083 1
76 2151 2144 1
77 4089 4076 1
78 7978 7957 1
79 4035 4025 1
80 4049 4039 1
81 4037 4028 1
82 7973 7957 1
83 15823 15797 1
84 8003 7990 1
85 15822 15797 1
86 4091 4085 0
87 31428 31384 1
88 62698 62612 1
89 62699 62624 1
90 7966 7957 1
91 31425 31393 1
92 15751 15736 1
93 15789 15774 1
94 62691 62632 1
95 18 5 1
96 62687 62630 1
97 31389 31353 1
98 15776 15762 1
99 62665 62610 0
100 15763 15750 1
101 31443 31424 0
102 31438 31437 0
103 15751 15816 0
104 15794 15781 1
105 62681 62630 0
106 62682 62632 0
107 62651 62602 0
108 15787 15776 1
109 62649 62609 0
110 4031 4032 0
111 31398 31378 0
112 125193 125114 0
113 125189 125111 0
114 15781 15772 0
115 125190 125120 0
116 62640 62605 0
117 31387 31371 0
118 125175 125112 0
119 31434 31419 0
120 31367 31353 0
121 62683 62657 0
122 125166 125115 0
123 7981 7978 0
124 31413 31402 0
125 125166 125123 0
126 125160 125118 0
127 125180 125139 0
128 250185 250113 0
129 250176 250106 0
130 250180 250110 0
131 125158 125123 0
132 250175 250109 0
133 15802 15798 0
134 7925 7923 0
135 125173 125142 0
136 250169 250109 0
137 250177 250118 0
138 250196 250144 0
139 250164 250114 0
140 250188 250138 0
141 125151 125127 0
142 15738 15735 0
143 15825 15822 0
144 7947 7946 0
145 15780 15780 0
146 2140 2140 0
147 15813 15814 0
148 15752 15753 0
149 15789 15791 0
150 15770 15772 0
151 15736 15738 0
152 7990 7993 0
153 2096 2097 0
154 7997 8004 0
155 7915 7922 0
156 7947 7955 0
157 4027 4036 0
158 4062 4072 0
159 4023 4033 0
160 4060 4071 0
161 4044 4056 0
162 4026 4039 0
163 2055 2062 0
164 2135 2143 0
165 2099 2110 0
166 2056 2068 0
167 70 72 1
168 96 100 0
169 88 98 0
170 17 21 0
171 19 24 0
172 28 38 0
173 23 37 0
174 19 34 0
175 3 8 0
176 500197 500178 0
177 250176 250154 0
178 250114 250103 0
179 250166 250155 0
180 500136 500119 0
181 500172 500126 0
182 500162 500116 0
183 500165 500104 0
184 500192 500125 0
185 250138 250111 0
186 31362 31358 0
187 250194 250166 0
188 250131 250123 0
189 250157 250110 0
190 62668 62662 0
191 250151 250140 0
192 125148 125127 0
193 125133 125126 0
194 250194 250162 0
195 250176 250162 0
196 500196 500179 0
197 500192 500102 0
198 500131 500111 0
199 125181 125166 0
200 125154 125137 0
201 125113 125104 0
202 500143 500128 0
203 62613 62604 0
204 125145 125138 0
205 500179 500145 0
206 500191 500123 0
207 500170 500130 0
208 500159 500134 0
209 500176 500146 0
210 125141 125125 0
211 250185 250177 0
212 500147 500120 0
213 125142 125123 0
214 500135 500101 0
215 250130 250111 0
216 250159 250114 0
217 250125 250106 0
218 500183 500142 0
219 500152 500114 0
220 250168 250158 0
221 500182 500160 0
222 31362 31415 0
223 31371 31382 0
224 15746 15800 0
225 15758 15780 0
226 62651 62650 0
227 15726 15815 0
228 62620 62653 0
229 62630 62631 0
230 15746 15803 0
231 62608 62656 0
232 62698 62697 0
233 31359 31369 0
234 15770 15774 0
235 15765 15817 0
236 62608 62698 0
237 62642 62699 0
238 62619 62671 0
239 62657 62693 0
240 7937 7956 0
241 62638 62640 0
242 62643 62659 0
243 250127 250184 0
244 62640 62682 0
245 62613 62667 0
246 7937 7971 0
247 7943 8002 0
248 7918 7934 0
249 7926 7956 0
250 62670 62682 0
251 7929 8005 0
252 62645 62684 0
253 62624 62682 0
254 62688 62700 0
255 7978 7997 0
256 7920 7953 0
257 250122 250175 0
258 62620 62646 0
259 7923 8001 0
260 7970 7998 0
261 7948 7993 0
262 7947 7990 0
263 31415 31449 0
264 62602 62682 0
265 62654 62694 0
266 7931 7969 0
267 7936 8010 0
268 31394 31398 0
269 62631 62659 0
270 7915 7953 0
271 62612 62679 0
272 62643 62647 0
273 7945 7965 0
274 62612 62659 0
275 62623 62681 0
276 31363 31448 0
277 15750 15761 0
278 7964 7984 0
279 4022 4067 0
280 62639 62657 0
281 62656 62686 0
282 31400 31450 0
283 125108 125167 0
284 31391 31406 0
285 125128 125170 0
286 125141 125174 0
287 125143 125188 0
288 250101 250123 0
289 250113 250121 0
290 250120 250195 0
291 31358 31445 0
292 125144 125155 0
293 125130 125186 0
294 31358 31381 0
295 4014 4058 0
296 15731 15789 0
297 4033 4091 0
298 125113 125164 0
299 250103 250152 0
300 4017 4046 0
301 500132 500121 0
302 4023 4069 0
303 4059 4082 0
304 4015 4075 0
305 4029 4066 0
306 125106 125144 0
307 500102 500172 0
308 125128 125172 0
309 4033 4083 0
310 500154 500191 0
311 125109 125127 0
312 4016 4056 0
313 15760 15815 0
314 4052 4077 0
315 4022 4092 0
316 500157 500189 0
317 125100 125100 0
318 15737 15757 0
319 125133 125161 0
320 125122 125175 0
321 125135 125182 0
322 500116 500180 0
323 125139 125184 0
324 2055 2136 0
325 500163 500190 0
326 31387 31449 0
327 31369 31372 0
328 125194 125197 0
329 125139 125150 0
330 500146 500176 0
331 500111 500114 0
332 2064 2128 0
333 125134 125163 0
334 2113 2147 0
335 2054 2132 0
336 500109 500176 0
337 2097 2132 0
338 500111 500107 0
339 2059 2130 0
340 15772 15810 0
341 2057 2085 0
342 2078 2143 0
343 2060 2101 0
344 2132 2150 0
345 2068 2122 0
346 2130 2150 0
347 2059 2116 0
348 125134 125157 0
349 125108 125106 0
350 2121 2137 0
351 125112 125182 0
352 31360 31427 0
353 250140 250174 0
354 15769 15812 0
355 2059 2124 0
356 250183 250176 0
357 2080 2110 0
358 15746 15776 0
359 31380 31415 0
360 31370 31371 0
361 1 67 0
362 15 43 0
363 250136 250154 0
364 500156 500152 0
365 38 90 0
366 31369 31384 0
367 500170 500191 0
368 68 95 0
369 2 26 0
370 35 79 0
371 500194 500185 0
372 31362 31407 0
373 31374 31380 0
374 31417 31431 0
375 250122 250151 0
376 31395 31406 0
377 500103 500184 0
378 250185 250192 0
379 500114 500136 0
380 4 89 0
381 17 73 0
382 74 92 0
383 250144 250191 0
384 31360 31446 0
385 500129 500142 0
386 500182 500195 0
387 250111 250173 0
388 250148 250181 0
389 250121 250133 0
390 500150 500172 0
391 42 94 0
392 56 78 0
393 31419 31447 0
394 500112 500124 0
395 250162 250176 0
396 500195 500190 0
397 17 36 0
398 31413 31445 0
399 31366 31396 0
--------------
1000000 :c
1003825 :sum(p)
999998 :sum(w)
