400 :n
id p,w,x
--------------
0 4104 4008 1
1 97 17 1
2 97 18 1
3 79 13 1
4 22 4 1
5 27 5 1
6 68 15 1
7 89 27 1
8 36 11 1
9 94 30 1
10 86 38 1
11 34 16 1
12 90 43 1
13 95 52 1
14 88 52 1
15 99 61 1
16 31 20 1
17 92 63 1
18 99 68 1
19 82 70 1
20 87 76 1
21 62 59 1
22 78 75 0
23 2123 2054 1
24 2129 2081 1
25 2142 2096 1
26 2104 2062 1
27 2110 2069 1
28 2114 2074 1
29 2130 2091 1
30 4077 4009 1
31 4084 4017 1
32 2133 2102 1
33 4067 4008 1
34 2149 2118 1
35 4074 4016 1
36 4065 4011 1
37 4090 4036 1
38 2080 2056 1
39 2126 2102 1
40 4061 4018 1
41 4068 4025 1
42 2098 2079 1
43 2149 2131 1
44 4095 4061 1
45 7988 7927 1
46 8008 7953 1
47 7974 7925 1
48 7994 7945 1
49 7997 7950 1
50 2068 2056 1
51 2091 2079 1
52 7989 7945 1
53 4044 4022 1
54 15825 15741 1
55 8003 7962 1
56 4090 4070 1
57 7982 7948 1
58 2114 2106 0
59 7990 7960 1
60 7979 7950 1
61 7949 7921 1
62 4055 4042 1
63 15798 15750 1
64 15810 15763 1
65 15784 15738 1
66 7999 7977 1
67 31435 31353 1
68 7996 7976 1
69 15795 15759 1
70 4033 4024 1
71 15797 15763 1
72 15806 15773 1
73 31405 31363 1
74 4102 4010 1
75 15787 15758 1
76 15770 15742 1
77 31432 31377 1
78 31427 31375 1
79 31428 31376 1
80 62699 62615 1
81 31414 31368 1
82 31415 31373 1
83 31432 31390 1
84 62688 62612 1
85 7933 7920 0
86 15768 15744 1
87 4071 4065 0
88 31415 31376 1
89 4037 4032 0
90 15782 15763 1
91 62698 62631 1
92 4090 4082 1
93 62677 62606 1
94 31393 31354 1
95 31423 31390 0
96 31400 31368 1
97 31391 31360 1
98 31442 31412 0
99 7982 7998 0
100 7954 7950 0
101 31438 31407 0
102 15822 15807 0
103 31414 31385 0
104 62687 62632 0
105 7980 7973 0
106 31430 31403 0
107 31411 31387 0
108 15755 15743 0
109 15770 15758 0
110 7927 7921 0
111 7947 7941 0
112 15772 15761 0
113 62651 62603 0
114 62696 62654 0
115 31376 31355 0
116 62681 62644 0
117 62643 62607 0
118 62657 62623 0
119 62676 62643 0
120 51 91 0
121 15812 15823 0
122 4013 4011 0
123 125194 125133 0
124 125197 125137 0
125 125174 125115 0
126 62676 62648 0
127 15801 15794 0
128 125182 125128 0
129 62655 62629 0
130 125167 125119 0
131 31383 31371 0
132 15772 15766 0
133 62684 62661 0
134 62636 62615 0
135 62641 62621 0
136 62661 62642 0
137 62646 62628 0
138 62634 62617 0
139 4098 4097 0
140 15740 15738 0
141 15801 15800 0
142 7939 7939 0
143 7941 7944 0
144 2123 2124 0
145 4073 4076 0
146 7974 7984 0
147 7977 7989 0
148 4046 4053 0
149 4033 4043 0
150 4026 4036 0
151 4008 4019 0
152 4028 4041 0
153 2098 2106 0
154 2072 2082 0
155 2069 2082 0
156 2069 2082 0
157 2087 2102 0
158 2063 2083 0
159 51 56 0
160 56 72 0
161 27 35 0
162 51 70 0
163 23 44 0
164 17 34 0
165 6 17 0
166 7 29 0
167 500199 500126 0
168 125176 125154 0
169 500138 500128 0
170 250191 250133 0
171 31401 31393 0
172 500149 500110 0
173 250163 250147 0
174 250105 250119 0
175 500194 500185 0
176 125138 125107 0
177 500193 500134 0
178 500156 500156 0
179 500175 500101 0
180 500187 500144 0
181 500187 500178 0
182 62664 62652 0
183 125123 125100 0
184 125171 125173 0
185 250166 250171 0
186 125190 125196 0
187 250151 250132 0
188 125142 125128 0
189 125180 125158 0
190 250181 250194 0
191 125130 125118 0
192 500139 500120 0
193 250163 250164 0
194 500171 500177 0
195 125105 125111 0
196 250146 250152 0
197 250183 250141 0
198 250120 250113 0
199 250118 250140 0
200 500136 500167 0
201 500128 500166 0
202 500192 500124 0
203 500169 500190 0
204 500131 500106 0
205 500198 500139 0
206 500195 500180 0
207 250128 250108 0
208 250155 250157 0
209 250193 250153 0
210 500185 500139 0
211 500177 500186 0
212 250184 250176 0
213 250150 250131 0
214 500154 500182 0
215 500200 500133 0
216 500107 500120 0
217 250132 250104 0
218 125126 125105 0
219 62672 62674 0
220 500182 500162 0
221 62685 62686 0
222 500176 500134 0
223 125145 125103 0
224 250172 250106 0
225 31400 31420 0
226 31410 31422 0
227 62687 62696 0
228 62660 62688 0
229 62664 62684 0
230 62660 62674 0
231 62654 62660 0
232 62650 62680 0
233 62602 62631 0
234 62604 62631 0
235 62647 62689 0
236 62641 62658 0
237 62648 62689 0
238 62639 62674 0
239 125125 125180 0
240 125111 125154 0
241 125106 125130 0
242 125107 125149 0
243 125128 125157 0
244 125150 125185 0
245 125119 125135 0
246 125137 125184 0
247 125124 125143 0
248 125143 125162 0
249 125154 125180 0
250 125137 125179 0
251 125131 125186 0
252 125133 125170 0
253 31390 31397 0
254 125126 125199 0
255 125124 125167 0
256 125165 125185 0
257 250153 250180 0
258 250124 250157 0
259 250102 250176 0
260 250134 250198 0
261 250120 250185 0
262 250115 250191 0
263 250114 250147 0
264 250103 250158 0
265 250116 250193 0
266 250133 250197 0
267 250113 250172 0
268 250152 250194 0
269 250106 250131 0
270 250124 250152 0
271 250137 250178 0
272 250115 250192 0
273 500106 500156 0
274 500122 500181 0
275 500104 500154 0
276 500119 500172 0
277 500110 500196 0
278 500126 500183 0
279 500149 500198 0
280 15741 15751 0
281 15803 15811 0
282 31375 31387 0
283 31428 31435 0
284 500118 500124 0
285 500192 500160 0
286 500141 500138 0
287 250127 250136 0
288 250179 250122 0
289 125199 125178 0
290 125178 125156 0
291 125135 125125 0
292 500139 500158 0
293 62679 62678 0
294 250193 250155 0
295 125157 125130 0
296 125188 125177 0
297 250113 250130 0
298 500175 500130 0
299 500193 500113 0
300 250146 250105 0
301 125122 125133 0
302 125129 125132 0
303 500129 500120 0
304 250145 250116 0
305 500173 500190 0
306 4017 4074 0
307 4020 4087 0
308 7950 7970 0
309 7969 8001 0
310 7935 8006 0
311 4070 4091 0
312 7919 7983 0
313 7929 7945 0
314 7926 7950 0
315 4028 4051 0
316 4077 4102 0
317 4033 4090 0
318 7939 7955 0
319 2070 2147 0
320 4041 4094 0
321 7927 7951 0
322 15766 15823 0
323 2091 2138 0
324 15767 15787 0
325 2054 2110 0
326 15727 15787 0
327 2078 2124 0
328 15737 15807 0
329 15742 15798 0
330 15747 15764 0
331 15739 15817 0
332 15780 15794 0
333 15756 15820 0
334 4027 4061 0
335 15752 15770 0
336 2100 2149 0
337 2055 2143 0
338 15767 15795 0
339 4028 4061 0
340 15731 15751 0
341 15759 15806 0
342 2060 2145 0
343 7936 7978 0
344 2089 2117 0
345 7918 7992 0
346 2106 2144 0
347 2109 2130 0
348 15758 15805 0
349 15775 15824 0
350 2057 2097 0
351 7963 7998 0
352 2079 2140 0
353 2075 2139 0
354 2085 2107 0
355 2064 2087 0
356 15770 15818 0
357 2077 2122 0
358 2066 2121 0
359 15802 15813 0
360 15782 15803 0
361 4012 4075 0
362 56 99 0
363 4029 4089 0
364 31413 31446 0
365 31361 31409 0
366 31367 31417 0
367 31388 31431 0
368 7919 7989 0
369 30 92 0
370 31371 31395 0
371 31405 31440 0
372 31399 31425 0
373 31363 31436 0
374 31370 31426 0
375 58 94 0
376 7923 7980 0
377 31389 31418 0
378 11 97 0
379 31375 31442 0
380 7943 7996 0
381 7944 7965 0
382 31355 31432 0
383 27 60 0
384 31364 31439 0
385 31401 31432 0
386 36 65 0
387 4061 4088 0
388 62615 62677 0
389 62621 62683 0
390 62614 62665 0
391 27 59 0
392 18 60 0
393 7943 7996 0
394 38 84 0
395 62610 62680 0
396 62622 62698 0
397 4018 4087 0
398 4043 4097 0
399 7955 7974 0
--------------
1000000 :c
1003818 :sum(p)
999997 :sum(w)
