400 :n
id p,w,x
--------------
0 42 13 1
1 83 30 1
2 15822 15729 1
3 15775 15729 1
4 15813 15750 1
5 15795 15726 1
6 8000 7929 1
7 8010 7981 1
8 15814 15770 1
9 86 29 1
10 15799 15733 1
11 15806 15732 1
12 8012 7973 1
13 8005 7952 1
14 80 36 1
15 7984 7956 1
16 8012 7920 1
17 8000 7923 1
18 8000 7961 1
19 7995 7936 1
20 8001 7971 1
21 7999 7934 1
22 7948 7916 1
23 7974 7919 1
24 7949 7913 1
25 4077 4038 1
26 4101 4024 1
27 4060 4016 1
28 4075 4008 1
29 4054 4021 1
30 91 72 1
31 4105 4040 1
32 4068 4026 1
33 4077 4054 1
34 4045 4025 1
35 4067 4035 1
36 4066 4024 1
37 4076 4034 1
38 4102 4044 1
39 4086 4020 1
40 4095 4027 1
41 2109 2069 1
42 33 4 1
43 40 10 1
44 99 69 1
45 2149 2059 1
46 66 22 1
47 90 43 1
48 93 16 1
49 96 22 1
50 2118 2054 1
51 15814 15771 1
52 2147 2075 1
53 2151 2130 1
54 2106 2072 1
55 96 35 1
56 2131 2079 1
57 2121 2105 1
58 2092 2057 1
59 2106 2059 1
60 2139 2066 1
61 76 39 1
62 2136 2107 1
63 74 14 1
64 31433 31351 1
65 31433 31353 1
66 11 3 1
67 23 11 1
68 51 39 1
69 2132 2118 1
70 2128 2115 1
71 2074 2062 1
72 2144 2132 1
73 15816 15777 1
74 4083 4073 1
75 7935 7916 1
76 15779 15742 1
77 15797 15761 1
78 15820 15784 1
79 15765 15731 1
80 7938 7921 1
81 7970 7953 1
82 15779 15747 1
83 31447 31384 1
84 31423 31367 1
85 31428 31380 1
86 8004 7992 1
87 31430 31384 1
88 15789 15766 1
89 62696 62616 1
90 15793 15773 0
91 7938 7928 1
92 7963 7953 1
93 8001 7991 1
94 31448 31409 1
95 62680 62604 1
96 62692 62617 1
97 78 53 1
98 31401 31354 1
99 31392 31352 1
100 7925 7916 1
101 31441 31409 0
102 4011 4007 1
103 8000 8003 0
104 4086 4084 0
105 15770 15776 0
106 2078 2076 1
107 31418 31388 0
108 31436 31406 0
109 2114 2112 1
110 62660 62603 0
111 62681 62625 0
112 62662 62610 0
113 85 89 0
114 15815 15802 0
115 7985 7979 1
116 62688 62641 0
117 15762 15751 0
118 62697 62657 0
119 15760 15750 0
120 15782 15772 0
121 62671 62632 0
122 31375 31356 0
123 31378 31359 0
124 15778 15769 0
125 62656 62624 0
126 7969 7965 0
127 4056 4054 0
128 2100 2099 1
129 2122 2121 1
130 15763 15756 0
131 62629 62602 0
132 4053 4056 0
133 2081 2083 0
134 4039 4043 0
135 4072 4078 0
136 2137 2142 0
137 2136 2141 0
138 2114 2119 0
139 2110 2116 0
140 89 97 0
141 7 13 0
142 4 13 0
143 250173 250102 0
144 62651 62630 0
145 62617 62602 0
146 62668 62648 0
147 62697 62675 0
148 250194 250108 0
149 125150 125114 0
150 62658 62661 0
151 500139 500121 0
152 62666 62652 0
153 62637 62642 0
154 500152 500176 0
155 500178 500133 0
156 500140 500187 0
157 62626 62615 0
158 62690 62684 0
159 500198 500157 0
160 62620 62625 0
161 500131 500144 0
162 500129 500114 0
163 31357 31354 0
164 500200 500120 0
165 500180 500158 0
166 500182 500172 0
167 500106 500143 0
168 250122 250131 0
169 250114 250138 0
170 500126 500105 0
171 500122 500155 0
172 125145 125135 0
173 500161 500199 0
174 125110 125120 0
175 250132 250110 0
176 250198 250192 0
177 500174 500196 0
178 250177 250127 0
179 500175 500115 0
180 125107 125116 0
181 500163 500123 0
182 31435 31431 0
183 250112 250132 0
184 125149 125123 0
185 250143 250164 0
186 125131 125142 0
187 250176 250123 0
188 500157 500122 0
189 125148 125145 0
190 250199 250186 0
191 125130 125126 0
192 125192 125169 0
193 500139 500112 0
194 500144 500133 0
195 250125 250135 0
196 500134 500127 0
197 500196 500114 0
198 250198 250145 0
199 125182 125155 0
200 500160 500109 0
201 250162 250172 0
202 500151 500161 0
203 125180 125168 0
204 500157 500161 0
205 250148 250140 0
206 15747 15744 0
207 500109 500138 0
208 250122 250132 0
209 500190 500103 0
210 500188 500172 0
211 250171 250120 0
212 125131 125122 0
213 500146 500168 0
214 500126 500162 0
215 125140 125112 0
216 250185 250188 0
217 250189 250169 0
218 250149 250173 0
219 15794 15793 0
220 250162 250109 0
221 250154 250178 0
222 250181 250194 0
223 250146 250163 0
224 500138 500128 0
225 500131 500127 0
226 250102 250111 0
227 125114 125117 0
228 500125 500152 0
229 500195 500118 0
230 500153 500134 0
231 500125 500118 0
232 125156 125104 0
233 125171 125113 0
234 125197 125120 0
235 62629 62613 0
236 62642 62617 0
237 125160 125118 0
238 31363 31355 0
239 125151 125114 0
240 125156 125120 0
241 250176 250120 0
242 250191 250104 0
243 15763 15820 0
244 7957 7972 0
245 15813 15821 0
246 500103 500158 0
247 31397 31440 0
248 31410 31434 0
249 7914 8012 0
250 7984 7995 0
251 31362 31397 0
252 7925 7941 0
253 31371 31443 0
254 7941 7978 0
255 31381 31420 0
256 7914 7980 0
257 31414 31435 0
258 31356 31413 0
259 7944 7952 0
260 31352 31424 0
261 7955 7984 0
262 31382 31446 0
263 31413 31428 0
264 7956 8009 0
265 31381 31399 0
266 7926 7934 0
267 31363 31443 0
268 31360 31394 0
269 7932 7980 0
270 31377 31438 0
271 7915 7936 0
272 7953 7983 0
273 31412 31449 0
274 7913 7922 0
275 31424 31443 0
276 31357 31435 0
277 31366 31396 0
278 31428 31450 0
279 7923 7931 0
280 31381 31410 0
281 4046 4105 0
282 31359 31401 0
283 31377 31410 0
284 4013 4053 0
285 31394 31413 0
286 4030 4094 0
287 4034 4085 0
288 4039 4088 0
289 4025 4041 0
290 4022 4056 0
291 62620 62630 0
292 4020 4056 0
293 62639 62692 0
294 4064 4076 0
295 62611 62639 0
296 4047 4078 0
297 62614 62632 0
298 15750 15757 0
299 62601 62688 0
300 62616 62646 0
301 62637 62676 0
302 4028 4103 0
303 4053 4069 0
304 62672 62699 0
305 62658 62683 0
306 62607 62672 0
307 4072 4101 0
308 15748 15769 0
309 62653 62693 0
310 4021 4033 0
311 62613 62649 0
312 4040 4065 0
313 62669 62699 0
314 4020 4035 0
315 62616 62693 0
316 62639 62694 0
317 4036 4050 0
318 4077 4101 0
319 62619 62658 0
320 2055 2091 0
321 15737 15796 0
322 62612 62673 0
323 15741 15795 0
324 125100 125155 0
325 2069 2108 0
326 2131 2144 0
327 2060 2146 0
328 125108 125124 0
329 125142 125160 0
330 2062 2103 0
331 2111 2136 0
332 2104 2144 0
333 125148 125173 0
334 125107 125176 0
335 125146 125192 0
336 2137 2152 0
337 2079 2131 0
338 2060 2096 0
339 125138 125170 0
340 125102 125177 0
341 15745 15790 0
342 2127 2147 0
343 2086 2140 0
344 2086 2118 0
345 15811 15823 0
346 2121 2152 0
347 125125 125159 0
348 125144 125192 0
349 2090 2122 0
350 125100 125160 0
351 125140 125179 0
352 125120 125189 0
353 125120 125188 0
354 125148 125169 0
355 125143 125193 0
356 125146 125195 0
357 125100 125196 0
358 15744 15746 0
359 125145 125196 0
360 125134 125158 0
361 44 66 0
362 8 81 0
363 43 66 0
364 12 79 0
365 58 73 0
366 250127 250165 0
367 34 70 0
368 28 66 0
369 4 30 0
370 250125 250168 0
371 250162 250200 0
372 15781 15799 0
373 36 58 0
374 45 77 0
375 250163 250198 0
376 6 40 0
377 15766 15786 0
378 11 81 0
379 6 72 0
380 250122 250197 0
381 250122 250155 0
382 250133 250174 0
383 250112 250188 0
384 250167 250197 0
385 13 93 0
386 77 99 0
387 250101 250193 0
388 250139 250181 0
389 15803 15806 0
390 250101 250133 0
391 250154 250195 0
392 500106 500183 0
393 500108 500172 0
394 22 48 0
395 15742 15767 0
396 63 94 0
397 500106 500166 0
398 15730 15824 0
399 15737 15783 0
--------------
1000000 :c
1004387 :sum(p)
999995 :sum(w)
