400 :n
id p,w,x
--------------
0 2146 2083 1
1 2109 2072 1
2 8001 7917 1
3 2144 2105 1
4 4074 4014 1
5 4106 4043 1
6 4084 4033 1
7 99 38 1
8 4086 4007 1
9 4096 4033 1
10 4082 4036 1
11 65 10 1
12 4088 4047 1
13 4078 4037 1
14 2143 2059 1
15 2128 2067 1
16 4077 4019 1
17 100 31 1
18 4080 4010 1
19 2151 2116 1
20 2147 2080 1
21 92 37 1
22 2136 2058 1
23 98 53 1
24 72 9 1
25 2111 2067 1
26 2147 2098 1
27 15804 15738 1
28 7997 7952 1
29 7989 7936 1
30 8001 7961 1
31 7960 7914 1
32 7990 7930 1
33 7992 7932 1
34 4061 4025 1
35 4093 4055 1
36 4052 4016 1
37 23 10 1
38 57 26 1
39 59 28 1
40 88 62 1
41 86 61 1
42 17 13 1
43 90 69 1
44 28 22 1
45 77 62 1
46 70 57 1
47 59 49 1
48 2116 2083 1
49 2143 2112 1
50 2144 2115 1
51 2102 2079 1
52 2077 2056 1
53 2099 2080 1
54 15782 15741 1
55 15821 15773 1
56 4069 4034 1
57 15809 15756 1
58 15789 15728 1
59 31420 31363 1
60 31446 31379 1
61 59 52 1
62 2091 2074 1
63 2136 2119 1
64 4082 4050 1
65 2144 2131 1
66 2084 2073 1
67 4094 4073 1
68 2153 2143 1
69 7955 7920 1
70 7965 7930 1
71 7969 7934 1
72 7958 7926 1
73 7958 7926 1
74 4067 4051 1
75 7975 7945 1
76 4072 4057 1
77 7979 7951 1
78 8003 7975 1
79 4028 4014 1
80 4061 4047 1
81 4050 4037 1
82 7958 7938 1
83 4095 4085 1
84 2082 2077 0
85 15758 15726 1
86 15770 15741 1
87 15796 15771 1
88 7959 7947 1
89 7979 7967 1
90 31408 31362 1
91 2079 2076 0
92 31423 31381 1
93 31442 31401 1
94 31394 31356 1
95 31440 31402 1
96 15782 15763 1
97 31403 31366 1
98 31435 31401 1
99 31393 31360 1
100 15775 15759 1
101 31450 31419 0
102 4098 4094 0
103 15755 15741 0
104 31408 31381 0
105 31442 31416 0
106 2137 2118 1
107 62699 62607 1
108 62658 62609 1
109 62669 62622 0
110 31391 31368 0
111 62700 62668 0
112 4091 4098 0
113 250185 250161 0
114 62692 62646 0
115 62693 62649 0
116 31399 31377 0
117 125192 125106 1
118 62681 62639 0
119 31414 31393 0
120 62682 62641 0
121 15740 15731 0
122 15754 15745 0
123 125178 125110 0
124 125189 125121 0
125 62649 62616 0
126 62693 62662 0
127 62676 62646 0
128 62695 62667 0
129 15757 15750 0
130 15750 15744 0
131 62666 62643 0
132 62650 62628 0
133 31428 31417 0
134 62653 62632 0
135 62685 62664 0
136 62689 62668 0
137 15805 15800 0
138 31439 31433 0
139 15825 15822 0
140 2132 2145 0
141 125144 125103 0
142 125191 125151 0
143 250192 250108 0
144 250186 250109 0
145 250170 250104 0
146 250174 250109 0
147 125192 125160 0
148 250176 250115 0
149 125169 125141 0
150 250183 250130 0
151 62627 62614 0
152 250198 250109 0
153 125183 125138 0
154 500199 500111 0
155 125168 125146 0
156 125156 125135 0
157 250196 250155 0
158 62655 62645 0
159 250141 250103 0
160 250190 250152 0
161 500179 500107 0
162 500183 500115 0
163 500189 500121 0
164 500185 500118 0
165 250183 250150 0
166 250148 250116 0
167 125161 125145 0
168 500188 500130 0
169 250180 250151 0
170 250149 250121 0
171 125123 125109 0
172 62693 62686 0
173 500183 500133 0
174 15761 15810 0
175 125192 125133 0
176 31379 31376 0
177 250150 250127 0
178 125176 125165 0
179 250134 250114 0
180 250163 250143 0
181 250123 250105 0
182 250128 250110 0
183 250179 250166 0
184 250190 250179 0
185 250143 250135 0
186 125183 125179 0
187 62606 62604 0
188 125131 125128 0
189 62647 62646 0
190 125105 125104 0
191 83 83 0
192 4025 4025 0
193 31442 31443 0
194 31421 31422 0
195 31407 31409 0
196 31393 31396 0
197 31378 31382 0
198 15815 15818 0
199 15793 15797 0
200 15814 15820 0
201 15805 15811 0
202 7963 7967 0
203 15793 15801 0
204 7952 7959 0
205 15734 15749 0
206 7957 7965 0
207 7923 7932 0
208 15794 15814 0
209 7935 7946 0
210 7932 7946 0
211 7972 7987 0
212 7983 8000 0
213 4016 4025 0
214 7915 7933 0
215 7974 7993 0
216 4086 4097 0
217 7932 7956 0
218 7914 7939 0
219 4083 4096 0
220 4030 4044 0
221 4065 4081 0
222 4013 4029 0
223 4009 4027 0
224 4058 4079 0
225 2130 2142 0
226 4019 4042 0
227 2069 2081 0
228 4051 4075 0
229 2124 2138 0
230 2108 2138 0
231 55 56 0
232 71 73 0
233 68 70 0
234 48 54 0
235 56 63 0
236 7 8 1
237 41 52 0
238 76 97 0
239 7 10 0
240 19 32 0
241 20 42 0
242 26 57 0
243 14 42 0
244 500149 500111 0
245 500152 500110 0
246 500175 500146 0
247 500115 500112 0
248 500114 500107 0
249 500154 500116 0
250 500167 500164 0
251 500150 500138 0
252 500140 500127 0
253 500149 500124 0
254 500141 500105 0
255 500176 500166 0
256 500151 500116 0
257 500154 500126 0
258 31372 31448 0
259 7945 8008 0
260 62608 62641 0
261 62612 62623 0
262 7934 7985 0
263 62624 62676 0
264 62605 62667 0
265 7954 7981 0
266 62609 62663 0
267 31367 31408 0
268 62604 62632 0
269 31395 31449 0
270 62634 62669 0
271 7935 8012 0
272 62649 62686 0
273 7942 8006 0
274 62602 62621 0
275 7936 7979 0
276 7956 7995 0
277 7937 7991 0
278 62639 62650 0
279 7944 8009 0
280 62632 62699 0
281 62639 62666 0
282 62622 62640 0
283 62646 62693 0
284 31402 31413 0
285 62641 62683 0
286 7964 7995 0
287 31398 31432 0
288 4039 4094 0
289 62607 62623 0
290 62621 62628 0
291 62635 62664 0
292 125146 125189 0
293 125123 125152 0
294 4020 4070 0
295 4022 4059 0
296 125166 125169 0
297 125132 125198 0
298 125141 125173 0
299 4011 4091 0
300 31381 31434 0
301 15733 15778 0
302 125121 125153 0
303 125122 125160 0
304 125121 125164 0
305 125122 125188 0
306 125150 125160 0
307 31374 31386 0
308 125122 125184 0
309 15781 15823 0
310 125150 125180 0
311 125174 125198 0
312 31389 31447 0
313 125142 125174 0
314 15727 15797 0
315 4019 4081 0
316 125101 125194 0
317 15728 15782 0
318 125103 125116 0
319 2059 2149 0
320 2076 2150 0
321 125107 125134 0
322 125114 125168 0
323 2102 2145 0
324 125118 125122 0
325 125132 125146 0
326 125122 125196 0
327 125132 125174 0
328 125113 125169 0
329 250120 250186 0
330 2058 2106 0
331 2056 2129 0
332 2059 2135 0
333 250130 250164 0
334 15793 15819 0
335 31405 31421 0
336 250147 250199 0
337 250147 250191 0
338 250143 250181 0
339 250126 250156 0
340 250161 250197 0
341 15726 15770 0
342 2108 2140 0
343 2096 2140 0
344 250103 250158 0
345 250129 250196 0
346 250114 250119 0
347 250155 250182 0
348 2059 2097 0
349 500178 500178 0
350 2078 2143 0
351 250188 250190 0
352 15759 15780 0
353 2060 2136 0
354 250164 250166 0
355 250109 250160 0
356 250106 250183 0
357 250138 250199 0
358 250110 250129 0
359 44 86 0
360 500192 500197 0
361 500144 500178 0
362 500189 500198 0
363 2 83 0
364 36 98 0
365 21 72 0
366 500111 500172 0
367 15759 15808 0
368 31362 31425 0
369 31386 31431 0
370 15776 15822 0
371 500145 500173 0
372 500158 500179 0
373 15751 15790 0
374 27 81 0
375 15757 15787 0
376 6 85 0
377 500175 500176 0
378 500147 500172 0
379 15731 15791 0
380 15738 15812 0
381 31386 31408 0
382 500108 500197 0
383 500166 500182 0
384 500126 500194 0
385 7 68 0
386 500187 500192 0
387 15739 15768 0
388 500115 500163 0
389 31396 31419 0
390 16 79 0
391 500127 500156 0
392 500151 500189 0
393 500134 500195 0
394 31362 31444 0
395 15734 15808 0
396 500148 500179 0
397 500161 500192 0
398 31357 31438 0
399 31358 31393 0
--------------
1000000 :c
1003936 :sum(p)
999998 :sum(w)
