400 :n
id p,w,x
--------------
0 77 38 1
1 15 3 1
2 4066 4038 1
3 4090 4044 1
4 4103 4054 1
5 96 61 1
6 4095 4054 1
7 4098 4062 1
8 4091 4046 1
9 4102 4023 1
10 4081 4010 1
11 4044 4007 1
12 2149 2066 1
13 4074 4052 1
14 2110 2062 1
15 4042 4017 1
16 2153 2137 1
17 2128 2060 1
18 2087 2072 1
19 2115 2086 1
20 4077 4036 1
21 4062 4016 1
22 2079 2055 1
23 4068 4008 1
24 2120 2056 1
25 2139 2125 1
26 2149 2094 1
27 4078 4042 1
28 15819 15747 1
29 70 33 1
30 44 6 1
31 15795 15731 1
32 2130 2083 1
33 8006 7923 1
34 8002 7948 1
35 57 9 1
36 33 19 1
37 2124 2071 1
38 7976 7915 1
39 40 4 1
40 91 59 1
41 15821 15737 1
42 7990 7943 1
43 48 7 1
44 2107 2068 1
45 15816 15751 1
46 8005 7949 1
47 68 9 1
48 8003 7983 1
49 31441 31388 1
50 7968 7940 1
51 15785 15753 1
52 8003 7972 1
53 15791 15734 1
54 31449 31403 1
55 15796 15755 1
56 31443 31384 1
57 31449 31371 1
58 15819 15762 1
59 7990 7959 1
60 31411 31363 1
61 15786 15745 1
62 15778 15741 1
63 4043 4027 1
64 15805 15762 1
65 31431 31371 1
66 31438 31355 1
67 31448 31376 1
68 31443 31351 1
69 95 92 1
70 47 46 0
71 2119 2115 0
72 7948 7934 1
73 7993 7979 1
74 7935 7923 1
75 7949 7937 1
76 15779 15759 1
77 31437 31399 1
78 31437 31401 1
79 15755 15738 0
80 62694 62627 1
81 31433 31400 1
82 15780 15764 0
83 8002 7994 0
84 93 16 1
85 62682 62603 1
86 31404 31368 1
87 31387 31357 1
88 31419 31389 1
89 31450 31434 0
90 31431 31406 0
91 8003 8000 0
92 21 36 0
93 15769 15754 1
94 62669 62615 0
95 62694 62640 0
96 62679 62626 0
97 15749 15736 0
98 7972 7966 0
99 2064 2064 1
100 15755 15744 0
101 62673 62632 0
102 15815 15805 0
103 125197 125124 0
104 62659 62624 0
105 62665 62630 0
106 7932 7928 0
107 4027 4025 0
108 62658 62629 0
109 31365 31352 0
110 31410 31397 0
111 7926 7923 0
112 7994 7991 0
113 125158 125112 0
114 62686 62664 0
115 62686 62665 0
116 250199 250127 0
117 125196 125160 0
118 31426 31417 0
119 125142 125107 0
120 62673 62657 0
121 7946 7948 0
122 2066 2067 1
123 2110 2112 0
124 4071 4076 0
125 2070 2073 0
126 77 80 0
127 24 28 0
128 62614 62633 0
129 62604 62646 0
130 62621 62616 0
131 62606 62630 0
132 62659 62672 0
133 125115 125137 0
134 125100 125113 0
135 125168 125187 0
136 62629 62638 0
137 62679 62666 0
138 62655 62690 0
139 62649 62689 0
140 62638 62645 0
141 62645 62694 0
142 125138 125147 0
143 125143 125182 0
144 62606 62639 0
145 62607 62609 0
146 125147 125153 0
147 62668 62683 0
148 62683 62687 0
149 62603 62647 0
150 125141 125188 0
151 125194 125174 0
152 62652 62697 0
153 62626 62638 0
154 125112 125172 0
155 62602 62679 0
156 62617 62609 0
157 62619 62666 0
158 62637 62651 0
159 31377 31420 0
160 31365 31387 0
161 31358 31429 0
162 125147 125161 0
163 125119 125160 0
164 31427 31435 0
165 31353 31353 0
166 125128 125125 0
167 31415 31408 0
168 125124 125161 0
169 125171 125173 0
170 125112 125192 0
171 31360 31402 0
172 125115 125136 0
173 31381 31437 0
174 125115 125169 0
175 125128 125144 0
176 31427 31440 0
177 125140 125177 0
178 31417 31422 0
179 125126 125120 0
180 125101 125165 0
181 125173 125175 0
182 125118 125135 0
183 125198 125191 0
184 125131 125198 0
185 125150 125122 0
186 125188 125178 0
187 31354 31370 0
188 125128 125131 0
189 31398 31407 0
190 31396 31407 0
191 125116 125100 0
192 31399 31445 0
193 125193 125199 0
194 31407 31409 0
195 125112 125157 0
196 31362 31358 0
197 31431 31427 0
198 31388 31393 0
199 125102 125173 0
200 15764 15767 0
201 250185 250164 0
202 250111 250141 0
203 15789 15817 0
204 250141 250147 0
205 15757 15793 0
206 250115 250147 0
207 15746 15774 0
208 15734 15733 0
209 250113 250137 0
210 250189 250183 0
211 15732 15737 0
212 250184 250137 0
213 15767 15772 0
214 15734 15750 0
215 250186 250183 0
216 250196 250195 0
217 15746 15777 0
218 250128 250135 0
219 250165 250168 0
220 250186 250199 0
221 250132 250155 0
222 15771 15802 0
223 250157 250105 0
224 15731 15763 0
225 250128 250168 0
226 250149 250141 0
227 250129 250101 0
228 250177 250167 0
229 250114 250147 0
230 15736 15740 0
231 250133 250190 0
232 15779 15788 0
233 15754 15779 0
234 250103 250140 0
235 250141 250182 0
236 250174 250195 0
237 250159 250173 0
238 250119 250136 0
239 250103 250135 0
240 250155 250155 0
241 125177 125161 0
242 250144 250192 0
243 250173 250188 0
244 7978 7995 0
245 7981 7999 0
246 250151 250199 0
247 250164 250135 0
248 250104 250115 0
249 250113 250143 0
250 250128 250142 0
251 7992 7999 0
252 250172 250166 0
253 250101 250197 0
254 7982 7992 0
255 7998 8005 0
256 250140 250184 0
257 250102 250193 0
258 250149 250155 0
259 500103 500125 0
260 7981 7989 0
261 7982 7994 0
262 500170 500172 0
263 8000 8005 0
264 500144 500190 0
265 62605 62665 0
266 500158 500159 0
267 500187 500166 0
268 500192 500106 0
269 500153 500154 0
270 500164 500178 0
271 500152 500133 0
272 500170 500176 0
273 500139 500188 0
274 7943 7948 0
275 500144 500114 0
276 7960 7972 0
277 125113 125126 0
278 500148 500193 0
279 500159 500101 0
280 500161 500127 0
281 500156 500106 0
282 62665 62672 0
283 500191 500107 0
284 500173 500187 0
285 62641 62632 0
286 500160 500116 0
287 500126 500121 0
288 500156 500170 0
289 500141 500162 0
290 500144 500143 0
291 500164 500160 0
292 500192 500113 0
293 500165 500134 0
294 500134 500175 0
295 500152 500117 0
296 500147 500191 0
297 500101 500134 0
298 500142 500180 0
299 500104 500144 0
300 4045 4053 0
301 500160 500143 0
302 500149 500143 0
303 500194 500172 0
304 500169 500178 0
305 500111 500178 0
306 125172 125187 0
307 500157 500174 0
308 500117 500165 0
309 500162 500123 0
310 125141 125160 0
311 62623 62639 0
312 62642 62665 0
313 62623 62624 0
314 4007 4020 0
315 4022 4070 0
316 4021 4036 0
317 4035 4058 0
318 4007 4028 0
319 2080 2128 0
320 2062 2128 0
321 4051 4106 0
322 4047 4106 0
323 2109 2133 0
324 4042 4094 0
325 4070 4105 0
326 2062 2094 0
327 4023 4081 0
328 4058 4075 0
329 2069 2118 0
330 2057 2085 0
331 4043 4086 0
332 2116 2138 0
333 4023 4096 0
334 4049 4059 0
335 2129 2144 0
336 4024 4046 0
337 2072 2102 0
338 2123 2151 0
339 2134 2150 0
340 4055 4103 0
341 4068 4078 0
342 2057 2152 0
343 2092 2118 0
344 7934 7960 0
345 7933 7957 0
346 2106 2116 0
347 2079 2094 0
348 2100 2135 0
349 2110 2126 0
350 2092 2107 0
351 7942 7979 0
352 2109 2134 0
353 2076 2104 0
354 7948 7996 0
355 7931 7953 0
356 2064 2116 0
357 7936 7973 0
358 2058 2077 0
359 32 50 0
360 27 59 0
361 19 45 0
362 4 65 0
363 14 49 0
364 7922 8011 0
365 7918 7942 0
366 2 72 0
367 29 65 0
368 15 84 0
369 82 99 0
370 7945 7984 0
371 6 26 0
372 7943 7971 0
373 15742 15807 0
374 35 80 0
375 15734 15785 0
376 16 77 0
377 15759 15823 0
378 15767 15808 0
379 15749 15822 0
380 3 74 0
381 28 51 0
382 15763 15803 0
383 71 82 0
384 80 99 0
385 15756 15821 0
386 15728 15765 0
387 31371 31446 0
388 43 71 0
389 4020 4081 0
390 21 38 0
391 53 99 0
392 4009 4085 0
393 25 70 0
394 16 86 0
395 11 47 0
396 31352 31432 0
397 33 82 0
398 4021 4043 0
399 4065 4082 0
--------------
1000000 :c
1003734 :sum(p)
1000000 :sum(w)
