400 :n
id p,w,x
--------------
0 61 39 1
1 51 7 1
2 2124 2087 1
3 70 7 1
4 2106 2082 1
5 2148 2054 1
6 15825 15754 1
7 15808 15762 1
8 8003 7918 1
9 93 50 1
10 15802 15753 1
11 15784 15742 1
12 2123 2104 1
13 15809 15765 1
14 15811 15753 1
15 7961 7914 1
16 7992 7960 1
17 15816 15757 1
18 15810 15737 1
19 15815 15769 1
20 7989 7920 1
21 7969 7917 1
22 8005 7973 1
23 7994 7940 1
24 7967 7921 1
25 7963 7915 1
26 99 69 1
27 89 19 1
28 4082 4030 1
29 4099 4021 1
30 87 35 1
31 47 17 1
32 31444 31355 1
33 4086 4031 1
34 4105 4025 1
35 99 33 1
36 4103 4027 1
37 31439 31353 1
38 4063 4031 1
39 59 14 1
40 4067 4040 1
41 65 5 1
42 4052 4015 1
43 4092 4034 1
44 80 13 1
45 4065 4039 1
46 89 68 1
47 4098 4056 1
48 4105 4066 1
49 4043 4017 1
50 2151 2081 1
51 78 6 1
52 2130 2054 1
53 2130 2098 1
54 84 43 1
55 2089 2054 1
56 53 5 1
57 2133 2102 1
58 2150 2065 1
59 2089 2062 1
60 2085 2062 1
61 2126 2065 1
62 73 37 1
63 15772 15732 1
64 31436 31370 1
65 31450 31379 1
66 15777 15737 1
67 7 3 1
68 59 47 1
69 61 53 1
70 38 35 1
71 94 89 1
72 42 40 1
73 2092 2076 1
74 4027 4008 1
75 2121 2111 1
76 2125 2115 1
77 2086 2077 1
78 2133 2124 1
79 2087 2080 1
80 7978 7956 1
81 8006 7985 1
82 2076 2071 1
83 7990 7972 1
84 7954 7939 1
85 31441 31382 1
86 31440 31382 1
87 15780 15751 1
88 15792 15764 1
89 15797 15770 1
90 15809 15782 1
91 31430 31379 1
92 4086 4080 1
93 31442 31400 1
94 15784 15764 1
95 7965 7955 1
96 62688 62616 1
97 31420 31384 0
98 31439 31403 1
99 7986 7936 1
100 62686 62602 1
101 62679 62603 1
102 7925 7916 0
103 62688 62618 0
104 15795 15778 1
105 15825 15819 0
106 15819 15824 0
107 76 79 1
108 31443 31411 0
109 15753 15738 1
110 7976 7969 1
111 31397 31371 0
112 62656 62605 0
113 15808 15796 0
114 7965 7959 1
115 4069 4066 1
116 4098 4095 1
117 15782 15771 0
118 15734 15726 0
119 2056 2055 0
120 7966 7963 0
121 15802 15797 0
122 7937 7935 0
123 7983 7981 0
124 4051 4050 0
125 7921 7920 0
126 4047 4048 0
127 4018 4020 0
128 2144 2147 0
129 4070 4076 0
130 4065 4071 0
131 4050 4058 0
132 2099 2106 0
133 2130 2139 0
134 2134 2144 0
135 2134 2145 0
136 87 98 0
137 44 52 0
138 23 37 0
139 125190 125173 0
140 500186 500136 0
141 125176 125107 0
142 250184 250129 0
143 250148 250114 0
144 125185 125103 0
145 125147 125114 0
146 31416 31410 0
147 31445 31435 0
148 62629 62614 0
149 62646 62624 0
150 62671 62650 0
151 31443 31427 0
152 31403 31391 0
153 62657 62638 0
154 250183 250159 0
155 500187 500116 0
156 62676 62643 0
157 31399 31391 0
158 500199 500143 0
159 250155 250111 0
160 125189 125158 0
161 31450 31441 0
162 31434 31420 0
163 31400 31393 0
164 125197 125144 0
165 250168 250104 0
166 250177 250138 0
167 125184 125124 0
168 250186 250108 0
169 250198 250166 0
170 250162 250146 0
171 250169 250159 0
172 500143 500107 0
173 62626 62623 0
174 500140 500102 0
175 62698 62695 0
176 250124 250110 0
177 125110 125103 0
178 125140 125135 0
179 500137 500113 0
180 500153 500129 0
181 125116 125109 0
182 125195 125189 0
183 125147 125140 0
184 125103 125100 0
185 500185 500156 0
186 125193 125184 0
187 125111 125106 0
188 500180 500162 0
189 250127 250112 0
190 62692 62689 0
191 125167 125157 0
192 500152 500115 0
193 500148 500156 0
194 500118 500116 0
195 31419 31421 0
196 500107 500153 0
197 500122 500115 0
198 500103 500140 0
199 62656 62661 0
200 500164 500155 0
201 250172 250170 0
202 62621 62624 0
203 250125 250121 0
204 62608 62610 0
205 250148 250161 0
206 62693 62698 0
207 250184 250191 0
208 500129 500160 0
209 250193 250197 0
210 250118 250128 0
211 250163 250184 0
212 62690 62696 0
213 500145 500159 0
214 125173 125183 0
215 250128 250146 0
216 500160 500195 0
217 125179 125180 0
218 500179 500196 0
219 500117 500133 0
220 125149 125157 0
221 500134 500179 0
222 125172 125174 0
223 500178 500175 0
224 125150 125148 0
225 250157 250173 0
226 250162 250186 0
227 500171 500173 0
228 250180 250192 0
229 500149 500171 0
230 500175 500194 0
231 125126 125133 0
232 125172 125175 0
233 125149 125159 0
234 500103 500118 0
235 500123 500144 0
236 500183 500175 0
237 125135 125100 0
238 125197 125147 0
239 62650 62626 0
240 125161 125134 0
241 125181 125142 0
242 250199 250103 0
243 62689 62669 0
244 62656 62636 0
245 500173 500128 0
246 250192 250172 0
247 250189 250101 0
248 250167 250111 0
249 250192 250104 0
250 15796 15801 0
251 15749 15776 0
252 15749 15818 0
253 7929 7985 0
254 15765 15820 0
255 7962 7975 0
256 15751 15807 0
257 7939 7971 0
258 7952 8004 0
259 7935 8002 0
260 7988 7995 0
261 7961 7979 0
262 500119 500169 0
263 7961 7988 0
264 7945 8002 0
265 7913 7970 0
266 31430 31441 0
267 7930 8006 0
268 31352 31450 0
269 31381 31418 0
270 31395 31407 0
271 31389 31440 0
272 31352 31399 0
273 31379 31399 0
274 7914 7939 0
275 7940 8007 0
276 7921 7945 0
277 31362 31393 0
278 31358 31415 0
279 7952 7967 0
280 4057 4096 0
281 4024 4035 0
282 4007 4063 0
283 31389 31395 0
284 4013 4066 0
285 31369 31392 0
286 31421 31430 0
287 31391 31407 0
288 4032 4103 0
289 31404 31442 0
290 4025 4049 0
291 4031 4077 0
292 31361 31393 0
293 7986 8004 0
294 4023 4060 0
295 4064 4078 0
296 4031 4049 0
297 31373 31413 0
298 4048 4069 0
299 31423 31443 0
300 4057 4070 0
301 4007 4096 0
302 4008 4097 0
303 15735 15811 0
304 31358 31364 0
305 4017 4101 0
306 31380 31410 0
307 62604 62688 0
308 4013 4067 0
309 15735 15788 0
310 62638 62668 0
311 62641 62668 0
312 4024 4095 0
313 62639 62656 0
314 62658 62680 0
315 62644 62674 0
316 62649 62676 0
317 62605 62656 0
318 7935 7968 0
319 62604 62650 0
320 62603 62612 0
321 7964 7982 0
322 15778 15799 0
323 62609 62640 0
324 62692 62700 0
325 62622 62689 0
326 62638 62677 0
327 62629 62666 0
328 62680 62695 0
329 2068 2138 0
330 2072 2150 0
331 15766 15791 0
332 62603 62694 0
333 62625 62660 0
334 15726 15745 0
335 2104 2123 0
336 62629 62649 0
337 125133 125186 0
338 2114 2141 0
339 2060 2144 0
340 2061 2124 0
341 2092 2106 0
342 2072 2100 0
343 125101 125174 0
344 125149 125162 0
345 125144 125180 0
346 2092 2128 0
347 125123 125191 0
348 125168 125192 0
349 2103 2131 0
350 2068 2125 0
351 2076 2147 0
352 2057 2129 0
353 125108 125141 0
354 125107 125159 0
355 125114 125158 0
356 15775 15798 0
357 125159 125197 0
358 2065 2118 0
359 125139 125175 0
360 125112 125137 0
361 250114 250183 0
362 250120 250200 0
363 250142 250170 0
364 15768 15788 0
365 70 86 0
366 250103 250148 0
367 250121 250162 0
368 250129 250176 0
369 250152 250181 0
370 250146 250175 0
371 25 73 0
372 250151 250184 0
373 250106 250187 0
374 250107 250165 0
375 250130 250197 0
376 47 99 0
377 500134 500194 0
378 15783 15807 0
379 59 76 0
380 41 70 0
381 500106 500173 0
382 33 69 0
383 39 62 0
384 500143 500197 0
385 500110 500178 0
386 32 97 0
387 500108 500193 0
388 500125 500183 0
389 43 63 0
390 15789 15813 0
391 34 50 0
392 500127 500194 0
393 500123 500185 0
394 52 76 0
395 500106 500170 0
396 59 81 0
397 19 35 0
398 15759 15791 0
399 15756 15811 0
--------------
1000000 :c
1004314 :sum(p)
999999 :sum(w)
