400 :n
id p,w,x
--------------
0 2138 2066 1
1 2105 2088 1
2 45 13 1
3 85 38 1
4 46 26 1
5 65 37 1
6 4040 4011 1
7 2145 2116 1
8 4049 4024 1
9 4074 4043 1
10 4034 4009 1
11 4091 4062 1
12 78 5 1
13 2127 2092 1
14 57 26 1
15 4056 4012 1
16 56 1 1
17 4095 4056 1
18 4087 4052 1
19 7975 7916 1
20 2106 2082 1
21 2152 2107 1
22 65 24 1
23 99 65 1
24 2110 2055 1
25 2147 2122 1
26 79 24 1
27 8002 7922 1
28 34 21 1
29 2111 2056 1
30 63 11 1
31 2079 2057 1
32 2141 2069 1
33 2136 2089 1
34 2147 2111 1
35 60 15 1
36 2144 2061 1
37 37 24 1
38 7972 7925 1
39 2140 2084 1
40 15819 15730 1
41 57 47 1
42 96 88 1
43 99 98 1
44 7996 7949 1
45 4044 4021 1
46 7969 7925 1
47 2092 2081 1
48 15820 15741 1
49 7993 7954 1
50 4083 4064 1
51 4065 4047 1
52 7970 7935 1
53 7981 7946 1
54 4047 4030 1
55 7975 7945 1
56 2140 2133 1
57 2150 2143 1
58 31437 31354 1
59 15813 15773 1
60 4039 4029 1
61 4061 4051 1
62 31430 31355 1
63 15793 15757 1
64 15798 15762 1
65 15804 15770 1
66 7952 7935 1
67 31428 31361 1
68 31446 31380 1
69 15777 15744 1
70 2115 2111 1
71 2142 2138 1
72 15766 15737 1
73 15802 15774 1
74 15790 15763 1
75 31440 31387 1
76 15812 15786 1
77 7977 7964 1
78 8004 7991 1
79 31441 31392 1
80 7945 7933 1
81 7950 7938 1
82 31428 31381 1
83 31413 31367 1
84 15753 15731 1
85 31414 31371 1
86 31438 31395 1
87 4027 4022 1
88 7926 7917 0
89 31422 31389 1
90 31403 31371 1
91 31449 31417 1
92 62698 62638 1
93 2120 2118 1
94 4103 4020 1
95 62687 62602 1
96 31402 31362 1
97 15822 15808 0
98 31431 31407 0
99 7977 7971 1
100 15810 15820 0
101 2145 2144 1
102 21 87 0
103 7984 7978 1
104 62661 62614 0
105 8002 7996 1
106 62652 62607 0
107 62690 62646 0
108 125189 125104 0
109 7924 7919 0
110 7957 7952 0
111 7973 7968 0
112 125181 125106 0
113 62671 62637 0
114 62673 62639 0
115 125187 125125 0
116 62631 62602 0
117 31419 31405 0
118 15788 15781 0
119 125198 125144 0
120 125182 125129 0
121 125164 125113 0
122 125161 125114 0
123 125149 125106 0
124 62673 62652 0
125 62679 62659 0
126 15765 15760 0
127 31412 31403 0
128 125189 125154 0
129 62682 62665 0
130 31377 31369 0
131 31381 31373 0
132 4035 4034 0
133 62675 62660 0
134 31365 31358 0
135 31395 31388 0
136 31434 31428 0
137 15782 15779 0
138 8009 8008 0
139 62624 62618 0
140 62619 62617 0
141 62668 62666 0
142 31382 31381 0
143 15803 15803 0
144 31428 31428 0
145 62676 62676 0
146 4025 4026 0
147 2100 2101 0
148 2085 2086 0
149 7975 7979 0
150 4026 4029 0
151 4029 4034 0
152 4063 4069 0
153 2108 2112 0
154 38 39 1
155 15 16 0
156 72 80 0
157 7 9 1
158 250167 250151 0
159 250112 250112 0
160 250154 250154 0
161 250187 250187 0
162 250141 250103 0
163 250137 250117 0
164 250146 250127 0
165 250164 250154 0
166 250134 250135 0
167 500148 500133 0
168 500141 500117 0
169 500129 500121 0
170 500190 500162 0
171 500132 500115 0
172 125192 125158 0
173 500138 500136 0
174 500171 500115 0
175 500171 500158 0
176 125132 125129 0
177 500163 500102 0
178 500187 500114 0
179 500187 500112 0
180 500165 500141 0
181 125156 125127 0
182 500184 500101 0
183 125188 125165 0
184 500167 500113 0
185 500139 500127 0
186 125130 125103 0
187 500131 500105 0
188 500179 500182 0
189 500196 500115 0
190 500114 500112 0
191 500135 500117 0
192 500107 500114 0
193 500169 500145 0
194 125161 125154 0
195 125188 125172 0
196 125184 125160 0
197 125139 125138 0
198 125166 125146 0
199 250144 250123 0
200 250190 250128 0
201 125175 125163 0
202 250181 250131 0
203 250199 250130 0
204 250175 250150 0
205 250156 250125 0
206 250159 250129 0
207 250145 250128 0
208 250167 250140 0
209 250110 250103 0
210 250196 250181 0
211 31402 31443 0
212 15762 15799 0
213 15738 15742 0
214 15738 15796 0
215 15783 15808 0
216 15731 15779 0
217 15735 15823 0
218 15772 15811 0
219 31394 31415 0
220 15753 15802 0
221 31358 31437 0
222 15739 15798 0
223 15803 15818 0
224 15791 15807 0
225 15796 15823 0
226 31440 31446 0
227 15726 15759 0
228 31358 31415 0
229 15775 15820 0
230 31361 31432 0
231 31430 31441 0
232 31356 31437 0
233 15768 15777 0
234 62660 62688 0
235 15748 15797 0
236 62646 62667 0
237 62619 62620 0
238 62602 62695 0
239 62663 62684 0
240 62643 62678 0
241 62620 62682 0
242 62608 62665 0
243 7915 7964 0
244 7943 7971 0
245 62655 62676 0
246 7924 7992 0
247 7914 7941 0
248 62609 62640 0
249 62608 62698 0
250 7976 8007 0
251 62640 62683 0
252 7959 7987 0
253 7918 8002 0
254 62639 62698 0
255 62603 62628 0
256 62667 62671 0
257 7975 8000 0
258 62615 62677 0
259 62646 62650 0
260 62628 62649 0
261 62629 62635 0
262 7964 7997 0
263 62629 62654 0
264 62629 62657 0
265 62603 62679 0
266 7926 7987 0
267 7963 7984 0
268 15738 15745 0
269 62659 62669 0
270 62631 62664 0
271 7919 7926 0
272 125101 125153 0
273 7959 7973 0
274 7952 8000 0
275 125132 125194 0
276 7913 7942 0
277 7978 8009 0
278 7959 7984 0
279 4029 4073 0
280 125154 125198 0
281 4038 4102 0
282 125125 125185 0
283 4053 4068 0
284 4016 4084 0
285 4081 4102 0
286 125158 125185 0
287 125163 125189 0
288 125141 125187 0
289 4037 4092 0
290 125136 125148 0
291 125121 125136 0
292 125120 125149 0
293 31434 31447 0
294 125116 125172 0
295 125154 125182 0
296 15728 15779 0
297 125117 125160 0
298 4050 4101 0
299 4019 4086 0
300 4036 4063 0
301 4016 4089 0
302 4025 4040 0
303 4076 4106 0
304 15806 15819 0
305 125130 125180 0
306 125130 125187 0
307 4022 4047 0
308 125109 125142 0
309 4037 4078 0
310 4092 4105 0
311 125156 125179 0
312 125108 125196 0
313 31426 31448 0
314 4008 4082 0
315 4048 4104 0
316 4036 4047 0
317 125149 125155 0
318 4012 4099 0
319 2123 2144 0
320 125106 125119 0
321 2087 2150 0
322 2068 2124 0
323 2071 2140 0
324 2059 2102 0
325 250122 250134 0
326 250137 250193 0
327 250114 250157 0
328 250145 250197 0
329 2057 2137 0
330 2109 2139 0
331 2081 2136 0
332 2081 2144 0
333 250173 250185 0
334 15784 15788 0
335 31400 31408 0
336 250124 250132 0
337 250147 250154 0
338 2068 2135 0
339 250118 250137 0
340 250115 250133 0
341 2123 2144 0
342 2086 2141 0
343 31428 31437 0
344 2109 2124 0
345 2091 2103 0
346 250150 250154 0
347 250154 250175 0
348 250113 250170 0
349 250137 250142 0
350 250113 250146 0
351 2062 2081 0
352 250114 250158 0
353 250156 250192 0
354 250122 250175 0
355 250148 250156 0
356 250162 250192 0
357 250119 250143 0
358 500122 500186 0
359 500132 500182 0
360 500146 500191 0
361 500181 500190 0
362 500111 500180 0
363 500160 500192 0
364 52 63 0
365 11 44 0
366 15748 15815 0
367 500107 500122 0
368 5 58 0
369 500101 500174 0
370 500143 500188 0
371 13 50 0
372 4 33 0
373 15 35 0
374 25 36 0
375 500108 500165 0
376 12 98 0
377 500138 500163 0
378 31387 31445 0
379 11 90 0
380 500140 500178 0
381 18 41 0
382 18 88 0
383 11 28 0
384 500178 500189 0
385 38 85 0
386 27 71 0
387 2 45 0
388 500115 500160 0
389 500101 500117 0
390 21 92 0
391 500129 500158 0
392 500187 500199 0
393 67 90 0
394 500184 500200 0
395 15770 15776 0
396 31355 31360 0
397 13 77 0
398 31402 31412 0
399 31396 31445 0
--------------
1000000 :c
1003540 :sum(p)
1000000 :sum(w)
