400 :n
id p,w,x
--------------
0 4072 4045 1
1 4068 4024 1
2 80 4 1
3 87 55 1
4 4074 4013 1
5 75 58 1
6 84 70 1
7 15796 15747 1
8 43 18 1
9 31439 31358 1
10 15801 15758 1
11 31442 31363 1
12 68 11 1
13 15804 15758 1
14 15781 15726 1
15 90 4 1
16 4074 4042 1
17 99 37 1
18 99 43 1
19 2106 2057 1
20 15819 15752 1
21 78 33 1
22 91 14 1
23 31446 31367 1
24 15793 15727 1
25 31429 31355 1
26 15793 15745 1
27 15792 15734 1
28 70 3 1
29 7946 7915 1
30 2099 2074 1
31 2124 2084 1
32 7997 7945 1
33 57 27 1
34 94 50 1
35 71 37 1
36 8008 7935 1
37 4086 4052 1
38 7975 7929 1
39 89 2 1
40 2081 2059 1
41 2135 2068 1
42 2139 2073 1
43 7991 7968 1
44 2119 2077 1
45 2143 2127 1
46 2138 2103 1
47 8009 7961 1
48 7950 7917 1
49 8012 7920 1
50 2153 2092 1
51 2131 2112 1
52 2114 2068 1
53 8007 7915 1
54 7997 7925 1
55 31429 31357 1
56 7942 7921 1
57 4079 4017 1
58 4025 4008 1
59 4047 4019 1
60 2134 2058 1
61 2142 2096 1
62 4087 4038 1
63 4065 4009 1
64 31445 31377 1
65 38 26 1
66 98 86 1
67 87 82 1
68 80 76 1
69 79 77 1
70 98 97 1
71 2144 2133 1
72 2068 2060 1
73 4071 4058 1
74 4020 4008 1
75 4054 4042 1
76 4060 4048 1
77 7996 7976 1
78 2111 2106 1
79 15772 15736 1
80 15788 15755 1
81 7981 7965 1
82 4031 4023 1
83 2108 2104 1
84 15825 15795 1
85 4018 4011 1
86 31426 31372 1
87 15783 15758 1
88 7957 7945 1
89 15807 15785 1
90 15772 15752 1
91 15777 15757 1
92 7955 7945 1
93 7968 7958 1
94 4078 4073 1
95 15811 15793 1
96 15816 15800 1
97 62670 62607 1
98 62699 62636 1
99 15812 15775 1
100 31413 31377 1
101 31408 31368 1
102 31443 31413 1
103 62662 62603 0
104 7941 7934 0
105 62696 62666 0
106 31447 31426 0
107 83 91 0
108 62664 62605 0
109 7976 7969 1
110 62680 62627 0
111 62690 62638 0
112 15743 15730 0
113 31408 31384 0
114 125188 125100 0
115 4012 4014 1
116 31405 31383 1
117 62657 62614 0
118 31388 31367 0
119 125198 125120 0
120 62675 62636 0
121 125191 125118 0
122 125184 125112 0
123 31375 31358 0
124 62662 62630 0
125 8010 8006 0
126 125196 125136 0
127 125178 125120 0
128 62631 62603 0
129 62649 62621 0
130 62684 62659 0
131 62687 62664 0
132 125195 125150 0
133 15813 15808 0
134 19 19 0
135 7973 7974 0
136 7968 7972 0
137 4100 4103 0
138 4059 4063 0
139 4097 4102 0
140 4089 4094 0
141 2067 2070 0
142 4042 4049 0
143 2117 2121 0
144 2091 2095 0
145 4088 4097 0
146 2141 2149 0
147 2094 2103 0
148 2068 2078 0
149 69 72 0
150 54 59 0
151 25 35 0
152 6 18 0
153 250143 250103 0
154 62650 62639 0
155 62637 62619 0
156 62682 62660 0
157 500149 500117 0
158 62647 62639 0
159 500136 500123 0
160 500176 500121 0
161 500184 500138 0
162 500129 500121 0
163 250164 250132 0
164 62643 62640 0
165 250196 250190 0
166 31380 31379 0
167 250189 250181 0
168 250175 250152 0
169 250172 250155 0
170 500174 500165 0
171 500151 500103 0
172 125116 125101 0
173 250182 250171 0
174 500169 500120 0
175 250147 250117 0
176 500185 500140 0
177 250161 250137 0
178 250176 250149 0
179 125135 125133 0
180 125186 125177 0
181 125114 125112 0
182 125115 125113 0
183 250140 250132 0
184 250190 250167 0
185 500119 500109 0
186 125163 125152 0
187 500165 500158 0
188 125177 125170 0
189 125107 125104 0
190 250144 250125 0
191 125129 125115 0
192 500130 500109 0
193 500189 500148 0
194 500154 500147 0
195 250162 250128 0
196 500168 500103 0
197 500181 500114 0
198 500193 500119 0
199 125199 125160 0
200 125185 125164 0
201 125178 125160 0
202 500196 500110 0
203 250137 250102 0
204 250167 250119 0
205 62659 62643 0
206 125163 125146 0
207 125165 125142 0
208 250184 250129 0
209 125142 125122 0
210 125180 125146 0
211 31394 31385 0
212 125144 125126 0
213 250191 250151 0
214 31376 31405 0
215 31422 31447 0
216 31395 31429 0
217 15766 15778 0
218 31411 31416 0
219 31407 31412 0
220 31354 31405 0
221 15782 15819 0
222 15788 15816 0
223 15749 15768 0
224 15777 15795 0
225 15777 15795 0
226 31390 31398 0
227 15729 15736 0
228 15752 15759 0
229 15737 15818 0
230 62612 62664 0
231 62628 62650 0
232 62615 62677 0
233 15738 15789 0
234 15807 15811 0
235 15783 15822 0
236 62632 62633 0
237 15752 15764 0
238 15733 15764 0
239 62613 62643 0
240 7976 7990 0
241 7957 7990 0
242 7920 7927 0
243 62671 62699 0
244 31352 31433 0
245 7920 7950 0
246 7915 8008 0
247 7915 8002 0
248 7926 8006 0
249 62623 62633 0
250 62611 62622 0
251 62611 62686 0
252 7922 7989 0
253 62601 62633 0
254 62660 62662 0
255 7948 7993 0
256 62635 62697 0
257 7946 7964 0
258 62611 62647 0
259 7986 8000 0
260 62644 62686 0
261 7965 7987 0
262 7953 8011 0
263 62633 62695 0
264 62646 62683 0
265 62628 62696 0
266 7971 8006 0
267 7964 8004 0
268 31361 31367 0
269 7927 7967 0
270 62625 62697 0
271 7938 7967 0
272 62671 62673 0
273 62665 62683 0
274 125130 125157 0
275 7987 7999 0
276 7953 7980 0
277 125105 125116 0
278 125130 125178 0
279 4011 4080 0
280 4037 4083 0
281 4046 4073 0
282 4051 4071 0
283 4029 4103 0
284 125135 125173 0
285 125135 125188 0
286 4096 4106 0
287 125106 125127 0
288 125137 125151 0
289 15821 15822 0
290 4038 4068 0
291 125136 125190 0
292 125105 125114 0
293 125150 125152 0
294 4050 4071 0
295 125137 125182 0
296 125104 125174 0
297 4025 4103 0
298 4007 4097 0
299 4027 4072 0
300 15771 15788 0
301 125149 125199 0
302 125126 125184 0
303 31372 31395 0
304 4040 4093 0
305 31355 31380 0
306 4007 4018 0
307 4024 4067 0
308 125143 125149 0
309 4040 4052 0
310 125174 125199 0
311 31353 31409 0
312 250157 250164 0
313 250144 250192 0
314 250157 250165 0
315 31383 31422 0
316 4026 4069 0
317 31351 31421 0
318 250129 250156 0
319 15752 15761 0
320 2075 2089 0
321 250113 250194 0
322 2105 2137 0
323 250108 250184 0
324 250180 250198 0
325 2069 2082 0
326 2112 2126 0
327 250165 250185 0
328 250145 250196 0
329 250132 250164 0
330 2073 2096 0
331 250141 250183 0
332 250108 250124 0
333 2088 2150 0
334 2093 2111 0
335 31373 31380 0
336 250135 250161 0
337 2086 2129 0
338 250106 250171 0
339 250109 250138 0
340 2064 2076 0
341 250135 250193 0
342 15771 15778 0
343 2089 2153 0
344 15755 15781 0
345 250118 250147 0
346 31371 31410 0
347 250105 250105 0
348 250186 250199 0
349 2071 2102 0
350 15788 15792 0
351 2060 2119 0
352 2116 2150 0
353 250118 250143 0
354 250191 250195 0
355 2117 2143 0
356 2124 2141 0
357 2069 2102 0
358 250105 250195 0
359 500123 500135 0
360 500107 500194 0
361 500122 500175 0
362 31359 31406 0
363 500160 500198 0
364 500178 500186 0
365 7 49 0
366 54 72 0
367 9 77 0
368 500132 500159 0
369 500105 500166 0
370 500121 500159 0
371 31439 31444 0
372 500128 500145 0
373 500163 500176 0
374 500166 500159 0
375 500136 500189 0
376 500183 500186 0
377 500115 500109 0
378 500199 500199 0
379 13 89 0
380 500133 500159 0
381 500123 500143 0
382 500132 500132 0
383 45 79 0
384 500159 500161 0
385 31373 31435 0
386 500145 500164 0
387 27 56 0
388 10 57 0
389 20 68 0
390 27 51 0
391 31391 31407 0
392 10 56 0
393 7 95 0
394 31413 31419 0
395 500107 500177 0
396 26 39 0
397 500114 500135 0
398 31379 31442 0
399 31364 31447 0
--------------
1000000 :c
1004068 :sum(p)
1000000 :sum(w)
