400 :n
id p,w,x
--------------
0 7968 7939 1
1 7975 7918 1
2 84 73 1
3 78 20 1
4 56 13 1
5 58 29 1
6 15797 15760 1
7 50 37 1
8 15806 15758 1
9 31437 31378 1
10 50 11 1
11 46 24 1
12 95 13 1
13 56 18 1
14 7986 7929 1
15 82 11 1
16 72 22 1
17 52 34 1
18 86 70 1
19 48 14 1
20 86 31 1
21 15811 15730 1
22 69 22 1
23 2139 2121 1
24 31447 31372 1
25 2109 2091 1
26 31425 31366 1
27 15801 15759 1
28 2086 2070 1
29 2090 2071 1
30 2115 2076 1
31 2144 2120 1
32 2144 2088 1
33 7983 7958 1
34 2145 2111 1
35 15802 15757 1
36 7959 7933 1
37 2149 2101 1
38 7996 7957 1
39 2080 2054 1
40 7997 7946 1
41 2132 2060 1
42 15818 15762 1
43 15824 15761 1
44 15811 15757 1
45 15814 15734 1
46 2113 2075 1
47 8012 7977 1
48 31423 31370 1
49 7973 7933 1
50 8011 7966 1
51 15756 15732 1
52 15788 15748 1
53 4072 4018 1
54 7977 7923 1
55 2124 2099 1
56 4090 4019 1
57 15810 15727 1
58 8003 7950 1
59 15786 15729 1
60 4098 4080 1
61 4081 4057 1
62 4060 4023 1
63 15799 15771 1
64 4106 4039 1
65 15766 15728 1
66 4024 4010 1
67 15777 15732 1
68 4097 4074 1
69 4081 4019 1
70 7986 7936 1
71 4080 4043 1
72 7987 7922 1
73 7988 7926 1
74 4082 4061 1
75 7984 7945 1
76 4072 4049 1
77 4100 4049 1
78 31440 31395 1
79 78 70 1
80 2070 2061 1
81 2090 2081 1
82 2093 2084 1
83 2129 2121 1
84 2078 2072 1
85 4027 4018 1
86 15811 15788 1
87 15821 15798 1
88 15824 15803 1
89 15820 15802 1
90 62685 62617 1
91 62687 62620 1
92 15803 15787 1
93 7929 7921 1
94 7971 7963 1
95 2076 2074 0
96 62693 62637 1
97 15770 15757 1
98 4064 4010 1
99 31414 31377 1
100 31378 31353 0
101 31445 31420 0
102 62661 62616 0
103 31448 31431 0
104 2134 2140 0
105 33 62 0
106 62668 62620 0
107 31426 31402 0
108 62695 62651 0
109 31414 31392 0
110 15741 15730 0
111 15746 15735 0
112 15748 15737 0
113 15769 15758 0
114 15783 15772 1
115 62681 62638 0
116 62700 62659 0
117 15785 15775 1
118 31420 31402 0
119 15739 15730 0
120 15768 15759 0
121 15824 15816 0
122 4052 4050 0
123 4062 4060 1
124 4097 4098 0
125 4060 4062 0
126 95 100 0
127 34 39 0
128 62675 62648 0
129 125180 125130 0
130 62679 62650 0
131 125178 125118 0
132 125174 125127 0
133 62669 62644 0
134 125179 125171 0
135 62633 62618 0
136 125142 125136 0
137 125170 125145 0
138 125107 125101 0
139 125163 125130 0
140 125189 125174 0
141 125152 125145 0
142 125154 125150 0
143 125199 125174 0
144 125135 125112 0
145 125177 125152 0
146 125137 125115 0
147 62628 62625 0
148 125153 125110 0
149 125138 125133 0
150 125169 125140 0
151 125156 125124 0
152 62640 62633 0
153 250155 250140 0
154 250173 250115 0
155 250179 250151 0
156 62683 62679 0
157 250189 250109 0
158 250188 250170 0
159 250127 250104 0
160 250137 250105 0
161 250136 250102 0
162 250194 250126 0
163 250114 250103 0
164 250183 250130 0
165 250139 250116 0
166 250134 250107 0
167 250191 250131 0
168 250192 250144 0
169 250167 250145 0
170 250155 250146 0
171 500148 500133 0
172 500159 500109 0
173 31425 31422 0
174 500165 500127 0
175 500172 500118 0
176 31434 31428 0
177 500169 500111 0
178 500193 500165 0
179 500173 500107 0
180 31402 31393 0
181 500187 500161 0
182 500175 500145 0
183 500179 500160 0
184 31398 31391 0
185 15804 15803 0
186 62625 62606 0
187 125199 125194 0
188 62683 62644 0
189 62660 62632 0
190 125158 125100 0
191 62684 62651 0
192 31405 31426 0
193 31362 31394 0
194 31357 31428 0
195 31399 31443 0
196 31359 31433 0
197 31386 31429 0
198 31364 31375 0
199 31403 31432 0
200 31356 31361 0
201 15734 15741 0
202 31391 31419 0
203 15780 15813 0
204 31412 31446 0
205 31408 31410 0
206 31407 31421 0
207 31359 31425 0
208 31362 31441 0
209 15736 15796 0
210 31378 31383 0
211 31367 31406 0
212 62610 62677 0
213 62624 62639 0
214 62658 62669 0
215 15735 15768 0
216 62606 62654 0
217 62647 62689 0
218 62627 62651 0
219 15816 15818 0
220 62680 62692 0
221 62614 62636 0
222 15726 15797 0
223 62684 62696 0
224 62673 62690 0
225 62643 62699 0
226 62654 62669 0
227 62662 62697 0
228 62650 62659 0
229 15727 15812 0
230 62628 62668 0
231 15797 15800 0
232 62622 62634 0
233 62631 62689 0
234 62603 62648 0
235 62641 62674 0
236 62672 62694 0
237 62645 62661 0
238 125138 125170 0
239 125169 125168 0
240 125133 125144 0
241 125137 125177 0
242 7968 7974 0
243 7990 7992 0
244 7939 7943 0
245 7935 7936 0
246 125149 125170 0
247 7913 7960 0
248 7916 7930 0
249 125155 125178 0
250 125105 125153 0
251 7927 7935 0
252 125104 125174 0
253 7929 7946 0
254 7954 7994 0
255 7917 7954 0
256 125105 125142 0
257 125120 125184 0
258 125100 125168 0
259 7932 8003 0
260 7919 7992 0
261 125124 125165 0
262 7985 8000 0
263 125164 125174 0
264 7977 8008 0
265 125122 125181 0
266 125126 125136 0
267 7914 7948 0
268 7925 7951 0
269 125132 125152 0
270 125124 125179 0
271 7986 7987 0
272 7958 8010 0
273 125104 125137 0
274 7929 7957 0
275 125117 125184 0
276 7980 7999 0
277 7937 7951 0
278 7922 7932 0
279 4053 4066 0
280 250140 250142 0
281 4022 4043 0
282 31378 31407 0
283 4022 4031 0
284 4068 4077 0
285 4010 4041 0
286 250114 250135 0
287 31358 31404 0
288 250139 250188 0
289 4046 4055 0
290 250179 250179 0
291 4067 4072 0
292 250127 250197 0
293 4036 4045 0
294 250158 250173 0
295 4018 4079 0
296 4009 4050 0
297 250112 250161 0
298 250135 250184 0
299 4045 4062 0
300 4037 4085 0
301 4017 4071 0
302 4008 4092 0
303 250113 250147 0
304 4081 4105 0
305 250115 250127 0
306 4039 4051 0
307 250114 250158 0
308 4033 4090 0
309 250143 250176 0
310 250128 250198 0
311 250184 250191 0
312 4059 4102 0
313 4083 4105 0
314 4069 4082 0
315 250131 250194 0
316 4009 4032 0
317 250101 250128 0
318 250118 250189 0
319 250189 250186 0
320 2069 2139 0
321 250116 250114 0
322 2080 2114 0
323 250128 250130 0
324 2090 2108 0
325 2061 2072 0
326 2059 2149 0
327 250158 250194 0
328 2084 2136 0
329 2074 2144 0
330 2056 2092 0
331 2097 2125 0
332 250131 250188 0
333 250106 250122 0
334 2083 2120 0
335 2081 2108 0
336 500126 500145 0
337 500145 500163 0
338 500101 500200 0
339 500118 500199 0
340 500164 500168 0
341 500112 500177 0
342 500139 500150 0
343 31384 31419 0
344 2120 2147 0
345 2092 2135 0
346 500113 500166 0
347 500169 500158 0
348 500196 500188 0
349 500117 500197 0
350 2081 2110 0
351 2132 2151 0
352 500136 500155 0
353 2130 2143 0
354 2075 2122 0
355 2096 2131 0
356 2114 2123 0
357 2102 2142 0
358 500162 500187 0
359 50 88 0
360 500122 500153 0
361 500136 500185 0
362 500132 500120 0
363 500154 500174 0
364 500127 500144 0
365 500117 500182 0
366 500190 500198 0
367 25 44 0
368 1 44 0
369 19 84 0
370 500135 500159 0
371 500108 500166 0
372 500106 500194 0
373 14 74 0
374 33 55 0
375 65 91 0
376 31351 31387 0
377 500150 500160 0
378 31389 31403 0
379 19 36 0
380 500122 500137 0
381 13 65 0
382 47 61 0
383 40 66 0
384 41 89 0
385 51 98 0
386 48 96 0
387 40 98 0
388 14 27 0
389 500148 500194 0
390 49 65 0
391 13 68 0
392 500107 500128 0
393 500159 500192 0
394 500103 500180 0
395 34 83 0
396 500105 500133 0
397 3 58 0
398 31371 31375 0
399 31378 31404 0
--------------
1000000 :c
1003891 :sum(p)
999998 :sum(w)
