400 :n
id p,w,x
--------------
0 82 52 1
1 76 6 1
2 8003 7937 1
3 7977 7944 1
4 8005 7924 1
5 7996 7929 1
6 7957 7923 1
7 4082 4025 1
8 4072 4023 1
9 4096 4014 1
10 4100 4044 1
11 4085 4042 1
12 15820 15745 1
13 43 14 1
14 4067 4022 1
15 4098 4065 1
16 4100 4020 1
17 4087 4051 1
18 4045 4014 1
19 15818 15728 1
20 15806 15727 1
21 2124 2063 1
22 2152 2128 1
23 15820 15740 1
24 15823 15747 1
25 2117 2063 1
26 88 11 1
27 2094 2065 1
28 80 22 1
29 2144 2119 1
30 2118 2065 1
31 2102 2080 1
32 2141 2110 1
33 2148 2068 1
34 2141 2079 1
35 2142 2118 1
36 2139 2065 1
37 2128 2095 1
38 2128 2072 1
39 2133 2054 1
40 100 72 1
41 87 67 1
42 7979 7949 1
43 68 9 1
44 62 43 1
45 45 33 1
46 89 70 1
47 78 63 1
48 39 33 1
49 83 73 1
50 48 45 1
51 99 93 1
52 84 79 1
53 96 92 0
54 2066 2054 1
55 2152 2140 1
56 4039 4022 1
57 4088 4073 1
58 15813 15757 1
59 8009 7981 1
60 15820 15768 1
61 8002 7977 1
62 7957 7933 1
63 4045 4033 1
64 15782 15737 1
65 31441 31358 1
66 7989 7968 1
67 2146 2141 0
68 15791 15756 1
69 4077 4068 0
70 7944 7927 1
71 31447 31380 1
72 4062 4054 1
73 4068 4060 1
74 2120 2116 0
75 31432 31374 1
76 15786 15759 1
77 31449 31396 1
78 15763 15738 1
79 31429 31380 1
80 7947 7935 1
81 7995 7983 1
82 62687 62603 1
83 62695 62613 1
84 62700 62618 1
85 62686 62606 1
86 15786 15766 0
87 7973 7963 0
88 15786 15767 0
89 66 17 1
90 62685 62609 1
91 31425 31366 1
92 62682 62610 1
93 31401 31365 1
94 31444 31408 1
95 62696 62678 0
96 7973 8001 0
97 11 61 0
98 31442 31407 0
99 31419 31385 0
100 15761 15744 0
101 62689 62623 0
102 31406 31373 0
103 62675 62610 0
104 4016 4012 0
105 2146 2146 0
106 2063 2061 0
107 62671 62611 0
108 2090 2088 0
109 2130 2128 0
110 62670 62615 0
111 31413 31387 0
112 31437 31412 0
113 31431 31407 0
114 15750 15738 0
115 15819 15807 0
116 125198 125110 0
117 125188 125101 0
118 31446 31425 0
119 31410 31390 0
120 7958 7953 0
121 125195 125118 0
122 62695 62657 0
123 62654 62617 0
124 31412 31394 0
125 125175 125107 0
126 125193 125126 0
127 62674 62641 0
128 4016 4014 0
129 4099 4097 0
130 125198 125137 0
131 125168 125114 0
132 125180 125126 0
133 125157 125104 0
134 125163 125111 0
135 125178 125136 0
136 4053 4053 0
137 7922 7923 0
138 4083 4084 0
139 7916 7918 0
140 7916 7918 0
141 7955 7958 0
142 4021 4027 0
143 4051 4058 0
144 4043 4052 0
145 2139 2144 0
146 2142 2148 0
147 2138 2145 0
148 2117 2124 0
149 2089 2096 0
150 30 32 0
151 24 26 0
152 45 51 0
153 59 69 0
154 51 64 0
155 125164 125134 0
156 250195 250125 0
157 31435 31427 0
158 250184 250113 0
159 62649 62656 0
160 62635 62649 0
161 500173 500160 0
162 62633 62623 0
163 500107 500111 0
164 31425 31431 0
165 250150 250126 0
166 250150 250113 0
167 31405 31405 0
168 500192 500164 0
169 250189 250153 0
170 250175 250163 0
171 250168 250159 0
172 500199 500199 0
173 500194 500130 0
174 31352 31351 0
175 250118 250137 0
176 250131 250153 0
177 250133 250145 0
178 250135 250107 0
179 250181 250133 0
180 62630 62630 0
181 250193 250169 0
182 125160 125152 0
183 31380 31380 0
184 125142 125148 0
185 125163 125189 0
186 250200 250189 0
187 125151 125176 0
188 500117 500182 0
189 500199 500168 0
190 500102 500174 0
191 125118 125144 0
192 125101 125134 0
193 500145 500116 0
194 125151 125165 0
195 125184 125169 0
196 31401 31402 0
197 500123 500176 0
198 125129 125144 0
199 500191 500171 0
200 62627 62633 0
201 125136 125112 0
202 500175 500178 0
203 15737 15737 0
204 125134 125173 0
205 500142 500113 0
206 15749 15748 0
207 500193 500179 0
208 500191 500163 0
209 250177 250188 0
210 250104 250105 0
211 15799 15803 0
212 500182 500194 0
213 125126 125143 0
214 500162 500108 0
215 15811 15816 0
216 500174 500161 0
217 125177 125176 0
218 500103 500159 0
219 500177 500129 0
220 125172 125154 0
221 500166 500148 0
222 500144 500119 0
223 125118 125137 0
224 500168 500188 0
225 250180 250194 0
226 125182 125192 0
227 500116 500194 0
228 15797 15801 0
229 125175 125181 0
230 15817 15820 0
231 125145 125166 0
232 500200 500121 0
233 250137 250129 0
234 250187 250165 0
235 500117 500124 0
236 62692 62694 0
237 250170 250184 0
238 500162 500146 0
239 250145 250168 0
240 500125 500128 0
241 500182 500117 0
242 250158 250119 0
243 500180 500120 0
244 500108 500152 0
245 250117 250189 0
246 250113 250191 0
247 250106 250175 0
248 500134 500115 0
249 250114 250192 0
250 250153 250150 0
251 500127 500121 0
252 250182 250154 0
253 500194 500193 0
254 250163 250187 0
255 62642 62653 0
256 250103 250142 0
257 250143 250181 0
258 250158 250200 0
259 500151 500156 0
260 500199 500195 0
261 250172 250175 0
262 250165 250183 0
263 500120 500145 0
264 250168 250188 0
265 500151 500189 0
266 250198 250164 0
267 62628 62620 0
268 62648 62664 0
269 500183 500104 0
270 250189 250124 0
271 125143 125114 0
272 31429 31419 0
273 250165 250105 0
274 31407 31398 0
275 31442 31435 0
276 125162 125134 0
277 250157 250102 0
278 250160 250107 0
279 62623 62610 0
280 500198 500102 0
281 125177 125150 0
282 125154 125126 0
283 62655 62636 0
284 4048 4096 0
285 7919 8007 0
286 7946 7978 0
287 7965 7989 0
288 7953 7975 0
289 7931 7942 0
290 7919 8003 0
291 4022 4091 0
292 7957 7977 0
293 7913 8009 0
294 4072 4103 0
295 4030 4092 0
296 7953 8003 0
297 4028 4078 0
298 4007 4072 0
299 4010 4098 0
300 15739 15815 0
301 4017 4073 0
302 4013 4064 0
303 4056 4073 0
304 15784 15810 0
305 15801 15823 0
306 15727 15763 0
307 15750 15756 0
308 15744 15775 0
309 4040 4079 0
310 4077 4104 0
311 15726 15805 0
312 4035 4051 0
313 4031 4074 0
314 4071 4100 0
315 15739 15784 0
316 15732 15784 0
317 15763 15771 0
318 15770 15787 0
319 15731 15751 0
320 4014 4060 0
321 15769 15787 0
322 15741 15790 0
323 15757 15773 0
324 15770 15797 0
325 7950 8006 0
326 2119 2151 0
327 2057 2146 0
328 15736 15781 0
329 15752 15757 0
330 31360 31416 0
331 7928 8012 0
332 31359 31392 0
333 31415 31426 0
334 31356 31387 0
335 31426 31450 0
336 7962 7994 0
337 2089 2141 0
338 2101 2151 0
339 7944 7982 0
340 2078 2108 0
341 31373 31433 0
342 31360 31444 0
343 2074 2152 0
344 2105 2126 0
345 2095 2144 0
346 2099 2142 0
347 2067 2107 0
348 2062 2108 0
349 31375 31390 0
350 31352 31427 0
351 2060 2132 0
352 31358 31376 0
353 31367 31423 0
354 31391 31438 0
355 31384 31437 0
356 31356 31439 0
357 62629 62680 0
358 62614 62691 0
359 40 81 0
360 15 96 0
361 62614 62689 0
362 39 100 0
363 38 77 0
364 13 75 0
365 62621 62689 0
366 62614 62695 0
367 7922 7962 0
368 40 75 0
369 62603 62687 0
370 2 78 0
371 62620 62697 0
372 7966 8003 0
373 62608 62684 0
374 62614 62660 0
375 44 78 0
376 62620 62655 0
377 62638 62660 0
378 62629 62686 0
379 3 96 0
380 37 62 0
381 81 100 0
382 62613 62657 0
383 7925 7937 0
384 50 78 0
385 10 70 0
386 7932 7995 0
387 62604 62699 0
388 62636 62681 0
389 125124 125172 0
390 125104 125198 0
391 125108 125188 0
392 125128 125171 0
393 14 80 0
394 125103 125166 0
395 56 97 0
396 125121 125169 0
397 7967 7998 0
398 7921 7993 0
399 7967 7996 0
--------------
1000000 :c
1003825 :sum(p)
1000000 :sum(w)
