400 :n
id p,w,x
--------------
0 15825 15742 1
1 7993 7922 1
2 7996 7918 1
3 4094 4009 1
4 74 1 1
5 4085 4020 1
6 4069 4007 1
7 4092 4021 1
8 98 25 1
9 4103 4025 1
10 4083 4011 1
11 4105 4029 1
12 2153 2071 1
13 89 27 1
14 90 8 1
15 61 4 1
16 59 12 1
17 45 20 1
18 34 16 1
19 78 38 1
20 74 38 1
21 89 54 1
22 100 62 1
23 68 43 1
24 26 18 1
25 84 65 1
26 98 78 1
27 45 36 1
28 83 67 1
29 64 52 1
30 59 49 1
31 89 74 1
32 83 73 1
33 73 71 1
34 2144 2091 1
35 2130 2091 1
36 2119 2081 1
37 2107 2072 1
38 2145 2110 1
39 4086 4025 1
40 2153 2122 1
41 2110 2080 1
42 4098 4041 1
43 2085 2058 1
44 4091 4041 1
45 2117 2092 1
46 2096 2072 1
47 4060 4014 1
48 4063 4019 1
49 4092 4049 1
50 4065 4027 1
51 2137 2119 1
52 2117 2102 1
53 4057 4032 1
54 7961 7915 1
55 7989 7953 1
56 4051 4033 1
57 15797 15734 1
58 2140 2132 1
59 4080 4065 1
60 15788 15735 1
61 4093 4080 1
62 15812 15767 1
63 15778 15734 1
64 7987 7967 1
65 4102 4092 1
66 8006 7987 1
67 15790 15753 1
68 15793 15757 1
69 7974 7956 1
70 31438 31370 1
71 15809 15776 1
72 15762 15730 1
73 15800 15768 1
74 31415 31357 1
75 7943 7929 1
76 31447 31393 1
77 4094 4087 1
78 7972 7959 1
79 15803 15778 1
80 15825 15800 1
81 62700 62601 1
82 31419 31371 1
83 7965 7953 1
84 32 26 1
85 31400 31356 1
86 15773 15751 1
87 15799 15777 1
88 7966 7955 1
89 15753 15733 1
90 15813 15793 1
91 62690 62613 1
92 31433 31397 1
93 2069 2063 1
94 62687 62626 1
95 7998 7989 1
96 31388 31354 1
97 31418 31372 1
98 62681 62607 1
99 7934 7926 1
100 15787 15773 1
101 15774 15761 0
102 31397 31372 0
103 15812 15812 0
104 8000 8003 1
105 62667 62636 0
106 31434 31409 0
107 62683 62635 0
108 62688 62641 0
109 31401 31379 0
110 31445 31426 0
111 62661 62620 0
112 62667 62626 0
113 125182 125102 0
114 62645 62605 0
115 125186 125103 0
116 62666 62629 0
117 62643 62607 0
118 62668 62636 0
119 250113 250155 0
120 7988 7995 0
121 2108 2107 1
122 15762 15755 0
123 125190 125136 0
124 125164 125111 0
125 62624 62602 0
126 62637 62615 0
127 125164 125121 0
128 62633 62615 0
129 31377 31368 0
130 31432 31423 0
131 62654 62637 0
132 62621 62605 0
133 31363 31355 0
134 31370 31362 0
135 7971 7969 0
136 62620 62605 0
137 31415 31408 0
138 31416 31409 0
139 62632 62619 0
140 62689 62676 0
141 15738 15736 0
142 15751 15749 0
143 62680 62673 0
144 62668 62665 0
145 31364 31363 0
146 31382 31382 0
147 2054 2054 1
148 31436 31436 0
149 2124 2124 0
150 31421 31423 0
151 15809 15813 0
152 15727 15732 0
153 4024 4026 0
154 7933 7937 0
155 4011 4017 0
156 7948 7962 0
157 7940 7954 0
158 2143 2147 1
159 2088 2092 0
160 4060 4068 0
161 4070 4081 0
162 4073 4085 0
163 4074 4088 0
164 2112 2120 0
165 4039 4055 0
166 4025 4042 0
167 2118 2127 0
168 2100 2110 0
169 2097 2112 0
170 2131 2150 0
171 16 25 0
172 5 14 0
173 125198 125161 0
174 250199 250167 0
175 500106 500120 0
176 500143 500161 0
177 125159 125120 0
178 500144 500123 0
179 500130 500105 0
180 500192 500124 0
181 500200 500177 0
182 250157 250156 0
183 250160 250139 0
184 125159 125153 0
185 250170 250118 0
186 500191 500176 0
187 500165 500169 0
188 500113 500132 0
189 500169 500107 0
190 250153 250106 0
191 500172 500105 0
192 500126 500118 0
193 250131 250149 0
194 500194 500198 0
195 250154 250150 0
196 500153 500101 0
197 500126 500110 0
198 125190 125156 0
199 250189 250160 0
200 500153 500158 0
201 125147 125126 0
202 250197 250150 0
203 250174 250120 0
204 125133 125138 0
205 125184 125153 0
206 500115 500143 0
207 500159 500178 0
208 250187 250125 0
209 250109 250120 0
210 500194 500199 0
211 250108 250119 0
212 250184 250152 0
213 500177 500119 0
214 500146 500149 0
215 500189 500182 0
216 500113 500146 0
217 500129 500160 0
218 500125 500117 0
219 250191 250112 0
220 250197 250118 0
221 125148 125111 0
222 250115 250112 0
223 250150 250121 0
224 125171 125142 0
225 250163 250139 0
226 250152 250158 0
227 500150 500155 0
228 125147 125124 0
229 250157 250129 0
230 500162 500176 0
231 250163 250132 0
232 250196 250140 0
233 250169 250119 0
234 125124 125130 0
235 500133 500154 0
236 250144 250109 0
237 500189 500141 0
238 500186 500168 0
239 500161 500157 0
240 125170 125159 0
241 7932 8004 0
242 250137 250179 0
243 7939 7972 0
244 7977 7997 0
245 31379 31442 0
246 250160 250194 0
247 7980 8009 0
248 31396 31408 0
249 7947 7966 0
250 31376 31394 0
251 7924 7959 0
252 250118 250178 0
253 250125 250169 0
254 7928 7967 0
255 31361 31400 0
256 15748 15779 0
257 7914 7975 0
258 7924 7951 0
259 7925 8005 0
260 7921 7999 0
261 7945 7992 0
262 31359 31399 0
263 7937 7957 0
264 31377 31446 0
265 7940 7997 0
266 7970 7994 0
267 7924 7958 0
268 7957 8008 0
269 250149 250178 0
270 31371 31408 0
271 15751 15760 0
272 7972 7987 0
273 7955 8012 0
274 31355 31416 0
275 7945 8007 0
276 7924 7963 0
277 31409 31435 0
278 31396 31424 0
279 31351 31444 0
280 31373 31445 0
281 15735 15810 0
282 4047 4072 0
283 15755 15789 0
284 31361 31427 0
285 4046 4087 0
286 4028 4066 0
287 15768 15818 0
288 31381 31432 0
289 31388 31446 0
290 4067 4088 0
291 250144 250198 0
292 31351 31375 0
293 62604 62690 0
294 4043 4098 0
295 4011 4037 0
296 250131 250171 0
297 15734 15817 0
298 4025 4102 0
299 4057 4097 0
300 62644 62654 0
301 62618 62639 0
302 250106 250131 0
303 4048 4102 0
304 62607 62614 0
305 62624 62700 0
306 62609 62687 0
307 31414 31449 0
308 250121 250165 0
309 250142 250183 0
310 250152 250189 0
311 4053 4098 0
312 62656 62692 0
313 62612 62630 0
314 500132 500178 0
315 4075 4103 0
316 4027 4058 0
317 31417 31445 0
318 250111 250154 0
319 62610 62643 0
320 62643 62657 0
321 15762 15772 0
322 15729 15786 0
323 62609 62695 0
324 62625 62677 0
325 62619 62665 0
326 2097 2130 0
327 62602 62649 0
328 15756 15775 0
329 2063 2137 0
330 2083 2143 0
331 2061 2113 0
332 2067 2092 0
333 2058 2097 0
334 500103 500172 0
335 62605 62649 0
336 250147 250187 0
337 2083 2147 0
338 62612 62623 0
339 62673 62691 0
340 2100 2121 0
341 2112 2143 0
342 500146 500189 0
343 2076 2152 0
344 125122 125172 0
345 500104 500167 0
346 500142 500194 0
347 15769 15801 0
348 2086 2142 0
349 125116 125180 0
350 2068 2140 0
351 2101 2122 0
352 2089 2112 0
353 125134 125194 0
354 125143 125187 0
355 15738 15824 0
356 15739 15820 0
357 500105 500174 0
358 2127 2152 0
359 125139 125150 0
360 3 80 0
361 125114 125171 0
362 500141 500181 0
363 8 78 0
364 10 36 0
365 125102 125128 0
366 36 82 0
367 125125 125165 0
368 54 100 0
369 125112 125154 0
370 125158 125183 0
371 125109 125197 0
372 125144 125182 0
373 39 89 0
374 125144 125172 0
375 125109 125179 0
376 17 95 0
377 125153 125172 0
378 500131 500189 0
379 125126 125174 0
380 17 100 0
381 125115 125157 0
382 125127 125153 0
383 500120 500197 0
384 60 83 0
385 125100 125184 0
386 125131 125148 0
387 125134 125158 0
388 125118 125168 0
389 15766 15816 0
390 27 75 0
391 125167 125178 0
392 250103 250172 0
393 11 97 0
394 53 87 0
395 21 56 0
396 15749 15785 0
397 29 67 0
398 15733 15777 0
399 15770 15821 0
--------------
1000000 :c
1003792 :sum(p)
999998 :sum(w)
