400 :n
id p,w,x
--------------
0 4097 4063 1
1 4054 4019 1
2 93 16 1
3 31429 31354 1
4 31450 31366 1
5 58 15 1
6 27 5 1
7 39 3 1
8 96 48 1
9 85 64 1
10 76 53 1
11 74 62 1
12 57 14 1
13 95 21 1
14 73 16 1
15 94 7 1
16 98 8 1
17 71 14 1
18 26 16 1
19 4080 4054 1
20 31447 31362 1
21 80 73 1
22 95 22 1
23 74 35 1
24 15812 15740 1
25 66 53 1
26 85 44 1
27 2142 2105 1
28 15808 15736 1
29 15816 15740 1
30 2134 2094 1
31 15814 15746 1
32 2118 2087 1
33 2094 2069 1
34 2144 2108 1
35 2109 2067 1
36 2139 2100 1
37 2136 2054 1
38 15794 15733 1
39 2144 2068 1
40 2139 2062 1
41 7993 7941 1
42 2122 2065 1
43 2142 2081 1
44 2138 2068 1
45 8005 7985 1
46 2109 2073 1
47 8012 7938 1
48 8005 7957 1
49 2132 2097 1
50 8005 7927 1
51 2126 2105 1
52 7975 7936 1
53 2131 2062 1
54 8002 7946 1
55 8011 7990 1
56 2096 2086 1
57 2130 2113 1
58 2133 2104 1
59 7975 7943 1
60 7978 7937 1
61 4046 4008 1
62 31450 31381 1
63 4079 4059 1
64 8006 7924 1
65 4077 4059 1
66 7978 7955 1
67 4104 4045 1
68 7998 7915 1
69 4058 4040 1
70 7953 7929 1
71 8011 7982 1
72 4095 4071 1
73 4043 4022 1
74 4087 4044 1
75 4072 4038 1
76 31439 31376 1
77 31445 31392 1
78 15787 15753 1
79 15784 15753 1
80 15810 15777 1
81 15817 15788 1
82 15821 15787 1
83 31446 31380 1
84 15818 15785 1
85 26 21 1
86 7952 7938 1
87 4036 4029 1
88 31431 31381 1
89 7932 7920 1
90 4084 4078 1
91 15805 15784 1
92 31447 31406 1
93 31402 31362 1
94 7978 7968 1
95 8005 7995 1
96 31408 31369 1
97 4054 4049 1
98 62680 62608 1
99 31432 31396 1
100 15748 15730 0
101 7 4 1
102 62679 62605 1
103 15823 15805 1
104 62700 62632 0
105 31398 31364 0
106 31445 31422 0
107 15800 15791 0
108 15732 15788 0
109 15758 15741 0
110 31422 31390 1
111 4060 4056 0
112 62690 62633 0
113 7966 7960 0
114 15748 15738 0
115 7947 7942 0
116 7964 7959 1
117 2095 2094 0
118 4073 4072 0
119 4106 4106 0
120 2068 2069 0
121 95 98 0
122 125174 125110 0
123 31440 31425 0
124 62657 62625 0
125 125176 125121 0
126 62650 62623 0
127 31425 31407 0
128 125190 125133 0
129 125184 125123 0
130 31419 31397 0
131 62676 62650 0
132 62671 62629 0
133 62645 62615 0
134 125192 125131 0
135 125198 125158 0
136 125198 125152 0
137 31439 31428 0
138 250192 250106 0
139 15787 15781 0
140 250189 250108 0
141 125160 125112 0
142 31405 31390 0
143 500170 500121 0
144 500171 500133 0
145 62697 62681 0
146 500181 500105 0
147 500188 500149 0
148 250200 250127 0
149 62664 62659 0
150 500194 500116 0
151 125155 125122 0
152 62661 62650 0
153 500155 500105 0
154 500181 500112 0
155 31422 31417 0
156 250169 250132 0
157 250172 250142 0
158 62681 62667 0
159 500161 500112 0
160 250160 250129 0
161 250184 250162 0
162 31360 31352 0
163 125174 125146 0
164 500175 500117 0
165 250176 250135 0
166 250183 250117 0
167 125147 125129 0
168 125133 125118 0
169 7932 7931 0
170 250145 250114 0
171 250197 250156 0
172 62632 62620 0
173 250200 250175 0
174 62629 62612 0
175 62616 62601 0
176 62656 62638 0
177 62674 62647 0
178 125198 125131 0
179 62640 62608 0
180 31382 31423 0
181 31386 31439 0
182 31406 31445 0
183 31369 31444 0
184 31403 31401 0
185 31377 31439 0
186 31398 31405 0
187 31363 31383 0
188 31411 31431 0
189 62617 62626 0
190 31355 31386 0
191 62608 62679 0
192 31366 31388 0
193 31367 31383 0
194 31371 31381 0
195 62641 62652 0
196 62613 62688 0
197 62653 62651 0
198 62614 62612 0
199 62613 62643 0
200 62604 62660 0
201 15775 15821 0
202 62665 62698 0
203 62659 62659 0
204 15764 15816 0
205 15755 15785 0
206 62637 62695 0
207 15771 15794 0
208 62692 62699 0
209 62636 62671 0
210 62665 62670 0
211 62620 62693 0
212 62629 62653 0
213 15794 15798 0
214 62615 62683 0
215 62636 62661 0
216 62698 62699 0
217 15758 15782 0
218 62680 62678 0
219 62604 62625 0
220 15745 15783 0
221 125107 125100 0
222 15727 15769 0
223 15793 15804 0
224 15763 15765 0
225 15767 15788 0
226 15780 15782 0
227 15799 15817 0
228 125128 125174 0
229 125102 125156 0
230 15781 15817 0
231 125103 125148 0
232 15752 15791 0
233 15748 15811 0
234 15778 15781 0
235 15727 15743 0
236 15758 15766 0
237 15777 15777 0
238 15746 15768 0
239 125146 125190 0
240 125101 125173 0
241 7913 7975 0
242 125170 125170 0
243 125100 125135 0
244 7944 7999 0
245 125133 125193 0
246 125102 125112 0
247 7917 7986 0
248 7942 7986 0
249 7964 7990 0
250 125177 125178 0
251 7937 7966 0
252 125142 125168 0
253 125160 125184 0
254 125124 125196 0
255 125175 125181 0
256 7916 7947 0
257 7970 7990 0
258 7960 7971 0
259 125147 125162 0
260 125137 125149 0
261 7916 7985 0
262 125141 125148 0
263 125100 125132 0
264 125153 125192 0
265 125108 125182 0
266 7998 8000 0
267 7943 7980 0
268 125131 125154 0
269 125182 125187 0
270 125157 125164 0
271 7961 7985 0
272 125170 125185 0
273 125102 125165 0
274 7956 7958 0
275 125152 125151 0
276 7959 7970 0
277 7921 7935 0
278 7956 7990 0
279 4032 4058 0
280 250127 250135 0
281 4084 4098 0
282 250111 250152 0
283 250112 250113 0
284 4011 4105 0
285 4019 4082 0
286 4040 4069 0
287 4026 4086 0
288 250158 250184 0
289 250128 250147 0
290 4041 4060 0
291 250141 250189 0
292 250161 250165 0
293 4091 4096 0
294 4027 4094 0
295 250151 250134 0
296 250115 250182 0
297 4017 4103 0
298 250141 250183 0
299 250161 250167 0
300 4053 4106 0
301 4085 4102 0
302 250168 250170 0
303 250101 250124 0
304 250102 250197 0
305 4007 4053 0
306 250131 250173 0
307 4025 4078 0
308 4059 4079 0
309 4015 4056 0
310 4010 4060 0
311 4075 4079 0
312 4050 4088 0
313 250147 250199 0
314 31384 31436 0
315 4055 4071 0
316 4045 4101 0
317 4038 4051 0
318 250106 250120 0
319 250101 250181 0
320 2062 2073 0
321 2140 2150 0
322 250157 250159 0
323 2129 2145 0
324 2093 2152 0
325 250132 250182 0
326 250104 250169 0
327 250116 250121 0
328 250101 250111 0
329 2060 2100 0
330 250133 250136 0
331 2096 2149 0
332 250141 250151 0
333 250191 250186 0
334 250106 250114 0
335 2054 2094 0
336 2088 2113 0
337 250144 250171 0
338 2060 2088 0
339 500114 500123 0
340 500169 500174 0
341 2084 2111 0
342 2061 2117 0
343 500146 500149 0
344 2072 2088 0
345 2087 2114 0
346 500176 500138 0
347 500190 500155 0
348 500112 500177 0
349 500140 500189 0
350 2074 2113 0
351 31353 31429 0
352 2086 2101 0
353 2081 2142 0
354 2130 2153 0
355 500144 500200 0
356 500128 500101 0
357 500173 500160 0
358 2078 2086 0
359 500190 500187 0
360 5 99 0
361 500147 500141 0
362 500157 500195 0
363 5 93 0
364 500127 500198 0
365 500110 500136 0
366 60 94 0
367 32 86 0
368 46 84 0
369 31432 31444 0
370 7 91 0
371 41 99 0
372 500119 500160 0
373 500159 500175 0
374 500130 500178 0
375 30 84 0
376 26 49 0
377 21 52 0
378 500148 500122 0
379 500173 500166 0
380 8 70 0
381 15 71 0
382 11 20 0
383 500160 500162 0
384 500169 500133 0
385 500110 500194 0
386 500142 500157 0
387 500152 500132 0
388 500115 500111 0
389 4 50 0
390 19 27 0
391 53 70 0
392 500132 500186 0
393 500147 500139 0
394 500139 500110 0
395 19 56 0
396 500153 500200 0
397 500113 500191 0
398 31366 31416 0
399 31360 31407 0
--------------
1000000 :c
1004373 :sum(p)
1000000 :sum(w)
