400 :n
id p,w,x
--------------
0 4062 4036 1
1 2094 2067 1
2 15805 15727 1
3 15816 15740 1
4 85 58 1
5 67 29 1
6 2108 2079 1
7 2137 2057 1
8 57 33 1
9 15808 15726 1
10 56 31 1
11 71 50 1
12 40 12 1
13 78 46 1
14 7995 7919 1
15 8010 7931 1
16 91 11 1
17 85 38 1
18 4059 4027 1
19 87 34 1
20 7994 7935 1
21 49 28 1
22 4088 4017 1
23 98 53 1
24 7977 7924 1
25 95 22 1
26 4093 4029 1
27 2129 2082 1
28 7995 7939 1
29 61 20 1
30 8004 7920 1
31 8003 7927 1
32 4094 4059 1
33 72 48 1
34 7963 7914 1
35 4101 4049 1
36 4064 4023 1
37 2090 2060 1
38 4104 4058 1
39 4097 4016 1
40 2147 2082 1
41 4096 4056 1
42 2132 2054 1
43 2136 2086 1
44 2152 2070 1
45 4057 4016 1
46 15812 15747 1
47 4044 4010 1
48 2097 2055 1
49 4081 4037 1
50 4077 4034 1
51 13 4 1
52 53 36 1
53 55 41 1
54 28 21 1
55 78 61 1
56 88 70 1
57 36 31 1
58 83 72 1
59 2083 2062 1
60 2133 2115 1
61 4052 4027 1
62 2065 2056 1
63 7976 7944 1
64 7985 7953 1
65 15807 15750 1
66 15822 15766 1
67 15821 15766 1
68 15818 15764 1
69 7941 7914 1
70 15797 15748 1
71 15823 15775 1
72 15820 15779 1
73 31447 31367 1
74 15807 15767 1
75 7940 7921 1
76 7994 7976 1
77 31444 31376 1
78 4053 4045 0
79 31443 31381 1
80 31444 31382 1
81 15809 15778 1
82 31434 31374 1
83 15795 15768 1
84 15773 15747 0
85 31409 31360 1
86 31417 31368 1
87 15818 15795 1
88 4086 4054 1
89 15752 15730 0
90 15793 15771 0
91 62688 62602 1
92 31394 31356 1
93 62699 62624 1
94 31389 31353 1
95 4084 4037 1
96 62678 62602 1
97 31407 31371 1
98 62681 62611 1
99 62676 62607 0
100 31449 31415 0
101 8005 8007 0
102 9 74 0
103 31387 31360 0
104 31411 31384 0
105 62679 62628 0
106 62700 62649 0
107 62698 62651 0
108 62670 62624 0
109 125143 125105 0
110 62688 62645 0
111 62653 62614 0
112 15752 15743 0
113 125192 125121 0
114 31370 31353 0
115 31434 31418 0
116 125196 125135 0
117 31448 31433 0
118 2109 2108 0
119 125163 125106 0
120 62667 62641 0
121 4033 4032 0
122 4075 4074 0
123 15731 15729 0
124 4023 4023 0
125 15750 15751 0
126 15775 15778 0
127 7954 7959 0
128 4094 4097 0
129 7989 7997 0
130 7987 7995 0
131 7936 7945 0
132 7945 7955 0
133 7917 7928 0
134 2097 2100 0
135 4077 4084 0
136 4056 4063 0
137 4050 4057 0
138 2072 2076 0
139 4069 4078 0
140 2133 2138 0
141 2094 2099 0
142 2107 2113 0
143 2098 2104 0
144 2079 2088 0
145 2062 2071 0
146 2069 2080 0
147 2054 2067 0
148 2110 2124 0
149 2117 2135 0
150 85 89 0
151 43 48 0
152 77 90 0
153 77 90 0
154 31 37 0
155 74 91 0
156 3 15 0
157 250193 250162 0
158 62669 62659 0
159 250189 250159 0
160 250175 250131 0
161 250184 250158 0
162 62657 62654 0
163 500140 500102 0
164 500147 500130 0
165 250153 250132 0
166 500137 500111 0
167 500174 500135 0
168 500129 500102 0
169 125115 125109 0
170 500133 500106 0
171 500134 500103 0
172 250177 250160 0
173 250185 250176 0
174 125130 125123 0
175 250197 250175 0
176 500162 500127 0
177 31396 31393 0
178 125188 125179 0
179 250146 250130 0
180 500179 500138 0
181 500174 500141 0
182 250120 250107 0
183 250172 250152 0
184 500145 500110 0
185 250128 250106 0
186 250127 250110 0
187 125185 125140 0
188 250200 250128 0
189 62633 62614 0
190 31361 31354 0
191 250192 250111 0
192 31426 31418 0
193 125164 125135 0
194 31363 31353 0
195 125147 125120 0
196 62660 62642 0
197 250172 250112 0
198 250165 250112 0
199 31402 31390 0
200 62627 62614 0
201 31412 31406 0
202 125155 125130 0
203 125136 125112 0
204 250157 250108 0
205 62673 62660 0
206 62674 62661 0
207 250165 250115 0
208 125182 125150 0
209 500173 500109 0
210 62627 62616 0
211 250179 250151 0
212 500171 500109 0
213 500197 500124 0
214 125158 125144 0
215 62669 62662 0
216 125121 125106 0
217 250153 250111 0
218 125127 125111 0
219 250194 250150 0
220 15759 15798 0
221 15728 15786 0
222 62602 62641 0
223 15754 15776 0
224 15799 15825 0
225 62609 62691 0
226 62634 62661 0
227 62605 62632 0
228 15783 15808 0
229 15783 15801 0
230 62656 62696 0
231 62663 62674 0
232 15732 15789 0
233 62603 62697 0
234 62668 62672 0
235 62637 62691 0
236 15744 15794 0
237 15764 15806 0
238 15804 15807 0
239 62641 62693 0
240 62664 62669 0
241 15751 15758 0
242 62627 62659 0
243 7924 7996 0
244 7921 7996 0
245 7998 8010 0
246 125195 125198 0
247 125127 125136 0
248 31362 31450 0
249 125121 125158 0
250 125136 125147 0
251 7952 8009 0
252 7933 7955 0
253 15738 15802 0
254 125152 125191 0
255 7924 8009 0
256 7983 8009 0
257 7945 7973 0
258 7931 7994 0
259 15745 15805 0
260 7939 8012 0
261 125161 125196 0
262 7919 7974 0
263 7920 8008 0
264 7952 7967 0
265 7970 7988 0
266 15740 15766 0
267 125111 125124 0
268 7921 7941 0
269 7913 7929 0
270 7916 7998 0
271 125168 125186 0
272 7924 8005 0
273 62639 62672 0
274 7925 8010 0
275 125108 125113 0
276 125180 125188 0
277 7959 7981 0
278 125107 125192 0
279 62643 62652 0
280 125134 125188 0
281 62613 62624 0
282 125101 125120 0
283 4014 4033 0
284 4060 4103 0
285 4036 4078 0
286 4040 4092 0
287 125155 125188 0
288 125170 125197 0
289 125142 125155 0
290 125100 125157 0
291 4027 4105 0
292 125154 125176 0
293 125142 125176 0
294 4020 4042 0
295 125146 125161 0
296 4044 4105 0
297 62651 62679 0
298 4009 4047 0
299 4066 4104 0
300 4039 4076 0
301 125140 125165 0
302 125133 125191 0
303 125109 125131 0
304 62646 62694 0
305 125146 125197 0
306 4039 4093 0
307 250140 250164 0
308 250113 250186 0
309 4007 4095 0
310 250116 250147 0
311 250167 250177 0
312 15731 15756 0
313 250151 250194 0
314 4023 4051 0
315 250111 250124 0
316 250177 250174 0
317 4086 4103 0
318 15786 15818 0
319 62640 62697 0
320 62602 62683 0
321 2097 2152 0
322 2071 2115 0
323 2066 2118 0
324 250134 250182 0
325 31378 31392 0
326 250110 250135 0
327 2090 2152 0
328 15776 15781 0
329 31386 31412 0
330 15773 15811 0
331 31379 31409 0
332 31387 31433 0
333 31356 31422 0
334 250139 250171 0
335 2082 2141 0
336 2067 2142 0
337 2120 2139 0
338 250142 250165 0
339 2069 2132 0
340 250176 250198 0
341 250157 250164 0
342 250164 250186 0
343 2094 2147 0
344 31374 31374 0
345 2082 2141 0
346 2098 2126 0
347 250142 250145 0
348 250139 250143 0
349 250108 250131 0
350 250146 250171 0
351 2068 2126 0
352 500148 500147 0
353 500130 500132 0
354 2075 2142 0
355 31388 31449 0
356 500120 500128 0
357 31360 31402 0
358 2090 2134 0
359 500174 500193 0
360 500106 500123 0
361 500186 500194 0
362 500181 500199 0
363 500127 500154 0
364 49 75 0
365 9 59 0
366 57 99 0
367 500157 500175 0
368 65 95 0
369 31353 31403 0
370 500115 500132 0
371 500126 500116 0
372 31365 31370 0
373 27 71 0
374 500158 500171 0
375 500152 500170 0
376 31352 31376 0
377 500150 500189 0
378 500145 500172 0
379 500115 500104 0
380 500145 500129 0
381 500149 500163 0
382 31377 31447 0
383 12 65 0
384 31352 31361 0
385 16 100 0
386 29 62 0
387 500117 500187 0
388 31354 31366 0
389 500153 500136 0
390 33 70 0
391 500144 500166 0
392 500186 500176 0
393 500144 500183 0
394 500170 500185 0
395 500142 500155 0
396 31413 31416 0
397 500112 500129 0
398 31352 31427 0
399 31433 31433 0
--------------
1000000 :c
1004297 :sum(p)
999999 :sum(w)
