400 :n
id p,w,x
--------------
0 15814 15776 1
1 15819 15784 1
2 79 39 1
3 94 72 1
4 4082 4025 1
5 77 59 1
6 4087 4032 1
7 51 6 1
8 4061 4008 1
9 4088 4027 1
10 46 6 1
11 4073 4049 1
12 4097 4074 1
13 15792 15756 1
14 31430 31365 1
15 75 55 1
16 2132 2079 1
17 4061 4012 1
18 2082 2056 1
19 92 56 1
20 84 52 1
21 15821 15767 1
22 2151 2091 1
23 2129 2097 1
24 89 39 1
25 7963 7937 1
26 8008 7944 1
27 7979 7921 1
28 15800 15736 1
29 7966 7941 1
30 7974 7917 1
31 2119 2077 1
32 7965 7927 1
33 7998 7918 1
34 7964 7927 1
35 7970 7945 1
36 73 4 1
37 2146 2118 1
38 91 72 1
39 31426 31361 1
40 8001 7916 1
41 7943 7916 1
42 2130 2079 1
43 31438 31364 1
44 7964 7930 1
45 15775 15742 1
46 49 31 1
47 2151 2115 1
48 8011 7986 1
49 2153 2128 1
50 2112 2071 1
51 76 20 1
52 2128 2082 1
53 7999 7940 1
54 2112 2071 1
55 64 21 1
56 7941 7915 1
57 7993 7956 1
58 7994 7930 1
59 15805 15762 1
60 31444 31386 1
61 32 19 1
62 41 29 1
63 65 54 1
64 84 71 1
65 79 74 1
66 33 31 1
67 2104 2091 1
68 4095 4076 1
69 4071 4053 1
70 2119 2112 1
71 4099 4086 1
72 4066 4054 1
73 8003 7983 1
74 4064 4054 1
75 4078 4068 1
76 2065 2060 1
77 4027 4018 1
78 4049 4040 0
79 7957 7940 1
80 15790 15759 1
81 15799 15768 1
82 2093 2089 0
83 2126 2122 1
84 7999 7984 1
85 15758 15729 1
86 4035 4028 0
87 4060 4053 0
88 15761 15734 1
89 7970 7957 1
90 15823 15799 1
91 2079 2076 0
92 31443 31398 1
93 15804 15782 1
94 31439 31396 1
95 59 55 1
96 15785 15764 1
97 62697 62618 1
98 31427 31388 1
99 31403 31365 1
100 15757 15738 1
101 31407 31374 1
102 4030 4012 1
103 62678 62606 1
104 31401 31359 1
105 31386 31354 0
106 31421 31390 1
107 15747 15732 1
108 31450 31422 0
109 8011 8009 0
110 61 94 0
111 15824 15809 1
112 62675 62616 0
113 31382 31353 0
114 62670 62615 0
115 62682 62627 0
116 62663 62609 0
117 125191 125100 0
118 31378 31351 0
119 31382 31355 0
120 62684 62634 0
121 15759 15747 0
122 15824 15812 0
123 62683 62637 0
124 31372 31351 0
125 62646 62605 0
126 62664 62628 0
127 31433 31415 0
128 15798 15789 0
129 31389 31372 0
130 31422 31408 0
131 15779 15777 0
132 15813 15813 0
133 15823 15824 0
134 7976 7978 0
135 7971 7973 0
136 7924 7926 0
137 4035 4039 0
138 4051 4056 0
139 4026 4033 0
140 2095 2104 0
141 2073 2084 0
142 2140 2153 0
143 2113 2127 0
144 31 32 0
145 50 65 0
146 41 57 0
147 62680 62661 0
148 62623 62606 0
149 62681 62678 0
150 62696 62692 0
151 62676 62676 0
152 62608 62616 0
153 62622 62679 0
154 62631 62616 0
155 62694 62677 0
156 62638 62615 0
157 62697 62676 0
158 125186 125180 0
159 125152 125109 0
160 62684 62672 0
161 125181 125139 0
162 125166 125139 0
163 125132 125113 0
164 125119 125118 0
165 125152 125164 0
166 125182 125199 0
167 125186 125138 0
168 125166 125131 0
169 125121 125102 0
170 31398 31387 0
171 125134 125147 0
172 31356 31367 0
173 125174 125176 0
174 31392 31394 0
175 125151 125198 0
176 31394 31409 0
177 125116 125131 0
178 125104 125112 0
179 31401 31429 0
180 125137 125154 0
181 31366 31375 0
182 125117 125141 0
183 125103 125184 0
184 125165 125119 0
185 125102 125150 0
186 125151 125157 0
187 125148 125173 0
188 125167 125185 0
189 125172 125151 0
190 125161 125114 0
191 125147 125145 0
192 31403 31431 0
193 125114 125126 0
194 31396 31389 0
195 31383 31389 0
196 31405 31420 0
197 31394 31421 0
198 125173 125115 0
199 125112 125161 0
200 125174 125170 0
201 15783 15803 0
202 15750 15754 0
203 15774 15777 0
204 15798 15808 0
205 125159 125195 0
206 125125 125195 0
207 125180 125164 0
208 125143 125195 0
209 125100 125138 0
210 250126 250141 0
211 250188 250142 0
212 250126 250166 0
213 250122 250133 0
214 62633 62650 0
215 250129 250128 0
216 250152 250134 0
217 250145 250178 0
218 62691 62672 0
219 250102 250123 0
220 250117 250150 0
221 250171 250141 0
222 15811 15818 0
223 250111 250188 0
224 15796 15800 0
225 62642 62640 0
226 250122 250159 0
227 15812 15820 0
228 250193 250107 0
229 15738 15749 0
230 250125 250194 0
231 250114 250191 0
232 250139 250168 0
233 250145 250145 0
234 250115 250177 0
235 250185 250186 0
236 250150 250136 0
237 250187 250150 0
238 250147 250119 0
239 250153 250112 0
240 250127 250139 0
241 250177 250115 0
242 250120 250112 0
243 250144 250129 0
244 250159 250200 0
245 250156 250122 0
246 250151 250146 0
247 250139 250157 0
248 250120 250175 0
249 250169 250199 0
250 250164 250109 0
251 250140 250116 0
252 250112 250144 0
253 250131 250134 0
254 250125 250173 0
255 250178 250163 0
256 250197 250116 0
257 500150 500110 0
258 500197 500199 0
259 500197 500139 0
260 500195 500194 0
261 500183 500182 0
262 500135 500109 0
263 500143 500109 0
264 500110 500132 0
265 500178 500131 0
266 62601 62674 0
267 500176 500187 0
268 500188 500147 0
269 500169 500168 0
270 500143 500119 0
271 62621 62635 0
272 500113 500166 0
273 62663 62676 0
274 500155 500131 0
275 500176 500170 0
276 500178 500181 0
277 500122 500191 0
278 62675 62664 0
279 500177 500144 0
280 500133 500144 0
281 500145 500193 0
282 500180 500142 0
283 500140 500117 0
284 500110 500149 0
285 500148 500164 0
286 500109 500106 0
287 500123 500153 0
288 500178 500188 0
289 62658 62640 0
290 500174 500178 0
291 500160 500104 0
292 500184 500165 0
293 500102 500176 0
294 500151 500153 0
295 500146 500195 0
296 500187 500154 0
297 500103 500133 0
298 500188 500156 0
299 62609 62664 0
300 500180 500130 0
301 500129 500161 0
302 500139 500110 0
303 62615 62677 0
304 62658 62685 0
305 125197 125118 0
306 62660 62629 0
307 125198 125114 0
308 125189 125111 0
309 62664 62674 0
310 62612 62644 0
311 62649 62620 0
312 62633 62689 0
313 4012 4035 0
314 4059 4077 0
315 4062 4100 0
316 4036 4079 0
317 4027 4099 0
318 4038 4091 0
319 2092 2107 0
320 4015 4103 0
321 4041 4076 0
322 2070 2105 0
323 4047 4085 0
324 2060 2105 0
325 2059 2097 0
326 4031 4047 0
327 4023 4093 0
328 2066 2117 0
329 4063 4076 0
330 4059 4101 0
331 2094 2145 0
332 2067 2124 0
333 7920 7958 0
334 2110 2129 0
335 7953 7988 0
336 7944 8008 0
337 4053 4106 0
338 7934 7979 0
339 2126 2140 0
340 7955 7976 0
341 7921 7997 0
342 2099 2114 0
343 7921 7959 0
344 2119 2149 0
345 7921 7976 0
346 2062 2095 0
347 2092 2136 0
348 2061 2149 0
349 7927 7990 0
350 7923 8002 0
351 7923 7981 0
352 2073 2145 0
353 2056 2089 0
354 2100 2141 0
355 7913 7984 0
356 7938 7979 0
357 2114 2146 0
358 7918 8000 0
359 7944 7974 0
360 56 75 0
361 11 34 0
362 15732 15763 0
363 15757 15795 0
364 15732 15824 0
365 15739 15788 0
366 15735 15808 0
367 22 92 0
368 15739 15819 0
369 15771 15793 0
370 15731 15820 0
371 15732 15753 0
372 56 99 0
373 31367 31441 0
374 31351 31406 0
375 15 32 0
376 15 81 0
377 31358 31447 0
378 4047 4090 0
379 63 81 0
380 31359 31423 0
381 69 93 0
382 4013 4035 0
383 55 78 0
384 14 50 0
385 20 37 0
386 3 91 0
387 31372 31434 0
388 31383 31432 0
389 23 51 0
390 4026 4069 0
391 31356 31406 0
392 18 72 0
393 31367 31439 0
394 31361 31420 0
395 62605 62698 0
396 62608 62698 0
397 41 64 0
398 4062 4078 0
399 4025 4050 0
--------------
1000000 :c
1003561 :sum(p)
999999 :sum(w)
