400 :n
id p,w,x
--------------
0 7997 7920 1
1 15824 15729 1
2 74 45 1
3 96 20 1
4 99 48 1
5 75 2 1
6 81 44 1
7 61 3 1
8 93 63 1
9 48 30 1
10 42 25 1
11 62 41 1
12 7977 7923 1
13 7997 7933 1
14 61 1 1
15 76 55 1
16 90 76 1
17 91 22 1
18 81 22 1
19 96 29 1
20 100 42 1
21 2146 2104 1
22 2098 2085 1
23 2105 2088 1
24 2148 2061 1
25 2139 2077 1
26 2123 2054 1
27 2144 2098 1
28 2125 2076 1
29 2147 2099 1
30 2149 2120 1
31 2115 2063 1
32 2143 2056 1
33 2117 2095 1
34 4048 4014 1
35 4077 4039 1
36 4088 4025 1
37 4087 4014 1
38 4050 4023 1
39 4057 4022 1
40 4098 4025 1
41 4074 4025 1
42 4075 4030 1
43 4066 4031 1
44 4051 4021 1
45 4076 4039 1
46 4077 4007 1
47 7984 7928 1
48 15819 15744 1
49 7987 7950 1
50 7982 7937 1
51 8009 7972 1
52 15806 15757 1
53 31445 31379 1
54 31434 31366 1
55 15810 15746 1
56 15804 15758 1
57 31445 31355 1
58 7988 7950 1
59 31443 31373 1
60 31445 31359 1
61 31432 31373 1
62 33 29 1
63 63 57 1
64 2125 2115 1
65 4039 4020 1
66 4045 4026 1
67 7958 7924 1
68 4047 4031 1
69 8006 7975 1
70 2141 2133 0
71 4070 4055 1
72 4023 4009 1
73 7963 7938 1
74 8002 7977 1
75 7968 7944 1
76 4099 4087 1
77 2077 2071 1
78 7968 7945 1
79 4099 4088 1
80 7984 7963 1
81 7946 7926 1
82 7941 7924 1
83 15777 15744 1
84 4030 4022 1
85 15757 15726 1
86 15788 15758 1
87 15795 15765 1
88 2121 2117 1
89 15757 15728 1
90 15789 15760 1
91 15760 15732 1
92 15816 15788 1
93 7949 7935 1
94 31420 31366 1
95 15822 15795 1
96 7948 7935 1
97 7969 7956 1
98 31406 31356 1
99 2089 2086 0
100 31426 31381 1
101 2111 2108 0
102 31439 31398 1
103 15758 15739 1
104 31392 31356 1
105 31392 31357 1
106 15813 15797 1
107 7928 7920 0
108 24 8 1
109 31392 31354 1
110 4050 4046 0
111 62672 62612 1
112 62674 62614 0
113 31444 31429 0
114 31439 31427 0
115 500193 500169 0
116 31394 31364 0
117 15785 15770 0
118 62685 62629 0
119 7971 7964 0
120 4100 4099 0
121 62680 62626 0
122 62679 62626 0
123 62676 62625 0
124 62660 62611 0
125 7930 7924 0
126 125186 125111 0
127 62639 62603 0
128 31420 31403 0
129 125190 125124 0
130 15802 15794 0
131 15813 15805 0
132 125171 125110 0
133 62635 62605 0
134 62670 62640 0
135 2125 2124 0
136 62671 62642 0
137 62698 62669 0
138 31381 31367 0
139 31391 31377 0
140 31409 31395 0
141 62697 62670 0
142 62682 62660 0
143 62690 62668 0
144 62692 62671 0
145 125195 125154 0
146 125159 125119 0
147 250197 250119 0
148 62640 62621 0
149 62690 62671 0
150 125156 125121 0
151 62666 62649 0
152 125185 125152 0
153 250183 250120 0
154 250195 250133 0
155 125150 125119 0
156 250179 250121 0
157 62672 62658 0
158 250186 250134 0
159 125145 125119 0
160 125160 125134 0
161 62640 62627 0
162 500200 500102 0
163 125186 125162 0
164 31424 31418 0
165 250173 250130 0
166 4093 4094 0
167 4036 4037 0
168 2115 2116 0
169 4054 4056 0
170 44 51 0
171 16 23 0
172 31408 31425 0
173 62610 62612 0
174 62621 62643 0
175 62632 62660 0
176 31399 31436 0
177 31370 31446 0
178 31361 31359 0
179 62644 62690 0
180 31361 31373 0
181 62622 62618 0
182 31386 31405 0
183 31360 31387 0
184 31362 31369 0
185 62637 62660 0
186 31356 31393 0
187 31361 31379 0
188 31359 31416 0
189 31351 31377 0
190 62671 62667 0
191 62621 62647 0
192 62681 62679 0
193 62658 62687 0
194 62632 62664 0
195 62611 62700 0
196 62699 62699 0
197 31400 31406 0
198 62651 62681 0
199 250199 250187 0
200 15773 15813 0
201 15734 15747 0
202 15755 15814 0
203 15740 15768 0
204 15748 15764 0
205 15763 15777 0
206 15731 15734 0
207 15728 15810 0
208 15796 15805 0
209 62645 62650 0
210 15729 15735 0
211 62643 62639 0
212 15746 15751 0
213 62624 62663 0
214 125132 125138 0
215 125193 125184 0
216 15769 15779 0
217 15767 15812 0
218 125146 125160 0
219 125107 125134 0
220 125111 125177 0
221 125101 125113 0
222 125126 125164 0
223 125108 125196 0
224 125160 125156 0
225 125117 125186 0
226 125108 125183 0
227 125148 125193 0
228 15755 15814 0
229 125117 125172 0
230 15768 15786 0
231 15767 15790 0
232 15746 15762 0
233 125195 125187 0
234 15739 15785 0
235 15755 15824 0
236 15756 15768 0
237 15746 15805 0
238 125140 125184 0
239 7929 7972 0
240 125100 125174 0
241 7930 7952 0
242 125104 125191 0
243 7927 8005 0
244 250131 250194 0
245 7952 7975 0
246 125129 125158 0
247 125112 125132 0
248 7954 8004 0
249 7942 7986 0
250 125168 125194 0
251 7919 7979 0
252 125126 125121 0
253 7990 7996 0
254 125135 125141 0
255 7918 7925 0
256 250101 250103 0
257 125129 125139 0
258 250117 250104 0
259 125106 125100 0
260 7959 7989 0
261 125108 125181 0
262 125166 125195 0
263 250180 250157 0
264 125161 125153 0
265 125105 125151 0
266 7991 8004 0
267 8004 8010 0
268 7956 7966 0
269 125139 125193 0
270 250161 250186 0
271 250151 250172 0
272 250161 250189 0
273 7952 7987 0
274 7940 7990 0
275 250150 250159 0
276 7919 8005 0
277 7932 7980 0
278 250158 250197 0
279 250161 250126 0
280 250148 250121 0
281 250142 250133 0
282 250105 250180 0
283 250128 250102 0
284 4069 4102 0
285 250139 250184 0
286 4096 4104 0
287 250157 250185 0
288 4012 4079 0
289 4036 4096 0
290 250120 250133 0
291 4078 4101 0
292 500157 500195 0
293 4087 4102 0
294 500152 500144 0
295 62604 62698 0
296 250125 250142 0
297 500153 500102 0
298 31368 31429 0
299 500192 500185 0
300 250133 250158 0
301 4024 4044 0
302 500189 500191 0
303 4031 4057 0
304 4028 4040 0
305 250137 250112 0
306 4071 4075 0
307 250155 250159 0
308 250120 250123 0
309 500162 500200 0
310 62620 62664 0
311 4041 4052 0
312 4022 4103 0
313 500102 500136 0
314 4012 4055 0
315 250150 250154 0
316 250112 250158 0
317 250106 250158 0
318 4054 4081 0
319 2063 2104 0
320 2054 2105 0
321 500143 500150 0
322 250170 250128 0
323 500126 500118 0
324 2091 2149 0
325 500114 500103 0
326 250190 250149 0
327 250160 250175 0
328 250164 250135 0
329 2091 2104 0
330 2094 2100 0
331 500181 500103 0
332 500131 500121 0
333 500123 500103 0
334 250140 250168 0
335 2121 2130 0
336 2089 2131 0
337 500153 500153 0
338 500191 500155 0
339 2113 2142 0
340 2139 2150 0
341 2057 2124 0
342 2102 2140 0
343 2078 2126 0
344 2084 2104 0
345 250158 250191 0
346 250124 250198 0
347 500166 500136 0
348 2090 2137 0
349 500104 500118 0
350 500170 500181 0
351 2094 2146 0
352 2079 2121 0
353 2113 2131 0
354 500147 500141 0
355 2097 2104 0
356 31400 31422 0
357 2095 2144 0
358 250143 250102 0
359 32 44 0
360 500107 500162 0
361 2 71 0
362 500109 500190 0
363 38 51 0
364 500175 500191 0
365 46 92 0
366 500160 500114 0
367 38 52 0
368 31393 31432 0
369 17 56 0
370 500109 500149 0
371 500165 500127 0
372 24 40 0
373 72 87 0
374 500148 500153 0
375 47 57 0
376 500131 500188 0
377 500110 500119 0
378 35 55 0
379 500183 500160 0
380 6 16 0
381 66 96 0
382 500133 500162 0
383 34 51 0
384 500152 500140 0
385 10 96 0
386 500116 500162 0
387 62 89 0
388 500130 500112 0
389 500119 500155 0
390 500174 500160 0
391 37 98 0
392 31428 31423 0
393 78 97 0
394 500109 500138 0
395 500132 500147 0
396 500179 500112 0
397 23 39 0
398 31395 31440 0
399 31374 31380 0
--------------
1000000 :c
1004245 :sum(p)
1000000 :sum(w)
