400 :n
id p,w,x
--------------
0 96 18 1
1 93 50 1
2 2108 2073 1
3 2148 2094 1
4 80 20 1
5 2116 2071 1
6 2142 2099 1
7 4075 4021 1
8 4092 4034 1
9 2089 2058 1
10 2151 2056 1
11 2132 2080 1
12 4097 4008 1
13 2146 2061 1
14 4088 4037 1
15 35 1 1
16 78 12 1
17 80 11 1
18 63 31 1
19 73 16 1
20 75 28 1
21 53 7 1
22 67 36 1
23 84 47 1
24 73 30 1
25 70 35 1
26 46 1 1
27 77 30 1
28 8011 7923 1
29 4086 4047 1
30 15808 15732 1
31 4082 4049 1
32 7971 7927 1
33 7975 7914 1
34 7989 7929 1
35 7998 7931 1
36 4075 4043 1
37 15823 15756 1
38 31443 31364 1
39 15797 15736 1
40 7997 7924 1
41 15820 15732 1
42 8005 7931 1
43 7994 7941 1
44 8008 7972 1
45 7984 7922 1
46 7994 7947 1
47 4049 4013 1
48 3 1 1
49 49 32 1
50 17 12 1
51 79 56 1
52 68 49 1
53 58 46 1
54 86 77 1
55 78 70 1
56 30 29 1
57 2082 2059 1
58 2091 2069 1
59 2124 2103 1
60 2111 2092 1
61 2113 2097 1
62 4091 4061 1
63 2146 2131 1
64 2141 2127 1
65 2095 2083 1
66 2142 2130 1
67 2103 2092 1
68 4073 4053 1
69 4030 4013 1
70 4093 4076 1
71 4051 4035 1
72 4067 4051 1
73 2124 2116 1
74 8000 7970 1
75 4046 4031 1
76 8002 7974 1
77 15785 15730 1
78 15819 15764 1
79 4071 4057 1
80 7969 7942 1
81 15785 15732 1
82 8006 7980 1
83 4070 4057 1
84 7973 7948 1
85 4056 4044 1
86 4081 4069 1
87 8003 7980 1
88 7972 7951 1
89 7954 7934 1
90 4033 4023 1
91 31445 31374 1
92 15800 15766 1
93 7958 7941 1
94 7973 7956 1
95 31443 31380 1
96 31431 31369 1
97 15817 15795 1
98 7941 7926 1
99 15773 15744 1
100 31433 31376 1
101 15771 15743 1
102 4075 4068 1
103 4079 4072 1
104 31409 31362 1
105 15793 15770 1
106 88 49 1
107 31401 31359 1
108 31421 31379 1
109 15823 15804 1
110 31428 31391 1
111 31447 31410 1
112 15772 15754 1
113 31450 31415 1
114 62687 62618 0
115 2067 2063 1
116 15766 15744 1
117 15784 15767 1
118 31410 31377 1
119 62688 62623 0
120 31447 31433 0
121 15793 15788 0
122 24 66 0
123 31394 31364 0
124 31427 31399 0
125 31441 31413 1
126 62673 62618 0
127 31431 31407 0
128 15758 15746 1
129 62676 62626 0
130 62694 62650 0
131 62677 62634 0
132 125191 125119 0
133 62679 62636 0
134 125188 125105 0
135 62673 62633 0
136 31401 31381 0
137 125193 125115 0
138 125189 125112 0
139 62669 62618 0
140 31433 31416 0
141 62681 62647 0
142 125197 125125 0
143 2138 2153 0
144 31388 31372 0
145 15803 15795 1
146 2136 2135 1
147 62698 62669 0
148 62699 62672 0
149 125173 125121 0
150 31414 31401 0
151 62680 62655 0
152 31380 31368 0
153 31388 31376 0
154 125195 125148 0
155 62638 62615 0
156 62660 62637 0
157 125143 125101 0
158 125159 125117 0
159 4045 4044 0
160 31378 31372 0
161 15775 15772 0
162 31445 31442 0
163 7950 7950 0
164 15760 15761 0
165 4048 4049 0
166 7921 7923 0
167 15803 15807 0
168 7941 7945 0
169 15746 15754 0
170 7952 7957 0
171 15748 15760 0
172 4086 4092 0
173 7983 7995 0
174 7926 7938 0
175 7982 7997 0
176 4096 4104 0
177 2107 2113 0
178 4069 4082 0
179 4009 4024 0
180 2098 2110 0
181 2079 2092 0
182 2105 2121 0
183 10 11 1
184 69 85 0
185 7 9 0
186 63 81 0
187 73 96 0
188 21 44 0
189 19 41 0
190 20 44 0
191 500159 500115 0
192 250146 250117 0
193 500190 500102 0
194 62623 62615 0
195 62672 62653 0
196 250196 250111 0
197 62648 62628 0
198 500143 500133 0
199 62690 62689 0
200 500126 500171 0
201 500137 500103 0
202 500128 500128 0
203 250175 250159 0
204 62614 62612 0
205 62629 62632 0
206 62660 62667 0
207 62667 62672 0
208 500112 500125 0
209 500182 500200 0
210 500174 500177 0
211 125139 125142 0
212 125106 125115 0
213 125134 125134 0
214 500124 500140 0
215 500126 500144 0
216 500119 500125 0
217 125150 125158 0
218 500103 500166 0
219 125110 125118 0
220 125105 125120 0
221 125119 125117 0
222 500140 500199 0
223 500174 500174 0
224 500117 500108 0
225 500138 500183 0
226 250149 250133 0
227 500106 500141 0
228 250119 250150 0
229 250122 250151 0
230 250134 250127 0
231 250148 250131 0
232 250143 250156 0
233 500156 500126 0
234 250125 250159 0
235 500135 500143 0
236 500189 500171 0
237 250185 250194 0
238 500166 500173 0
239 500147 500182 0
240 250137 250132 0
241 250177 250171 0
242 500141 500200 0
243 250186 250178 0
244 250157 250140 0
245 250153 250180 0
246 250154 250138 0
247 250144 250167 0
248 500123 500154 0
249 500126 500186 0
250 500163 500147 0
251 250144 250135 0
252 250189 250189 0
253 250157 250191 0
254 250109 250121 0
255 500154 500125 0
256 250135 250134 0
257 500172 500155 0
258 31396 31398 0
259 500118 500114 0
260 62662 62655 0
261 62667 62660 0
262 500196 500148 0
263 125150 125123 0
264 125192 125165 0
265 125158 125137 0
266 500184 500114 0
267 125133 125123 0
268 500185 500130 0
269 250140 250101 0
270 125154 125124 0
271 500195 500103 0
272 15742 15762 0
273 31389 31449 0
274 31418 31450 0
275 31367 31414 0
276 500126 500195 0
277 31357 31369 0
278 31412 31434 0
279 31418 31435 0
280 31366 31382 0
281 31383 31445 0
282 15726 15765 0
283 31362 31389 0
284 31392 31421 0
285 31406 31437 0
286 62670 62686 0
287 62636 62668 0
288 62609 62625 0
289 62621 62652 0
290 62602 62657 0
291 62611 62647 0
292 62604 62670 0
293 62634 62666 0
294 62640 62653 0
295 62618 62633 0
296 62613 62641 0
297 62668 62680 0
298 62618 62641 0
299 125123 125151 0
300 125116 125159 0
301 125152 125177 0
302 125139 125158 0
303 125118 125172 0
304 125102 125146 0
305 125154 125194 0
306 125126 125169 0
307 15735 15759 0
308 125144 125184 0
309 125122 125176 0
310 125125 125177 0
311 125128 125179 0
312 15752 15769 0
313 125114 125146 0
314 125141 125185 0
315 125126 125171 0
316 125132 125170 0
317 125136 125184 0
318 250123 250161 0
319 250136 250187 0
320 250117 250169 0
321 250126 250179 0
322 250107 250169 0
323 250119 250157 0
324 250127 250175 0
325 250115 250193 0
326 250150 250187 0
327 250112 250189 0
328 250102 250192 0
329 31394 31439 0
330 15776 15799 0
331 15762 15782 0
332 15761 15801 0
333 250149 250128 0
334 250192 250168 0
335 125131 125116 0
336 500196 500134 0
337 500167 500129 0
338 62694 62685 0
339 500192 500127 0
340 125189 125159 0
341 500200 500101 0
342 62629 62619 0
343 250156 250116 0
344 250152 250129 0
345 250149 250102 0
346 500199 500140 0
347 4012 4048 0
348 4034 4098 0
349 2059 2112 0
350 2063 2125 0
351 4020 4069 0
352 2098 2132 0
353 4023 4091 0
354 2090 2122 0
355 2056 2126 0
356 2112 2152 0
357 2064 2139 0
358 2084 2153 0
359 10 98 0
360 4007 4091 0
361 4069 4102 0
362 4027 4092 0
363 4017 4065 0
364 7922 8001 0
365 7925 8010 0
366 7917 7990 0
367 7929 7999 0
368 7939 7986 0
369 2061 2151 0
370 7920 8011 0
371 7923 7986 0
372 7928 7970 0
373 4038 4065 0
374 4018 4058 0
375 7 37 0
376 7975 8012 0
377 21 56 0
378 7952 7973 0
379 7971 8007 0
380 41 97 0
381 4033 4093 0
382 15748 15806 0
383 15736 15794 0
384 15738 15824 0
385 4062 4104 0
386 2106 2149 0
387 2063 2118 0
388 15731 15784 0
389 15726 15799 0
390 15740 15822 0
391 15752 15804 0
392 36 81 0
393 15775 15816 0
394 15730 15770 0
395 31351 31431 0
396 2097 2132 0
397 31353 31444 0
398 2079 2136 0
399 2081 2145 0
--------------
1000000 :c
1004352 :sum(p)
999998 :sum(w)
