400 :n
id p,w,x
--------------
0 15803 15763 1
1 31450 31351 1
2 97 14 1
3 15824 15747 1
4 15778 15733 1
5 89 1 1
6 100 21 1
7 61 11 1
8 90 11 1
9 92 44 1
10 15805 15759 1
11 77 29 1
12 15791 15748 1
13 8012 7966 1
14 93 7 1
15 99 48 1
16 7963 7914 1
17 2128 2065 1
18 7993 7927 1
19 8010 7969 1
20 7990 7953 1
21 2148 2061 1
22 2124 2060 1
23 8011 7948 1
24 2117 2060 1
25 2119 2068 1
26 2143 2077 1
27 7999 7955 1
28 7994 7941 1
29 4100 4019 1
30 4103 4015 1
31 4071 4033 1
32 4077 4011 1
33 4056 4011 1
34 7995 7960 1
35 7956 7923 1
36 4097 4061 1
37 4061 4023 1
38 4095 4030 1
39 4100 4028 1
40 4100 4028 1
41 23 2 1
42 59 41 1
43 41 30 1
44 42 39 1
45 45 43 1
46 55 54 1
47 2106 2080 1
48 2122 2096 1
49 2088 2063 1
50 2095 2072 1
51 2136 2120 1
52 4048 4019 1
53 2108 2094 1
54 4038 4013 1
55 4104 4079 1
56 4096 4077 1
57 4094 4077 1
58 4093 4079 1
59 7943 7916 1
60 4079 4066 1
61 7934 7913 1
62 7994 7973 1
63 7942 7922 1
64 7971 7954 1
65 15798 15765 1
66 31438 31374 1
67 15792 15760 1
68 4030 4022 1
69 31426 31368 1
70 15774 15745 1
71 7977 7963 1
72 7999 7985 1
73 15771 15745 1
74 7991 7979 1
75 4040 4034 1
76 15809 15786 1
77 31440 31395 1
78 7999 7988 1
79 62697 62617 1
80 7942 7932 1
81 4050 4045 1
82 15805 15786 1
83 62687 62616 1
84 62689 62619 1
85 31421 31387 1
86 31445 31411 1
87 2069 2066 1
88 2098 2096 1
89 62698 62641 1
90 31379 31353 1
91 99 87 1
92 4060 4057 1
93 2071 2069 1
94 15749 15737 0
95 4070 4067 1
96 62658 62613 0
97 62660 62615 1
98 31444 31427 0
99 15821 15821 0
100 125173 125104 0
101 62651 62608 0
102 125185 125100 0
103 125195 125112 0
104 62694 62655 0
105 62687 62650 0
106 15740 15749 0
107 125192 125104 0
108 125194 125125 0
109 62674 62640 0
110 31389 31372 0
111 125192 125126 0
112 31367 31351 0
113 62686 62655 0
114 2059 2058 1
115 62675 62645 0
116 62632 62604 0
117 62662 62638 0
118 15792 15786 0
119 125163 125121 0
120 62692 62672 0
121 62647 62628 0
122 62685 62666 0
123 62624 62608 0
124 7988 7986 0
125 15742 15739 0
126 15810 15807 0
127 62659 62648 0
128 62673 62664 0
129 62659 62651 0
130 62660 62654 0
131 62667 62661 0
132 31417 31416 0
133 7964 7964 0
134 38 38 0
135 31371 31372 0
136 15798 15800 0
137 7934 7937 0
138 15739 15745 0
139 15791 15798 0
140 2089 2090 1
141 4068 4070 1
142 7975 7980 0
143 15736 15747 0
144 4101 4104 1
145 2087 2089 1
146 4043 4047 0
147 7991 8004 0
148 7980 7993 0
149 7996 8010 0
150 4044 4053 0
151 7971 7990 0
152 7952 7971 0
153 7948 7967 0
154 7942 7962 0
155 4056 4079 0
156 2083 2100 0
157 2081 2103 0
158 85 87 0
159 72 80 0
160 75 86 0
161 82 97 0
162 62 74 0
163 10 12 0
164 54 65 0
165 47 65 0
166 7 17 0
167 16 39 0
168 11 31 0
169 11 32 0
170 125127 125101 0
171 125199 125166 0
172 250175 250155 0
173 125152 125138 0
174 125170 125145 0
175 62692 62687 0
176 125189 125156 0
177 125141 125107 0
178 125144 125115 0
179 125196 125184 0
180 250166 250122 0
181 250159 250103 0
182 250159 250146 0
183 250193 250153 0
184 500180 500123 0
185 500151 500103 0
186 500197 500102 0
187 250169 250105 0
188 250174 250139 0
189 250178 250162 0
190 250180 250156 0
191 250194 250163 0
192 250144 250127 0
193 500193 500110 0
194 500196 500109 0
195 250181 250114 0
196 500155 500114 0
197 500179 500136 0
198 250174 250140 0
199 500171 500116 0
200 500133 500103 0
201 125175 125157 0
202 250158 250112 0
203 125166 125124 0
204 250173 250120 0
205 250186 250107 0
206 15779 15807 0
207 62628 62627 0
208 15800 15823 0
209 62607 62647 0
210 62631 62654 0
211 15773 15800 0
212 62629 62640 0
213 15745 15815 0
214 15757 15810 0
215 15741 15799 0
216 15740 15810 0
217 62670 62693 0
218 62642 62682 0
219 62645 62648 0
220 250193 250184 0
221 250116 250186 0
222 62643 62641 0
223 15760 15789 0
224 250130 250189 0
225 15752 15807 0
226 15772 15806 0
227 62614 62630 0
228 31358 31387 0
229 15748 15800 0
230 15727 15786 0
231 62603 62665 0
232 15784 15813 0
233 15766 15823 0
234 62650 62673 0
235 125106 125143 0
236 15751 15789 0
237 15789 15816 0
238 15741 15816 0
239 250126 250114 0
240 125139 125155 0
241 125172 125179 0
242 7951 7987 0
243 15727 15748 0
244 7915 7971 0
245 15729 15766 0
246 250130 250141 0
247 7960 8003 0
248 125125 125153 0
249 62684 62697 0
250 31419 31439 0
251 125125 125187 0
252 250145 250175 0
253 125160 125172 0
254 250152 250193 0
255 125138 125139 0
256 250126 250119 0
257 31413 31424 0
258 7914 7947 0
259 7936 8007 0
260 125136 125177 0
261 7930 7957 0
262 7938 7990 0
263 125130 125188 0
264 31368 31411 0
265 31361 31412 0
266 31366 31373 0
267 125198 125197 0
268 125158 125171 0
269 31366 31423 0
270 7926 7958 0
271 125125 125195 0
272 125120 125196 0
273 250129 250189 0
274 7958 7997 0
275 62641 62662 0
276 125155 125191 0
277 250159 250152 0
278 250118 250131 0
279 250137 250144 0
280 125114 125172 0
281 250173 250165 0
282 125122 125124 0
283 4033 4058 0
284 125142 125154 0
285 125167 125172 0
286 4031 4104 0
287 4014 4094 0
288 4015 4070 0
289 250157 250161 0
290 62634 62662 0
291 4008 4061 0
292 500180 500178 0
293 500140 500127 0
294 125129 125196 0
295 31401 31419 0
296 4009 4053 0
297 31384 31414 0
298 125143 125182 0
299 4054 4083 0
300 4024 4095 0
301 4022 4081 0
302 500114 500105 0
303 500155 500134 0
304 4028 4095 0
305 500178 500173 0
306 500108 500108 0
307 500131 500189 0
308 31362 31415 0
309 4064 4104 0
310 125114 125147 0
311 500111 500105 0
312 4021 4065 0
313 500113 500135 0
314 500115 500142 0
315 31437 31449 0
316 4077 4106 0
317 125126 125185 0
318 500121 500178 0
319 62616 62632 0
320 2094 2150 0
321 2093 2133 0
322 500162 500190 0
323 2095 2139 0
324 2055 2092 0
325 2073 2148 0
326 500151 500143 0
327 125159 125153 0
328 500152 500150 0
329 2071 2123 0
330 2077 2129 0
331 250126 250143 0
332 500155 500193 0
333 2057 2136 0
334 2101 2148 0
335 2082 2120 0
336 500174 500182 0
337 2058 2120 0
338 2092 2119 0
339 31360 31418 0
340 2087 2153 0
341 500158 500150 0
342 250164 250152 0
343 2101 2134 0
344 500103 500155 0
345 250163 250199 0
346 250200 250192 0
347 31355 31361 0
348 500188 500178 0
349 2083 2116 0
350 500130 500155 0
351 2060 2090 0
352 2060 2120 0
353 250174 250199 0
354 31400 31429 0
355 250110 250103 0
356 2121 2149 0
357 2054 2107 0
358 2072 2150 0
359 31398 31433 0
360 45 82 0
361 31352 31364 0
362 500138 500145 0
363 62611 62651 0
364 31440 31447 0
365 13 70 0
366 15 62 0
367 500107 500103 0
368 31369 31387 0
369 500197 500172 0
370 250155 250154 0
371 500178 500188 0
372 500113 500188 0
373 31365 31441 0
374 18 48 0
375 31386 31402 0
376 31351 31356 0
377 40 96 0
378 250110 250152 0
379 25 67 0
380 32 79 0
381 500197 500186 0
382 20 72 0
383 500110 500114 0
384 500120 500196 0
385 31398 31414 0
386 500127 500131 0
387 40 95 0
388 31364 31401 0
389 35 76 0
390 19 89 0
391 31354 31400 0
392 250148 250169 0
393 500143 500182 0
394 250139 250140 0
395 500141 500126 0
396 31378 31444 0
397 31366 31436 0
398 31354 31437 0
399 31404 31448 0
--------------
1000000 :c
1003695 :sum(p)
999999 :sum(w)
