400 :n
id p,w,x
--------------
0 15818 15790 1
1 31432 31351 1
2 96 57 1
3 15769 15735 1
4 72 57 1
5 96 55 1
6 50 4 1
7 15788 15731 1
8 15785 15731 1
9 70 45 1
10 81 4 1
11 77 50 1
12 46 5 1
13 36 15 1
14 91 68 1
15 70 20 1
16 61 18 1
17 86 70 1
18 33 19 1
19 77 15 1
20 37 20 1
21 79 28 1
22 2097 2068 1
23 2135 2093 1
24 2120 2090 1
25 2153 2093 1
26 2100 2084 1
27 2112 2085 1
28 2111 2083 1
29 2153 2056 1
30 15791 15747 1
31 2128 2104 1
32 2144 2054 1
33 2146 2094 1
34 2111 2078 1
35 2111 2089 1
36 2122 2100 1
37 2122 2064 1
38 2093 2071 1
39 2146 2124 1
40 15815 15767 1
41 4041 4024 1
42 4077 4022 1
43 4045 4026 1
44 4099 4081 1
45 4063 4028 1
46 4058 4024 1
47 4101 4031 1
48 15815 15785 1
49 4088 4056 1
50 4057 4023 1
51 15784 15749 1
52 4091 4029 1
53 15766 15736 1
54 7992 7930 1
55 7975 7913 1
56 7998 7933 1
57 7967 7916 1
58 7962 7931 1
59 15793 15736 1
60 7986 7959 1
61 7961 7923 1
62 8005 7951 1
63 15797 15764 1
64 7956 7933 1
65 7995 7949 1
66 7973 7921 1
67 7976 7936 1
68 7988 7952 1
69 15819 15783 1
70 31406 31363 1
71 31424 31371 1
72 31420 31376 1
73 19 13 1
74 95 82 1
75 70 62 1
76 2085 2072 1
77 4072 4056 1
78 4069 4054 1
79 2106 2100 1
80 7959 7939 1
81 7988 7968 1
82 4090 4080 1
83 7932 7919 1
84 7936 7925 1
85 31397 31355 1
86 31391 31351 1
87 31449 31411 1
88 15797 15778 1
89 31414 31377 1
90 31416 31382 1
91 15765 15748 1
92 31394 31362 1
93 62680 62617 1
94 7990 7982 0
95 4101 4097 1
96 2074 2072 1
97 16 3 1
98 62680 62602 1
99 31391 31353 1
100 31434 31405 1
101 62660 62604 0
102 31428 31401 0
103 62682 62685 0
104 31442 31437 0
105 500106 500156 0
106 31436 31409 1
107 4040 4037 0
108 4056 4053 1
109 4096 4093 1
110 62657 62618 0
111 125176 125104 0
112 8009 8008 0
113 125199 125128 0
114 62642 62609 0
115 62676 62644 0
116 125172 125109 0
117 62650 62619 0
118 4099 4097 1
119 31412 31397 0
120 2128 2127 0
121 62643 62616 0
122 62674 62648 0
123 31418 31406 0
124 15819 15813 0
125 15778 15773 0
126 62649 62630 0
127 62680 62663 0
128 31377 31369 0
129 15817 15814 0
130 15820 15817 0
131 7976 7975 0
132 4043 4043 0
133 4013 4013 0
134 4052 4052 0
135 7948 7948 0
136 7946 7946 0
137 95 95 1
138 7925 7927 0
139 2131 2132 0
140 4061 4063 0
141 4058 4061 0
142 4035 4038 0
143 4057 4063 0
144 2126 2136 0
145 53 55 0
146 83 87 0
147 79 84 1
148 68 73 0
149 91 98 0
150 37 46 0
151 14 19 0
152 125143 125120 0
153 250168 250126 0
154 31419 31413 0
155 250165 250123 0
156 250179 250141 0
157 250162 250111 0
158 62651 62641 0
159 125160 125140 0
160 500188 500138 0
161 125143 125130 0
162 125131 125118 0
163 250183 250137 0
164 31391 31386 0
165 31368 31362 0
166 500189 500137 0
167 500167 500118 0
168 125190 125171 0
169 250175 250146 0
170 250186 250153 0
171 250185 250154 0
172 250192 250168 0
173 125197 125163 0
174 250192 250134 0
175 250177 250107 0
176 125161 125122 0
177 125179 125134 0
178 125161 125102 0
179 250176 250117 0
180 250193 250103 0
181 250192 250125 0
182 125168 125125 0
183 125177 125143 0
184 250189 250122 0
185 125169 125126 0
186 125191 125145 0
187 125178 125120 0
188 250167 250102 0
189 125154 125102 0
190 125167 125138 0
191 250190 250143 0
192 250149 250110 0
193 62646 62659 0
194 62675 62676 0
195 62620 62622 0
196 31360 31443 0
197 31358 31411 0
198 31396 31411 0
199 250123 250193 0
200 250104 250139 0
201 62612 62611 0
202 62643 62655 0
203 62617 62611 0
204 250178 250199 0
205 62611 62624 0
206 250129 250153 0
207 15757 15760 0
208 15767 15774 0
209 62662 62662 0
210 15786 15796 0
211 15785 15792 0
212 15814 15813 0
213 15731 15774 0
214 250187 250168 0
215 62644 62697 0
216 250155 250173 0
217 15762 15790 0
218 15735 15771 0
219 15742 15782 0
220 15815 15824 0
221 250187 250190 0
222 15806 15816 0
223 15748 15748 0
224 15755 15775 0
225 62654 62690 0
226 250172 250182 0
227 15734 15757 0
228 62624 62639 0
229 15785 15795 0
230 62605 62698 0
231 62616 62631 0
232 15750 15798 0
233 15738 15753 0
234 15749 15807 0
235 15755 15759 0
236 15747 15782 0
237 15735 15759 0
238 15729 15788 0
239 62635 62660 0
240 250122 250137 0
241 7959 8006 0
242 62626 62628 0
243 7923 7955 0
244 62644 62669 0
245 62664 62687 0
246 62660 62684 0
247 7942 7955 0
248 7938 8011 0
249 7940 8000 0
250 62680 62681 0
251 62677 62692 0
252 7929 8006 0
253 62668 62663 0
254 250136 250164 0
255 62610 62659 0
256 62653 62666 0
257 62603 62658 0
258 250137 250196 0
259 125198 125196 0
260 7953 7999 0
261 7928 7938 0
262 7991 8001 0
263 125111 125127 0
264 7962 7977 0
265 7938 7951 0
266 125165 125154 0
267 250121 250197 0
268 250153 250146 0
269 125163 125157 0
270 7937 7971 0
271 7916 7958 0
272 7925 8012 0
273 7933 7940 0
274 250146 250140 0
275 7975 8008 0
276 125133 125121 0
277 125163 125170 0
278 7957 8003 0
279 4021 4043 0
280 4071 4092 0
281 250147 250165 0
282 31357 31422 0
283 31404 31418 0
284 4035 4046 0
285 250141 250162 0
286 4043 4106 0
287 125140 125197 0
288 125103 125126 0
289 4036 4078 0
290 125140 125167 0
291 125180 125188 0
292 125138 125138 0
293 62606 62615 0
294 4070 4081 0
295 4051 4088 0
296 250150 250155 0
297 4052 4092 0
298 4009 4073 0
299 125156 125156 0
300 250110 250194 0
301 31401 31419 0
302 4032 4095 0
303 250130 250154 0
304 4028 4071 0
305 250136 250184 0
306 125103 125138 0
307 125154 125147 0
308 31416 31421 0
309 31356 31373 0
310 250136 250139 0
311 4025 4043 0
312 125116 125125 0
313 31374 31388 0
314 250177 250173 0
315 4039 4092 0
316 4055 4082 0
317 125112 125152 0
318 4069 4090 0
319 500168 500172 0
320 2056 2127 0
321 500102 500164 0
322 2103 2136 0
323 500133 500117 0
324 2089 2128 0
325 2124 2136 0
326 500114 500131 0
327 500159 500139 0
328 2109 2146 0
329 2116 2135 0
330 125199 125191 0
331 2084 2121 0
332 500181 500145 0
333 2088 2111 0
334 2129 2141 0
335 2075 2105 0
336 125115 125135 0
337 500130 500170 0
338 2074 2116 0
339 2107 2132 0
340 500134 500161 0
341 500120 500174 0
342 500178 500131 0
343 500133 500165 0
344 125120 125167 0
345 31376 31378 0
346 2116 2136 0
347 500143 500167 0
348 500174 500192 0
349 2069 2103 0
350 500124 500148 0
351 500127 500142 0
352 500104 500171 0
353 2095 2118 0
354 31356 31366 0
355 500143 500197 0
356 2082 2100 0
357 2083 2121 0
358 500126 500162 0
359 12 61 0
360 23 78 0
361 40 95 0
362 500184 500177 0
363 500130 500116 0
364 23 92 0
365 500186 500157 0
366 62621 62682 0
367 500168 500184 0
368 125108 125167 0
369 500144 500181 0
370 500199 500166 0
371 62601 62647 0
372 4 75 0
373 500127 500101 0
374 500120 500127 0
375 500141 500161 0
376 31394 31450 0
377 44 67 0
378 24 51 0
379 31375 31450 0
380 31 74 0
381 20 92 0
382 31390 31444 0
383 500112 500128 0
384 22 91 0
385 31369 31409 0
386 500121 500189 0
387 31410 31420 0
388 500120 500132 0
389 31399 31396 0
390 500191 500197 0
391 64 89 0
392 500122 500139 0
393 500163 500127 0
394 125168 125171 0
395 500144 500172 0
396 500150 500161 0
397 500165 500137 0
398 31365 31384 0
399 31386 31395 0
--------------
1000000 :c
1003619 :sum(p)
1000000 :sum(w)
