400 :n
id p,w,x
--------------
0 64 31 1
1 4103 4008 1
2 2098 2054 1
3 2111 2059 1
4 43 5 1
5 2148 2083 1
6 67 20 1
7 86 43 1
8 2149 2099 1
9 2145 2069 1
10 75 56 1
11 2118 2057 1
12 86 36 1
13 99 31 1
14 69 12 1
15 2114 2070 1
16 93 55 1
17 85 52 1
18 4098 4015 1
19 34 17 1
20 38 22 1
21 97 18 1
22 51 25 1
23 64 34 1
24 54 17 1
25 48 4 1
26 4087 4011 1
27 56 25 1
28 8001 7947 1
29 15794 15739 1
30 4078 4008 1
31 8009 7982 1
32 4067 4026 1
33 4100 4046 1
34 7999 7974 1
35 31427 31363 1
36 7987 7925 1
37 8009 7955 1
38 15800 15740 1
39 4091 4030 1
40 8000 7928 1
41 8000 7977 1
42 4093 4071 1
43 8000 7944 1
44 15774 15727 1
45 4060 4043 1
46 15787 15730 1
47 7985 7951 1
48 8001 7975 1
49 15819 15771 1
50 15775 15742 1
51 2097 2073 1
52 2082 2058 1
53 2135 2118 1
54 4069 4025 1
55 4061 4015 1
56 4073 4049 1
57 15786 15737 1
58 31441 31368 1
59 2099 2063 1
60 15815 15729 1
61 4095 4057 1
62 7982 7960 1
63 31436 31362 1
64 4070 4035 1
65 4094 4028 1
66 4086 4017 1
67 2133 2100 1
68 4094 4066 1
69 15822 15750 1
70 4099 4028 1
71 15775 15740 1
72 15799 15746 1
73 3 1 0
74 6 3 1
75 90 84 1
76 78 74 1
77 2094 2081 1
78 2134 2123 1
79 2109 2101 1
80 7963 7944 1
81 7931 7915 1
82 7977 7961 1
83 4105 4097 1
84 2101 2097 1
85 31442 31384 1
86 15811 15782 1
87 31438 31381 1
88 31427 31375 1
89 7931 7918 1
90 31444 31393 1
91 8012 8000 1
92 4055 4049 1
93 31435 31389 1
94 2120 2117 0
95 62697 62609 1
96 62690 62608 1
97 15822 15804 1
98 7936 7928 1
99 62683 62623 0
100 2136 2064 1
101 31423 31367 1
102 31414 31366 1
103 4025 4021 1
104 62699 62639 1
105 2144 2142 1
106 31447 31441 0
107 31441 31444 0
108 9 92 0
109 15745 15731 0
110 15755 15741 1
111 7936 7929 0
112 15777 15764 1
113 31412 31387 0
114 62647 62602 0
115 15748 15737 0
116 125191 125106 0
117 62671 62632 0
118 2120 2123 0
119 15791 15782 0
120 7974 7970 0
121 62696 62670 0
122 31409 31396 0
123 62687 62662 0
124 31408 31396 0
125 31423 31411 0
126 15742 15736 0
127 62680 62658 0
128 31419 31409 0
129 15796 15791 0
130 15789 15785 0
131 31383 31376 0
132 31410 31405 0
133 15765 15763 0
134 7971 7970 0
135 31403 31402 0
136 7917 7917 0
137 4050 4050 1
138 76 82 0
139 47 56 0
140 125129 125119 0
141 125198 125127 0
142 125161 125159 0
143 125161 125130 0
144 62662 62648 0
145 125114 125123 0
146 125150 125147 0
147 125192 125156 0
148 62656 62650 0
149 125191 125110 0
150 62679 62679 0
151 62692 62676 0
152 125137 125136 0
153 125132 125108 0
154 125194 125183 0
155 125182 125167 0
156 125149 125122 0
157 62616 62613 0
158 125193 125195 0
159 250153 250154 0
160 250186 250117 0
161 250146 250138 0
162 62660 62660 0
163 250109 250120 0
164 125115 125112 0
165 250163 250151 0
166 250154 250143 0
167 250183 250181 0
168 125178 125111 0
169 250171 250184 0
170 250163 250183 0
171 125186 125130 0
172 250156 250140 0
173 250181 250197 0
174 62698 62700 0
175 62660 62654 0
176 250196 250165 0
177 62641 62621 0
178 250155 250171 0
179 125180 125128 0
180 250135 250116 0
181 250149 250155 0
182 250180 250161 0
183 125165 125109 0
184 250199 250135 0
185 250159 250126 0
186 250179 250186 0
187 250111 250118 0
188 250170 250101 0
189 250171 250148 0
190 250161 250161 0
191 250180 250120 0
192 250183 250184 0
193 250146 250156 0
194 500166 500115 0
195 500152 500190 0
196 500193 500177 0
197 500136 500170 0
198 500164 500171 0
199 500118 500136 0
200 500184 500199 0
201 500191 500196 0
202 500175 500166 0
203 500188 500115 0
204 500167 500178 0
205 125146 125150 0
206 500125 500141 0
207 500166 500104 0
208 500113 500143 0
209 500181 500121 0
210 500186 500154 0
211 62623 62605 0
212 500163 500193 0
213 62622 62619 0
214 62612 62612 0
215 500163 500105 0
216 500178 500118 0
217 125165 125126 0
218 500199 500180 0
219 500156 500117 0
220 500177 500180 0
221 500156 500113 0
222 500127 500123 0
223 500170 500134 0
224 500170 500108 0
225 500168 500114 0
226 500144 500118 0
227 500175 500135 0
228 500167 500145 0
229 500121 500132 0
230 125157 125119 0
231 500133 500126 0
232 125116 125115 0
233 500157 500107 0
234 500106 500120 0
235 500104 500137 0
236 500166 500158 0
237 500146 500171 0
238 125188 125130 0
239 125172 125118 0
240 125180 125126 0
241 125175 125103 0
242 125155 125106 0
243 62673 62661 0
244 125162 125164 0
245 15742 15761 0
246 7941 7959 0
247 7947 7951 0
248 15794 15796 0
249 15741 15823 0
250 15758 15820 0
251 7932 7989 0
252 15808 15821 0
253 7985 7987 0
254 7924 7973 0
255 7924 7957 0
256 7926 7970 0
257 15751 15775 0
258 15744 15814 0
259 15741 15749 0
260 15766 15812 0
261 15753 15811 0
262 7922 7943 0
263 7933 7946 0
264 15744 15781 0
265 15749 15815 0
266 7940 7965 0
267 7939 8004 0
268 15790 15823 0
269 7935 7979 0
270 15735 15756 0
271 7985 8008 0
272 7927 7968 0
273 7984 8004 0
274 7969 8001 0
275 15745 15757 0
276 500135 500177 0
277 31406 31416 0
278 31395 31422 0
279 4007 4015 0
280 31371 31382 0
281 4037 4093 0
282 4060 4084 0
283 31386 31428 0
284 4045 4083 0
285 7988 8002 0
286 4035 4049 0
287 31385 31415 0
288 4024 4096 0
289 4026 4099 0
290 4007 4098 0
291 31361 31390 0
292 31353 31411 0
293 4047 4102 0
294 31355 31401 0
295 31382 31404 0
296 31374 31415 0
297 31376 31392 0
298 31366 31407 0
299 4073 4091 0
300 31384 31413 0
301 4041 4048 0
302 31401 31436 0
303 4016 4095 0
304 4009 4016 0
305 31355 31362 0
306 31408 31417 0
307 31359 31444 0
308 31383 31410 0
309 31401 31440 0
310 31392 31423 0
311 62613 62630 0
312 4053 4104 0
313 4018 4075 0
314 4055 4065 0
315 4023 4064 0
316 62624 62654 0
317 4035 4065 0
318 62625 62639 0
319 2072 2081 0
320 2062 2090 0
321 2106 2116 0
322 62627 62658 0
323 2115 2141 0
324 62601 62651 0
325 2057 2104 0
326 2080 2147 0
327 15738 15748 0
328 62639 62692 0
329 62640 62678 0
330 2104 2143 0
331 62625 62645 0
332 62607 62662 0
333 2127 2135 0
334 62676 62697 0
335 2098 2130 0
336 62630 62645 0
337 2059 2116 0
338 62639 62664 0
339 62618 62634 0
340 2065 2091 0
341 2091 2153 0
342 2077 2134 0
343 2066 2089 0
344 2132 2143 0
345 62683 62695 0
346 2081 2094 0
347 2083 2097 0
348 62620 62634 0
349 62670 62697 0
350 62615 62668 0
351 2059 2080 0
352 2069 2087 0
353 62612 62629 0
354 2073 2132 0
355 125120 125181 0
356 125105 125172 0
357 125161 125190 0
358 125110 125186 0
359 81 100 0
360 7 37 0
361 125111 125155 0
362 18 40 0
363 75 93 0
364 125127 125189 0
365 10 91 0
366 125100 125192 0
367 11 36 0
368 11 60 0
369 125131 125175 0
370 125168 125196 0
371 77 100 0
372 125100 125177 0
373 250119 250192 0
374 250123 250151 0
375 250138 250175 0
376 48 61 0
377 250146 250192 0
378 5 69 0
379 250102 250178 0
380 250102 250184 0
381 250135 250181 0
382 250110 250147 0
383 250136 250158 0
384 250113 250192 0
385 250109 250174 0
386 250155 250197 0
387 250117 250155 0
388 8 89 0
389 65 76 0
390 250149 250195 0
391 7941 7978 0
392 15766 15779 0
393 500129 500184 0
394 35 75 0
395 15 98 0
396 500121 500171 0
397 32 77 0
398 15755 15791 0
399 7950 7974 0
--------------
1000000 :c
1004330 :sum(p)
1000000 :sum(w)
