400 :n
id p,w,x
--------------
0 8008 7937 1
1 2121 2088 1
2 86 66 1
3 4085 4014 1
4 4102 4010 1
5 2111 2083 1
6 4063 4014 1
7 2120 2069 1
8 64 43 1
9 98 52 1
10 4106 4088 1
11 2136 2115 1
12 2119 2078 1
13 4064 4049 1
14 2117 2080 1
15 2111 2089 1
16 4066 4031 1
17 2129 2093 1
18 76 52 1
19 49 30 1
20 4085 4070 1
21 2101 2067 1
22 2119 2062 1
23 4082 4014 1
24 4085 4019 1
25 91 63 1
26 4054 4016 1
27 4085 4062 1
28 2131 2113 1
29 2143 2111 1
30 2123 2054 1
31 4102 4079 1
32 65 16 1
33 4099 4065 1
34 7986 7928 1
35 4099 4066 1
36 2123 2089 1
37 4084 4009 1
38 2151 2059 1
39 67 54 1
40 2127 2081 1
41 15818 15761 1
42 72 4 1
43 7950 7919 1
44 8012 7928 1
45 7981 7955 1
46 2132 2099 1
47 7965 7942 1
48 52 14 1
49 97 25 1
50 8001 7961 1
51 2129 2080 1
52 78 60 1
53 7993 7949 1
54 2110 2079 1
55 8005 7929 1
56 15817 15739 1
57 15803 15728 1
58 7972 7927 1
59 7989 7963 1
60 7962 7938 1
61 7943 7915 1
62 8009 7977 1
63 15764 15726 1
64 15814 15768 1
65 2081 2067 1
66 15804 15769 1
67 7949 7915 1
68 15782 15730 1
69 62 8 1
70 15796 15757 1
71 56 14 1
72 7948 7913 1
73 31442 31394 1
74 15780 15757 1
75 31423 31374 1
76 15775 15751 1
77 31421 31365 1
78 49 39 1
79 83 72 1
80 60 55 0
81 37 36 0
82 2149 2141 1
83 4085 4073 1
84 4073 4064 1
85 4069 4062 1
86 2073 2070 1
87 7939 7929 1
88 62700 62622 1
89 31406 31368 1
90 15770 15751 1
91 15771 15752 1
92 31394 31357 1
93 31398 31361 1
94 31444 31408 1
95 15791 15776 1
96 15809 15794 1
97 31432 31403 1
98 15741 15728 1
99 31437 31412 1
100 31400 31378 1
101 82 36 1
102 125186 125102 1
103 125197 125116 0
104 31433 31413 0
105 125197 125175 0
106 4081 4099 0
107 3 51 0
108 125190 125112 0
109 62689 62653 0
110 31369 31351 0
111 31401 31383 0
112 31398 31381 0
113 31427 31410 0
114 8004 8003 0
115 62646 62613 0
116 62639 62607 0
117 7924 7920 1
118 7983 7979 0
119 7991 7987 0
120 8010 8006 0
121 2082 2081 0
122 62642 62612 0
123 62697 62667 0
124 31379 31365 0
125 15730 15726 0
126 15732 15729 0
127 15731 15729 0
128 15758 15756 0
129 7966 7965 0
130 15812 15811 0
131 15817 15817 0
132 4046 4047 0
133 7967 7971 0
134 7986 7991 0
135 2117 2122 0
136 2119 2126 0
137 2104 2111 0
138 88 94 0
139 39 44 0
140 41 51 0
141 18 24 0
142 62672 62651 0
143 250144 250106 0
144 250166 250106 0
145 500174 500101 0
146 62645 62631 0
147 250199 250121 0
148 250188 250131 0
149 500195 500124 0
150 250196 250131 0
151 125157 125111 0
152 125133 125110 0
153 125171 125143 0
154 62647 62619 0
155 125152 125114 0
156 31358 31354 0
157 125177 125129 0
158 250184 250139 0
159 125156 125122 0
160 125193 125158 0
161 250172 250134 0
162 250148 250117 0
163 62676 62656 0
164 125184 125150 0
165 250156 250114 0
166 250174 250121 0
167 500194 500131 0
168 31433 31425 0
169 250162 250109 0
170 62637 62629 0
171 500180 500115 0
172 62605 62674 0
173 62607 62650 0
174 31409 31444 0
175 31418 31446 0
176 500172 500111 0
177 31385 31401 0
178 62624 62688 0
179 31352 31393 0
180 62608 62647 0
181 62609 62653 0
182 62695 62696 0
183 31402 31416 0
184 62674 62673 0
185 62613 62683 0
186 62641 62690 0
187 62620 62683 0
188 62641 62690 0
189 62622 62635 0
190 62680 62700 0
191 62628 62639 0
192 62659 62686 0
193 62609 62656 0
194 31352 31362 0
195 31419 31446 0
196 62625 62673 0
197 62692 62696 0
198 62622 62629 0
199 62630 62678 0
200 15792 15808 0
201 15768 15777 0
202 62605 62611 0
203 15768 15785 0
204 62615 62616 0
205 62667 62665 0
206 15785 15787 0
207 15760 15777 0
208 62622 62666 0
209 62662 62687 0
210 62649 62665 0
211 62630 62652 0
212 125135 125176 0
213 125131 125198 0
214 125146 125148 0
215 15806 15820 0
216 125194 125199 0
217 125161 125156 0
218 125178 125176 0
219 125122 125137 0
220 125133 125131 0
221 125116 125122 0
222 125127 125167 0
223 125169 125195 0
224 125112 125100 0
225 125172 125185 0
226 125162 125192 0
227 125117 125158 0
228 15783 15784 0
229 125116 125170 0
230 125132 125134 0
231 125131 125152 0
232 125137 125154 0
233 125191 125189 0
234 125101 125186 0
235 31387 31398 0
236 125114 125197 0
237 31371 31413 0
238 125119 125199 0
239 125133 125191 0
240 250122 250106 0
241 250123 250133 0
242 250144 250153 0
243 250112 250118 0
244 250180 250196 0
245 250101 250176 0
246 7982 7988 0
247 250162 250166 0
248 250134 250174 0
249 250171 250164 0
250 31427 31425 0
251 31408 31413 0
252 250130 250127 0
253 250170 250175 0
254 250121 250156 0
255 7949 7956 0
256 250129 250156 0
257 7979 7988 0
258 7960 7972 0
259 250193 250194 0
260 7958 7964 0
261 250193 250186 0
262 250117 250180 0
263 250110 250132 0
264 250171 250156 0
265 250176 250160 0
266 7981 7993 0
267 250109 250153 0
268 250118 250166 0
269 250178 250167 0
270 7956 7962 0
271 250154 250172 0
272 250105 250119 0
273 250158 250151 0
274 250113 250168 0
275 250178 250198 0
276 500124 500118 0
277 7978 7987 0
278 500115 500119 0
279 500129 500160 0
280 500105 500134 0
281 500128 500123 0
282 500161 500144 0
283 500127 500146 0
284 500169 500115 0
285 500167 500160 0
286 500181 500161 0
287 500109 500158 0
288 500101 500158 0
289 500177 500153 0
290 500129 500139 0
291 500137 500104 0
292 500118 500126 0
293 500104 500157 0
294 500115 500123 0
295 500159 500122 0
296 31362 31377 0
297 500168 500174 0
298 500138 500180 0
299 500146 500146 0
300 500163 500109 0
301 500129 500175 0
302 500111 500105 0
303 500116 500135 0
304 500155 500169 0
305 500128 500118 0
306 500110 500109 0
307 500115 500180 0
308 500122 500102 0
309 500176 500170 0
310 500152 500193 0
311 500165 500149 0
312 500165 500157 0
313 62643 62700 0
314 31367 31407 0
315 31356 31390 0
316 31395 31430 0
317 62686 62669 0
318 250191 250101 0
319 125178 125144 0
320 125149 125107 0
321 125191 125136 0
322 250198 250142 0
323 125177 125130 0
324 4028 4076 0
325 2062 2080 0
326 2070 2133 0
327 4031 4082 0
328 4054 4089 0
329 4023 4101 0
330 4074 4103 0
331 4018 4027 0
332 4023 4059 0
333 4010 4034 0
334 4070 4094 0
335 4026 4099 0
336 2054 2122 0
337 2066 2130 0
338 2078 2127 0
339 2070 2087 0
340 2083 2116 0
341 4029 4097 0
342 4007 4069 0
343 2089 2101 0
344 4035 4057 0
345 7939 7959 0
346 4055 4087 0
347 2120 2132 0
348 2094 2137 0
349 7914 7948 0
350 2064 2116 0
351 7941 7997 0
352 7938 8001 0
353 7940 7965 0
354 7966 7988 0
355 2061 2126 0
356 7936 7952 0
357 2092 2109 0
358 4052 4065 0
359 72 83 0
360 15765 15823 0
361 15769 15811 0
362 15738 15779 0
363 30 91 0
364 15729 15777 0
365 15774 15813 0
366 15737 15802 0
367 15734 15805 0
368 26 75 0
369 15754 15817 0
370 4 83 0
371 49 69 0
372 15735 15779 0
373 4035 4066 0
374 3 86 0
375 8 82 0
376 15772 15809 0
377 15769 15813 0
378 27 89 0
379 70 84 0
380 15782 15806 0
381 4 23 0
382 31356 31405 0
383 31359 31441 0
384 47 77 0
385 31363 31442 0
386 37 92 0
387 30 79 0
388 31365 31437 0
389 2054 2153 0
390 22 37 0
391 31388 31440 0
392 31381 31443 0
393 1 87 0
394 31356 31407 0
395 4019 4101 0
396 4059 4091 0
397 19 40 0
398 4028 4058 0
399 4053 4084 0
--------------
1000000 :c
1003825 :sum(p)
999996 :sum(w)
