400 :n
id p,w,x
--------------
0 4102 4043 1
1 4106 4037 1
2 7998 7942 1
3 78 8 1
4 15820 15758 1
5 66 36 1
6 85 52 1
7 15824 15727 1
8 31441 31372 1
9 65 15 1
10 4083 4040 1
11 7986 7940 1
12 46 10 1
13 8004 7920 1
14 7971 7938 1
15 7992 7922 1
16 4089 4037 1
17 7976 7926 1
18 2102 2059 1
19 29 2 1
20 97 48 1
21 2137 2097 1
22 7994 7929 1
23 7986 7952 1
24 2120 2082 1
25 7987 7930 1
26 91 50 1
27 4050 4020 1
28 68 38 1
29 4103 4015 1
30 72 17 1
31 15821 15729 1
32 95 19 1
33 7954 7913 1
34 94 2 1
35 4079 4038 1
36 7956 7916 1
37 15811 15749 1
38 7992 7924 1
39 2128 2101 1
40 4089 4049 1
41 2101 2072 1
42 15794 15741 1
43 7972 7919 1
44 2152 2070 1
45 4097 4021 1
46 2113 2064 1
47 4051 4007 1
48 15805 15764 1
49 15792 15746 1
50 2131 2081 1
51 8005 7942 1
52 4093 4016 1
53 7998 7937 1
54 25 10 1
55 37 26 1
56 48 40 1
57 4095 4068 1
58 4093 4070 1
59 4040 4019 1
60 2101 2092 1
61 2106 2097 1
62 4076 4059 1
63 4082 4065 1
64 4091 4075 1
65 7982 7952 1
66 7984 7954 1
67 2132 2124 1
68 7971 7945 1
69 4041 4030 0
70 15811 15772 1
71 4029 4020 1
72 8007 7990 1
73 4038 4030 0
74 31440 31378 1
75 7938 7923 1
76 31411 31355 1
77 31443 31388 1
78 4045 4038 0
79 31427 31377 1
80 15751 15726 1
81 15767 15742 1
82 31427 31379 1
83 7945 7933 1
84 62699 62607 1
85 62696 62607 1
86 2141 2138 0
87 15766 15744 1
88 15770 15748 1
89 62682 62605 1
90 62687 62610 1
91 15808 15789 0
92 15820 15760 1
93 31393 31353 1
94 31387 31352 0
95 31430 31395 0
96 62673 62605 1
97 31450 31450 0
98 56 79 0
99 21 48 0
100 31401 31369 0
101 8008 8000 0
102 4034 4030 0
103 31408 31377 0
104 31428 31398 0
105 62692 62634 0
106 250197 250142 0
107 62658 62607 0
108 62671 62621 0
109 15772 15760 0
110 7982 7976 0
111 15810 15799 0
112 125189 125103 0
113 125183 125103 0
114 125186 125108 0
115 62695 62658 0
116 31415 31397 0
117 15744 15735 0
118 125192 125123 0
119 15773 15766 0
120 15818 15811 0
121 31429 31417 0
122 15750 15746 0
123 8009 8007 0
124 15757 15757 0
125 2098 2098 0
126 15792 15792 0
127 7930 7931 0
128 7946 7948 0
129 7940 7942 0
130 7959 7964 0
131 4058 4062 0
132 4049 4055 0
133 4073 4080 0
134 2071 2075 0
135 4009 4017 0
136 2054 2062 0
137 2114 2123 0
138 2084 2097 0
139 54 57 0
140 18 20 0
141 54 62 0
142 39 46 0
143 53 64 0
144 28 36 0
145 8 13 0
146 62630 62615 0
147 62695 62670 0
148 250176 250120 0
149 250189 250151 0
150 62662 62643 0
151 125159 125147 0
152 125157 125109 0
153 250139 250122 0
154 250149 250148 0
155 250180 250113 0
156 250196 250109 0
157 62646 62645 0
158 250158 250120 0
159 31376 31369 0
160 62682 62678 0
161 250137 250105 0
162 250136 250136 0
163 250188 250131 0
164 250161 250146 0
165 250170 250122 0
166 500141 500130 0
167 125169 125112 0
168 500128 500120 0
169 125193 125161 0
170 125142 125110 0
171 500176 500173 0
172 31367 31362 0
173 125157 125106 0
174 500191 500122 0
175 500187 500163 0
176 31378 31373 0
177 500193 500104 0
178 500178 500114 0
179 500189 500174 0
180 500153 500101 0
181 31442 31433 0
182 500168 500161 0
183 500111 500103 0
184 31427 31423 0
185 500176 500150 0
186 31419 31412 0
187 500179 500133 0
188 500148 500136 0
189 500175 500110 0
190 500135 500139 0
191 62619 62613 0
192 62612 62605 0
193 500180 500118 0
194 500147 500115 0
195 500183 500166 0
196 500145 500145 0
197 125116 125108 0
198 500186 500102 0
199 500175 500180 0
200 125153 125141 0
201 125140 125116 0
202 125180 125176 0
203 125183 125126 0
204 125143 125105 0
205 125145 125145 0
206 125159 125160 0
207 250158 250140 0
208 250171 250101 0
209 250188 250162 0
210 62618 62611 0
211 250143 250121 0
212 250179 250105 0
213 250187 250175 0
214 250102 250101 0
215 250174 250167 0
216 250162 250154 0
217 250178 250154 0
218 250123 250123 0
219 62636 62621 0
220 250173 250163 0
221 62628 62613 0
222 15754 15813 0
223 31395 31434 0
224 15729 15751 0
225 15746 15778 0
226 31387 31433 0
227 31368 31421 0
228 15780 15818 0
229 31430 31445 0
230 31371 31438 0
231 15740 15782 0
232 31383 31399 0
233 31407 31428 0
234 15748 15799 0
235 62646 62670 0
236 62625 62651 0
237 15757 15779 0
238 15753 15785 0
239 62643 62674 0
240 62679 62687 0
241 15726 15743 0
242 62691 62697 0
243 7917 7946 0
244 62604 62635 0
245 7926 7971 0
246 62629 62660 0
247 62633 62669 0
248 7988 8001 0
249 7917 7987 0
250 62645 62646 0
251 7948 7990 0
252 62650 62674 0
253 62602 62631 0
254 7952 7994 0
255 62625 62668 0
256 31385 31396 0
257 62669 62671 0
258 7974 7991 0
259 62603 62625 0
260 62607 62625 0
261 7951 7990 0
262 62664 62686 0
263 62663 62682 0
264 7961 7989 0
265 7937 7959 0
266 62619 62629 0
267 31415 31440 0
268 62611 62622 0
269 62647 62675 0
270 62669 62686 0
271 15733 15740 0
272 125154 125188 0
273 125112 125116 0
274 125101 125154 0
275 7969 8003 0
276 125160 125185 0
277 125112 125191 0
278 7916 7980 0
279 125126 125164 0
280 4017 4059 0
281 4011 4051 0
282 4017 4041 0
283 125114 125174 0
284 125100 125115 0
285 4020 4099 0
286 4007 4058 0
287 125163 125177 0
288 125121 125195 0
289 125112 125147 0
290 4012 4064 0
291 4061 4100 0
292 125116 125179 0
293 125145 125167 0
294 125100 125149 0
295 125147 125151 0
296 4042 4080 0
297 31368 31398 0
298 125127 125158 0
299 125110 125141 0
300 125142 125174 0
301 125180 125186 0
302 125131 125195 0
303 4013 4097 0
304 125100 125142 0
305 125146 125164 0
306 4053 4084 0
307 4017 4038 0
308 31366 31416 0
309 4013 4047 0
310 4021 4077 0
311 250116 250151 0
312 250101 250191 0
313 250117 250175 0
314 4043 4090 0
315 250149 250165 0
316 31441 31446 0
317 15812 15814 0
318 250135 250153 0
319 2113 2141 0
320 250121 250159 0
321 2059 2115 0
322 250119 250187 0
323 2070 2091 0
324 250114 250181 0
325 2064 2131 0
326 250172 250177 0
327 15738 15798 0
328 250111 250156 0
329 15799 15818 0
330 250102 250164 0
331 2096 2146 0
332 2062 2108 0
333 2063 2078 0
334 2092 2144 0
335 250143 250197 0
336 2075 2089 0
337 2080 2141 0
338 2092 2150 0
339 2080 2136 0
340 250104 250198 0
341 2089 2123 0
342 250155 250198 0
343 15811 15820 0
344 250110 250188 0
345 2083 2135 0
346 2082 2146 0
347 2112 2149 0
348 500106 500118 0
349 500118 500182 0
350 2069 2124 0
351 2061 2142 0
352 2090 2119 0
353 2101 2146 0
354 2135 2152 0
355 500168 500179 0
356 2061 2106 0
357 31351 31398 0
358 2062 2088 0
359 31359 31404 0
360 15757 15779 0
361 500124 500131 0
362 500117 500138 0
363 500102 500155 0
364 15756 15799 0
365 55 79 0
366 500119 500186 0
367 9 76 0
368 15763 15822 0
369 35 63 0
370 5 100 0
371 500123 500143 0
372 3 73 0
373 500135 500151 0
374 500102 500173 0
375 500138 500185 0
376 500118 500159 0
377 31422 31443 0
378 31370 31415 0
379 500130 500147 0
380 40 66 0
381 34 93 0
382 8 54 0
383 31362 31428 0
384 18 96 0
385 31362 31363 0
386 500170 500195 0
387 500109 500119 0
388 1 43 0
389 32 100 0
390 27 76 0
391 34 84 0
392 500112 500124 0
393 8 49 0
394 12 60 0
395 500152 500197 0
396 28 70 0
397 500112 500195 0
398 31353 31436 0
399 15777 15815 0
--------------
1000000 :c
1004136 :sum(p)
1000000 :sum(w)
