400 :n
id p,w,x
--------------
0 2127 2065 1
1 2146 2088 1
2 81 14 1
3 2135 2079 1
4 2144 2079 1
5 4072 4009 1
6 4080 4026 1
7 2127 2055 1
8 2138 2075 1
9 86 12 1
10 2146 2094 1
11 2146 2077 1
12 98 12 1
13 97 29 1
14 76 5 1
15 93 8 1
16 7996 7920 1
17 7992 7934 1
18 8005 7939 1
19 8007 7946 1
20 32 2 1
21 76 27 1
22 20 10 1
23 85 43 1
24 84 44 1
25 58 36 1
26 77 49 1
27 39 26 1
28 84 58 1
29 71 52 1
30 37 30 1
31 59 48 1
32 38 31 1
33 76 69 1
34 2148 2099 1
35 2150 2102 1
36 2124 2086 1
37 2148 2110 1
38 2148 2115 1
39 2115 2084 1
40 2135 2104 1
41 2128 2100 1
42 4064 4013 1
43 2123 2099 1
44 4074 4029 1
45 44 21 1
46 2128 2105 1
47 2099 2079 1
48 4090 4053 1
49 2131 2113 1
50 4068 4035 1
51 7978 7921 1
52 7985 7935 1
53 4036 4011 1
54 15821 15740 1
55 4077 4057 1
56 4091 4071 1
57 15800 15728 1
58 4051 4033 1
59 15799 15744 1
60 4036 4022 1
61 8007 7980 1
62 15803 15752 1
63 4077 4064 1
64 4095 4082 1
65 15779 15737 1
66 7959 7939 1
67 31439 31362 1
68 7956 7937 1
69 15807 15770 1
70 7960 7942 1
71 15777 15742 1
72 62696 62614 1
73 15796 15762 1
74 15795 15762 1
75 31437 31373 1
76 31433 31387 1
77 31399 31351 1
78 31445 31395 1
79 31444 31392 1
80 7943 7928 1
81 7950 7935 1
82 15789 15760 1
83 15785 15758 1
84 15787 15762 1
85 15782 15760 1
86 31401 31360 1
87 31414 31373 1
88 15820 15801 1
89 7922 7913 1
90 31445 31412 1
91 31424 31392 1
92 15748 15732 0
93 62688 62628 1
94 31407 31377 1
95 2085 2062 1
96 62686 62620 1
97 7948 7941 1
98 62671 62617 0
99 62665 62616 0
100 15814 15810 0
101 15803 15796 0
102 31406 31419 0
103 31415 31391 0
104 7978 7972 1
105 62690 62644 0
106 4099 4096 1
107 62696 62655 0
108 62666 62626 0
109 62687 62648 0
110 7992 7988 1
111 31379 31367 0
112 7925 7924 0
113 7977 7976 0
114 8000 7999 1
115 15797 15796 0
116 4013 4013 1
117 15753 15753 0
118 7935 7935 0
119 15755 15756 0
120 15765 15767 0
121 7985 7987 0
122 8005 8008 0
123 62683 62663 0
124 125174 125139 0
125 125142 125108 0
126 62631 62615 0
127 62626 62612 0
128 31412 31405 0
129 62695 62684 0
130 62698 62688 0
131 62687 62678 0
132 62625 62605 0
133 62698 62676 0
134 62669 62646 0
135 62622 62615 0
136 31402 31400 0
137 62672 62648 0
138 125163 125115 0
139 125169 125120 0
140 62645 62619 0
141 62670 62642 0
142 31409 31411 0
143 31361 31364 0
144 62639 62607 0
145 31432 31438 0
146 31408 31414 0
147 31365 31372 0
148 62654 62621 0
149 15781 15785 0
150 31394 31405 0
151 125176 125100 0
152 15737 15825 0
153 2127 2146 0
154 31433 31447 0
155 31413 31427 0
156 31400 31415 0
157 4074 4076 1
158 7970 7974 0
159 15786 15795 0
160 15766 15775 0
161 31426 31444 0
162 31393 31411 0
163 31354 31373 0
164 31392 31414 0
165 7933 7939 0
166 15763 15777 0
167 2065 2067 1
168 15750 15766 0
169 15734 15753 0
170 4047 4052 0
171 7955 7965 0
172 8000 8011 0
173 7979 7990 0
174 4033 4039 0
175 4031 4037 0
176 15774 15798 0
177 7993 8006 0
178 4051 4058 0
179 15766 15795 0
180 15738 15767 0
181 15766 15796 0
182 15790 15821 0
183 15761 15793 0
184 7938 7955 0
185 15762 15796 0
186 4089 4098 0
187 15781 15816 0
188 4020 4029 0
189 7965 7983 0
190 15765 15801 0
191 15748 15784 0
192 4057 4069 0
193 4023 4035 0
194 4053 4066 0
195 7930 7957 0
196 4092 4106 0
197 7942 7971 0
198 7930 7960 0
199 2084 2092 0
200 4018 4034 0
201 2056 2065 0
202 7914 7949 0
203 2093 2103 0
204 2127 2139 0
205 2120 2135 0
206 4025 4060 0
207 4045 4083 0
208 4024 4064 0
209 4021 4062 0
210 2075 2102 0
211 2085 2114 0
212 2110 2141 0
213 2103 2137 0
214 2101 2137 0
215 2081 2122 0
216 2054 2095 0
217 56 61 1
218 73 81 0
219 12 14 0
220 67 83 0
221 43 54 0
222 73 95 0
223 11 16 0
224 26 41 0
225 42 68 0
226 40 67 0
227 23 39 0
228 40 72 0
229 29 54 0
230 31 73 0
231 12 54 0
232 8 42 0
233 7 55 0
234 500157 500101 0
235 250138 250108 0
236 250200 250132 0
237 250186 250163 0
238 500199 500151 0
239 500153 500113 0
240 250154 250130 0
241 250186 250118 0
242 125146 125132 0
243 500193 500101 0
244 500198 500107 0
245 250139 250108 0
246 250155 250103 0
247 250192 250171 0
248 500173 500115 0
249 500191 500149 0
250 250200 250173 0
251 250177 250139 0
252 250193 250149 0
253 500184 500112 0
254 125185 125173 0
255 250199 250114 0
256 125167 125150 0
257 500182 500107 0
258 125176 125152 0
259 250186 250164 0
260 125152 125139 0
261 500198 500116 0
262 500165 500110 0
263 250172 250141 0
264 125175 125150 0
265 500198 500129 0
266 125139 125113 0
267 500200 500142 0
268 250194 250150 0
269 500162 500115 0
270 125190 125158 0
271 250194 250118 0
272 250194 250133 0
273 250154 250111 0
274 125100 125101 0
275 125138 125147 0
276 125154 125164 0
277 125171 125184 0
278 125158 125151 0
279 4009 4073 0
280 125105 125105 0
281 125178 125182 0
282 7927 7989 0
283 125103 125163 0
284 125136 125188 0
285 125181 125177 0
286 7937 7989 0
287 4020 4074 0
288 125155 125161 0
289 7916 7977 0
290 125111 125167 0
291 125177 125189 0
292 4014 4069 0
293 125183 125177 0
294 125109 125151 0
295 125114 125125 0
296 125148 125196 0
297 4019 4077 0
298 250107 250132 0
299 125176 125197 0
300 250141 250188 0
301 4007 4102 0
302 4018 4075 0
303 4038 4104 0
304 7941 8004 0
305 7914 8009 0
306 125123 125122 0
307 4042 4091 0
308 125119 125157 0
309 250138 250184 0
310 125140 125171 0
311 4007 4082 0
312 125149 125197 0
313 125121 125143 0
314 250159 250193 0
315 250136 250131 0
316 250121 250154 0
317 250151 250131 0
318 125131 125135 0
319 250192 250195 0
320 250150 250194 0
321 7937 7991 0
322 125128 125160 0
323 125143 125154 0
324 250110 250126 0
325 250106 250163 0
326 250103 250133 0
327 125136 125191 0
328 250129 250115 0
329 62616 62667 0
330 2060 2149 0
331 2075 2133 0
332 62693 62692 0
333 250172 250153 0
334 250103 250122 0
335 250196 250192 0
336 62605 62694 0
337 250141 250153 0
338 250155 250145 0
339 62605 62681 0
340 62622 62684 0
341 250164 250186 0
342 250114 250153 0
343 62639 62686 0
344 62660 62667 0
345 250114 250161 0
346 2057 2106 0
347 62665 62698 0
348 62662 62688 0
349 250147 250156 0
350 500139 500108 0
351 500101 500137 0
352 2084 2139 0
353 2082 2139 0
354 62617 62654 0
355 500168 500195 0
356 500142 500143 0
357 500144 500167 0
358 500148 500190 0
359 500190 500162 0
360 500101 500188 0
361 62640 62662 0
362 15727 15814 0
363 500199 500179 0
364 62665 62679 0
365 62640 62671 0
366 15765 15811 0
367 62652 62655 0
368 5 87 0
369 500146 500128 0
370 62613 62651 0
371 500147 500187 0
372 500129 500106 0
373 500154 500142 0
374 500133 500139 0
375 500113 500149 0
376 500155 500170 0
377 62614 62687 0
378 500145 500143 0
379 31401 31447 0
380 31387 31419 0
381 31394 31438 0
382 31391 31425 0
383 500115 500155 0
384 31351 31438 0
385 500177 500175 0
386 31365 31399 0
387 14 83 0
388 31369 31408 0
389 500111 500137 0
390 500171 500188 0
391 500137 500183 0
392 500103 500135 0
393 31391 31426 0
394 500161 500194 0
395 31361 31437 0
396 500167 500196 0
397 500159 500121 0
398 31355 31402 0
399 31372 31410 0
--------------
1000000 :c
1003876 :sum(p)
999997 :sum(w)
