400 :n
id p,w,x
--------------
0 15804 15740 1
1 15818 15758 1
2 98 50 1
3 15 5 1
4 89 71 1
5 84 45 1
6 99 5 1
7 78 20 1
8 86 21 1
9 63 1 1
10 57 15 1
11 48 25 1
12 49 19 1
13 47 23 1
14 93 80 1
15 94 54 1
16 15822 15731 1
17 38 8 1
18 89 12 1
19 78 1 1
20 100 62 1
21 2134 2112 1
22 2123 2057 1
23 2137 2103 1
24 2140 2098 1
25 2112 2071 1
26 2131 2080 1
27 2135 2067 1
28 2103 2069 1
29 2148 2068 1
30 2101 2061 1
31 2080 2060 1
32 2072 2057 1
33 2122 2085 1
34 2145 2114 1
35 2110 2066 1
36 2139 2128 1
37 4071 4008 1
38 4047 4015 1
39 4036 4015 1
40 4069 4043 1
41 4089 4073 1
42 4105 4084 1
43 4092 4034 1
44 4103 4066 1
45 4095 4008 1
46 4094 4058 1
47 4094 4072 1
48 4103 4065 1
49 4069 4049 1
50 4084 4045 1
51 4032 4013 1
52 7964 7916 1
53 8009 7954 1
54 7970 7927 1
55 7982 7931 1
56 7949 7918 1
57 7995 7920 1
58 7969 7920 1
59 7986 7921 1
60 7998 7913 1
61 15807 15743 1
62 15817 15747 1
63 15817 15735 1
64 4103 4089 1
65 31439 31394 1
66 15782 15741 1
67 31446 31383 1
68 7933 7918 1
69 7934 7918 1
70 8006 7990 1
71 15800 15769 1
72 8001 7978 1
73 7960 7931 1
74 31412 31355 1
75 15805 15755 1
76 4032 4018 1
77 31411 31369 1
78 31408 31361 1
79 15781 15729 1
80 31429 31385 1
81 88 85 1
82 4066 4057 1
83 4068 4059 1
84 4081 4073 1
85 4091 4084 1
86 31396 31355 1
87 7987 7977 0
88 4095 4090 1
89 31412 31374 1
90 31449 31411 1
91 15823 15805 1
92 31404 31369 1
93 15824 15807 1
94 31446 31413 1
95 15765 15749 1
96 7968 7960 1
97 31414 31384 1
98 15755 15740 0
99 15819 15804 1
100 2145 2143 0
101 22 11 1
102 62682 62621 1
103 62667 62610 1
104 62678 62622 0
105 62676 62635 0
106 62697 62692 0
107 7984 7987 0
108 15761 15779 0
109 31398 31370 0
110 31412 31384 1
111 31398 31371 0
112 62667 62614 0
113 31390 31364 0
114 31432 31408 0
115 2100 2101 0
116 62695 62649 0
117 4092 4089 1
118 62682 62637 0
119 62657 62614 0
120 62644 62602 0
121 125187 125104 0
122 62678 62639 0
123 125189 125113 0
124 62641 62604 0
125 62670 62633 0
126 15800 15791 0
127 62695 62660 0
128 31421 31404 0
129 62681 62650 0
130 62640 62612 0
131 31427 31413 0
132 125181 125128 0
133 7932 7929 0
134 7982 7979 0
135 35 35 1
136 53 53 1
137 61 63 0
138 95 100 0
139 41 46 0
140 32 37 0
141 19 24 0
142 250200 250106 0
143 125164 125125 0
144 250172 250108 0
145 125175 125143 0
146 62673 62648 0
147 31420 31411 0
148 250188 250108 0
149 15740 15735 0
150 250175 250117 0
151 125147 125116 0
152 125179 125152 0
153 31397 31391 0
154 250188 250129 0
155 62677 62665 0
156 250164 250115 0
157 250181 250119 0
158 250177 250124 0
159 62609 62602 0
160 62689 62684 0
161 62686 62676 0
162 250151 250105 0
163 125176 125171 0
164 250189 250171 0
165 125182 125159 0
166 125135 125112 0
167 125138 125122 0
168 250164 250148 0
169 500126 500106 0
170 125164 125158 0
171 125188 125170 0
172 500162 500140 0
173 125137 125115 0
174 500148 500109 0
175 500154 500123 0
176 250149 250109 0
177 500166 500146 0
178 500162 500124 0
179 500142 500113 0
180 500121 500101 0
181 500196 500148 0
182 125178 125160 0
183 500198 500155 0
184 250191 250179 0
185 250174 250147 0
186 250187 250171 0
187 250172 250157 0
188 250171 250158 0
189 250184 250154 0
190 250191 250179 0
191 500180 500149 0
192 500183 500160 0
193 500170 500131 0
194 250191 250176 0
195 31388 31384 0
196 250154 250108 0
197 7965 7964 0
198 62615 62607 0
199 500130 500111 0
200 250163 250148 0
201 62675 62659 0
202 250180 250112 0
203 15747 15743 0
204 125145 125112 0
205 31365 31355 0
206 62675 62659 0
207 125196 125157 0
208 31382 31425 0
209 250135 250182 0
210 31367 31443 0
211 15797 15800 0
212 15735 15822 0
213 31382 31390 0
214 31354 31385 0
215 31432 31446 0
216 15778 15786 0
217 31392 31410 0
218 31384 31384 0
219 15786 15801 0
220 31374 31374 0
221 15765 15800 0
222 31384 31416 0
223 15808 15819 0
224 31403 31413 0
225 15772 15784 0
226 31374 31375 0
227 15760 15819 0
228 15742 15782 0
229 15787 15788 0
230 15729 15760 0
231 15776 15811 0
232 62606 62635 0
233 15747 15782 0
234 15780 15806 0
235 15748 15780 0
236 250110 250121 0
237 15752 15776 0
238 15735 15789 0
239 31384 31406 0
240 62627 62642 0
241 7914 7976 0
242 7932 7951 0
243 7932 7971 0
244 62613 62643 0
245 7983 8007 0
246 7936 8002 0
247 7913 7957 0
248 7914 7947 0
249 7932 8003 0
250 7964 7980 0
251 62631 62650 0
252 7972 7987 0
253 62639 62682 0
254 250138 250166 0
255 62653 62677 0
256 62631 62665 0
257 7915 7959 0
258 62601 62626 0
259 7963 8008 0
260 7922 7956 0
261 62668 62666 0
262 7962 8008 0
263 7930 7950 0
264 7945 7979 0
265 7947 7951 0
266 62611 62628 0
267 62636 62647 0
268 62603 62698 0
269 7967 8011 0
270 62616 62658 0
271 62643 62660 0
272 250171 250165 0
273 250112 250161 0
274 7918 7921 0
275 62627 62652 0
276 7944 7971 0
277 62601 62601 0
278 125134 125147 0
279 250108 250142 0
280 4037 4057 0
281 4062 4065 0
282 4026 4065 0
283 4070 4078 0
284 4019 4025 0
285 4089 4105 0
286 125183 125183 0
287 4046 4104 0
288 250161 250169 0
289 250114 250115 0
290 125113 125160 0
291 4065 4096 0
292 250104 250130 0
293 250175 250199 0
294 125119 125128 0
295 125166 125185 0
296 125150 125158 0
297 250132 250176 0
298 250101 250155 0
299 250151 250200 0
300 4015 4058 0
301 500160 500169 0
302 4010 4064 0
303 4044 4106 0
304 125174 125171 0
305 4026 4033 0
306 4031 4046 0
307 125117 125157 0
308 500123 500168 0
309 125185 125184 0
310 125149 125194 0
311 125133 125194 0
312 125143 125142 0
313 4018 4062 0
314 4078 4103 0
315 125108 125188 0
316 500130 500139 0
317 4045 4097 0
318 4089 4106 0
319 125145 125153 0
320 2080 2125 0
321 2068 2150 0
322 125135 125145 0
323 125156 125169 0
324 500165 500177 0
325 31373 31385 0
326 125134 125148 0
327 2056 2145 0
328 500167 500177 0
329 2081 2119 0
330 2073 2119 0
331 500130 500178 0
332 2079 2093 0
333 2114 2125 0
334 2086 2101 0
335 2056 2083 0
336 2065 2114 0
337 2066 2146 0
338 2078 2133 0
339 500105 500167 0
340 2119 2128 0
341 2099 2149 0
342 500124 500198 0
343 2105 2138 0
344 500119 500145 0
345 500140 500169 0
346 500145 500190 0
347 2060 2081 0
348 2082 2126 0
349 500150 500156 0
350 2070 2130 0
351 2074 2134 0
352 500128 500174 0
353 2081 2125 0
354 500144 500153 0
355 125104 125106 0
356 2101 2112 0
357 500140 500165 0
358 2062 2139 0
359 500184 500193 0
360 31372 31431 0
361 500150 500171 0
362 36 92 0
363 5 25 0
364 13 38 0
365 31399 31436 0
366 52 94 0
367 58 78 0
368 15807 15820 0
369 62 91 0
370 125168 125194 0
371 125115 125162 0
372 15743 15822 0
373 13 42 0
374 250115 250186 0
375 500173 500179 0
376 500121 500169 0
377 125122 125188 0
378 32 65 0
379 125138 125172 0
380 500137 500170 0
381 500133 500147 0
382 31352 31394 0
383 500110 500152 0
384 125198 125198 0
385 500152 500186 0
386 250118 250117 0
387 500185 500198 0
388 250105 250165 0
389 500135 500183 0
390 17 78 0
391 47 96 0
392 500107 500149 0
393 22 65 0
394 37 60 0
395 250159 250150 0
396 22 65 0
397 15752 15784 0
398 31363 31422 0
399 15748 15750 0
--------------
1000000 :c
1003981 :sum(p)
1000000 :sum(w)
