400 :n
id p,w,x
--------------
0 53 39 1
1 99 37 1
2 2125 2063 1
3 74 15 1
4 2153 2099 1
5 92 13 1
6 2141 2064 1
7 2147 2100 1
8 74 7 1
9 96 37 1
10 65 57 1
11 97 58 1
12 96 74 1
13 29 19 1
14 60 38 1
15 92 47 1
16 99 44 1
17 67 27 1
18 71 48 1
19 60 44 1
20 47 9 1
21 93 21 1
22 92 68 1
23 67 28 1
24 60 46 1
25 7966 7933 1
26 8010 7958 1
27 4066 4026 1
28 4032 4009 1
29 7959 7927 1
30 15822 15738 1
31 15809 15740 1
32 4070 4019 1
33 4078 4020 1
34 4099 4074 1
35 4062 4044 1
36 4079 4033 1
37 4058 4021 1
38 4083 4027 1
39 7981 7939 1
40 4065 4049 1
41 4066 4012 1
42 4075 4052 1
43 4041 4008 1
44 2085 2059 1
45 2117 2074 1
46 7971 7924 1
47 2102 2086 1
48 4044 4014 1
49 4067 4011 1
50 2153 2138 1
51 2076 2054 1
52 2118 2106 1
53 2107 2067 1
54 2100 2060 1
55 8000 7923 1
56 2096 2060 1
57 7995 7927 1
58 2068 2054 1
59 15818 15756 1
60 7980 7939 1
61 4085 4015 1
62 4089 4071 1
63 2128 2097 1
64 7987 7937 1
65 8005 7933 1
66 7962 7937 1
67 15811 15772 1
68 8009 7978 1
69 7939 7913 1
70 31440 31364 1
71 7995 7974 1
72 15824 15781 1
73 15825 15778 1
74 15806 15747 1
75 15816 15766 1
76 8000 7975 1
77 15817 15766 1
78 31442 31372 1
79 15794 15743 1
80 4078 4063 1
81 15815 15769 1
82 92 91 1
83 2123 2115 1
84 2107 2100 1
85 2110 2103 1
86 4028 4018 1
87 15817 15782 1
88 31438 31370 1
89 31421 31357 1
90 15766 15734 1
91 7933 7917 1
92 31437 31374 1
93 15814 15783 1
94 7943 7928 1
95 31413 31355 1
96 31449 31393 1
97 15787 15764 1
98 7945 7934 1
99 7978 7967 0
100 31448 31405 1
101 7933 7923 0
102 62682 62605 1
103 62694 62617 1
104 4094 4089 0
105 89 79 1
106 31408 31370 1
107 31430 31362 1
108 62672 62601 0
109 62691 62622 0
110 62700 62631 1
111 31449 31443 0
112 15756 15802 0
113 62672 62606 0
114 31401 31368 0
115 31405 31375 0
116 31418 31391 0
117 62665 62614 0
118 4082 4079 1
119 31401 31378 0
120 7918 7913 0
121 4078 4077 0
122 68 68 0
123 2076 2076 0
124 4088 4089 0
125 2126 2127 0
126 2088 2089 0
127 2106 2108 0
128 2115 2118 0
129 57 58 0
130 70 75 0
131 48 53 0
132 36 41 0
133 125188 125159 0
134 250197 250113 0
135 250195 250112 0
136 250198 250135 0
137 125159 125123 0
138 31412 31398 0
139 250193 250114 0
140 250192 250116 0
141 125174 125122 0
142 31398 31387 0
143 125171 125104 0
144 125166 125123 0
145 62698 62677 0
146 62660 62631 0
147 31388 31376 0
148 250169 250119 0
149 125159 125138 0
150 250155 250110 0
151 31395 31389 0
152 250193 250150 0
153 500195 500125 0
154 250148 250104 0
155 250171 250131 0
156 62679 62636 0
157 62666 62630 0
158 500184 500118 0
159 62651 62651 0
160 500143 500181 0
161 125197 125198 0
162 500167 500146 0
163 125176 125168 0
164 125152 125136 0
165 62690 62690 0
166 125137 125134 0
167 125151 125149 0
168 125121 125108 0
169 125114 125106 0
170 125113 125104 0
171 125159 125158 0
172 125167 125169 0
173 125122 125116 0
174 500102 500132 0
175 125194 125190 0
176 500161 500146 0
177 125145 125137 0
178 500160 500105 0
179 500150 500162 0
180 250135 250122 0
181 500113 500106 0
182 250196 250184 0
183 250135 250127 0
184 250160 250166 0
185 500138 500127 0
186 500116 500134 0
187 250109 250113 0
188 500167 500170 0
189 250105 250103 0
190 500195 500184 0
191 250140 250107 0
192 500152 500153 0
193 62647 62643 0
194 250128 250143 0
195 7988 7988 0
196 250148 250154 0
197 250117 250102 0
198 31443 31439 0
199 250198 250175 0
200 500157 500140 0
201 250138 250127 0
202 250157 250124 0
203 250179 250177 0
204 250115 250121 0
205 250151 250129 0
206 500148 500168 0
207 250121 250131 0
208 500103 500117 0
209 250114 250117 0
210 500146 500135 0
211 500170 500191 0
212 500115 500127 0
213 500123 500111 0
214 7937 7936 0
215 500163 500179 0
216 500156 500131 0
217 500169 500169 0
218 500195 500169 0
219 500148 500163 0
220 500131 500124 0
221 500190 500124 0
222 500136 500128 0
223 500143 500109 0
224 62667 62659 0
225 62649 62641 0
226 125182 125101 0
227 125171 125101 0
228 62667 62626 0
229 62644 62603 0
230 31428 31408 0
231 15805 15794 0
232 62647 62631 0
233 125134 125105 0
234 125174 125142 0
235 15752 15754 0
236 15779 15781 0
237 15782 15814 0
238 15742 15780 0
239 7930 7955 0
240 15750 15767 0
241 7915 7944 0
242 7915 7945 0
243 7920 7942 0
244 15764 15819 0
245 15754 15790 0
246 15738 15774 0
247 15744 15802 0
248 15772 15774 0
249 15752 15800 0
250 15778 15825 0
251 500124 500163 0
252 7941 7982 0
253 31412 31442 0
254 31403 31415 0
255 7944 8010 0
256 7962 7989 0
257 31373 31436 0
258 31358 31438 0
259 7981 7987 0
260 31440 31445 0
261 31369 31388 0
262 7987 8004 0
263 7953 7954 0
264 7993 8007 0
265 31354 31414 0
266 31412 31422 0
267 7962 7996 0
268 31357 31419 0
269 7933 7984 0
270 7959 7985 0
271 7995 8001 0
272 31383 31406 0
273 31405 31426 0
274 31377 31419 0
275 31365 31396 0
276 7950 7971 0
277 7957 7983 0
278 31377 31414 0
279 31396 31436 0
280 4017 4067 0
281 31382 31430 0
282 31370 31444 0
283 4027 4042 0
284 4013 4098 0
285 31365 31383 0
286 31389 31405 0
287 62656 62688 0
288 62620 62656 0
289 4051 4089 0
290 4032 4070 0
291 62661 62678 0
292 62623 62687 0
293 4022 4028 0
294 62603 62630 0
295 62602 62651 0
296 15774 15780 0
297 62609 62651 0
298 4030 4087 0
299 62653 62673 0
300 62623 62692 0
301 62604 62611 0
302 62612 62637 0
303 4074 4080 0
304 62628 62665 0
305 62664 62693 0
306 4010 4054 0
307 62605 62664 0
308 4069 4091 0
309 62641 62696 0
310 4052 4090 0
311 62641 62661 0
312 4027 4088 0
313 62667 62688 0
314 4042 4048 0
315 4039 4098 0
316 4038 4091 0
317 4028 4030 0
318 4039 4053 0
319 62641 62684 0
320 62631 62639 0
321 62606 62656 0
322 2085 2091 0
323 15741 15766 0
324 62610 62624 0
325 125142 125164 0
326 2058 2066 0
327 2058 2068 0
328 2105 2148 0
329 2137 2141 0
330 2098 2134 0
331 15740 15813 0
332 2075 2102 0
333 2066 2145 0
334 125131 125189 0
335 2076 2095 0
336 15773 15803 0
337 125112 125173 0
338 125100 125133 0
339 2061 2108 0
340 125105 125177 0
341 2058 2108 0
342 125105 125160 0
343 125162 125198 0
344 125121 125156 0
345 125134 125145 0
346 125140 125162 0
347 2070 2127 0
348 125107 125139 0
349 2116 2135 0
350 2091 2137 0
351 2056 2153 0
352 15774 15821 0
353 125138 125160 0
354 2104 2119 0
355 125117 125136 0
356 125139 125152 0
357 125116 125140 0
358 2070 2099 0
359 125115 125135 0
360 68 82 0
361 20 41 0
362 45 64 0
363 15811 15822 0
364 125135 125163 0
365 250147 250196 0
366 250141 250189 0
367 250112 250148 0
368 250126 250146 0
369 250136 250198 0
370 26 48 0
371 40 78 0
372 250120 250186 0
373 250176 250196 0
374 250130 250154 0
375 14 55 0
376 250137 250187 0
377 250104 250156 0
378 250120 250168 0
379 250116 250143 0
380 500116 500170 0
381 500147 500191 0
382 500131 500199 0
383 500146 500199 0
384 500101 500189 0
385 63 95 0
386 22 79 0
387 27 43 0
388 500134 500176 0
389 15782 15813 0
390 15769 15805 0
391 500118 500162 0
392 54 64 0
393 41 92 0
394 500121 500176 0
395 500127 500176 0
396 15748 15807 0
397 57 94 0
398 15798 15822 0
399 15789 15818 0
--------------
1000000 :c
1004290 :sum(p)
1000000 :sum(w)
