400 :n
id p,w,x
--------------
0 15820 15766 1
1 15784 15736 1
2 15802 15740 1
3 15800 15740 1
4 49 18 1
5 68 45 1
6 90 70 1
7 84 3 1
8 60 23 1
9 15802 15749 1
10 98 50 1
11 78 36 1
12 31 12 1
13 15816 15734 1
14 89 21 1
15 90 37 1
16 62 37 1
17 97 45 1
18 89 14 1
19 2147 2074 1
20 2128 2102 1
21 2122 2071 1
22 2140 2056 1
23 2134 2109 1
24 2140 2101 1
25 2137 2080 1
26 15810 15754 1
27 2150 2061 1
28 2147 2101 1
29 15798 15739 1
30 2111 2056 1
31 2096 2054 1
32 7981 7919 1
33 2134 2097 1
34 2126 2090 1
35 2139 2062 1
36 2134 2065 1
37 2122 2098 1
38 2122 2080 1
39 2143 2118 1
40 2130 2055 1
41 2127 2067 1
42 8003 7972 1
43 7989 7921 1
44 4059 4024 1
45 4075 4044 1
46 7987 7937 1
47 4034 4010 1
48 4106 4051 1
49 8007 7972 1
50 7979 7945 1
51 7987 7924 1
52 7991 7958 1
53 7983 7949 1
54 7974 7927 1
55 7975 7934 1
56 62690 62616 1
57 31432 31361 1
58 15813 15768 1
59 15800 15761 1
60 62684 62602 1
61 63 56 1
62 40 37 1
63 71 70 1
64 80 79 1
65 2109 2094 1
66 2075 2063 1
67 4034 4012 1
68 4054 4032 1
69 2100 2090 1
70 4039 4023 1
71 4095 4081 1
72 7978 7957 1
73 7990 7970 1
74 2118 2113 1
75 4069 4060 1
76 2088 2084 1
77 15800 15770 1
78 7948 7936 1
79 2103 2100 1
80 7932 7921 1
81 31412 31371 1
82 31414 31373 1
83 31420 31380 1
84 31441 31401 1
85 4015 4010 1
86 4027 4022 1
87 7924 7915 1
88 31424 31389 1
89 15777 15760 1
90 31426 31393 1
91 31429 31397 1
92 8012 8004 1
93 4088 4084 1
94 71 19 1
95 2062 2060 0
96 31411 31357 1
97 62665 62601 1
98 62693 62638 1
99 62681 62628 0
100 15806 15794 1
101 62698 62652 0
102 4026 4023 0
103 31437 31429 0
104 500139 500194 0
105 62675 62628 0
106 4058 4055 1
107 31396 31374 0
108 15757 15746 1
109 2108 2118 0
110 62657 62615 0
111 125190 125114 0
112 62643 62605 0
113 62673 62638 0
114 62675 62640 0
115 15789 15781 0
116 4035 4033 0
117 31432 31417 0
118 31410 31396 0
119 125195 125140 0
120 125196 125142 0
121 62629 62603 0
122 125150 125100 0
123 31405 31393 0
124 15799 15793 0
125 125182 125136 0
126 62674 62652 0
127 31388 31377 0
128 250194 250112 0
129 125162 125121 0
130 250187 250108 0
131 62674 62655 0
132 125153 125116 0
133 31404 31395 0
134 250172 250101 0
135 125199 125165 0
136 62681 62664 0
137 4053 4052 0
138 15798 15796 0
139 15805 15804 0
140 12 12 1
141 4072 4072 1
142 7975 7978 0
143 7931 7935 0
144 7992 7998 0
145 4091 4095 0
146 4081 4087 0
147 4072 4078 0
148 4059 4065 0
149 4092 4099 0
150 2077 2085 0
151 95 98 1
152 89 94 0
153 73 83 0
154 55 67 0
155 45 57 0
156 12 19 0
157 125126 125131 0
158 500164 500177 0
159 125171 125166 0
160 125193 125195 0
161 500136 500120 0
162 500193 500160 0
163 31367 31361 0
164 500192 500194 0
165 500105 500119 0
166 31412 31408 0
167 31424 31421 0
168 500169 500148 0
169 125160 125157 0
170 250150 250125 0
171 500177 500170 0
172 125137 125124 0
173 31430 31430 0
174 250139 250110 0
175 500165 500127 0
176 500197 500145 0
177 250141 250146 0
178 125143 125117 0
179 62648 62637 0
180 31429 31425 0
181 500148 500133 0
182 500141 500148 0
183 125176 125144 0
184 250159 250137 0
185 31403 31400 0
186 250187 250178 0
187 250160 250173 0
188 500182 500139 0
189 500192 500111 0
190 500140 500148 0
191 500135 500114 0
192 31388 31386 0
193 500127 500108 0
194 500197 500174 0
195 250148 250136 0
196 500184 500104 0
197 31427 31428 0
198 250167 250111 0
199 250107 250115 0
200 250184 250124 0
201 250179 250171 0
202 500124 500147 0
203 500131 500111 0
204 250154 250110 0
205 62688 62671 0
206 250126 250123 0
207 62681 62673 0
208 250167 250134 0
209 62638 62629 0
210 500188 500145 0
211 62678 62673 0
212 250132 250112 0
213 500139 500163 0
214 125188 125191 0
215 500127 500137 0
216 62682 62669 0
217 125143 125119 0
218 500176 500117 0
219 125148 125141 0
220 250176 250135 0
221 125127 125113 0
222 62683 62667 0
223 31357 31406 0
224 250102 250135 0
225 15753 15825 0
226 15797 15823 0
227 15755 15819 0
228 31363 31392 0
229 31360 31371 0
230 15738 15815 0
231 31423 31445 0
232 15735 15736 0
233 31411 31428 0
234 15733 15802 0
235 31356 31448 0
236 15730 15813 0
237 15736 15806 0
238 15760 15792 0
239 7966 7988 0
240 15727 15728 0
241 7963 8004 0
242 31363 31414 0
243 7930 7982 0
244 31357 31424 0
245 7918 8012 0
246 31405 31439 0
247 7932 7947 0
248 7952 7969 0
249 250113 250197 0
250 31364 31429 0
251 7927 7955 0
252 7954 7966 0
253 7924 7956 0
254 7915 7975 0
255 7961 7974 0
256 7965 7975 0
257 7914 7949 0
258 250168 250196 0
259 31387 31401 0
260 31353 31435 0
261 250164 250195 0
262 31377 31379 0
263 250127 250199 0
264 250111 250169 0
265 7950 8004 0
266 250111 250190 0
267 31351 31376 0
268 7973 8008 0
269 7981 8004 0
270 7953 8010 0
271 31370 31399 0
272 7951 8005 0
273 31372 31382 0
274 250114 250179 0
275 62621 62650 0
276 7927 7984 0
277 7952 7985 0
278 250158 250173 0
279 62647 62698 0
280 4019 4104 0
281 62613 62667 0
282 62665 62690 0
283 4045 4063 0
284 4068 4093 0
285 62610 62647 0
286 4024 4106 0
287 15759 15777 0
288 4092 4102 0
289 4016 4054 0
290 15726 15794 0
291 4086 4100 0
292 4013 4081 0
293 62626 62676 0
294 62617 62679 0
295 62634 62682 0
296 62612 62681 0
297 4051 4071 0
298 4013 4038 0
299 15808 15819 0
300 62670 62700 0
301 62606 62687 0
302 4007 4046 0
303 4034 4049 0
304 62608 62629 0
305 62674 62679 0
306 4026 4100 0
307 15778 15790 0
308 4041 4054 0
309 4060 4099 0
310 4052 4103 0
311 62667 62696 0
312 62611 62635 0
313 250124 250152 0
314 4065 4099 0
315 15774 15787 0
316 4079 4089 0
317 62640 62691 0
318 250168 250197 0
319 62655 62669 0
320 2058 2083 0
321 2075 2104 0
322 62640 62662 0
323 125131 125172 0
324 500165 500196 0
325 125177 125191 0
326 500105 500143 0
327 125138 125193 0
328 125104 125173 0
329 2112 2151 0
330 15783 15822 0
331 500115 500174 0
332 125126 125196 0
333 125147 125171 0
334 500142 500174 0
335 2090 2140 0
336 500131 500195 0
337 125163 125195 0
338 500155 500188 0
339 2070 2117 0
340 125166 125193 0
341 125108 125155 0
342 125103 125125 0
343 2059 2072 0
344 2099 2125 0
345 500144 500176 0
346 2098 2112 0
347 125111 125138 0
348 500106 500147 0
349 2083 2144 0
350 125143 125189 0
351 125106 125128 0
352 15757 15815 0
353 125148 125198 0
354 2103 2134 0
355 2075 2143 0
356 500144 500188 0
357 125118 125131 0
358 500147 500199 0
359 125120 125182 0
360 15748 15782 0
361 500118 500186 0
362 125108 125127 0
363 38 53 0
364 250107 250160 0
365 57 98 0
366 250103 250130 0
367 19 88 0
368 125108 125195 0
369 125126 125149 0
370 15750 15764 0
371 11 59 0
372 28 75 0
373 10 67 0
374 500144 500182 0
375 500134 500171 0
376 3 43 0
377 125162 125183 0
378 125179 125199 0
379 65 91 0
380 21 92 0
381 15731 15821 0
382 52 68 0
383 250165 250196 0
384 500139 500195 0
385 500110 500146 0
386 250101 250146 0
387 250139 250166 0
388 250126 250194 0
389 6 60 0
390 51 86 0
391 250106 250148 0
392 26 41 0
393 250104 250118 0
394 39 94 0
395 250145 250165 0
396 34 56 0
397 250111 250199 0
398 15746 15784 0
399 15727 15779 0
--------------
1000000 :c
1003830 :sum(p)
1000000 :sum(w)
