400 :n
id p,w,x
--------------
0 4101 4039 1
1 4096 4047 1
2 52 7 1
3 68 51 1
4 72 59 1
5 93 79 1
6 46 15 1
7 30 1 1
8 100 64 1
9 91 37 1
10 41 20 1
11 91 17 1
12 41 29 1
13 72 55 1
14 82 47 1
15 4089 4010 1
16 4099 4036 1
17 78 11 1
18 99 63 1
19 31 7 1
20 75 36 1
21 96 30 1
22 4044 4014 1
23 75 55 1
24 2111 2062 1
25 2096 2076 1
26 2094 2066 1
27 2112 2058 1
28 2130 2068 1
29 2134 2091 1
30 7991 7937 1
31 7987 7922 1
32 7975 7926 1
33 2110 2058 1
34 4084 4023 1
35 2119 2089 1
36 2130 2068 1
37 2147 2077 1
38 2146 2074 1
39 2116 2093 1
40 2147 2101 1
41 2149 2131 1
42 2140 2065 1
43 2126 2065 1
44 2118 2062 1
45 2111 2082 1
46 2106 2066 1
47 2124 2079 1
48 2089 2064 1
49 2115 2097 1
50 4081 4024 1
51 4091 4061 1
52 4090 4032 1
53 4098 4027 1
54 4097 4014 1
55 4106 4019 1
56 4096 4018 1
57 4047 4012 1
58 8004 7966 1
59 15805 15741 1
60 15791 15755 1
61 15787 15727 1
62 15807 15727 1
63 4059 4039 1
64 4077 4056 1
65 31444 31366 1
66 4044 4028 1
67 15797 15748 1
68 15803 15727 1
69 7957 7925 1
70 15823 15764 1
71 15823 15775 1
72 7944 7924 1
73 15793 15728 1
74 15819 15774 1
75 15791 15751 1
76 2 1 0
77 18 11 1
78 15 10 1
79 2146 2135 1
80 2074 2068 1
81 2097 2091 1
82 31427 31357 1
83 31443 31374 1
84 15799 15767 1
85 15820 15788 1
86 4041 4033 1
87 31417 31355 1
88 31432 31373 1
89 8003 7989 1
90 31427 31373 1
91 4087 4080 1
92 15780 15753 1
93 15781 15754 1
94 31430 31380 1
95 62697 62610 1
96 7938 7927 1
97 7981 7970 1
98 7957 7947 1
99 62680 62603 1
100 15786 15767 1
101 31445 31408 1
102 63 10 1
103 62677 62603 1
104 15761 15738 1
105 62697 62627 1
106 31406 31372 0
107 31408 31375 0
108 62693 62658 0
109 15793 15779 0
110 500160 500195 0
111 7959 7951 1
112 2090 2088 1
113 31400 31370 0
114 31417 31388 0
115 4048 4048 0
116 15775 15761 0
117 7975 7968 1
118 62673 62618 0
119 31409 31383 0
120 15742 15730 0
121 7939 7933 0
122 15758 15747 0
123 8001 7996 0
124 15744 15736 0
125 15773 15766 0
126 15767 15762 0
127 4036 4035 1
128 4087 4086 0
129 7936 7935 0
130 7964 7963 0
131 2127 2127 0
132 2126 2126 0
133 2055 2060 0
134 62678 62653 0
135 62682 62662 0
136 62683 62662 0
137 125189 125114 0
138 31425 31410 0
139 125190 125140 0
140 31387 31375 0
141 31387 31369 0
142 62633 62604 0
143 62669 62634 0
144 125183 125117 0
145 62687 62662 0
146 62676 62648 0
147 31378 31366 0
148 62674 62637 0
149 31423 31403 0
150 125190 125111 0
151 62681 62660 0
152 125168 125109 0
153 62670 62641 0
154 62654 62610 0
155 31445 31428 0
156 125192 125114 0
157 62606 62664 0
158 62603 62686 0
159 62603 62619 0
160 62624 62638 0
161 62601 62669 0
162 31394 31396 0
163 62639 62637 0
164 31376 31424 0
165 31420 31447 0
166 31364 31372 0
167 62631 62638 0
168 31396 31442 0
169 31367 31368 0
170 62651 62694 0
171 62614 62645 0
172 31353 31428 0
173 31411 31421 0
174 62636 62692 0
175 31400 31429 0
176 31432 31448 0
177 62619 62675 0
178 62616 62683 0
179 31384 31391 0
180 31362 31362 0
181 31437 31440 0
182 62644 62642 0
183 31352 31353 0
184 125104 125188 0
185 125138 125175 0
186 31403 31423 0
187 125150 125129 0
188 31361 31409 0
189 31363 31358 0
190 31366 31365 0
191 125140 125161 0
192 31390 31427 0
193 125112 125147 0
194 125119 125147 0
195 31355 31399 0
196 125129 125165 0
197 125152 125187 0
198 31352 31361 0
199 125126 125143 0
200 15732 15755 0
201 15727 15747 0
202 125104 125136 0
203 15791 15822 0
204 15748 15786 0
205 125149 125113 0
206 15765 15822 0
207 125103 125177 0
208 15754 15777 0
209 125123 125106 0
210 125179 125190 0
211 15726 15806 0
212 125101 125167 0
213 125124 125124 0
214 15760 15774 0
215 15752 15754 0
216 125190 125175 0
217 15741 15795 0
218 125136 125112 0
219 125155 125141 0
220 125145 125138 0
221 15769 15810 0
222 125172 125145 0
223 125143 125159 0
224 125179 125164 0
225 125179 125149 0
226 15741 15743 0
227 125160 125148 0
228 125122 125174 0
229 125143 125129 0
230 125117 125195 0
231 15728 15771 0
232 125157 125144 0
233 125113 125195 0
234 125112 125137 0
235 125139 125177 0
236 15753 15762 0
237 15758 15773 0
238 15744 15801 0
239 7914 8007 0
240 7950 7983 0
241 62602 62607 0
242 125133 125190 0
243 125114 125122 0
244 7921 7988 0
245 7918 7962 0
246 250187 250124 0
247 250169 250182 0
248 250108 250196 0
249 7943 8004 0
250 7914 7946 0
251 7937 7961 0
252 62637 62620 0
253 7916 7973 0
254 250102 250102 0
255 250189 250183 0
256 250185 250155 0
257 7922 8011 0
258 250145 250143 0
259 7938 8004 0
260 250109 250143 0
261 7959 7988 0
262 7915 7979 0
263 7984 8006 0
264 7934 7965 0
265 250156 250190 0
266 7927 7973 0
267 250158 250183 0
268 7948 7975 0
269 7967 7997 0
270 7955 7966 0
271 250143 250126 0
272 7959 7971 0
273 7926 7960 0
274 7964 7975 0
275 7916 7967 0
276 7957 8006 0
277 250102 250112 0
278 7961 7969 0
279 250172 250115 0
280 250148 250104 0
281 250164 250194 0
282 250177 250172 0
283 4055 4100 0
284 62628 62620 0
285 4034 4100 0
286 4040 4104 0
287 4045 4067 0
288 4040 4066 0
289 62629 62643 0
290 4078 4089 0
291 250160 250115 0
292 250122 250135 0
293 4046 4102 0
294 250111 250179 0
295 250175 250181 0
296 62686 62668 0
297 4056 4082 0
298 4012 4086 0
299 250181 250179 0
300 4012 4076 0
301 250122 250167 0
302 250152 250164 0
303 250175 250125 0
304 4050 4101 0
305 4028 4052 0
306 250177 250188 0
307 4029 4081 0
308 4007 4063 0
309 250122 250122 0
310 250185 250150 0
311 4033 4098 0
312 4060 4081 0
313 250171 250182 0
314 250123 250135 0
315 4013 4036 0
316 250175 250196 0
317 250140 250128 0
318 4028 4065 0
319 250131 250106 0
320 250126 250108 0
321 2063 2143 0
322 250128 250181 0
323 250107 250151 0
324 250132 250159 0
325 2117 2150 0
326 2060 2117 0
327 250152 250114 0
328 250109 250133 0
329 2111 2124 0
330 2062 2108 0
331 250174 250146 0
332 62681 62669 0
333 250123 250139 0
334 500107 500166 0
335 62676 62666 0
336 2067 2140 0
337 500107 500188 0
338 500141 500146 0
339 500178 500147 0
340 500148 500110 0
341 500123 500111 0
342 500106 500114 0
343 500110 500115 0
344 500159 500113 0
345 62683 62665 0
346 2116 2146 0
347 500149 500165 0
348 500130 500109 0
349 2108 2118 0
350 500132 500164 0
351 2071 2147 0
352 500173 500156 0
353 500109 500138 0
354 500102 500102 0
355 2061 2143 0
356 500124 500114 0
357 2076 2131 0
358 500120 500138 0
359 500180 500125 0
360 37 55 0
361 500144 500183 0
362 500148 500167 0
363 500171 500191 0
364 500169 500179 0
365 44 80 0
366 500171 500172 0
367 500140 500137 0
368 37 49 0
369 13 34 0
370 500143 500140 0
371 500136 500143 0
372 75 89 0
373 500190 500193 0
374 500187 500174 0
375 500104 500103 0
376 1 87 0
377 500122 500153 0
378 34 75 0
379 41 69 0
380 36 88 0
381 1 44 0
382 500132 500136 0
383 13 100 0
384 500178 500178 0
385 54 78 0
386 500182 500113 0
387 500134 500131 0
388 500129 500103 0
389 32 97 0
390 26 75 0
391 500196 500146 0
392 57 92 0
393 500159 500165 0
394 500146 500131 0
395 3 96 0
396 500124 500148 0
397 16 31 0
398 62661 62683 0
399 62609 62697 0
--------------
1000000 :c
1004522 :sum(p)
1000000 :sum(w)
