400 :n
id p,w,x
--------------
0 99 64 1
1 50 6 1
2 7985 7917 1
3 89 54 1
4 8009 7915 1
5 4105 4070 1
6 4092 4015 1
7 4100 4035 1
8 4095 4056 1
9 4080 4040 1
10 86 56 1
11 4087 4013 1
12 80 55 1
13 4086 4013 1
14 4091 4029 1
15 4090 4026 1
16 4080 4008 1
17 4098 4057 1
18 2123 2083 1
19 2094 2064 1
20 2131 2068 1
21 2123 2068 1
22 2130 2059 1
23 2109 2063 1
24 2099 2067 1
25 2100 2072 1
26 2111 2079 1
27 7987 7924 1
28 2141 2082 1
29 65 14 1
30 100 2 1
31 51 38 1
32 55 43 1
33 84 22 1
34 91 9 1
35 86 59 1
36 50 21 1
37 42 14 1
38 100 50 1
39 100 86 1
40 25 7 1
41 31436 31362 1
42 15813 15775 1
43 31427 31353 1
44 31430 31365 1
45 31431 31361 1
46 15806 15734 1
47 15805 15745 1
48 4078 4056 1
49 8012 7960 1
50 7981 7954 1
51 7968 7929 1
52 8008 7985 1
53 8003 7941 1
54 8010 7953 1
55 4093 4075 1
56 7959 7920 1
57 7985 7955 1
58 4036 4010 1
59 4061 4041 1
60 7988 7930 1
61 15793 15748 1
62 8011 7963 1
63 15796 15738 1
64 15809 15758 1
65 15780 15741 1
66 7977 7915 1
67 15813 15756 1
68 4060 4033 1
69 4101 4080 1
70 15815 15772 1
71 8000 7949 1
72 31443 31352 1
73 7992 7970 1
74 15799 15754 1
75 4079 4052 1
76 31444 31357 1
77 15793 15741 1
78 20 10 1
79 59 48 1
80 41 34 1
81 75 70 1
82 16 15 1
83 2086 2073 1
84 2124 2111 1
85 2124 2115 1
86 4047 4033 1
87 4060 4050 1
88 2065 2060 0
89 15817 15783 1
90 7979 7962 1
91 4025 4017 0
92 4034 4026 0
93 4048 4040 1
94 2080 2076 1
95 15789 15760 1
96 15786 15759 1
97 15762 15736 1
98 7997 7985 1
99 31414 31369 1
100 31439 31398 1
101 2150 2140 1
102 15755 15735 1
103 15786 15766 1
104 62699 62626 1
105 31413 31377 1
106 15769 15751 0
107 2113 2055 1
108 31413 31367 1
109 62696 62627 1
110 31407 31373 1
111 62698 62631 0
112 62699 62678 0
113 4080 4077 0
114 37 52 0
115 62666 62603 0
116 62662 62604 0
117 31423 31395 0
118 15819 15805 0
119 7965 7958 0
120 125191 125110 0
121 62661 62606 0
122 62687 62637 0
123 62689 62640 0
124 15760 15748 0
125 62685 62639 0
126 31439 31417 0
127 31398 31377 0
128 7982 7977 0
129 31401 31385 0
130 15792 15784 0
131 4068 4066 0
132 2088 2087 0
133 15789 15782 0
134 31402 31392 0
135 7975 7974 0
136 4032 4032 0
137 7997 7998 0
138 2127 2134 0
139 67 70 0
140 11 20 0
141 250173 250102 0
142 62621 62602 0
143 125167 125134 0
144 250191 250113 0
145 250169 250103 0
146 125187 125125 0
147 250200 250129 0
148 62672 62647 0
149 125158 125114 0
150 125188 125114 0
151 62631 62612 0
152 62674 62641 0
153 125195 125149 0
154 125142 125102 0
155 125189 125121 0
156 125151 125100 0
157 62677 62677 0
158 500192 500199 0
159 31442 31437 0
160 500102 500121 0
161 500114 500106 0
162 31410 31411 0
163 500187 500174 0
164 500124 500156 0
165 62678 62678 0
166 500188 500104 0
167 62687 62691 0
168 62681 62667 0
169 500179 500114 0
170 500189 500171 0
171 62679 62674 0
172 62628 62623 0
173 500147 500105 0
174 500189 500154 0
175 500117 500156 0
176 500195 500171 0
177 500199 500160 0
178 62669 62666 0
179 500161 500127 0
180 500182 500163 0
181 125122 125116 0
182 500192 500129 0
183 500104 500105 0
184 500169 500191 0
185 500112 500152 0
186 500190 500154 0
187 125151 125155 0
188 500182 500103 0
189 125160 125169 0
190 125145 125152 0
191 31366 31364 0
192 500151 500101 0
193 125158 125141 0
194 125170 125155 0
195 500182 500181 0
196 500132 500167 0
197 500164 500103 0
198 500151 500183 0
199 500192 500147 0
200 500142 500111 0
201 125182 125165 0
202 125137 125137 0
203 125150 125134 0
204 125191 125171 0
205 125118 125117 0
206 500185 500140 0
207 500193 500107 0
208 500149 500108 0
209 500121 500153 0
210 125109 125119 0
211 125150 125134 0
212 500160 500104 0
213 500151 500157 0
214 125182 125152 0
215 125173 125173 0
216 250112 250106 0
217 250157 250133 0
218 250124 250140 0
219 250143 250151 0
220 250194 250148 0
221 250147 250109 0
222 250118 250125 0
223 15738 15735 0
224 250124 250108 0
225 250112 250114 0
226 250185 250164 0
227 250141 250158 0
228 250163 250152 0
229 250197 250156 0
230 62639 62628 0
231 250134 250147 0
232 250159 250162 0
233 250138 250117 0
234 250130 250146 0
235 250150 250132 0
236 250180 250120 0
237 250190 250127 0
238 250164 250183 0
239 500171 500149 0
240 250113 250125 0
241 250182 250121 0
242 250188 250185 0
243 250141 250134 0
244 250192 250143 0
245 250143 250121 0
246 500121 500141 0
247 250102 250121 0
248 250132 250152 0
249 62635 62623 0
250 62653 62637 0
251 62648 62631 0
252 125198 125128 0
253 125139 125103 0
254 62692 62659 0
255 7930 7962 0
256 7937 7983 0
257 7921 7959 0
258 7921 7935 0
259 7924 7998 0
260 7917 7927 0
261 15726 15769 0
262 15730 15766 0
263 7935 7968 0
264 15749 15816 0
265 15727 15818 0
266 15810 15814 0
267 15727 15772 0
268 7929 8009 0
269 15727 15738 0
270 15764 15777 0
271 8000 8012 0
272 15766 15803 0
273 7979 7989 0
274 7967 7988 0
275 7961 7971 0
276 15768 15803 0
277 7983 8011 0
278 15790 15820 0
279 15729 15789 0
280 15730 15783 0
281 4032 4072 0
282 4016 4093 0
283 4021 4078 0
284 15726 15733 0
285 15738 15802 0
286 4017 4082 0
287 15756 15788 0
288 15812 15820 0
289 500150 500192 0
290 4025 4038 0
291 31368 31398 0
292 31358 31397 0
293 31369 31379 0
294 31432 31443 0
295 31373 31445 0
296 4016 4086 0
297 31379 31450 0
298 31387 31431 0
299 31380 31390 0
300 31361 31375 0
301 31355 31429 0
302 31353 31385 0
303 31420 31436 0
304 4037 4059 0
305 31409 31426 0
306 31367 31423 0
307 4011 4042 0
308 31360 31375 0
309 4039 4101 0
310 31353 31398 0
311 4047 4080 0
312 4077 4105 0
313 4034 4089 0
314 4027 4036 0
315 31388 31423 0
316 4028 4044 0
317 31366 31393 0
318 31361 31396 0
319 31366 31375 0
320 2077 2108 0
321 31379 31423 0
322 2084 2094 0
323 2096 2111 0
324 2064 2119 0
325 62641 62673 0
326 62628 62681 0
327 7914 7999 0
328 2062 2097 0
329 62637 62666 0
330 62637 62647 0
331 2056 2146 0
332 62651 62664 0
333 2057 2137 0
334 2057 2068 0
335 62630 62654 0
336 2057 2099 0
337 62608 62645 0
338 62620 62676 0
339 2095 2146 0
340 62604 62680 0
341 2064 2081 0
342 62602 62661 0
343 62644 62657 0
344 62625 62659 0
345 2066 2089 0
346 62612 62675 0
347 62648 62697 0
348 2083 2136 0
349 2082 2122 0
350 125104 125117 0
351 2075 2112 0
352 125140 125182 0
353 2096 2124 0
354 2086 2123 0
355 2071 2101 0
356 2088 2105 0
357 2091 2143 0
358 2061 2128 0
359 20 40 0
360 34 47 0
361 125162 125180 0
362 1 68 0
363 125139 125159 0
364 125122 125152 0
365 125168 125186 0
366 57 86 0
367 9 62 0
368 125119 125184 0
369 125107 125191 0
370 52 91 0
371 125101 125147 0
372 125118 125155 0
373 9 41 0
374 66 99 0
375 26 64 0
376 125135 125167 0
377 125147 125189 0
378 37 62 0
379 4 83 0
380 125131 125171 0
381 125112 125181 0
382 250108 250143 0
383 250125 250155 0
384 250106 250140 0
385 17 43 0
386 10 25 0
387 250110 250148 0
388 250167 250195 0
389 7965 7997 0
390 250143 250191 0
391 250103 250129 0
392 13 81 0
393 500140 500185 0
394 57 71 0
395 7957 8001 0
396 500143 500198 0
397 500144 500186 0
398 7920 7948 0
399 7919 7964 0
--------------
1000000 :c
1004429 :sum(p)
999999 :sum(w)
