400 :n
id p,w,x
--------------
0 2153 2072 1
1 2143 2085 1
2 91 40 1
3 2131 2086 1
4 2149 2064 1
5 95 6 1
6 98 49 1
7 97 25 1
8 4086 4011 1
9 90 55 1
10 93 44 1
11 87 63 1
12 4083 4020 1
13 2116 2057 1
14 4105 4038 1
15 4070 4013 1
16 95 56 1
17 2117 2078 1
18 2134 2063 1
19 4066 4007 1
20 4085 4015 1
21 2092 2055 1
22 4099 4034 1
23 80 29 1
24 2151 2105 1
25 48 3 1
26 2107 2078 1
27 81 30 1
28 96 52 1
29 31448 31364 1
30 7985 7942 1
31 15823 15759 1
32 4102 4056 1
33 31450 31368 1
34 7981 7936 1
35 7997 7941 1
36 7989 7934 1
37 15774 15727 1
38 15810 15754 1
39 15782 15740 1
40 8011 7918 1
41 7987 7913 1
42 4081 4048 1
43 4076 4025 1
44 4078 4038 1
45 15772 15727 1
46 49 29 1
47 53 33 1
48 54 49 1
49 92 88 1
50 59 57 1
51 2122 2094 1
52 2127 2104 1
53 2116 2096 1
54 2084 2070 1
55 2138 2125 1
56 4057 4033 1
57 2135 2124 1
58 4038 4023 1
59 7999 7970 1
60 7977 7950 1
61 7958 7934 1
62 2101 2095 1
63 2105 2099 1
64 4080 4069 1
65 15781 15740 1
66 4037 4027 1
67 15811 15772 1
68 15770 15732 1
69 7957 7938 1
70 7957 7938 1
71 31434 31359 1
72 15805 15770 1
73 15811 15779 1
74 7948 7932 1
75 4085 4077 1
76 15788 15758 1
77 15803 15775 1
78 7960 7948 1
79 15781 15758 1
80 2151 2148 1
81 62696 62629 1
82 2070 2061 1
83 31447 31405 1
84 2138 2093 1
85 62693 62623 1
86 62689 62618 1
87 4101 4096 1
88 31432 31400 1
89 62693 62630 1
90 31402 31371 0
91 15815 15793 1
92 31392 31361 1
93 15808 15787 1
94 62671 62610 1
95 15747 15732 1
96 15748 15733 1
97 62697 62674 0
98 4082 4079 1
99 62675 62638 0
100 62675 62617 0
101 31395 31370 0
102 2140 2142 1
103 31414 31391 0
104 125198 125110 0
105 125196 125109 0
106 125193 125107 0
107 31433 31412 0
108 125189 125107 0
109 9 38 0
110 7990 8004 0
111 31387 31369 0
112 31387 31370 0
113 4105 4103 1
114 31410 31395 0
115 62654 62627 0
116 62676 62649 0
117 15795 15789 0
118 7962 7959 0
119 62681 62658 0
120 62689 62666 0
121 31396 31385 0
122 31435 31424 0
123 31432 31422 0
124 62676 62657 0
125 4054 4053 1
126 62671 62657 0
127 62680 62666 0
128 62681 62669 0
129 31404 31399 0
130 15814 15812 0
131 7936 7935 0
132 31358 31355 0
133 31364 31361 0
134 31428 31425 0
135 31363 31361 0
136 15811 15811 0
137 7976 7976 0
138 7963 7966 0
139 15760 15767 0
140 15787 15795 0
141 4078 4081 0
142 4009 4012 0
143 4057 4061 0
144 7975 7983 0
145 7944 7953 0
146 4071 4076 0
147 2125 2129 0
148 4041 4051 0
149 2122 2128 0
150 4067 4080 0
151 2106 2117 0
152 87 90 0
153 51 55 0
154 90 98 0
155 30 33 1
156 36 41 0
157 59 68 0
158 56 67 0
159 76 92 0
160 7 13 0
161 11 25 0
162 250191 250102 0
163 125145 125107 0
164 250172 250156 0
165 125178 125156 0
166 250170 250105 0
167 250199 250145 0
168 125134 125124 0
169 125183 125126 0
170 125189 125158 0
171 250152 250113 0
172 250184 250107 0
173 250197 250136 0
174 250168 250108 0
175 250181 250110 0
176 125147 125102 0
177 125184 125148 0
178 125147 125119 0
179 125168 125125 0
180 250146 250102 0
181 62624 62613 0
182 250176 250161 0
183 62645 62645 0
184 500132 500132 0
185 500145 500162 0
186 250184 250176 0
187 250184 250189 0
188 125198 125191 0
189 31449 31448 0
190 500138 500111 0
191 500136 500148 0
192 125130 125135 0
193 125137 125141 0
194 500160 500157 0
195 62614 62615 0
196 500144 500162 0
197 500123 500120 0
198 125177 125178 0
199 125137 125137 0
200 250200 250186 0
201 125128 125123 0
202 500195 500172 0
203 500197 500172 0
204 500130 500120 0
205 500119 500130 0
206 500187 500187 0
207 500148 500131 0
208 500123 500127 0
209 500176 500181 0
210 125156 125156 0
211 250139 250142 0
212 500162 500172 0
213 500131 500153 0
214 31424 31424 0
215 500104 500117 0
216 500184 500172 0
217 500194 500183 0
218 500157 500126 0
219 125177 125120 0
220 125184 125141 0
221 31378 31393 0
222 31385 31408 0
223 31429 31431 0
224 31362 31369 0
225 62651 62662 0
226 62633 62636 0
227 62640 62674 0
228 500175 500198 0
229 62613 62648 0
230 15781 15790 0
231 62655 62691 0
232 62685 62694 0
233 62604 62610 0
234 62606 62612 0
235 125119 125127 0
236 125126 125151 0
237 125119 125175 0
238 125111 125124 0
239 125169 125184 0
240 125138 125191 0
241 125169 125187 0
242 125126 125134 0
243 125151 125176 0
244 31395 31403 0
245 125112 125148 0
246 125115 125166 0
247 125159 125166 0
248 125132 125162 0
249 250156 250191 0
250 250101 250136 0
251 250148 250162 0
252 250121 250185 0
253 250105 250199 0
254 250113 250146 0
255 250134 250194 0
256 250103 250185 0
257 250110 250156 0
258 250150 250172 0
259 250106 250182 0
260 250129 250187 0
261 250144 250158 0
262 250108 250182 0
263 250130 250143 0
264 500127 500158 0
265 500145 500191 0
266 500169 500193 0
267 500116 500160 0
268 500140 500196 0
269 500104 500132 0
270 500105 500158 0
271 500160 500193 0
272 500119 500196 0
273 500139 500183 0
274 500140 500183 0
275 500113 500137 0
276 500117 500140 0
277 500110 500198 0
278 62649 62667 0
279 31400 31415 0
280 31364 31373 0
281 31424 31438 0
282 31434 31441 0
283 62644 62634 0
284 250193 250134 0
285 500155 500112 0
286 250158 250118 0
287 125146 125128 0
288 125198 125134 0
289 31399 31445 0
290 31368 31393 0
291 31351 31382 0
292 31419 31443 0
293 31385 31410 0
294 31398 31433 0
295 31354 31390 0
296 62621 62677 0
297 62610 62664 0
298 62607 62683 0
299 62647 62693 0
300 62620 62679 0
301 62611 62682 0
302 62635 62698 0
303 62603 62692 0
304 62606 62656 0
305 62625 62699 0
306 15776 15798 0
307 15789 15815 0
308 15772 15791 0
309 15803 15815 0
310 125180 125123 0
311 62624 62620 0
312 500196 500103 0
313 500155 500107 0
314 500144 500114 0
315 250147 250103 0
316 250179 250138 0
317 250196 250163 0
318 250131 250115 0
319 250168 250105 0
320 250187 250115 0
321 250195 250127 0
322 250197 250143 0
323 125139 125114 0
324 125185 125139 0
325 4068 4086 0
326 7931 8011 0
327 2091 2148 0
328 2082 2140 0
329 7956 7977 0
330 2130 2151 0
331 7938 7967 0
332 7924 7979 0
333 2061 2133 0
334 7947 7961 0
335 7941 7966 0
336 7914 8000 0
337 2078 2144 0
338 7958 7985 0
339 4011 4065 0
340 2058 2147 0
341 2101 2142 0
342 2065 2112 0
343 2054 2088 0
344 7929 7950 0
345 7916 7972 0
346 4007 4100 0
347 7944 7979 0
348 7927 7947 0
349 2092 2147 0
350 2109 2137 0
351 2085 2141 0
352 2079 2153 0
353 7928 8007 0
354 7920 8001 0
355 2107 2150 0
356 7948 7992 0
357 7961 8010 0
358 7951 7979 0
359 29 53 0
360 7930 7978 0
361 7972 8002 0
362 7 40 0
363 7936 7990 0
364 15775 15820 0
365 2115 2143 0
366 4088 4105 0
367 4054 4085 0
368 63 87 0
369 4043 4100 0
370 15733 15816 0
371 4019 4079 0
372 15732 15823 0
373 15727 15805 0
374 11 39 0
375 4015 4039 0
376 15781 15821 0
377 38 70 0
378 15737 15769 0
379 3 26 0
380 15754 15786 0
381 15790 15819 0
382 15733 15772 0
383 15731 15780 0
384 4028 4076 0
385 31 65 0
386 4081 4101 0
387 15790 15819 0
388 2 27 0
389 46 100 0
390 19 89 0
391 15769 15811 0
392 15783 15810 0
393 38 64 0
394 23 87 0
395 31352 31408 0
396 4059 4087 0
397 4037 4098 0
398 4030 4047 0
399 4012 4083 0
--------------
1000000 :c
1003858 :sum(p)
999997 :sum(w)
