400 :n
id p,w,x
--------------
0 48 2 1
1 28 3 1
2 70 13 1
3 39 9 1
4 80 21 1
5 75 24 1
6 69 23 1
7 85 47 1
8 64 36 1
9 85 52 1
10 83 55 1
11 70 53 1
12 80 62 1
13 89 72 1
14 91 84 1
15 2128 2056 1
16 2151 2079 1
17 2151 2086 1
18 2134 2074 1
19 2141 2083 1
20 2132 2078 1
21 2108 2056 1
22 4094 4008 1
23 2111 2070 1
24 2148 2107 1
25 2091 2056 1
26 4079 4012 1
27 2107 2074 1
28 4090 4026 1
29 4079 4016 1
30 4092 4032 1
31 4076 4019 1
32 4065 4016 1
33 2092 2067 1
34 4088 4042 1
35 8003 7915 1
36 4102 4057 1
37 2104 2083 1
38 7991 7917 1
39 7995 7922 1
40 8000 7931 1
41 4079 4045 1
42 7997 7936 1
43 4042 4012 1
44 4041 4012 1
45 8002 7948 1
46 8008 7958 1
47 8011 7962 1
48 7959 7913 1
49 4059 4036 1
50 15813 15729 1
51 2075 2064 1
52 2093 2082 1
53 2128 2117 1
54 2141 2132 1
55 4078 4061 1
56 7952 7921 1
57 7972 7941 1
58 7977 7946 1
59 2126 2118 1
60 15813 15754 1
61 15823 15766 1
62 7963 7935 1
63 15808 15758 1
64 7953 7929 1
65 15799 15752 1
66 15810 15765 1
67 15782 15738 1
68 15799 15755 1
69 31447 31360 1
70 7989 7967 1
71 15797 15754 1
72 4084 4073 1
73 7974 7953 1
74 31444 31367 1
75 2071 2066 1
76 15817 15779 1
77 31447 31373 1
78 4018 4009 1
79 15788 15754 1
80 15790 15758 1
81 4026 4018 1
82 31431 31369 1
83 15765 15735 1
84 15784 15758 1
85 15814 15788 1
86 15815 15790 1
87 31420 31372 1
88 7984 7972 1
89 15825 15802 1
90 31423 31381 1
91 4093 4088 0
92 15786 15768 1
93 15797 15779 1
94 15811 15793 1
95 15817 15799 1
96 15821 15803 0
97 31437 31402 0
98 31391 31359 1
99 15743 15727 1
100 8003 7995 0
101 62667 62609 1
102 2119 2067 1
103 31388 31353 1
104 31420 31389 1
105 31448 31419 0
106 62689 62634 1
107 31439 31415 0
108 2139 2139 0
109 22 98 0
110 125197 125100 0
111 4086 4083 0
112 62666 62620 0
113 125189 125100 0
114 4104 4105 0
115 31396 31374 0
116 31400 31378 0
117 62644 62603 0
118 125181 125103 0
119 62699 62660 0
120 125181 125109 0
121 62685 62649 0
122 31397 31379 0
123 31371 31354 0
124 31429 31412 0
125 62638 62605 0
126 31389 31373 0
127 31402 31386 0
128 31407 31393 0
129 15781 15776 0
130 7982 7980 0
131 7 7 0
132 15817 15817 0
133 2126 2126 0
134 4063 4064 0
135 7920 7926 0
136 4037 4041 0
137 4019 4025 0
138 4031 4039 0
139 4074 4084 0
140 4082 4093 0
141 4064 4075 0
142 2135 2145 0
143 2058 2068 0
144 2121 2132 0
145 2072 2084 0
146 88 95 0
147 51 64 0
148 46 60 0
149 27 38 0
150 14 27 0
151 13 27 0
152 62672 62650 0
153 250200 250145 0
154 250193 250140 0
155 250194 250122 0
156 62692 62663 0
157 62633 62625 0
158 125178 125169 0
159 125139 125104 0
160 250162 250139 0
161 31363 31358 0
162 125154 125137 0
163 250184 250147 0
164 125144 125106 0
165 125139 125103 0
166 125140 125121 0
167 31438 31431 0
168 250168 250111 0
169 125145 125130 0
170 250195 250127 0
171 125191 125164 0
172 500195 500117 0
173 125182 125160 0
174 125165 125139 0
175 500161 500113 0
176 500159 500103 0
177 250159 250142 0
178 62698 62670 0
179 125180 125125 0
180 62699 62675 0
181 62657 62651 0
182 500172 500124 0
183 125182 125145 0
184 250173 250174 0
185 250172 250156 0
186 250168 250151 0
187 500121 500151 0
188 500116 500126 0
189 500178 500193 0
190 31426 31428 0
191 500199 500195 0
192 500168 500167 0
193 500163 500174 0
194 500130 500155 0
195 250194 250187 0
196 500162 500142 0
197 250173 250188 0
198 500114 500109 0
199 500173 500140 0
200 62619 62616 0
201 250136 250129 0
202 500200 500168 0
203 500109 500103 0
204 500121 500136 0
205 250127 250142 0
206 500178 500156 0
207 125196 125191 0
208 62618 62616 0
209 125150 125142 0
210 500174 500145 0
211 500145 500165 0
212 500121 500152 0
213 250123 250108 0
214 125148 125143 0
215 250159 250167 0
216 500195 500181 0
217 250142 250148 0
218 250135 250149 0
219 125169 125170 0
220 500149 500119 0
221 500110 500137 0
222 125160 125167 0
223 500163 500169 0
224 500101 500118 0
225 500122 500124 0
226 500112 500138 0
227 250190 250118 0
228 250175 250122 0
229 125179 125138 0
230 62654 62623 0
231 125199 125157 0
232 62663 62632 0
233 62678 62650 0
234 125154 125139 0
235 250141 250157 0
236 15747 15755 0
237 250106 250139 0
238 15729 15745 0
239 250146 250200 0
240 250123 250189 0
241 250125 250143 0
242 15771 15818 0
243 250115 250147 0
244 7920 7939 0
245 7971 7987 0
246 250131 250174 0
247 250118 250157 0
248 125104 125168 0
249 125121 125130 0
250 250133 250183 0
251 250127 250148 0
252 125108 125117 0
253 250114 250182 0
254 125140 125186 0
255 125112 125164 0
256 31371 31435 0
257 250116 250135 0
258 250125 250198 0
259 15780 15795 0
260 31356 31424 0
261 7999 8009 0
262 31357 31395 0
263 31419 31422 0
264 7946 7963 0
265 250122 250157 0
266 31356 31438 0
267 7914 7927 0
268 31424 31440 0
269 7919 7936 0
270 31373 31396 0
271 125111 125186 0
272 7961 7979 0
273 7979 7991 0
274 250106 250122 0
275 31353 31421 0
276 31353 31413 0
277 7972 7997 0
278 31363 31370 0
279 500127 500169 0
280 500116 500174 0
281 31361 31401 0
282 125101 125193 0
283 31381 31399 0
284 31359 31398 0
285 15745 15762 0
286 15760 15765 0
287 31382 31399 0
288 31409 31450 0
289 125102 125140 0
290 31417 31422 0
291 4072 4084 0
292 15752 15755 0
293 250146 250179 0
294 250142 250177 0
295 500109 500179 0
296 31371 31376 0
297 62623 62672 0
298 4018 4030 0
299 62609 62643 0
300 500106 500173 0
301 250137 250164 0
302 62670 62692 0
303 62608 62666 0
304 62650 62670 0
305 500155 500194 0
306 62660 62676 0
307 62619 62690 0
308 62635 62645 0
309 15770 15780 0
310 62604 62646 0
311 15776 15796 0
312 62632 62693 0
313 62614 62655 0
314 500103 500188 0
315 62640 62645 0
316 62610 62642 0
317 500152 500189 0
318 62630 62653 0
319 62622 62632 0
320 62629 62654 0
321 62622 62630 0
322 62647 62669 0
323 500136 500197 0
324 125123 125149 0
325 125118 125139 0
326 125116 125161 0
327 500141 500176 0
328 500117 500156 0
329 125121 125168 0
330 125130 125168 0
331 15799 15822 0
332 15748 15784 0
333 125145 125120 0
334 250171 250139 0
335 125172 125118 0
336 500174 500115 0
337 125184 125140 0
338 62642 62637 0
339 500148 500101 0
340 62685 62662 0
341 62691 62682 0
342 62616 62605 0
343 2074 2106 0
344 2085 2109 0
345 4036 4094 0
346 4039 4088 0
347 4055 4105 0
348 4048 4063 0
349 2068 2090 0
350 2111 2125 0
351 2080 2134 0
352 2087 2118 0
353 2095 2120 0
354 4044 4101 0
355 4025 4053 0
356 4072 4091 0
357 4052 4097 0
358 4020 4073 0
359 4014 4071 0
360 2 77 0
361 4025 4093 0
362 4 57 0
363 7954 8005 0
364 2066 2132 0
365 7963 7996 0
366 63 100 0
367 27 95 0
368 35 72 0
369 3 58 0
370 26 96 0
371 1 30 0
372 7940 8009 0
373 46 91 0
374 53 74 0
375 7914 7974 0
376 53 78 0
377 7963 7990 0
378 7925 8008 0
379 7960 7994 0
380 23 41 0
381 2061 2147 0
382 7919 8008 0
383 24 51 0
384 2057 2097 0
385 7941 7976 0
386 2077 2110 0
387 28 60 0
388 7913 8004 0
389 2069 2114 0
390 7944 7989 0
391 15 51 0
392 36 67 0
393 15740 15795 0
394 57 80 0
395 15730 15821 0
396 15745 15799 0
397 15742 15792 0
398 2077 2144 0
399 2081 2109 0
--------------
1000000 :c
1004092 :sum(p)
999998 :sum(w)
