400 :n
id p,w,x
--------------
0 15815 15747 1
1 15799 15743 1
2 70 8 1
3 15814 15743 1
4 28 5 1
5 72 45 1
6 67 20 1
7 45 25 1
8 99 26 1
9 99 74 1
10 74 37 1
11 92 67 1
12 81 67 1
13 72 28 1
14 15819 15741 1
15 69 7 1
16 62 41 1
17 15824 15753 1
18 2104 2090 1
19 2133 2102 1
20 2137 2093 1
21 2131 2062 1
22 2138 2077 1
23 2114 2062 1
24 2148 2119 1
25 2109 2062 1
26 2130 2112 1
27 2143 2103 1
28 2132 2078 1
29 2137 2121 1
30 2121 2085 1
31 2107 2078 1
32 15801 15735 1
33 2145 2129 1
34 2141 2069 1
35 15803 15734 1
36 2153 2139 1
37 4058 4013 1
38 4051 4017 1
39 4044 4027 1
40 4105 4081 1
41 4089 4068 1
42 4075 4024 1
43 4102 4015 1
44 4059 4026 1
45 4078 4058 1
46 4072 4055 1
47 4085 4041 1
48 8011 7944 1
49 7979 7915 1
50 7974 7913 1
51 8002 7952 1
52 8012 7924 1
53 7984 7918 1
54 7954 7924 1
55 7984 7935 1
56 7991 7930 1
57 8006 7918 1
58 15806 15732 1
59 15817 15781 1
60 7945 7922 1
61 15782 15753 1
62 15801 15758 1
63 15769 15731 1
64 7953 7934 1
65 7985 7967 1
66 15822 15766 1
67 31413 31354 1
68 15814 15774 1
69 15816 15764 1
70 15825 15793 1
71 15775 15743 1
72 7987 7970 1
73 31439 31369 1
74 31427 31352 1
75 98 93 1
76 97 93 1
77 2066 2056 1
78 2131 2121 1
79 2085 2076 1
80 2130 2123 1
81 4034 4021 1
82 4100 4091 1
83 7982 7966 1
84 4018 4011 1
85 31448 31395 1
86 31425 31374 1
87 31413 31366 1
88 4018 4012 1
89 2083 2080 1
90 7975 7965 1
91 4058 4053 0
92 31426 31390 1
93 8011 8002 1
94 31404 31372 0
95 4052 4048 1
96 62694 62637 1
97 15765 15751 1
98 84 43 1
99 62680 62622 1
100 62695 62643 1
101 62679 62631 1
102 31403 31381 0
103 62700 62660 0
104 15825 15815 0
105 250122 250192 0
106 15790 15779 0
107 31430 31409 0
108 15789 15779 0
109 31403 31384 0
110 31405 31387 0
111 62682 62648 0
112 31407 31390 0
113 62642 62610 0
114 31413 31397 0
115 15823 15815 0
116 7940 7936 0
117 31423 31409 0
118 15774 15767 0
119 15737 15733 0
120 15752 15748 0
121 15791 15787 0
122 15791 15789 0
123 4065 4065 0
124 2104 2104 0
125 4057 4058 0
126 7932 7934 0
127 7917 7919 0
128 7937 7940 0
129 2110 2111 0
130 4036 4038 0
131 4091 4094 0
132 2133 2136 0
133 2115 2118 0
134 2110 2116 0
135 67 73 0
136 38 47 0
137 19 26 0
138 1 2 1
139 62699 62672 0
140 62664 62647 0
141 62619 62607 0
142 250195 250142 0
143 500189 500125 0
144 125154 125123 0
145 250187 250138 0
146 250147 250103 0
147 125167 125148 0
148 125125 125102 0
149 250154 250112 0
150 250154 250116 0
151 500179 500104 0
152 250152 250101 0
153 62648 62635 0
154 500190 500110 0
155 125174 125145 0
156 62662 62648 0
157 125162 125145 0
158 62661 62639 0
159 125176 125117 0
160 250188 250120 0
161 31413 31404 0
162 31373 31360 0
163 125165 125113 0
164 62661 62635 0
165 31419 31410 0
166 125195 125142 0
167 62664 62635 0
168 125173 125120 0
169 125173 125130 0
170 62683 62658 0
171 31442 31430 0
172 125182 125145 0
173 125193 125148 0
174 250187 250109 0
175 31367 31428 0
176 31384 31440 0
177 62665 62676 0
178 31362 31450 0
179 31365 31393 0
180 31366 31411 0
181 31400 31430 0
182 62669 62670 0
183 62666 62684 0
184 62612 62607 0
185 62657 62694 0
186 31391 31441 0
187 31360 31426 0
188 31387 31383 0
189 31414 31416 0
190 31395 31432 0
191 31416 31414 0
192 31363 31391 0
193 62621 62638 0
194 31363 31419 0
195 62658 62653 0
196 31379 31445 0
197 62656 62698 0
198 62653 62665 0
199 250112 250145 0
200 250101 250162 0
201 15773 15810 0
202 62627 62636 0
203 62661 62657 0
204 250117 250105 0
205 15733 15789 0
206 250157 250192 0
207 250112 250176 0
208 125103 125163 0
209 15744 15757 0
210 125136 125177 0
211 15735 15739 0
212 125187 125182 0
213 125170 125185 0
214 250127 250131 0
215 62622 62674 0
216 125153 125182 0
217 125117 125150 0
218 125124 125109 0
219 15743 15767 0
220 125162 125196 0
221 250103 250193 0
222 125157 125195 0
223 15751 15811 0
224 15762 15824 0
225 125118 125130 0
226 15726 15767 0
227 15801 15813 0
228 15769 15770 0
229 125107 125130 0
230 15781 15815 0
231 125161 125174 0
232 15762 15789 0
233 125174 125178 0
234 125153 125154 0
235 125133 125146 0
236 125138 125160 0
237 15777 15783 0
238 125117 125108 0
239 250129 250181 0
240 7942 7955 0
241 7926 7974 0
242 125141 125172 0
243 31363 31380 0
244 7925 7983 0
245 7944 7951 0
246 7919 7941 0
247 7928 8005 0
248 7924 8000 0
249 125143 125164 0
250 250136 250193 0
251 7919 7959 0
252 31401 31411 0
253 125116 125187 0
254 125122 125138 0
255 31378 31390 0
256 125126 125145 0
257 7923 8008 0
258 7915 7927 0
259 7935 7947 0
260 7939 7994 0
261 125147 125177 0
262 250127 250150 0
263 7960 7992 0
264 250125 250177 0
265 7970 7992 0
266 125144 125171 0
267 125107 125142 0
268 250149 250193 0
269 7938 7975 0
270 7929 7936 0
271 7933 7985 0
272 125151 125191 0
273 250105 250120 0
274 250123 250119 0
275 125118 125175 0
276 250151 250127 0
277 7980 7988 0
278 7938 7998 0
279 250120 250120 0
280 250138 250145 0
281 4079 4106 0
282 4059 4069 0
283 62667 62686 0
284 4065 4079 0
285 125151 125170 0
286 250144 250169 0
287 4008 4061 0
288 62663 62693 0
289 62627 62651 0
290 4009 4098 0
291 250176 250166 0
292 4012 4049 0
293 4074 4104 0
294 250114 250199 0
295 4015 4064 0
296 4078 4091 0
297 250130 250107 0
298 4020 4073 0
299 250173 250172 0
300 250132 250140 0
301 4048 4105 0
302 4013 4021 0
303 4067 4080 0
304 250130 250194 0
305 4008 4047 0
306 500145 500113 0
307 4041 4069 0
308 500198 500165 0
309 4053 4062 0
310 4021 4075 0
311 250181 250175 0
312 250163 250164 0
313 250108 250108 0
314 500113 500157 0
315 500182 500145 0
316 31359 31397 0
317 4014 4049 0
318 4058 4097 0
319 2084 2108 0
320 500110 500145 0
321 2067 2112 0
322 500194 500175 0
323 2135 2153 0
324 500131 500190 0
325 2108 2132 0
326 500140 500105 0
327 250131 250132 0
328 2129 2152 0
329 500114 500165 0
330 31386 31384 0
331 250157 250149 0
332 62646 62686 0
333 250181 250177 0
334 500188 500169 0
335 2082 2102 0
336 500191 500151 0
337 62665 62657 0
338 500141 500169 0
339 500184 500168 0
340 500115 500104 0
341 500177 500148 0
342 500126 500134 0
343 2071 2123 0
344 2092 2118 0
345 500138 500193 0
346 500167 500151 0
347 2090 2113 0
348 500140 500104 0
349 500140 500138 0
350 2065 2089 0
351 62607 62695 0
352 500102 500120 0
353 2106 2144 0
354 2075 2129 0
355 2095 2116 0
356 500113 500121 0
357 62617 62620 0
358 500132 500124 0
359 500159 500200 0
360 1 13 0
361 8 32 0
362 500173 500124 0
363 2 97 0
364 500119 500128 0
365 500109 500156 0
366 62664 62676 0
367 250151 250176 0
368 500192 500172 0
369 23 76 0
370 4 72 0
371 62616 62658 0
372 500163 500119 0
373 20 87 0
374 19 54 0
375 500129 500153 0
376 43 78 0
377 22 80 0
378 500187 500190 0
379 31356 31417 0
380 21 87 0
381 500102 500191 0
382 13 49 0
383 35 46 0
384 6 53 0
385 15 98 0
386 29 96 0
387 62645 62656 0
388 44 95 0
389 21 82 0
390 7 99 0
391 500121 500183 0
392 500185 500130 0
393 10 82 0
394 63 79 0
395 500154 500132 0
396 500113 500109 0
397 500144 500146 0
398 62683 62675 0
399 62604 62648 0
--------------
1000000 :c
1003909 :sum(p)
1000000 :sum(w)
