400 :n
id p,w,x
--------------
0 48 9 1
1 75 12 1
2 15815 15728 1
3 97 12 1
4 15804 15730 1
5 7952 7915 1
6 100 36 1
7 7960 7916 1
8 7999 7960 1
9 15804 15729 1
10 8002 7927 1
11 15818 15748 1
12 7986 7923 1
13 8005 7945 1
14 4083 4007 1
15 4092 4060 1
16 4066 4009 1
17 4098 4032 1
18 4085 4011 1
19 4091 4062 1
20 4053 4020 1
21 4101 4045 1
22 4102 4015 1
23 4090 4021 1
24 4102 4053 1
25 4096 4045 1
26 4081 4049 1
27 4086 4022 1
28 4079 4038 1
29 2103 2068 1
30 98 77 1
31 2153 2090 1
32 2111 2081 1
33 2102 2062 1
34 2118 2087 1
35 2150 2068 1
36 2145 2077 1
37 2126 2071 1
38 58 33 1
39 2100 2058 1
40 2110 2078 1
41 15824 15756 1
42 37 1 1
43 53 7 1
44 100 65 1
45 91 22 1
46 100 62 1
47 42 15 1
48 82 53 1
49 81 46 1
50 15818 15768 1
51 15786 15726 1
52 15816 15777 1
53 31430 31353 1
54 31433 31366 1
55 31431 31356 1
56 31423 31361 1
57 62699 62602 1
58 31443 31383 1
59 15818 15763 1
60 17 3 1
61 47 31 1
62 49 35 1
63 11 8 1
64 37 31 1
65 83 76 1
66 81 76 1
67 2146 2127 1
68 2107 2092 1
69 2109 2100 1
70 4103 4086 1
71 4073 4058 1
72 4050 4037 1
73 4093 4080 1
74 8008 7983 1
75 8010 7989 1
76 7981 7961 1
77 7996 7977 1
78 15793 15757 1
79 4102 4093 1
80 15803 15770 1
81 8003 7987 1
82 4060 4052 1
83 15822 15792 1
84 31431 31381 1
85 4025 4019 1
86 15767 15745 1
87 7953 7942 1
88 31434 31392 1
89 7977 7967 1
90 31445 31406 1
91 15757 15738 1
92 62694 62624 1
93 15801 15784 1
94 31431 31399 1
95 31439 31407 0
96 2149 2127 1
97 62683 62608 1
98 31416 31366 1
99 7998 7990 1
100 31396 31366 0
101 31387 31358 0
102 8005 8001 1
103 86 94 0
104 40 51 0
105 62678 62622 0
106 7994 7987 1
107 15758 15745 0
108 62680 62630 0
109 62663 62616 0
110 62647 62603 0
111 125192 125105 0
112 125197 125112 0
113 125190 125110 0
114 31408 31388 0
115 62687 62649 0
116 125173 125102 0
117 125185 125118 0
118 7969 7965 0
119 62684 62653 0
120 15786 15779 0
121 15801 15794 0
122 62678 62651 0
123 125187 125135 0
124 62695 62670 0
125 7937 7934 1
126 7978 7975 1
127 125188 125141 0
128 62651 62629 0
129 250190 250106 0
130 62649 62628 0
131 250185 250102 0
132 125148 125112 0
133 15750 15748 0
134 15823 15821 0
135 7989 7992 0
136 4091 4093 0
137 7926 7935 0
138 4096 4101 0
139 2137 2140 0
140 2076 2079 0
141 4060 4069 0
142 4065 4076 0
143 2146 2152 0
144 2121 2132 0
145 2082 2096 0
146 2090 2105 0
147 85 88 0
148 47 50 0
149 46 52 0
150 78 92 0
151 82 98 0
152 29 35 0
153 5 7 0
154 62651 62643 0
155 62655 62654 0
156 62665 62653 0
157 500139 500197 0
158 500180 500114 0
159 31438 31430 0
160 125151 125123 0
161 500169 500129 0
162 125167 125149 0
163 31411 31414 0
164 500188 500170 0
165 125154 125128 0
166 31427 31421 0
167 250168 250137 0
168 31437 31438 0
169 31399 31392 0
170 500149 500157 0
171 250164 250110 0
172 250164 250105 0
173 250197 250143 0
174 31396 31397 0
175 250179 250160 0
176 500112 500103 0
177 31371 31365 0
178 125153 125146 0
179 250154 250174 0
180 250153 250116 0
181 500120 500122 0
182 250189 250157 0
183 31425 31417 0
184 500163 500115 0
185 31402 31401 0
186 125188 125161 0
187 500103 500139 0
188 250146 250147 0
189 31416 31408 0
190 125163 125157 0
191 125185 125188 0
192 125144 125126 0
193 500124 500120 0
194 500149 500149 0
195 250118 250111 0
196 125175 125152 0
197 500136 500129 0
198 500110 500158 0
199 500150 500165 0
200 250170 250116 0
201 500161 500131 0
202 125139 125118 0
203 125185 125163 0
204 500127 500158 0
205 500145 500193 0
206 125166 125147 0
207 250197 250195 0
208 125192 125175 0
209 125177 125176 0
210 500112 500161 0
211 250121 250131 0
212 250132 250118 0
213 250163 250150 0
214 250163 250176 0
215 500170 500163 0
216 250180 250125 0
217 250170 250161 0
218 250181 250124 0
219 250145 250142 0
220 500116 500119 0
221 250154 250105 0
222 500165 500196 0
223 250161 250113 0
224 500153 500180 0
225 250134 250135 0
226 250123 250147 0
227 500171 500150 0
228 250190 250169 0
229 250162 250170 0
230 500179 500111 0
231 250190 250150 0
232 500109 500101 0
233 250192 250153 0
234 250190 250195 0
235 250173 250169 0
236 250162 250154 0
237 500119 500156 0
238 500189 500116 0
239 500161 500164 0
240 62657 62641 0
241 125177 125141 0
242 125172 125140 0
243 62688 62670 0
244 500134 500109 0
245 62632 62632 0
246 500182 500125 0
247 500155 500164 0
248 62682 62680 0
249 500176 500196 0
250 500195 500110 0
251 500109 500167 0
252 500125 500162 0
253 500195 500149 0
254 250107 250129 0
255 125179 125157 0
256 62647 62639 0
257 500197 500162 0
258 125155 125144 0
259 7918 7992 0
260 15808 15818 0
261 15775 15813 0
262 15749 15806 0
263 7955 8000 0
264 7934 7995 0
265 15751 15764 0
266 7924 7950 0
267 7935 8007 0
268 15738 15790 0
269 7948 7974 0
270 15740 15749 0
271 15781 15802 0
272 7936 7955 0
273 7929 7994 0
274 7916 7978 0
275 15785 15791 0
276 15751 15822 0
277 7983 7995 0
278 500127 500189 0
279 4009 4053 0
280 31354 31425 0
281 7929 7973 0
282 4071 4104 0
283 4030 4067 0
284 7976 7996 0
285 4022 4101 0
286 4007 4028 0
287 4028 4048 0
288 31377 31406 0
289 31353 31440 0
290 31389 31411 0
291 31394 31444 0
292 4032 4055 0
293 4037 4103 0
294 4017 4075 0
295 31386 31412 0
296 31367 31385 0
297 31377 31400 0
298 15765 15825 0
299 31401 31415 0
300 4014 4054 0
301 15741 15750 0
302 31372 31418 0
303 31393 31450 0
304 31377 31424 0
305 4084 4100 0
306 31369 31419 0
307 31406 31422 0
308 31375 31394 0
309 4036 4098 0
310 31418 31426 0
311 62667 62696 0
312 62649 62673 0
313 62629 62685 0
314 62639 62698 0
315 62615 62649 0
316 4023 4090 0
317 62603 62676 0
318 4059 4097 0
319 62641 62653 0
320 2079 2134 0
321 2082 2120 0
322 15776 15817 0
323 2059 2138 0
324 2117 2140 0
325 7937 7963 0
326 15791 15795 0
327 62665 62680 0
328 62612 62696 0
329 2073 2104 0
330 7935 7958 0
331 62619 62651 0
332 62663 62700 0
333 2082 2110 0
334 62635 62656 0
335 62626 62699 0
336 62642 62651 0
337 2068 2097 0
338 62604 62696 0
339 2099 2133 0
340 62614 62671 0
341 2069 2137 0
342 62646 62674 0
343 15731 15745 0
344 2072 2113 0
345 2054 2128 0
346 2056 2146 0
347 15784 15821 0
348 2055 2088 0
349 2059 2081 0
350 2076 2102 0
351 2087 2151 0
352 62647 62661 0
353 2054 2117 0
354 2056 2103 0
355 62601 62688 0
356 2111 2142 0
357 125169 125186 0
358 2084 2135 0
359 53 90 0
360 125131 125161 0
361 11 29 0
362 15744 15817 0
363 125143 125184 0
364 125153 125178 0
365 125132 125193 0
366 125107 125124 0
367 7993 8005 0
368 7936 7957 0
369 125116 125178 0
370 125108 125182 0
371 125108 125167 0
372 125134 125175 0
373 15739 15800 0
374 11 94 0
375 5 96 0
376 51 97 0
377 125103 125179 0
378 125122 125162 0
379 15754 15795 0
380 125142 125193 0
381 125109 125151 0
382 250132 250179 0
383 7977 8009 0
384 15811 15823 0
385 32 52 0
386 250104 250162 0
387 250125 250175 0
388 43 86 0
389 8 98 0
390 250154 250195 0
391 3 22 0
392 7946 7977 0
393 250144 250186 0
394 3 49 0
395 250111 250197 0
396 500109 500173 0
397 500110 500174 0
398 15734 15742 0
399 7938 7992 0
--------------
1000000 :c
1004110 :sum(p)
999997 :sum(w)
