400 :n
id p,w,x
--------------
0 8007 7921 1
1 8008 7919 1
2 70 6 1
3 8002 7918 1
4 87 30 1
5 98 16 1
6 84 14 1
7 4067 4007 1
8 4100 4015 1
9 4070 4009 1
10 69 1 1
11 4096 4012 1
12 4089 4021 1
13 76 2 1
14 2136 2056 1
15 2153 2058 1
16 2135 2071 1
17 2130 2057 1
18 2151 2056 1
19 2132 2059 1
20 68 13 1
21 69 22 1
22 40 15 1
23 65 25 1
24 88 36 1
25 95 41 1
26 66 46 1
27 83 59 1
28 48 37 1
29 82 64 1
30 60 54 1
31 78 71 1
32 2134 2085 1
33 2131 2090 1
34 2141 2100 1
35 4091 4032 1
36 4067 4009 1
37 2146 2118 1
38 2104 2078 1
39 4093 4043 1
40 4063 4014 1
41 4068 4022 1
42 2141 2117 1
43 2132 2112 1
44 8002 7941 1
45 4038 4008 1
46 4083 4053 1
47 2083 2068 1
48 7988 7931 1
49 4064 4037 1
50 4087 4060 1
51 7978 7926 1
52 7992 7941 1
53 4075 4051 1
54 7983 7939 1
55 4070 4048 1
56 7977 7939 1
57 4034 4015 1
58 7992 7957 1
59 4026 4009 1
60 15816 15751 1
61 7959 7928 1
62 15809 15750 1
63 15817 15760 1
64 4095 4081 1
65 15825 15771 1
66 2071 2064 1
67 7994 7967 1
68 15825 15774 1
69 7995 7970 1
70 2066 2060 1
71 4057 4047 1
72 31423 31351 1
73 31424 31354 1
74 4054 4045 1
75 31434 31369 1
76 15759 15727 1
77 15820 15788 1
78 31434 31371 1
79 15775 15744 1
80 15817 15786 1
81 2088 2084 1
82 15797 15767 1
83 7947 7932 1
84 31425 31367 1
85 31416 31359 1
86 15760 15732 1
87 15758 15731 1
88 15759 15732 1
89 15763 15737 1
90 7985 7972 1
91 31408 31358 1
92 31434 31385 1
93 4080 4074 1
94 31438 31392 1
95 31417 31372 1
96 31425 31381 1
97 31439 31395 1
98 31421 31381 1
99 75 17 1
100 31403 31352 1
101 62676 62602 1
102 62693 62619 0
103 31427 31400 0
104 62699 62644 0
105 31423 31395 0
106 7934 7981 0
107 62696 62626 0
108 62681 62616 0
109 15786 15770 1
110 2138 2136 1
111 31419 31391 0
112 31419 31391 0
113 15816 15808 0
114 7963 7956 0
115 62698 62645 0
116 31400 31376 0
117 62684 62637 0
118 62689 62642 0
119 4047 4044 1
120 125184 125100 0
121 62650 62609 0
122 15775 15765 0
123 7947 7942 0
124 31418 31402 0
125 7920 7916 1
126 2136 2135 0
127 31380 31366 0
128 15754 15747 0
129 15777 15774 0
130 7939 7938 0
131 7925 7925 0
132 4080 4080 1
133 15740 15742 0
134 15728 15731 0
135 7915 7917 0
136 7968 7971 0
137 2107 2108 0
138 4061 4064 0
139 4068 4072 0
140 4087 4094 0
141 2142 2147 0
142 2086 2096 0
143 64 75 0
144 25 31 0
145 24 38 0
146 500192 500101 0
147 62649 62661 0
148 500130 500119 0
149 500175 500108 0
150 62695 62683 0
151 62673 62637 0
152 62662 62644 0
153 62646 62635 0
154 500129 500122 0
155 62662 62631 0
156 500182 500144 0
157 125161 125115 0
158 125176 125124 0
159 125133 125161 0
160 500190 500160 0
161 500108 500149 0
162 125174 125136 0
163 31367 31373 0
164 500182 500129 0
165 125183 125199 0
166 500193 500158 0
167 125196 125142 0
168 500186 500181 0
169 125100 125110 0
170 125102 125100 0
171 125128 125134 0
172 500125 500111 0
173 125138 125148 0
174 125165 125106 0
175 125145 125140 0
176 125103 125130 0
177 31408 31410 0
178 125180 125130 0
179 500195 500123 0
180 125174 125165 0
181 500109 500115 0
182 500118 500165 0
183 31414 31418 0
184 125137 125161 0
185 125144 125145 0
186 125140 125124 0
187 500184 500119 0
188 125152 125134 0
189 31419 31422 0
190 500169 500109 0
191 31405 31408 0
192 125186 125114 0
193 500194 500120 0
194 500164 500151 0
195 500143 500155 0
196 500170 500192 0
197 500195 500120 0
198 500140 500169 0
199 125176 125177 0
200 500192 500132 0
201 500169 500114 0
202 500162 500165 0
203 125188 125137 0
204 62678 62680 0
205 500106 500194 0
206 125155 125146 0
207 500173 500179 0
208 500195 500109 0
209 500105 500136 0
210 500134 500180 0
211 250173 250108 0
212 250151 250158 0
213 250128 250166 0
214 500141 500135 0
215 250189 250167 0
216 250115 250128 0
217 62637 62633 0
218 250191 250131 0
219 250132 250184 0
220 250107 250132 0
221 250124 250178 0
222 250162 250195 0
223 62674 62679 0
224 250115 250166 0
225 62697 62666 0
226 250200 250122 0
227 500104 500200 0
228 250133 250129 0
229 250112 250170 0
230 250107 250159 0
231 250129 250163 0
232 500106 500180 0
233 250197 250119 0
234 250107 250165 0
235 250140 250142 0
236 250153 250162 0
237 250148 250144 0
238 250142 250183 0
239 250182 250117 0
240 250137 250109 0
241 125166 125172 0
242 250185 250156 0
243 250164 250168 0
244 125192 125191 0
245 250156 250159 0
246 250186 250136 0
247 500123 500188 0
248 250179 250164 0
249 250134 250164 0
250 250161 250119 0
251 250129 250183 0
252 250153 250125 0
253 250123 250175 0
254 250161 250138 0
255 125187 125185 0
256 62627 62626 0
257 250164 250101 0
258 62631 62644 0
259 250172 250159 0
260 250165 250127 0
261 250109 250165 0
262 500137 500173 0
263 500186 500200 0
264 500129 500171 0
265 500187 500159 0
266 62686 62670 0
267 62681 62678 0
268 500132 500147 0
269 500160 500178 0
270 125172 125191 0
271 62665 62674 0
272 62692 62668 0
273 62684 62687 0
274 62624 62627 0
275 62687 62676 0
276 7929 8001 0
277 7915 7999 0
278 7933 7955 0
279 7937 7942 0
280 7916 8007 0
281 4084 4100 0
282 4030 4106 0
283 125119 125150 0
284 7926 7953 0
285 4062 4098 0
286 4020 4071 0
287 4010 4094 0
288 7964 7983 0
289 15752 15810 0
290 15768 15782 0
291 15727 15791 0
292 4062 4089 0
293 4065 4098 0
294 15730 15824 0
295 4008 4046 0
296 7978 7989 0
297 15729 15757 0
298 4022 4039 0
299 15754 15788 0
300 4012 4028 0
301 7920 8004 0
302 15733 15777 0
303 7923 7962 0
304 4033 4082 0
305 4073 4095 0
306 15768 15803 0
307 4068 4088 0
308 15756 15783 0
309 15788 15794 0
310 15798 15824 0
311 15768 15797 0
312 15762 15796 0
313 125126 125188 0
314 15727 15799 0
315 15744 15809 0
316 15761 15783 0
317 125118 125198 0
318 15740 15818 0
319 15741 15772 0
320 15766 15815 0
321 125105 125176 0
322 7932 7975 0
323 31407 31421 0
324 2063 2129 0
325 31366 31447 0
326 2119 2143 0
327 2057 2104 0
328 2113 2143 0
329 31393 31421 0
330 31420 31436 0
331 31360 31447 0
332 2069 2094 0
333 7985 8003 0
334 31403 31440 0
335 31370 31401 0
336 2096 2138 0
337 31398 31434 0
338 31372 31449 0
339 31361 31416 0
340 31370 31406 0
341 2066 2145 0
342 31377 31394 0
343 7921 8003 0
344 31407 31423 0
345 2120 2141 0
346 31356 31445 0
347 2081 2125 0
348 2107 2131 0
349 62612 62647 0
350 2103 2116 0
351 2081 2141 0
352 2113 2135 0
353 2081 2127 0
354 62601 62693 0
355 2099 2137 0
356 2058 2132 0
357 2072 2089 0
358 2106 2127 0
359 11 48 0
360 11 47 0
361 54 89 0
362 62661 62691 0
363 7945 7953 0
364 62620 62668 0
365 62643 62680 0
366 62634 62661 0
367 62650 62682 0
368 55 90 0
369 62622 62675 0
370 62606 62622 0
371 68 99 0
372 62608 62660 0
373 42 58 0
374 62633 62668 0
375 62629 62669 0
376 125124 125163 0
377 6 23 0
378 125129 125163 0
379 125159 125192 0
380 20 90 0
381 9 67 0
382 18 65 0
383 9 75 0
384 125111 125148 0
385 7 87 0
386 18 52 0
387 250104 250181 0
388 9 47 0
389 42 72 0
390 22 43 0
391 125116 125191 0
392 7931 7949 0
393 125134 125169 0
394 2 25 0
395 125103 125162 0
396 14 74 0
397 125129 125188 0
398 7962 8003 0
399 7946 7971 0
--------------
1000000 :c
1004539 :sum(p)
1000000 :sum(w)
