400 :n
id p,w,x
--------------
0 40 2 1
1 96 6 1
2 55 5 1
3 81 9 1
4 99 12 1
5 58 9 1
6 98 22 1
7 54 14 1
8 60 19 1
9 51 23 1
10 96 44 1
11 69 33 1
12 43 21 1
13 62 31 1
14 90 55 1
15 87 56 1
16 71 48 1
17 94 73 1
18 48 42 1
19 52 48 1
20 98 92 1
21 85 80 1
22 2122 2067 1
23 2143 2091 1
24 2114 2068 1
25 2147 2101 1
26 2147 2110 1
27 4087 4019 1
28 2094 2061 1
29 2116 2083 1
30 2128 2095 1
31 4086 4023 1
32 2089 2060 1
33 2124 2095 1
34 4100 4045 1
35 4099 4045 1
36 4086 4033 1
37 2151 2124 1
38 4104 4055 1
39 4072 4024 1
40 8006 7925 1
41 4058 4020 1
42 8001 7929 1
43 7990 7919 1
44 4062 4029 1
45 4090 4057 1
46 7986 7925 1
47 2105 2089 1
48 7987 7927 1
49 2148 2132 1
50 7993 7935 1
51 7996 7939 1
52 7997 7941 1
53 4088 4060 1
54 7993 7940 1
55 4057 4031 1
56 7981 7934 1
57 15821 15731 1
58 15815 15734 1
59 15810 15730 1
60 7987 7950 1
61 4037 4019 1
62 15815 15745 1
63 7948 7916 1
64 2110 2102 1
65 15819 15761 1
66 4046 4032 1
67 15801 15747 1
68 7956 7930 1
69 4023 4010 1
70 31446 31357 1
71 31447 31358 1
72 4023 4012 1
73 7961 7940 1
74 7996 7975 1
75 7948 7928 1
76 4034 4024 1
77 15790 15751 1
78 31429 31356 1
79 7934 7916 1
80 7946 7928 1
81 7934 7917 1
82 31426 31359 1
83 31412 31351 1
84 2108 2104 1
85 7947 7932 1
86 2127 2123 1
87 31440 31386 1
88 15809 15782 1
89 31419 31368 1
90 62700 62607 1
91 2091 2088 1
92 2129 2126 1
93 31415 31371 1
94 15807 15785 1
95 15810 15790 1
96 7925 7915 1
97 4018 4013 1
98 15795 15777 1
99 62695 62628 1
100 31392 31360 1
101 15820 15762 1
102 62690 62603 1
103 15788 15750 1
104 31398 31367 1
105 31415 31384 0
106 31381 31352 0
107 31445 31445 0
108 15789 15812 0
109 27 37 0
110 62673 62613 0
111 62677 62620 0
112 31416 31388 0
113 62672 62617 0
114 125199 125100 0
115 15776 15769 0
116 15781 15769 0
117 62664 62618 0
118 31406 31383 0
119 62666 62625 0
120 15781 15771 0
121 7919 7914 1
122 125193 125114 0
123 125176 125101 0
124 62658 62627 0
125 4068 4066 1
126 31408 31393 0
127 31443 31433 0
128 15782 15777 0
129 31399 31390 0
130 31421 31413 0
131 31434 31429 0
132 31360 31359 0
133 15753 15753 0
134 31419 31419 0
135 2091 2091 0
136 62 62 1
137 15788 15793 0
138 15777 15782 0
139 7984 7987 0
140 4059 4061 0
141 4050 4053 0
142 7920 7926 0
143 15772 15786 0
144 2122 2124 0
145 4057 4061 0
146 15772 15788 0
147 4060 4065 1
148 7937 7948 0
149 4012 4018 0
150 7954 7966 0
151 2130 2134 0
152 4012 4020 0
153 4009 4018 0
154 7927 7945 0
155 7914 7936 0
156 7937 7961 0
157 2057 2065 0
158 4057 4073 0
159 4038 4055 0
160 2093 2102 0
161 4053 4071 0
162 4071 4096 0
163 2123 2139 0
164 2085 2101 0
165 2078 2094 0
166 2098 2115 0
167 2118 2140 0
168 2106 2134 0
169 2087 2115 0
170 69 81 0
171 37 47 0
172 54 76 0
173 56 81 0
174 35 56 0
175 11 27 0
176 500114 500102 0
177 500200 500169 0
178 500198 500139 0
179 500129 500153 0
180 500118 500128 0
181 500180 500170 0
182 31426 31427 0
183 125181 125172 0
184 500113 500116 0
185 500142 500131 0
186 125142 125132 0
187 500155 500146 0
188 500168 500167 0
189 250117 250127 0
190 125148 125134 0
191 125113 125116 0
192 500169 500183 0
193 250188 250149 0
194 500148 500120 0
195 500107 500123 0
196 500123 500122 0
197 62668 62659 0
198 500140 500141 0
199 500190 500107 0
200 500136 500136 0
201 500131 500133 0
202 250130 250129 0
203 500186 500163 0
204 500156 500175 0
205 500135 500107 0
206 125115 125106 0
207 500126 500124 0
208 500151 500103 0
209 500171 500165 0
210 500111 500115 0
211 125180 125174 0
212 500132 500117 0
213 125184 125185 0
214 500177 500103 0
215 250175 250129 0
216 250183 250176 0
217 62632 62631 0
218 62680 62677 0
219 62630 62628 0
220 250185 250132 0
221 125174 125150 0
222 62642 62624 0
223 250185 250125 0
224 125181 125148 0
225 62642 62614 0
226 250200 250138 0
227 250189 250126 0
228 250196 250116 0
229 125156 125119 0
230 125169 125136 0
231 62668 62642 0
232 125152 125105 0
233 125170 125110 0
234 125196 125125 0
235 125187 125120 0
236 250185 250101 0
237 62643 62623 0
238 125146 125105 0
239 250164 250121 0
240 62688 62680 0
241 250150 250104 0
242 125144 125133 0
243 62683 62683 0
244 250185 250178 0
245 250167 250166 0
246 250160 250135 0
247 125105 125105 0
248 125144 125127 0
249 250120 250103 0
250 250168 250163 0
251 125122 125107 0
252 250132 250133 0
253 125108 125105 0
254 250146 250119 0
255 125196 125197 0
256 125112 125114 0
257 250148 250145 0
258 250118 250116 0
259 7955 7994 0
260 7939 7991 0
261 31354 31400 0
262 7955 7991 0
263 31377 31438 0
264 31389 31399 0
265 7920 7970 0
266 31369 31380 0
267 31398 31430 0
268 31406 31422 0
269 62605 62638 0
270 62618 62647 0
271 7927 7962 0
272 7926 7991 0
273 31441 31447 0
274 62664 62683 0
275 62630 62644 0
276 7943 7972 0
277 7950 8012 0
278 7948 7975 0
279 4034 4079 0
280 4026 4056 0
281 7924 7990 0
282 4033 4075 0
283 4008 4079 0
284 31372 31409 0
285 62617 62664 0
286 62663 62698 0
287 4047 4091 0
288 62661 62675 0
289 31388 31446 0
290 62607 62700 0
291 62620 62644 0
292 62637 62683 0
293 62652 62679 0
294 62616 62686 0
295 31383 31388 0
296 62665 62681 0
297 62624 62678 0
298 31351 31374 0
299 4015 4052 0
300 31415 31433 0
301 31364 31433 0
302 62632 62645 0
303 4051 4089 0
304 62628 62632 0
305 62625 62695 0
306 4071 4102 0
307 7937 8000 0
308 31390 31436 0
309 62630 62650 0
310 31351 31371 0
311 31360 31447 0
312 62652 62662 0
313 4038 4076 0
314 62649 62696 0
315 62608 62637 0
316 125109 125160 0
317 4031 4060 0
318 125130 125143 0
319 125172 125199 0
320 31415 31447 0
321 2073 2149 0
322 500131 500156 0
323 125141 125189 0
324 125187 125197 0
325 125114 125140 0
326 2064 2103 0
327 125123 125191 0
328 15765 15786 0
329 2058 2150 0
330 2079 2129 0
331 15785 15808 0
332 125151 125189 0
333 15772 15811 0
334 15761 15805 0
335 2088 2143 0
336 2055 2132 0
337 15749 15822 0
338 125109 125141 0
339 125144 125180 0
340 125149 125191 0
341 125150 125175 0
342 125165 125181 0
343 125144 125199 0
344 2078 2114 0
345 250108 250165 0
346 15746 15815 0
347 15728 15761 0
348 250112 250190 0
349 250102 250172 0
350 15772 15800 0
351 2059 2106 0
352 250104 250163 0
353 2060 2101 0
354 15780 15823 0
355 250142 250176 0
356 2066 2104 0
357 250111 250187 0
358 250116 250175 0
359 250130 250178 0
360 23 82 0
361 250133 250155 0
362 35 83 0
363 15756 15824 0
364 250115 250166 0
365 250118 250199 0
366 250127 250197 0
367 15754 15800 0
368 250110 250139 0
369 250174 250193 0
370 250126 250139 0
371 15767 15805 0
372 250147 250191 0
373 250107 250159 0
374 23 94 0
375 15732 15781 0
376 7 51 0
377 250122 250191 0
378 25 63 0
379 500107 500150 0
380 15781 15818 0
381 500133 500197 0
382 500135 500180 0
383 1 48 0
384 500120 500173 0
385 500133 500192 0
386 500143 500187 0
387 15765 15824 0
388 500157 500196 0
389 57 97 0
390 55 96 0
391 43 96 0
392 500106 500174 0
393 500128 500162 0
394 500142 500196 0
395 23 60 0
396 500109 500140 0
397 500121 500165 0
398 15751 15799 0
399 15729 15776 0
--------------
1000000 :c
1004280 :sum(p)
999998 :sum(w)
