400 :n
id p,w,x
--------------
0 4106 4007 1
1 2134 2074 1
2 96 24 1
3 44 6 1
4 88 59 1
5 89 77 1
6 45 30 1
7 75 9 1
8 83 43 1
9 70 42 1
10 49 10 1
11 2140 2074 1
12 86 72 1
13 38 22 1
14 86 54 1
15 56 12 1
16 2116 2068 1
17 2151 2097 1
18 2136 2088 1
19 61 37 1
20 78 38 1
21 62 48 1
22 77 17 1
23 76 39 1
24 2111 2071 1
25 2104 2086 1
26 2146 2116 1
27 2135 2092 1
28 2128 2081 1
29 15823 15768 1
30 4081 4008 1
31 4095 4008 1
32 2102 2061 1
33 2092 2068 1
34 2100 2073 1
35 4091 4067 1
36 7943 7924 1
37 2152 2128 1
38 2109 2080 1
39 2121 2106 1
40 4097 4072 1
41 15813 15737 1
42 7964 7920 1
43 4098 4077 1
44 15809 15753 1
45 4092 4069 1
46 4079 4022 1
47 4098 4028 1
48 4052 4021 1
49 15796 15739 1
50 31419 31354 1
51 4076 4029 1
52 4071 4044 1
53 8009 7932 1
54 7989 7938 1
55 4060 4045 1
56 15824 15753 1
57 4069 4014 1
58 7997 7927 1
59 7959 7928 1
60 7979 7919 1
61 8001 7939 1
62 7988 7961 1
63 15792 15741 1
64 15764 15730 1
65 7988 7947 1
66 4100 4071 1
67 2112 2090 1
68 4096 4033 1
69 15786 15748 1
70 7991 7927 1
71 54 50 1
72 89 84 1
73 2069 2057 1
74 2121 2110 1
75 2102 2092 1
76 2098 2090 1
77 4031 4019 1
78 8001 7983 1
79 7931 7914 1
80 7974 7958 1
81 15811 15780 1
82 31440 31379 1
83 15791 15762 1
84 4074 4067 0
85 15764 15738 1
86 31447 31397 1
87 31424 31375 1
88 15799 15775 1
89 31423 31376 1
90 31446 31399 1
91 31422 31376 1
92 15769 15746 1
93 15815 15794 1
94 4034 4022 1
95 31423 31383 1
96 15752 15733 1
97 62679 62604 1
98 62691 62617 1
99 62700 62626 1
100 32 10 1
101 62679 62605 1
102 15769 15752 1
103 62697 62637 0
104 31429 31399 0
105 15797 15818 0
106 8012 8010 1
107 3 52 0
108 2130 2128 1
109 62659 62601 0
110 31426 31398 0
111 7925 7918 0
112 31382 31358 0
113 4097 4101 0
114 7969 7963 1
115 62656 62611 0
116 125199 125112 0
117 62680 62637 0
118 125182 125101 0
119 7986 7981 0
120 31371 31352 0
121 125177 125108 0
122 31393 31376 0
123 62688 62656 0
124 31394 31378 0
125 7986 7982 0
126 62690 62660 0
127 31423 31408 0
128 125174 125123 0
129 62642 62619 0
130 125195 125150 0
131 125161 125117 0
132 31376 31365 0
133 250186 250102 0
134 62655 62634 0
135 125197 125156 0
136 125190 125150 0
137 62652 62632 0
138 31439 31429 0
139 250187 250111 0
140 250192 250118 0
141 125138 125101 0
142 62638 62620 0
143 31425 31416 0
144 62660 62644 0
145 31371 31363 0
146 31392 31384 0
147 125150 125119 0
148 4061 4060 0
149 125153 125124 0
150 125177 125150 0
151 125182 125156 0
152 250199 250148 0
153 250190 250140 0
154 125168 125143 0
155 125190 125165 0
156 250181 250132 0
157 125170 125146 0
158 62670 62658 0
159 15731 15728 0
160 250154 250109 0
161 62660 62649 0
162 250173 250132 0
163 31371 31366 0
164 250144 250107 0
165 250160 250123 0
166 125130 125112 0
167 62681 62672 0
168 250145 250111 0
169 125164 125147 0
170 62692 62684 0
171 125157 125142 0
172 500197 500139 0
173 250172 250144 0
174 125159 125145 0
175 62614 62607 0
176 125171 125158 0
177 500156 500105 0
178 500164 500116 0
179 500178 500130 0
180 31362 31359 0
181 250160 250137 0
182 250181 250159 0
183 125123 125113 0
184 62655 62650 0
185 250135 250118 0
186 250170 250154 0
187 4100 4104 0
188 2078 2081 0
189 2057 2060 0
190 2092 2098 0
191 39 42 0
192 78 86 0
193 11 14 0
194 3 4 0
195 31351 31396 0
196 31361 31359 0
197 31402 31423 0
198 31403 31416 0
199 31411 31424 0
200 31362 31424 0
201 62604 62674 0
202 15789 15816 0
203 62616 62646 0
204 15790 15797 0
205 62616 62622 0
206 62635 62700 0
207 62601 62627 0
208 15790 15795 0
209 62671 62684 0
210 15737 15763 0
211 62674 62699 0
212 62633 62632 0
213 62694 62691 0
214 62649 62668 0
215 62613 62644 0
216 62643 62669 0
217 15781 15807 0
218 62605 62670 0
219 62634 62654 0
220 62630 62674 0
221 62638 62655 0
222 62676 62681 0
223 62640 62641 0
224 62652 62683 0
225 125121 125187 0
226 15761 15766 0
227 125129 125133 0
228 125100 125134 0
229 15777 15809 0
230 15767 15802 0
231 15731 15735 0
232 15775 15803 0
233 125102 125167 0
234 15792 15796 0
235 15758 15772 0
236 15780 15802 0
237 125125 125174 0
238 15728 15766 0
239 7971 7990 0
240 125108 125132 0
241 125130 125148 0
242 125118 125182 0
243 125106 125191 0
244 125104 125121 0
245 7921 7938 0
246 125137 125149 0
247 7933 7939 0
248 125136 125190 0
249 125112 125133 0
250 125150 125154 0
251 7936 7958 0
252 125175 125185 0
253 7992 8000 0
254 125116 125153 0
255 125193 125192 0
256 125100 125133 0
257 7977 7997 0
258 250190 250176 0
259 250138 250185 0
260 250108 250172 0
261 250118 250170 0
262 7955 7959 0
263 250110 250148 0
264 250133 250171 0
265 7913 7924 0
266 250132 250129 0
267 250109 250153 0
268 250156 250168 0
269 250181 250193 0
270 250127 250170 0
271 7991 8011 0
272 250179 250184 0
273 7994 8000 0
274 250148 250189 0
275 7989 8005 0
276 250113 250194 0
277 250165 250182 0
278 250172 250173 0
279 250107 250166 0
280 250148 250197 0
281 250150 250167 0
282 250134 250190 0
283 250105 250156 0
284 250111 250164 0
285 250111 250149 0
286 250141 250169 0
287 500188 500158 0
288 500187 500166 0
289 500164 500168 0
290 500177 500179 0
291 500125 500119 0
292 31356 31368 0
293 500106 500171 0
294 500106 500191 0
295 500115 500186 0
296 500165 500153 0
297 500130 500113 0
298 500146 500150 0
299 500170 500185 0
300 500139 500171 0
301 500161 500195 0
302 500136 500161 0
303 500114 500148 0
304 500151 500178 0
305 31381 31416 0
306 500152 500171 0
307 500103 500127 0
308 500180 500177 0
309 500154 500143 0
310 500127 500153 0
311 500149 500167 0
312 500135 500131 0
313 500187 500192 0
314 31362 31423 0
315 4075 4085 0
316 500139 500156 0
317 4042 4051 0
318 500137 500199 0
319 500170 500173 0
320 500104 500144 0
321 500139 500167 0
322 500134 500132 0
323 500170 500188 0
324 500113 500156 0
325 500135 500115 0
326 500178 500150 0
327 31394 31414 0
328 500156 500188 0
329 31421 31424 0
330 31405 31414 0
331 31375 31402 0
332 31388 31443 0
333 31403 31422 0
334 31381 31408 0
335 31381 31443 0
336 4056 4091 0
337 2087 2126 0
338 4010 4060 0
339 4047 4087 0
340 4022 4096 0
341 4078 4099 0
342 4025 4038 0
343 4046 4078 0
344 2084 2138 0
345 2119 2144 0
346 4069 4103 0
347 2054 2101 0
348 2120 2145 0
349 4034 4080 0
350 4014 4086 0
351 2061 2104 0
352 2118 2152 0
353 4081 4098 0
354 2093 2104 0
355 2070 2099 0
356 2074 2102 0
357 4020 4080 0
358 4019 4094 0
359 4030 4101 0
360 4009 4032 0
361 35 90 0
362 21 72 0
363 4031 4100 0
364 7966 8011 0
365 7928 7997 0
366 7936 7977 0
367 7923 7967 0
368 2082 2141 0
369 2105 2124 0
370 7937 7970 0
371 15 92 0
372 56 85 0
373 7925 7965 0
374 7941 7990 0
375 7952 8008 0
376 83 95 0
377 40 77 0
378 16 95 0
379 16 92 0
380 34 51 0
381 7953 7987 0
382 53 97 0
383 7971 8005 0
384 15749 15807 0
385 15756 15806 0
386 2080 2136 0
387 8 76 0
388 2 22 0
389 15765 15813 0
390 15734 15813 0
391 26 60 0
392 13 71 0
393 15751 15814 0
394 15734 15803 0
395 15735 15804 0
396 15743 15787 0
397 31357 31446 0
398 2075 2114 0
399 2125 2152 0
--------------
1000000 :c
1004034 :sum(p)
999999 :sum(w)
