400 :n
id p,w,x
--------------
0 2127 2071 1
1 15807 15761 1
2 99 63 1
3 7963 7924 1
4 81 30 1
5 51 12 1
6 8011 7945 1
7 65 31 1
8 31437 31359 1
9 2131 2094 1
10 2096 2057 1
11 4071 4010 1
12 2146 2114 1
13 31414 31354 1
14 15785 15746 1
15 2139 2055 1
16 2122 2065 1
17 7991 7947 1
18 4073 4024 1
19 31432 31374 1
20 94 4 1
21 67 40 1
22 91 63 1
23 2122 2074 1
24 4081 4043 1
25 15815 15765 1
26 59 10 1
27 2110 2077 1
28 4062 4027 1
29 7974 7941 1
30 94 40 1
31 4092 4023 1
32 4091 4011 1
33 7994 7927 1
34 4105 4022 1
35 15793 15736 1
36 2110 2056 1
37 91 37 1
38 31416 31351 1
39 15820 15769 1
40 2121 2055 1
41 4051 4019 1
42 4096 4059 1
43 7987 7940 1
44 4100 4034 1
45 31435 31359 1
46 2152 2108 1
47 15808 15761 1
48 4091 4029 1
49 83 16 1
50 95 38 1
51 15822 15772 1
52 62697 62602 1
53 44 22 1
54 29 20 1
55 68 50 1
56 45 34 1
57 62 47 1
58 41 35 1
59 56 49 1
60 68 63 1
61 2121 2098 1
62 2099 2088 1
63 4081 4065 1
64 7945 7915 1
65 4057 4042 1
66 4077 4063 1
67 4089 4075 1
68 2128 2121 1
69 4055 4043 1
70 4046 4036 1
71 7942 7923 1
72 2141 2136 1
73 15777 15742 1
74 15793 15759 1
75 7942 7926 1
76 4104 4097 1
77 31428 31375 1
78 7978 7965 1
79 15819 15795 1
80 15760 15737 1
81 15783 15760 1
82 15794 15772 1
83 7966 7955 1
84 7995 7984 1
85 15786 15765 1
86 31420 31380 1
87 31398 31360 1
88 15743 15727 1
89 15751 15735 1
90 31422 31391 1
91 4103 4099 1
92 31436 31406 1
93 7923 7916 1
94 8005 7998 1
95 31411 31386 1
96 33 12 1
97 62668 62618 1
98 31410 31388 0
99 62649 62607 0
100 125193 125113 0
101 31440 31427 0
102 15820 15822 0
103 48 51 0
104 62664 62624 0
105 62654 62617 0
106 62690 62654 0
107 15759 15750 0
108 15775 15766 1
109 2138 2143 0
110 15816 15807 1
111 7936 7932 1
112 7954 7950 1
113 62699 62670 0
114 125179 125127 0
115 31401 31388 0
116 125195 125145 0
117 125174 125125 0
118 7999 7996 0
119 62697 62676 0
120 62636 62616 0
121 31438 31428 0
122 15815 15810 0
123 62660 62641 0
124 62698 62679 0
125 31414 31405 0
126 7970 7968 1
127 31362 31357 0
128 31400 31396 0
129 15740 15738 0
130 31366 31363 0
131 31 31 1
132 15 15 0
133 2116 2116 1
134 4044 4044 0
135 15786 15788 0
136 15731 15733 0
137 15739 15745 0
138 7921 7925 0
139 4078 4083 0
140 4064 4072 0
141 2106 2116 0
142 2060 2070 0
143 21 30 0
144 500173 500128 0
145 125157 125133 0
146 125137 125127 0
147 62625 62616 0
148 500182 500128 0
149 500190 500128 0
150 62621 62609 0
151 500200 500144 0
152 62699 62690 0
153 125153 125138 0
154 250164 250139 0
155 125179 125150 0
156 62612 62602 0
157 500194 500121 0
158 62653 62646 0
159 250189 250119 0
160 250167 250125 0
161 125136 125108 0
162 250139 250106 0
163 250135 250110 0
164 250157 250111 0
165 125172 125144 0
166 125132 125114 0
167 125149 125123 0
168 500170 500123 0
169 250143 250111 0
170 62637 62629 0
171 62692 62677 0
172 500197 500119 0
173 62690 62684 0
174 250176 250146 0
175 125198 125159 0
176 125181 125144 0
177 125143 125107 0
178 250196 250103 0
179 125155 125119 0
180 250183 250111 0
181 125194 125148 0
182 62635 62651 0
183 62612 62639 0
184 62619 62624 0
185 62605 62610 0
186 62624 62623 0
187 62672 62675 0
188 62669 62686 0
189 125187 125194 0
190 125129 125148 0
191 125120 125134 0
192 125119 125115 0
193 62667 62669 0
194 125137 125168 0
195 125168 125189 0
196 125147 125176 0
197 31392 31393 0
198 125195 125188 0
199 125149 125190 0
200 125194 125187 0
201 125157 125158 0
202 125146 125181 0
203 125130 125163 0
204 125111 125106 0
205 125126 125124 0
206 500156 500117 0
207 62660 62668 0
208 250189 250182 0
209 250156 250137 0
210 250136 250150 0
211 250143 250192 0
212 250115 250170 0
213 31385 31392 0
214 250151 250161 0
215 250112 250125 0
216 250169 250187 0
217 250122 250173 0
218 250180 250185 0
219 250164 250146 0
220 250117 250150 0
221 250140 250142 0
222 250177 250163 0
223 250182 250172 0
224 250165 250152 0
225 250193 250184 0
226 62623 62644 0
227 31404 31406 0
228 250195 250193 0
229 250181 250194 0
230 250143 250165 0
231 250107 250189 0
232 250129 250166 0
233 250120 250147 0
234 250137 250181 0
235 250103 250197 0
236 62672 62684 0
237 250164 250177 0
238 250122 250177 0
239 250154 250153 0
240 250103 250169 0
241 250143 250182 0
242 500106 500109 0
243 500118 500126 0
244 500189 500196 0
245 500166 500154 0
246 500140 500179 0
247 500107 500104 0
248 500117 500113 0
249 500186 500188 0
250 500171 500167 0
251 500123 500145 0
252 500145 500138 0
253 500199 500185 0
254 500116 500120 0
255 500175 500147 0
256 500121 500169 0
257 500122 500139 0
258 500152 500127 0
259 500156 500132 0
260 500150 500183 0
261 500153 500176 0
262 500146 500182 0
263 500116 500120 0
264 500147 500168 0
265 500102 500194 0
266 500129 500162 0
267 500181 500185 0
268 500114 500110 0
269 500119 500190 0
270 500148 500169 0
271 62680 62678 0
272 62619 62617 0
273 62654 62659 0
274 62610 62628 0
275 125184 125143 0
276 500188 500115 0
277 62698 62688 0
278 500187 500129 0
279 500159 500112 0
280 125125 125106 0
281 7959 7977 0
282 7988 7995 0
283 7920 7958 0
284 4037 4101 0
285 4019 4057 0
286 7914 7997 0
287 7967 7997 0
288 4035 4057 0
289 4020 4096 0
290 4009 4078 0
291 7953 7994 0
292 4035 4077 0
293 4035 4106 0
294 4008 4026 0
295 7968 7976 0
296 7938 7957 0
297 7923 8011 0
298 7945 7973 0
299 7937 7993 0
300 7953 7978 0
301 4048 4066 0
302 4038 4053 0
303 4015 4034 0
304 4025 4062 0
305 7915 7943 0
306 4021 4091 0
307 7991 8012 0
308 15751 15819 0
309 15777 15821 0
310 15745 15808 0
311 4067 4080 0
312 4023 4094 0
313 4028 4040 0
314 15788 15810 0
315 15777 15810 0
316 4029 4041 0
317 4066 4075 0
318 7931 8002 0
319 2065 2103 0
320 2090 2140 0
321 15792 15822 0
322 2081 2119 0
323 2077 2124 0
324 15735 15804 0
325 2056 2084 0
326 15782 15811 0
327 15785 15821 0
328 7954 7968 0
329 2116 2149 0
330 15728 15788 0
331 2060 2078 0
332 15732 15755 0
333 2067 2153 0
334 15752 15779 0
335 2088 2105 0
336 7914 7939 0
337 2062 2123 0
338 15743 15803 0
339 15797 15820 0
340 15813 15820 0
341 31393 31436 0
342 31377 31391 0
343 31368 31433 0
344 2076 2111 0
345 31389 31419 0
346 7920 7961 0
347 2073 2090 0
348 2054 2101 0
349 2109 2146 0
350 2084 2137 0
351 31354 31378 0
352 2119 2147 0
353 2072 2128 0
354 2082 2105 0
355 2093 2126 0
356 2090 2146 0
357 31369 31438 0
358 2087 2149 0
359 31355 31445 0
360 26 43 0
361 20 62 0
362 68 87 0
363 31357 31404 0
364 31374 31440 0
365 31361 31424 0
366 31415 31448 0
367 31406 31447 0
368 31402 31419 0
369 10 85 0
370 45 96 0
371 31383 31401 0
372 9 80 0
373 56 75 0
374 6 97 0
375 31385 31444 0
376 31380 31434 0
377 31385 31403 0
378 7948 7965 0
379 35 70 0
380 31377 31418 0
381 62646 62679 0
382 62626 62678 0
383 62619 62680 0
384 62627 62697 0
385 41 57 0
386 62603 62682 0
387 125100 125186 0
388 10 33 0
389 125106 125189 0
390 21 75 0
391 18 50 0
392 125121 125180 0
393 125118 125182 0
394 14 65 0
395 4 56 0
396 125122 125192 0
397 125103 125192 0
398 7927 7953 0
399 7924 7991 0
--------------
1000000 :c
1003690 :sum(p)
999999 :sum(w)
