400 :n
id p,w,x
--------------
0 15824 15729 1
1 15805 15740 1
2 15823 15748 1
3 91 3 1
4 100 17 1
5 63 10 1
6 86 47 1
7 35 3 1
8 100 29 1
9 83 47 1
10 15798 15728 1
11 73 43 1
12 93 49 1
13 65 10 1
14 92 33 1
15 15824 15728 1
16 15812 15729 1
17 75 41 1
18 98 73 1
19 92 68 1
20 2126 2108 1
21 2106 2056 1
22 2126 2094 1
23 7951 7914 1
24 2135 2062 1
25 2152 2113 1
26 2143 2074 1
27 2085 2054 1
28 2146 2064 1
29 2093 2076 1
30 2112 2073 1
31 2146 2127 1
32 2148 2055 1
33 2103 2079 1
34 2106 2072 1
35 2153 2101 1
36 2149 2056 1
37 2136 2073 1
38 4090 4024 1
39 4099 4036 1
40 4054 4037 1
41 4066 4013 1
42 4104 4040 1
43 4079 4023 1
44 4106 4053 1
45 4056 4030 1
46 4064 4033 1
47 4040 4019 1
48 4085 4040 1
49 4076 4011 1
50 4101 4045 1
51 8002 7959 1
52 8002 7925 1
53 8012 7919 1
54 7966 7930 1
55 7972 7932 1
56 7974 7921 1
57 7997 7945 1
58 8001 7959 1
59 31427 31356 1
60 31434 31362 1
61 62690 62601 1
62 31431 31378 1
63 31431 31380 1
64 31411 31353 1
65 15776 15737 1
66 7976 7945 1
67 15817 15753 1
68 15782 15741 1
69 15809 15749 1
70 15791 15744 1
71 15811 15764 1
72 15805 15745 1
73 31441 31371 1
74 15794 15756 1
75 7997 7967 1
76 47 36 1
77 88 81 1
78 91 88 1
79 85 83 1
80 2091 2081 1
81 2074 2066 1
82 4019 4007 1
83 4023 4012 1
84 7972 7955 1
85 2070 2066 1
86 15797 15767 1
87 4046 4039 1
88 15816 15789 1
89 4014 4008 1
90 4072 4066 1
91 7936 7925 1
92 31405 31365 1
93 15755 15736 1
94 31401 31364 1
95 31427 31390 1
96 62698 62630 1
97 4057 4053 1
98 15799 15784 1
99 15809 15794 1
100 83 49 1
101 62678 62602 1
102 2116 2114 0
103 62657 62604 0
104 31412 31386 0
105 8003 8005 0
106 4106 4105 1
107 250121 250160 0
108 62699 62646 0
109 31428 31402 0
110 15754 15741 0
111 31400 31375 0
112 31444 31419 0
113 2063 2062 0
114 31417 31394 0
115 31433 31410 0
116 62672 62629 0
117 62696 62654 0
118 62651 62611 0
119 31395 31375 0
120 15771 15761 0
121 62675 62636 0
122 62664 62626 0
123 15772 15763 0
124 15807 15798 0
125 62700 62666 0
126 2114 2113 1
127 2128 2127 1
128 15780 15775 0
129 7954 7952 0
130 7964 7962 0
131 31410 31403 0
132 15805 15802 0
133 15767 15765 0
134 15795 15793 0
135 7914 7913 0
136 7931 7930 0
137 15789 15788 0
138 37 37 1
139 60 60 1
140 14 15 0
141 125189 125107 0
142 250154 250118 0
143 250117 250103 0
144 62671 62669 0
145 62688 62664 0
146 500200 500184 0
147 500134 500117 0
148 62627 62612 0
149 250185 250172 0
150 125169 125103 0
151 62664 62639 0
152 250179 250103 0
153 62679 62680 0
154 62637 62617 0
155 62644 62638 0
156 500151 500125 0
157 125140 125118 0
158 500161 500130 0
159 125170 125138 0
160 250195 250120 0
161 31409 31407 0
162 500200 500128 0
163 500131 500134 0
164 125181 125169 0
165 500172 500172 0
166 250162 250136 0
167 250198 250141 0
168 125177 125148 0
169 250189 250104 0
170 125175 125123 0
171 125150 125150 0
172 62622 62602 0
173 500115 500107 0
174 500172 500127 0
175 125191 125149 0
176 500180 500185 0
177 125151 125106 0
178 125167 125111 0
179 500160 500133 0
180 500186 500112 0
181 125128 125109 0
182 500172 500114 0
183 500153 500163 0
184 250142 250134 0
185 500195 500162 0
186 500190 500171 0
187 250173 250165 0
188 250163 250121 0
189 500120 500125 0
190 500197 500181 0
191 250143 250131 0
192 250167 250163 0
193 250153 250148 0
194 250195 250103 0
195 500135 500101 0
196 250152 250102 0
197 250158 250110 0
198 500181 500134 0
199 250158 250155 0
200 125131 125107 0
201 500169 500175 0
202 125150 125143 0
203 250168 250108 0
204 500186 500171 0
205 62655 62650 0
206 250190 250102 0
207 500123 500124 0
208 125183 125118 0
209 125158 125127 0
210 62696 62687 0
211 62628 62602 0
212 125193 125121 0
213 15746 15822 0
214 31395 31449 0
215 31401 31439 0
216 250104 250199 0
217 15761 15792 0
218 15778 15793 0
219 31351 31441 0
220 15748 15808 0
221 15764 15792 0
222 15759 15760 0
223 31355 31398 0
224 31379 31394 0
225 31388 31406 0
226 15785 15806 0
227 31425 31430 0
228 250176 250188 0
229 31354 31429 0
230 31352 31361 0
231 31360 31426 0
232 15773 15815 0
233 31410 31417 0
234 31359 31371 0
235 31371 31407 0
236 31363 31435 0
237 31408 31448 0
238 15793 15798 0
239 7960 8010 0
240 250120 250167 0
241 31377 31414 0
242 7986 8011 0
243 31370 31435 0
244 7916 7958 0
245 7968 7970 0
246 31401 31411 0
247 250109 250127 0
248 7924 7938 0
249 7954 7977 0
250 7945 8006 0
251 7921 7954 0
252 7929 7982 0
253 31372 31402 0
254 7958 8002 0
255 7934 7983 0
256 250181 250190 0
257 7930 7955 0
258 7933 8005 0
259 250126 250133 0
260 7915 7974 0
261 31436 31447 0
262 31393 31423 0
263 7921 7974 0
264 250101 250125 0
265 250115 250181 0
266 7936 8007 0
267 7921 7924 0
268 7957 7973 0
269 7943 7951 0
270 31354 31385 0
271 62610 62617 0
272 7989 7999 0
273 62615 62674 0
274 250173 250179 0
275 7938 7979 0
276 62630 62634 0
277 7928 8002 0
278 62610 62636 0
279 62628 62694 0
280 250105 250134 0
281 62675 62694 0
282 62638 62675 0
283 4016 4105 0
284 62616 62624 0
285 62633 62663 0
286 4044 4060 0
287 4031 4052 0
288 62630 62686 0
289 4027 4046 0
290 4056 4082 0
291 250157 250195 0
292 4035 4040 0
293 250126 250197 0
294 250131 250137 0
295 4030 4057 0
296 62661 62669 0
297 4069 4090 0
298 4020 4042 0
299 4011 4087 0
300 62633 62677 0
301 4045 4078 0
302 4035 4089 0
303 4052 4061 0
304 62601 62662 0
305 4072 4083 0
306 4066 4067 0
307 62647 62649 0
308 62608 62630 0
309 62609 62680 0
310 4025 4074 0
311 4089 4100 0
312 4066 4084 0
313 500170 500185 0
314 500169 500180 0
315 62611 62640 0
316 4029 4043 0
317 4073 4083 0
318 62614 62644 0
319 125162 125191 0
320 500144 500158 0
321 125107 125126 0
322 2066 2098 0
323 2066 2134 0
324 2090 2142 0
325 125166 125175 0
326 125168 125196 0
327 125125 125129 0
328 125100 125182 0
329 125148 125165 0
330 2128 2147 0
331 2098 2142 0
332 125114 125147 0
333 2059 2152 0
334 2107 2136 0
335 125110 125122 0
336 500161 500189 0
337 125114 125197 0
338 2056 2134 0
339 2058 2080 0
340 500144 500166 0
341 2075 2103 0
342 2068 2148 0
343 125141 125197 0
344 125151 125159 0
345 500121 500178 0
346 125122 125179 0
347 2077 2125 0
348 500180 500192 0
349 2101 2141 0
350 500126 500163 0
351 125116 125155 0
352 125132 125197 0
353 2106 2123 0
354 500130 500158 0
355 500128 500194 0
356 125105 125136 0
357 2067 2148 0
358 2107 2131 0
359 125136 125174 0
360 42 64 0
361 25 63 0
362 15730 15759 0
363 125126 125150 0
364 29 56 0
365 125127 125166 0
366 50 100 0
367 51 91 0
368 125173 125180 0
369 11 41 0
370 500137 500166 0
371 500111 500146 0
372 500116 500192 0
373 4 59 0
374 125106 125138 0
375 500103 500132 0
376 125123 125150 0
377 72 98 0
378 125143 125186 0
379 250153 250198 0
380 250115 250131 0
381 500109 500168 0
382 5 77 0
383 17 91 0
384 11 63 0
385 250139 250192 0
386 250136 250164 0
387 54 58 0
388 500117 500151 0
389 21 77 0
390 83 98 0
391 250107 250114 0
392 9 54 0
393 21 80 0
394 63 74 0
395 1 86 0
396 500104 500126 0
397 250127 250145 0
398 15777 15798 0
399 15732 15744 0
--------------
1000000 :c
1004515 :sum(p)
1000000 :sum(w)
