400 :n
id p,w,x
--------------
0 15824 15743 1
1 15812 15753 1
2 15818 15739 1
3 51 5 1
4 90 65 1
5 15810 15748 1
6 100 2 1
7 100 62 1
8 39 24 1
9 7996 7958 1
10 93 6 1
11 70 48 1
12 97 64 1
13 84 47 1
14 86 10 1
15 7999 7939 1
16 2128 2100 1
17 2150 2062 1
18 2143 2075 1
19 2147 2056 1
20 2122 2086 1
21 2146 2071 1
22 2143 2091 1
23 2136 2083 1
24 2118 2063 1
25 2081 2056 1
26 2119 2068 1
27 2116 2095 1
28 2108 2076 1
29 2145 2117 1
30 2138 2064 1
31 2153 2059 1
32 4036 4014 1
33 4037 4010 1
34 4053 4024 1
35 4061 4018 1
36 4089 4055 1
37 4062 4034 1
38 4069 4049 1
39 4098 4039 1
40 4102 4023 1
41 7981 7930 1
42 4104 4084 1
43 4106 4073 1
44 4061 4008 1
45 4084 4051 1
46 4106 4031 1
47 4102 4072 1
48 4101 4027 1
49 4087 4033 1
50 8005 7962 1
51 7995 7962 1
52 7986 7935 1
53 7969 7926 1
54 7982 7922 1
55 7955 7921 1
56 7957 7925 1
57 7997 7917 1
58 7972 7942 1
59 15796 15754 1
60 31450 31363 1
61 31425 31352 1
62 15823 15778 1
63 31430 31363 1
64 79 66 1
65 43 38 1
66 33 30 1
67 2138 2127 1
68 4038 4019 1
69 4046 4032 1
70 2082 2075 1
71 2150 2144 1
72 8000 7978 1
73 7978 7958 1
74 2122 2117 1
75 15762 15727 1
76 4099 4090 1
77 4100 4091 1
78 15780 15747 1
79 7985 7969 1
80 4023 4015 0
81 8006 7991 1
82 4086 4079 1
83 15819 15794 1
84 62698 62601 1
85 62690 62604 1
86 31435 31393 1
87 62690 62612 1
88 62694 62616 1
89 31432 31394 1
90 62676 62603 1
91 91 50 1
92 31424 31360 1
93 15757 15732 1
94 31435 31376 1
95 62684 62612 0
96 15792 15774 1
97 62696 62638 0
98 31443 31420 0
99 15764 15823 0
100 62674 62603 0
101 15825 15809 1
102 7952 7944 1
103 4077 4073 1
104 62659 62601 0
105 15761 15747 0
106 8002 8008 0
107 15796 15783 0
108 62657 62608 0
109 62671 62626 0
110 15772 15762 0
111 31398 31379 0
112 31412 31394 0
113 15750 15743 0
114 15809 15804 0
115 15794 15790 0
116 7956 7954 1
117 7924 7923 0
118 7963 7962 0
119 7968 7968 0
120 2143 2143 0
121 2119 2122 0
122 2105 2108 0
123 2140 2149 0
124 85 91 0
125 19 25 0
126 3 15 0
127 62649 62612 0
128 62661 62633 0
129 31397 31386 0
130 125179 125111 0
131 125187 125118 0
132 125174 125114 0
133 62650 62626 0
134 250187 250109 0
135 125183 125160 0
136 31422 31413 0
137 250172 250117 0
138 250178 250105 0
139 62684 62673 0
140 125164 125131 0
141 125128 125106 0
142 62694 62680 0
143 125158 125135 0
144 62656 62641 0
145 62636 62617 0
146 31427 31414 0
147 62653 62633 0
148 250162 250150 0
149 125150 125143 0
150 250193 250167 0
151 250185 250157 0
152 125117 125102 0
153 125121 125106 0
154 125186 125179 0
155 250190 250153 0
156 250134 250122 0
157 250182 250144 0
158 125127 125110 0
159 250193 250179 0
160 250166 250124 0
161 31429 31427 0
162 500140 500102 0
163 500197 500146 0
164 125184 125172 0
165 500170 500104 0
166 500148 500125 0
167 500199 500156 0
168 500174 500134 0
169 500200 500159 0
170 500187 500143 0
171 500156 500113 0
172 500135 500113 0
173 500138 500109 0
174 250116 250106 0
175 31406 31402 0
176 250143 250124 0
177 250153 250111 0
178 500166 500149 0
179 15806 15805 0
180 250135 250115 0
181 125176 125106 0
182 62681 62648 0
183 125197 125137 0
184 62671 62651 0
185 62659 62623 0
186 125190 125149 0
187 125191 125136 0
188 62686 62664 0
189 31410 31446 0
190 31372 31402 0
191 31355 31358 0
192 31418 31449 0
193 31380 31409 0
194 31356 31384 0
195 31405 31440 0
196 31373 31393 0
197 31383 31409 0
198 31358 31402 0
199 250139 250167 0
200 15764 15805 0
201 31368 31406 0
202 15765 15774 0
203 15776 15810 0
204 15737 15798 0
205 31351 31420 0
206 250148 250161 0
207 15741 15805 0
208 15731 15749 0
209 31356 31427 0
210 31355 31398 0
211 15745 15791 0
212 15762 15775 0
213 15753 15799 0
214 62634 62680 0
215 15768 15818 0
216 15727 15765 0
217 62624 62697 0
218 15780 15790 0
219 62625 62688 0
220 15753 15770 0
221 15738 15783 0
222 15750 15819 0
223 15785 15786 0
224 62617 62637 0
225 62662 62665 0
226 62613 62667 0
227 62620 62619 0
228 62639 62687 0
229 62664 62667 0
230 15751 15772 0
231 62607 62664 0
232 62624 62681 0
233 15766 15799 0
234 62631 62694 0
235 15796 15809 0
236 62646 62653 0
237 15730 15775 0
238 62602 62638 0
239 62660 62662 0
240 250179 250193 0
241 62615 62696 0
242 7986 8001 0
243 7979 8012 0
244 62601 62635 0
245 7937 8011 0
246 125103 125115 0
247 125105 125154 0
248 31407 31426 0
249 7946 7971 0
250 125173 125169 0
251 7929 7970 0
252 7969 8011 0
253 7941 7997 0
254 250134 250141 0
255 7933 7940 0
256 125146 125155 0
257 7923 7953 0
258 250108 250159 0
259 125156 125153 0
260 7956 7979 0
261 125154 125166 0
262 125158 125173 0
263 7943 8002 0
264 7926 7994 0
265 250105 250122 0
266 250123 250128 0
267 7922 7993 0
268 250105 250158 0
269 125111 125180 0
270 7998 8009 0
271 7923 7948 0
272 250103 250186 0
273 125159 125173 0
274 7914 7987 0
275 125111 125177 0
276 31362 31399 0
277 7961 8000 0
278 7935 7979 0
279 125117 125168 0
280 4026 4093 0
281 4044 4068 0
282 125125 125155 0
283 4010 4055 0
284 4031 4067 0
285 125157 125188 0
286 250102 250104 0
287 125101 125136 0
288 250144 250158 0
289 4020 4043 0
290 250145 250186 0
291 125181 125187 0
292 250103 250124 0
293 125130 125182 0
294 4032 4090 0
295 125138 125173 0
296 4044 4064 0
297 125111 125158 0
298 4057 4094 0
299 125165 125175 0
300 125112 125156 0
301 4070 4103 0
302 4044 4064 0
303 125166 125173 0
304 4021 4102 0
305 4009 4088 0
306 125152 125184 0
307 500138 500135 0
308 500109 500163 0
309 500151 500191 0
310 4031 4045 0
311 4077 4091 0
312 4037 4064 0
313 4080 4106 0
314 500105 500147 0
315 125169 125185 0
316 500188 500184 0
317 500145 500194 0
318 500128 500185 0
319 250139 250193 0
320 500143 500129 0
321 2072 2142 0
322 2064 2118 0
323 31360 31416 0
324 500139 500173 0
325 500163 500149 0
326 250124 250116 0
327 250131 250130 0
328 31371 31388 0
329 250150 250178 0
330 2099 2142 0
331 500134 500127 0
332 2075 2132 0
333 250150 250200 0
334 500153 500188 0
335 2112 2142 0
336 2065 2089 0
337 250124 250188 0
338 250171 250179 0
339 2126 2146 0
340 2054 2124 0
341 500113 500164 0
342 250123 250123 0
343 31362 31427 0
344 2130 2143 0
345 500160 500152 0
346 2092 2126 0
347 500152 500195 0
348 500153 500195 0
349 2067 2102 0
350 2067 2117 0
351 250110 250175 0
352 31361 31385 0
353 2108 2126 0
354 2067 2115 0
355 500142 500164 0
356 2117 2151 0
357 2089 2135 0
358 500148 500164 0
359 17 96 0
360 48 90 0
361 500141 500177 0
362 78 100 0
363 27 93 0
364 30 83 0
365 3 95 0
366 43 76 0
367 250118 250159 0
368 500131 500136 0
369 20 68 0
370 500116 500175 0
371 31366 31415 0
372 50 95 0
373 82 98 0
374 250157 250182 0
375 9 57 0
376 31399 31405 0
377 17 60 0
378 15 78 0
379 500174 500163 0
380 31395 31427 0
381 500129 500115 0
382 5 45 0
383 48 64 0
384 13 62 0
385 1 37 0
386 500119 500198 0
387 500101 500147 0
388 500179 500174 0
389 500104 500136 0
390 250103 250105 0
391 500128 500128 0
392 7 61 0
393 13 60 0
394 36 68 0
395 46 94 0
396 18 47 0
397 6 100 0
398 31421 31427 0
399 31390 31450 0
--------------
1000000 :c
1004213 :sum(p)
999999 :sum(w)
