400 :n
id p,w,x
--------------
0 8010 7935 1
1 8012 7932 1
2 2097 2054 1
3 100 69 1
4 91 73 1
5 2149 2063 1
6 8010 7919 1
7 7990 7923 1
8 96 74 1
9 2136 2070 1
10 54 27 1
11 97 21 1
12 100 62 1
13 27 7 1
14 4099 4021 1
15 4064 4013 1
16 2109 2072 1
17 2138 2115 1
18 2090 2060 1
19 4068 4014 1
20 4100 4022 1
21 4073 4021 1
22 4080 4016 1
23 65 5 1
24 2106 2072 1
25 41 1 1
26 84 18 1
27 4098 4015 1
28 2142 2122 1
29 2118 2078 1
30 2141 2114 1
31 2149 2076 1
32 2149 2106 1
33 2111 2054 1
34 7979 7945 1
35 4066 4035 1
36 15797 15745 1
37 8004 7963 1
38 15823 15728 1
39 15808 15737 1
40 15800 15734 1
41 7961 7924 1
42 4101 4072 1
43 15814 15739 1
44 31429 31353 1
45 15804 15735 1
46 7993 7969 1
47 4091 4070 1
48 15807 15768 1
49 15815 15731 1
50 15784 15728 1
51 31445 31365 1
52 7961 7933 1
53 15815 15770 1
54 15802 15743 1
55 8010 7982 1
56 7947 7921 1
57 15792 15744 1
58 13 1 1
59 21 8 1
60 29 15 1
61 81 70 1
62 21 19 1
63 11 10 1
64 85 78 1
65 32 30 1
66 87 82 1
67 2152 2135 1
68 2097 2086 1
69 4026 4011 1
70 4060 4047 1
71 2066 2060 1
72 2109 2103 1
73 7941 7919 1
74 7945 7923 1
75 4047 4037 1
76 4095 4085 1
77 31437 31367 1
78 15768 15733 1
79 15799 15765 1
80 7979 7962 1
81 15767 15737 1
82 15772 15742 1
83 2133 2129 1
84 2153 2149 1
85 15825 15798 1
86 31411 31360 1
87 15772 15750 1
88 15792 15771 1
89 4092 4087 1
90 31412 31374 1
91 15778 15759 1
92 62696 62622 1
93 31445 31408 1
94 15775 15757 1
95 31432 31399 1
96 31396 31364 1
97 4088 4042 1
98 62673 62601 1
99 62689 62628 1
100 62674 62616 0
101 125178 125107 0
102 62698 62673 0
103 7981 8001 0
104 26 75 0
105 4020 4017 1
106 4094 4091 1
107 15737 15726 0
108 31402 31384 0
109 15815 15806 0
110 2141 2148 0
111 125171 125102 0
112 15739 15731 0
113 4027 4025 0
114 4082 4080 0
115 125179 125125 0
116 62697 62670 0
117 31381 31368 0
118 31437 31425 0
119 31391 31380 0
120 31448 31437 0
121 7955 7953 0
122 4028 4027 1
123 4099 4098 0
124 7914 7913 0
125 15742 15741 0
126 15753 15753 0
127 15770 15771 0
128 7973 7977 0
129 7916 7920 0
130 7931 7937 0
131 4058 4063 0
132 2075 2079 1
133 4036 4044 0
134 2126 2132 0
135 2091 2097 0
136 2059 2065 0
137 2061 2072 0
138 83 85 1
139 89 97 0
140 34 45 0
141 62610 62601 0
142 125195 125149 0
143 125126 125112 0
144 62677 62652 0
145 62665 62667 0
146 125141 125166 0
147 62617 62601 0
148 125151 125168 0
149 125152 125108 0
150 125150 125166 0
151 125183 125162 0
152 62606 62603 0
153 62662 62659 0
154 62627 62634 0
155 62697 62700 0
156 125109 125117 0
157 62676 62653 0
158 125173 125137 0
159 31383 31382 0
160 125146 125106 0
161 125151 125106 0
162 62633 62630 0
163 250181 250131 0
164 125140 125149 0
165 250154 250158 0
166 31422 31416 0
167 62693 62683 0
168 250181 250166 0
169 250104 250130 0
170 250101 250158 0
171 250109 250127 0
172 62664 62650 0
173 250158 250173 0
174 250164 250146 0
175 250148 250150 0
176 250134 250129 0
177 250126 250168 0
178 250191 250106 0
179 250135 250125 0
180 250119 250163 0
181 125171 125165 0
182 250149 250192 0
183 250113 250104 0
184 250141 250107 0
185 250127 250158 0
186 31398 31395 0
187 250149 250141 0
188 250189 250181 0
189 250171 250181 0
190 250149 250185 0
191 250108 250175 0
192 250122 250164 0
193 250143 250178 0
194 250138 250149 0
195 125109 125112 0
196 250178 250154 0
197 250106 250133 0
198 250175 250139 0
199 250175 250137 0
200 250184 250121 0
201 250108 250174 0
202 250159 250181 0
203 250179 250136 0
204 125147 125104 0
205 250177 250137 0
206 250142 250139 0
207 250175 250144 0
208 250185 250193 0
209 500142 500126 0
210 500129 500144 0
211 500114 500147 0
212 500135 500115 0
213 62632 62620 0
214 500187 500156 0
215 500105 500177 0
216 500182 500190 0
217 500187 500115 0
218 500194 500148 0
219 500114 500163 0
220 500142 500184 0
221 500180 500103 0
222 500196 500178 0
223 500194 500149 0
224 500169 500195 0
225 500134 500162 0
226 500163 500115 0
227 500129 500114 0
228 500183 500189 0
229 500196 500166 0
230 500154 500127 0
231 500179 500153 0
232 500153 500186 0
233 125159 125126 0
234 125136 125169 0
235 500141 500197 0
236 500116 500101 0
237 500177 500143 0
238 500110 500106 0
239 500176 500173 0
240 500102 500167 0
241 500157 500169 0
242 500187 500130 0
243 500140 500135 0
244 500155 500150 0
245 500166 500162 0
246 500177 500145 0
247 500194 500145 0
248 500111 500199 0
249 500195 500181 0
250 500173 500132 0
251 500110 500128 0
252 125178 125176 0
253 125156 125180 0
254 125154 125107 0
255 125191 125188 0
256 62654 62655 0
257 62670 62680 0
258 125100 125133 0
259 62651 62636 0
260 62666 62642 0
261 125198 125172 0
262 31359 31371 0
263 31404 31419 0
264 31355 31403 0
265 31354 31368 0
266 31417 31436 0
267 31386 31404 0
268 31369 31396 0
269 31397 31444 0
270 31378 31441 0
271 31380 31390 0
272 31415 31447 0
273 31379 31421 0
274 31364 31391 0
275 31353 31388 0
276 31395 31432 0
277 31419 31430 0
278 31365 31426 0
279 15792 15822 0
280 31366 31399 0
281 31359 31402 0
282 31388 31400 0
283 31388 31407 0
284 31364 31388 0
285 62632 62676 0
286 62655 62672 0
287 62606 62635 0
288 62667 62696 0
289 62656 62691 0
290 62606 62630 0
291 62621 62691 0
292 62614 62664 0
293 62659 62687 0
294 62665 62694 0
295 62618 62682 0
296 125135 125198 0
297 125154 125194 0
298 125111 125167 0
299 125133 125189 0
300 125123 125161 0
301 125142 125189 0
302 125100 125155 0
303 125115 125197 0
304 125109 125190 0
305 125137 125179 0
306 125132 125184 0
307 15787 15801 0
308 125117 125176 0
309 125130 125194 0
310 250112 250185 0
311 250111 250194 0
312 15769 15798 0
313 7964 7979 0
314 15778 15786 0
315 15771 15796 0
316 7922 7937 0
317 62686 62678 0
318 62643 62659 0
319 62679 62664 0
320 62691 62699 0
321 62610 62604 0
322 62673 62663 0
323 125151 125116 0
324 4061 4079 0
325 4042 4070 0
326 4091 4106 0
327 2060 2136 0
328 4035 4060 0
329 4045 4065 0
330 4012 4076 0
331 2094 2123 0
332 2071 2129 0
333 4033 4087 0
334 2120 2151 0
335 2054 2084 0
336 4054 4092 0
337 2088 2151 0
338 2123 2149 0
339 7928 7994 0
340 2095 2125 0
341 7930 7954 0
342 7965 8006 0
343 4050 4063 0
344 2083 2109 0
345 4082 4098 0
346 4033 4068 0
347 2079 2104 0
348 7942 7965 0
349 2067 2089 0
350 2080 2112 0
351 7938 8007 0
352 2094 2149 0
353 7918 7976 0
354 7915 7972 0
355 7916 7978 0
356 2055 2142 0
357 7937 7976 0
358 4029 4060 0
359 7915 7944 0
360 7933 8012 0
361 7934 7964 0
362 30 92 0
363 19 63 0
364 7949 7974 0
365 50 77 0
366 1 90 0
367 7932 7960 0
368 59 93 0
369 7925 7964 0
370 26 46 0
371 7968 7995 0
372 7922 8009 0
373 7943 8000 0
374 24 62 0
375 28 56 0
376 24 51 0
377 64 97 0
378 10 49 0
379 15778 15811 0
380 2124 2142 0
381 15731 15774 0
382 51 73 0
383 15745 15778 0
384 15 94 0
385 15750 15808 0
386 15747 15781 0
387 25 100 0
388 4027 4072 0
389 6 39 0
390 15747 15782 0
391 73 94 0
392 15736 15800 0
393 4013 4090 0
394 8 84 0
395 15783 15816 0
396 31358 31434 0
397 31358 31447 0
398 4022 4095 0
399 4019 4081 0
--------------
1000000 :c
1003944 :sum(p)
1000000 :sum(w)
