400 :n
id p,w,x
--------------
0 2133 2065 1
1 2118 2069 1
2 15807 15742 1
3 15818 15757 1
4 15787 15744 1
5 15793 15743 1
6 15809 15731 1
7 27 11 1
8 15804 15746 1
9 15779 15727 1
10 15821 15732 1
11 33 6 1
12 15790 15749 1
13 2144 2123 1
14 15798 15730 1
15 7990 7915 1
16 7996 7955 1
17 7978 7954 1
18 8012 7943 1
19 7997 7936 1
20 99 36 1
21 7995 7959 1
22 27 3 1
23 8002 7927 1
24 53 26 1
25 7974 7913 1
26 7999 7930 1
27 8004 7946 1
28 7993 7971 1
29 45 36 1
30 7971 7926 1
31 7998 7926 1
32 91 59 1
33 76 10 1
34 2115 2076 1
35 81 25 1
36 4079 4048 1
37 4073 4016 1
38 84 70 1
39 4091 4017 1
40 4091 4018 1
41 4098 4082 1
42 4062 4045 1
43 4087 4031 1
44 4103 4031 1
45 4077 4027 1
46 53 45 1
47 100 60 1
48 2100 2076 1
49 4048 4038 1
50 4065 4050 1
51 4060 4034 1
52 4088 4061 1
53 66 48 1
54 98 16 1
55 2127 2095 1
56 15797 15758 1
57 28 20 1
58 87 34 1
59 2124 2101 1
60 2132 2093 1
61 2135 2086 1
62 2130 2116 1
63 2113 2065 1
64 2124 2061 1
65 2130 2098 1
66 54 26 1
67 2116 2106 1
68 2117 2074 1
69 2108 2095 1
70 2098 2061 1
71 92 85 1
72 76 75 1
73 93 92 1
74 4071 4061 1
75 7979 7961 1
76 31431 31362 1
77 7947 7930 1
78 8011 7995 1
79 4024 4016 1
80 4095 4087 1
81 15778 15748 1
82 8010 7995 1
83 2137 2133 1
84 4015 4008 1
85 7996 7983 1
86 31439 31388 1
87 2136 2133 0
88 31430 31386 1
89 15789 15767 1
90 31449 31408 1
91 4054 4049 1
92 62699 62625 1
93 15772 15755 1
94 31441 31410 1
95 31389 31361 1
96 62681 62627 1
97 62653 62604 1
98 31442 31418 1
99 7970 7964 0
100 8006 8000 1
101 4092 4089 0
102 36 33 1
103 31382 31355 1
104 62680 62636 0
105 31408 31386 0
106 125188 125104 0
107 62690 62664 0
108 95 98 0
109 15742 15801 0
110 62658 62617 1
111 62659 62620 0
112 62681 62642 0
113 62672 62634 0
114 2068 2071 0
115 62641 62604 0
116 15751 15742 0
117 15787 15778 0
118 15825 15816 1
119 62672 62639 0
120 125166 125105 0
121 125192 125133 0
122 62631 62602 0
123 62638 62611 0
124 31402 31390 0
125 7941 7938 0
126 31393 31382 0
127 31442 31431 0
128 31448 31437 0
129 15766 15762 0
130 15791 15787 0
131 7952 7950 0
132 4039 4038 0
133 8006 8005 0
134 2147 2147 0
135 2086 2087 0
136 44 45 0
137 22 29 0
138 125163 125116 0
139 125170 125125 0
140 62688 62665 0
141 62684 62664 0
142 62677 62676 0
143 62650 62643 0
144 500151 500139 0
145 250134 250103 0
146 250158 250169 0
147 62640 62641 0
148 250146 250130 0
149 500160 500115 0
150 250154 250127 0
151 500140 500121 0
152 125117 125100 0
153 125147 125128 0
154 250156 250106 0
155 500187 500133 0
156 125132 125136 0
157 62623 62604 0
158 125118 125107 0
159 250162 250119 0
160 500197 500130 0
161 250200 250172 0
162 500114 500115 0
163 500179 500181 0
164 250128 250139 0
165 31419 31414 0
166 500154 500154 0
167 125191 125163 0
168 500125 500110 0
169 500129 500105 0
170 125145 125140 0
171 125176 125174 0
172 250131 250108 0
173 31380 31375 0
174 125137 125121 0
175 250187 250132 0
176 500149 500153 0
177 125181 125149 0
178 250196 250138 0
179 500120 500142 0
180 500170 500112 0
181 125174 125167 0
182 250149 250115 0
183 125144 125148 0
184 250104 250117 0
185 500129 500114 0
186 31449 31448 0
187 500110 500126 0
188 500166 500134 0
189 31360 31355 0
190 250174 250125 0
191 250121 250135 0
192 125152 125118 0
193 250155 250168 0
194 31407 31400 0
195 125178 125170 0
196 62629 62615 0
197 500181 500143 0
198 250113 250105 0
199 500192 500195 0
200 250184 250124 0
201 500113 500121 0
202 125125 125113 0
203 500168 500130 0
204 125134 125132 0
205 500145 500130 0
206 250144 250139 0
207 250152 250101 0
208 250182 250175 0
209 500187 500166 0
210 500130 500149 0
211 500133 500153 0
212 500156 500170 0
213 250155 250121 0
214 500192 500140 0
215 500200 500168 0
216 250174 250151 0
217 250192 250179 0
218 62642 62623 0
219 250131 250111 0
220 250161 250154 0
221 62663 62651 0
222 125179 125141 0
223 125187 125142 0
224 125170 125128 0
225 15737 15785 0
226 15738 15759 0
227 15777 15817 0
228 15741 15819 0
229 15800 15806 0
230 15730 15815 0
231 15750 15784 0
232 15739 15742 0
233 15747 15769 0
234 15728 15810 0
235 15777 15822 0
236 15791 15816 0
237 500156 500184 0
238 15745 15766 0
239 31383 31400 0
240 7931 7946 0
241 7936 7991 0
242 31417 31434 0
243 7914 7984 0
244 31360 31446 0
245 31363 31436 0
246 31368 31419 0
247 7954 8008 0
248 7978 7981 0
249 7953 7994 0
250 7924 8002 0
251 31392 31421 0
252 31407 31449 0
253 7970 7977 0
254 7939 7946 0
255 31363 31433 0
256 31372 31437 0
257 7946 7991 0
258 31441 31444 0
259 31352 31382 0
260 31357 31373 0
261 7976 7989 0
262 7979 7998 0
263 31383 31432 0
264 7917 7979 0
265 31371 31445 0
266 31362 31396 0
267 7970 7993 0
268 31430 31447 0
269 7965 7970 0
270 31355 31408 0
271 31355 31411 0
272 31386 31401 0
273 31386 31394 0
274 7937 7964 0
275 31406 31418 0
276 31362 31369 0
277 62609 62629 0
278 7934 7996 0
279 4039 4046 0
280 62645 62673 0
281 4082 4105 0
282 4032 4073 0
283 62623 62636 0
284 4019 4092 0
285 4014 4086 0
286 62616 62633 0
287 4045 4059 0
288 4062 4073 0
289 62639 62683 0
290 4052 4080 0
291 62621 62653 0
292 62664 62671 0
293 62689 62699 0
294 62650 62670 0
295 4033 4040 0
296 4043 4052 0
297 62632 62690 0
298 62672 62692 0
299 62635 62642 0
300 4011 4104 0
301 62677 62695 0
302 4018 4080 0
303 4015 4069 0
304 4067 4073 0
305 4019 4098 0
306 4029 4045 0
307 4025 4052 0
308 62613 62682 0
309 62602 62661 0
310 4032 4092 0
311 4013 4019 0
312 62653 62680 0
313 62657 62688 0
314 4018 4062 0
315 62620 62663 0
316 125113 125169 0
317 125103 125145 0
318 125141 125186 0
319 125102 125131 0
320 2130 2137 0
321 2072 2145 0
322 125129 125199 0
323 2103 2135 0
324 125112 125154 0
325 125119 125170 0
326 125140 125198 0
327 2087 2104 0
328 2073 2111 0
329 125113 125197 0
330 2102 2152 0
331 125117 125140 0
332 125120 125128 0
333 125133 125179 0
334 125103 125182 0
335 125129 125179 0
336 125154 125188 0
337 2115 2141 0
338 15734 15750 0
339 125111 125174 0
340 125156 125190 0
341 2077 2125 0
342 250101 250158 0
343 250126 250157 0
344 2082 2108 0
345 250104 250143 0
346 2114 2143 0
347 2097 2131 0
348 2063 2121 0
349 2114 2150 0
350 250101 250152 0
351 2124 2143 0
352 2066 2101 0
353 2133 2151 0
354 15765 15815 0
355 2104 2117 0
356 250149 250187 0
357 2057 2105 0
358 250155 250171 0
359 61 87 0
360 250117 250154 0
361 250131 250176 0
362 250145 250178 0
363 15754 15804 0
364 40 56 0
365 1 10 0
366 15 66 0
367 33 43 0
368 250103 250125 0
369 44 83 0
370 250164 250183 0
371 250146 250195 0
372 250123 250154 0
373 250158 250187 0
374 500146 500190 0
375 50 83 0
376 18 82 0
377 53 91 0
378 500131 500181 0
379 500129 500170 0
380 7 50 0
381 32 88 0
382 15727 15790 0
383 15770 15806 0
384 500120 500158 0
385 10 77 0
386 500125 500195 0
387 500119 500152 0
388 500122 500158 0
389 500135 500192 0
390 500129 500157 0
391 10 60 0
392 500117 500180 0
393 2 24 0
394 500133 500196 0
395 500126 500169 0
396 30 66 0
397 40 75 0
398 15746 15776 0
399 15727 15731 0
--------------
1000000 :c
1003800 :sum(p)
999999 :sum(w)
