400 :n
id p,w,x
--------------
0 2128 2078 1
1 2133 2067 1
2 4085 4022 1
3 4088 4043 1
4 7998 7951 1
5 4079 4009 1
6 2134 2071 1
7 7985 7921 1
8 4090 4030 1
9 4078 4032 1
10 2140 2094 1
11 4091 4024 1
12 7998 7946 1
13 15809 15739 1
14 4080 4038 1
15 7980 7925 1
16 4074 4037 1
17 7996 7913 1
18 4069 4024 1
19 2137 2060 1
20 98 58 1
21 2126 2055 1
22 2112 2065 1
23 2147 2077 1
24 8003 7957 1
25 7981 7915 1
26 4091 4016 1
27 72 40 1
28 4069 4007 1
29 53 20 1
30 4095 4039 1
31 8012 7931 1
32 4105 4041 1
33 78 18 1
34 7991 7928 1
35 2151 2089 1
36 4081 4008 1
37 8011 7935 1
38 19 1 1
39 30 2 1
40 42 13 1
41 52 22 1
42 63 43 1
43 87 67 1
44 37 31 1
45 14 13 1
46 90 86 1
47 83 81 1
48 2130 2099 1
49 2101 2074 1
50 2119 2092 1
51 2110 2085 1
52 2104 2084 1
53 2122 2102 1
54 2088 2070 1
55 2096 2079 1
56 2081 2065 1
57 2148 2132 1
58 2075 2061 1
59 4097 4070 1
60 2128 2116 1
61 4054 4036 1
62 2128 2119 1
63 15809 15745 1
64 7949 7919 1
65 15820 15765 1
66 15825 15771 1
67 15792 15741 1
68 4030 4017 1
69 15781 15734 1
70 7976 7954 1
71 15782 15739 1
72 7948 7928 1
73 31447 31372 1
74 2124 2119 1
75 15809 15773 1
76 15810 15774 1
77 7998 7982 1
78 15792 15761 1
79 2120 2116 1
80 7950 7935 1
81 7952 7937 1
82 31424 31382 1
83 31424 31384 1
84 31448 31394 1
85 31417 31371 1
86 62696 62608 1
87 8010 7929 1
88 31448 31408 1
89 62686 62609 1
90 62691 62619 1
91 15778 15756 1
92 31405 31367 1
93 31436 31377 1
94 62681 62607 1
95 8003 7992 0
96 31440 31405 1
97 31434 31406 0
98 31389 31362 0
99 31439 31446 0
100 15817 15808 1
101 56 57 0
102 62653 62605 0
103 15788 15776 1
104 62697 62651 0
105 31436 31414 0
106 31437 31415 0
107 31384 31367 0
108 125184 125103 0
109 125193 125120 0
110 125197 125125 0
111 62670 62626 0
112 62632 62601 0
113 62685 62651 0
114 62637 62603 0
115 125194 125137 0
116 250146 250110 0
117 87 100 0
118 15740 15733 0
119 250195 250101 0
120 125191 125148 0
121 125180 125140 0
122 62634 62614 0
123 250188 250110 0
124 125186 125148 0
125 125142 125105 0
126 250199 250128 0
127 125148 125115 0
128 31428 31420 0
129 15777 15773 0
130 15819 15815 0
131 7928 7926 0
132 250182 250125 0
133 62646 62632 0
134 250187 250132 0
135 250188 250133 0
136 125159 125132 0
137 125141 125115 0
138 62695 62682 0
139 250180 250130 0
140 125191 125166 0
141 31403 31397 0
142 15807 15804 0
143 250192 250145 0
144 250154 250109 0
145 125128 125106 0
146 62639 62628 0
147 62677 62667 0
148 125183 125164 0
149 250164 250127 0
150 62685 62676 0
151 62700 62691 0
152 250188 250155 0
153 31407 31403 0
154 15795 15793 0
155 125146 125132 0
156 31394 31391 0
157 2144 2144 1
158 15774 15774 0
159 31430 31431 0
160 15823 15824 0
161 31355 31357 0
162 15822 15824 0
163 4044 4045 1
164 15785 15789 0
165 15763 15770 0
166 2109 2110 0
167 4052 4054 0
168 4012 4014 0
169 15773 15781 0
170 15815 15824 0
171 7986 7992 0
172 7928 7935 0
173 2060 2062 1
174 7923 7932 0
175 4008 4013 0
176 7926 7936 0
177 4097 4103 0
178 4047 4053 0
179 4013 4019 0
180 7921 7933 0
181 4054 4061 0
182 4045 4052 0
183 4038 4046 0
184 2076 2082 0
185 4077 4089 0
186 4090 4103 0
187 4062 4075 0
188 4068 4082 0
189 4059 4073 0
190 2072 2088 0
191 2060 2076 0
192 2080 2099 0
193 59 67 0
194 34 48 0
195 18 39 0
196 9 29 0
197 2 15 0
198 31373 31388 0
199 125131 125171 0
200 125120 125174 0
201 125156 125190 0
202 125155 125167 0
203 125104 125136 0
204 250117 250136 0
205 62631 62651 0
206 250137 250186 0
207 62658 62661 0
208 250149 250161 0
209 250110 250170 0
210 62666 62681 0
211 62648 62641 0
212 62614 62641 0
213 250103 250159 0
214 250103 250118 0
215 250147 250187 0
216 250108 250160 0
217 250178 250198 0
218 250154 250189 0
219 250135 250182 0
220 62671 62684 0
221 250103 250158 0
222 250101 250137 0
223 250175 250174 0
224 250141 250173 0
225 250101 250162 0
226 250195 250186 0
227 250172 250179 0
228 250124 250165 0
229 250152 250134 0
230 250110 250178 0
231 250164 250144 0
232 62683 62685 0
233 250160 250189 0
234 250135 250126 0
235 250140 250175 0
236 250152 250127 0
237 250117 250140 0
238 250151 250178 0
239 500105 500136 0
240 500166 500114 0
241 500160 500184 0
242 500193 500178 0
243 500142 500142 0
244 500122 500155 0
245 500104 500193 0
246 31425 31442 0
247 500170 500134 0
248 500161 500135 0
249 500146 500194 0
250 500152 500122 0
251 500157 500134 0
252 500197 500181 0
253 500172 500162 0
254 500105 500182 0
255 500139 500130 0
256 500117 500145 0
257 500175 500164 0
258 500124 500126 0
259 500143 500178 0
260 62657 62686 0
261 500105 500148 0
262 500180 500156 0
263 500194 500179 0
264 500195 500164 0
265 500184 500137 0
266 500115 500126 0
267 31376 31384 0
268 500140 500119 0
269 500160 500196 0
270 500164 500173 0
271 500165 500150 0
272 500103 500146 0
273 500103 500108 0
274 500116 500169 0
275 500146 500196 0
276 500144 500171 0
277 500109 500165 0
278 500108 500198 0
279 62612 62619 0
280 62606 62628 0
281 62624 62646 0
282 500192 500126 0
283 500199 500110 0
284 500187 500123 0
285 125134 125196 0
286 125170 125181 0
287 125120 125184 0
288 62652 62680 0
289 125165 125178 0
290 125103 125102 0
291 125176 125170 0
292 125174 125161 0
293 125123 125160 0
294 125176 125166 0
295 31386 31392 0
296 62697 62696 0
297 125164 125160 0
298 31361 31376 0
299 125196 125186 0
300 125155 125161 0
301 125159 125157 0
302 125128 125179 0
303 125116 125164 0
304 125161 125187 0
305 125144 125167 0
306 125154 125166 0
307 125173 125168 0
308 125142 125161 0
309 7936 7970 0
310 7956 7972 0
311 4026 4045 0
312 7957 7973 0
313 7939 8005 0
314 7961 7988 0
315 4013 4041 0
316 7919 7953 0
317 7944 8011 0
318 4032 4102 0
319 2096 2151 0
320 7924 8002 0
321 7953 7974 0
322 2111 2152 0
323 7941 7981 0
324 2081 2111 0
325 15806 15817 0
326 15739 15766 0
327 15769 15814 0
328 15780 15798 0
329 15771 15807 0
330 15766 15796 0
331 15735 15773 0
332 15747 15812 0
333 15739 15788 0
334 15773 15820 0
335 2078 2151 0
336 7993 8009 0
337 2112 2147 0
338 2116 2151 0
339 4053 4093 0
340 15742 15773 0
341 15742 15773 0
342 15728 15794 0
343 15804 15820 0
344 15770 15780 0
345 31388 31425 0
346 2077 2108 0
347 7927 7969 0
348 31360 31401 0
349 2073 2129 0
350 31421 31443 0
351 31368 31420 0
352 31386 31438 0
353 31351 31426 0
354 31353 31438 0
355 31362 31394 0
356 31373 31397 0
357 2065 2107 0
358 31355 31434 0
359 30 71 0
360 7934 7951 0
361 31396 31420 0
362 22 57 0
363 8 95 0
364 3 75 0
365 31354 31387 0
366 31368 31417 0
367 31365 31425 0
368 17 56 0
369 5 81 0
370 62617 62671 0
371 10 96 0
372 20 59 0
373 4010 4046 0
374 41 93 0
375 4028 4060 0
376 55 80 0
377 62616 62674 0
378 27 94 0
379 34 60 0
380 7913 7968 0
381 62642 62686 0
382 27 97 0
383 62638 62697 0
384 62621 62697 0
385 21 81 0
386 62613 62689 0
387 37 95 0
388 62609 62699 0
389 31 74 0
390 62630 62693 0
391 62641 62698 0
392 62647 62687 0
393 7917 7974 0
394 6 48 0
395 22 91 0
396 25 55 0
397 7943 8002 0
398 4024 4043 0
399 4039 4099 0
--------------
1000000 :c
1004097 :sum(p)
999999 :sum(w)
