400 :n
id p,w,x
--------------
0 91 56 1
1 72 36 1
2 72 23 1
3 15817 15735 1
4 7983 7928 1
5 8005 7928 1
6 71 4 1
7 86 53 1
8 7974 7923 1
9 7994 7953 1
10 99 70 1
11 7988 7923 1
12 67 8 1
13 7989 7914 1
14 4050 4011 1
15 4086 4017 1
16 4060 4013 1
17 4097 4019 1
18 63 1 1
19 70 14 1
20 4086 4037 1
21 87 21 1
22 15809 15729 1
23 91 27 1
24 2119 2067 1
25 2143 2085 1
26 2150 2088 1
27 94 22 1
28 2121 2061 1
29 69 22 1
30 46 26 1
31 68 48 1
32 87 71 1
33 73 61 1
34 32 27 1
35 94 81 1
36 94 89 1
37 2082 2057 1
38 2106 2081 1
39 2133 2111 1
40 2121 2100 1
41 2133 2112 1
42 2144 2123 1
43 2116 2096 1
44 2093 2076 1
45 2084 2070 1
46 4073 4047 1
47 4061 4036 1
48 4075 4051 1
49 2117 2105 1
50 2092 2081 1
51 15796 15730 1
52 4091 4074 1
53 7964 7931 1
54 8000 7967 1
55 15813 15751 1
56 4054 4041 1
57 4055 4042 1
58 15799 15749 1
59 2087 2081 0
60 31446 31357 1
61 7938 7916 1
62 31446 31359 1
63 4098 4087 0
64 15805 15763 1
65 7960 7940 1
66 4079 4069 1
67 2150 2145 1
68 31436 31368 1
69 31440 31372 1
70 15763 15730 1
71 31432 31367 1
72 7994 7978 1
73 2060 2056 1
74 7956 7941 1
75 7989 7974 0
76 31442 31383 1
77 31449 31395 1
78 4085 4078 0
79 31447 31395 1
80 15768 15742 1
81 15804 15778 1
82 31421 31370 1
83 31437 31389 1
84 31445 31399 1
85 15752 15730 1
86 8008 7997 0
87 62699 62619 1
88 4066 4061 0
89 62693 62619 1
90 31420 31383 1
91 4079 4046 1
92 31411 31357 1
93 62686 62609 1
94 31439 31403 1
95 31430 31398 0
96 31431 31399 1
97 31445 31416 0
98 72 78 0
99 15792 15817 0
100 15746 15730 0
101 8008 8000 0
102 62663 62611 0
103 31375 31351 0
104 7997 8012 0
105 15756 15744 0
106 62683 62636 0
107 4080 4077 0
108 62692 62648 0
109 31391 31369 0
110 62649 62606 0
111 125198 125120 0
112 62683 62644 0
113 62688 62649 0
114 15782 15773 0
115 125187 125121 0
116 31426 31410 0
117 7938 7934 0
118 125178 125116 0
119 31418 31403 0
120 62650 62621 0
121 31436 31422 0
122 62687 62660 0
123 31375 31362 0
124 31384 31372 0
125 7946 7943 0
126 62681 62659 0
127 62655 62634 0
128 15769 15764 0
129 31378 31369 0
130 31411 31404 0
131 31397 31392 0
132 15739 15739 0
133 4051 4051 0
134 7916 7918 0
135 15785 15789 0
136 2069 2070 0
137 4010 4012 0
138 7986 7991 0
139 7931 7936 0
140 7985 7991 0
141 7920 7927 0
142 4041 4045 0
143 7923 7934 0
144 4089 4095 0
145 7982 7995 0
146 7969 7983 0
147 7964 7979 0
148 2115 2120 0
149 4034 4045 0
150 2101 2107 0
151 4056 4069 0
152 4036 4049 0
153 2111 2119 0
154 4066 4082 0
155 4066 4082 0
156 2098 2108 0
157 2105 2120 0
158 2068 2087 0
159 55 58 0
160 38 53 0
161 17 26 0
162 2 26 0
163 62625 62614 0
164 62664 62656 0
165 500198 500108 0
166 62685 62669 0
167 500161 500127 0
168 500165 500141 0
169 125151 125144 0
170 125144 125138 0
171 500130 500120 0
172 125147 125145 0
173 125125 125117 0
174 500135 500102 0
175 500127 500105 0
176 125127 125120 0
177 500174 500141 0
178 500138 500109 0
179 500167 500136 0
180 500176 500143 0
181 500160 500134 0
182 250111 250104 0
183 250124 250119 0
184 250134 250129 0
185 500142 500109 0
186 250197 250190 0
187 250184 250170 0
188 250159 250149 0
189 250172 250168 0
190 31392 31391 0
191 31374 31372 0
192 62624 62622 0
193 62687 62683 0
194 250188 250105 0
195 125193 125137 0
196 500149 500167 0
197 500187 500192 0
198 500106 500109 0
199 500174 500170 0
200 500142 500139 0
201 500118 500113 0
202 125142 125145 0
203 500122 500129 0
204 500164 500162 0
205 250129 250131 0
206 250169 250174 0
207 250126 250123 0
208 250134 250134 0
209 250154 250153 0
210 250102 250103 0
211 62700 62699 0
212 62683 62685 0
213 500183 500187 0
214 500147 500140 0
215 500104 500108 0
216 125151 125112 0
217 125149 125107 0
218 125160 125109 0
219 125166 125111 0
220 250200 250119 0
221 125194 125139 0
222 125181 125170 0
223 125130 125121 0
224 500182 500133 0
225 125184 125163 0
226 62685 62669 0
227 125187 125171 0
228 125199 125166 0
229 125169 125153 0
230 125185 125156 0
231 125157 125145 0
232 125137 125109 0
233 250157 250130 0
234 250194 250146 0
235 500180 500105 0
236 500177 500112 0
237 250177 250119 0
238 500177 500116 0
239 500169 500133 0
240 250193 250154 0
241 500199 500119 0
242 250140 250115 0
243 250167 250143 0
244 125129 125105 0
245 7917 7990 0
246 7921 7953 0
247 31374 31428 0
248 31370 31432 0
249 31380 31414 0
250 31409 31446 0
251 31360 31436 0
252 7962 7992 0
253 31416 31427 0
254 31354 31438 0
255 31389 31442 0
256 31354 31357 0
257 31428 31438 0
258 62623 62650 0
259 7933 8004 0
260 7913 7930 0
261 7950 7987 0
262 15746 15801 0
263 7937 7971 0
264 7931 7969 0
265 62679 62691 0
266 62644 62681 0
267 7947 7993 0
268 7980 8012 0
269 7929 8012 0
270 7929 7969 0
271 62640 62658 0
272 15743 15825 0
273 31352 31427 0
274 62661 62688 0
275 7937 7966 0
276 62662 62694 0
277 15778 15793 0
278 62608 62692 0
279 4020 4052 0
280 4010 4084 0
281 62612 62616 0
282 15785 15823 0
283 4028 4097 0
284 4031 4102 0
285 4074 4105 0
286 4009 4080 0
287 62619 62696 0
288 500140 500158 0
289 62604 62645 0
290 4020 4094 0
291 15803 15825 0
292 4010 4083 0
293 62610 62664 0
294 62675 62687 0
295 4015 4082 0
296 4009 4059 0
297 4058 4079 0
298 62617 62666 0
299 62636 62671 0
300 15736 15800 0
301 4035 4069 0
302 62657 62674 0
303 62668 62677 0
304 62611 62634 0
305 62610 62650 0
306 15791 15818 0
307 15737 15761 0
308 62612 62617 0
309 125100 125193 0
310 125121 125179 0
311 125158 125184 0
312 125136 125147 0
313 15763 15782 0
314 4038 4104 0
315 125170 125177 0
316 125130 125145 0
317 15801 15818 0
318 4056 4104 0
319 125148 125195 0
320 2098 2151 0
321 125150 125172 0
322 125120 125132 0
323 125100 125131 0
324 2077 2128 0
325 2086 2140 0
326 125155 125197 0
327 2085 2124 0
328 2086 2121 0
329 125142 125184 0
330 2065 2113 0
331 15737 15818 0
332 125100 125132 0
333 125100 125114 0
334 15764 15787 0
335 15780 15803 0
336 2077 2131 0
337 2085 2125 0
338 125144 125163 0
339 2058 2098 0
340 2062 2106 0
341 250106 250200 0
342 15774 15823 0
343 2088 2129 0
344 250150 250178 0
345 15774 15813 0
346 250164 250189 0
347 250102 250170 0
348 2077 2148 0
349 2056 2123 0
350 15793 15815 0
351 2093 2128 0
352 250124 250152 0
353 250132 250190 0
354 15746 15761 0
355 250120 250155 0
356 2074 2153 0
357 250110 250140 0
358 250104 250183 0
359 250119 250151 0
360 10 98 0
361 250171 250184 0
362 16 80 0
363 8 88 0
364 66 91 0
365 250145 250167 0
366 250119 250168 0
367 250113 250178 0
368 15770 15791 0
369 250121 250152 0
370 250147 250179 0
371 14 45 0
372 250121 250193 0
373 45 72 0
374 44 74 0
375 250107 250193 0
376 18 72 0
377 250112 250147 0
378 15 84 0
379 500163 500190 0
380 38 94 0
381 39 96 0
382 15785 15824 0
383 500133 500164 0
384 8 79 0
385 15740 15796 0
386 500133 500176 0
387 500138 500200 0
388 53 93 0
389 500111 500172 0
390 15727 15764 0
391 500155 500178 0
392 500153 500198 0
393 27 100 0
394 500130 500190 0
395 13 72 0
396 500121 500160 0
397 500112 500163 0
398 15736 15786 0
399 15810 15824 0
--------------
1000000 :c
1003727 :sum(p)
999999 :sum(w)
