400 :n
id p,w,x
--------------
0 4062 4008 1
1 4100 4039 1
2 15823 15762 1
3 15791 15731 1
4 100 38 1
5 4061 4038 1
6 4096 4041 1
7 4080 4013 1
8 77 47 1
9 4099 4056 1
10 25 3 1
11 100 8 1
12 4062 4027 1
13 4103 4052 1
14 66 28 1
15 4061 4039 1
16 97 19 1
17 78 56 1
18 4070 4044 1
19 55 13 1
20 4055 4023 1
21 86 57 1
22 4071 4032 1
23 74 38 1
24 2116 2056 1
25 2143 2054 1
26 15811 15748 1
27 2150 2081 1
28 2132 2065 1
29 2120 2055 1
30 2126 2076 1
31 15805 15730 1
32 7960 7930 1
33 2088 2062 1
34 2150 2087 1
35 7998 7955 1
36 2153 2083 1
37 2142 2056 1
38 2124 2070 1
39 2151 2088 1
40 8010 7962 1
41 7974 7925 1
42 4078 4041 1
43 8004 7959 1
44 7971 7924 1
45 2148 2127 1
46 7964 7921 1
47 13 1 1
48 11 1 1
49 22 7 1
50 43 29 1
51 51 35 1
52 68 51 1
53 80 64 1
54 88 75 1
55 74 66 1
56 52 50 1
57 4039 4020 1
58 2145 2135 1
59 4061 4043 1
60 4068 4052 1
61 4068 4053 1
62 7977 7948 1
63 7991 7962 1
64 15812 15763 1
65 7973 7951 1
66 4051 4040 1
67 4076 4065 1
68 7968 7947 1
69 31450 31370 1
70 7936 7916 1
71 15802 15769 1
72 2069 2065 1
73 31447 31387 1
74 31446 31388 1
75 15810 15781 1
76 31412 31355 1
77 31430 31374 1
78 7961 7947 1
79 4031 4024 1
80 31410 31357 1
81 7933 7920 0
82 31433 31384 1
83 31449 31403 1
84 62699 62618 1
85 8007 7997 0
86 15797 15778 1
87 62673 62605 1
88 62671 62610 1
89 2142 2140 0
90 62688 62638 1
91 62693 62643 0
92 7 4 1
93 31406 31364 1
94 2070 2068 0
95 62680 62632 1
96 125189 125100 0
97 31447 31437 0
98 31435 31433 0
99 15768 15776 0
100 15795 15784 0
101 125189 125103 0
102 62649 62606 1
103 125191 125111 0
104 15757 15747 0
105 15738 15730 0
106 62647 62608 0
107 62696 62658 0
108 125199 125125 0
109 31386 31368 0
110 62679 62645 0
111 7966 7962 0
112 7980 7976 0
113 4050 4048 0
114 62650 62623 0
115 62699 62672 0
116 31375 31367 0
117 15819 15815 0
118 7971 7969 0
119 4031 4030 0
120 31396 31391 0
121 7924 7923 0
122 33 33 0
123 15793 15793 0
124 7924 7925 0
125 15759 15762 0
126 15754 15758 0
127 15732 15736 0
128 15756 15761 0
129 7925 7931 0
130 2094 2096 0
131 4087 4091 0
132 4059 4064 0
133 4038 4045 0
134 2096 2100 0
135 2091 2098 0
136 2112 2124 0
137 88 96 0
138 15 17 0
139 66 81 0
140 16 31 0
141 14 28 0
142 3 15 0
143 250197 250107 0
144 125174 125149 0
145 125155 125122 0
146 250167 250125 0
147 62652 62627 0
148 250195 250147 0
149 250156 250135 0
150 250138 250105 0
151 250128 250105 0
152 250194 250164 0
153 250175 250146 0
154 125149 125130 0
155 250174 250131 0
156 62682 62657 0
157 250133 250106 0
158 250187 250112 0
159 250188 250141 0
160 125173 125131 0
161 500183 500133 0
162 500187 500137 0
163 62627 62621 0
164 62694 62686 0
165 125183 125132 0
166 125155 125109 0
167 250148 250119 0
168 250182 250130 0
169 62672 62663 0
170 250158 250133 0
171 500180 500112 0
172 62668 62656 0
173 125151 125120 0
174 62673 62665 0
175 500179 500138 0
176 125124 125102 0
177 250199 250101 0
178 500144 500109 0
179 125154 125120 0
180 250179 250111 0
181 250192 250112 0
182 125185 125119 0
183 125181 125161 0
184 31368 31390 0
185 31403 31430 0
186 31411 31426 0
187 31412 31425 0
188 31372 31434 0
189 31416 31449 0
190 31380 31390 0
191 31355 31430 0
192 31412 31430 0
193 62616 62631 0
194 62635 62695 0
195 31352 31362 0
196 62602 62673 0
197 62641 62696 0
198 62635 62670 0
199 62660 62677 0
200 62644 62692 0
201 62609 62664 0
202 31404 31407 0
203 62608 62608 0
204 62632 62669 0
205 15798 15810 0
206 62668 62676 0
207 15776 15790 0
208 62670 62687 0
209 15728 15795 0
210 15794 15810 0
211 62651 62648 0
212 62606 62606 0
213 62613 62619 0
214 15752 15776 0
215 31389 31418 0
216 15766 15781 0
217 15786 15792 0
218 62647 62650 0
219 15761 15769 0
220 15736 15767 0
221 125112 125166 0
222 15742 15787 0
223 15767 15775 0
224 15744 15754 0
225 15744 15807 0
226 15741 15813 0
227 15765 15823 0
228 62661 62671 0
229 15770 15781 0
230 15784 15822 0
231 125146 125142 0
232 15791 15802 0
233 15742 15825 0
234 125129 125157 0
235 15743 15792 0
236 15752 15802 0
237 15795 15812 0
238 125144 125187 0
239 125156 125175 0
240 125127 125195 0
241 7971 8003 0
242 125120 125133 0
243 125110 125170 0
244 125110 125124 0
245 7991 8006 0
246 7919 8005 0
247 7928 7985 0
248 7936 7961 0
249 125113 125149 0
250 125123 125137 0
251 7961 7996 0
252 125104 125114 0
253 125138 125148 0
254 125111 125193 0
255 125107 125149 0
256 125118 125181 0
257 31377 31420 0
258 125132 125197 0
259 7963 7997 0
260 7925 7941 0
261 7977 7989 0
262 7982 7994 0
263 7930 7980 0
264 125108 125125 0
265 7943 7959 0
266 7937 7989 0
267 7927 7982 0
268 7990 8009 0
269 125193 125199 0
270 7913 7954 0
271 7940 7971 0
272 125111 125118 0
273 7937 8002 0
274 125144 125182 0
275 125118 125194 0
276 7927 7961 0
277 125116 125182 0
278 62658 62699 0
279 4028 4086 0
280 125152 125189 0
281 4024 4079 0
282 4035 4103 0
283 125165 125184 0
284 250130 250130 0
285 4017 4063 0
286 31384 31421 0
287 4041 4091 0
288 250170 250179 0
289 250124 250124 0
290 250114 250114 0
291 4061 4086 0
292 250138 250182 0
293 4033 4082 0
294 250103 250145 0
295 250106 250174 0
296 250155 250148 0
297 250193 250200 0
298 250108 250193 0
299 250183 250168 0
300 4012 4062 0
301 4071 4100 0
302 250132 250130 0
303 4029 4078 0
304 250153 250148 0
305 31364 31379 0
306 4031 4053 0
307 250191 250193 0
308 4048 4084 0
309 4057 4086 0
310 250145 250190 0
311 250118 250133 0
312 250148 250153 0
313 250144 250151 0
314 4007 4062 0
315 250114 250192 0
316 250117 250197 0
317 4058 4081 0
318 31371 31376 0
319 2111 2132 0
320 250113 250117 0
321 62659 62696 0
322 2080 2132 0
323 250166 250195 0
324 500103 500193 0
325 2126 2147 0
326 2073 2132 0
327 31375 31373 0
328 500197 500168 0
329 2067 2139 0
330 500102 500121 0
331 500119 500145 0
332 500147 500167 0
333 2117 2133 0
334 500169 500149 0
335 500156 500181 0
336 2090 2108 0
337 2065 2130 0
338 2069 2140 0
339 2063 2105 0
340 2086 2104 0
341 500109 500167 0
342 500166 500196 0
343 31378 31436 0
344 31434 31433 0
345 2080 2109 0
346 500116 500136 0
347 2076 2094 0
348 500106 500159 0
349 2055 2099 0
350 500199 500175 0
351 2062 2131 0
352 2061 2083 0
353 2111 2130 0
354 500163 500146 0
355 2087 2139 0
356 500199 500182 0
357 500156 500180 0
358 2057 2137 0
359 500173 500175 0
360 31354 31423 0
361 15 39 0
362 6 83 0
363 62618 62672 0
364 500101 500161 0
365 37 68 0
366 54 83 0
367 500115 500125 0
368 500184 500196 0
369 500129 500169 0
370 500179 500192 0
371 500180 500147 0
372 500123 500110 0
373 500106 500155 0
374 500147 500165 0
375 500187 500158 0
376 25 43 0
377 31389 31450 0
378 31362 31430 0
379 62603 62649 0
380 8 57 0
381 1 43 0
382 500184 500163 0
383 500140 500186 0
384 31371 31381 0
385 500183 500195 0
386 20 100 0
387 500125 500181 0
388 46 77 0
389 43 64 0
390 500131 500162 0
391 31368 31399 0
392 500130 500194 0
393 500110 500114 0
394 39 66 0
395 500198 500193 0
396 500176 500152 0
397 13 38 0
398 31367 31443 0
399 31378 31423 0
--------------
1000000 :c
1003697 :sum(p)
1000000 :sum(w)
