400 :n
id p,w,x
--------------
0 4103 4077 1
1 4085 4059 1
2 71 21 1
3 61 30 1
4 94 3 1
5 4084 4008 1
6 4101 4018 1
7 71 31 1
8 75 9 1
9 31 7 1
10 15781 15744 1
11 15819 15767 1
12 56 30 1
13 4103 4044 1
14 79 40 1
15 15818 15777 1
16 52 2 1
17 85 32 1
18 31447 31378 1
19 55 38 1
20 4096 4019 1
21 60 20 1
22 31423 31358 1
23 15791 15752 1
24 88 41 1
25 94 57 1
26 31450 31397 1
27 31426 31378 1
28 31440 31374 1
29 4044 4007 1
30 22 3 1
31 84 18 1
32 51 36 1
33 62 5 1
34 15809 15735 1
35 15770 15727 1
36 4096 4023 1
37 61 11 1
38 100 18 1
39 4105 4017 1
40 2132 2096 1
41 31431 31367 1
42 2137 2066 1
43 2105 2086 1
44 4064 4033 1
45 15813 15762 1
46 15824 15790 1
47 2135 2107 1
48 8007 7982 1
49 8000 7954 1
50 7985 7953 1
51 2125 2056 1
52 7948 7921 1
53 2141 2076 1
54 7987 7954 1
55 4060 4017 1
56 7989 7930 1
57 7980 7914 1
58 4080 4032 1
59 2116 2055 1
60 2138 2121 1
61 7970 7919 1
62 4099 4042 1
63 7975 7935 1
64 7956 7927 1
65 4101 4062 1
66 2149 2065 1
67 2142 2121 1
68 2129 2061 1
69 2125 2095 1
70 2149 2130 1
71 2148 2112 1
72 4076 4054 1
73 4081 4020 1
74 19 14 1
75 39 32 1
76 33 28 1
77 81 73 1
78 82 80 1
79 94 93 0
80 2107 2095 1
81 2109 2097 1
82 2070 2062 1
83 2145 2137 1
84 4078 4063 1
85 4042 4028 1
86 4071 4057 1
87 4021 4011 1
88 4105 4095 1
89 7990 7973 1
90 4082 4074 1
91 7970 7956 1
92 15809 15785 1
93 15811 15787 1
94 62697 62604 1
95 15780 15757 1
96 31448 31403 1
97 4093 4088 0
98 62689 62613 1
99 15764 15745 1
100 15819 15800 1
101 15794 15776 1
102 15792 15775 1
103 62690 62623 1
104 15813 15797 1
105 15813 15740 1
106 62671 62604 1
107 8002 7995 0
108 62672 62619 0
109 31415 31389 1
110 31450 31440 0
111 15802 15823 0
112 80 94 0
113 62666 62615 0
114 62686 62636 0
115 15750 15738 0
116 62695 62649 0
117 31437 31414 0
118 31441 31421 0
119 4103 4101 0
120 15769 15759 0
121 7954 7949 0
122 7987 7982 0
123 62664 62625 0
124 125183 125106 0
125 31380 31361 0
126 31386 31368 0
127 31386 31369 0
128 31382 31366 0
129 31419 31403 0
130 7946 7942 1
131 7979 7975 0
132 4052 4050 0
133 31425 31410 0
134 15783 15776 0
135 15793 15787 0
136 7959 7956 0
137 8004 8001 0
138 4066 4065 0
139 59 59 1
140 7972 7973 0
141 7941 7945 0
142 2055 2061 0
143 44 47 0
144 91 100 0
145 31388 31376 0
146 125181 125125 0
147 125188 125135 0
148 125169 125122 0
149 31432 31422 0
150 125148 125108 0
151 125182 125142 0
152 250190 250119 0
153 62642 62621 0
154 125148 125109 0
155 250172 250103 0
156 250198 250128 0
157 125166 125112 0
158 62658 62643 0
159 62675 62662 0
160 62681 62665 0
161 250197 250138 0
162 125164 125131 0
163 62623 62606 0
164 125154 125129 0
165 125164 125131 0
166 31388 31382 0
167 62648 62633 0
168 31359 31351 0
169 250180 250131 0
170 250163 250139 0
171 250181 250161 0
172 500184 500105 0
173 250135 250117 0
174 250162 250143 0
175 250177 250150 0
176 500154 500131 0
177 125189 125166 0
178 500178 500159 0
179 250166 250124 0
180 62605 62601 0
181 62634 62627 0
182 250121 250105 0
183 250159 250145 0
184 62696 62694 0
185 500194 500152 0
186 500192 500183 0
187 500195 500119 0
188 62616 62605 0
189 250159 250138 0
190 250160 250135 0
191 500127 500108 0
192 250118 250101 0
193 250156 250121 0
194 125171 125157 0
195 31387 31386 0
196 500141 500139 0
197 125180 125172 0
198 125179 125167 0
199 125160 125155 0
200 500188 500145 0
201 500186 500160 0
202 125143 125138 0
203 250116 250111 0
204 250131 250112 0
205 500152 500137 0
206 125173 125116 0
207 125198 125121 0
208 125193 125142 0
209 62695 62667 0
210 31384 31371 0
211 125159 125110 0
212 31421 31446 0
213 15738 15746 0
214 15738 15813 0
215 15734 15742 0
216 31351 31376 0
217 15756 15779 0
218 15732 15781 0
219 31398 31410 0
220 31429 31433 0
221 31367 31380 0
222 15753 15773 0
223 31410 31438 0
224 15726 15800 0
225 15747 15806 0
226 31365 31439 0
227 15747 15815 0
228 31434 31443 0
229 15733 15818 0
230 31397 31414 0
231 15785 15810 0
232 15734 15820 0
233 31353 31422 0
234 15747 15817 0
235 15732 15749 0
236 31384 31447 0
237 15729 15750 0
238 31360 31392 0
239 31367 31391 0
240 7980 7990 0
241 62684 62694 0
242 62674 62684 0
243 62642 62687 0
244 7919 8004 0
245 7920 7980 0
246 7952 8001 0
247 62634 62681 0
248 62633 62659 0
249 62621 62627 0
250 62645 62694 0
251 7943 7956 0
252 62640 62656 0
253 7940 7989 0
254 7925 7950 0
255 7945 7973 0
256 7962 7986 0
257 62642 62670 0
258 62638 62677 0
259 62601 62618 0
260 7955 8010 0
261 62611 62691 0
262 62679 62691 0
263 7947 7982 0
264 31353 31400 0
265 7929 7996 0
266 62652 62678 0
267 7920 7977 0
268 31400 31411 0
269 7926 8011 0
270 7913 7994 0
271 62656 62676 0
272 7948 7993 0
273 62675 62686 0
274 7958 8001 0
275 62604 62673 0
276 62639 62673 0
277 7941 7959 0
278 7953 7984 0
279 62609 62696 0
280 4033 4102 0
281 62679 62700 0
282 125150 125185 0
283 4078 4098 0
284 4050 4071 0
285 125158 125172 0
286 125112 125199 0
287 4024 4056 0
288 125147 125195 0
289 4019 4034 0
290 4052 4098 0
291 4012 4041 0
292 125146 125178 0
293 125137 125152 0
294 4036 4056 0
295 4015 4053 0
296 125116 125149 0
297 125107 125122 0
298 125105 125154 0
299 125133 125175 0
300 4026 4092 0
301 125109 125160 0
302 125101 125180 0
303 4014 4085 0
304 125117 125133 0
305 125118 125120 0
306 125114 125145 0
307 125127 125170 0
308 4054 4097 0
309 125178 125185 0
310 125126 125163 0
311 125116 125198 0
312 4022 4073 0
313 250174 250178 0
314 250108 250157 0
315 250158 250193 0
316 250135 250148 0
317 4065 4087 0
318 250104 250109 0
319 2082 2144 0
320 2071 2112 0
321 2073 2149 0
322 31360 31377 0
323 2087 2150 0
324 2092 2138 0
325 250141 250161 0
326 2104 2152 0
327 2061 2142 0
328 250141 250148 0
329 2059 2115 0
330 2067 2098 0
331 250105 250168 0
332 250160 250189 0
333 250113 250170 0
334 2054 2081 0
335 2113 2138 0
336 2096 2122 0
337 2056 2101 0
338 250113 250170 0
339 250102 250197 0
340 250143 250160 0
341 250110 250170 0
342 250130 250140 0
343 2128 2138 0
344 250136 250171 0
345 250121 250198 0
346 250128 250169 0
347 2077 2151 0
348 250127 250158 0
349 2062 2103 0
350 2081 2132 0
351 2094 2115 0
352 250170 250179 0
353 2088 2109 0
354 2059 2104 0
355 250105 250116 0
356 500126 500126 0
357 500107 500122 0
358 2062 2109 0
359 62 81 0
360 25 55 0
361 500129 500168 0
362 32 59 0
363 500177 500194 0
364 500112 500121 0
365 500153 500166 0
366 31 70 0
367 39 55 0
368 14 50 0
369 31429 31429 0
370 500166 500191 0
371 500140 500197 0
372 500108 500183 0
373 500122 500156 0
374 500182 500183 0
375 500126 500147 0
376 500123 500131 0
377 500132 500188 0
378 37 63 0
379 500152 500159 0
380 500134 500145 0
381 500149 500171 0
382 500151 500182 0
383 11 70 0
384 500189 500200 0
385 500134 500167 0
386 500127 500179 0
387 15761 15800 0
388 500159 500190 0
389 500168 500168 0
390 500153 500169 0
391 500122 500158 0
392 500161 500174 0
393 15757 15766 0
394 500128 500172 0
395 8 49 0
396 500119 500165 0
397 11 85 0
398 500133 500132 0
399 15731 15731 0
--------------
1000000 :c
1004294 :sum(p)
1000000 :sum(w)
