400 :n
id p,w,x
--------------
0 2148 2083 1
1 2140 2071 1
2 56 21 1
3 15781 15741 1
4 8012 7946 1
5 15797 15736 1
6 7974 7957 1
7 7959 7930 1
8 8009 7941 1
9 8011 7940 1
10 66 38 1
11 2147 2114 1
12 53 17 1
13 98 87 1
14 15787 15754 1
15 77 25 1
16 15782 15727 1
17 7956 7938 1
18 8001 7922 1
19 4103 4086 1
20 15798 15742 1
21 4062 4045 1
22 4103 4060 1
23 15814 15768 1
24 4091 4060 1
25 76 24 1
26 46 20 1
27 100 24 1
28 4099 4011 1
29 68 16 1
30 15824 15788 1
31 63 17 1
32 4061 4018 1
33 74 13 1
34 74 16 1
35 57 4 1
36 4106 4042 1
37 4043 4007 1
38 4101 4017 1
39 7953 7934 1
40 15813 15759 1
41 4104 4090 1
42 4053 4031 1
43 39 9 1
44 2106 2066 1
45 91 62 1
46 4087 4021 1
47 73 20 1
48 4057 4029 1
49 4095 4020 1
50 75 20 1
51 7992 7927 1
52 31444 31372 1
53 72 39 1
54 15793 15744 1
55 4076 4039 1
56 4095 4019 1
57 93 4 1
58 4087 4043 1
59 2114 2059 1
60 2146 2073 1
61 7953 7913 1
62 2138 2081 1
63 7983 7947 1
64 2115 2078 1
65 2138 2095 1
66 2148 2101 1
67 8007 7979 1
68 2109 2082 1
69 2114 2098 1
70 8008 7922 1
71 2078 2058 1
72 2131 2072 1
73 2137 2085 1
74 15766 15735 1
75 15800 15775 1
76 15778 15747 1
77 31417 31355 1
78 31433 31381 1
79 31406 31361 1
80 39 37 0
81 65 64 1
82 2149 2141 1
83 4059 4050 1
84 8003 7987 1
85 8012 7998 1
86 4054 4047 1
87 4023 4017 1
88 15804 15781 1
89 2071 2068 1
90 2149 2146 1
91 15779 15757 1
92 15789 15767 1
93 31425 31382 1
94 31446 31406 1
95 4041 4036 1
96 31404 31366 1
97 15817 15798 1
98 31393 31357 1
99 31417 31382 1
100 15786 15770 0
101 62697 62635 1
102 7942 7935 0
103 4071 4050 1
104 62684 62622 1
105 31389 31358 1
106 31423 31396 1
107 31389 31363 1
108 15809 15796 0
109 31441 31442 0
110 4101 4106 0
111 8 81 0
112 62687 62636 0
113 31424 31399 0
114 62656 62609 0
115 31413 31391 0
116 62668 62629 0
117 31403 31385 0
118 62683 62648 0
119 31371 31355 0
120 15789 15781 0
121 7976 7972 0
122 4059 4057 0
123 15746 15741 0
124 15774 15771 0
125 15806 15803 0
126 4080 4080 0
127 7957 7958 0
128 7931 7932 0
129 8007 8009 0
130 7977 7980 0
131 7931 7934 0
132 2149 2150 0
133 2071 2072 0
134 4067 4070 0
135 4014 4018 0
136 4078 4084 0
137 2101 2107 0
138 2142 2150 0
139 24 27 0
140 58 67 0
141 12 15 1
142 32 41 0
143 26 36 0
144 125161 125137 0
145 250153 250105 0
146 31409 31400 0
147 62652 62634 0
148 125142 125103 0
149 62667 62648 0
150 250152 250103 0
151 125155 125124 0
152 250180 250123 0
153 250176 250114 0
154 250180 250130 0
155 62668 62649 0
156 62625 62605 0
157 62698 62684 0
158 31415 31407 0
159 62636 62612 0
160 62671 62641 0
161 125172 125170 0
162 125170 125169 0
163 125193 125183 0
164 250166 250133 0
165 250182 250136 0
166 250103 250105 0
167 250164 250164 0
168 250116 250114 0
169 250134 250135 0
170 31427 31424 0
171 250148 250144 0
172 250130 250115 0
173 250177 250172 0
174 250151 250143 0
175 250144 250117 0
176 250142 250101 0
177 250134 250106 0
178 250113 250103 0
179 250163 250140 0
180 250142 250127 0
181 250184 250170 0
182 500190 500112 0
183 500197 500132 0
184 500152 500151 0
185 500192 500185 0
186 500149 500152 0
187 500195 500163 0
188 500182 500139 0
189 500164 500128 0
190 500194 500147 0
191 500181 500118 0
192 500158 500158 0
193 15737 15735 0
194 500175 500101 0
195 500169 500177 0
196 500156 500103 0
197 500103 500105 0
198 500164 500164 0
199 500171 500149 0
200 500124 500134 0
201 500154 500105 0
202 500135 500111 0
203 500182 500111 0
204 500177 500125 0
205 500148 500158 0
206 500189 500173 0
207 15770 15770 0
208 62664 62660 0
209 62680 62675 0
210 125146 125133 0
211 125155 125134 0
212 62639 62613 0
213 62643 62619 0
214 125171 125125 0
215 125186 125125 0
216 125197 125123 0
217 62681 62659 0
218 250193 250105 0
219 250198 250117 0
220 125180 125138 0
221 125181 125126 0
222 125183 125131 0
223 125161 125109 0
224 62651 62630 0
225 62696 62670 0
226 62662 62645 0
227 62629 62611 0
228 125147 125110 0
229 15759 15785 0
230 31412 31450 0
231 31359 31412 0
232 15765 15814 0
233 31419 31440 0
234 31374 31427 0
235 31369 31447 0
236 15727 15793 0
237 15743 15797 0
238 15760 15779 0
239 31386 31426 0
240 15774 15793 0
241 7925 7983 0
242 31384 31432 0
243 31430 31434 0
244 31396 31449 0
245 31360 31445 0
246 31351 31376 0
247 31379 31404 0
248 7969 8000 0
249 62606 62695 0
250 7959 7993 0
251 7932 7995 0
252 7935 7987 0
253 7978 7992 0
254 31361 31388 0
255 31367 31405 0
256 62630 62633 0
257 7919 7955 0
258 7965 7970 0
259 62611 62640 0
260 7928 7969 0
261 7923 7964 0
262 7982 7996 0
263 62601 62674 0
264 7956 7974 0
265 62654 62666 0
266 7916 7939 0
267 15760 15804 0
268 62616 62626 0
269 7915 7931 0
270 62656 62693 0
271 62656 62689 0
272 62614 62675 0
273 7933 7954 0
274 7961 7997 0
275 62685 62688 0
276 7925 7957 0
277 7948 7990 0
278 31351 31407 0
279 62615 62652 0
280 31354 31393 0
281 62654 62660 0
282 62608 62612 0
283 4022 4072 0
284 62609 62646 0
285 4020 4092 0
286 15731 15799 0
287 62640 62675 0
288 62636 62650 0
289 4021 4084 0
290 4010 4031 0
291 62662 62691 0
292 4052 4101 0
293 62631 62665 0
294 125169 125172 0
295 125129 125189 0
296 125101 125127 0
297 125151 125160 0
298 4060 4092 0
299 15738 15749 0
300 4030 4076 0
301 125149 125153 0
302 125172 125177 0
303 125103 125182 0
304 125111 125186 0
305 125106 125155 0
306 4027 4100 0
307 4036 4092 0
308 125123 125148 0
309 4077 4100 0
310 125172 125197 0
311 125154 125158 0
312 4034 4070 0
313 125103 125198 0
314 125119 125185 0
315 31351 31422 0
316 125102 125172 0
317 4054 4091 0
318 125126 125145 0
319 2080 2137 0
320 15745 15766 0
321 2084 2094 0
322 125123 125179 0
323 125156 125160 0
324 125137 125141 0
325 2088 2143 0
326 2095 2129 0
327 125109 125130 0
328 125101 125111 0
329 2070 2153 0
330 125162 125175 0
331 2121 2135 0
332 2116 2152 0
333 125109 125116 0
334 2062 2104 0
335 125170 125190 0
336 15733 15808 0
337 2138 2151 0
338 250163 250192 0
339 2087 2141 0
340 2062 2117 0
341 250110 250171 0
342 250121 250182 0
343 250120 250147 0
344 15734 15749 0
345 250108 250132 0
346 250125 250182 0
347 2071 2118 0
348 250105 250156 0
349 2087 2145 0
350 2090 2137 0
351 250117 250148 0
352 2095 2138 0
353 2085 2142 0
354 31357 31401 0
355 2143 2152 0
356 250128 250149 0
357 2060 2071 0
358 250189 250200 0
359 70 84 0
360 73 93 0
361 38 96 0
362 10 73 0
363 250162 250191 0
364 250114 250171 0
365 19 63 0
366 12 65 0
367 250172 250199 0
368 250143 250197 0
369 10 95 0
370 250121 250178 0
371 37 68 0
372 250107 250175 0
373 500156 500180 0
374 31352 31391 0
375 500102 500187 0
376 500141 500182 0
377 31366 31430 0
378 15744 15793 0
379 500133 500171 0
380 41 57 0
381 500101 500175 0
382 500104 500190 0
383 500102 500163 0
384 500136 500168 0
385 500178 500191 0
386 15738 15819 0
387 500107 500117 0
388 500108 500149 0
389 12 29 0
390 500108 500187 0
391 81 98 0
392 47 96 0
393 500155 500177 0
394 500103 500124 0
395 500109 500141 0
396 500136 500178 0
397 33 65 0
398 15731 15810 0
399 15747 15758 0
--------------
1000000 :c
1004299 :sum(p)
1000000 :sum(w)
