400 :n
id p,w,x
--------------
0 2146 2109 1
1 2153 2073 1
2 83 41 1
3 82 66 1
4 4069 4033 1
5 68 23 1
6 4079 4041 1
7 15821 15784 1
8 4088 4067 1
9 57 35 1
10 15805 15768 1
11 95 28 1
12 93 2 1
13 4078 4027 1
14 85 63 1
15 4086 4065 1
16 89 34 1
17 98 75 1
18 15820 15755 1
19 4079 4020 1
20 47 2 1
21 4072 4061 1
22 4060 4018 1
23 27 4 1
24 15819 15784 1
25 30 17 1
26 35 2 1
27 70 19 1
28 4081 4072 1
29 4105 4018 1
30 15805 15758 1
31 15815 15780 1
32 47 15 1
33 15768 15735 1
34 15820 15785 1
35 15787 15753 1
36 2132 2072 1
37 15821 15760 1
38 15781 15729 1
39 4060 4048 1
40 76 46 1
41 45 15 1
42 78 75 1
43 4082 4009 1
44 8010 7973 1
45 4076 4046 1
46 36 22 1
47 7976 7960 1
48 4086 4072 1
49 47 19 1
50 66 15 1
51 4087 4065 1
52 31423 31363 1
53 2117 2082 1
54 7972 7916 1
55 2119 2076 1
56 2103 2085 1
57 7974 7913 1
58 2124 2063 1
59 7967 7917 1
60 7981 7919 1
61 4095 4052 1
62 4080 4060 1
63 7982 7955 1
64 7976 7936 1
65 2100 2082 1
66 2126 2074 1
67 7991 7931 1
68 7985 7941 1
69 4065 4011 1
70 2112 2096 1
71 7969 7931 1
72 2124 2092 1
73 2132 2086 1
74 2142 2115 1
75 2128 2118 1
76 31438 31356 1
77 2084 2056 1
78 8006 7913 1
79 2087 2074 1
80 2086 2064 1
81 2088 2067 1
82 7955 7925 1
83 31446 31386 1
84 2106 2102 0
85 7930 7915 1
86 7937 7922 1
87 31409 31355 1
88 31413 31359 1
89 15785 15758 1
90 4100 4093 1
91 31414 31361 1
92 31436 31384 1
93 31442 31392 1
94 15793 15768 1
95 62697 62602 1
96 4091 4085 1
97 31450 31406 1
98 15785 15763 1
99 62699 62615 1
100 15762 15741 1
101 15820 15799 0
102 15766 15746 0
103 4093 4050 1
104 62696 62605 1
105 4026 4012 1
106 7945 7935 1
107 7983 7973 1
108 31432 31393 1
109 8006 8004 0
110 4078 4090 0
111 42 87 0
112 62681 62615 0
113 31422 31390 0
114 15821 15805 0
115 2065 2063 0
116 31423 31393 0
117 15802 15787 0
118 62663 62606 0
119 15756 15742 0
120 15781 15767 0
121 7934 7927 0
122 15786 15774 0
123 7979 7973 0
124 4051 4049 0
125 2098 2097 0
126 7983 7980 0
127 7995 7992 0
128 7930 7929 0
129 2095 2098 0
130 62 64 0
131 22 28 0
132 15 21 0
133 125160 125153 0
134 125175 125174 0
135 125197 125154 0
136 62695 62685 0
137 125160 125106 0
138 125171 125131 0
139 125196 125103 0
140 62630 62611 0
141 125151 125121 0
142 125150 125137 0
143 62648 62632 0
144 125197 125198 0
145 125171 125101 0
146 62646 62613 0
147 125116 125104 0
148 125188 125174 0
149 62683 62649 0
150 62639 62630 0
151 125157 125138 0
152 125171 125141 0
153 62648 62641 0
154 125182 125157 0
155 250177 250157 0
156 62680 62679 0
157 62677 62640 0
158 250187 250182 0
159 31386 31377 0
160 31385 31364 0
161 250193 250188 0
162 250200 250165 0
163 125171 125162 0
164 31424 31420 0
165 250173 250168 0
166 31430 31411 0
167 250136 250114 0
168 250132 250115 0
169 250157 250136 0
170 125191 125150 0
171 250148 250124 0
172 250164 250150 0
173 250172 250138 0
174 250124 250121 0
175 31394 31377 0
176 250165 250165 0
177 250129 250117 0
178 250184 250158 0
179 250117 250105 0
180 250175 250112 0
181 250123 250126 0
182 31399 31383 0
183 250135 250128 0
184 250181 250117 0
185 31365 31357 0
186 250187 250169 0
187 31414 31413 0
188 31411 31388 0
189 500144 500115 0
190 500196 500156 0
191 500194 500175 0
192 31447 31433 0
193 31444 31427 0
194 500179 500109 0
195 31363 31362 0
196 15782 15775 0
197 31373 31369 0
198 31355 31353 0
199 500141 500124 0
200 500189 500112 0
201 500120 500112 0
202 500187 500188 0
203 500140 500140 0
204 500198 500162 0
205 500161 500148 0
206 500200 500196 0
207 500163 500135 0
208 500196 500121 0
209 500164 500109 0
210 500157 500157 0
211 500111 500111 0
212 500176 500145 0
213 500164 500135 0
214 500199 500135 0
215 500162 500165 0
216 500177 500124 0
217 500180 500163 0
218 15774 15774 0
219 62636 62632 0
220 125160 125140 0
221 125169 125121 0
222 125180 125136 0
223 125184 125151 0
224 125189 125177 0
225 62619 62603 0
226 15729 15818 0
227 15754 15814 0
228 15783 15805 0
229 15767 15785 0
230 15741 15770 0
231 15770 15773 0
232 15737 15766 0
233 15727 15783 0
234 500144 500151 0
235 15742 15761 0
236 31383 31391 0
237 31407 31414 0
238 31386 31433 0
239 7930 7998 0
240 31364 31385 0
241 7928 7956 0
242 31397 31406 0
243 31389 31392 0
244 7986 8001 0
245 7932 7962 0
246 7937 7968 0
247 31371 31380 0
248 7917 7952 0
249 31372 31373 0
250 31356 31381 0
251 7947 7960 0
252 7923 7962 0
253 7945 7978 0
254 31362 31389 0
255 31352 31412 0
256 31385 31444 0
257 31390 31432 0
258 31379 31399 0
259 62619 62667 0
260 62602 62680 0
261 62628 62699 0
262 7976 7995 0
263 62658 62671 0
264 7980 8002 0
265 62624 62671 0
266 7913 7971 0
267 7945 7979 0
268 62641 62661 0
269 62621 62697 0
270 7942 7985 0
271 62611 62635 0
272 7982 8011 0
273 62635 62641 0
274 7932 7965 0
275 62663 62692 0
276 7926 8011 0
277 62622 62642 0
278 62659 62663 0
279 62647 62689 0
280 4055 4084 0
281 4034 4055 0
282 62657 62668 0
283 62610 62612 0
284 62604 62651 0
285 62619 62664 0
286 62604 62635 0
287 62604 62663 0
288 4007 4060 0
289 4067 4069 0
290 4054 4084 0
291 4036 4087 0
292 62607 62649 0
293 62695 62699 0
294 62648 62665 0
295 62608 62624 0
296 62608 62672 0
297 4007 4013 0
298 125139 125171 0
299 125145 125176 0
300 125103 125170 0
301 125104 125193 0
302 4035 4054 0
303 4060 4106 0
304 125151 125153 0
305 4053 4087 0
306 125122 125143 0
307 15782 15811 0
308 125119 125170 0
309 4039 4059 0
310 4009 4061 0
311 125126 125142 0
312 4038 4069 0
313 4060 4063 0
314 125117 125193 0
315 125129 125153 0
316 4023 4038 0
317 125126 125157 0
318 4037 4066 0
319 2071 2090 0
320 2073 2130 0
321 2060 2091 0
322 125125 125152 0
323 2070 2078 0
324 2080 2125 0
325 125107 125162 0
326 15745 15796 0
327 125139 125142 0
328 125144 125176 0
329 2143 2149 0
330 125119 125134 0
331 125139 125142 0
332 125150 125199 0
333 2070 2111 0
334 250171 250187 0
335 2089 2098 0
336 250134 250186 0
337 2054 2118 0
338 250152 250184 0
339 250115 250146 0
340 250106 250175 0
341 250144 250159 0
342 2085 2153 0
343 250117 250142 0
344 250119 250165 0
345 2072 2117 0
346 250186 250196 0
347 2075 2118 0
348 2094 2113 0
349 250145 250172 0
350 2076 2144 0
351 2073 2106 0
352 250127 250136 0
353 2067 2107 0
354 2057 2140 0
355 250112 250123 0
356 250126 250131 0
357 2069 2099 0
358 250126 250151 0
359 15745 15773 0
360 13 91 0
361 6 70 0
362 23 79 0
363 11 88 0
364 14 61 0
365 250161 250186 0
366 250193 250197 0
367 69 100 0
368 250101 250171 0
369 3 62 0
370 250142 250191 0
371 63 77 0
372 250139 250145 0
373 20 42 0
374 63 96 0
375 500102 500145 0
376 500113 500158 0
377 500106 500121 0
378 500123 500130 0
379 15750 15791 0
380 500124 500195 0
381 62 97 0
382 500126 500193 0
383 500141 500161 0
384 43 87 0
385 500114 500124 0
386 500129 500136 0
387 500145 500155 0
388 3 78 0
389 500120 500197 0
390 69 93 0
391 13 49 0
392 500105 500130 0
393 15776 15804 0
394 500102 500177 0
395 500143 500166 0
396 500134 500146 0
397 500125 500148 0
398 15729 15737 0
399 15750 15786 0
--------------
1000000 :c
1004116 :sum(p)
1000000 :sum(w)
