400 :n
id p,w,x
--------------
0 2140 2086 1
1 2131 2086 1
2 98 18 1
3 2152 2078 1
4 91 67 1
5 49 1 1
6 73 21 1
7 84 51 1
8 89 61 1
9 81 29 1
10 2093 2058 1
11 41 18 1
12 56 27 1
13 49 14 1
14 2150 2118 1
15 99 75 1
16 40 12 1
17 88 41 1
18 75 51 1
19 4101 4017 1
20 2121 2084 1
21 97 45 1
22 8004 7950 1
23 15802 15733 1
24 7989 7922 1
25 7998 7923 1
26 7989 7925 1
27 4059 4013 1
28 15820 15733 1
29 7980 7948 1
30 7985 7937 1
31 15814 15765 1
32 4049 4013 1
33 4057 4028 1
34 4076 4035 1
35 15817 15727 1
36 15825 15761 1
37 4075 4029 1
38 8001 7967 1
39 7987 7939 1
40 2086 2057 1
41 4101 4070 1
42 15810 15756 1
43 7983 7942 1
44 2125 2096 1
45 4095 4057 1
46 4096 4038 1
47 15791 15744 1
48 15804 15748 1
49 7987 7927 1
50 8012 7935 1
51 7981 7937 1
52 14 3 1
53 19 7 1
54 47 28 1
55 41 34 1
56 18 16 1
57 91 82 1
58 2084 2059 1
59 2090 2067 1
60 2089 2074 1
61 4071 4045 1
62 4065 4041 1
63 4031 4013 1
64 7953 7922 1
65 7958 7927 1
66 4102 4088 1
67 15824 15777 1
68 15782 15737 1
69 7978 7956 1
70 4063 4053 1
71 31431 31357 1
72 31444 31370 1
73 31434 31365 1
74 7992 7975 1
75 7948 7932 1
76 15767 15738 1
77 15815 15788 1
78 31416 31366 1
79 62694 62604 1
80 31434 31390 1
81 7928 7917 1
82 31416 31388 1
83 7994 7983 1
84 7989 7979 1
85 15762 15746 1
86 15823 15807 1
87 7956 7931 1
88 4076 4072 1
89 82 79 1
90 31402 31363 1
91 7999 7992 1
92 7931 7920 1
93 62686 62631 1
94 62663 62611 1
95 62693 62644 0
96 62694 62645 1
97 4096 4093 1
98 62683 62700 0
99 15748 15738 1
100 125163 125100 0
101 7967 7962 1
102 125189 125112 0
103 62677 62639 0
104 250183 250104 0
105 125180 125105 0
106 31392 31374 0
107 62641 62607 0
108 62635 62602 0
109 62654 62622 0
110 31387 31371 0
111 76 83 0
112 31436 31430 0
113 62652 62621 0
114 62676 62645 0
115 2074 2073 1
116 62677 62647 0
117 2130 2129 1
118 31390 31376 0
119 15789 15782 0
120 62661 62635 0
121 31366 31358 0
122 15778 15774 0
123 15810 15806 0
124 7994 7992 0
125 4060 4059 0
126 4072 4071 0
127 4084 4083 1
128 31377 31372 0
129 15761 15759 0
130 15813 15811 0
131 2125 2125 1
132 5 5 1
133 15738 15738 0
134 15745 15747 0
135 4101 4102 1
136 15808 15814 0
137 15807 15813 0
138 15727 15733 0
139 2075 2076 0
140 7947 7951 0
141 7913 7917 0
142 15736 15746 0
143 15806 15817 0
144 15781 15793 0
145 7946 7953 0
146 2067 2069 0
147 4078 4082 0
148 7931 7939 0
149 4062 4067 0
150 7978 7995 0
151 7920 7937 0
152 4016 4025 0
153 4019 4031 0
154 2057 2064 0
155 2071 2080 0
156 2116 2126 0
157 2118 2130 0
158 94 98 1
159 45 49 0
160 71 79 0
161 71 83 0
162 4 19 0
163 125141 125105 0
164 500185 500143 0
165 500192 500125 0
166 250184 250155 0
167 250167 250117 0
168 500191 500164 0
169 500197 500127 0
170 500146 500119 0
171 500186 500121 0
172 500191 500118 0
173 500169 500135 0
174 125177 125168 0
175 125119 125112 0
176 125175 125143 0
177 500198 500140 0
178 125182 125124 0
179 500160 500110 0
180 125150 125112 0
181 500194 500164 0
182 500196 500159 0
183 500152 500120 0
184 125143 125118 0
185 250182 250157 0
186 62662 62639 0
187 62654 62635 0
188 250173 250128 0
189 62662 62652 0
190 500183 500141 0
191 250163 250130 0
192 62622 62618 0
193 250162 250123 0
194 125156 125108 0
195 250188 250138 0
196 250190 250171 0
197 250176 250113 0
198 125190 125164 0
199 250177 250125 0
200 31379 31435 0
201 500189 500165 0
202 31366 31430 0
203 31367 31401 0
204 15731 15748 0
205 62647 62655 0
206 31355 31426 0
207 62603 62645 0
208 31368 31409 0
209 31409 31442 0
210 62601 62634 0
211 62624 62682 0
212 31404 31437 0
213 31392 31427 0
214 62640 62690 0
215 15789 15809 0
216 62649 62681 0
217 62621 62646 0
218 62612 62698 0
219 62609 62607 0
220 31388 31406 0
221 62655 62654 0
222 62611 62651 0
223 62614 62695 0
224 15763 15776 0
225 62659 62656 0
226 62624 62658 0
227 62615 62633 0
228 15790 15811 0
229 15778 15815 0
230 62622 62656 0
231 62607 62638 0
232 62649 62652 0
233 62614 62639 0
234 62611 62656 0
235 125116 125185 0
236 125124 125145 0
237 31395 31440 0
238 125122 125144 0
239 31381 31444 0
240 125102 125183 0
241 31366 31420 0
242 31355 31381 0
243 125157 125193 0
244 125107 125182 0
245 125145 125175 0
246 125132 125130 0
247 31419 31426 0
248 125126 125170 0
249 125116 125140 0
250 125143 125176 0
251 125113 125160 0
252 31394 31439 0
253 125142 125171 0
254 125100 125179 0
255 125103 125148 0
256 125163 125197 0
257 125174 125194 0
258 125101 125175 0
259 125118 125114 0
260 31383 31406 0
261 125181 125179 0
262 125111 125108 0
263 125101 125108 0
264 125184 125178 0
265 125122 125124 0
266 125157 125158 0
267 125157 125163 0
268 250143 250151 0
269 250115 250110 0
270 250124 250175 0
271 31403 31420 0
272 250178 250198 0
273 250143 250185 0
274 250174 250163 0
275 250143 250181 0
276 250108 250150 0
277 250183 250178 0
278 250152 250158 0
279 250168 250159 0
280 31353 31366 0
281 250105 250117 0
282 250126 250128 0
283 250121 250181 0
284 250109 250142 0
285 250107 250159 0
286 250128 250127 0
287 250155 250171 0
288 250118 250171 0
289 250123 250142 0
290 250153 250198 0
291 250152 250153 0
292 31357 31409 0
293 250111 250174 0
294 250108 250130 0
295 250123 250183 0
296 500107 500199 0
297 500137 500148 0
298 500191 500192 0
299 500133 500175 0
300 500136 500184 0
301 500153 500139 0
302 31376 31441 0
303 500119 500156 0
304 500112 500140 0
305 500127 500148 0
306 500145 500126 0
307 500103 500189 0
308 31368 31437 0
309 31372 31435 0
310 500141 500151 0
311 500112 500141 0
312 500134 500184 0
313 31401 31450 0
314 500114 500167 0
315 500143 500128 0
316 500150 500187 0
317 500101 500139 0
318 500108 500101 0
319 500161 500181 0
320 500160 500163 0
321 500200 500193 0
322 31388 31401 0
323 500112 500133 0
324 31375 31378 0
325 31377 31389 0
326 31375 31390 0
327 250162 250130 0
328 62678 62667 0
329 250135 250101 0
330 125199 125188 0
331 62636 62632 0
332 250168 250114 0
333 250200 250174 0
334 500192 500136 0
335 125174 125125 0
336 500139 500108 0
337 4045 4088 0
338 2060 2128 0
339 2081 2111 0
340 4037 4105 0
341 2097 2133 0
342 2080 2142 0
343 2093 2153 0
344 2110 2137 0
345 2100 2137 0
346 2076 2114 0
347 4035 4073 0
348 4057 4074 0
349 2114 2140 0
350 2066 2133 0
351 4011 4061 0
352 2110 2143 0
353 4038 4099 0
354 2081 2135 0
355 4024 4094 0
356 2066 2152 0
357 4050 4068 0
358 2077 2140 0
359 4024 4079 0
360 4 32 0
361 11 58 0
362 4042 4086 0
363 4050 4069 0
364 4 28 0
365 4051 4077 0
366 16 100 0
367 4030 4093 0
368 4025 4052 0
369 2076 2112 0
370 29 71 0
371 4034 4065 0
372 4039 4086 0
373 43 80 0
374 22 61 0
375 7929 7983 0
376 16 82 0
377 2104 2152 0
378 7935 7960 0
379 20 75 0
380 7952 7978 0
381 7960 7983 0
382 12 86 0
383 7959 7987 0
384 7915 7971 0
385 48 92 0
386 7973 7994 0
387 7934 7964 0
388 7978 8009 0
389 15779 15822 0
390 15727 15803 0
391 15732 15788 0
392 2112 2147 0
393 15760 15807 0
394 2099 2138 0
395 15732 15824 0
396 15743 15807 0
397 15783 15822 0
398 2111 2152 0
399 2119 2137 0
--------------
1000000 :c
1003716 :sum(p)
999999 :sum(w)
