400 :n
id p,w,x
--------------
0 2141 2080 1
1 2152 2066 1
2 40 4 1
3 15810 15773 1
4 15790 15746 1
5 15825 15767 1
6 15821 15788 1
7 15769 15734 1
8 15807 15758 1
9 2129 2095 1
10 31444 31371 1
11 98 11 1
12 31449 31393 1
13 15820 15767 1
14 31449 31370 1
15 31442 31385 1
16 31449 31378 1
17 8003 7937 1
18 31438 31371 1
19 2143 2118 1
20 7945 7915 1
21 7956 7916 1
22 31424 31353 1
23 7966 7922 1
24 8006 7913 1
25 7940 7915 1
26 83 14 1
27 82 33 1
28 7994 7944 1
29 7958 7914 1
30 7953 7920 1
31 7987 7960 1
32 2131 2089 1
33 4092 4008 1
34 54 2 1
35 4101 4058 1
36 52 17 1
37 4090 4021 1
38 67 2 1
39 2110 2066 1
40 4077 4017 1
41 4055 4013 1
42 4084 4051 1
43 4074 4028 1
44 2131 2083 1
45 95 70 1
46 73 30 1
47 94 45 1
48 2143 2122 1
49 80 44 1
50 4089 4017 1
51 4105 4030 1
52 4070 4021 1
53 4091 4009 1
54 4056 4031 1
55 33 11 1
56 72 20 1
57 4084 4035 1
58 96 49 1
59 78 34 1
60 4081 4033 1
61 68 5 1
62 64 52 1
63 47 9 1
64 68 62 1
65 81 74 1
66 50 46 1
67 44 41 1
68 2073 2064 1
69 2081 2075 0
70 2089 2083 1
71 4072 4061 1
72 2068 2063 1
73 2133 2128 0
74 7981 7964 1
75 7953 7938 1
76 15772 15744 1
77 15799 15773 1
78 31425 31374 1
79 31429 31381 1
80 15771 15747 1
81 7997 7985 1
82 15798 15775 1
83 15809 15786 1
84 62694 62606 1
85 7994 7983 1
86 31434 31391 1
87 15770 15749 1
88 62684 62606 1
89 4070 4063 1
90 4027 4022 0
91 4058 4053 0
92 15767 15748 1
93 15799 15781 1
94 99 42 1
95 62683 62608 1
96 31394 31355 1
97 15804 15786 0
98 31411 31376 0
99 15789 15772 0
100 15820 15819 0
101 2125 2146 0
102 15792 15795 0
103 31411 31377 0
104 31418 31384 0
105 62688 62622 0
106 31387 31354 1
107 15810 15814 0
108 31388 31355 0
109 62685 62628 0
110 31399 31371 0
111 8005 7998 0
112 15764 15754 0
113 15737 15729 0
114 15749 15741 0
115 7953 7951 0
116 7942 7941 0
117 7959 7958 0
118 2093 2093 0
119 7929 7929 0
120 7965 7966 0
121 7913 7914 0
122 7989 7991 0
123 2110 2111 0
124 4066 4069 0
125 2094 2096 0
126 4043 4047 0
127 4071 4078 0
128 2118 2122 0
129 41 46 0
130 68 78 0
131 31387 31378 0
132 31432 31419 0
133 62642 62624 0
134 125197 125153 0
135 62686 62655 0
136 62697 62672 0
137 250179 250111 0
138 31448 31433 0
139 125154 125106 0
140 250195 250108 0
141 250196 250102 0
142 31440 31420 0
143 62667 62615 0
144 250181 250118 0
145 125192 125158 0
146 62683 62629 0
147 31401 31381 0
148 125185 125120 0
149 31443 31429 0
150 500167 500140 0
151 500198 500104 0
152 250112 250116 0
153 62660 62648 0
154 250103 250108 0
155 500154 500180 0
156 500145 500102 0
157 250142 250136 0
158 500140 500117 0
159 62663 62665 0
160 250141 250120 0
161 62699 62696 0
162 500188 500113 0
163 500146 500116 0
164 500153 500141 0
165 125186 125183 0
166 500188 500153 0
167 125125 125120 0
168 500172 500186 0
169 250163 250159 0
170 250164 250117 0
171 125176 125178 0
172 250186 250171 0
173 500165 500136 0
174 250141 250110 0
175 500170 500144 0
176 500185 500167 0
177 500101 500101 0
178 31369 31365 0
179 250189 250150 0
180 125159 125131 0
181 125128 125111 0
182 500183 500192 0
183 125152 125136 0
184 250171 250174 0
185 500122 500137 0
186 500144 500138 0
187 500147 500111 0
188 500127 500124 0
189 250177 250172 0
190 31356 31358 0
191 125170 125169 0
192 125199 125173 0
193 125129 125121 0
194 125144 125140 0
195 500136 500125 0
196 500125 500103 0
197 250168 250133 0
198 125170 125143 0
199 125128 125123 0
200 15767 15764 0
201 125155 125141 0
202 250126 250121 0
203 250148 250145 0
204 500133 500153 0
205 500111 500123 0
206 500139 500111 0
207 500172 500156 0
208 15748 15748 0
209 125182 125161 0
210 250178 250173 0
211 250134 250103 0
212 500149 500153 0
213 500192 500162 0
214 250178 250141 0
215 500170 500125 0
216 125120 125114 0
217 500124 500147 0
218 250150 250125 0
219 500141 500107 0
220 500111 500116 0
221 62649 62645 0
222 500152 500150 0
223 125181 125132 0
224 125198 125110 0
225 31427 31404 0
226 62671 62628 0
227 62670 62620 0
228 62685 62660 0
229 62650 62606 0
230 31395 31372 0
231 62633 62607 0
232 62624 62606 0
233 62681 62633 0
234 15786 15808 0
235 15783 15822 0
236 15757 15768 0
237 15728 15798 0
238 31366 31394 0
239 7969 8001 0
240 31363 31402 0
241 7965 7969 0
242 7924 7987 0
243 7914 7984 0
244 7979 7989 0
245 7946 7954 0
246 31386 31428 0
247 31379 31436 0
248 31360 31374 0
249 31432 31438 0
250 7931 7976 0
251 31384 31433 0
252 7913 7925 0
253 7956 7968 0
254 31391 31405 0
255 31398 31427 0
256 31365 31399 0
257 7972 8011 0
258 31392 31396 0
259 31377 31434 0
260 7915 7939 0
261 7988 7995 0
262 31396 31418 0
263 62670 62681 0
264 7944 8007 0
265 7918 7978 0
266 62627 62643 0
267 62611 62638 0
268 7926 7962 0
269 62647 62699 0
270 62658 62688 0
271 62651 62664 0
272 62637 62681 0
273 62633 62669 0
274 7950 7962 0
275 7922 7964 0
276 62667 62685 0
277 7933 7978 0
278 500145 500180 0
279 62663 62677 0
280 62603 62628 0
281 62673 62697 0
282 15737 15766 0
283 62671 62682 0
284 62603 62647 0
285 62613 62646 0
286 62604 62692 0
287 4057 4076 0
288 4025 4068 0
289 4014 4079 0
290 4075 4103 0
291 62646 62664 0
292 4053 4067 0
293 62607 62692 0
294 15735 15770 0
295 4025 4097 0
296 4057 4096 0
297 4071 4088 0
298 62653 62665 0
299 125152 125198 0
300 4027 4102 0
301 4018 4087 0
302 125102 125190 0
303 125109 125119 0
304 4051 4062 0
305 4033 4093 0
306 4015 4072 0
307 4032 4073 0
308 15733 15804 0
309 4018 4030 0
310 125145 125193 0
311 125152 125178 0
312 125179 125195 0
313 4047 4075 0
314 4043 4084 0
315 4024 4051 0
316 125140 125189 0
317 125117 125178 0
318 4031 4096 0
319 2112 2143 0
320 2068 2092 0
321 125107 125132 0
322 15759 15763 0
323 2071 2125 0
324 2108 2151 0
325 2099 2136 0
326 2068 2106 0
327 125136 125167 0
328 125103 125123 0
329 125140 125191 0
330 15739 15745 0
331 125110 125195 0
332 2087 2103 0
333 2060 2096 0
334 15747 15808 0
335 2074 2138 0
336 2087 2108 0
337 125116 125156 0
338 2075 2150 0
339 125128 125141 0
340 125164 125198 0
341 125121 125172 0
342 2090 2139 0
343 125128 125190 0
344 2064 2146 0
345 2075 2129 0
346 125100 125180 0
347 250115 250141 0
348 250133 250185 0
349 250123 250146 0
350 2073 2149 0
351 2075 2122 0
352 2100 2145 0
353 2076 2126 0
354 15734 15744 0
355 2097 2138 0
356 2066 2081 0
357 2075 2101 0
358 2096 2115 0
359 250138 250164 0
360 250115 250152 0
361 250138 250183 0
362 250113 250175 0
363 250131 250197 0
364 250111 250180 0
365 15751 15778 0
366 19 99 0
367 1 23 0
368 50 97 0
369 6 76 0
370 15753 15766 0
371 250126 250160 0
372 74 96 0
373 26 58 0
374 3 62 0
375 40 93 0
376 250154 250191 0
377 2 16 0
378 250124 250161 0
379 250149 250199 0
380 250117 250159 0
381 250154 250185 0
382 4 18 0
383 250157 250189 0
384 19 95 0
385 250104 250156 0
386 250114 250186 0
387 500143 500195 0
388 500106 500182 0
389 500108 500186 0
390 8 63 0
391 500129 500165 0
392 500129 500178 0
393 7 100 0
394 500152 500188 0
395 500127 500170 0
396 46 73 0
397 65 78 0
398 15759 15816 0
399 15766 15778 0
--------------
1000000 :c
1004004 :sum(p)
1000000 :sum(w)
