400 :n
id p,w,x
--------------
0 99 3 1
1 92 35 1
2 46 22 1
3 68 14 1
4 53 20 1
5 74 27 1
6 100 42 1
7 99 25 1
8 90 17 1
9 100 54 1
10 2127 2073 1
11 2146 2082 1
12 7999 7925 1
13 84 41 1
14 4088 4015 1
15 7988 7921 1
16 15809 15747 1
17 4074 4028 1
18 4094 4035 1
19 15824 15736 1
20 4096 4021 1
21 15805 15739 1
22 31444 31369 1
23 31424 31352 1
24 15822 15765 1
25 4100 4040 1
26 8011 7937 1
27 15821 15747 1
28 15821 15757 1
29 76 37 1
30 49 24 1
31 58 31 1
32 76 41 1
33 88 49 1
34 69 40 1
35 85 50 1
36 90 55 1
37 56 46 1
38 78 68 1
39 78 72 1
40 53 49 1
41 61 57 1
42 83 78 1
43 84 81 1
44 57 55 1
45 2138 2099 1
46 2117 2080 1
47 2151 2123 1
48 2132 2108 1
49 2117 2096 1
50 4066 4027 1
51 4056 4018 1
52 4070 4033 1
53 4089 4054 1
54 2134 2116 1
55 4094 4060 1
56 2083 2066 1
57 4085 4054 1
58 4068 4040 1
59 4099 4071 1
60 2146 2133 1
61 4032 4008 1
62 4102 4078 1
63 7992 7946 1
64 4028 4008 1
65 2084 2074 1
66 7967 7930 1
67 7953 7917 1
68 2109 2100 1
69 7992 7960 1
70 4028 4012 1
71 4104 4089 1
72 7941 7914 1
73 2122 2115 0
74 7966 7941 1
75 2128 2122 1
76 7947 7926 1
77 7964 7943 1
78 7970 7949 1
79 15823 15782 1
80 7968 7949 1
81 2117 2112 1
82 4031 4022 1
83 7984 7967 1
84 15776 15743 1
85 4023 4015 0
86 31450 31389 1
87 15806 15776 1
88 31435 31376 1
89 2140 2136 0
90 31419 31361 1
91 15755 15730 1
92 31441 31393 1
93 15772 15748 1
94 8010 7998 1
95 15784 15764 1
96 4046 4041 0
97 4059 4054 1
98 62678 62602 1
99 15816 15797 1
100 31427 31390 1
101 31423 31388 1
102 31431 31396 1
103 15786 15769 1
104 15820 15803 1
105 62686 62620 1
106 31437 31405 1
107 4021 4017 0
108 97 37 1
109 31414 31356 1
110 31391 31360 1
111 31427 31396 1
112 125186 125113 0
113 31437 31417 0
114 8005 8012 0
115 15767 15787 0
116 31380 31351 0
117 7931 7924 0
118 31391 31364 0
119 31430 31408 0
120 31416 31395 0
121 31399 31381 0
122 2117 2122 0
123 125171 125101 0
124 62660 62628 0
125 31412 31396 0
126 15756 15748 0
127 15801 15793 0
128 62674 62648 0
129 125193 125145 0
130 62653 62630 0
131 250194 250105 0
132 31410 31399 0
133 250189 250109 0
134 15814 15809 0
135 125190 125151 0
136 125198 125159 0
137 62634 62615 0
138 62677 62659 0
139 62640 62623 0
140 7943 7941 0
141 62632 62617 0
142 250188 250131 0
143 250178 250124 0
144 250154 250103 0
145 125129 125104 0
146 125177 125152 0
147 250187 250138 0
148 15732 15729 0
149 250153 250106 0
150 250192 250146 0
151 125134 125111 0
152 250183 250141 0
153 500194 500114 0
154 125173 125154 0
155 250137 250101 0
156 62677 62668 0
157 250151 250116 0
158 500175 500109 0
159 500193 500127 0
160 7941 7940 0
161 125114 125100 0
162 500193 500141 0
163 250198 250173 0
164 31401 31398 0
165 125147 125136 0
166 250154 250134 0
167 250125 250108 0
168 250176 250159 0
169 125137 125129 0
170 500191 500160 0
171 250136 250122 0
172 500187 500161 0
173 500196 500172 0
174 62616 62613 0
175 500196 500174 0
176 500195 500175 0
177 31393 31392 0
178 250111 250104 0
179 500136 500124 0
180 500197 500185 0
181 250147 250141 0
182 500177 500166 0
183 500176 500166 0
184 250134 250129 0
185 250179 250175 0
186 125158 125156 0
187 62609 62608 0
188 500197 500191 0
189 250200 250197 0
190 500125 500120 0
191 125167 125166 0
192 7940 7940 0
193 125189 125189 0
194 500153 500153 0
195 4070 4070 0
196 250104 250104 0
197 500172 500173 0
198 500107 500108 0
199 250175 250176 0
200 500110 500113 0
201 500119 500123 0
202 62662 62663 0
203 500121 500135 0
204 500121 500136 0
205 250155 250163 0
206 500171 500188 0
207 500133 500150 0
208 500168 500187 0
209 500144 500163 0
210 250111 250121 0
211 500164 500185 0
212 250168 250179 0
213 125123 125129 0
214 250146 250158 0
215 500154 500178 0
216 500152 500177 0
217 500154 500181 0
218 500130 500157 0
219 125170 125177 0
220 15809 15810 0
221 62609 62613 0
222 500147 500180 0
223 250182 250199 0
224 125143 125152 0
225 125100 125109 0
226 500117 500154 0
227 125176 125187 0
228 250122 250144 0
229 500136 500182 0
230 125150 125162 0
231 250118 250143 0
232 250136 250163 0
233 62677 62684 0
234 125136 125150 0
235 500143 500199 0
236 500105 500163 0
237 500120 500179 0
238 7930 7931 0
239 31369 31373 0
240 62686 62694 0
241 250163 250195 0
242 500123 500188 0
243 250162 250195 0
244 250138 250171 0
245 125104 125124 0
246 500102 500182 0
247 62626 62637 0
248 2088 2090 0
249 4008 4012 0
250 2111 2116 0
251 82 87 0
252 80 90 0
253 16 23 0
254 7973 7987 0
255 15806 15825 0
256 7963 7996 0
257 7959 7987 0
258 15756 15779 0
259 15780 15783 0
260 7965 7980 0
261 7952 7991 0
262 7921 7997 0
263 7929 7969 0
264 7917 7966 0
265 7930 8012 0
266 15768 15803 0
267 7967 7977 0
268 7937 7942 0
269 7915 7922 0
270 15801 15804 0
271 7924 7963 0
272 15748 15780 0
273 7915 7986 0
274 7943 7959 0
275 7983 8010 0
276 15771 15799 0
277 15732 15790 0
278 15728 15738 0
279 15775 15791 0
280 15733 15787 0
281 4044 4102 0
282 15733 15798 0
283 15738 15823 0
284 500106 500196 0
285 4010 4030 0
286 4016 4091 0
287 4044 4075 0
288 31426 31436 0
289 4010 4038 0
290 31352 31400 0
291 31357 31436 0
292 31360 31416 0
293 31368 31439 0
294 31356 31417 0
295 4028 4080 0
296 31360 31419 0
297 31414 31435 0
298 4041 4054 0
299 31357 31370 0
300 31430 31438 0
301 31408 31439 0
302 31418 31425 0
303 4035 4045 0
304 31390 31448 0
305 31397 31419 0
306 4054 4089 0
307 4010 4074 0
308 4025 4046 0
309 4027 4073 0
310 31358 31374 0
311 31429 31436 0
312 62638 62694 0
313 4038 4106 0
314 62653 62668 0
315 4020 4071 0
316 7936 7983 0
317 62657 62672 0
318 4016 4049 0
319 62614 62659 0
320 2068 2078 0
321 62667 62696 0
322 62651 62664 0
323 62633 62657 0
324 2068 2149 0
325 2085 2122 0
326 2105 2146 0
327 2062 2090 0
328 62630 62687 0
329 62626 62684 0
330 2065 2134 0
331 2082 2139 0
332 2096 2118 0
333 2106 2119 0
334 2106 2121 0
335 2066 2108 0
336 2111 2143 0
337 2069 2080 0
338 15756 15812 0
339 62619 62649 0
340 2077 2140 0
341 15802 15811 0
342 62679 62691 0
343 62604 62697 0
344 2088 2141 0
345 62636 62664 0
346 2061 2105 0
347 7976 8001 0
348 2062 2088 0
349 2096 2120 0
350 62672 62684 0
351 2105 2146 0
352 62613 62633 0
353 62654 62670 0
354 62627 62685 0
355 2065 2107 0
356 62609 62651 0
357 62637 62699 0
358 2089 2141 0
359 56 96 0
360 62636 62662 0
361 62655 62683 0
362 62667 62694 0
363 62669 62689 0
364 50 67 0
365 32 99 0
366 125164 125194 0
367 60 94 0
368 125117 125149 0
369 34 64 0
370 125103 125192 0
371 125108 125193 0
372 15762 15766 0
373 125128 125167 0
374 50 80 0
375 125147 125194 0
376 125126 125180 0
377 15788 15794 0
378 125106 125150 0
379 15753 15817 0
380 125108 125168 0
381 125148 125177 0
382 125113 125174 0
383 125114 125175 0
384 125131 125177 0
385 60 78 0
386 125123 125197 0
387 125101 125162 0
388 125114 125176 0
389 125152 125182 0
390 250115 250184 0
391 9 68 0
392 250106 250174 0
393 250107 250159 0
394 250148 250200 0
395 250102 250168 0
396 250107 250194 0
397 10 100 0
398 7918 7925 0
399 15738 15747 0
--------------
1000000 :c
1003954 :sum(p)
1000000 :sum(w)
