400 :n
id p,w,x
--------------
0 96 33 1
1 4057 4023 1
2 2122 2095 1
3 2142 2092 1
4 2106 2072 1
5 2130 2098 1
6 2146 2057 1
7 2142 2070 1
8 7995 7927 1
9 89 12 1
10 2132 2058 1
11 2134 2088 1
12 2101 2054 1
13 50 30 1
14 2127 2065 1
15 2117 2054 1
16 2152 2100 1
17 4067 4009 1
18 90 38 1
19 98 47 1
20 2127 2088 1
21 4091 4042 1
22 4090 4058 1
23 81 18 1
24 4074 4021 1
25 8002 7942 1
26 4064 4021 1
27 4055 4014 1
28 4088 4029 1
29 4058 4021 1
30 4065 4017 1
31 79 53 1
32 4038 4007 1
33 7998 7919 1
34 99 69 1
35 4085 4045 1
36 50 30 1
37 4081 4017 1
38 62 11 1
39 4070 4022 1
40 87 9 1
41 17 2 1
42 50 39 1
43 100 83 1
44 38 32 1
45 82 74 1
46 92 85 1
47 70 66 1
48 2134 2118 1
49 2151 2135 1
50 2069 2054 1
51 2076 2061 1
52 7999 7943 1
53 8004 7948 1
54 7994 7939 1
55 4087 4060 1
56 4038 4012 1
57 8002 7956 1
58 4070 4048 1
59 7960 7917 1
60 7959 7921 1
61 7957 7920 1
62 15821 15748 1
63 15815 15744 1
64 7994 7959 1
65 7949 7915 1
66 2128 2119 1
67 7966 7936 1
68 8002 7973 1
69 15814 15757 1
70 15785 15730 1
71 4035 4022 1
72 31450 31352 1
73 7985 7962 1
74 15792 15747 1
75 2147 2141 1
76 15819 15775 1
77 15788 15749 1
78 31427 31357 1
79 7933 7916 1
80 31423 31356 1
81 15788 15758 1
82 31412 31353 1
83 31410 31353 1
84 15771 15743 1
85 31400 31356 1
86 58 31 1
87 31429 31375 1
88 31427 31375 1
89 15790 15765 1
90 62679 62607 1
91 7964 7952 1
92 2096 2093 1
93 15759 15738 1
94 7954 7944 1
95 31424 31386 1
96 7987 7978 1
97 31440 31406 1
98 31427 31372 1
99 62676 62609 1
100 62698 62632 1
101 62694 62629 0
102 62680 62618 0
103 62700 62670 0
104 15816 15810 0
105 31399 31381 0
106 31412 31382 0
107 31397 31369 0
108 31402 31374 0
109 15757 15744 0
110 15758 15745 1
111 15797 15785 0
112 7931 7925 1
113 31433 31408 0
114 4096 4103 0
115 125199 125108 0
116 125178 125101 0
117 62654 62617 0
118 2 84 0
119 62659 62607 0
120 62681 62649 0
121 2146 2145 1
122 62660 62631 0
123 15759 15752 0
124 62648 62621 0
125 15736 15730 0
126 7945 7944 0
127 15744 15743 0
128 31354 31353 0
129 31356 31355 0
130 35 35 1
131 4025 4025 0
132 15793 15793 0
133 4054 4054 0
134 31401 31402 0
135 31374 31375 0
136 15805 15809 0
137 15801 15806 0
138 15782 15787 0
139 7969 7972 0
140 15784 15790 0
141 7968 7972 0
142 7920 7927 0
143 2074 2076 1
144 4037 4041 0
145 7969 7977 0
146 7967 7975 0
147 4021 4026 0
148 4062 4068 0
149 7966 7979 0
150 7954 7967 0
151 4026 4033 0
152 4020 4027 0
153 7991 8005 0
154 2146 2150 0
155 4077 4086 0
156 2128 2134 0
157 2140 2147 0
158 2120 2128 0
159 4009 4027 0
160 2092 2108 0
161 2121 2138 0
162 2088 2108 0
163 92 93 1
164 35 36 0
165 52 56 0
166 72 80 0
167 62 80 0
168 6 8 1
169 2 11 0
170 250143 250132 0
171 250152 250162 0
172 250195 250140 0
173 250146 250119 0
174 250171 250156 0
175 250147 250140 0
176 125173 125151 0
177 250157 250109 0
178 250184 250138 0
179 250102 250123 0
180 250196 250143 0
181 250138 250160 0
182 250128 250136 0
183 250144 250122 0
184 250171 250174 0
185 250195 250197 0
186 250178 250106 0
187 250169 250167 0
188 250156 250111 0
189 250128 250108 0
190 250172 250159 0
191 125177 125139 0
192 250197 250124 0
193 250157 250158 0
194 250148 250155 0
195 500147 500146 0
196 500105 500124 0
197 500169 500157 0
198 500153 500105 0
199 500198 500128 0
200 500134 500146 0
201 500145 500139 0
202 500111 500154 0
203 500175 500129 0
204 500189 500168 0
205 500117 500164 0
206 500122 500122 0
207 500163 500199 0
208 500192 500105 0
209 500199 500139 0
210 125104 125114 0
211 500123 500117 0
212 500185 500129 0
213 500101 500107 0
214 500167 500164 0
215 500180 500174 0
216 500126 500165 0
217 500146 500163 0
218 500160 500181 0
219 125179 125135 0
220 500142 500120 0
221 500171 500183 0
222 500173 500158 0
223 500164 500141 0
224 500157 500181 0
225 500151 500105 0
226 500107 500152 0
227 500130 500176 0
228 500115 500104 0
229 500166 500157 0
230 500133 500140 0
231 62682 62688 0
232 62690 62675 0
233 62697 62679 0
234 125149 125102 0
235 62671 62647 0
236 125170 125119 0
237 62688 62663 0
238 125189 125135 0
239 125121 125104 0
240 125199 125164 0
241 62648 62636 0
242 125182 125171 0
243 62696 62681 0
244 125158 125131 0
245 125163 125153 0
246 125160 125142 0
247 125132 125142 0
248 125111 125100 0
249 125156 125133 0
250 125189 125173 0
251 125190 125149 0
252 62662 62659 0
253 62698 62681 0
254 125183 125164 0
255 125131 125142 0
256 125137 125125 0
257 250173 250171 0
258 250135 250114 0
259 125109 125121 0
260 250183 250104 0
261 250170 250153 0
262 125196 125161 0
263 250185 250129 0
264 125177 125146 0
265 250196 250133 0
266 250128 250115 0
267 62664 62641 0
268 250135 250138 0
269 31378 31418 0
270 31371 31434 0
271 31366 31381 0
272 7944 7989 0
273 31392 31437 0
274 31409 31437 0
275 31402 31422 0
276 500131 500182 0
277 7929 7956 0
278 15792 15824 0
279 7925 7999 0
280 4013 4081 0
281 4078 4103 0
282 31375 31419 0
283 31378 31398 0
284 31376 31390 0
285 31373 31441 0
286 31408 31419 0
287 31405 31440 0
288 7940 8011 0
289 31365 31385 0
290 31399 31446 0
291 7939 8001 0
292 31385 31397 0
293 15731 15808 0
294 31400 31419 0
295 4051 4091 0
296 31399 31403 0
297 7927 7962 0
298 4050 4091 0
299 15734 15774 0
300 4021 4061 0
301 31394 31430 0
302 4029 4085 0
303 15760 15782 0
304 31353 31361 0
305 4072 4095 0
306 4009 4084 0
307 31388 31412 0
308 4055 4087 0
309 62614 62673 0
310 4036 4087 0
311 4033 4102 0
312 15785 15801 0
313 62630 62681 0
314 62622 62671 0
315 4031 4064 0
316 62620 62657 0
317 62612 62692 0
318 62641 62694 0
319 62615 62641 0
320 7944 7960 0
321 2059 2086 0
322 62644 62653 0
323 2055 2121 0
324 62623 62649 0
325 15764 15787 0
326 2061 2096 0
327 62611 62624 0
328 62640 62652 0
329 15753 15794 0
330 15732 15782 0
331 62607 62693 0
332 62639 62656 0
333 7932 7965 0
334 15760 15815 0
335 62609 62695 0
336 7954 7979 0
337 62616 62628 0
338 2103 2140 0
339 62629 62637 0
340 15741 15748 0
341 2075 2111 0
342 2078 2145 0
343 2060 2101 0
344 2095 2129 0
345 2054 2148 0
346 62611 62669 0
347 62618 62697 0
348 62637 62687 0
349 125141 125161 0
350 2086 2129 0
351 125160 125196 0
352 2064 2087 0
353 125150 125184 0
354 125135 125166 0
355 125145 125159 0
356 125133 125161 0
357 125100 125174 0
358 125106 125127 0
359 125144 125169 0
360 7951 7996 0
361 33 92 0
362 30 76 0
363 15769 15825 0
364 125103 125179 0
365 125104 125166 0
366 125126 125176 0
367 125137 125159 0
368 125128 125166 0
369 250158 250193 0
370 250118 250198 0
371 3 61 0
372 58 89 0
373 250149 250186 0
374 250159 250197 0
375 250107 250198 0
376 25 53 0
377 15775 15792 0
378 28 77 0
379 21 64 0
380 3 50 0
381 250125 250154 0
382 7990 8008 0
383 22 64 0
384 4 86 0
385 12 58 0
386 250132 250178 0
387 250121 250155 0
388 250124 250162 0
389 500132 500190 0
390 15755 15815 0
391 40 73 0
392 500109 500190 0
393 500113 500170 0
394 15767 15806 0
395 500139 500199 0
396 15809 15818 0
397 500101 500192 0
398 15739 15777 0
399 15742 15819 0
--------------
1000000 :c
1004190 :sum(p)
999999 :sum(w)
