400 :n
id p,w,x
--------------
0 4088 4046 1
1 4102 4009 1
2 8010 7948 1
3 46 13 1
4 64 19 1
5 4071 4038 1
6 40 12 1
7 8008 7926 1
8 89 54 1
9 8012 7961 1
10 15817 15734 1
11 4059 4033 1
12 61 21 1
13 89 64 1
14 68 56 1
15 66 25 1
16 78 25 1
17 100 11 1
18 41 7 1
19 95 66 1
20 98 72 1
21 2148 2076 1
22 7973 7938 1
23 4061 4024 1
24 7992 7933 1
25 2126 2079 1
26 8008 7921 1
27 2092 2076 1
28 7951 7917 1
29 15806 15733 1
30 7989 7947 1
31 2096 2067 1
32 2142 2099 1
33 15824 15736 1
34 8003 7966 1
35 8009 7965 1
36 2136 2058 1
37 4044 4026 1
38 8003 7961 1
39 2143 2116 1
40 4105 4008 1
41 4060 4020 1
42 4083 4027 1
43 4105 4008 1
44 4101 4075 1
45 4081 4020 1
46 15820 15737 1
47 2077 2060 1
48 2131 2087 1
49 2082 2067 1
50 2123 2078 1
51 4094 4015 1
52 15793 15728 1
53 4084 4048 1
54 2137 2082 1
55 15812 15738 1
56 7 4 1
57 3 2 1
58 70 64 1
59 2093 2080 1
60 2145 2132 1
61 2073 2064 1
62 7966 7936 1
63 15813 15757 1
64 7986 7958 1
65 2118 2111 1
66 2144 2137 1
67 4073 4060 1
68 7974 7949 1
69 2115 2109 1
70 15802 15758 1
71 4020 4009 1
72 15795 15752 1
73 7947 7926 1
74 15823 15784 1
75 4082 4072 1
76 31446 31370 1
77 7933 7914 1
78 2142 2137 0
79 7979 7961 1
80 7987 7969 1
81 31434 31365 1
82 31423 31355 1
83 8009 7992 1
84 31418 31353 1
85 7984 7968 1
86 15803 15773 1
87 7970 7955 1
88 15823 15794 1
89 7971 7957 1
90 4018 4011 0
91 4043 4036 1
92 31405 31352 1
93 15783 15757 1
94 4045 4039 0
95 62691 62601 1
96 2100 2097 0
97 31410 31367 1
98 31431 31388 1
99 15821 15800 0
100 31449 31412 1
101 31421 31385 1
102 7939 7930 1
103 95 93 1
104 62685 62605 1
105 31390 31351 1
106 31409 31373 1
107 31415 31380 0
108 31418 31384 1
109 31441 31450 0
110 2152 2150 0
111 15748 15797 0
112 2115 2113 0
113 2134 2132 0
114 31396 31367 0
115 15768 15754 0
116 4081 4079 0
117 15787 15773 0
118 7962 7955 0
119 31409 31383 0
120 15797 15784 0
121 15786 15774 0
122 15794 15782 0
123 7980 7974 0
124 4025 4022 0
125 62683 62638 0
126 62698 62656 0
127 62645 62606 0
128 62688 62649 0
129 125178 125105 0
130 62685 62649 0
131 31379 31363 0
132 15739 15731 0
133 7927 7923 0
134 15745 15738 0
135 15765 15759 0
136 15770 15764 0
137 30 30 0
138 7959 7959 0
139 2125 2125 0
140 8011 8012 0
141 8007 8008 0
142 7958 7959 0
143 7998 8002 0
144 2058 2060 0
145 7988 7997 0
146 4027 4032 0
147 2120 2123 0
148 2125 2129 0
149 2088 2092 0
150 2106 2111 0
151 4051 4062 0
152 4034 4045 0
153 2065 2074 0
154 2100 2111 0
155 85 87 0
156 71 75 0
157 44 48 0
158 61 68 0
159 25 29 0
160 58 72 0
161 57 74 0
162 48 65 0
163 22 34 0
164 11 20 0
165 1 19 0
166 125135 125112 0
167 125143 125130 0
168 250157 250123 0
169 250149 250102 0
170 250200 250174 0
171 250143 250129 0
172 250169 250122 0
173 250141 250114 0
174 250171 250163 0
175 250138 250113 0
176 250162 250157 0
177 250133 250106 0
178 250164 250136 0
179 250132 250118 0
180 250194 250147 0
181 250185 250156 0
182 500173 500121 0
183 500191 500133 0
184 500167 500132 0
185 500166 500121 0
186 500130 500122 0
187 31361 31356 0
188 500181 500148 0
189 500184 500142 0
190 500176 500143 0
191 500137 500127 0
192 31410 31404 0
193 62625 62621 0
194 62676 62663 0
195 62665 62655 0
196 125188 125157 0
197 62638 62624 0
198 62644 62625 0
199 250169 250107 0
200 125185 125117 0
201 62658 62634 0
202 250198 250110 0
203 125139 125109 0
204 31439 31429 0
205 125151 125115 0
206 125166 125125 0
207 125187 125125 0
208 62657 62631 0
209 250180 250115 0
210 125193 125161 0
211 250163 250105 0
212 125187 125124 0
213 250158 250101 0
214 125195 125127 0
215 62689 62661 0
216 125192 125162 0
217 62695 62682 0
218 125148 125126 0
219 125150 125130 0
220 125153 125128 0
221 125131 125128 0
222 125137 125111 0
223 125180 125155 0
224 125194 125188 0
225 15796 15807 0
226 62615 62648 0
227 15807 15811 0
228 62638 62656 0
229 15729 15790 0
230 62628 62655 0
231 62660 62692 0
232 62620 62676 0
233 62620 62642 0
234 62642 62691 0
235 62629 62682 0
236 15730 15791 0
237 62630 62687 0
238 15735 15777 0
239 62630 62634 0
240 62650 62678 0
241 7937 7981 0
242 7947 7990 0
243 31355 31427 0
244 62665 62681 0
245 62683 62683 0
246 62604 62627 0
247 62614 62697 0
248 7987 7998 0
249 7916 7962 0
250 62608 62663 0
251 7931 7967 0
252 7923 7965 0
253 62662 62661 0
254 31414 31421 0
255 62648 62696 0
256 62665 62674 0
257 62636 62642 0
258 62669 62674 0
259 62664 62693 0
260 31395 31436 0
261 62604 62659 0
262 62618 62689 0
263 125145 125161 0
264 7973 7983 0
265 125100 125118 0
266 125148 125164 0
267 125116 125142 0
268 125157 125163 0
269 125166 125179 0
270 125122 125171 0
271 125101 125158 0
272 15752 15801 0
273 31389 31400 0
274 7977 7997 0
275 125131 125157 0
276 125171 125175 0
277 31392 31413 0
278 125119 125119 0
279 125134 125151 0
280 125154 125153 0
281 15730 15779 0
282 4053 4096 0
283 4020 4074 0
284 125140 125157 0
285 4073 4090 0
286 4046 4089 0
287 125137 125185 0
288 125117 125142 0
289 125108 125144 0
290 125180 125195 0
291 31380 31384 0
292 125180 125196 0
293 125136 125158 0
294 250172 250184 0
295 4015 4056 0
296 250139 250143 0
297 250193 250192 0
298 4057 4089 0
299 250165 250164 0
300 250144 250141 0
301 4052 4069 0
302 250102 250114 0
303 4045 4060 0
304 4058 4074 0
305 4034 4095 0
306 4008 4099 0
307 250131 250182 0
308 250149 250185 0
309 4012 4105 0
310 250104 250150 0
311 250110 250190 0
312 250108 250159 0
313 250174 250186 0
314 15777 15803 0
315 4081 4104 0
316 4025 4100 0
317 4023 4058 0
318 250130 250182 0
319 31378 31387 0
320 2086 2128 0
321 250147 250148 0
322 250158 250197 0
323 31360 31430 0
324 2115 2149 0
325 250106 250193 0
326 15728 15791 0
327 2115 2149 0
328 250152 250197 0
329 2070 2095 0
330 250104 250117 0
331 250106 250171 0
332 31417 31436 0
333 2090 2115 0
334 250121 250162 0
335 250174 250187 0
336 15749 15779 0
337 500159 500167 0
338 2056 2100 0
339 500136 500133 0
340 500166 500170 0
341 500106 500194 0
342 500125 500169 0
343 15748 15795 0
344 500117 500160 0
345 15740 15751 0
346 500104 500166 0
347 2062 2134 0
348 2089 2142 0
349 15729 15774 0
350 500102 500142 0
351 500123 500123 0
352 500144 500152 0
353 500158 500163 0
354 500116 500173 0
355 500105 500166 0
356 500129 500122 0
357 500200 500200 0
358 2081 2152 0
359 500107 500151 0
360 500160 500155 0
361 500106 500177 0
362 31433 31441 0
363 31356 31364 0
364 15784 15798 0
365 12 55 0
366 500104 500104 0
367 31393 31440 0
368 500126 500154 0
369 500166 500177 0
370 33 93 0
371 15741 15767 0
372 62 82 0
373 500172 500189 0
374 24 98 0
375 500141 500177 0
376 500128 500150 0
377 31394 31404 0
378 31360 31428 0
379 10 68 0
380 15807 15820 0
381 31371 31377 0
382 4 28 0
383 500104 500177 0
384 500161 500186 0
385 31405 31424 0
386 22 98 0
387 70 99 0
388 500120 500180 0
389 500120 500141 0
390 8 63 0
391 500128 500138 0
392 23 64 0
393 31381 31436 0
394 25 98 0
395 31393 31445 0
396 500132 500181 0
397 500171 500177 0
398 31378 31421 0
399 31359 31447 0
--------------
1000000 :c
1004134 :sum(p)
1000000 :sum(w)
