400 :n
id p,w,x
--------------
0 2112 2063 1
1 2145 2088 1
2 15805 15748 1
3 80 36 1
4 15805 15742 1
5 15765 15727 1
6 15793 15749 1
7 15813 15764 1
8 46 27 1
9 15794 15759 1
10 83 33 1
11 8009 7973 1
12 15816 15743 1
13 7967 7929 1
14 42 7 1
15 15811 15733 1
16 7947 7918 1
17 31438 31357 1
18 7988 7946 1
19 7988 7959 1
20 8008 7919 1
21 73 29 1
22 49 11 1
23 8007 7978 1
24 2097 2085 1
25 7947 7919 1
26 31419 31363 1
27 31442 31365 1
28 7989 7971 1
29 92 75 1
30 31436 31371 1
31 31431 31371 1
32 95 82 1
33 31439 31368 1
34 7988 7972 1
35 7981 7960 1
36 97 73 1
37 63 52 1
38 4057 4024 1
39 45 13 1
40 4096 4018 1
41 4090 4069 1
42 86 24 1
43 4095 4071 1
44 4104 4080 1
45 4086 4016 1
46 4074 4057 1
47 86 80 1
48 4040 4007 1
49 2128 2119 1
50 4034 4009 1
51 4104 4055 1
52 4092 4063 1
53 4077 4037 1
54 98 64 1
55 2102 2077 1
56 97 22 1
57 4050 4008 1
58 4065 4021 1
59 4104 4091 1
60 2127 2120 1
61 79 6 1
62 70 24 1
63 2108 2082 1
64 88 16 1
65 79 55 1
66 2116 2101 1
67 95 67 1
68 2100 2057 1
69 99 93 1
70 2078 2062 1
71 2120 2069 1
72 2105 2089 1
73 2127 2107 1
74 15811 15784 1
75 2149 2064 1
76 2069 2061 1
77 31431 31384 1
78 73 70 1
79 50 48 1
80 2134 2128 1
81 2152 2146 1
82 4026 4019 1
83 7994 7981 1
84 4017 4011 1
85 2073 2070 1
86 15823 15801 1
87 7987 7976 1
88 8010 7999 1
89 15801 15780 1
90 4039 4034 0
91 15770 15751 1
92 31433 31398 1
93 62687 62621 1
94 31392 31359 1
95 4031 4027 0
96 4072 4068 1
97 15759 15744 1
98 15796 15781 1
99 62687 62629 1
100 15795 15762 1
101 31383 31351 1
102 62695 62639 1
103 62657 62603 0
104 31412 31386 0
105 62699 62661 0
106 15824 15821 0
107 24 68 0
108 31425 31398 1
109 31447 31422 0
110 62666 62618 0
111 62679 62633 0
112 31450 31427 0
113 62667 62624 0
114 62657 62615 0
115 15778 15768 0
116 62663 62624 0
117 62661 62623 0
118 31390 31371 0
119 15772 15764 0
120 7922 7918 0
121 7942 7938 1
122 4069 4067 0
123 2057 2056 0
124 4081 4081 0
125 2077 2077 0
126 2093 2095 0
127 51 54 0
128 31425 31414 0
129 125168 125110 0
130 250177 250103 0
131 125171 125137 0
132 250198 250133 0
133 31420 31409 0
134 125169 125127 0
135 31362 31351 0
136 250180 250112 0
137 125189 125138 0
138 15761 15754 0
139 250188 250114 0
140 125186 125137 0
141 15743 15736 0
142 125179 125135 0
143 125159 125103 0
144 31367 31352 0
145 125142 125115 0
146 250190 250129 0
147 250185 250127 0
148 250171 250116 0
149 62616 62602 0
150 250177 250121 0
151 250171 250112 0
152 125199 125136 0
153 125169 125104 0
154 250139 250107 0
155 62668 62662 0
156 62691 62687 0
157 250166 250145 0
158 62646 62647 0
159 62659 62646 0
160 250187 250163 0
161 250183 250161 0
162 250111 250119 0
163 250200 250160 0
164 250158 250126 0
165 62696 62690 0
166 500160 500134 0
167 250159 250165 0
168 500161 500158 0
169 500192 500119 0
170 500185 500168 0
171 62639 62633 0
172 31422 31419 0
173 62656 62653 0
174 500149 500115 0
175 500194 500191 0
176 31412 31411 0
177 500179 500180 0
178 62693 62681 0
179 500159 500162 0
180 500185 500183 0
181 250183 250173 0
182 500108 500121 0
183 125144 125144 0
184 500122 500120 0
185 250146 250152 0
186 250167 250167 0
187 250171 250149 0
188 500131 500125 0
189 500178 500176 0
190 500134 500144 0
191 125129 125123 0
192 500143 500115 0
193 250166 250117 0
194 125107 125110 0
195 7918 7918 0
196 500122 500123 0
197 125163 125138 0
198 250158 250157 0
199 500158 500128 0
200 125143 125136 0
201 250164 250123 0
202 250195 250199 0
203 500176 500113 0
204 500168 500144 0
205 125179 125155 0
206 500194 500113 0
207 125114 125100 0
208 500175 500141 0
209 500151 500112 0
210 500171 500149 0
211 125128 125128 0
212 125187 125190 0
213 500162 500104 0
214 500121 500138 0
215 125165 125167 0
216 62643 62630 0
217 125167 125171 0
218 500185 500149 0
219 125171 125144 0
220 500182 500198 0
221 125109 125100 0
222 250200 250189 0
223 250167 250153 0
224 125176 125107 0
225 125195 125114 0
226 15782 15787 0
227 15727 15816 0
228 15747 15807 0
229 15728 15799 0
230 15761 15816 0
231 15740 15793 0
232 15775 15783 0
233 15766 15767 0
234 15759 15791 0
235 15761 15823 0
236 15795 15819 0
237 15753 15795 0
238 15727 15784 0
239 7972 7977 0
240 7979 7983 0
241 7935 7959 0
242 7950 7951 0
243 15735 15741 0
244 15770 15805 0
245 7960 7968 0
246 15727 15731 0
247 7934 8012 0
248 7964 8002 0
249 7918 7974 0
250 500144 500162 0
251 31384 31422 0
252 7931 7997 0
253 31396 31425 0
254 31428 31436 0
255 31363 31416 0
256 7932 8005 0
257 7959 7982 0
258 31421 31435 0
259 7935 7990 0
260 31374 31379 0
261 31380 31435 0
262 31362 31419 0
263 31355 31379 0
264 31434 31440 0
265 7920 8002 0
266 7921 7951 0
267 7960 7976 0
268 31415 31420 0
269 7928 7943 0
270 7967 7990 0
271 7951 7952 0
272 7965 7969 0
273 31386 31434 0
274 7927 7938 0
275 7938 7942 0
276 7932 7983 0
277 7931 7943 0
278 31366 31431 0
279 31357 31366 0
280 31422 31433 0
281 4011 4104 0
282 31410 31420 0
283 4051 4074 0
284 4013 4088 0
285 4021 4060 0
286 4043 4075 0
287 31414 31439 0
288 31365 31379 0
289 31440 31447 0
290 62634 62698 0
291 62616 62630 0
292 62630 62635 0
293 62640 62677 0
294 62651 62679 0
295 62612 62665 0
296 4090 4096 0
297 4067 4071 0
298 62660 62669 0
299 4014 4102 0
300 4021 4031 0
301 62631 62668 0
302 62611 62699 0
303 62612 62695 0
304 62652 62690 0
305 4039 4077 0
306 4019 4064 0
307 62638 62700 0
308 4018 4097 0
309 62645 62684 0
310 62606 62642 0
311 62614 62685 0
312 4041 4057 0
313 4055 4058 0
314 4038 4067 0
315 4015 4055 0
316 62608 62621 0
317 4031 4038 0
318 4043 4077 0
319 2076 2095 0
320 62643 62683 0
321 62612 62671 0
322 2079 2093 0
323 2107 2123 0
324 2100 2126 0
325 2079 2086 0
326 2106 2114 0
327 2061 2138 0
328 2126 2136 0
329 2097 2141 0
330 62616 62681 0
331 125135 125195 0
332 125182 125188 0
333 125117 125190 0
334 2095 2153 0
335 2058 2064 0
336 125134 125183 0
337 125155 125168 0
338 125118 125148 0
339 125103 125172 0
340 2089 2102 0
341 2130 2149 0
342 125107 125122 0
343 2074 2121 0
344 2133 2151 0
345 125113 125153 0
346 2067 2135 0
347 15781 15816 0
348 125136 125183 0
349 125156 125167 0
350 125158 125163 0
351 2105 2132 0
352 125147 125167 0
353 2062 2130 0
354 2089 2122 0
355 125130 125195 0
356 125113 125148 0
357 250121 250148 0
358 250109 250167 0
359 15800 15823 0
360 250114 250148 0
361 250107 250145 0
362 29 90 0
363 31 48 0
364 250120 250193 0
365 37 46 0
366 43 65 0
367 3 92 0
368 23 64 0
369 250152 250189 0
370 250142 250155 0
371 250131 250169 0
372 250105 250186 0
373 250167 250190 0
374 250102 250118 0
375 250111 250194 0
376 42 59 0
377 4 43 0
378 250102 250179 0
379 500114 500165 0
380 500130 500163 0
381 31 83 0
382 500153 500182 0
383 38 55 0
384 21 67 0
385 500126 500183 0
386 500115 500175 0
387 500102 500178 0
388 37 43 0
389 500101 500161 0
390 500134 500193 0
391 1 50 0
392 500155 500200 0
393 500134 500175 0
394 500146 500165 0
395 5 36 0
396 500114 500198 0
397 61 80 0
398 15730 15768 0
399 15769 15817 0
--------------
1000000 :c
1003537 :sum(p)
999999 :sum(w)
