400 :n
id p,w,x
--------------
0 8010 7930 1
1 66 18 1
2 2096 2058 1
3 31428 31355 1
4 98 65 1
5 7963 7914 1
6 7981 7920 1
7 35 7 1
8 59 1 1
9 2124 2093 1
10 97 27 1
11 31440 31379 1
12 2122 2060 1
13 2135 2103 1
14 8009 7920 1
15 2086 2056 1
16 15801 15755 1
17 2098 2062 1
18 4101 4017 1
19 31430 31363 1
20 85 27 1
21 7990 7947 1
22 31419 31358 1
23 73 34 1
24 15819 15771 1
25 15791 15733 1
26 51 6 1
27 7980 7935 1
28 2141 2103 1
29 95 28 1
30 58 14 1
31 93 58 1
32 2137 2074 1
33 2152 2073 1
34 15816 15761 1
35 95 33 1
36 4085 4040 1
37 7977 7927 1
38 7999 7948 1
39 15820 15739 1
40 4101 4047 1
41 15802 15735 1
42 2151 2058 1
43 2122 2087 1
44 2103 2068 1
45 90 28 1
46 4102 4021 1
47 2143 2063 1
48 2136 2069 1
49 2141 2057 1
50 2127 2075 1
51 70 18 1
52 22 6 1
53 15 5 1
54 19 9 1
55 66 47 1
56 72 54 1
57 87 69 1
58 57 47 1
59 44 39 1
60 71 66 1
61 67 65 1
62 2084 2064 1
63 2103 2087 1
64 2112 2096 1
65 2132 2116 1
66 4090 4062 1
67 4080 4055 1
68 4083 4058 1
69 4044 4021 1
70 4055 4034 1
71 7993 7959 1
72 4049 4033 1
73 7946 7916 1
74 7987 7957 1
75 4039 4024 1
76 8003 7975 1
77 7997 7973 1
78 7968 7946 1
79 8011 7989 1
80 4024 4014 1
81 4099 4089 1
82 15792 15754 1
83 8011 7992 1
84 7933 7915 1
85 4033 4024 1
86 4033 4025 1
87 2148 2144 1
88 15807 15778 1
89 15776 15748 1
90 15824 15796 1
91 31411 31356 1
92 31442 31389 1
93 15824 15799 1
94 31422 31373 1
95 62697 62604 1
96 4070 4064 1
97 15818 15795 1
98 15812 15790 1
99 31428 31387 1
100 31438 31399 0
101 62693 62619 1
102 31427 31390 1
103 31448 31396 1
104 31404 31360 1
105 15765 15726 1
106 31393 31358 1
107 15751 15734 0
108 15763 15746 0
109 31447 31415 0
110 2081 2098 0
111 16 98 0
112 31412 31379 1
113 31439 31411 0
114 8004 7997 0
115 62668 62617 0
116 62658 62608 0
117 62692 62645 0
118 62674 62628 0
119 4093 4090 0
120 62698 62653 0
121 31412 31390 0
122 8004 8000 0
123 31383 31369 0
124 15810 15804 0
125 31445 31435 0
126 31406 31397 0
127 31367 31359 0
128 7989 7987 0
129 4040 4039 0
130 15768 15766 0
131 15811 15809 0
132 7953 7952 0
133 2126 2126 1
134 4084 4084 0
135 4020 4020 0
136 7963 7963 0
137 2143 2144 0
138 4035 4037 0
139 7943 7947 0
140 7934 7939 0
141 7916 7923 0
142 2079 2081 0
143 4098 4105 0
144 2120 2124 0
145 2078 2083 0
146 91 95 0
147 81 88 0
148 250195 250101 0
149 62662 62640 0
150 62685 62660 0
151 250159 250115 0
152 250167 250126 0
153 250163 250153 0
154 500178 500146 0
155 250129 250109 0
156 250155 250123 0
157 250194 250155 0
158 500162 500111 0
159 250138 250114 0
160 500190 500103 0
161 62637 62632 0
162 31388 31385 0
163 500148 500117 0
164 62647 62645 0
165 500195 500141 0
166 500156 500129 0
167 125153 125139 0
168 62620 62617 0
169 500153 500122 0
170 500160 500127 0
171 125133 125128 0
172 125191 125180 0
173 125193 125185 0
174 125165 125161 0
175 500164 500113 0
176 500157 500106 0
177 500190 500167 0
178 125164 125156 0
179 500149 500127 0
180 500163 500126 0
181 250166 250150 0
182 31418 31415 0
183 250161 250152 0
184 250191 250184 0
185 250192 250145 0
186 62613 62603 0
187 125173 125108 0
188 125188 125112 0
189 125166 125100 0
190 125191 125110 0
191 125193 125122 0
192 125185 125156 0
193 125134 125105 0
194 250173 250114 0
195 125138 125102 0
196 250186 250110 0
197 62647 62634 0
198 125134 125109 0
199 62674 62654 0
200 15754 15786 0
201 500130 500118 0
202 31379 31396 0
203 15735 15736 0
204 62636 62669 0
205 15775 15816 0
206 62633 62635 0
207 15822 15825 0
208 62628 62669 0
209 62653 62669 0
210 62633 62670 0
211 62649 62666 0
212 62644 62698 0
213 62660 62673 0
214 15784 15798 0
215 62618 62689 0
216 15772 15774 0
217 62647 62666 0
218 62646 62678 0
219 62613 62619 0
220 62619 62635 0
221 62608 62659 0
222 62617 62691 0
223 62601 62677 0
224 15752 15785 0
225 15732 15771 0
226 62611 62618 0
227 15748 15792 0
228 15737 15782 0
229 62669 62687 0
230 62653 62674 0
231 15767 15784 0
232 62638 62688 0
233 62628 62662 0
234 62660 62696 0
235 62648 62663 0
236 62662 62666 0
237 125120 125127 0
238 125118 125165 0
239 125179 125185 0
240 125124 125162 0
241 125108 125133 0
242 125125 125137 0
243 125109 125182 0
244 31384 31443 0
245 125147 125154 0
246 125112 125122 0
247 125176 125176 0
248 31412 31431 0
249 31417 31424 0
250 31415 31449 0
251 125146 125145 0
252 7965 7986 0
253 125146 125191 0
254 125141 125158 0
255 125117 125169 0
256 125104 125162 0
257 125111 125160 0
258 125105 125112 0
259 125156 125184 0
260 125154 125157 0
261 125176 125178 0
262 125144 125142 0
263 125187 125191 0
264 125145 125186 0
265 125167 125191 0
266 250187 250194 0
267 250108 250171 0
268 250147 250177 0
269 250122 250182 0
270 250105 250180 0
271 250106 250136 0
272 250107 250115 0
273 7931 7949 0
274 250188 250189 0
275 250105 250187 0
276 250102 250101 0
277 250143 250151 0
278 250187 250191 0
279 250151 250181 0
280 250116 250124 0
281 250104 250111 0
282 31356 31397 0
283 250175 250179 0
284 250138 250162 0
285 4088 4100 0
286 250136 250188 0
287 250139 250193 0
288 250176 250187 0
289 250174 250171 0
290 250127 250174 0
291 250152 250151 0
292 250103 250106 0
293 250167 250168 0
294 250131 250178 0
295 31420 31448 0
296 31376 31409 0
297 500129 500161 0
298 500163 500195 0
299 500175 500171 0
300 500127 500117 0
301 500114 500118 0
302 500175 500187 0
303 31424 31436 0
304 500121 500153 0
305 31356 31361 0
306 500165 500170 0
307 500137 500146 0
308 500196 500197 0
309 500105 500144 0
310 500153 500189 0
311 500112 500163 0
312 500102 500112 0
313 31397 31416 0
314 500143 500179 0
315 500141 500134 0
316 500120 500175 0
317 500178 500176 0
318 500140 500153 0
319 31365 31365 0
320 500138 500199 0
321 500120 500115 0
322 500173 500200 0
323 500172 500184 0
324 31389 31429 0
325 500115 500181 0
326 500152 500143 0
327 500112 500176 0
328 31406 31420 0
329 31369 31426 0
330 31395 31427 0
331 31352 31436 0
332 125167 125124 0
333 62690 62673 0
334 2121 2144 0
335 4051 4074 0
336 4016 4059 0
337 2103 2128 0
338 4024 4102 0
339 4045 4105 0
340 4022 4106 0
341 2097 2149 0
342 2058 2090 0
343 4041 4095 0
344 2084 2108 0
345 2055 2073 0
346 4010 4024 0
347 4041 4055 0
348 2133 2149 0
349 4012 4034 0
350 4019 4033 0
351 4040 4082 0
352 2061 2135 0
353 4013 4062 0
354 4007 4041 0
355 4016 4094 0
356 4029 4060 0
357 2071 2099 0
358 4027 4047 0
359 4054 4096 0
360 21 63 0
361 7918 7981 0
362 7923 7960 0
363 49 82 0
364 7916 7989 0
365 7928 7965 0
366 7917 7946 0
367 24 47 0
368 7943 7973 0
369 7941 8005 0
370 6 97 0
371 7917 8003 0
372 7950 8011 0
373 78 94 0
374 7968 8012 0
375 12 46 0
376 59 95 0
377 7917 8009 0
378 7959 7994 0
379 7933 7990 0
380 15728 15783 0
381 79 92 0
382 15753 15825 0
383 15759 15818 0
384 15734 15819 0
385 20 54 0
386 15738 15793 0
387 11 47 0
388 41 88 0
389 15749 15808 0
390 2082 2125 0
391 15736 15792 0
392 15736 15803 0
393 52 80 0
394 2097 2143 0
395 15759 15824 0
396 37 67 0
397 15739 15788 0
398 2057 2125 0
399 2098 2128 0
--------------
1000000 :c
1004311 :sum(p)
1000000 :sum(w)
