400 :n
id p,w,x
--------------
0 7995 7931 1
1 8000 7920 1
2 31428 31351 1
3 4090 4031 1
4 4090 4027 1
5 8005 7931 1
6 4100 4018 1
7 70 10 1
8 4088 4009 1
9 4096 4014 1
10 4098 4018 1
11 2152 2081 1
12 15821 15731 1
13 15819 15729 1
14 91 14 1
15 77 6 1
16 29 6 1
17 42 14 1
18 86 37 1
19 90 39 1
20 58 29 1
21 63 35 1
22 73 43 1
23 66 39 1
24 73 44 1
25 56 37 1
26 57 43 1
27 75 59 1
28 46 43 1
29 2137 2087 1
30 2118 2069 1
31 2113 2066 1
32 2130 2086 1
33 2097 2056 1
34 2102 2062 1
35 2138 2102 1
36 2143 2107 1
37 2144 2112 1
38 2119 2090 1
39 2102 2074 1
40 4091 4046 1
41 2117 2094 1
42 2153 2130 1
43 2094 2072 1
44 4091 4049 1
45 4060 4019 1
46 2145 2124 1
47 2152 2131 1
48 4094 4055 1
49 4054 4016 1
50 4103 4067 1
51 4086 4052 1
52 7970 7913 1
53 2089 2075 1
54 2098 2084 1
55 4048 4021 1
56 2145 2131 1
57 2103 2090 1
58 7996 7947 1
59 2145 2133 1
60 7978 7938 1
61 7981 7942 1
62 7973 7936 1
63 7993 7958 1
64 2077 2068 1
65 7962 7930 1
66 2124 2117 1
67 2144 2137 1
68 4026 4013 1
69 7976 7951 1
70 7946 7924 1
71 7997 7975 1
72 15776 15736 1
73 2059 2054 1
74 31430 31355 1
75 7966 7948 1
76 8012 7996 1
77 15825 15794 1
78 31418 31357 1
79 15781 15755 1
80 31448 31402 1
81 62685 62607 1
82 15762 15744 1
83 7925 7916 1
84 62680 62609 1
85 7984 7975 1
86 15744 15726 1
87 15751 15734 1
88 15757 15740 1
89 62697 62633 1
90 31436 31404 1
91 15808 15792 1
92 15764 15750 1
93 15787 15775 0
94 53 33 1
95 62667 62614 1
96 62660 62603 1
97 62661 62614 0
98 62681 62634 1
99 15759 15748 1
100 62700 62675 0
101 15798 15790 0
102 15736 15778 0
103 62693 62651 0
104 31429 31408 0
105 62689 62648 0
106 125186 125112 0
107 62653 62620 0
108 125198 125134 0
109 7969 7965 1
110 4090 4103 0
111 8000 7996 1
112 31442 31427 0
113 2132 2131 0
114 125165 125113 0
115 125151 125101 0
116 62643 62618 0
117 62687 62662 0
118 15792 15786 0
119 62671 62649 0
120 31416 31405 0
121 31421 31410 0
122 62636 62617 0
123 62653 62634 0
124 31361 31356 0
125 31382 31381 0
126 4032 4032 1
127 15752 15753 0
128 31412 31414 0
129 7945 7946 0
130 31440 31446 0
131 8008 8010 1
132 15777 15786 0
133 15751 15761 0
134 7927 7934 0
135 15756 15770 0
136 7989 7997 0
137 15755 15771 0
138 4067 4074 0
139 7950 7964 0
140 7942 7956 0
141 4067 4076 0
142 4028 4037 0
143 7947 7965 0
144 7938 7956 0
145 4038 4048 0
146 7980 8000 0
147 7948 7969 0
148 2063 2070 0
149 4041 4056 0
150 4075 4092 0
151 4088 4106 0
152 4061 4079 0
153 4059 4077 0
154 4053 4072 0
155 4083 4106 0
156 4024 4050 0
157 2091 2109 0
158 2122 2148 0
159 2102 2130 0
160 2071 2099 0
161 91 95 0
162 17 21 0
163 48 60 0
164 74 96 0
165 63 82 0
166 75 99 0
167 12 16 0
168 54 74 0
169 10 14 0
170 54 78 0
171 36 57 0
172 3 13 0
173 2 20 0
174 500195 500152 0
175 250167 250138 0
176 125139 125110 0
177 500172 500102 0
178 250130 250102 0
179 125149 125120 0
180 250141 250117 0
181 125169 125135 0
182 125174 125159 0
183 500160 500118 0
184 500191 500110 0
185 250177 250103 0
186 250133 250113 0
187 125132 125117 0
188 125193 125166 0
189 125145 125114 0
190 500192 500137 0
191 250161 250126 0
192 500158 500120 0
193 125177 125149 0
194 125158 125138 0
195 125191 125153 0
196 250191 250104 0
197 125199 125157 0
198 250151 250107 0
199 500167 500112 0
200 250187 250112 0
201 62670 62664 0
202 500197 500145 0
203 250196 250127 0
204 500182 500146 0
205 125199 125175 0
206 500194 500108 0
207 250182 250153 0
208 500195 500159 0
209 62641 62642 0
210 62616 62614 0
211 62607 62699 0
212 15744 15769 0
213 15742 15762 0
214 15746 15782 0
215 15740 15818 0
216 15738 15772 0
217 15751 15798 0
218 62649 62665 0
219 62658 62670 0
220 62607 62620 0
221 15734 15770 0
222 62618 62671 0
223 62606 62661 0
224 125173 125178 0
225 125113 125120 0
226 15792 15825 0
227 15755 15814 0
228 15789 15809 0
229 15737 15763 0
230 125147 125189 0
231 125124 125119 0
232 15769 15799 0
233 15727 15765 0
234 15737 15791 0
235 15733 15812 0
236 15767 15823 0
237 125193 125197 0
238 15742 15796 0
239 125118 125196 0
240 125150 125162 0
241 125140 125177 0
242 15748 15776 0
243 125121 125136 0
244 125179 125187 0
245 62643 62642 0
246 7914 7994 0
247 125136 125144 0
248 7921 7964 0
249 7924 7970 0
250 125126 125196 0
251 7955 8003 0
252 125120 125147 0
253 7984 8008 0
254 15776 15820 0
255 7926 7966 0
256 125152 125188 0
257 62684 62698 0
258 7934 7991 0
259 7918 8006 0
260 125130 125168 0
261 62658 62667 0
262 125132 125136 0
263 7928 7972 0
264 125137 125150 0
265 62633 62644 0
266 62644 62683 0
267 125111 125165 0
268 125109 125105 0
269 31389 31405 0
270 31420 31437 0
271 125122 125137 0
272 125177 125187 0
273 125143 125186 0
274 7919 7994 0
275 125120 125118 0
276 31368 31446 0
277 7960 7993 0
278 125179 125178 0
279 4031 4088 0
280 250103 250188 0
281 250134 250159 0
282 31413 31446 0
283 250117 250190 0
284 250152 250140 0
285 31373 31419 0
286 250161 250183 0
287 250101 250187 0
288 31379 31425 0
289 31354 31382 0
290 250163 250170 0
291 31395 31430 0
292 4023 4082 0
293 250150 250133 0
294 62626 62626 0
295 250119 250138 0
296 62661 62696 0
297 4025 4101 0
298 250132 250129 0
299 4041 4089 0
300 250183 250169 0
301 62680 62687 0
302 4009 4097 0
303 250146 250181 0
304 31406 31419 0
305 250166 250195 0
306 4057 4086 0
307 250121 250111 0
308 62649 62678 0
309 31408 31426 0
310 62641 62661 0
311 31353 31391 0
312 4030 4104 0
313 4046 4099 0
314 4008 4063 0
315 250169 250178 0
316 4023 4083 0
317 4049 4092 0
318 62622 62630 0
319 250115 250152 0
320 250148 250161 0
321 2061 2105 0
322 250107 250196 0
323 250141 250182 0
324 31372 31409 0
325 2085 2129 0
326 250107 250147 0
327 250137 250159 0
328 250122 250131 0
329 250105 250104 0
330 2057 2149 0
331 62633 62689 0
332 250155 250190 0
333 250132 250148 0
334 250113 250141 0
335 250145 250193 0
336 250170 250194 0
337 2105 2138 0
338 250167 250161 0
339 500175 500191 0
340 2060 2125 0
341 500114 500194 0
342 31405 31419 0
343 500132 500144 0
344 500191 500164 0
345 500200 500175 0
346 500121 500127 0
347 500151 500170 0
348 500130 500113 0
349 500116 500160 0
350 500166 500180 0
351 31365 31378 0
352 2057 2099 0
353 2064 2141 0
354 500103 500137 0
355 2073 2104 0
356 31416 31429 0
357 500164 500129 0
358 500124 500187 0
359 31369 31402 0
360 62617 62659 0
361 28 58 0
362 31351 31424 0
363 500144 500156 0
364 62601 62694 0
365 500116 500160 0
366 31379 31409 0
367 500141 500193 0
368 500199 500169 0
369 31381 31447 0
370 500139 500147 0
371 500108 500131 0
372 500175 500143 0
373 9 82 0
374 500129 500161 0
375 500130 500136 0
376 500132 500105 0
377 31356 31443 0
378 500130 500197 0
379 31402 31414 0
380 500108 500139 0
381 15 80 0
382 31366 31442 0
383 500156 500191 0
384 31383 31450 0
385 31423 31449 0
386 500161 500196 0
387 500146 500137 0
388 30 86 0
389 37 84 0
390 5 37 0
391 31418 31440 0
392 500107 500130 0
393 49 89 0
394 3 62 0
395 1 45 0
396 5 84 0
397 31368 31392 0
398 62603 62697 0
399 31351 31369 0
--------------
1000000 :c
1003725 :sum(p)
1000000 :sum(w)
