400 :n
id p,w,x
--------------
0 4043 4023 1
1 4076 4059 1
2 35 19 1
3 89 41 1
4 98 7 1
5 87 18 1
6 35 3 1
7 100 12 1
8 81 68 1
9 15803 15737 1
10 33 4 1
11 75 48 1
12 4078 4020 1
13 84 15 1
14 48 28 1
15 69 28 1
16 93 46 1
17 82 38 1
18 15799 15731 1
19 47 38 1
20 73 64 1
21 4102 4037 1
22 57 36 1
23 15804 15729 1
24 2147 2070 1
25 2115 2063 1
26 2141 2068 1
27 2109 2092 1
28 2088 2077 1
29 2126 2103 1
30 7960 7913 1
31 2137 2059 1
32 2125 2098 1
33 7997 7920 1
34 7968 7918 1
35 2138 2118 1
36 2128 2059 1
37 2118 2096 1
38 2153 2084 1
39 8011 7980 1
40 2123 2110 1
41 7963 7928 1
42 4060 4044 1
43 4073 4047 1
44 4103 4081 1
45 4102 4030 1
46 4099 4019 1
47 7984 7919 1
48 4061 4041 1
49 8000 7946 1
50 7970 7934 1
51 4086 4025 1
52 4028 4013 1
53 7954 7916 1
54 4086 4069 1
55 7994 7926 1
56 8009 7927 1
57 4100 4072 1
58 7942 7913 1
59 7961 7917 1
60 8005 7970 1
61 4084 4037 1
62 15769 15739 1
63 15765 15726 1
64 7978 7952 1
65 7941 7926 1
66 15808 15753 1
67 31433 31357 1
68 31448 31377 1
69 31438 31355 1
70 31438 31384 1
71 15822 15793 1
72 15783 15732 1
73 4032 4021 1
74 31448 31354 1
75 7970 7945 1
76 31417 31360 1
77 15814 15760 1
78 31410 31361 1
79 15779 15731 1
80 15793 15753 1
81 15811 15765 1
82 8001 7980 1
83 35 33 1
84 67 66 0
85 2117 2111 0
86 2139 2134 1
87 4080 4073 1
88 4031 4025 1
89 4051 4045 1
90 2077 2074 1
91 31440 31400 1
92 31430 31391 1
93 2137 2132 1
94 4090 4085 1
95 15794 15776 1
96 31432 31397 1
97 15790 15773 1
98 15825 15809 1
99 31448 31418 1
100 98 67 1
101 62673 62609 1
102 15761 15735 1
103 62662 62604 1
104 31400 31373 0
105 31401 31376 0
106 62694 62682 0
107 15819 15823 0
108 15727 15779 0
109 31432 31407 0
110 31403 31379 0
111 15790 15778 1
112 4070 4067 1
113 62683 62638 0
114 62689 62645 0
115 2056 2055 0
116 62690 62647 0
117 31375 31355 0
118 31416 31396 0
119 7964 7959 0
120 125191 125117 0
121 125176 125103 0
122 62639 62603 0
123 62663 62627 0
124 31406 31388 0
125 15769 15761 0
126 7991 7988 0
127 7955 7954 0
128 61 61 0
129 4019 4019 0
130 2070 2073 0
131 2068 2071 0
132 60 63 0
133 40 44 0
134 31 37 0
135 125172 125151 0
136 250194 250135 0
137 250159 250111 0
138 31434 31422 0
139 250187 250113 0
140 15739 15733 0
141 125140 125101 0
142 31444 31435 0
143 125169 125116 0
144 125141 125117 0
145 125151 125121 0
146 250189 250108 0
147 125183 125162 0
148 250185 250115 0
149 250164 250102 0
150 31446 31433 0
151 125144 125106 0
152 125158 125117 0
153 125174 125135 0
154 250174 250113 0
155 250187 250144 0
156 250176 250126 0
157 62625 62614 0
158 250192 250129 0
159 62664 62634 0
160 15769 15767 0
161 500152 500107 0
162 31419 31414 0
163 31377 31373 0
164 250180 250146 0
165 250135 250108 0
166 250131 250105 0
167 250143 250117 0
168 500194 500145 0
169 500198 500121 0
170 500186 500120 0
171 125137 125121 0
172 62671 62662 0
173 62612 62604 0
174 31397 31394 0
175 125198 125140 0
176 62655 62621 0
177 31397 31382 0
178 125169 125113 0
179 125157 125103 0
180 62650 62629 0
181 125195 125163 0
182 62649 62666 0
183 31356 31394 0
184 31440 31438 0
185 62613 62663 0
186 62651 62697 0
187 62656 62671 0
188 31373 31374 0
189 31400 31415 0
190 62624 62642 0
191 31371 31373 0
192 31402 31406 0
193 31432 31446 0
194 31383 31445 0
195 62649 62656 0
196 62625 62635 0
197 62633 62643 0
198 62623 62675 0
199 62610 62636 0
200 15745 15783 0
201 15803 15802 0
202 15740 15750 0
203 15771 15807 0
204 15732 15799 0
205 15795 15815 0
206 62638 62664 0
207 15777 15819 0
208 62668 62671 0
209 62604 62618 0
210 15769 15779 0
211 31416 31447 0
212 62626 62700 0
213 62640 62660 0
214 62657 62694 0
215 62605 62636 0
216 15768 15811 0
217 62628 62651 0
218 62626 62660 0
219 62690 62700 0
220 62658 62691 0
221 62628 62656 0
222 62618 62662 0
223 15777 15778 0
224 15788 15805 0
225 125140 125166 0
226 125125 125142 0
227 125127 125191 0
228 15782 15817 0
229 15729 15811 0
230 125117 125170 0
231 15732 15803 0
232 15727 15746 0
233 15727 15809 0
234 125111 125134 0
235 15761 15787 0
236 125120 125191 0
237 125122 125191 0
238 15790 15796 0
239 7955 7967 0
240 125153 125179 0
241 7932 7970 0
242 7930 8001 0
243 125148 125199 0
244 125142 125154 0
245 125108 125159 0
246 125136 125163 0
247 125138 125182 0
248 125101 125168 0
249 7942 7992 0
250 125104 125128 0
251 125118 125162 0
252 125129 125184 0
253 7915 7970 0
254 125127 125192 0
255 125128 125142 0
256 7961 7983 0
257 7967 7991 0
258 7958 8000 0
259 125103 125184 0
260 7925 7945 0
261 7925 7938 0
262 125111 125174 0
263 7923 7974 0
264 7988 7997 0
265 7917 7968 0
266 7926 7953 0
267 7973 7997 0
268 7933 7973 0
269 125101 125145 0
270 7943 7959 0
271 125115 125112 0
272 125165 125172 0
273 7932 7935 0
274 250141 250200 0
275 250107 250180 0
276 250165 250172 0
277 7926 7932 0
278 250126 250116 0
279 4041 4086 0
280 250176 250165 0
281 250101 250170 0
282 4087 4100 0
283 4049 4064 0
284 250168 250161 0
285 250116 250165 0
286 4043 4105 0
287 250186 250175 0
288 4069 4093 0
289 4043 4069 0
290 4007 4064 0
291 4090 4101 0
292 250164 250162 0
293 4052 4065 0
294 250139 250187 0
295 31356 31375 0
296 250164 250168 0
297 4007 4036 0
298 4021 4042 0
299 250152 250175 0
300 4051 4104 0
301 4035 4102 0
302 250121 250111 0
303 4071 4079 0
304 4043 4075 0
305 4048 4082 0
306 250134 250185 0
307 250168 250172 0
308 250186 250184 0
309 4053 4082 0
310 250200 250194 0
311 250137 250138 0
312 250181 250170 0
313 250144 250149 0
314 4059 4094 0
315 250157 250172 0
316 250108 250179 0
317 250121 250197 0
318 250102 250149 0
319 2068 2077 0
320 250121 250126 0
321 2054 2084 0
322 2090 2150 0
323 2065 2073 0
324 2090 2132 0
325 2106 2128 0
326 2101 2129 0
327 500137 500145 0
328 2073 2141 0
329 500157 500142 0
330 2071 2076 0
331 2096 2102 0
332 500127 500176 0
333 2094 2135 0
334 500107 500180 0
335 500158 500162 0
336 500104 500104 0
337 62636 62663 0
338 500124 500126 0
339 2084 2136 0
340 500178 500142 0
341 62647 62695 0
342 500128 500197 0
343 2112 2133 0
344 500176 500184 0
345 500182 500160 0
346 500199 500155 0
347 500184 500197 0
348 2054 2061 0
349 500191 500150 0
350 2072 2133 0
351 2116 2147 0
352 500105 500131 0
353 500107 500194 0
354 500145 500145 0
355 2134 2146 0
356 2054 2082 0
357 2055 2137 0
358 2069 2136 0
359 31379 31405 0
360 500185 500195 0
361 7 55 0
362 62632 62635 0
363 500142 500175 0
364 7 59 0
365 38 57 0
366 500164 500123 0
367 69 97 0
368 500152 500171 0
369 35 63 0
370 23 41 0
371 500131 500194 0
372 68 81 0
373 500154 500188 0
374 500172 500142 0
375 500134 500114 0
376 31385 31415 0
377 64 98 0
378 500159 500168 0
379 500157 500164 0
380 37 70 0
381 500129 500131 0
382 500151 500131 0
383 500116 500181 0
384 500142 500166 0
385 500161 500193 0
386 7 82 0
387 500180 500187 0
388 20 58 0
389 49 88 0
390 81 94 0
391 31366 31409 0
392 500115 500109 0
393 500131 500167 0
394 50 99 0
395 500157 500138 0
396 64 89 0
397 47 76 0
398 31395 31446 0
399 31375 31401 0
--------------
1000000 :c
1004090 :sum(p)
1000000 :sum(w)
