400 :n
id p,w,x
--------------
0 8004 7916 1
1 15825 15727 1
2 67 36 1
3 8004 7913 1
4 59 48 1
5 50 32 1
6 74 8 1
7 71 52 1
8 7981 7929 1
9 30 9 1
10 87 8 1
11 77 35 1
12 8002 7917 1
13 7982 7920 1
14 58 32 1
15 84 31 1
16 22 10 1
17 54 14 1
18 2122 2097 1
19 2123 2073 1
20 2141 2065 1
21 2121 2082 1
22 2125 2079 1
23 2104 2086 1
24 2153 2079 1
25 2123 2090 1
26 2146 2081 1
27 2120 2063 1
28 2130 2092 1
29 2136 2110 1
30 2085 2060 1
31 2134 2089 1
32 2141 2069 1
33 4050 4018 1
34 4040 4013 1
35 4097 4046 1
36 4046 4010 1
37 4068 4017 1
38 4094 4026 1
39 4100 4048 1
40 4106 4022 1
41 4088 4057 1
42 4094 4007 1
43 4102 4018 1
44 4088 4060 1
45 4084 4007 1
46 7974 7924 1
47 7966 7916 1
48 8004 7963 1
49 31429 31371 1
50 7970 7949 1
51 15790 15751 1
52 31431 31362 1
53 7992 7972 1
54 4044 4020 1
55 4070 4052 1
56 7977 7946 1
57 4063 4045 1
58 7955 7933 1
59 15803 15764 1
60 31445 31356 1
61 7963 7921 1
62 7980 7949 1
63 7955 7928 1
64 15816 15784 1
65 15814 15767 1
66 4054 4031 1
67 7943 7920 1
68 15767 15727 1
69 7996 7950 1
70 4090 4075 1
71 15804 15738 1
72 15779 15735 1
73 15775 15731 1
74 31444 31353 1
75 4102 4082 1
76 15798 15728 1
77 4046 4030 1
78 15777 15746 1
79 15822 15765 1
80 14 11 1
81 63 57 1
82 94 87 1
83 27 26 1
84 2117 2108 1
85 2082 2074 1
86 2113 2105 0
87 2145 2138 1
88 2104 2099 1
89 7995 7980 1
90 31433 31375 1
91 7953 7939 1
92 7968 7955 1
93 31423 31373 1
94 31437 31389 1
95 2067 2062 1
96 31440 31394 1
97 31431 31386 1
98 15780 15759 1
99 7971 7962 1
100 31417 31382 0
101 100 47 1
102 62700 62624 1
103 31394 31353 1
104 62685 62619 1
105 62674 62611 1
106 15799 15784 0
107 62700 62681 0
108 31437 31420 0
109 15729 15795 0
110 4043 4039 1
111 31391 31363 0
112 7985 7978 0
113 15755 15743 0
114 7954 7948 0
115 2087 2093 0
116 62697 62653 0
117 31417 31395 0
118 62693 62652 0
119 62636 62601 0
120 7948 7944 0
121 7985 7981 0
122 8002 7998 0
123 7946 7945 0
124 7982 7982 0
125 4042 4042 0
126 2095 2097 0
127 4091 4097 0
128 2129 2133 0
129 2065 2072 0
130 47 48 1
131 91 93 0
132 91 98 0
133 65 71 0
134 23 32 0
135 500193 500133 0
136 125196 125162 0
137 125187 125135 0
138 125149 125107 0
139 62643 62633 0
140 250186 250116 0
141 125175 125149 0
142 125166 125129 0
143 250179 250124 0
144 500166 500104 0
145 250150 250102 0
146 15783 15780 0
147 31403 31392 0
148 31402 31395 0
149 31365 31357 0
150 62645 62623 0
151 15748 15745 0
152 500188 500132 0
153 500183 500116 0
154 250200 250111 0
155 15800 15797 0
156 250174 250116 0
157 62678 62648 0
158 62644 62637 0
159 250166 250103 0
160 250199 250154 0
161 250177 250126 0
162 250159 250102 0
163 250182 250153 0
164 125194 125167 0
165 62652 62642 0
166 31430 31423 0
167 125173 125111 0
168 62690 62655 0
169 62639 62606 0
170 500185 500158 0
171 500195 500164 0
172 62610 62604 0
173 500171 500129 0
174 500103 500182 0
175 31357 31360 0
176 62628 62623 0
177 500149 500185 0
178 500198 500176 0
179 500168 500122 0
180 62697 62698 0
181 500173 500189 0
182 500107 500117 0
183 62655 62651 0
184 500159 500134 0
185 500135 500104 0
186 500105 500154 0
187 31429 31430 0
188 62695 62698 0
189 500142 500163 0
190 500107 500127 0
191 500136 500161 0
192 500139 500196 0
193 500169 500184 0
194 31378 31377 0
195 31372 31376 0
196 125168 125186 0
197 125132 125121 0
198 500117 500170 0
199 250137 250121 0
200 125116 125124 0
201 250162 250194 0
202 125149 125158 0
203 500123 500200 0
204 500110 500167 0
205 15822 15821 0
206 500126 500197 0
207 500104 500182 0
208 125130 125143 0
209 250155 250138 0
210 250149 250150 0
211 125134 125134 0
212 125150 125156 0
213 125149 125167 0
214 500200 500183 0
215 125121 125123 0
216 125123 125132 0
217 500187 500172 0
218 125150 125154 0
219 125121 125115 0
220 500173 500179 0
221 500118 500114 0
222 500131 500117 0
223 125112 125115 0
224 500122 500121 0
225 500177 500176 0
226 15759 15758 0
227 125182 125191 0
228 500114 500170 0
229 250131 250122 0
230 250116 250103 0
231 250165 250156 0
232 250136 250121 0
233 250149 250135 0
234 250157 250146 0
235 15748 15748 0
236 250133 250174 0
237 250115 250122 0
238 250178 250194 0
239 500200 500152 0
240 250117 250123 0
241 250185 250200 0
242 250176 250150 0
243 250149 250144 0
244 250186 250165 0
245 250173 250194 0
246 250153 250191 0
247 500192 500148 0
248 250107 250111 0
249 250123 250139 0
250 250197 250178 0
251 250108 250111 0
252 500159 500139 0
253 500159 500195 0
254 62679 62679 0
255 62684 62677 0
256 125141 125115 0
257 125145 125128 0
258 125130 125112 0
259 250183 250141 0
260 125177 125149 0
261 125142 125123 0
262 125194 125145 0
263 62661 62647 0
264 62647 62630 0
265 15729 15805 0
266 7982 7996 0
267 15785 15811 0
268 15768 15784 0
269 7991 8002 0
270 250157 250200 0
271 15736 15825 0
272 15752 15770 0
273 15729 15805 0
274 15762 15792 0
275 7947 7984 0
276 15741 15766 0
277 15726 15807 0
278 15809 15818 0
279 4013 4020 0
280 15735 15795 0
281 15751 15754 0
282 4011 4025 0
283 4033 4052 0
284 15727 15793 0
285 4040 4095 0
286 15728 15775 0
287 4076 4092 0
288 4020 4057 0
289 250106 250157 0
290 15737 15789 0
291 4021 4087 0
292 15768 15781 0
293 15726 15757 0
294 4025 4063 0
295 15772 15823 0
296 31370 31403 0
297 31415 31441 0
298 31381 31438 0
299 31384 31424 0
300 4050 4106 0
301 4030 4101 0
302 4042 4062 0
303 31418 31450 0
304 31358 31388 0
305 31389 31404 0
306 4024 4082 0
307 4053 4083 0
308 31391 31417 0
309 31366 31436 0
310 4070 4102 0
311 4042 4085 0
312 31357 31399 0
313 31363 31407 0
314 4074 4099 0
315 31394 31434 0
316 4027 4096 0
317 500106 500194 0
318 31393 31447 0
319 2058 2131 0
320 31387 31394 0
321 2084 2139 0
322 2054 2113 0
323 2082 2110 0
324 7958 8003 0
325 2095 2135 0
326 2101 2127 0
327 31385 31416 0
328 31352 31416 0
329 31377 31406 0
330 31418 31449 0
331 7977 7983 0
332 62650 62680 0
333 62608 62668 0
334 62602 62651 0
335 62616 62632 0
336 7977 7993 0
337 2082 2128 0
338 2112 2136 0
339 2088 2127 0
340 62635 62660 0
341 2088 2139 0
342 2104 2135 0
343 62657 62690 0
344 62607 62629 0
345 500101 500199 0
346 2109 2136 0
347 62620 62697 0
348 62644 62667 0
349 62663 62674 0
350 62664 62696 0
351 62603 62661 0
352 62614 62678 0
353 2087 2098 0
354 62623 62697 0
355 62634 62694 0
356 2066 2126 0
357 7922 7997 0
358 2084 2153 0
359 62601 62634 0
360 62633 62657 0
361 125109 125177 0
362 250105 250180 0
363 8 51 0
364 58 73 0
365 125115 125156 0
366 68 82 0
367 45 66 0
368 125159 125187 0
369 7 22 0
370 125123 125153 0
371 250121 250179 0
372 125129 125178 0
373 71 86 0
374 20 75 0
375 43 66 0
376 125134 125176 0
377 56 99 0
378 48 59 0
379 125151 125197 0
380 7918 7935 0
381 7972 8001 0
382 25 70 0
383 14 34 0
384 7944 7981 0
385 72 83 0
386 12 75 0
387 125116 125189 0
388 125140 125163 0
389 125112 125176 0
390 1 43 0
391 125109 125187 0
392 125114 125175 0
393 125159 125189 0
394 37 63 0
395 15 69 0
396 55 98 0
397 250134 250186 0
398 7952 8007 0
399 7927 7960 0
--------------
1000000 :c
1004317 :sum(p)
1000000 :sum(w)
