400 :n
id p,w,x
--------------
0 2129 2060 1
1 2080 2057 1
2 7998 7924 1
3 86 48 1
4 100 67 1
5 100 36 1
6 8003 7943 1
7 91 15 1
8 76 66 1
9 4076 4041 1
10 2099 2063 1
11 4099 4038 1
12 82 31 1
13 64 18 1
14 68 46 1
15 69 53 1
16 91 63 1
17 59 29 1
18 4088 4053 1
19 34 8 1
20 72 31 1
21 66 21 1
22 85 54 1
23 44 28 1
24 2077 2060 1
25 2144 2119 1
26 2119 2089 1
27 4096 4069 1
28 2144 2083 1
29 2144 2068 1
30 2103 2067 1
31 4058 4012 1
32 4091 4060 1
33 4101 4016 1
34 4098 4056 1
35 2120 2056 1
36 4102 4053 1
37 2131 2106 1
38 15772 15739 1
39 4086 4067 1
40 31450 31368 1
41 15805 15728 1
42 2084 2076 1
43 2136 2126 1
44 2102 2093 1
45 15787 15732 1
46 4070 4059 1
47 15794 15738 1
48 15824 15784 1
49 4027 4017 1
50 4053 4035 1
51 15806 15764 1
52 2078 2068 1
53 15811 15737 1
54 7954 7922 1
55 4046 4029 1
56 7978 7933 1
57 8011 7984 1
58 7968 7920 1
59 7959 7936 1
60 15803 15729 1
61 31433 31352 1
62 8000 7961 1
63 7943 7916 1
64 7964 7930 1
65 7981 7961 1
66 7990 7967 1
67 15794 15756 1
68 4062 4049 1
69 4043 4023 1
70 7942 7925 1
71 15815 15783 1
72 15811 15785 1
73 31424 31357 1
74 31428 31368 1
75 31444 31376 1
76 31441 31389 1
77 15796 15759 1
78 7978 7961 1
79 82 80 1
80 2085 2078 1
81 2085 2079 1
82 4078 4069 1
83 7979 7963 1
84 4046 4039 0
85 31448 31398 1
86 31441 31392 1
87 31444 31396 1
88 7936 7924 1
89 7966 7954 1
90 2058 2055 1
91 15813 15790 1
92 31423 31379 1
93 2120 2115 1
94 31449 31405 1
95 62694 62613 1
96 31439 31399 1
97 7945 7935 0
98 8009 7999 1
99 7983 7921 1
100 62690 62611 1
101 15800 15782 0
102 62695 62625 0
103 31437 31403 1
104 15823 15822 0
105 4096 4104 0
106 10 16 0
107 15778 15762 0
108 7955 7947 0
109 62684 62621 0
110 4093 4089 0
111 62663 62603 0
112 2102 2109 0
113 31382 31354 0
114 31388 31360 0
115 62692 62637 0
116 31447 31420 0
117 31409 31383 0
118 62683 62632 0
119 7986 7981 0
120 2069 2068 1
121 7980 7977 0
122 7983 7981 0
123 4052 4051 0
124 62639 62619 0
125 125195 125157 0
126 125195 125139 0
127 15821 15815 0
128 62635 62608 0
129 15784 15779 0
130 62639 62625 0
131 62667 62624 0
132 15775 15768 0
133 62653 62611 0
134 31412 31388 0
135 250198 250145 0
136 250180 250123 0
137 62661 62626 0
138 62697 62684 0
139 250187 250123 0
140 62671 62643 0
141 31418 31400 0
142 15738 15733 0
143 62700 62687 0
144 125179 125121 0
145 62660 62634 0
146 250190 250109 0
147 250176 250115 0
148 62622 62607 0
149 31423 31407 0
150 62688 62641 0
151 31401 31378 0
152 125196 125160 0
153 125194 125111 0
154 125159 125125 0
155 125196 125109 0
156 125136 125113 0
157 62636 62628 0
158 125184 125169 0
159 125182 125170 0
160 15760 15757 0
161 125184 125171 0
162 250195 250174 0
163 250189 250151 0
164 250118 250102 0
165 31439 31438 0
166 250173 250140 0
167 250177 250143 0
168 500166 500102 0
169 500156 500125 0
170 500189 500171 0
171 500186 500125 0
172 500186 500154 0
173 500183 500156 0
174 500124 500108 0
175 125123 125111 0
176 62604 62602 0
177 500194 500181 0
178 125158 125140 0
179 125190 125176 0
180 31403 31417 0
181 31356 31427 0
182 31380 31415 0
183 31392 31393 0
184 31357 31427 0
185 31352 31364 0
186 31383 31392 0
187 31363 31431 0
188 31382 31422 0
189 62656 62682 0
190 62607 62668 0
191 31357 31442 0
192 31354 31428 0
193 31423 31448 0
194 31365 31447 0
195 31364 31381 0
196 62613 62630 0
197 62607 62640 0
198 62627 62658 0
199 62618 62682 0
200 62669 62692 0
201 15743 15757 0
202 15749 15749 0
203 62608 62656 0
204 15779 15806 0
205 15764 15766 0
206 62677 62689 0
207 15745 15790 0
208 15779 15824 0
209 62681 62681 0
210 62652 62663 0
211 15739 15755 0
212 62624 62668 0
213 62650 62690 0
214 15731 15814 0
215 15777 15799 0
216 62653 62672 0
217 62684 62683 0
218 62625 62663 0
219 15765 15769 0
220 62615 62686 0
221 15735 15744 0
222 15744 15751 0
223 62625 62676 0
224 62608 62651 0
225 125119 125131 0
226 125170 125182 0
227 15775 15822 0
228 125181 125196 0
229 15770 15816 0
230 125114 125141 0
231 15744 15754 0
232 15739 15774 0
233 15749 15797 0
234 125135 125154 0
235 15747 15824 0
236 125173 125195 0
237 125162 125173 0
238 15803 15825 0
239 125112 125139 0
240 125140 125171 0
241 7968 7986 0
242 125104 125171 0
243 125105 125197 0
244 7990 8011 0
245 7921 7927 0
246 125119 125124 0
247 7961 7961 0
248 125130 125149 0
249 125102 125167 0
250 125107 125159 0
251 7924 7967 0
252 125171 125188 0
253 125127 125177 0
254 7920 7969 0
255 7942 7947 0
256 125110 125183 0
257 7944 7974 0
258 7956 8002 0
259 125117 125153 0
260 125123 125195 0
261 7928 7948 0
262 7913 8000 0
263 7937 7941 0
264 125101 125172 0
265 7938 7953 0
266 7973 7974 0
267 125136 125135 0
268 125112 125137 0
269 125173 125194 0
270 125139 125192 0
271 125119 125178 0
272 250142 250177 0
273 7938 8006 0
274 250108 250125 0
275 250121 250184 0
276 7941 7954 0
277 250111 250158 0
278 250128 250200 0
279 4048 4095 0
280 250137 250189 0
281 250167 250181 0
282 4074 4079 0
283 4079 4080 0
284 4024 4086 0
285 4024 4103 0
286 250143 250175 0
287 4013 4065 0
288 4069 4098 0
289 250110 250159 0
290 4050 4103 0
291 250111 250152 0
292 250105 250192 0
293 4013 4051 0
294 250124 250127 0
295 250106 250119 0
296 250106 250119 0
297 4038 4063 0
298 250120 250184 0
299 250170 250169 0
300 250120 250116 0
301 250190 250185 0
302 250114 250136 0
303 31389 31392 0
304 4057 4083 0
305 4047 4084 0
306 4046 4094 0
307 4053 4091 0
308 250109 250189 0
309 4011 4024 0
310 250143 250150 0
311 4011 4074 0
312 250149 250149 0
313 250106 250149 0
314 4095 4097 0
315 4060 4088 0
316 250146 250168 0
317 4079 4100 0
318 250118 250138 0
319 2065 2127 0
320 250169 250188 0
321 2097 2150 0
322 250111 250106 0
323 250109 250185 0
324 2088 2107 0
325 250108 250138 0
326 250153 250182 0
327 500133 500147 0
328 500111 500156 0
329 2128 2133 0
330 500155 500147 0
331 2085 2097 0
332 2102 2142 0
333 2069 2096 0
334 2068 2119 0
335 500198 500185 0
336 2058 2121 0
337 2109 2131 0
338 500191 500187 0
339 2074 2090 0
340 2093 2113 0
341 500154 500152 0
342 500111 500171 0
343 2086 2123 0
344 2131 2140 0
345 2101 2147 0
346 2088 2137 0
347 2060 2130 0
348 500137 500137 0
349 500115 500178 0
350 500162 500162 0
351 500152 500174 0
352 2061 2134 0
353 500108 500155 0
354 2067 2092 0
355 500166 500199 0
356 31374 31439 0
357 500162 500165 0
358 500168 500186 0
359 10 100 0
360 41 99 0
361 70 90 0
362 500160 500179 0
363 500146 500135 0
364 13 61 0
365 37 55 0
366 500138 500169 0
367 500122 500165 0
368 500130 500159 0
369 74 88 0
370 500186 500199 0
371 41 91 0
372 500136 500196 0
373 500172 500199 0
374 27 61 0
375 500118 500115 0
376 11 49 0
377 11 95 0
378 9 67 0
379 500141 500184 0
380 500163 500156 0
381 500131 500126 0
382 21 60 0
383 500132 500134 0
384 6 46 0
385 39 65 0
386 57 75 0
387 8 93 0
388 64 80 0
389 50 90 0
390 77 85 0
391 11 87 0
392 500129 500142 0
393 500112 500175 0
394 18 83 0
395 33 79 0
396 500181 500187 0
397 500165 500178 0
398 31352 31356 0
399 31383 31428 0
--------------
1000000 :c
1003708 :sum(p)
1000000 :sum(w)
