400 :n
id p,w,x
--------------
0 2098 2070 1
1 2140 2082 1
2 4101 4068 1
3 4042 4009 1
4 4069 4034 1
5 4069 4044 1
6 2125 2076 1
7 4103 4016 1
8 4075 4053 1
9 69 41 1
10 4074 4017 1
11 4088 4012 1
12 58 30 1
13 4069 4030 1
14 98 61 1
15 7997 7943 1
16 8002 7943 1
17 65 25 1
18 2149 2104 1
19 4104 4033 1
20 4047 4026 1
21 36 10 1
22 96 59 1
23 7980 7919 1
24 4095 4068 1
25 8001 7934 1
26 4087 4042 1
27 96 39 1
28 2134 2106 1
29 82 34 1
30 8001 7927 1
31 7996 7947 1
32 2104 2066 1
33 2121 2063 1
34 2102 2074 1
35 8010 7977 1
36 8004 7940 1
37 2142 2085 1
38 2134 2103 1
39 2142 2084 1
40 2142 2094 1
41 64 21 1
42 77 12 1
43 58 10 1
44 15817 15752 1
45 2087 2060 1
46 15790 15738 1
47 98 44 1
48 79 74 1
49 2094 2077 1
50 4084 4068 1
51 4097 4082 1
52 15800 15748 1
53 15821 15769 1
54 7981 7957 1
55 4061 4049 0
56 15794 15751 1
57 15799 15756 1
58 31437 31355 1
59 15814 15773 1
60 15780 15740 1
61 7963 7944 1
62 31449 31376 1
63 31425 31353 1
64 15806 15772 1
65 8005 7988 1
66 7982 7967 1
67 15775 15747 1
68 15771 15744 1
69 15825 15798 1
70 2102 2099 0
71 62688 62603 1
72 15797 15776 1
73 62691 62619 1
74 31434 31398 1
75 15819 15802 0
76 2139 2124 1
77 7954 7946 1
78 31411 31380 1
79 2064 2062 0
80 31381 31351 1
81 62700 62642 1
82 4105 4049 1
83 62682 62607 1
84 15769 15754 1
85 62662 62607 1
86 62694 62644 1
87 31416 31391 0
88 62698 62650 0
89 31448 31426 0
90 5 21 0
91 62650 62602 0
92 15781 15769 0
93 62651 62605 0
94 31390 31367 0
95 31406 31383 0
96 250197 250115 0
97 31389 31367 0
98 15745 15734 1
99 125190 125106 0
100 31381 31360 0
101 7971 7966 0
102 125193 125128 0
103 62691 62659 0
104 31424 31408 0
105 7918 7914 0
106 15780 15773 0
107 31441 31431 0
108 31413 31404 0
109 31395 31387 0
110 7970 7968 0
111 31378 31371 0
112 7945 7944 0
113 15796 15795 0
114 15816 15815 0
115 4028 4028 0
116 47 47 0
117 7975 7975 0
118 39 39 0
119 4067 4067 0
120 4027 4028 0
121 7971 7973 0
122 7998 8001 0
123 7993 7998 0
124 7973 7979 0
125 7990 7997 0
126 2136 2138 0
127 7915 7923 0
128 7928 7938 0
129 7922 7932 0
130 7920 7931 0
131 2128 2131 0
132 2077 2080 0
133 2072 2075 0
134 2137 2141 0
135 2123 2127 0
136 4071 4080 0
137 4067 4076 0
138 2113 2118 0
139 2111 2116 0
140 2120 2128 0
141 2054 2062 0
142 2077 2089 0
143 2116 2129 0
144 82 85 0
145 87 91 0
146 42 46 0
147 90 100 0
148 26 30 0
149 72 84 0
150 12 17 0
151 11 23 0
152 7 24 0
153 62626 62624 0
154 62667 62651 0
155 62605 62642 0
156 125161 125158 0
157 62636 62668 0
158 62691 62675 0
159 125104 125153 0
160 62698 62683 0
161 125123 125138 0
162 62612 62602 0
163 125118 125177 0
164 125109 125133 0
165 31356 31377 0
166 31438 31438 0
167 125141 125175 0
168 125141 125115 0
169 31417 31416 0
170 31400 31403 0
171 125176 125197 0
172 125143 125165 0
173 31417 31412 0
174 31393 31391 0
175 31398 31399 0
176 62661 62684 0
177 31366 31369 0
178 125105 125127 0
179 125103 125132 0
180 31355 31361 0
181 125182 125149 0
182 125164 125118 0
183 62649 62637 0
184 125126 125188 0
185 125139 125140 0
186 250164 250138 0
187 31394 31410 0
188 31402 31406 0
189 250142 250143 0
190 250180 250118 0
191 250118 250112 0
192 125167 125119 0
193 250135 250104 0
194 31391 31415 0
195 250188 250144 0
196 250123 250146 0
197 250159 250141 0
198 250159 250198 0
199 250189 250138 0
200 250153 250189 0
201 250196 250184 0
202 250171 250162 0
203 250120 250195 0
204 15744 15757 0
205 250192 250112 0
206 250135 250123 0
207 250158 250134 0
208 15777 15792 0
209 15771 15781 0
210 250104 250140 0
211 250157 250137 0
212 250166 250158 0
213 250179 250114 0
214 250168 250157 0
215 250196 250172 0
216 250126 250199 0
217 250103 250165 0
218 15781 15796 0
219 250123 250137 0
220 250129 250174 0
221 125155 125126 0
222 250136 250157 0
223 250154 250129 0
224 250114 250145 0
225 250193 250193 0
226 250101 250172 0
227 250176 250148 0
228 250147 250110 0
229 250142 250102 0
230 250140 250176 0
231 250111 250139 0
232 62631 62655 0
233 15767 15776 0
234 250146 250116 0
235 250177 250101 0
236 500177 500170 0
237 500155 500122 0
238 500141 500189 0
239 500149 500194 0
240 62621 62619 0
241 500196 500115 0
242 500151 500106 0
243 500146 500171 0
244 500135 500168 0
245 500141 500190 0
246 62613 62612 0
247 500140 500198 0
248 62650 62695 0
249 500196 500192 0
250 500187 500200 0
251 500126 500114 0
252 62682 62675 0
253 500141 500109 0
254 500145 500193 0
255 500148 500103 0
256 500153 500194 0
257 500123 500166 0
258 62626 62643 0
259 500183 500142 0
260 62644 62620 0
261 500102 500104 0
262 500110 500160 0
263 500148 500173 0
264 500180 500158 0
265 125193 125175 0
266 62647 62670 0
267 500121 500120 0
268 500154 500126 0
269 500175 500181 0
270 125101 125147 0
271 500168 500169 0
272 500132 500156 0
273 125125 125164 0
274 125173 125135 0
275 500188 500130 0
276 500120 500178 0
277 500168 500162 0
278 500108 500109 0
279 500134 500108 0
280 500150 500181 0
281 500196 500159 0
282 500113 500179 0
283 500176 500182 0
284 125113 125172 0
285 500188 500170 0
286 500133 500103 0
287 500145 500141 0
288 125153 125187 0
289 125122 125158 0
290 125183 125132 0
291 62649 62624 0
292 62659 62633 0
293 125166 125108 0
294 125172 125110 0
295 62668 62641 0
296 125183 125132 0
297 125194 125140 0
298 125128 125179 0
299 62638 62671 0
300 62616 62663 0
301 62607 62619 0
302 125168 125125 0
303 62655 62673 0
304 62604 62609 0
305 62618 62629 0
306 125192 125183 0
307 62631 62645 0
308 125183 125183 0
309 125117 125141 0
310 125142 125147 0
311 125113 125128 0
312 62624 62649 0
313 62682 62696 0
314 125114 125174 0
315 125179 125196 0
316 4069 4098 0
317 4029 4063 0
318 7955 7984 0
319 4013 4094 0
320 7940 7969 0
321 7946 8008 0
322 7921 7957 0
323 2076 2118 0
324 4039 4076 0
325 7941 7960 0
326 7983 8010 0
327 4040 4063 0
328 7955 8003 0
329 15738 15765 0
330 2111 2128 0
331 15741 15760 0
332 2073 2146 0
333 4029 4090 0
334 7936 7999 0
335 7936 7998 0
336 2071 2115 0
337 15763 15785 0
338 4007 4061 0
339 7914 8012 0
340 2062 2133 0
341 15770 15817 0
342 2062 2124 0
343 15728 15762 0
344 2125 2146 0
345 7941 8007 0
346 2067 2087 0
347 15771 15805 0
348 2062 2099 0
349 15743 15759 0
350 15762 15806 0
351 7938 7962 0
352 2077 2152 0
353 15772 15792 0
354 15726 15784 0
355 4009 4049 0
356 2056 2075 0
357 15756 15788 0
358 15765 15794 0
359 10 87 0
360 15731 15813 0
361 4048 4097 0
362 15747 15817 0
363 49 91 0
364 71 97 0
365 15728 15743 0
366 31363 31407 0
367 22 54 0
368 36 95 0
369 31358 31397 0
370 4080 4105 0
371 7970 8004 0
372 4048 4069 0
373 31381 31418 0
374 3 25 0
375 4028 4092 0
376 23 78 0
377 5 42 0
378 1 33 0
379 31377 31438 0
380 31378 31423 0
381 31395 31429 0
382 31399 31450 0
383 36 96 0
384 16 55 0
385 31374 31449 0
386 45 67 0
387 31394 31428 0
388 31415 31449 0
389 46 92 0
390 31398 31440 0
391 18 72 0
392 4046 4091 0
393 4024 4097 0
394 4045 4070 0
395 2 63 0
396 62612 62675 0
397 4021 4106 0
398 4029 4060 0
399 4042 4067 0
--------------
1000000 :c
1003571 :sum(p)
999998 :sum(w)
