400 :n
id p,w,x
--------------
0 2153 2115 1
1 8003 7921 1
2 4071 4025 1
3 73 7 1
4 2090 2058 1
5 74 17 1
6 21 2 1
7 4089 4010 1
8 2144 2078 1
9 2103 2058 1
10 71 6 1
11 89 74 1
12 4071 4024 1
13 75 55 1
14 94 40 1
15 93 4 1
16 2133 2069 1
17 4104 4024 1
18 70 42 1
19 4084 4014 1
20 33 3 1
21 94 67 1
22 79 9 1
23 95 40 1
24 2119 2076 1
25 2147 2104 1
26 79 27 1
27 56 29 1
28 68 39 1
29 97 55 1
30 2101 2070 1
31 4087 4032 1
32 81 66 1
33 7999 7919 1
34 4079 4036 1
35 2092 2064 1
36 99 65 1
37 4085 4042 1
38 4099 4045 1
39 81 42 1
40 31420 31372 1
41 31445 31381 1
42 15785 15754 1
43 15794 15734 1
44 31435 31370 1
45 15819 15763 1
46 15804 15738 1
47 4033 4018 1
48 7990 7965 1
49 15791 15750 1
50 4070 4049 1
51 31450 31381 1
52 4042 4011 1
53 4065 4036 1
54 4052 4032 1
55 15780 15743 1
56 2070 2056 1
57 15800 15733 1
58 2121 2107 1
59 2121 2104 1
60 4061 4043 1
61 15824 15741 1
62 7955 7934 1
63 4073 4056 1
64 8006 7963 1
65 2113 2096 1
66 15798 15750 1
67 8011 7932 1
68 8002 7970 1
69 15766 15733 1
70 4098 4070 1
71 4103 4063 1
72 15806 15730 1
73 7993 7922 1
74 15815 15788 1
75 31399 31356 1
76 31441 31401 1
77 62695 62620 1
78 51 45 1
79 22 20 0
80 90 87 1
81 2083 2073 1
82 2106 2099 1
83 2110 2103 1
84 4098 4087 1
85 4099 4091 1
86 2109 2105 1
87 7930 7917 1
88 8008 7995 1
89 15785 15760 1
90 7942 7930 1
91 7968 7956 1
92 2106 2103 1
93 15817 15795 1
94 4035 4030 1
95 4061 4056 1
96 4104 4099 1
97 15800 15782 1
98 62680 62616 1
99 7973 7965 0
100 62672 62610 1
101 31383 31352 1
102 2060 2058 0
103 92 5 1
104 62670 62605 1
105 31388 31358 0
106 62691 62633 1
107 62656 62601 0
108 31450 31427 0
109 15822 15817 0
110 54 61 0
111 31441 31415 0
112 62671 62620 0
113 31405 31382 0
114 4102 4099 0
115 125191 125101 0
116 62689 62645 0
117 62688 62645 0
118 125196 125112 0
119 62664 62622 0
120 125186 125105 0
121 15794 15784 0
122 62647 62609 0
123 125175 125100 0
124 62657 62623 0
125 7987 7983 0
126 125171 125110 0
127 125175 125114 0
128 62675 62645 0
129 2126 2125 1
130 62678 62649 0
131 125169 125114 0
132 125161 125108 0
133 125188 125138 0
134 15814 15808 0
135 7952 7949 0
136 125173 125130 0
137 62641 62620 0
138 250186 250103 0
139 125170 125132 0
140 125150 125113 0
141 31399 31390 0
142 31401 31392 0
143 125145 125110 0
144 250176 250110 0
145 250173 250109 0
146 250189 250125 0
147 7928 7926 0
148 250180 250119 0
149 62631 62616 0
150 62633 62618 0
151 62653 62638 0
152 62664 62649 0
153 250193 250138 0
154 125151 125125 0
155 62676 62663 0
156 250172 250122 0
157 250198 250148 0
158 250151 250102 0
159 31389 31383 0
160 250192 250147 0
161 500199 500110 0
162 125138 125118 0
163 125124 125105 0
164 125189 125171 0
165 500174 500103 0
166 125139 125122 0
167 125153 125136 0
168 125188 125171 0
169 250176 250144 0
170 62617 62609 0
171 31390 31386 0
172 500199 500136 0
173 500161 500105 0
174 250137 250109 0
175 250191 250164 0
176 250197 250171 0
177 125171 125158 0
178 500154 500103 0
179 250172 250147 0
180 500154 500106 0
181 125169 125157 0
182 500165 500119 0
183 500189 500144 0
184 250132 250113 0
185 250153 250135 0
186 500152 500118 0
187 31390 31388 0
188 500197 500166 0
189 500158 500131 0
190 500183 500159 0
191 125180 125174 0
192 500142 500119 0
193 500195 500172 0
194 500172 500157 0
195 500140 500126 0
196 500135 500122 0
197 500168 500162 0
198 250166 250163 0
199 125140 125139 0
200 500140 500137 0
201 500120 500118 0
202 500193 500191 0
203 250199 250198 0
204 15801 15801 0
205 7920 7920 0
206 4029 4029 0
207 500182 500183 0
208 500130 500131 0
209 500185 500188 0
210 500144 500147 0
211 125127 125128 0
212 125109 125110 0
213 250178 250182 0
214 500152 500160 0
215 250170 250175 0
216 500108 500119 0
217 250136 250143 0
218 125192 125196 0
219 250178 250188 0
220 500157 500180 0
221 62677 62680 0
222 500115 500143 0
223 7995 7998 0
224 2150 2151 1
225 4084 4089 0
226 2085 2089 0
227 49 52 1
228 6 8 0
229 15765 15804 0
230 15773 15819 0
231 15789 15807 0
232 15753 15757 0
233 15777 15803 0
234 15804 15810 0
235 15748 15775 0
236 31400 31443 0
237 15782 15801 0
238 15819 15824 0
239 31376 31427 0
240 31364 31412 0
241 31400 31415 0
242 31442 31450 0
243 31402 31411 0
244 31406 31424 0
245 31362 31395 0
246 31360 31419 0
247 31352 31416 0
248 31372 31417 0
249 31442 31448 0
250 7943 7963 0
251 31412 31446 0
252 31393 31404 0
253 31356 31425 0
254 31366 31412 0
255 31409 31416 0
256 31398 31438 0
257 31365 31392 0
258 500171 500200 0
259 7980 8004 0
260 7989 7999 0
261 31416 31450 0
262 31425 31427 0
263 31381 31403 0
264 31414 31447 0
265 31381 31420 0
266 62628 62685 0
267 7990 8000 0
268 62619 62674 0
269 62626 62687 0
270 7986 8005 0
271 62636 62640 0
272 62626 62693 0
273 7952 7967 0
274 62621 62645 0
275 7953 7960 0
276 62624 62674 0
277 15761 15797 0
278 62640 62691 0
279 62610 62617 0
280 62654 62683 0
281 62605 62697 0
282 62645 62692 0
283 62624 62694 0
284 62645 62670 0
285 62611 62685 0
286 62605 62619 0
287 62606 62626 0
288 62648 62677 0
289 125159 125172 0
290 125104 125136 0
291 125105 125130 0
292 125155 125177 0
293 125101 125195 0
294 125175 125183 0
295 125111 125172 0
296 125159 125195 0
297 125106 125117 0
298 125169 125181 0
299 125143 125190 0
300 125141 125150 0
301 125136 125165 0
302 250156 250172 0
303 250126 250154 0
304 250117 250185 0
305 250142 250183 0
306 250113 250193 0
307 250137 250157 0
308 250101 250140 0
309 250105 250183 0
310 250148 250163 0
311 250112 250140 0
312 250140 250198 0
313 250139 250171 0
314 250111 250164 0
315 250110 250140 0
316 250142 250165 0
317 15745 15748 0
318 250128 250160 0
319 250117 250132 0
320 500116 500186 0
321 500156 500199 0
322 500124 500188 0
323 500121 500196 0
324 500149 500188 0
325 500104 500188 0
326 500126 500171 0
327 500105 500184 0
328 15776 15802 0
329 500151 500188 0
330 500146 500189 0
331 15805 15820 0
332 15763 15775 0
333 15790 15810 0
334 15754 15784 0
335 15783 15798 0
336 2089 2152 0
337 2088 2115 0
338 2082 2148 0
339 2054 2153 0
340 2078 2143 0
341 4039 4069 0
342 4020 4077 0
343 2082 2133 0
344 2060 2126 0
345 2069 2096 0
346 4031 4099 0
347 2059 2125 0
348 4068 4098 0
349 4031 4066 0
350 2062 2118 0
351 2094 2145 0
352 2096 2122 0
353 4034 4094 0
354 2106 2124 0
355 2070 2118 0
356 4018 4082 0
357 4080 4103 0
358 4045 4105 0
359 4042 4090 0
360 4008 4053 0
361 4027 4070 0
362 34 60 0
363 4026 4077 0
364 4053 4101 0
365 7970 8007 0
366 7944 7977 0
367 7936 8003 0
368 7929 7981 0
369 7916 8000 0
370 17 57 0
371 7918 7948 0
372 10 92 0
373 7920 7998 0
374 39 80 0
375 63 90 0
376 28 53 0
377 7947 7985 0
378 7953 8002 0
379 28 46 0
380 7942 8009 0
381 7927 7962 0
382 7974 8010 0
383 7913 8008 0
384 2058 2105 0
385 7958 7996 0
386 7925 8005 0
387 2077 2143 0
388 4 51 0
389 33 50 0
390 12 93 0
391 33 69 0
392 15746 15794 0
393 15736 15787 0
394 15728 15776 0
395 15761 15809 0
396 45 77 0
397 4 34 0
398 2121 2131 0
399 2127 2153 0
--------------
1000000 :c
1004036 :sum(p)
1000000 :sum(w)
