400 :n
id p,w,x
--------------
0 2134 2070 1
1 2073 2063 1
2 15805 15753 1
3 15783 15729 1
4 15784 15732 1
5 2119 2105 1
6 72 15 1
7 15823 15726 1
8 15800 15731 1
9 2109 2055 1
10 22 3 1
11 31449 31362 1
12 73 37 1
13 2078 2062 1
14 15824 15726 1
15 15798 15736 1
16 15799 15750 1
17 87 67 1
18 8005 7952 1
19 7991 7933 1
20 94 50 1
21 7989 7929 1
22 31 20 1
23 77 18 1
24 7971 7941 1
25 7988 7943 1
26 7985 7950 1
27 82 71 1
28 80 24 1
29 2079 2067 1
30 7999 7966 1
31 7991 7957 1
32 8002 7918 1
33 7957 7935 1
34 8011 7952 1
35 67 24 1
36 7968 7920 1
37 4075 4007 1
38 4063 4037 1
39 4073 4041 1
40 4091 4069 1
41 4099 4023 1
42 4052 4024 1
43 76 30 1
44 4101 4010 1
45 4094 4032 1
46 4076 4038 1
47 4100 4025 1
48 4100 4007 1
49 4093 4052 1
50 96 60 1
51 4060 4031 1
52 4099 4065 1
53 21 13 1
54 4102 4080 1
55 4088 4055 1
56 89 39 1
57 4076 4038 1
58 95 84 1
59 4096 4049 1
60 15801 15758 1
61 2143 2065 1
62 2086 2066 1
63 2134 2121 1
64 2093 2054 1
65 2098 2054 1
66 2140 2064 1
67 2151 2068 1
68 2139 2058 1
69 7994 7974 1
70 7952 7932 1
71 31441 31361 1
72 9 2 1
73 91 89 0
74 92 91 0
75 96 95 1
76 2066 2057 1
77 2108 2099 1
78 2085 2079 1
79 4095 4085 1
80 2086 2081 1
81 7980 7961 1
82 7986 7969 1
83 15771 15738 1
84 15811 15779 1
85 8005 7989 1
86 8005 7989 1
87 8009 7994 1
88 15760 15731 1
89 7966 7953 1
90 15757 15732 1
91 15787 15764 1
92 15774 15752 1
93 2152 2149 1
94 62698 62623 1
95 62687 62616 1
96 62683 62613 1
97 31439 31406 1
98 62687 62622 1
99 31386 31354 1
100 15809 15793 1
101 39 27 1
102 15748 15730 0
103 62687 62622 1
104 31444 31413 1
105 62698 62637 0
106 62699 62691 0
107 15814 15818 0
108 15776 15795 0
109 31391 31361 0
110 31408 31384 0
111 4012 4009 0
112 31433 31411 0
113 15781 15770 0
114 125197 125110 0
115 2138 2137 1
116 31371 31351 0
117 7978 7974 0
118 7960 7959 0
119 2067 2067 0
120 4104 4105 0
121 4008 4011 0
122 2144 2146 0
123 2115 2118 0
124 2056 2059 0
125 2080 2084 0
126 77 84 0
127 250198 250167 0
128 62679 62656 0
129 250181 250174 0
130 250200 250171 0
131 250173 250153 0
132 62617 62611 0
133 62682 62655 0
134 62645 62628 0
135 250181 250143 0
136 250165 250141 0
137 500159 500148 0
138 125175 125161 0
139 125164 125139 0
140 500153 500107 0
141 500140 500112 0
142 250199 250198 0
143 62630 62626 0
144 500188 500130 0
145 250174 250172 0
146 500149 500114 0
147 62680 62678 0
148 62694 62676 0
149 62687 62659 0
150 62653 62630 0
151 125155 125133 0
152 500175 500166 0
153 500184 500126 0
154 62685 62653 0
155 62667 62638 0
156 250158 250128 0
157 250164 250136 0
158 125174 125157 0
159 250182 250134 0
160 250182 250114 0
161 125195 125150 0
162 7962 7962 0
163 500173 500132 0
164 500192 500184 0
165 500177 500129 0
166 500161 500121 0
167 250180 250169 0
168 125199 125150 0
169 500112 500114 0
170 125165 125148 0
171 500131 500106 0
172 125144 125126 0
173 500142 500111 0
174 125154 125119 0
175 31388 31382 0
176 500129 500101 0
177 250150 250134 0
178 62692 62671 0
179 250121 250108 0
180 125171 125138 0
181 250163 250101 0
182 500159 500122 0
183 125188 125154 0
184 250163 250154 0
185 125189 125132 0
186 500144 500124 0
187 500155 500132 0
188 15800 15800 0
189 500186 500137 0
190 250146 250120 0
191 500140 500105 0
192 31356 31355 0
193 250111 250107 0
194 125119 125117 0
195 31391 31386 0
196 125143 125113 0
197 125178 125130 0
198 500167 500102 0
199 250169 250169 0
200 500154 500153 0
201 500184 500139 0
202 500141 500127 0
203 500155 500104 0
204 250189 250131 0
205 125175 125155 0
206 250140 250114 0
207 250124 250105 0
208 250192 250172 0
209 250118 250119 0
210 250146 250101 0
211 62636 62621 0
212 125186 125115 0
213 62692 62654 0
214 31450 31431 0
215 125188 125115 0
216 62651 62641 0
217 62671 62652 0
218 250139 250134 0
219 31354 31379 0
220 31387 31403 0
221 31398 31427 0
222 31371 31413 0
223 15784 15803 0
224 15757 15762 0
225 31354 31376 0
226 15764 15822 0
227 15748 15760 0
228 15784 15788 0
229 15733 15813 0
230 31400 31424 0
231 31388 31424 0
232 31390 31442 0
233 15727 15810 0
234 31365 31423 0
235 15757 15821 0
236 15739 15745 0
237 15738 15796 0
238 15776 15791 0
239 7940 8006 0
240 31440 31445 0
241 31360 31400 0
242 31377 31448 0
243 31394 31421 0
244 31358 31416 0
245 31410 31450 0
246 7971 7972 0
247 7932 7953 0
248 31385 31390 0
249 7970 8010 0
250 31409 31427 0
251 31367 31443 0
252 7938 7989 0
253 7937 7966 0
254 7931 7991 0
255 7932 8005 0
256 31376 31397 0
257 31358 31388 0
258 31387 31420 0
259 31357 31420 0
260 7917 7989 0
261 31369 31376 0
262 31416 31426 0
263 31351 31426 0
264 7914 7981 0
265 7935 7986 0
266 31408 31433 0
267 7960 7973 0
268 7935 7940 0
269 31398 31419 0
270 7942 8011 0
271 62608 62684 0
272 7935 7949 0
273 7949 7965 0
274 62626 62644 0
275 62635 62644 0
276 62680 62688 0
277 62627 62673 0
278 7931 7998 0
279 500114 500117 0
280 4067 4100 0
281 62634 62687 0
282 4080 4099 0
283 62618 62652 0
284 4024 4045 0
285 62620 62646 0
286 62622 62658 0
287 4052 4105 0
288 4052 4066 0
289 4008 4100 0
290 62636 62672 0
291 4046 4103 0
292 62612 62700 0
293 62616 62673 0
294 4068 4081 0
295 62675 62683 0
296 4028 4086 0
297 15756 15825 0
298 4030 4035 0
299 62654 62662 0
300 4067 4094 0
301 62628 62641 0
302 62648 62699 0
303 62605 62691 0
304 125121 125198 0
305 125140 125176 0
306 125121 125140 0
307 4027 4050 0
308 4017 4021 0
309 4073 4097 0
310 125116 125117 0
311 125116 125160 0
312 4089 4102 0
313 4030 4094 0
314 4024 4045 0
315 125113 125123 0
316 4041 4098 0
317 125133 125150 0
318 125157 125159 0
319 15747 15765 0
320 125116 125142 0
321 2081 2098 0
322 125188 125196 0
323 2068 2077 0
324 2093 2131 0
325 2075 2107 0
326 125176 125181 0
327 125147 125168 0
328 2095 2138 0
329 15771 15806 0
330 2111 2122 0
331 2058 2141 0
332 2063 2084 0
333 2065 2127 0
334 2080 2105 0
335 125127 125176 0
336 125134 125196 0
337 15733 15787 0
338 125130 125162 0
339 125174 125195 0
340 2055 2121 0
341 125147 125183 0
342 125119 125120 0
343 125131 125187 0
344 2124 2153 0
345 125103 125138 0
346 125160 125194 0
347 250139 250152 0
348 2085 2118 0
349 250117 250178 0
350 250101 250147 0
351 250114 250150 0
352 2069 2124 0
353 250104 250197 0
354 250163 250171 0
355 2058 2085 0
356 15763 15788 0
357 250116 250186 0
358 250145 250177 0
359 250169 250179 0
360 250109 250141 0
361 250159 250179 0
362 85 100 0
363 23 72 0
364 15730 15781 0
365 250103 250175 0
366 250178 250192 0
367 25 66 0
368 500161 500176 0
369 39 63 0
370 500117 500157 0
371 7 73 0
372 500156 500183 0
373 500133 500177 0
374 28 83 0
375 35 60 0
376 35 60 0
377 500187 500199 0
378 44 95 0
379 500136 500146 0
380 13 48 0
381 66 75 0
382 57 99 0
383 500122 500176 0
384 35 77 0
385 500153 500200 0
386 500127 500154 0
387 6 36 0
388 500124 500198 0
389 500170 500193 0
390 500143 500170 0
391 34 49 0
392 500165 500199 0
393 26 75 0
394 59 67 0
395 21 65 0
396 27 69 0
397 500121 500172 0
398 15761 15781 0
399 15771 15795 0
--------------
1000000 :c
1004091 :sum(p)
1000000 :sum(w)
