400 :n
id p,w,x
--------------
0 8000 7940 1
1 4092 4010 1
2 2131 2065 1
3 4104 4030 1
4 2111 2062 1
5 4090 4009 1
6 4104 4050 1
7 4090 4015 1
8 4106 4035 1
9 2110 2062 1
10 7975 7915 1
11 4105 4028 1
12 2113 2066 1
13 4082 4018 1
14 76 1 1
15 99 40 1
16 65 2 1
17 70 8 1
18 70 4 1
19 4066 4011 1
20 97 13 1
21 4092 4007 1
22 15809 15745 1
23 15810 15731 1
24 31436 31351 1
25 31442 31356 1
26 60 20 1
27 14 6 1
28 74 33 1
29 65 30 1
30 85 53 1
31 83 54 1
32 98 67 1
33 44 31 1
34 75 53 1
35 58 48 1
36 46 40 1
37 61 54 1
38 91 87 1
39 2150 2108 1
40 2117 2081 1
41 61 60 1
42 2089 2056 1
43 2102 2069 1
44 2113 2089 1
45 15771 15736 1
46 55 1 1
47 4089 4044 1
48 4070 4028 1
49 2141 2119 1
50 4069 4028 1
51 2085 2064 1
52 4082 4043 1
53 4100 4061 1
54 2117 2097 1
55 4086 4052 1
56 4078 4045 1
57 4103 4076 1
58 8011 7961 1
59 4045 4021 1
60 7991 7947 1
61 2108 2097 1
62 7960 7920 1
63 4079 4061 1
64 7994 7959 1
65 4098 4082 1
66 4026 4011 1
67 15782 15730 1
68 15817 15767 1
69 7938 7916 1
70 15774 15731 1
71 15798 15755 1
72 7943 7922 1
73 7956 7938 1
74 15789 15751 1
75 31428 31383 1
76 31427 31379 1
77 31432 31381 1
78 31439 31370 1
79 31442 31375 1
80 31421 31369 1
81 31428 31367 1
82 15757 15727 1
83 15781 15751 1
84 15787 15759 1
85 15795 15767 1
86 31433 31379 1
87 15771 15744 1
88 15776 15749 1
89 15780 15753 1
90 31399 31353 1
91 62694 62611 1
92 4028 4018 1
93 4065 4056 1
94 7953 7937 1
95 7927 7915 1
96 7942 7931 1
97 4055 4050 1
98 31412 31376 1
99 4083 4037 1
100 62687 62602 1
101 15761 15743 0
102 62673 62602 0
103 62694 62627 0
104 15810 15803 0
105 7993 7985 1
106 500152 500119 0
107 31398 31365 0
108 15761 15746 0
109 2134 2132 1
110 7971 7965 1
111 15783 15773 0
112 7962 7957 1
113 7943 7940 0
114 31386 31360 0
115 62668 62620 0
116 31384 31358 0
117 125195 125110 0
118 62647 62605 0
119 125188 125107 0
120 7993 7999 0
121 31379 31353 0
122 31404 31385 0
123 31425 31406 0
124 31431 31414 0
125 125172 125107 0
126 125182 125123 0
127 125182 125124 0
128 125192 125138 0
129 62662 62638 0
130 31389 31377 0
131 62667 62608 0
132 250194 250111 0
133 62677 62657 0
134 31417 31407 0
135 62632 62613 0
136 125173 125139 0
137 125185 125151 0
138 125153 125121 0
139 125194 125163 0
140 125193 125164 0
141 31409 31402 0
142 125145 125119 0
143 62663 62650 0
144 250194 250144 0
145 250175 250127 0
146 250152 250106 0
147 500199 500108 0
148 125187 125166 0
149 500187 500112 0
150 62633 62624 0
151 62680 62671 0
152 250143 250108 0
153 250185 250151 0
154 250151 250118 0
155 500194 500130 0
156 250171 250139 0
157 31380 31376 0
158 500174 500112 0
159 500162 500104 0
160 500175 500122 0
161 500169 500117 0
162 250182 250157 0
163 500152 500104 0
164 62622 62616 0
165 250138 250116 0
166 250174 250154 0
167 125119 125109 0
168 250154 250135 0
169 250169 250150 0
170 500184 500149 0
171 21 36 0
172 62692 62696 0
173 15783 15782 0
174 250182 250169 0
175 500199 500174 0
176 500200 500175 0
177 500138 500115 0
178 500187 500164 0
179 500189 500167 0
180 250139 250129 0
181 250174 250164 0
182 62676 62674 0
183 500135 500121 0
184 500175 500163 0
185 500192 500180 0
186 500161 500151 0
187 62611 62610 0
188 500142 500135 0
189 250170 250167 0
190 250171 250168 0
191 500115 500110 0
192 500177 500175 0
193 250105 250105 0
194 500193 500193 0
195 125185 125185 0
196 7915 7915 0
197 31423 31423 0
198 62636 62636 0
199 250133 250136 0
200 250159 250164 0
201 125147 125150 0
202 62633 62635 0
203 500153 500172 0
204 62681 62684 0
205 125135 125141 0
206 500142 500167 0
207 500140 500165 0
208 500105 500131 0
209 125150 125157 0
210 500134 500162 0
211 500107 500135 0
212 500110 500141 0
213 15773 15774 0
214 125120 125128 0
215 125108 125116 0
216 500165 500198 0
217 500129 500164 0
218 500110 500145 0
219 250111 250130 0
220 500123 500164 0
221 250135 250156 0
222 125109 125120 0
223 250140 250162 0
224 500127 500172 0
225 250105 250128 0
226 500130 500176 0
227 500129 500175 0
228 125135 125147 0
229 125121 125134 0
230 250156 250183 0
231 500122 500176 0
232 500101 500158 0
233 125101 125116 0
234 7954 7955 0
235 15800 15802 0
236 15765 15767 0
237 15749 15751 0
238 62622 62630 0
239 125117 125133 0
240 250149 250181 0
241 250126 250158 0
242 250114 250147 0
243 500122 500191 0
244 250143 250178 0
245 250126 250161 0
246 31412 31417 0
247 250101 250141 0
248 125107 125129 0
249 250106 250151 0
250 250119 250165 0
251 125121 125146 0
252 250127 250178 0
253 125138 125165 0
254 125125 125153 0
255 250123 250179 0
256 125153 125182 0
257 250127 250189 0
258 250127 250189 0
259 31425 31433 0
260 62609 62625 0
261 62609 62625 0
262 250115 250191 0
263 125151 125190 0
264 62642 62662 0
265 62613 62634 0
266 31370 31381 0
267 62613 62636 0
268 125113 125160 0
269 250102 250197 0
270 15761 15767 0
271 62614 62638 0
272 125149 125198 0
273 125118 125167 0
274 125117 125168 0
275 125109 125162 0
276 15770 15777 0
277 15809 15822 0
278 15787 15802 0
279 4075 4079 0
280 7921 7929 0
281 15762 15780 0
282 4056 4061 1
283 15767 15788 0
284 2085 2088 0
285 15789 15812 0
286 7934 7946 0
287 7965 7978 0
288 7955 7968 0
289 4078 4085 1
290 7959 7973 0
291 7920 7934 0
292 7979 7994 0
293 7928 7946 0
294 7929 7948 0
295 7966 7986 0
296 2075 2083 0
297 7950 7981 0
298 7925 7957 0
299 4024 4042 0
300 4067 4086 0
301 2061 2072 0
302 4081 4103 0
303 2100 2113 0
304 4027 4052 0
305 4074 4105 0
306 2090 2109 0
307 2071 2090 0
308 2120 2142 0
309 2122 2151 0
310 2070 2099 0
311 2056 2086 0
312 2102 2137 0
313 2090 2125 0
314 2105 2143 0
315 2095 2134 0
316 2092 2131 0
317 2065 2104 0
318 98 100 1
319 46 49 0
320 91 97 0
321 33 37 0
322 67 78 0
323 32 39 0
324 71 97 0
325 37 57 0
326 25 46 0
327 27 50 0
328 30 56 0
329 28 66 0
330 10 32 0
331 4 16 0
332 2058 2116 0
333 31369 31430 0
334 2091 2140 0
335 31373 31429 0
336 15760 15788 0
337 31361 31376 0
338 15734 15804 0
339 2090 2141 0
340 15761 15822 0
341 4026 4077 0
342 2065 2129 0
343 31354 31415 0
344 31354 31393 0
345 2087 2131 0
346 31365 31404 0
347 15742 15774 0
348 2089 2147 0
349 15746 15813 0
350 2081 2132 0
351 31356 31441 0
352 2104 2147 0
353 31351 31416 0
354 2060 2147 0
355 31384 31445 0
356 15727 15777 0
357 2065 2111 0
358 15744 15784 0
359 31368 31438 0
360 31395 31441 0
361 15778 15814 0
362 31359 31432 0
363 31429 31443 0
364 4055 4103 0
365 62602 62695 0
366 62636 62694 0
367 62622 62673 0
368 62609 62644 0
369 15764 15815 0
370 7951 7998 0
371 62617 62694 0
372 34 83 0
373 7919 8010 0
374 4007 4099 0
375 62625 62680 0
376 62666 62699 0
377 7946 7993 0
378 62601 62653 0
379 7960 8001 0
380 62603 62631 0
381 7922 7999 0
382 62601 62689 0
383 62649 62699 0
384 62613 62679 0
385 7914 7951 0
386 12 56 0
387 62635 62680 0
388 125112 125186 0
389 125124 125189 0
390 7970 8005 0
391 11 81 0
392 4047 4095 0
393 40 86 0
394 4028 4093 0
395 7917 7952 0
396 125125 125189 0
397 125109 125182 0
398 4041 4088 0
399 7925 7988 0
--------------
1000000 :c
1004220 :sum(p)
1000000 :sum(w)
