400 :n
id p,w,x
--------------
0 100 36 1
1 7989 7937 1
2 68 50 1
3 2138 2102 1
4 2153 2064 1
5 2121 2056 1
6 2124 2077 1
7 79 6 1
8 76 39 1
9 4106 4031 1
10 2124 2077 1
11 4103 4045 1
12 22 12 1
13 2135 2067 1
14 7995 7949 1
15 76 7 1
16 4097 4024 1
17 33 23 1
18 2124 2106 1
19 2150 2125 1
20 59 4 1
21 2111 2082 1
22 4091 4018 1
23 90 58 1
24 4106 4033 1
25 2134 2113 1
26 8005 7944 1
27 4092 4045 1
28 4050 4011 1
29 4100 4075 1
30 4092 4050 1
31 4065 4040 1
32 4104 4058 1
33 4086 4033 1
34 2114 2100 1
35 4097 4019 1
36 2124 2075 1
37 4096 4029 1
38 4084 4031 1
39 4080 4050 1
40 4102 4041 1
41 2102 2087 1
42 8004 7915 1
43 2136 2090 1
44 87 36 1
45 82 63 1
46 30 1 1
47 83 1 1
48 2103 2067 1
49 7980 7950 1
50 15802 15776 1
51 15787 15737 1
52 62687 62601 1
53 7960 7915 1
54 7954 7917 1
55 31426 31370 1
56 7985 7960 1
57 31426 31365 1
58 62698 62610 1
59 15806 15749 1
60 7963 7925 1
61 15783 15737 1
62 2074 2063 1
63 4033 4012 1
64 7943 7920 1
65 7983 7956 1
66 31423 31371 1
67 31448 31394 1
68 31440 31391 1
69 4068 4055 1
70 8001 7982 1
71 31446 31371 1
72 8010 7973 1
73 15760 15734 1
74 7985 7969 1
75 7992 7949 1
76 4026 4015 1
77 31445 31391 1
78 2141 2132 1
79 8001 7978 1
80 15766 15740 1
81 15807 15765 1
82 15812 15777 1
83 15805 15737 1
84 4098 4080 1
85 10 7 1
86 47 45 1
87 2107 2100 1
88 2103 2099 1
89 2139 2135 1
90 15782 15759 1
91 62689 62608 1
92 7981 7971 1
93 62683 62605 1
94 4061 4056 1
95 15782 15764 1
96 2105 2061 1
97 62679 62607 1
98 7942 7919 1
99 15784 15766 0
100 7973 7964 0
101 31386 31351 0
102 15821 15810 0
103 2105 2119 0
104 37 58 0
105 31418 31384 0
106 15801 15784 0
107 62693 62627 0
108 31441 31408 0
109 2093 2091 1
110 15818 15803 1
111 62694 62638 0
112 7928 7921 0
113 7998 7991 0
114 62667 62619 0
115 15807 15795 0
116 15743 15732 0
117 2068 2067 0
118 2064 2065 0
119 2 5 0
120 62664 62627 0
121 125197 125159 0
122 62657 62631 0
123 62662 62656 0
124 125180 125110 0
125 125153 125140 0
126 125180 125182 0
127 125139 125110 0
128 125184 125186 0
129 125114 125120 0
130 62684 62676 0
131 62618 62615 0
132 125164 125104 0
133 62682 62670 0
134 125123 125107 0
135 125118 125124 0
136 125160 125134 0
137 62678 62659 0
138 125176 125176 0
139 125145 125150 0
140 125173 125119 0
141 125168 125165 0
142 125147 125104 0
143 125192 125196 0
144 125155 125118 0
145 62622 62617 0
146 125163 125116 0
147 250129 250143 0
148 62689 62660 0
149 250192 250139 0
150 250196 250157 0
151 62686 62666 0
152 250180 250151 0
153 250186 250131 0
154 250162 250117 0
155 125173 125153 0
156 250116 250101 0
157 250171 250143 0
158 250131 250108 0
159 250106 250107 0
160 250161 250138 0
161 250103 250107 0
162 250116 250102 0
163 250173 250163 0
164 31383 31371 0
165 31383 31375 0
166 250194 250188 0
167 250175 250178 0
168 31441 31422 0
169 31401 31386 0
170 250156 250150 0
171 250169 250122 0
172 31373 31374 0
173 250196 250110 0
174 250193 250176 0
175 31410 31410 0
176 250145 250144 0
177 250179 250193 0
178 250121 250131 0
179 250110 250114 0
180 250178 250145 0
181 250198 250118 0
182 31407 31386 0
183 250174 250137 0
184 250196 250102 0
185 500142 500158 0
186 500197 500119 0
187 31415 31400 0
188 500189 500146 0
189 31437 31430 0
190 500174 500103 0
191 500196 500125 0
192 500152 500103 0
193 31446 31434 0
194 7997 7992 0
195 500188 500113 0
196 500200 500126 0
197 500110 500109 0
198 500149 500155 0
199 500162 500168 0
200 15768 15766 0
201 500174 500156 0
202 15751 15750 0
203 500161 500101 0
204 500139 500133 0
205 500176 500157 0
206 500104 500138 0
207 500107 500129 0
208 500145 500124 0
209 500185 500103 0
210 500165 500171 0
211 500155 500139 0
212 500162 500187 0
213 500127 500118 0
214 15769 15759 0
215 500120 500112 0
216 500176 500165 0
217 15763 15758 0
218 500181 500182 0
219 15783 15776 0
220 500147 500139 0
221 500175 500107 0
222 15731 15731 0
223 500135 500137 0
224 500190 500123 0
225 15785 15778 0
226 125132 125132 0
227 125152 125156 0
228 125180 125161 0
229 125199 125132 0
230 125191 125104 0
231 15745 15784 0
232 15770 15823 0
233 15742 15748 0
234 15730 15785 0
235 15780 15808 0
236 15768 15825 0
237 15726 15738 0
238 15760 15821 0
239 7953 7963 0
240 15730 15746 0
241 15778 15795 0
242 7972 8004 0
243 15739 15781 0
244 7956 8005 0
245 500123 500164 0
246 7942 8010 0
247 31390 31449 0
248 7964 8004 0
249 31390 31445 0
250 7950 7983 0
251 31407 31426 0
252 31371 31447 0
253 31394 31441 0
254 7992 8010 0
255 31352 31434 0
256 7933 7996 0
257 31398 31417 0
258 31375 31401 0
259 7921 7974 0
260 31371 31385 0
261 31380 31424 0
262 7987 7988 0
263 31422 31445 0
264 7965 7989 0
265 31403 31425 0
266 7983 7989 0
267 7915 8001 0
268 7926 7990 0
269 31373 31397 0
270 31365 31388 0
271 7924 7999 0
272 7964 7998 0
273 31360 31437 0
274 31358 31421 0
275 7915 7946 0
276 31374 31427 0
277 7924 7973 0
278 31397 31421 0
279 31412 31428 0
280 4024 4069 0
281 4037 4067 0
282 4032 4033 0
283 4044 4065 0
284 4059 4074 0
285 31388 31406 0
286 4033 4103 0
287 4030 4037 0
288 4056 4078 0
289 62635 62685 0
290 62606 62659 0
291 62689 62697 0
292 4023 4056 0
293 62623 62697 0
294 4014 4071 0
295 62628 62700 0
296 62622 62669 0
297 62624 62669 0
298 4012 4049 0
299 62637 62697 0
300 62605 62622 0
301 4033 4072 0
302 4007 4056 0
303 4066 4077 0
304 62622 62641 0
305 62644 62693 0
306 62606 62642 0
307 62605 62699 0
308 62617 62640 0
309 4040 4042 0
310 62641 62660 0
311 62640 62648 0
312 62603 62679 0
313 4011 4039 0
314 62614 62673 0
315 62612 62634 0
316 4034 4051 0
317 62630 62680 0
318 4017 4078 0
319 62643 62700 0
320 62622 62648 0
321 125118 125138 0
322 125104 125195 0
323 125142 125195 0
324 2062 2153 0
325 125113 125190 0
326 125174 125194 0
327 125181 125195 0
328 125147 125190 0
329 2087 2139 0
330 2115 2147 0
331 2067 2087 0
332 2058 2111 0
333 2058 2064 0
334 125144 125171 0
335 125122 125149 0
336 2057 2140 0
337 2055 2093 0
338 125106 125146 0
339 125101 125153 0
340 2059 2137 0
341 125102 125167 0
342 125100 125111 0
343 2100 2108 0
344 125100 125197 0
345 2065 2110 0
346 2116 2137 0
347 125115 125182 0
348 250106 250181 0
349 15737 15760 0
350 250117 250166 0
351 250103 250144 0
352 2102 2109 0
353 250129 250177 0
354 2072 2089 0
355 250142 250169 0
356 2072 2125 0
357 15737 15798 0
358 250112 250178 0
359 31 59 0
360 2 6 0
361 250122 250149 0
362 250125 250146 0
363 250102 250159 0
364 250111 250179 0
365 25 60 0
366 17 78 0
367 12 40 0
368 38 60 0
369 250124 250155 0
370 49 83 0
371 250144 250191 0
372 38 66 0
373 24 66 0
374 63 68 0
375 500124 500189 0
376 500113 500188 0
377 10 24 0
378 3 33 0
379 78 98 0
380 6 63 0
381 500102 500152 0
382 12 89 0
383 3 79 0
384 500104 500159 0
385 500111 500177 0
386 53 79 0
387 15779 15811 0
388 500120 500187 0
389 38 61 0
390 500102 500194 0
391 1 75 0
392 500145 500192 0
393 36 92 0
394 41 65 0
395 27 100 0
396 500101 500195 0
397 15 100 0
398 15731 15802 0
399 15819 15825 0
--------------
1000000 :c
1004107 :sum(p)
999999 :sum(w)
