400 :n
id p,w,x
--------------
0 78 50 1
1 37 16 1
2 7979 7945 1
3 80 14 1
4 15805 15733 1
5 7985 7926 1
6 7998 7915 1
7 8000 7951 1
8 15809 15743 1
9 15809 15732 1
10 7988 7916 1
11 7979 7942 1
12 8009 7947 1
13 8009 7974 1
14 7983 7930 1
15 7994 7915 1
16 7970 7922 1
17 4058 4030 1
18 4095 4077 1
19 4077 4034 1
20 4082 4019 1
21 4101 4036 1
22 4051 4026 1
23 4060 4009 1
24 4077 4018 1
25 4047 4012 1
26 4097 4013 1
27 4058 4020 1
28 2105 2089 1
29 84 5 1
30 2105 2064 1
31 2145 2119 1
32 2134 2067 1
33 2136 2103 1
34 2143 2100 1
35 55 6 1
36 2135 2073 1
37 2131 2090 1
38 99 52 1
39 2084 2057 1
40 2108 2063 1
41 2108 2055 1
42 2115 2064 1
43 100 40 1
44 8005 7973 1
45 56 5 1
46 79 38 1
47 2089 2063 1
48 2143 2102 1
49 51 26 1
50 2151 2100 1
51 2143 2115 1
52 2117 2062 1
53 53 14 1
54 53 35 1
55 42 8 1
56 41 13 1
57 84 33 1
58 72 26 1
59 97 30 1
60 51 34 1
61 52 13 1
62 26 15 1
63 84 73 1
64 64 59 1
65 95 89 1
66 99 94 1
67 78 75 1
68 2137 2129 1
69 15787 15731 1
70 15797 15741 1
71 7973 7947 1
72 4052 4039 1
73 15779 15729 1
74 15819 15770 1
75 15778 15730 1
76 15825 15778 1
77 15799 15753 1
78 7975 7953 1
79 7935 7914 1
80 31439 31363 1
81 2136 2131 0
82 31434 31361 1
83 7965 7947 1
84 31430 31359 1
85 31435 31364 1
86 7981 7963 1
87 7968 7951 1
88 15801 15770 1
89 31410 31351 1
90 31420 31363 1
91 15803 15775 1
92 15817 15789 1
93 4027 4020 1
94 4086 4079 1
95 31435 31385 1
96 4013 4007 0
97 15775 15752 1
98 31428 31383 1
99 31443 31400 1
100 31430 31388 1
101 15772 15751 1
102 15787 15767 1
103 7956 7946 1
104 2114 2099 1
105 31427 31388 1
106 62699 62622 1
107 4089 4084 1
108 7969 7960 1
109 7991 7982 0
110 2146 2069 1
111 15745 15728 1
112 7924 7914 0
113 15793 15777 0
114 31411 31380 0
115 2120 2118 0
116 31445 31422 0
117 15804 15823 0
118 8 46 0
119 62683 62625 0
120 62659 62602 1
121 62696 62639 0
122 31392 31365 0
123 31393 31366 0
124 31411 31385 0
125 4085 4082 0
126 62654 62609 0
127 15801 15791 0
128 15787 15779 0
129 7983 7979 0
130 2078 2077 0
131 15770 15763 0
132 4041 4040 0
133 15755 15753 0
134 2062 2062 0
135 7979 7982 0
136 7955 7960 0
137 4074 4077 0
138 4068 4071 0
139 4020 4024 0
140 4088 4093 0
141 2125 2129 0
142 4011 4020 0
143 4016 4027 0
144 2086 2092 0
145 2089 2096 0
146 2085 2094 0
147 2117 2130 0
148 84 87 0
149 87 91 0
150 35 42 0
151 40 48 0
152 56 72 0
153 62696 62699 0
154 62620 62605 0
155 500150 500130 0
156 62685 62689 0
157 62667 62656 0
158 62649 62650 0
159 500140 500127 0
160 31397 31398 0
161 500192 500173 0
162 500180 500158 0
163 250175 250159 0
164 500183 500181 0
165 62618 62620 0
166 500116 500117 0
167 62639 62640 0
168 250174 250108 0
169 500122 500153 0
170 62650 62643 0
171 62624 62616 0
172 250181 250106 0
173 125147 125111 0
174 125174 125176 0
175 500114 500112 0
176 250193 250116 0
177 250172 250119 0
178 250193 250198 0
179 125127 125136 0
180 250181 250195 0
181 125174 125178 0
182 250140 250120 0
183 500183 500154 0
184 31387 31379 0
185 250136 250127 0
186 31416 31412 0
187 500139 500158 0
188 250171 250181 0
189 125154 125139 0
190 31368 31363 0
191 500195 500173 0
192 500126 500140 0
193 250138 250137 0
194 125194 125173 0
195 500124 500146 0
196 500118 500149 0
197 125167 125130 0
198 500185 500188 0
199 500174 500184 0
200 250108 250102 0
201 125121 125117 0
202 250166 250104 0
203 250169 250170 0
204 250165 250154 0
205 500138 500101 0
206 125179 125180 0
207 500130 500143 0
208 500105 500127 0
209 125144 125113 0
210 125140 125134 0
211 500153 500147 0
212 250165 250116 0
213 125164 125157 0
214 500112 500149 0
215 500168 500153 0
216 500114 500107 0
217 250162 250134 0
218 125122 125114 0
219 500198 500161 0
220 125145 125117 0
221 125149 125136 0
222 250183 250196 0
223 250157 250157 0
224 500128 500144 0
225 125186 125172 0
226 125131 125137 0
227 500162 500116 0
228 500109 500120 0
229 250126 250138 0
230 250123 250119 0
231 500176 500108 0
232 250120 250138 0
233 500132 500117 0
234 500102 500113 0
235 250194 250138 0
236 250160 250176 0
237 250191 250184 0
238 250146 250139 0
239 250146 250154 0
240 250163 250157 0
241 250139 250125 0
242 500190 500158 0
243 62623 62607 0
244 500162 500143 0
245 500171 500188 0
246 62693 62655 0
247 62653 62628 0
248 62643 62620 0
249 125193 125107 0
250 125173 125111 0
251 125164 125110 0
252 250192 250104 0
253 62645 62624 0
254 62669 62646 0
255 31439 31429 0
256 125188 125111 0
257 125180 125108 0
258 250192 250114 0
259 62676 62656 0
260 500152 500186 0
261 500181 500133 0
262 500177 500166 0
263 62686 62670 0
264 15790 15803 0
265 15751 15783 0
266 15735 15808 0
267 15757 15773 0
268 15760 15813 0
269 7944 7961 0
270 7919 7951 0
271 15800 15819 0
272 15784 15805 0
273 15753 15798 0
274 7965 8002 0
275 7922 7942 0
276 15791 15794 0
277 500159 500198 0
278 7930 7953 0
279 4021 4068 0
280 31356 31393 0
281 7950 7975 0
282 31410 31432 0
283 4075 4089 0
284 31376 31442 0
285 4014 4035 0
286 31371 31411 0
287 31382 31445 0
288 4046 4071 0
289 7968 8001 0
290 4053 4105 0
291 31384 31395 0
292 4053 4103 0
293 31372 31443 0
294 4028 4041 0
295 4054 4092 0
296 15735 15780 0
297 31385 31409 0
298 4077 4095 0
299 31391 31441 0
300 31394 31423 0
301 31409 31442 0
302 31379 31427 0
303 7931 8007 0
304 31372 31437 0
305 31366 31441 0
306 4028 4052 0
307 4025 4072 0
308 15744 15802 0
309 31418 31435 0
310 4054 4091 0
311 31367 31403 0
312 4036 4078 0
313 31371 31442 0
314 15791 15794 0
315 4027 4041 0
316 4026 4078 0
317 4065 4082 0
318 31440 31446 0
319 2078 2147 0
320 7980 7989 0
321 31389 31406 0
322 62639 62675 0
323 62643 62667 0
324 62618 62627 0
325 62619 62636 0
326 62619 62624 0
327 2054 2072 0
328 2080 2118 0
329 62651 62687 0
330 2081 2140 0
331 15747 15805 0
332 62611 62663 0
333 62612 62666 0
334 62607 62694 0
335 2074 2142 0
336 62649 62664 0
337 2064 2096 0
338 2079 2122 0
339 62618 62667 0
340 62623 62651 0
341 62609 62642 0
342 62621 62671 0
343 2082 2122 0
344 2073 2119 0
345 2117 2146 0
346 62642 62693 0
347 7914 7972 0
348 15728 15805 0
349 62639 62685 0
350 62616 62633 0
351 7929 7945 0
352 2077 2139 0
353 62635 62678 0
354 125142 125158 0
355 125127 125192 0
356 125147 125159 0
357 125184 125197 0
358 125155 125198 0
359 125125 125182 0
360 125104 125198 0
361 7927 7982 0
362 125122 125179 0
363 125115 125185 0
364 15730 15773 0
365 15741 15806 0
366 125125 125160 0
367 7 98 0
368 125101 125127 0
369 125124 125179 0
370 125100 125197 0
371 125127 125190 0
372 26 79 0
373 125181 125192 0
374 15 52 0
375 125155 125198 0
376 27 68 0
377 15 46 0
378 11 78 0
379 125144 125163 0
380 15767 15825 0
381 125115 125194 0
382 30 80 0
383 7971 8007 0
384 250105 250157 0
385 250120 250191 0
386 250153 250184 0
387 7 37 0
388 250104 250152 0
389 250154 250198 0
390 250129 250155 0
391 250151 250174 0
392 250153 250184 0
393 10 29 0
394 250105 250174 0
395 500134 500183 0
396 500121 500186 0
397 500114 500178 0
398 7946 7989 0
399 7951 8008 0
--------------
1000000 :c
1004473 :sum(p)
1000000 :sum(w)
