400 :n
id p,w,x
--------------
0 65 1 1
1 77 3 1
2 67 5 1
3 37 12 1
4 59 21 1
5 33 12 1
6 94 37 1
7 45 20 1
8 65 30 1
9 100 62 1
10 83 55 1
11 84 63 1
12 56 48 1
13 60 55 1
14 70 67 1
15 2150 2071 1
16 2141 2077 1
17 2123 2064 1
18 2136 2086 1
19 2114 2068 1
20 2126 2080 1
21 2105 2064 1
22 4085 4010 1
23 4098 4026 1
24 2114 2080 1
25 2123 2089 1
26 4096 4038 1
27 76 75 1
28 4080 4030 1
29 84 83 1
30 4089 4044 1
31 4083 4039 1
32 2139 2117 1
33 4100 4059 1
34 8005 7927 1
35 7994 7919 1
36 2078 2059 1
37 8005 7933 1
38 4048 4012 1
39 8006 7940 1
40 4104 4072 1
41 4063 4034 1
42 2142 2127 1
43 7997 7944 1
44 7973 7921 1
45 4069 4043 1
46 4041 4016 1
47 4073 4049 1
48 2086 2076 1
49 4057 4039 1
50 15823 15759 1
51 7992 7964 1
52 15823 15768 1
53 15800 15746 1
54 15792 15740 1
55 15807 15758 1
56 15821 15772 1
57 31444 31355 1
58 7995 7974 1
59 7986 7966 1
60 15783 15744 1
61 4050 4040 1
62 31434 31358 1
63 2112 2107 1
64 7981 7963 1
65 7983 7965 1
66 4070 4061 1
67 15820 15788 1
68 31416 31355 1
69 15774 15745 1
70 7960 7946 1
71 4078 4071 1
72 15771 15744 1
73 31445 31393 1
74 15767 15735 1
75 2132 2129 1
76 31427 31383 1
77 15771 15749 1
78 2153 2150 1
79 31448 31406 1
80 81 52 1
81 62691 62620 1
82 31445 31410 1
83 31441 31407 1
84 62700 62637 1
85 15790 15775 1
86 15825 15810 1
87 31440 31416 1
88 15796 15784 1
89 4042 4036 1
90 62667 62601 1
91 31391 31354 1
92 7997 7991 1
93 62669 62622 0
94 31411 31389 1
95 31443 31439 0
96 31430 31425 0
97 62680 62656 0
98 31380 31359 0
99 7926 7922 0
100 7940 7936 1
101 125184 125104 0
102 4074 4092 0
103 125195 125129 0
104 62680 62639 0
105 125197 125115 0
106 62631 62603 0
107 62697 62671 0
108 125164 125114 0
109 62643 62619 0
110 62652 62628 0
111 62665 62641 0
112 7955 7960 0
113 62669 62626 0
114 15749 15743 0
115 125182 125135 0
116 125189 125142 0
117 8003 8000 1
118 125178 125132 0
119 250196 250108 0
120 250192 250115 0
121 62665 62648 0
122 125184 125151 0
123 250197 250133 0
124 250168 250107 0
125 62670 62655 0
126 31423 31417 0
127 125175 125153 0
128 500199 500115 0
129 250142 250103 0
130 250191 250154 0
131 62673 62664 0
132 250171 250138 0
133 7971 7970 0
134 500196 500138 0
135 500192 500135 0
136 250170 250142 0
137 500156 500102 0
138 250126 250102 0
139 500182 500136 0
140 500196 500150 0
141 31364 31363 0
142 31379 31378 0
143 15784 15784 0
144 71 71 0
145 7936 7936 0
146 2078 2078 0
147 7984 7984 0
148 7935 7936 0
149 15774 15779 0
150 15739 15745 0
151 15798 15805 0
152 2144 2145 1
153 2122 2123 1
154 7995 7999 0
155 7937 7941 0
156 15812 15822 0
157 4018 4021 0
158 15736 15748 0
159 15761 15774 0
160 7997 8004 0
161 2055 2057 0
162 4008 4012 0
163 7929 7942 0
164 2056 2060 0
165 7954 7971 0
166 7917 7934 0
167 4068 4077 0
168 4012 4021 0
169 4022 4032 0
170 4050 4061 0
171 4014 4025 0
172 4009 4020 0
173 2099 2105 0
174 2135 2143 0
175 2070 2078 0
176 4053 4070 0
177 4009 4026 0
178 4058 4077 0
179 4014 4035 0
180 2128 2141 0
181 2133 2153 0
182 2099 2121 0
183 52 55 0
184 72 78 1
185 70 76 0
186 80 90 0
187 44 50 0
188 28 32 0
189 85 98 0
190 22 26 0
191 56 73 0
192 23 30 0
193 51 69 0
194 53 78 0
195 7 11 0
196 19 30 0
197 10 25 0
198 500131 500142 0
199 125102 125119 0
200 250120 250177 0
201 500150 500184 0
202 31412 31417 0
203 250106 250123 0
204 31408 31412 0
205 250138 250159 0
206 125119 125132 0
207 31405 31410 0
208 500121 500184 0
209 250115 250143 0
210 500121 500152 0
211 250104 250128 0
212 500125 500167 0
213 250157 250198 0
214 62656 62666 0
215 125123 125151 0
216 500115 500157 0
217 62633 62646 0
218 250122 250139 0
219 250117 250142 0
220 500124 500184 0
221 62648 62659 0
222 500125 500187 0
223 250124 250162 0
224 500102 500173 0
225 62681 62693 0
226 62680 62688 0
227 125145 125153 0
228 125170 125199 0
229 125135 125147 0
230 125157 125167 0
231 125124 125148 0
232 125159 125173 0
233 500101 500161 0
234 125143 125159 0
235 125127 125158 0
236 250160 250198 0
237 250126 250181 0
238 125128 125143 0
239 125136 125145 0
240 250172 250190 0
241 250154 250190 0
242 125119 125145 0
243 250118 250156 0
244 250136 250139 0
245 500118 500124 0
246 500178 500142 0
247 500172 500136 0
248 250183 250167 0
249 250186 250175 0
250 500141 500124 0
251 125155 125145 0
252 250156 250150 0
253 500188 500153 0
254 500121 500103 0
255 500161 500147 0
256 500158 500157 0
257 500143 500173 0
258 500124 500103 0
259 500170 500186 0
260 500137 500137 0
261 500167 500152 0
262 500141 500148 0
263 250103 250108 0
264 500177 500179 0
265 125189 125178 0
266 125156 125152 0
267 500113 500105 0
268 500142 500130 0
269 500125 500147 0
270 250160 250171 0
271 500179 500170 0
272 250198 250184 0
273 500156 500153 0
274 125186 125176 0
275 250166 250178 0
276 500125 500133 0
277 125140 125140 0
278 500156 500140 0
279 250188 250165 0
280 250114 250110 0
281 250135 250141 0
282 125154 125147 0
283 500158 500186 0
284 250175 250166 0
285 250187 250192 0
286 125132 125138 0
287 250117 250118 0
288 62629 62627 0
289 250109 250101 0
290 500118 500130 0
291 62611 62613 0
292 250134 250147 0
293 31410 31422 0
294 31352 31409 0
295 31401 31418 0
296 4040 4075 0
297 4017 4053 0
298 125132 125168 0
299 125125 125157 0
300 4025 4073 0
301 4007 4062 0
302 4022 4079 0
303 31356 31411 0
304 250128 250190 0
305 15731 15780 0
306 31408 31439 0
307 4016 4067 0
308 31384 31422 0
309 31353 31411 0
310 31411 31437 0
311 31390 31417 0
312 31423 31448 0
313 15783 15809 0
314 4022 4106 0
315 31417 31434 0
316 4013 4096 0
317 4029 4090 0
318 7926 7960 0
319 15736 15793 0
320 31410 31439 0
321 31408 31435 0
322 31371 31444 0
323 15730 15812 0
324 15795 15823 0
325 31377 31394 0
326 7932 7981 0
327 31366 31405 0
328 31394 31406 0
329 2054 2091 0
330 2067 2104 0
331 15754 15777 0
332 2056 2122 0
333 2065 2137 0
334 15766 15782 0
335 31377 31408 0
336 7951 7989 0
337 31372 31449 0
338 31398 31440 0
339 2059 2096 0
340 2097 2142 0
341 62660 62680 0
342 7941 7978 0
343 2076 2150 0
344 2105 2141 0
345 2096 2153 0
346 62636 62654 0
347 2070 2111 0
348 62613 62630 0
349 2124 2150 0
350 62602 62695 0
351 7940 7990 0
352 62609 62698 0
353 62641 62686 0
354 2077 2131 0
355 62608 62647 0
356 62669 62690 0
357 15787 15811 0
358 2083 2132 0
359 62616 62674 0
360 7975 8009 0
361 62614 62680 0
362 62623 62654 0
363 15756 15811 0
364 62637 62685 0
365 62626 62680 0
366 15752 15803 0
367 62602 62660 0
368 62621 62651 0
369 7956 7997 0
370 42 90 0
371 7935 7970 0
372 7936 7973 0
373 62645 62661 0
374 62645 62678 0
375 58 87 0
376 7951 7997 0
377 62602 62653 0
378 15759 15782 0
379 18 92 0
380 125111 125197 0
381 125113 125172 0
382 125105 125136 0
383 15741 15770 0
384 125103 125152 0
385 125108 125143 0
386 15767 15813 0
387 125119 125151 0
388 15740 15771 0
389 7946 8003 0
390 7966 8010 0
391 125116 125178 0
392 4 97 0
393 15737 15751 0
394 25 80 0
395 19 74 0
396 15748 15823 0
397 125102 125191 0
398 7973 8006 0
399 15741 15796 0
--------------
1000000 :c
1003454 :sum(p)
1000000 :sum(w)
