400 :n
id p,w,x
--------------
0 2152 2096 1
1 2149 2082 1
2 2138 2061 1
3 2127 2068 1
4 2109 2054 1
5 73 30 1
6 4091 4014 1
7 4098 4027 1
8 2152 2082 1
9 4087 4022 1
10 4105 4055 1
11 2151 2081 1
12 4057 4008 1
13 4063 4012 1
14 4093 4013 1
15 4106 4055 1
16 4088 4010 1
17 2143 2057 1
18 86 31 1
19 61 16 1
20 93 13 1
21 89 22 1
22 7986 7927 1
23 8003 7939 1
24 7988 7914 1
25 8008 7929 1
26 7986 7923 1
27 15798 15729 1
28 15818 15732 1
29 15794 15729 1
30 7979 7923 1
31 7980 7913 1
32 7987 7927 1
33 20 1 1
34 41 3 1
35 50 8 1
36 64 28 1
37 70 34 1
38 29 15 1
39 47 25 1
40 88 50 1
41 12 8 1
42 74 50 1
43 73 51 1
44 48 34 1
45 75 61 1
46 97 83 1
47 64 55 1
48 87 78 1
49 69 64 1
50 43 40 1
51 65 63 1
52 2114 2079 1
53 2143 2119 1
54 4055 4010 1
55 2129 2106 1
56 2102 2080 1
57 2110 2088 1
58 4091 4049 1
59 4099 4058 1
60 2141 2120 1
61 2145 2124 1
62 2087 2067 1
63 4072 4034 1
64 4056 4021 1
65 2064 2059 1
66 2098 2082 1
67 2094 2079 1
68 2099 2084 1
69 2117 2102 1
70 4073 4045 1
71 7972 7921 1
72 4044 4019 1
73 4082 4057 1
74 4092 4067 1
75 8011 7963 1
76 4062 4040 1
77 2134 2123 1
78 8006 7967 1
79 4040 4021 1
80 2141 2131 1
81 8002 7969 1
82 15780 15726 1
83 2065 2058 1
84 15775 15727 1
85 15786 15738 1
86 4072 4060 1
87 15792 15750 1
88 15779 15740 1
89 15789 15753 1
90 7935 7917 1
91 7993 7975 1
92 7995 7977 1
93 7995 7978 1
94 31439 31375 1
95 15814 15782 1
96 15797 15766 1
97 87 68 1
98 62659 62603 1
99 31441 31382 1
100 15759 15731 1
101 7935 7921 1
102 7944 7931 1
103 7968 7955 1
104 15783 15758 1
105 15787 15758 1
106 62675 62601 1
107 31417 31378 1
108 62700 62623 1
109 15757 15738 1
110 62657 62602 1
111 4088 4082 1
112 2058 2055 1
113 7990 7982 1
114 4081 4077 1
115 7955 7948 1
116 2112 2095 1
117 31397 31363 1
118 31385 31358 1
119 62686 62637 0
120 62699 62651 0
121 62697 62670 0
122 31448 31446 0
123 125116 125116 0
124 15803 15791 1
125 62675 62629 0
126 7989 7984 1
127 15801 15793 1
128 62687 62646 0
129 62676 62633 0
130 125190 125107 0
131 125164 125101 0
132 31402 31387 0
133 31385 31371 0
134 125190 125135 0
135 125194 125139 0
136 500101 500198 0
137 125187 125135 0
138 62651 62625 0
139 31421 31409 0
140 125189 125144 0
141 62681 62662 0
142 250178 250105 0
143 62628 62610 0
144 31419 31410 0
145 62667 62651 0
146 125152 125122 0
147 250167 250116 0
148 125174 125152 0
149 62663 62652 0
150 125126 125105 0
151 125196 125175 0
152 250196 250155 0
153 250199 250160 0
154 62625 62616 0
155 500187 500118 0
156 125118 125101 0
157 125166 125149 0
158 62689 62681 0
159 7928 7927 0
160 500177 500114 0
161 125176 125161 0
162 125125 125111 0
163 125177 125163 0
164 250176 250149 0
165 500179 500129 0
166 31368 31365 0
167 31400 31397 0
168 250156 250133 0
169 500157 500116 0
170 250180 250160 0
171 125139 125129 0
172 500171 500134 0
173 125189 125180 0
174 500148 500113 0
175 500183 500149 0
176 250134 250117 0
177 500172 500142 0
178 500174 500148 0
179 250161 250148 0
180 250179 250167 0
181 62682 62679 0
182 500177 500159 0
183 500138 500121 0
184 500195 500180 0
185 125180 125177 0
186 250160 250155 0
187 250115 250111 0
188 500199 500192 0
189 500183 500177 0
190 500162 500158 0
191 250136 250134 0
192 250141 250139 0
193 500174 500171 0
194 250136 250135 0
195 250166 250165 0
196 62633 62604 0
197 125181 125125 0
198 31401 31401 0
199 250128 250128 0
200 62601 62601 0
201 62634 62634 0
202 500108 500110 0
203 125120 125121 0
204 125100 125101 0
205 250168 250171 0
206 500114 500120 0
207 125120 125122 0
208 250190 250194 0
209 250162 250167 0
210 500153 500164 0
211 500112 500123 0
212 500104 500118 0
213 500135 500150 0
214 500114 500129 0
215 62633 62635 0
216 250151 250159 0
217 250101 250110 0
218 500148 500166 0
219 500161 500180 0
220 250155 250165 0
221 500153 500173 0
222 250150 250161 0
223 500167 500189 0
224 500128 500151 0
225 250147 250161 0
226 500161 500190 0
227 250175 250190 0
228 500134 500165 0
229 15796 15797 0
230 15791 15792 0
231 31356 31358 0
232 125164 125172 0
233 125140 125148 0
234 250120 250137 0
235 500161 500195 0
236 500127 500161 0
237 62607 62612 0
238 250143 250163 0
239 500106 500148 0
240 500143 500189 0
241 250176 250200 0
242 500130 500179 0
243 62681 62688 0
244 62675 62682 0
245 15787 15789 0
246 15774 15776 0
247 15767 15769 0
248 31429 31433 0
249 125173 125189 0
250 500116 500182 0
251 250115 250149 0
252 250106 250141 0
253 500115 500193 0
254 31393 31398 0
255 250148 250188 0
256 250140 250181 0
257 250149 250192 0
258 62633 62644 0
259 500102 500190 0
260 500110 500199 0
261 250151 250198 0
262 31392 31398 0
263 31373 31379 0
264 62671 62683 0
265 125126 125150 0
266 250114 250164 0
267 62667 62680 0
268 62609 62622 0
269 31433 31440 0
270 125156 125185 0
271 125150 125179 0
272 125123 125154 0
273 15763 15767 0
274 62614 62630 0
275 250108 250172 0
276 250118 250183 0
277 31388 31397 0
278 125159 125195 0
279 125101 125137 0
280 125121 125158 0
281 125105 125142 0
282 125152 125190 0
283 250120 250197 0
284 15769 15774 0
285 15765 15770 0
286 125154 125197 0
287 7993 7996 0
288 125134 125181 0
289 31427 31439 0
290 250101 250200 0
291 62627 62652 0
292 2144 2145 1
293 2057 2058 0
294 31389 31406 0
295 62611 62645 0
296 125114 125184 0
297 62616 62653 0
298 125104 125191 0
299 31355 31377 0
300 62644 62688 0
301 125109 125197 0
302 4060 4063 0
303 7983 7989 0
304 7936 7942 0
305 62616 62667 0
306 62632 62686 0
307 62610 62664 0
308 8003 8010 0
309 7993 8000 0
310 31421 31449 0
311 31365 31393 0
312 15761 15776 0
313 62626 62686 0
314 7918 7926 0
315 31395 31427 0
316 62611 62675 0
317 4076 4081 0
318 15746 15766 0
319 31407 31447 0
320 62614 62695 0
321 31384 31425 0
322 31367 31408 0
323 15739 15760 0
324 31386 31428 0
325 7990 8001 0
326 31379 31424 0
327 15786 15809 0
328 15764 15788 0
329 15732 15757 0
330 31358 31408 0
331 31380 31433 0
332 15730 15757 0
333 31376 31430 0
334 4039 4046 0
335 31359 31414 0
336 15794 15823 0
337 31360 31422 0
338 31360 31422 0
339 31375 31442 0
340 15730 15767 0
341 2124 2129 0
342 31359 31435 0
343 31368 31445 0
344 15747 15787 0
345 7969 7990 0
346 2066 2072 0
347 15753 15803 0
348 7951 7979 0
349 15728 15786 0
350 4012 4031 0
351 7927 7967 0
352 7964 8005 0
353 7955 7996 0
354 15727 15809 0
355 7928 7971 0
356 4083 4106 0
357 15734 15823 0
358 15729 15820 0
359 7938 7986 0
360 2091 2106 0
361 4070 4100 0
362 4066 4096 0
363 4017 4048 0
364 4059 4092 0
365 2055 2072 0
366 4058 4094 0
367 7940 8012 0
368 7935 8008 0
369 4041 4079 0
370 4060 4101 0
371 2101 2123 0
372 2110 2135 0
373 4013 4062 0
374 7913 8010 0
375 4041 4096 0
376 2112 2143 0
377 4031 4098 0
378 4017 4090 0
379 2059 2097 0
380 2067 2108 0
381 4020 4106 0
382 2097 2152 0
383 2089 2150 0
384 2062 2129 0
385 20 21 1
386 78 86 0
387 84 96 0
388 32 42 0
389 23 35 0
390 23 38 0
391 29 52 0
392 40 73 0
393 32 98 0
394 19 67 0
395 16 73 0
396 10 91 0
397 6 76 0
398 5 73 0
399 2 43 0
--------------
1000000 :c
1004427 :sum(p)
999994 :sum(w)
