400 :n
id p,w,x
--------------
0 2138 2071 1
1 2147 2131 1
2 2118 2073 1
3 4082 4012 1
4 4091 4069 1
5 48 34 1
6 2082 2065 1
7 4065 4025 1
8 7993 7930 1
9 4105 4070 1
10 2120 2087 1
11 2132 2104 1
12 8005 7932 1
13 7993 7931 1
14 7980 7927 1
15 4076 4028 1
16 57 9 1
17 2113 2054 1
18 4065 4046 1
19 4082 4029 1
20 2108 2059 1
21 15824 15755 1
22 70 28 1
23 4069 4011 1
24 7976 7934 1
25 2113 2071 1
26 68 35 1
27 4062 4029 1
28 4106 4086 1
29 2108 2077 1
30 7985 7930 1
31 95 36 1
32 2136 2084 1
33 4105 4022 1
34 4104 4017 1
35 2109 2065 1
36 2130 2069 1
37 94 53 1
38 2115 2070 1
39 66 41 1
40 8002 7924 1
41 80 48 1
42 4083 4050 1
43 4068 4037 1
44 4096 4063 1
45 64 25 1
46 7999 7936 1
47 25 16 1
48 17 12 1
49 38 29 1
50 10 8 1
51 55 45 1
52 6 5 1
53 95 82 1
54 70 62 1
55 19 17 0
56 74 69 1
57 2076 2061 1
58 2146 2131 1
59 2075 2065 1
60 2123 2113 1
61 2091 2082 1
62 4055 4039 1
63 7951 7920 1
64 2063 2055 1
65 2074 2066 1
66 7996 7967 1
67 7963 7936 1
68 15781 15731 1
69 15805 15757 1
70 31445 31352 1
71 4080 4068 1
72 7949 7926 1
73 7968 7945 1
74 8005 7982 1
75 31442 31356 1
76 31448 31366 1
77 7965 7945 1
78 7969 7949 1
79 31434 31359 1
80 7978 7960 1
81 31449 31379 1
82 7952 7935 1
83 15805 15772 1
84 15815 15785 1
85 31448 31390 1
86 15788 15760 1
87 31393 31353 1
88 31401 31363 1
89 31404 31366 1
90 62680 62610 1
91 4039 4014 1
92 31448 31416 1
93 31418 31387 1
94 62687 62629 1
95 62657 62605 1
96 15809 15797 1
97 2087 2061 1
98 15747 15726 1
99 31421 31390 1
100 62676 62629 0
101 62669 62623 0
102 62699 62669 0
103 31447 31432 0
104 48 58 0
105 4097 4094 1
106 62693 62648 0
107 125193 125104 0
108 31374 31352 0
109 15788 15777 1
110 31435 31419 0
111 125189 125102 0
112 15801 15791 0
113 7967 7962 1
114 62671 62633 0
115 125189 125118 0
116 62670 62636 0
117 15774 15766 1
118 7944 7940 0
119 62659 62628 0
120 31379 31364 0
121 125166 125108 0
122 62670 62641 0
123 62679 62651 0
124 125160 125108 0
125 62679 62654 0
126 7945 7942 0
127 62630 62607 0
128 125165 125120 0
129 62624 62602 0
130 15821 15816 0
131 125147 125113 0
132 125153 125121 0
133 15800 15796 0
134 250167 250104 0
135 4021 4020 1
136 31400 31393 0
137 62657 62644 0
138 31423 31417 0
139 15780 15777 0
140 7985 7984 0
141 15757 15757 0
142 4095 4095 0
143 7979 7980 0
144 4011 4013 0
145 7983 7988 0
146 7951 7956 0
147 4065 4068 0
148 7981 7988 0
149 2070 2072 0
150 4039 4044 0
151 2079 2082 0
152 2055 2058 0
153 4028 4034 0
154 92 95 0
155 59 62 0
156 21 26 0
157 9 14 0
158 250196 250187 0
159 250194 250151 0
160 250171 250141 0
161 250194 250153 0
162 250167 250156 0
163 250141 250122 0
164 250196 250172 0
165 125145 125140 0
166 250128 250129 0
167 250142 250134 0
168 250187 250180 0
169 250164 250161 0
170 250184 250151 0
171 250153 250140 0
172 250192 250175 0
173 250164 250120 0
174 250190 250178 0
175 500133 500114 0
176 500197 500102 0
177 500140 500153 0
178 500198 500168 0
179 500182 500154 0
180 500129 500143 0
181 500130 500139 0
182 500103 500110 0
183 500185 500189 0
184 500187 500159 0
185 500195 500105 0
186 31381 31382 0
187 500190 500194 0
188 500177 500127 0
189 500184 500149 0
190 500188 500107 0
191 500149 500120 0
192 500148 500125 0
193 500178 500147 0
194 500119 500126 0
195 500125 500128 0
196 500147 500143 0
197 500162 500128 0
198 500124 500119 0
199 62648 62639 0
200 500158 500107 0
201 500189 500166 0
202 125189 125193 0
203 62663 62662 0
204 125139 125123 0
205 250188 250140 0
206 125172 125152 0
207 125119 125109 0
208 125198 125192 0
209 62665 62659 0
210 125143 125130 0
211 125119 125113 0
212 125123 125122 0
213 125135 125136 0
214 125108 125105 0
215 125136 125113 0
216 125190 125186 0
217 125107 125104 0
218 250159 250160 0
219 250189 250163 0
220 15730 15789 0
221 15757 15808 0
222 15811 15825 0
223 31397 31419 0
224 15780 15811 0
225 31377 31430 0
226 15760 15825 0
227 31409 31420 0
228 15731 15809 0
229 15740 15789 0
230 15733 15740 0
231 15736 15785 0
232 15801 15816 0
233 15729 15813 0
234 15766 15788 0
235 15729 15778 0
236 31380 31444 0
237 15738 15775 0
238 31375 31396 0
239 31390 31404 0
240 31369 31413 0
241 7944 8010 0
242 7931 7993 0
243 31400 31428 0
244 7916 7949 0
245 31432 31442 0
246 31401 31435 0
247 31370 31372 0
248 7918 7969 0
249 31384 31447 0
250 31382 31410 0
251 15744 15807 0
252 31361 31408 0
253 31386 31445 0
254 31391 31439 0
255 7924 7997 0
256 7971 7997 0
257 31410 31413 0
258 62648 62680 0
259 7966 8011 0
260 7937 7996 0
261 7934 8004 0
262 62611 62700 0
263 62659 62697 0
264 31384 31431 0
265 62605 62635 0
266 62609 62686 0
267 62623 62652 0
268 31369 31391 0
269 62632 62641 0
270 62669 62684 0
271 7944 7971 0
272 7919 7930 0
273 62658 62670 0
274 7923 7950 0
275 7968 8005 0
276 62632 62699 0
277 7933 8001 0
278 62622 62653 0
279 4023 4076 0
280 62632 62661 0
281 4018 4073 0
282 4060 4085 0
283 4008 4072 0
284 62614 62675 0
285 62604 62648 0
286 62606 62678 0
287 62620 62656 0
288 62629 62695 0
289 4075 4100 0
290 15734 15809 0
291 4013 4064 0
292 4043 4061 0
293 15743 15800 0
294 62613 62677 0
295 62615 62668 0
296 4040 4094 0
297 62610 62673 0
298 4018 4055 0
299 62620 62700 0
300 15774 15793 0
301 125121 125171 0
302 4037 4054 0
303 125103 125154 0
304 4010 4093 0
305 125111 125130 0
306 125139 125155 0
307 125112 125162 0
308 125134 125173 0
309 4037 4092 0
310 125128 125172 0
311 4072 4093 0
312 31381 31408 0
313 125104 125147 0
314 125104 125154 0
315 4051 4076 0
316 125183 125195 0
317 125142 125189 0
318 4051 4079 0
319 2064 2141 0
320 2062 2108 0
321 125115 125183 0
322 125144 125164 0
323 125150 125183 0
324 2062 2112 0
325 2071 2127 0
326 125176 125199 0
327 2087 2123 0
328 125145 125167 0
329 2078 2122 0
330 125118 125127 0
331 2091 2151 0
332 2102 2150 0
333 125118 125126 0
334 2078 2133 0
335 15733 15780 0
336 250125 250181 0
337 250153 250177 0
338 15753 15773 0
339 250143 250186 0
340 250112 250161 0
341 250179 250188 0
342 250104 250179 0
343 250128 250174 0
344 250151 250166 0
345 250108 250161 0
346 2070 2104 0
347 2098 2122 0
348 2076 2144 0
349 250106 250125 0
350 2056 2096 0
351 250118 250164 0
352 2094 2114 0
353 250126 250186 0
354 15753 15805 0
355 2110 2128 0
356 250122 250177 0
357 250118 250148 0
358 250113 250147 0
359 250101 250143 0
360 11 42 0
361 250129 250140 0
362 44 96 0
363 3 88 0
364 250171 250191 0
365 250141 250155 0
366 250119 250183 0
367 55 100 0
368 32 86 0
369 500105 500169 0
370 3 31 0
371 31408 31435 0
372 500118 500162 0
373 4 80 0
374 500109 500148 0
375 500102 500121 0
376 11 54 0
377 500139 500187 0
378 500144 500160 0
379 28 78 0
380 9 49 0
381 500103 500139 0
382 500102 500185 0
383 59 75 0
384 24 43 0
385 500131 500181 0
386 22 84 0
387 500104 500163 0
388 500124 500186 0
389 500117 500153 0
390 500132 500194 0
391 44 64 0
392 500151 500183 0
393 32 66 0
394 33 92 0
395 15751 15803 0
396 15761 15806 0
397 500117 500198 0
398 15745 15809 0
399 15746 15823 0
--------------
1000000 :c
1003694 :sum(p)
999998 :sum(w)
