400 :n
id p,w,x
--------------
0 73 52 1
1 2136 2079 1
2 98 27 1
3 99 79 1
4 64 29 1
5 79 33 1
6 96 34 1
7 2151 2074 1
8 2151 2056 1
9 2145 2076 1
10 98 63 1
11 96 5 1
12 2150 2092 1
13 95 22 1
14 4106 4008 1
15 77 4 1
16 99 72 1
17 61 11 1
18 82 37 1
19 2098 2059 1
20 96 86 1
21 48 31 1
22 2147 2073 1
23 71 9 1
24 35 2 1
25 64 17 1
26 2145 2072 1
27 4084 4011 1
28 99 35 1
29 2139 2055 1
30 2102 2054 1
31 2151 2104 1
32 4086 4062 1
33 4057 4028 1
34 8005 7948 1
35 4084 4058 1
36 7996 7934 1
37 4060 4034 1
38 4100 4033 1
39 4035 4010 1
40 4081 4055 1
41 2084 2056 1
42 4104 4058 1
43 4106 4043 1
44 8007 7935 1
45 8002 7955 1
46 2118 2096 1
47 2096 2069 1
48 4079 4026 1
49 4063 4034 1
50 7993 7928 1
51 7978 7922 1
52 7994 7919 1
53 4102 4070 1
54 4087 4065 1
55 8010 7963 1
56 7989 7914 1
57 7989 7933 1
58 15819 15771 1
59 7977 7941 1
60 15798 15748 1
61 7988 7949 1
62 8001 7966 1
63 7979 7939 1
64 15802 15748 1
65 15801 15745 1
66 15805 15735 1
67 15818 15738 1
68 15818 15740 1
69 15814 15783 1
70 31423 31364 1
71 31439 31364 1
72 15808 15770 1
73 62696 62603 1
74 31414 31353 1
75 15785 15745 1
76 15786 15750 1
77 2067 2057 1
78 2091 2082 1
79 2136 2128 1
80 2114 2107 1
81 4075 4063 1
82 8004 7983 1
83 4092 4083 1
84 4028 4021 1
85 15815 15788 1
86 8008 7996 1
87 15809 15786 1
88 31417 31372 1
89 31421 31376 1
90 2128 2125 1
91 31396 31352 1
92 7968 7957 1
93 15821 15801 1
94 31429 31390 1
95 4042 4037 0
96 4055 4050 1
97 31390 31354 1
98 62691 62621 1
99 15823 15806 1
100 84 67 1
101 62686 62601 1
102 62669 62602 1
103 62680 62615 0
104 62666 62606 0
105 62700 62691 0
106 4100 4104 0
107 51 84 0
108 31412 31384 0
109 15767 15753 0
110 15824 15810 0
111 7923 7916 0
112 62694 62639 0
113 2122 2125 0
114 31447 31422 0
115 31376 31352 0
116 15753 15741 0
117 15764 15752 0
118 15806 15794 0
119 7985 7979 0
120 62676 62630 0
121 31385 31362 0
122 4095 4092 0
123 31444 31423 0
124 62688 62647 0
125 31372 31352 0
126 7958 7953 1
127 15820 15816 0
128 2118 2118 1
129 7982 7982 0
130 7995 7995 0
131 63 67 0
132 36 40 0
133 31379 31372 0
134 62618 62603 0
135 62643 62629 0
136 31401 31382 0
137 31365 31359 0
138 62681 62642 0
139 62635 62611 0
140 125188 125170 0
141 125174 125106 0
142 125178 125119 0
143 125189 125110 0
144 125172 125133 0
145 62674 62638 0
146 125148 125105 0
147 125144 125115 0
148 62652 62619 0
149 125168 125136 0
150 250159 250110 0
151 62646 62618 0
152 250181 250139 0
153 62645 62628 0
154 250182 250125 0
155 62697 62672 0
156 62660 62631 0
157 250182 250122 0
158 250186 250115 0
159 250200 250117 0
160 250158 250113 0
161 250179 250115 0
162 31391 31381 0
163 250187 250149 0
164 250171 250129 0
165 125151 125121 0
166 62658 62627 0
167 125188 125167 0
168 125183 125151 0
169 125185 125158 0
170 125199 125175 0
171 125129 125101 0
172 125197 125166 0
173 125180 125129 0
174 31374 31372 0
175 62662 62665 0
176 31367 31371 0
177 62607 62616 0
178 62630 62657 0
179 31360 31380 0
180 62634 62652 0
181 62663 62690 0
182 62640 62642 0
183 62650 62687 0
184 62606 62639 0
185 31375 31381 0
186 62652 62648 0
187 125165 125187 0
188 125110 125131 0
189 125117 125171 0
190 125103 125117 0
191 125179 125178 0
192 125124 125123 0
193 125149 125144 0
194 31403 31401 0
195 125163 125173 0
196 125122 125111 0
197 125156 125170 0
198 125107 125167 0
199 125150 125185 0
200 125139 125192 0
201 125114 125192 0
202 125109 125163 0
203 125125 125177 0
204 15784 15784 0
205 125165 125169 0
206 125108 125155 0
207 15808 15807 0
208 125140 125136 0
209 125119 125135 0
210 125160 125191 0
211 15741 15743 0
212 125183 125199 0
213 125189 125175 0
214 250167 250184 0
215 250124 250120 0
216 250151 250194 0
217 250129 250130 0
218 250162 250146 0
219 250125 250120 0
220 250145 250185 0
221 250111 250141 0
222 250123 250185 0
223 250155 250187 0
224 250193 250173 0
225 250106 250109 0
226 250193 250166 0
227 250162 250184 0
228 15784 15790 0
229 250149 250192 0
230 250185 250191 0
231 250118 250118 0
232 250136 250151 0
233 250171 250136 0
234 250126 250197 0
235 250173 250145 0
236 250155 250134 0
237 250134 250167 0
238 250108 250169 0
239 250145 250143 0
240 250159 250162 0
241 250119 250186 0
242 250181 250196 0
243 250103 250187 0
244 250128 250117 0
245 500181 500165 0
246 500193 500183 0
247 500133 500104 0
248 500181 500182 0
249 500139 500197 0
250 500162 500123 0
251 31413 31409 0
252 500153 500200 0
253 500139 500157 0
254 500136 500152 0
255 500108 500200 0
256 500102 500150 0
257 500163 500102 0
258 500164 500138 0
259 500149 500108 0
260 500155 500122 0
261 500177 500189 0
262 500185 500162 0
263 500143 500120 0
264 500170 500178 0
265 500119 500151 0
266 500132 500175 0
267 500155 500177 0
268 500119 500108 0
269 500148 500160 0
270 62680 62674 0
271 62635 62628 0
272 7981 7985 0
273 500187 500152 0
274 500102 500128 0
275 500156 500153 0
276 500115 500175 0
277 500152 500108 0
278 500165 500123 0
279 500136 500108 0
280 500104 500113 0
281 500185 500155 0
282 500180 500134 0
283 500121 500171 0
284 500158 500105 0
285 500113 500177 0
286 500106 500138 0
287 500143 500164 0
288 500143 500135 0
289 31423 31436 0
290 31430 31434 0
291 62688 62698 0
292 62611 62636 0
293 31401 31433 0
294 31354 31388 0
295 31384 31422 0
296 31411 31438 0
297 31408 31440 0
298 31412 31444 0
299 31418 31444 0
300 31379 31413 0
301 4063 4066 0
302 62621 62692 0
303 62619 62684 0
304 4089 4093 0
305 62627 62693 0
306 15749 15761 0
307 15796 15810 0
308 15784 15800 0
309 62661 62634 0
310 125187 125138 0
311 4008 4058 0
312 4017 4038 0
313 4060 4080 0
314 4031 4102 0
315 4095 4102 0
316 4027 4104 0
317 4031 4101 0
318 4060 4082 0
319 4010 4017 0
320 2067 2116 0
321 2081 2116 0
322 2080 2090 0
323 4033 4072 0
324 4008 4054 0
325 2085 2103 0
326 7916 7949 0
327 7942 7984 0
328 2068 2127 0
329 7956 7985 0
330 2059 2145 0
331 7943 7990 0
332 7938 7975 0
333 7937 8009 0
334 7961 7973 0
335 7972 7983 0
336 2091 2144 0
337 7930 7981 0
338 2101 2105 0
339 7945 8010 0
340 2056 2121 0
341 2121 2131 0
342 2133 2151 0
343 2106 2118 0
344 7921 7970 0
345 7926 8008 0
346 2117 2148 0
347 2065 2126 0
348 2138 2150 0
349 2127 2153 0
350 7977 8007 0
351 2074 2099 0
352 7932 7981 0
353 4014 4040 0
354 2127 2142 0
355 7926 8002 0
356 7945 7995 0
357 2056 2087 0
358 7972 7997 0
359 15785 15812 0
360 15747 15811 0
361 24 82 0
362 15752 15780 0
363 15754 15785 0
364 15743 15789 0
365 13 38 0
366 9 96 0
367 4010 4047 0
368 15729 15774 0
369 15742 15762 0
370 45 100 0
371 2 81 0
372 14 31 0
373 20 50 0
374 15744 15822 0
375 15742 15824 0
376 62 79 0
377 19 68 0
378 15732 15809 0
379 60 82 0
380 15784 15820 0
381 15743 15763 0
382 14 42 0
383 37 53 0
384 31388 31449 0
385 31377 31440 0
386 31357 31419 0
387 31362 31420 0
388 11 44 0
389 39 79 0
390 31364 31440 0
391 31381 31422 0
392 62610 62696 0
393 63 94 0
394 4 11 0
395 4043 4094 0
396 2 44 0
397 62605 62695 0
398 4075 4098 0
399 4052 4083 0
--------------
1000000 :c
1004604 :sum(p)
1000000 :sum(w)
