400 :n
id p,w,x
--------------
0 82 17 1
1 84 47 1
2 4088 4009 1
3 4078 4023 1
4 4086 4027 1
5 53 24 1
6 87 34 1
7 4086 4009 1
8 86 38 1
9 4081 4020 1
10 77 33 1
11 2114 2062 1
12 82 28 1
13 2143 2106 1
14 2140 2082 1
15 2131 2076 1
16 79 21 1
17 2146 2067 1
18 2152 2067 1
19 2115 2077 1
20 84 1 1
21 2123 2083 1
22 2121 2063 1
23 2144 2066 1
24 41 14 1
25 22 15 1
26 52 40 1
27 85 67 1
28 65 61 1
29 98 93 1
30 93 89 1
31 2097 2068 1
32 2122 2094 1
33 2126 2098 1
34 4063 4012 1
35 2112 2086 1
36 4079 4036 1
37 2125 2105 1
38 4054 4016 1
39 4093 4059 1
40 2104 2087 1
41 2152 2135 1
42 2076 2060 1
43 2140 2124 1
44 2089 2074 1
45 2122 2107 1
46 2138 2123 1
47 2151 2136 1
48 4069 4041 1
49 7987 7933 1
50 4067 4041 1
51 15824 15733 1
52 4086 4063 1
53 7998 7953 1
54 7969 7925 1
55 15818 15733 1
56 15820 15739 1
57 15813 15734 1
58 7969 7930 1
59 2150 2140 0
60 4092 4073 1
61 15823 15754 1
62 2078 2069 1
63 2082 2073 1
64 15795 15728 1
65 4031 4014 1
66 15796 15732 1
67 4061 4045 1
68 15791 15730 1
69 7957 7927 1
70 7994 7966 1
71 15814 15759 1
72 4066 4052 1
73 2069 2062 1
74 15798 15745 1
75 15802 15750 1
76 15809 15757 1
77 7960 7934 1
78 7975 7949 1
79 7950 7925 1
80 7971 7946 1
81 7943 7919 1
82 7976 7952 1
83 7942 7919 1
84 7951 7928 1
85 15789 15746 1
86 4048 4037 1
87 4054 4043 0
88 4072 4061 1
89 31425 31361 1
90 31416 31356 1
91 31447 31388 1
92 15816 15788 1
93 31409 31355 1
94 15786 15759 1
95 31404 31351 1
96 8004 7992 1
97 31445 31398 1
98 4090 4084 0
99 31410 31366 1
100 15794 15772 1
101 15787 15766 0
102 31406 31366 0
103 15811 15791 0
104 31442 31403 1
105 31439 31401 0
106 70 18 1
107 62698 62616 1
108 62696 62605 1
109 15775 15756 0
110 62679 62608 1
111 7964 7955 0
112 31406 31373 0
113 15747 15779 0
114 7943 7935 0
115 62678 62608 1
116 62695 62627 0
117 62672 62606 0
118 62684 62620 0
119 4075 4085 0
120 62697 62650 0
121 78 90 0
122 31389 31358 0
123 62685 62624 0
124 31405 31376 0
125 7968 7961 0
126 62663 62608 0
127 15775 15762 0
128 31431 31407 0
129 8005 7999 0
130 4018 4015 0
131 31387 31366 0
132 31397 31376 0
133 125187 125104 0
134 125199 125118 0
135 62661 62621 0
136 62642 62606 0
137 125197 125131 0
138 31368 31352 0
139 15803 15795 0
140 125194 125131 0
141 7980 7976 0
142 125181 125120 0
143 62684 62657 0
144 31401 31388 0
145 125177 125127 0
146 15793 15787 0
147 7948 7945 0
148 125185 125149 0
149 250197 250133 0
150 62680 62664 0
151 15772 15768 0
152 8008 8006 0
153 250188 250126 0
154 250195 250133 0
155 250173 250112 0
156 125157 125127 0
157 125153 125124 0
158 250159 250102 0
159 125180 125153 0
160 250161 250111 0
161 125186 125161 0
162 125132 125110 0
163 125174 125152 0
164 7989 7988 0
165 15803 15802 0
166 4063 4063 0
167 22 22 0
168 15769 15769 0
169 15819 15821 0
170 15780 15783 0
171 7931 7934 0
172 7927 7932 0
173 15777 15787 0
174 15728 15738 0
175 7943 7949 0
176 4017 4021 0
177 7945 7953 0
178 4042 4050 0
179 7972 7990 0
180 2094 2099 0
181 4025 4036 0
182 2116 2124 0
183 4066 4083 0
184 2124 2133 0
185 4020 4040 0
186 4008 4028 0
187 4026 4047 0
188 2117 2133 0
189 2059 2085 0
190 71 82 0
191 42 50 0
192 57 79 0
193 49 70 0
194 54 79 0
195 57 84 0
196 14 21 0
197 32 49 0
198 42 66 0
199 15 25 0
200 125191 125184 0
201 500192 500175 0
202 125108 125102 0
203 500189 500116 0
204 250175 250167 0
205 250122 250112 0
206 250129 250127 0
207 500173 500167 0
208 500163 500144 0
209 250174 250144 0
210 250155 250148 0
211 250101 250110 0
212 250194 250194 0
213 250152 250142 0
214 500158 500141 0
215 250190 250172 0
216 250162 250172 0
217 500113 500129 0
218 500121 500120 0
219 250152 250159 0
220 250168 250154 0
221 250141 250135 0
222 250177 250145 0
223 250122 250101 0
224 250132 250136 0
225 500172 500114 0
226 250153 250153 0
227 500194 500137 0
228 500186 500172 0
229 500176 500176 0
230 62627 62621 0
231 500148 500126 0
232 500179 500173 0
233 500194 500187 0
234 31356 31355 0
235 31373 31373 0
236 62696 62692 0
237 500185 500105 0
238 250180 250132 0
239 250195 250154 0
240 250156 250115 0
241 250167 250126 0
242 62631 62630 0
243 500180 500104 0
244 62665 62658 0
245 62693 62684 0
246 500188 500186 0
247 31423 31424 0
248 62671 62670 0
249 500192 500150 0
250 125143 125133 0
251 500113 500105 0
252 500192 500119 0
253 125123 125110 0
254 500130 500113 0
255 500122 500106 0
256 31404 31402 0
257 125131 125114 0
258 125164 125154 0
259 125166 125159 0
260 500153 500141 0
261 500151 500126 0
262 125160 125158 0
263 125187 125190 0
264 500150 500164 0
265 125113 125107 0
266 500154 500158 0
267 125146 125128 0
268 31359 31438 0
269 31374 31405 0
270 31416 31444 0
271 31388 31429 0
272 31376 31399 0
273 31386 31414 0
274 31369 31419 0
275 7936 7960 0
276 7949 7971 0
277 7917 8009 0
278 31366 31422 0
279 4041 4087 0
280 4014 4105 0
281 31383 31390 0
282 31423 31436 0
283 31394 31445 0
284 31382 31408 0
285 31367 31436 0
286 31414 31417 0
287 62637 62687 0
288 62660 62678 0
289 7933 7992 0
290 62644 62699 0
291 7939 7960 0
292 4010 4099 0
293 62605 62693 0
294 7923 7994 0
295 62622 62630 0
296 31412 31441 0
297 4051 4105 0
298 62645 62658 0
299 62635 62690 0
300 62615 62694 0
301 62624 62678 0
302 31381 31440 0
303 62650 62693 0
304 4046 4085 0
305 62626 62647 0
306 62619 62631 0
307 4012 4075 0
308 62613 62621 0
309 62610 62630 0
310 62633 62657 0
311 4014 4099 0
312 62656 62660 0
313 4012 4047 0
314 62664 62679 0
315 62677 62690 0
316 4051 4090 0
317 4028 4067 0
318 15771 15799 0
319 2062 2133 0
320 7932 7958 0
321 62615 62650 0
322 62633 62660 0
323 7950 7984 0
324 125125 125147 0
325 125125 125159 0
326 2110 2146 0
327 125146 125185 0
328 125155 125192 0
329 2059 2128 0
330 125111 125117 0
331 125138 125158 0
332 125113 125189 0
333 125129 125138 0
334 125123 125143 0
335 125133 125178 0
336 125131 125179 0
337 125134 125175 0
338 31384 31394 0
339 7975 8007 0
340 2087 2116 0
341 2056 2108 0
342 125126 125170 0
343 2121 2148 0
344 125164 125199 0
345 31353 31393 0
346 125173 125188 0
347 125120 125183 0
348 250163 250179 0
349 250141 250167 0
350 250179 250198 0
351 250116 250128 0
352 250136 250192 0
353 250140 250182 0
354 250148 250189 0
355 250102 250157 0
356 250143 250163 0
357 2061 2115 0
358 2056 2114 0
359 500165 500186 0
360 15770 15816 0
361 31 65 0
362 15768 15814 0
363 250132 250188 0
364 250115 250167 0
365 250112 250154 0
366 250149 250176 0
367 500136 500200 0
368 42 100 0
369 500129 500177 0
370 500124 500157 0
371 15750 15808 0
372 500111 500145 0
373 500111 500151 0
374 15729 15825 0
375 31 72 0
376 500135 500177 0
377 500156 500192 0
378 10 83 0
379 15761 15772 0
380 20 98 0
381 500108 500149 0
382 500101 500126 0
383 5 56 0
384 500128 500200 0
385 7914 7965 0
386 56 87 0
387 34 73 0
388 8 49 0
389 7927 7951 0
390 7923 7981 0
391 46 85 0
392 500107 500172 0
393 15734 15797 0
394 31 91 0
395 15746 15786 0
396 500120 500141 0
397 500118 500197 0
398 15805 15825 0
399 15739 15797 0
--------------
1000000 :c
1004235 :sum(p)
1000000 :sum(w)
