400 :n
id p,w,x
--------------
0 15787 15733 1
1 31427 31352 1
2 15807 15750 1
3 92 19 1
4 15813 15726 1
5 94 39 1
6 15794 15733 1
7 96 10 1
8 88 26 1
9 15825 15768 1
10 8007 7952 1
11 94 14 1
12 7995 7934 1
13 79 12 1
14 79 44 1
15 8008 7915 1
16 7973 7913 1
17 8010 7956 1
18 8006 7946 1
19 7980 7920 1
20 4106 4022 1
21 2149 2114 1
22 4085 4040 1
23 4092 4049 1
24 4084 4043 1
25 2146 2086 1
26 4096 4016 1
27 4097 4022 1
28 4085 4016 1
29 2138 2098 1
30 4080 4018 1
31 4087 4040 1
32 4046 4007 1
33 4062 4007 1
34 4062 4015 1
35 37 19 1
36 27 14 1
37 23 14 1
38 6 4 1
39 94 67 1
40 37 27 1
41 86 63 1
42 60 44 1
43 89 75 1
44 45 42 1
45 42 41 0
46 2103 2077 1
47 2141 2116 1
48 2086 2062 1
49 2109 2087 1
50 2152 2131 1
51 4106 4070 1
52 2124 2106 1
53 4044 4010 1
54 4055 4023 1
55 4058 4027 1
56 2135 2119 1
57 2142 2128 1
58 2121 2108 1
59 7978 7940 1
60 4033 4014 1
61 4047 4028 1
62 2151 2142 0
63 7991 7962 1
64 8005 7981 1
65 2113 2107 0
66 15818 15774 1
67 8003 7981 1
68 15778 15735 1
69 15786 15744 1
70 15789 15753 1
71 15802 15766 1
72 4030 4022 1
73 31443 31381 1
74 8010 7995 1
75 31421 31367 1
76 15798 15772 1
77 7963 7950 1
78 31414 31365 1
79 62693 62601 1
80 15818 15795 1
81 62700 62611 1
82 15761 15740 1
83 31404 31363 1
84 62682 62603 1
85 31395 31356 1
86 62690 62615 1
87 31422 31389 0
88 31429 31396 0
89 7946 7934 1
90 2061 2058 0
91 35 23 1
92 15759 15733 1
93 62677 62614 1
94 7974 7966 0
95 31450 31437 0
96 31436 31449 0
97 2064 2062 1
98 15807 15819 0
99 31398 31369 0
100 31407 31378 0
101 62686 62631 1
102 88 98 0
103 15822 15810 0
104 125193 125100 0
105 4075 4072 0
106 62663 62617 0
107 62678 62633 0
108 62685 62640 0
109 125190 125101 0
110 15802 15791 0
111 31386 31365 0
112 15755 15745 0
113 7967 7962 0
114 62647 62611 0
115 125199 125129 0
116 125179 125111 0
117 62648 62616 0
118 31429 31414 0
119 31431 31416 0
120 31371 31357 0
121 62674 62647 0
122 7961 7958 0
123 7965 7962 0
124 125145 125100 0
125 125155 125110 0
126 125187 125143 0
127 125180 125137 0
128 125147 125108 0
129 250191 250115 0
130 125190 125153 0
131 125154 125119 0
132 125196 125161 0
133 31363 31355 0
134 62699 62688 0
135 250156 250115 0
136 500199 500119 0
137 62633 62623 0
138 500189 500115 0
139 500174 500102 0
140 500183 500111 0
141 250171 250135 0
142 62667 62658 0
143 62673 62664 0
144 62678 62669 0
145 500173 500103 0
146 500179 500111 0
147 125189 125173 0
148 31392 31388 0
149 7982 7981 0
150 62651 62644 0
151 500163 500108 0
152 500177 500123 0
153 500175 500123 0
154 500163 500114 0
155 125137 125125 0
156 250158 250136 0
157 250194 250173 0
158 500188 500147 0
159 125114 125104 0
160 500195 500157 0
161 250177 250158 0
162 500156 500122 0
163 250168 250152 0
164 62694 62690 0
165 31363 31361 0
166 31384 31382 0
167 250153 250138 0
168 57 57 0
169 15742 15745 0
170 4037 4038 0
171 15820 15824 0
172 15772 15777 0
173 7993 7997 0
174 4062 4065 0
175 2147 2149 0
176 4028 4032 0
177 7947 7958 0
178 7944 7955 0
179 2085 2088 0
180 4075 4081 0
181 4020 4027 0
182 4065 4074 0
183 4034 4043 0
184 4081 4092 0
185 2118 2124 0
186 4017 4029 0
187 4026 4039 0
188 2083 2090 0
189 2103 2112 0
190 2107 2118 0
191 2067 2079 0
192 2139 2152 0
193 2133 2148 0
194 2116 2133 0
195 74 79 0
196 28 30 0
197 69 74 0
198 31 47 0
199 24 43 0
200 7 25 0
201 6 25 0
202 250115 250117 0
203 500175 500177 0
204 62668 62669 0
205 250130 250130 0
206 500108 500104 0
207 500181 500180 0
208 500134 500118 0
209 125144 125143 0
210 250158 250149 0
211 500173 500174 0
212 250146 250136 0
213 250113 250114 0
214 500158 500151 0
215 500194 500188 0
216 250116 250122 0
217 250188 250184 0
218 250126 250128 0
219 500147 500132 0
220 250146 250145 0
221 500181 500153 0
222 500153 500155 0
223 500126 500104 0
224 62605 62602 0
225 250123 250128 0
226 15738 15799 0
227 15756 15778 0
228 15762 15821 0
229 31360 31450 0
230 15761 15819 0
231 31360 31433 0
232 15769 15796 0
233 15765 15805 0
234 31360 31437 0
235 31403 31421 0
236 250150 250199 0
237 31368 31371 0
238 15768 15823 0
239 31410 31437 0
240 7931 7966 0
241 31371 31380 0
242 7953 7987 0
243 62601 62683 0
244 62660 62679 0
245 7925 8004 0
246 62632 62637 0
247 62626 62681 0
248 62617 62621 0
249 62624 62653 0
250 7942 8006 0
251 250107 250160 0
252 7923 7963 0
253 31411 31433 0
254 7920 8004 0
255 7953 7993 0
256 7935 7989 0
257 250135 250154 0
258 7952 8003 0
259 7959 7980 0
260 62612 62675 0
261 62668 62680 0
262 15732 15807 0
263 250134 250178 0
264 62637 62674 0
265 7925 7950 0
266 62634 62683 0
267 62650 62693 0
268 250104 250157 0
269 62622 62678 0
270 7940 7979 0
271 62626 62660 0
272 7914 7932 0
273 7913 7949 0
274 7957 7996 0
275 7915 7993 0
276 7916 7939 0
277 7975 8001 0
278 62623 62655 0
279 62614 62628 0
280 250118 250126 0
281 250149 250179 0
282 250117 250161 0
283 250122 250181 0
284 15762 15821 0
285 15751 15800 0
286 62672 62686 0
287 4048 4071 0
288 4030 4056 0
289 31360 31428 0
290 62605 62650 0
291 250155 250176 0
292 62636 62651 0
293 4040 4063 0
294 62635 62659 0
295 125148 125176 0
296 125160 125178 0
297 15806 15822 0
298 250174 250198 0
299 500126 500161 0
300 500124 500178 0
301 4023 4101 0
302 4021 4044 0
303 4025 4056 0
304 125122 125183 0
305 31375 31428 0
306 15755 15790 0
307 250120 250148 0
308 500159 500192 0
309 4072 4102 0
310 31410 31450 0
311 4051 4077 0
312 250134 250164 0
313 4030 4075 0
314 125115 125153 0
315 500164 500182 0
316 4016 4103 0
317 125159 125173 0
318 250140 250180 0
319 15751 15776 0
320 2087 2124 0
321 15732 15784 0
322 15732 15752 0
323 2056 2143 0
324 250174 250182 0
325 2065 2145 0
326 2082 2107 0
327 500117 500136 0
328 125136 125169 0
329 500155 500179 0
330 15782 15793 0
331 250150 250172 0
332 500132 500146 0
333 2092 2132 0
334 500116 500131 0
335 125134 125169 0
336 2077 2140 0
337 15770 15809 0
338 500120 500197 0
339 2071 2097 0
340 125188 125194 0
341 125102 125134 0
342 2054 2100 0
343 500119 500185 0
344 125111 125126 0
345 2083 2140 0
346 15736 15758 0
347 31367 31420 0
348 125178 125194 0
349 2114 2145 0
350 2083 2127 0
351 500101 500126 0
352 125162 125187 0
353 125147 125156 0
354 125121 125136 0
355 15737 15756 0
356 2102 2138 0
357 2064 2123 0
358 2063 2143 0
359 125105 125120 0
360 250151 250195 0
361 125106 125160 0
362 18 48 0
363 37 98 0
364 125170 125184 0
365 125135 125174 0
366 125169 125185 0
367 25 77 0
368 1 67 0
369 31401 31431 0
370 9 79 0
371 125176 125197 0
372 61 93 0
373 125108 125136 0
374 500157 500171 0
375 125147 125171 0
376 125157 125163 0
377 125163 125186 0
378 500119 500135 0
379 31369 31435 0
380 31403 31427 0
381 31364 31367 0
382 250117 250161 0
383 37 68 0
384 12 75 0
385 3 91 0
386 2 55 0
387 500176 500195 0
388 250115 250187 0
389 250125 250159 0
390 500146 500160 0
391 39 65 0
392 15 48 0
393 250104 250115 0
394 31392 31410 0
395 500102 500170 0
396 31355 31413 0
397 31361 31379 0
398 31414 31418 0
399 250135 250196 0
--------------
1000000 :c
1003768 :sum(p)
999999 :sum(w)
