400 :n
id p,w,x
--------------
0 2109 2078 1
1 4025 4010 1
2 83 23 1
3 20 6 1
4 7959 7927 1
5 89 41 1
6 44 39 1
7 39 9 1
8 8004 7976 1
9 4096 4080 1
10 4095 4074 1
11 91 46 1
12 2092 2061 1
13 4089 4052 1
14 4100 4038 1
15 4057 4011 1
16 54 35 1
17 4081 4008 1
18 7977 7924 1
19 74 26 1
20 7984 7916 1
21 74 44 1
22 7954 7932 1
23 6 3 1
24 57 34 1
25 4092 4066 1
26 4104 4064 1
27 86 20 1
28 7979 7939 1
29 15 11 1
30 43 1 1
31 98 37 1
32 4092 4022 1
33 4057 4010 1
34 56 28 1
35 4081 4031 1
36 4101 4062 1
37 64 53 1
38 31 27 1
39 97 71 1
40 15825 15756 1
41 36 32 1
42 8005 7967 1
43 7983 7925 1
44 38 28 1
45 45 35 1
46 15813 15757 1
47 74 10 1
48 4092 4036 1
49 2103 2081 1
50 15778 15728 1
51 2125 2068 1
52 8003 7965 1
53 4086 4014 1
54 2142 2124 1
55 2147 2124 1
56 2131 2118 1
57 2110 2058 1
58 15805 15729 1
59 7978 7944 1
60 2129 2087 1
61 2082 2067 1
62 7962 7937 1
63 15818 15751 1
64 2129 2093 1
65 2093 2084 1
66 8005 7972 1
67 7995 7959 1
68 4060 4039 1
69 2137 2098 1
70 2101 2058 1
71 4104 4084 1
72 4092 4054 1
73 2122 2112 1
74 2138 2124 1
75 2117 2055 1
76 2104 2056 1
77 2137 2101 1
78 62700 62638 1
79 31444 31396 1
80 31442 31380 1
81 7990 7969 1
82 7993 7975 1
83 31396 31354 1
84 31439 31362 1
85 31435 31376 1
86 15765 15733 1
87 15755 15733 1
88 31439 31401 1
89 31424 31356 1
90 8002 7980 1
91 2135 2130 1
92 15757 15737 1
93 15819 15798 1
94 62690 62611 1
95 31437 31379 1
96 15778 15750 1
97 4029 4022 1
98 15768 15735 1
99 31417 31375 1
100 31431 31379 1
101 31417 31353 1
102 7955 7946 1
103 8 7 1
104 7935 7927 1
105 63 17 1
106 62680 62607 1
107 7965 7956 0
108 15769 15754 1
109 15769 15754 1
110 31411 31385 0
111 15817 15804 0
112 4098 4098 0
113 15758 15808 0
114 18 18 0
115 97 98 0
116 62659 62608 0
117 31405 31381 0
118 15766 15753 0
119 125161 125143 0
120 62610 62606 0
121 62681 62660 0
122 125151 125119 0
123 125185 125139 0
124 125151 125130 0
125 62668 62650 0
126 125165 125124 0
127 31413 31390 0
128 125182 125125 0
129 125172 125156 0
130 125159 125139 0
131 125194 125148 0
132 125187 125160 0
133 125189 125136 0
134 62679 62668 0
135 125191 125126 0
136 250199 250157 0
137 7964 7959 0
138 250177 250118 0
139 250148 250113 0
140 250193 250119 0
141 250150 250119 0
142 250181 250127 0
143 250180 250173 0
144 250144 250133 0
145 250138 250111 0
146 250158 250131 0
147 250196 250171 0
148 250194 250142 0
149 250160 250147 0
150 15812 15808 0
151 250138 250117 0
152 62686 62642 0
153 250149 250118 0
154 62671 62642 0
155 250200 250153 0
156 62684 62651 0
157 500135 500111 0
158 500169 500147 0
159 15760 15756 0
160 500140 500120 0
161 500191 500158 0
162 500188 500113 0
163 31420 31410 0
164 31393 31380 0
165 500192 500151 0
166 500177 500105 0
167 31422 31406 0
168 500162 500149 0
169 500135 500126 0
170 500153 500119 0
171 500161 500136 0
172 500165 500120 0
173 31376 31365 0
174 500180 500104 0
175 500135 500105 0
176 500137 500107 0
177 500162 500108 0
178 500151 500120 0
179 31438 31437 0
180 31425 31413 0
181 500136 500116 0
182 500196 500134 0
183 500148 500110 0
184 125180 125138 0
185 125122 125112 0
186 125138 125113 0
187 125166 125110 0
188 31450 31422 0
189 62683 62636 0
190 31397 31404 0
191 31373 31389 0
192 31372 31413 0
193 31366 31416 0
194 31428 31436 0
195 31356 31357 0
196 31351 31424 0
197 31358 31376 0
198 31373 31380 0
199 31371 31371 0
200 15728 15811 0
201 15764 15802 0
202 31397 31424 0
203 15752 15759 0
204 31376 31387 0
205 31379 31436 0
206 15767 15792 0
207 15767 15821 0
208 15774 15797 0
209 15746 15766 0
210 15728 15787 0
211 15731 15755 0
212 31361 31422 0
213 62621 62674 0
214 62608 62626 0
215 15728 15767 0
216 15734 15759 0
217 62634 62700 0
218 62669 62690 0
219 15729 15741 0
220 15760 15806 0
221 15800 15810 0
222 15726 15747 0
223 62651 62652 0
224 62673 62695 0
225 15743 15769 0
226 62604 62657 0
227 15727 15800 0
228 15757 15816 0
229 15763 15813 0
230 62627 62679 0
231 62624 62669 0
232 15769 15812 0
233 15778 15783 0
234 62681 62686 0
235 15764 15804 0
236 62616 62643 0
237 62661 62693 0
238 62663 62699 0
239 62635 62636 0
240 7920 7936 0
241 62631 62695 0
242 7922 7930 0
243 7951 7963 0
244 62661 62687 0
245 62620 62623 0
246 62615 62694 0
247 62645 62666 0
248 62623 62677 0
249 7924 7986 0
250 62617 62660 0
251 7950 7986 0
252 7959 8003 0
253 62618 62675 0
254 7979 8006 0
255 62653 62678 0
256 7923 7949 0
257 62658 62674 0
258 62658 62680 0
259 7916 7941 0
260 7921 7985 0
261 7955 7993 0
262 62613 62663 0
263 62676 62688 0
264 62683 62688 0
265 125116 125132 0
266 7984 7990 0
267 7968 7990 0
268 7938 8000 0
269 125104 125117 0
270 125101 125162 0
271 7954 7981 0
272 7958 8003 0
273 125134 125165 0
274 7917 7982 0
275 7948 7979 0
276 125120 125134 0
277 7976 7983 0
278 7971 8004 0
279 125168 125197 0
280 125158 125171 0
281 4053 4103 0
282 31362 31394 0
283 4021 4037 0
284 125126 125173 0
285 125151 125193 0
286 125135 125193 0
287 125150 125178 0
288 4035 4087 0
289 4018 4086 0
290 125110 125139 0
291 4020 4095 0
292 125139 125175 0
293 4012 4093 0
294 125178 125190 0
295 4027 4056 0
296 4045 4055 0
297 125103 125108 0
298 125118 125138 0
299 125141 125183 0
300 4067 4080 0
301 4036 4062 0
302 125134 125182 0
303 125124 125174 0
304 125102 125106 0
305 125171 125174 0
306 4014 4045 0
307 4022 4050 0
308 125150 125156 0
309 4080 4100 0
310 4041 4068 0
311 4008 4068 0
312 4055 4089 0
313 4010 4052 0
314 4013 4088 0
315 4062 4087 0
316 125101 125174 0
317 4032 4072 0
318 125136 125138 0
319 250116 250180 0
320 2064 2134 0
321 250175 250176 0
322 2135 2150 0
323 250162 250184 0
324 2058 2081 0
325 250128 250141 0
326 2079 2106 0
327 2111 2112 0
328 2061 2152 0
329 2091 2105 0
330 2063 2080 0
331 2138 2153 0
332 250166 250187 0
333 250105 250175 0
334 2075 2094 0
335 250109 250117 0
336 250129 250128 0
337 250105 250198 0
338 2069 2124 0
339 250133 250134 0
340 2098 2144 0
341 2090 2122 0
342 250140 250170 0
343 250116 250153 0
344 2087 2152 0
345 250124 250182 0
346 250133 250186 0
347 2135 2138 0
348 250101 250139 0
349 250127 250145 0
350 250111 250171 0
351 2132 2138 0
352 250125 250130 0
353 2134 2138 0
354 250116 250190 0
355 2085 2104 0
356 2080 2153 0
357 250144 250193 0
358 2074 2104 0
359 250139 250146 0
360 250104 250170 0
361 250178 250195 0
362 10 76 0
363 18 71 0
364 53 66 0
365 250102 250145 0
366 15 100 0
367 500127 500130 0
368 500104 500110 0
369 500129 500133 0
370 500153 500170 0
371 500112 500117 0
372 53 73 0
373 500112 500172 0
374 31407 31439 0
375 500145 500164 0
376 22 95 0
377 500151 500143 0
378 41 94 0
379 500114 500172 0
380 500171 500166 0
381 500137 500173 0
382 500119 500113 0
383 45 49 0
384 500140 500172 0
385 31388 31396 0
386 31 53 0
387 37 69 0
388 12 17 0
389 500141 500166 0
390 500121 500192 0
391 500122 500153 0
392 500133 500132 0
393 500125 500192 0
394 500198 500193 0
395 44 94 0
396 500134 500197 0
397 63 72 0
398 31436 31446 0
399 31355 31394 0
--------------
1000000 :c
1003974 :sum(p)
999999 :sum(w)
