400 :n
id p,w,x
--------------
0 31450 31369 1
1 15808 15752 1
2 2084 2067 1
3 2151 2067 1
4 2121 2081 1
5 2152 2058 1
6 15821 15753 1
7 2137 2103 1
8 2124 2073 1
9 2098 2070 1
10 2086 2072 1
11 2115 2094 1
12 15806 15728 1
13 15810 15765 1
14 2079 2058 1
15 2147 2108 1
16 15823 15736 1
17 2082 2062 1
18 15818 15754 1
19 2126 2109 1
20 2113 2054 1
21 2122 2075 1
22 90 52 1
23 4063 4008 1
24 4094 4011 1
25 100 61 1
26 4061 4009 1
27 4090 4011 1
28 4070 4021 1
29 39 1 1
30 4061 4009 1
31 62 9 1
32 4087 4071 1
33 4104 4063 1
34 15820 15740 1
35 74 27 1
36 49 36 1
37 15811 15737 1
38 4064 4008 1
39 91 37 1
40 81 33 1
41 66 14 1
42 34 23 1
43 15789 15730 1
44 15808 15763 1
45 4104 4072 1
46 4044 4021 1
47 71 30 1
48 24 5 1
49 4077 4014 1
50 4099 4053 1
51 4079 4033 1
52 4087 4016 1
53 7973 7914 1
54 7970 7923 1
55 7986 7964 1
56 7973 7941 1
57 8007 7975 1
58 97 11 1
59 8007 7987 1
60 8011 7924 1
61 7995 7935 1
62 7972 7936 1
63 66 26 1
64 86 23 1
65 47 21 1
66 7972 7925 1
67 7991 7926 1
68 7991 7958 1
69 8012 7913 1
70 15784 15750 1
71 31432 31372 1
72 31427 31359 1
73 31446 31385 1
74 31450 31382 1
75 17 12 1
76 89 82 1
77 85 80 1
78 62 60 1
79 2113 2100 1
80 2095 2083 1
81 2113 2103 1
82 2131 2122 1
83 2133 2124 1
84 4081 4066 1
85 4086 4073 1
86 4101 4091 1
87 2141 2136 1
88 7950 7935 1
89 8006 7991 1
90 2139 2135 1
91 31411 31353 1
92 15770 15742 1
93 7958 7944 1
94 7994 7980 1
95 15787 15760 1
96 4106 4100 0
97 62699 62615 1
98 31447 31407 1
99 15765 15745 1
100 31440 31404 1
101 15753 15736 1
102 62672 62605 1
103 31439 31354 1
104 31395 31351 1
105 31394 31357 0
106 62677 62613 1
107 62681 62627 0
108 62698 62700 0
109 31439 31448 0
110 8 90 0
111 62690 62636 0
112 62685 62633 0
113 31387 31361 0
114 62693 62642 0
115 15740 15728 0
116 7925 7919 1
117 7944 7938 0
118 8005 7999 0
119 31386 31363 0
120 62658 62621 0
121 15756 15747 0
122 125188 125119 0
123 125176 125108 0
124 62664 62632 0
125 125164 125101 0
126 31375 31360 0
127 125174 125117 0
128 31387 31373 0
129 15756 15749 0
130 125167 125112 0
131 125156 125103 0
132 62661 62635 0
133 15746 15740 0
134 15805 15799 0
135 250195 250102 0
136 7974 7973 0
137 2079 2079 0
138 2064 2066 0
139 2098 2102 0
140 2064 2069 0
141 2057 2062 0
142 56 57 0
143 88 92 0
144 53 58 0
145 125164 125130 0
146 250167 250105 0
147 125170 125129 0
148 500171 500112 0
149 250178 250133 0
150 250176 250140 0
151 125164 125138 0
152 15775 15772 0
153 250141 250101 0
154 500185 500112 0
155 31396 31392 0
156 31407 31403 0
157 500187 500108 0
158 500199 500127 0
159 62669 62655 0
160 125156 125135 0
161 250197 250164 0
162 250158 250119 0
163 500181 500123 0
164 500181 500119 0
165 62660 62651 0
166 31383 31379 0
167 500199 500105 0
168 125184 125145 0
169 500150 500134 0
170 500118 500124 0
171 31416 31414 0
172 500190 500194 0
173 125179 125182 0
174 500121 500162 0
175 62652 62650 0
176 62656 62652 0
177 500131 500126 0
178 500144 500159 0
179 500161 500138 0
180 500134 500170 0
181 500150 500118 0
182 500125 500101 0
183 500149 500117 0
184 500136 500103 0
185 500180 500133 0
186 500144 500194 0
187 500127 500150 0
188 250169 250154 0
189 250161 250173 0
190 500157 500195 0
191 250112 250137 0
192 250173 250198 0
193 62608 62613 0
194 250104 250108 0
195 500184 500144 0
196 500168 500140 0
197 62647 62649 0
198 500106 500124 0
199 125146 125141 0
200 250120 250143 0
201 250133 250110 0
202 500103 500143 0
203 500181 500200 0
204 125173 125172 0
205 125136 125126 0
206 500141 500196 0
207 250159 250173 0
208 125142 125129 0
209 500178 500133 0
210 125121 125124 0
211 250102 250106 0
212 62624 62631 0
213 125131 125136 0
214 500195 500198 0
215 250150 250154 0
216 125195 125199 0
217 125179 125190 0
218 15744 15744 0
219 250107 250121 0
220 250141 250145 0
221 250173 250186 0
222 250137 250132 0
223 125102 125108 0
224 250136 250144 0
225 250132 250127 0
226 250132 250131 0
227 125199 125190 0
228 500147 500151 0
229 125192 125186 0
230 500120 500149 0
231 500142 500112 0
232 125121 125130 0
233 250166 250183 0
234 250172 250148 0
235 500107 500130 0
236 125110 125122 0
237 500158 500152 0
238 500120 500122 0
239 500171 500115 0
240 62690 62691 0
241 62667 62645 0
242 62689 62670 0
243 125159 125114 0
244 125154 125110 0
245 15784 15819 0
246 15736 15768 0
247 15771 15781 0
248 250104 250152 0
249 15744 15801 0
250 250116 250165 0
251 15784 15787 0
252 250109 250189 0
253 250140 250190 0
254 15740 15770 0
255 125147 125162 0
256 15752 15794 0
257 7917 7920 0
258 7974 7992 0
259 15775 15794 0
260 7936 7947 0
261 250103 250148 0
262 15763 15775 0
263 7929 7968 0
264 15806 15823 0
265 7919 7927 0
266 7969 8000 0
267 7968 8001 0
268 7942 7974 0
269 15755 15795 0
270 7989 8009 0
271 7949 7959 0
272 15771 15788 0
273 250109 250149 0
274 15770 15789 0
275 7977 8002 0
276 31365 31446 0
277 7940 7952 0
278 31386 31390 0
279 250117 250160 0
280 31360 31378 0
281 31351 31425 0
282 31423 31449 0
283 31357 31420 0
284 250116 250172 0
285 15766 15779 0
286 4091 4104 0
287 250147 250182 0
288 31353 31430 0
289 125109 125195 0
290 250107 250177 0
291 31353 31433 0
292 4068 4091 0
293 31378 31401 0
294 4015 4030 0
295 31377 31438 0
296 31424 31439 0
297 31389 31420 0
298 31360 31414 0
299 31351 31445 0
300 500110 500198 0
301 31366 31373 0
302 31410 31418 0
303 31383 31421 0
304 4073 4094 0
305 31378 31386 0
306 31399 31417 0
307 500101 500182 0
308 31413 31420 0
309 62645 62657 0
310 62660 62689 0
311 62672 62700 0
312 62623 62651 0
313 4076 4090 0
314 62612 62653 0
315 4079 4087 0
316 4010 4027 0
317 62617 62683 0
318 4026 4048 0
319 2075 2085 0
320 62603 62619 0
321 15754 15764 0
322 62650 62683 0
323 62613 62657 0
324 62602 62659 0
325 62614 62650 0
326 62616 62670 0
327 250137 250189 0
328 62601 62650 0
329 62682 62699 0
330 62681 62693 0
331 62685 62693 0
332 62664 62675 0
333 250119 250188 0
334 125142 125160 0
335 2112 2123 0
336 125132 125151 0
337 125124 125140 0
338 125137 125154 0
339 125108 125163 0
340 125126 125166 0
341 7944 7965 0
342 125121 125141 0
343 125122 125180 0
344 125158 125184 0
345 125109 125152 0
346 125112 125180 0
347 15761 15782 0
348 250117 250176 0
349 15747 15764 0
350 62654 62638 0
351 250194 250127 0
352 62679 62661 0
353 2062 2096 0
354 2069 2118 0
355 2084 2129 0
356 2066 2139 0
357 2063 2125 0
358 2075 2128 0
359 4011 4057 0
360 4040 4088 0
361 76 90 0
362 27 71 0
363 75 98 0
364 4023 4094 0
365 4015 4076 0
366 2059 2146 0
367 31 87 0
368 4016 4103 0
369 4030 4093 0
370 23 85 0
371 17 46 0
372 27 42 0
373 15 31 0
374 4013 4049 0
375 24 76 0
376 2064 2133 0
377 4010 4081 0
378 4036 4079 0
379 4028 4077 0
380 4008 4073 0
381 4043 4071 0
382 4056 4082 0
383 24 81 0
384 7934 8012 0
385 53 80 0
386 4 63 0
387 6 44 0
388 7944 7994 0
389 27 78 0
390 7955 8009 0
391 7949 8000 0
392 2057 2075 0
393 7948 8001 0
394 7918 7969 0
395 5 16 0
396 15733 15824 0
397 10 56 0
398 2088 2139 0
399 2055 2137 0
--------------
1000000 :c
1004435 :sum(p)
999997 :sum(w)
