400 :n
id p,w,x
--------------
0 95 41 1
1 78 12 1
2 4099 4046 1
3 4100 4028 1
4 4078 4016 1
5 4099 4020 1
6 90 20 1
7 4104 4021 1
8 4077 4015 1
9 2096 2059 1
10 85 31 1
11 2130 2058 1
12 2098 2057 1
13 2140 2054 1
14 2126 2071 1
15 77 42 1
16 100 20 1
17 2145 2054 1
18 2117 2067 1
19 2114 2057 1
20 2123 2084 1
21 94 43 1
22 90 8 1
23 45 11 1
24 95 23 1
25 54 22 1
26 83 23 1
27 52 8 1
28 67 8 1
29 56 2 1
30 15815 15741 1
31 15820 15746 1
32 7981 7915 1
33 7996 7938 1
34 8000 7931 1
35 7985 7932 1
36 15797 15738 1
37 7980 7925 1
38 7999 7926 1
39 15817 15739 1
40 31438 31354 1
41 7985 7915 1
42 7993 7938 1
43 7996 7932 1
44 8000 7921 1
45 24 1 1
46 27 7 1
47 65 39 1
48 70 47 1
49 95 69 1
50 66 54 1
51 88 78 1
52 11 10 0
53 2095 2068 1
54 2148 2121 1
55 4079 4033 1
56 4054 4013 1
57 4059 4019 1
58 2133 2112 1
59 4071 4034 1
60 2102 2083 1
61 4074 4042 1
62 4092 4062 1
63 7984 7933 1
64 4101 4079 1
65 2065 2054 1
66 4068 4047 1
67 8008 7972 1
68 2071 2062 1
69 2112 2103 1
70 2149 2140 1
71 4091 4075 1
72 7983 7955 1
73 15814 15770 1
74 15784 15741 1
75 8008 7988 1
76 15786 15747 1
77 7959 7940 1
78 31446 31376 1
79 31427 31358 1
80 7974 7958 1
81 8002 7986 1
82 4072 4064 1
83 31439 31380 1
84 8012 7997 1
85 15756 15728 1
86 15801 15773 1
87 7957 7943 1
88 15761 15735 1
89 4052 4011 1
90 7981 7969 1
91 31417 31375 1
92 86 71 1
93 62699 62623 1
94 31444 31407 1
95 88 84 1
96 31426 31391 1
97 62683 62619 1
98 31428 31395 1
99 2059 2057 1
100 31390 31361 0
101 31428 31380 1
102 31381 31352 1
103 15798 15778 1
104 62659 62602 1
105 31450 31422 1
106 15772 15759 1
107 62700 62663 0
108 15817 15816 0
109 125190 125132 0
110 4067 4064 1
111 31430 31408 0
112 15750 15739 0
113 62670 62630 0
114 7988 7998 0
115 62672 62632 0
116 62651 62617 0
117 62673 62640 0
118 62692 62661 0
119 62658 62628 0
120 15744 15798 0
121 62681 62633 0
122 62688 62659 0
123 125181 125124 0
124 62664 62636 0
125 31406 31392 0
126 31413 31399 0
127 125167 125114 0
128 125198 125145 0
129 125182 125131 0
130 125169 125120 0
131 7979 7976 0
132 62697 62674 0
133 125156 125112 0
134 125194 125151 0
135 125194 125151 0
136 125198 125157 0
137 125182 125142 0
138 31394 31384 0
139 15745 15740 0
140 250180 250104 0
141 62650 62632 0
142 62650 62632 0
143 125154 125119 0
144 125174 125139 0
145 250193 250126 0
146 125144 125111 0
147 125168 125135 0
148 125183 125150 0
149 31429 31421 0
150 15773 15769 0
151 62649 62634 0
152 62683 62668 0
153 125132 125103 0
154 125173 125144 0
155 250195 250139 0
156 62688 62675 0
157 62690 62677 0
158 125193 125169 0
159 62644 62632 0
160 250188 250141 0
161 250150 250105 0
162 250152 250107 0
163 15799 15798 0
164 4019 4019 1
165 2084 2084 1
166 7977 7977 0
167 15739 15740 0
168 15735 15736 0
169 7967 7968 0
170 2057 2058 1
171 4054 4056 0
172 7915 7922 0
173 2134 2137 0
174 4074 4085 0
175 2084 2090 0
176 2075 2081 0
177 2055 2061 0
178 4047 4059 0
179 4093 4106 0
180 4040 4053 0
181 4063 4078 0
182 2117 2125 0
183 2099 2108 0
184 2118 2130 0
185 2091 2105 0
186 78 82 1
187 24 27 0
188 58 75 0
189 38 52 0
190 31365 31362 0
191 500199 500149 0
192 125117 125126 0
193 500132 500176 0
194 125152 125139 0
195 31433 31429 0
196 31424 31425 0
197 500168 500125 0
198 500152 500138 0
199 125139 125151 0
200 500142 500140 0
201 31447 31448 0
202 62623 62622 0
203 500118 500151 0
204 500182 500104 0
205 500121 500148 0
206 125124 125126 0
207 125169 125162 0
208 125162 125145 0
209 500178 500145 0
210 250172 250192 0
211 500182 500114 0
212 62690 62688 0
213 250107 250103 0
214 250116 250108 0
215 250109 250103 0
216 500168 500101 0
217 62662 62666 0
218 500145 500126 0
219 250163 250122 0
220 250178 250175 0
221 250143 250161 0
222 250115 250119 0
223 500198 500115 0
224 500144 500162 0
225 250168 250175 0
226 250152 250130 0
227 500168 500113 0
228 250187 250171 0
229 250178 250200 0
230 500126 500139 0
231 250171 250140 0
232 250151 250145 0
233 250160 250138 0
234 500152 500105 0
235 250142 250121 0
236 500137 500143 0
237 250174 250153 0
238 250115 250126 0
239 250133 250132 0
240 250193 250185 0
241 250169 250178 0
242 250170 250170 0
243 250139 250130 0
244 62644 62636 0
245 62639 62636 0
246 31444 31442 0
247 500150 500158 0
248 250184 250141 0
249 62670 62673 0
250 500104 500137 0
251 500189 500124 0
252 500174 500121 0
253 500173 500172 0
254 500141 500189 0
255 500179 500105 0
256 500198 500154 0
257 500119 500123 0
258 125152 125135 0
259 125154 125166 0
260 500169 500124 0
261 500152 500168 0
262 125179 125169 0
263 500200 500146 0
264 500145 500144 0
265 500199 500186 0
266 500105 500102 0
267 125186 125173 0
268 500184 500150 0
269 7921 7988 0
270 15732 15745 0
271 15729 15821 0
272 7949 8004 0
273 15748 15820 0
274 7939 7961 0
275 7984 8003 0
276 15734 15774 0
277 7924 7986 0
278 15726 15813 0
279 15753 15801 0
280 4028 4099 0
281 4035 4056 0
282 4069 4094 0
283 15755 15793 0
284 15751 15768 0
285 15748 15804 0
286 4028 4068 0
287 15757 15817 0
288 500117 500167 0
289 7931 8005 0
290 31374 31442 0
291 31365 31419 0
292 31369 31428 0
293 4011 4037 0
294 31351 31355 0
295 4030 4065 0
296 4009 4032 0
297 15813 15822 0
298 4019 4046 0
299 4022 4069 0
300 4050 4102 0
301 15752 15807 0
302 31414 31435 0
303 4033 4073 0
304 4011 4082 0
305 7975 8000 0
306 4025 4078 0
307 31384 31392 0
308 31357 31400 0
309 31373 31416 0
310 31386 31440 0
311 31360 31372 0
312 7941 7967 0
313 31368 31429 0
314 4034 4096 0
315 31406 31432 0
316 31356 31419 0
317 31375 31421 0
318 4026 4092 0
319 7919 7987 0
320 31388 31419 0
321 15734 15743 0
322 2073 2128 0
323 31402 31440 0
324 31368 31381 0
325 31361 31420 0
326 2057 2102 0
327 62613 62659 0
328 7956 7978 0
329 62653 62675 0
330 2108 2140 0
331 62668 62677 0
332 62602 62664 0
333 62663 62685 0
334 15754 15769 0
335 15729 15772 0
336 2100 2133 0
337 2059 2098 0
338 2100 2151 0
339 15735 15778 0
340 2059 2137 0
341 62657 62686 0
342 62612 62655 0
343 62619 62685 0
344 62610 62665 0
345 15777 15783 0
346 62615 62689 0
347 15733 15747 0
348 2104 2125 0
349 2088 2126 0
350 2077 2104 0
351 62655 62686 0
352 2057 2151 0
353 62610 62669 0
354 7946 8012 0
355 2088 2133 0
356 62663 62670 0
357 125103 125119 0
358 125120 125179 0
359 125116 125165 0
360 15733 15757 0
361 125124 125146 0
362 125122 125145 0
363 125141 125178 0
364 15755 15792 0
365 125106 125193 0
366 70 98 0
367 31 99 0
368 125116 125149 0
369 8 67 0
370 125106 125167 0
371 13 73 0
372 16 87 0
373 125151 125164 0
374 125139 125199 0
375 250137 250186 0
376 17 46 0
377 51 98 0
378 250105 250148 0
379 43 94 0
380 250128 250195 0
381 250103 250185 0
382 250108 250134 0
383 250170 250199 0
384 7964 8010 0
385 250152 250196 0
386 250106 250187 0
387 7939 7958 0
388 27 54 0
389 46 82 0
390 250111 250151 0
391 18 80 0
392 250121 250194 0
393 500105 500195 0
394 500117 500184 0
395 500139 500193 0
396 500112 500162 0
397 500112 500175 0
398 7916 7995 0
399 7930 7993 0
--------------
1000000 :c
1004537 :sum(p)
1000000 :sum(w)
