400 :n
id p,w,x
--------------
0 75 4 1
1 81 16 1
2 83 19 1
3 93 25 1
4 57 19 1
5 77 27 1
6 74 26 1
7 71 30 1
8 37 17 1
9 89 41 1
10 66 32 1
11 93 47 1
12 71 37 1
13 94 50 1
14 59 32 1
15 78 44 1
16 67 38 1
17 49 36 1
18 39 29 1
19 69 52 1
20 98 83 1
21 2134 2060 1
22 2131 2059 1
23 2138 2071 1
24 2152 2085 1
25 2128 2070 1
26 2119 2066 1
27 2133 2081 1
28 2139 2087 1
29 2129 2078 1
30 2131 2084 1
31 2145 2099 1
32 4100 4013 1
33 2106 2064 1
34 4105 4030 1
35 2098 2061 1
36 2152 2118 1
37 4078 4014 1
38 4080 4022 1
39 4071 4016 1
40 4076 4024 1
41 2131 2104 1
42 4058 4009 1
43 4073 4026 1
44 4080 4036 1
45 4057 4015 1
46 8001 7921 1
47 8009 7929 1
48 2081 2061 1
49 4061 4022 1
50 8008 7933 1
51 8004 7933 1
52 4088 4053 1
53 4080 4047 1
54 4073 4041 1
55 2114 2098 1
56 7988 7934 1
57 2106 2093 1
58 15821 15734 1
59 4093 4071 1
60 4092 4071 1
61 7991 7950 1
62 7963 7923 1
63 7982 7942 1
64 7956 7918 1
65 7967 7932 1
66 4044 4027 1
67 15800 15736 1
68 15824 15761 1
69 7983 7954 1
70 15825 15773 1
71 7944 7921 1
72 15780 15735 1
73 15811 15766 1
74 15782 15738 1
75 15811 15769 1
76 2076 2071 1
77 7942 7923 1
78 2140 2135 1
79 7969 7952 1
80 7997 7980 1
81 8003 7986 1
82 15821 15789 1
83 7988 7973 1
84 31412 31356 1
85 4068 4061 1
86 15789 15762 1
87 15808 15782 1
88 31437 31387 1
89 31432 31383 1
90 7989 7977 1
91 8003 7991 1
92 31401 31354 1
93 62697 62604 1
94 4092 4086 1
95 62691 62603 1
96 31399 31357 1
97 31417 31375 1
98 31433 31392 1
99 4036 4031 0
100 7937 7928 1
101 31390 31355 1
102 31417 31385 1
103 4034 4030 0
104 31404 31376 1
105 7975 7915 1
106 62665 62604 1
107 15782 15768 0
108 62675 62623 0
109 31448 31425 0
110 15823 15813 0
111 7991 8007 0
112 53 78 0
113 31382 31356 1
114 62666 62621 0
115 125193 125107 0
116 62674 62632 0
117 125184 125103 0
118 7982 7977 0
119 62700 62663 0
120 62658 62622 0
121 31393 31375 0
122 15809 15801 0
123 31398 31385 0
124 15748 15742 0
125 15785 15779 0
126 31438 31427 0
127 15738 15733 0
128 7921 7919 1
129 7935 7935 0
130 7971 7971 0
131 4088 4091 0
132 2125 2127 0
133 4020 4024 0
134 2117 2123 0
135 90 92 0
136 57 61 0
137 67 72 0
138 37 44 0
139 62687 62667 0
140 250174 250115 0
141 250187 250106 0
142 250200 250108 0
143 125185 125120 0
144 62623 62603 0
145 125183 125140 0
146 125152 125109 0
147 62652 62622 0
148 62675 62664 0
149 15795 15793 0
150 125191 125175 0
151 125151 125135 0
152 125178 125158 0
153 31371 31365 0
154 250155 250121 0
155 250156 250116 0
156 250145 250109 0
157 250134 250103 0
158 250167 250123 0
159 250196 250154 0
160 250139 250110 0
161 500191 500130 0
162 500184 500118 0
163 125185 125163 0
164 31375 31369 0
165 500173 500116 0
166 31433 31429 0
167 125166 125104 0
168 62633 62618 0
169 125188 125155 0
170 125153 125129 0
171 125186 125137 0
172 250183 250133 0
173 250192 250104 0
174 62631 62619 0
175 62691 62665 0
176 125184 125136 0
177 31399 31398 0
178 31381 31433 0
179 62628 62639 0
180 31400 31414 0
181 31373 31435 0
182 31390 31408 0
183 62634 62677 0
184 62679 62684 0
185 62601 62626 0
186 62656 62653 0
187 62629 62662 0
188 31402 31414 0
189 31393 31412 0
190 31377 31447 0
191 62631 62699 0
192 31390 31413 0
193 31388 31432 0
194 31376 31435 0
195 62608 62641 0
196 31414 31417 0
197 31354 31427 0
198 62661 62680 0
199 62603 62677 0
200 15755 15814 0
201 15733 15774 0
202 62623 62659 0
203 62628 62654 0
204 15745 15776 0
205 15786 15810 0
206 62617 62689 0
207 15754 15816 0
208 15806 15807 0
209 15790 15797 0
210 15796 15818 0
211 15779 15818 0
212 15752 15773 0
213 62616 62661 0
214 15805 15814 0
215 15775 15781 0
216 15805 15807 0
217 62623 62675 0
218 15821 15820 0
219 62634 62649 0
220 62602 62638 0
221 62657 62680 0
222 15800 15814 0
223 62623 62667 0
224 15812 15816 0
225 15738 15805 0
226 62625 62627 0
227 15775 15774 0
228 15748 15801 0
229 15822 15822 0
230 15727 15824 0
231 62626 62639 0
232 125142 125186 0
233 125122 125178 0
234 125106 125161 0
235 15822 15822 0
236 125153 125168 0
237 125142 125144 0
238 125131 125155 0
239 7955 7971 0
240 7923 7966 0
241 7956 7989 0
242 125148 125170 0
243 62623 62688 0
244 125199 125185 0
245 7974 7999 0
246 7929 7976 0
247 125102 125178 0
248 125123 125187 0
249 125171 125165 0
250 125145 125183 0
251 7965 8009 0
252 125103 125167 0
253 125117 125106 0
254 62648 62655 0
255 125172 125162 0
256 125184 125181 0
257 125132 125192 0
258 7938 7943 0
259 125121 125152 0
260 125186 125193 0
261 125114 125138 0
262 7936 7973 0
263 125125 125192 0
264 7957 7971 0
265 125144 125139 0
266 7925 7962 0
267 7917 7973 0
268 125159 125164 0
269 7941 7943 0
270 7951 7986 0
271 31368 31442 0
272 7924 7987 0
273 125144 125192 0
274 125113 125147 0
275 125156 125169 0
276 250133 250190 0
277 250189 250194 0
278 250126 250136 0
279 4026 4100 0
280 4062 4070 0
281 4019 4086 0
282 250141 250198 0
283 250120 250144 0
284 4015 4080 0
285 250174 250178 0
286 250129 250140 0
287 62641 62649 0
288 4030 4096 0
289 4036 4097 0
290 4039 4088 0
291 250108 250187 0
292 250172 250180 0
293 250164 250180 0
294 4027 4079 0
295 31360 31449 0
296 250181 250183 0
297 250192 250181 0
298 4070 4100 0
299 250114 250198 0
300 4069 4094 0
301 250126 250109 0
302 4037 4071 0
303 250108 250112 0
304 250177 250191 0
305 250107 250105 0
306 250131 250107 0
307 4008 4083 0
308 4058 4077 0
309 250101 250102 0
310 4075 4096 0
311 250129 250156 0
312 4052 4105 0
313 250181 250181 0
314 4084 4090 0
315 250147 250141 0
316 250109 250153 0
317 4019 4074 0
318 250186 250186 0
319 250186 250195 0
320 250143 250133 0
321 250121 250122 0
322 250162 250181 0
323 500123 500148 0
324 2078 2105 0
325 500159 500136 0
326 2094 2147 0
327 2077 2106 0
328 31362 31407 0
329 500148 500145 0
330 2097 2113 0
331 500101 500144 0
332 500144 500109 0
333 2076 2106 0
334 2078 2111 0
335 2101 2137 0
336 2055 2135 0
337 2093 2142 0
338 500130 500198 0
339 2087 2152 0
340 500194 500197 0
341 2074 2138 0
342 2106 2122 0
343 500121 500123 0
344 2103 2151 0
345 500160 500182 0
346 2093 2115 0
347 500145 500162 0
348 500150 500192 0
349 500151 500139 0
350 500121 500108 0
351 2106 2115 0
352 2068 2132 0
353 500181 500177 0
354 2070 2124 0
355 2139 2152 0
356 31388 31403 0
357 500152 500195 0
358 500151 500109 0
359 500158 500177 0
360 500190 500185 0
361 62626 62661 0
362 11 27 0
363 500189 500159 0
364 500125 500103 0
365 500147 500132 0
366 31388 31412 0
367 500104 500153 0
368 26 74 0
369 17 56 0
370 500130 500166 0
371 500157 500128 0
372 15 91 0
373 12 87 0
374 500131 500195 0
375 500104 500149 0
376 9 21 0
377 500144 500161 0
378 500132 500102 0
379 31361 31384 0
380 48 58 0
381 500188 500142 0
382 13 37 0
383 10 23 0
384 8 17 0
385 29 54 0
386 31434 31449 0
387 500192 500156 0
388 500115 500169 0
389 38 47 0
390 37 52 0
391 500144 500162 0
392 500173 500189 0
393 500109 500157 0
394 500135 500171 0
395 500105 500130 0
396 500168 500131 0
397 60 84 0
398 31357 31407 0
399 31355 31374 0
--------------
1000000 :c
1004441 :sum(p)
999999 :sum(w)
