400 :n
id p,w,x
--------------
0 86 16 1
1 31431 31352 1
2 15821 15776 1
3 15825 15780 1
4 2150 2077 1
5 2125 2058 1
6 2145 2060 1
7 15823 15745 1
8 15822 15758 1
9 15805 15735 1
10 4098 4014 1
11 4106 4044 1
12 72 30 1
13 2153 2119 1
14 4078 4043 1
15 95 6 1
16 4091 4057 1
17 4084 4007 1
18 15818 15750 1
19 2102 2067 1
20 7994 7934 1
21 2135 2060 1
22 2108 2060 1
23 57 10 1
24 2122 2086 1
25 2125 2083 1
26 94 25 1
27 8006 7963 1
28 4048 4013 1
29 70 25 1
30 41 13 1
31 66 37 1
32 4097 4034 1
33 76 19 1
34 40 1 1
35 74 42 1
36 4066 4023 1
37 4106 4038 1
38 7972 7932 1
39 8004 7963 1
40 7999 7939 1
41 71 37 1
42 74 7 1
43 8004 7930 1
44 7976 7927 1
45 7996 7924 1
46 7 3 1
47 28 13 1
48 12 7 1
49 54 34 1
50 75 50 1
51 72 59 1
52 65 55 1
53 23 21 1
54 71 67 1
55 2132 2107 1
56 2110 2092 1
57 4093 4063 1
58 4034 4009 1
59 4101 4076 1
60 2130 2118 1
61 4030 4011 1
62 4094 4077 1
63 4089 4073 1
64 2119 2111 1
65 7977 7947 1
66 7965 7937 1
67 4083 4069 1
68 7974 7949 1
69 7977 7954 1
70 8000 7977 1
71 7984 7962 1
72 7982 7961 1
73 7960 7940 1
74 15805 15766 1
75 2091 2086 0
76 7974 7955 1
77 31431 31366 1
78 15786 15754 1
79 15771 15740 1
80 2082 2078 0
81 31428 31368 1
82 7951 7936 0
83 4019 4012 0
84 15767 15740 1
85 31440 31396 1
86 8003 7992 0
87 62687 62605 1
88 62674 62601 1
89 62686 62620 1
90 31428 31395 0
91 2102 2083 1
92 62671 62611 1
93 62687 62627 1
94 15749 15735 0
95 15777 15763 0
96 2140 2057 1
97 31407 31375 1
98 7953 7946 0
99 62661 62606 1
100 62680 62625 1
101 31449 31444 0
102 31439 31424 0
103 36 65 0
104 15756 15743 1
105 62694 62646 0
106 15772 15760 0
107 125197 125108 0
108 15803 15820 0
109 62676 62632 0
110 125191 125107 0
111 31403 31382 0
112 31430 31409 0
113 125178 125101 0
114 62676 62638 0
115 125172 125100 0
116 31385 31367 0
117 125183 125112 0
118 125194 125130 0
119 62658 62626 0
120 31392 31376 0
121 31429 31413 0
122 15736 15728 0
123 15750 15742 0
124 4106 4104 0
125 31393 31378 0
126 62646 62620 0
127 62650 62625 0
128 31381 31369 0
129 62652 62630 0
130 62679 62657 0
131 31388 31378 0
132 15776 15772 0
133 15785 15781 0
134 4041 4040 0
135 4098 4097 0
136 31387 31380 0
137 31423 31417 0
138 7962 7961 0
139 15781 15780 0
140 7975 7975 0
141 15777 15779 0
142 4074 4075 0
143 7996 7998 0
144 15778 15782 0
145 15731 15736 0
146 7986 7989 0
147 2077 2078 0
148 7920 7925 0
149 15751 15763 0
150 15780 15793 0
151 15734 15747 0
152 7984 7991 0
153 7977 7988 0
154 7972 7986 0
155 4016 4026 0
156 4016 4027 0
157 2113 2120 0
158 4043 4057 0
159 4033 4049 0
160 4039 4056 0
161 2132 2141 0
162 2085 2094 0
163 2083 2092 0
164 2076 2085 0
165 2086 2097 0
166 2066 2079 0
167 2074 2089 0
168 2110 2127 0
169 2066 2086 0
170 2115 2138 0
171 76 78 0
172 83 96 0
173 70 91 0
174 62 85 0
175 18 31 0
176 13 24 0
177 23 48 0
178 500176 500145 0
179 250145 250111 0
180 250176 250131 0
181 250187 250162 0
182 250165 250139 0
183 250196 250155 0
184 250158 250151 0
185 62650 62644 0
186 125180 125124 0
187 125186 125132 0
188 125151 125106 0
189 62687 62685 0
190 125157 125151 0
191 250197 250147 0
192 62611 62609 0
193 125131 125108 0
194 62677 62661 0
195 250146 250108 0
196 250130 250120 0
197 125167 125143 0
198 125151 125119 0
199 125129 125100 0
200 500151 500101 0
201 125198 125167 0
202 125130 125100 0
203 125154 125147 0
204 250187 250143 0
205 15738 15764 0
206 15731 15774 0
207 31408 31423 0
208 15772 15799 0
209 31390 31425 0
210 31375 31399 0
211 15728 15762 0
212 31394 31397 0
213 250113 250177 0
214 62615 62616 0
215 62670 62669 0
216 62615 62696 0
217 62668 62688 0
218 15766 15810 0
219 250155 250200 0
220 62633 62657 0
221 31360 31410 0
222 62613 62665 0
223 31421 31434 0
224 15748 15764 0
225 250172 250200 0
226 15759 15777 0
227 31368 31421 0
228 250124 250178 0
229 62629 62695 0
230 62670 62693 0
231 62662 62669 0
232 62678 62690 0
233 62670 62676 0
234 62624 62665 0
235 62630 62647 0
236 250139 250171 0
237 62666 62691 0
238 15752 15780 0
239 31373 31419 0
240 62607 62621 0
241 62661 62666 0
242 7938 7966 0
243 250126 250133 0
244 62622 62642 0
245 250106 250198 0
246 62652 62666 0
247 31388 31442 0
248 62630 62634 0
249 62609 62674 0
250 125100 125154 0
251 250126 250134 0
252 250172 250172 0
253 125144 125171 0
254 31370 31449 0
255 250109 250151 0
256 250121 250173 0
257 31359 31416 0
258 125121 125182 0
259 250104 250126 0
260 250102 250121 0
261 7939 7965 0
262 125173 125174 0
263 250134 250179 0
264 125109 125136 0
265 31390 31433 0
266 250129 250179 0
267 250139 250169 0
268 125142 125162 0
269 31395 31405 0
270 250184 250195 0
271 125183 125185 0
272 250167 250177 0
273 250102 250135 0
274 125151 125198 0
275 31435 31450 0
276 500153 500166 0
277 500106 500155 0
278 500108 500103 0
279 125161 125197 0
280 500123 500154 0
281 500150 500161 0
282 500112 500163 0
283 31414 31427 0
284 500149 500152 0
285 125141 125188 0
286 125114 125152 0
287 500128 500123 0
288 125151 125164 0
289 31359 31405 0
290 500120 500124 0
291 500196 500193 0
292 500144 500198 0
293 125163 125193 0
294 500129 500144 0
295 500112 500157 0
296 125120 125164 0
297 500139 500173 0
298 125122 125119 0
299 500199 500193 0
300 31398 31406 0
301 125118 125132 0
302 500116 500171 0
303 500175 500191 0
304 125108 125115 0
305 500103 500151 0
306 500178 500181 0
307 31364 31445 0
308 500173 500199 0
309 500112 500150 0
310 500112 500162 0
311 125107 125130 0
312 500140 500150 0
313 31372 31388 0
314 500152 500175 0
315 31375 31419 0
316 500106 500109 0
317 500103 500110 0
318 125166 125181 0
319 500118 500200 0
320 125144 125186 0
321 500156 500172 0
322 125102 125103 0
323 500112 500130 0
324 500193 500187 0
325 250138 250190 0
326 250191 250197 0
327 500133 500183 0
328 31361 31447 0
329 31386 31434 0
330 125116 125104 0
331 500141 500123 0
332 62603 62601 0
333 500175 500152 0
334 250151 250116 0
335 250154 250128 0
336 250169 250162 0
337 250167 250113 0
338 250200 250122 0
339 500163 500117 0
340 250174 250161 0
341 250183 250101 0
342 250167 250133 0
343 500200 500181 0
344 125199 125166 0
345 500135 500112 0
346 250153 250131 0
347 500189 500103 0
348 500125 500105 0
349 2055 2147 0
350 2066 2127 0
351 4012 4085 0
352 4029 4095 0
353 2070 2130 0
354 2123 2150 0
355 4078 4105 0
356 2107 2134 0
357 4023 4088 0
358 2088 2123 0
359 4025 4098 0
360 20 73 0
361 4060 4102 0
362 4017 4104 0
363 20 89 0
364 4010 4089 0
365 4045 4073 0
366 4056 4097 0
367 4015 4057 0
368 26 87 0
369 4029 4099 0
370 34 63 0
371 3 73 0
372 4019 4059 0
373 7970 8008 0
374 7916 7954 0
375 61 91 0
376 7918 7978 0
377 7926 7957 0
378 7938 7972 0
379 7916 7984 0
380 7913 7995 0
381 7936 7968 0
382 7949 8000 0
383 7916 7993 0
384 15746 15813 0
385 15737 15810 0
386 7 61 0
387 15741 15801 0
388 15727 15809 0
389 4016 4045 0
390 2089 2144 0
391 15737 15817 0
392 2084 2141 0
393 32 79 0
394 15726 15784 0
395 2055 2139 0
396 57 94 0
397 21 67 0
398 2067 2105 0
399 2056 2139 0
--------------
1000000 :c
1003945 :sum(p)
999999 :sum(w)
