400 :n
id p,w,x
--------------
0 2113 2078 1
1 2111 2062 1
2 2144 2098 1
3 46 13 1
4 25 11 1
5 4079 4019 1
6 86 58 1
7 4089 4030 1
8 21 16 1
9 40 23 1
10 57 15 1
11 99 34 1
12 78 64 1
13 4092 4015 1
14 30 16 1
15 51 7 1
16 68 13 1
17 4074 4010 1
18 74 31 1
19 65 6 1
20 94 21 1
21 100 36 1
22 85 18 1
23 96 26 1
24 89 65 1
25 2135 2103 1
26 93 49 1
27 95 19 1
28 4095 4024 1
29 2137 2097 1
30 2141 2059 1
31 4082 4007 1
32 4102 4013 1
33 2146 2086 1
34 15811 15777 1
35 4042 4010 1
36 8002 7945 1
37 7986 7959 1
38 8009 7915 1
39 8010 7950 1
40 31420 31366 1
41 31446 31401 1
42 31438 31373 1
43 8003 7935 1
44 15807 15761 1
45 7964 7913 1
46 7974 7948 1
47 8000 7962 1
48 7980 7915 1
49 2104 2085 1
50 62686 62610 1
51 15817 15747 1
52 8012 7972 1
53 31447 31406 1
54 4082 4053 1
55 15789 15727 1
56 31399 31353 1
57 2144 2120 1
58 4093 4049 1
59 31443 31370 1
60 31439 31372 1
61 15767 15737 1
62 62673 62605 1
63 4046 4028 1
64 7999 7938 1
65 31428 31355 1
66 15771 15733 1
67 4065 4027 1
68 15801 15730 1
69 31410 31368 1
70 7988 7922 1
71 4046 4022 1
72 38 34 1
73 97 93 1
74 2100 2085 1
75 2092 2081 1
76 2120 2110 1
77 2103 2094 1
78 2131 2123 1
79 4104 4089 1
80 4084 4070 1
81 4087 4074 1
82 2117 2111 1
83 7965 7947 1
84 7987 7969 1
85 7984 7968 1
86 4105 4098 1
87 7991 7978 1
88 15821 15797 1
89 7972 7960 1
90 7996 7984 1
91 8009 7997 1
92 2145 2142 1
93 7963 7952 1
94 4043 4038 1
95 15758 15739 1
96 7948 7939 1
97 15786 15769 0
98 31449 31418 1
99 2107 2105 0
100 62674 62615 1
101 2146 2144 1
102 20 13 1
103 2091 2079 1
104 31417 31390 1
105 31393 31368 1
106 62673 62624 0
107 31441 31444 0
108 15815 15809 0
109 500118 500192 0
110 15812 15800 1
111 125197 125107 0
112 62672 62628 0
113 31378 31358 0
114 62700 62661 0
115 7979 7975 0
116 8012 8008 0
117 2119 2118 0
118 4030 4029 0
119 4011 4011 0
120 2134 2136 0
121 98 99 0
122 37 38 0
123 80 84 0
124 125183 125139 0
125 31364 31352 0
126 125191 125145 0
127 62682 62647 0
128 62695 62675 0
129 62698 62682 0
130 500198 500120 0
131 250153 250108 0
132 31438 31433 0
133 250170 250106 0
134 250183 250141 0
135 62658 62644 0
136 250178 250133 0
137 250170 250137 0
138 250200 250142 0
139 250172 250133 0
140 250176 250113 0
141 125136 125106 0
142 125179 125148 0
143 125199 125171 0
144 125177 125155 0
145 62619 62601 0
146 62660 62639 0
147 250165 250131 0
148 15778 15773 0
149 125188 125144 0
150 62693 62689 0
151 125137 125129 0
152 7954 7953 0
153 125197 125185 0
154 31409 31405 0
155 125113 125101 0
156 250177 250159 0
157 62675 62671 0
158 250149 250124 0
159 250126 250102 0
160 250133 250107 0
161 500160 500112 0
162 500169 500132 0
163 500158 500110 0
164 500159 500113 0
165 125159 125145 0
166 15779 15778 0
167 62669 62663 0
168 125154 125139 0
169 62670 62646 0
170 62661 62630 0
171 125186 125136 0
172 125184 125130 0
173 62690 62667 0
174 62606 62662 0
175 31354 31395 0
176 62615 62652 0
177 31353 31383 0
178 62654 62666 0
179 31356 31449 0
180 62605 62642 0
181 31380 31428 0
182 31376 31435 0
183 31369 31422 0
184 31407 31426 0
185 31361 31430 0
186 31397 31436 0
187 62612 62649 0
188 31401 31407 0
189 62655 62684 0
190 31358 31446 0
191 31397 31415 0
192 31397 31404 0
193 31360 31398 0
194 31379 31449 0
195 62616 62615 0
196 31385 31399 0
197 31434 31450 0
198 31353 31360 0
199 62659 62688 0
200 62675 62681 0
201 15739 15752 0
202 15783 15807 0
203 15770 15815 0
204 15786 15808 0
205 15746 15797 0
206 15753 15759 0
207 15761 15822 0
208 15756 15762 0
209 62609 62611 0
210 15806 15825 0
211 62630 62666 0
212 15736 15741 0
213 62619 62685 0
214 15756 15794 0
215 15775 15822 0
216 15772 15807 0
217 15761 15796 0
218 15762 15793 0
219 62640 62678 0
220 62624 62653 0
221 62637 62646 0
222 15742 15750 0
223 15758 15798 0
224 15764 15772 0
225 15800 15803 0
226 15772 15774 0
227 15733 15801 0
228 62654 62694 0
229 15770 15778 0
230 62670 62668 0
231 15772 15794 0
232 62605 62690 0
233 15795 15812 0
234 15797 15813 0
235 62606 62698 0
236 62604 62699 0
237 15745 15776 0
238 125105 125143 0
239 7958 8006 0
240 125108 125138 0
241 7926 8005 0
242 125151 125196 0
243 7934 8008 0
244 125103 125155 0
245 125156 125162 0
246 7920 7982 0
247 125122 125195 0
248 7953 7962 0
249 125180 125178 0
250 125167 125168 0
251 125124 125178 0
252 125137 125166 0
253 7983 7986 0
254 125140 125180 0
255 125147 125162 0
256 125148 125161 0
257 125114 125122 0
258 7943 7973 0
259 7952 8001 0
260 125107 125112 0
261 125103 125140 0
262 125129 125154 0
263 125174 125191 0
264 125141 125146 0
265 7976 7981 0
266 7957 7970 0
267 7933 8009 0
268 7923 7929 0
269 7916 7966 0
270 125123 125199 0
271 7972 8007 0
272 125182 125197 0
273 125164 125185 0
274 7920 7957 0
275 125145 125138 0
276 125168 125181 0
277 7946 7996 0
278 125104 125130 0
279 250162 250169 0
280 4087 4106 0
281 250157 250150 0
282 250149 250177 0
283 250171 250195 0
284 250105 250101 0
285 4062 4087 0
286 250124 250182 0
287 4010 4063 0
288 4013 4091 0
289 250118 250144 0
290 250160 250191 0
291 250130 250151 0
292 4022 4067 0
293 4010 4063 0
294 250126 250136 0
295 250141 250176 0
296 250112 250196 0
297 4007 4095 0
298 250106 250188 0
299 4020 4065 0
300 4014 4040 0
301 250126 250160 0
302 250125 250128 0
303 4050 4070 0
304 31378 31421 0
305 4008 4019 0
306 4030 4070 0
307 4012 4060 0
308 4016 4104 0
309 4018 4085 0
310 250153 250164 0
311 4058 4091 0
312 4047 4062 0
313 250188 250177 0
314 4028 4069 0
315 4026 4073 0
316 250133 250192 0
317 4038 4097 0
318 250161 250176 0
319 250125 250141 0
320 250141 250143 0
321 250145 250194 0
322 2087 2143 0
323 250101 250119 0
324 250110 250155 0
325 2102 2124 0
326 250149 250166 0
327 2069 2085 0
328 2061 2082 0
329 250182 250198 0
330 250163 250166 0
331 500132 500102 0
332 2087 2142 0
333 2063 2136 0
334 500138 500174 0
335 500101 500173 0
336 500146 500185 0
337 2075 2114 0
338 2096 2152 0
339 500142 500198 0
340 2058 2086 0
341 2115 2138 0
342 2090 2147 0
343 2074 2077 0
344 2114 2144 0
345 500124 500175 0
346 2073 2079 0
347 500101 500153 0
348 500178 500190 0
349 500132 500144 0
350 500161 500135 0
351 2063 2089 0
352 2107 2141 0
353 2067 2113 0
354 62650 62663 0
355 500146 500133 0
356 2059 2065 0
357 2078 2143 0
358 500179 500171 0
359 34 39 0
360 500113 500159 0
361 32 48 0
362 4 97 0
363 500192 500193 0
364 39 78 0
365 17 53 0
366 1 48 0
367 37 89 0
368 66 98 0
369 500103 500108 0
370 500116 500124 0
371 500168 500139 0
372 500185 500160 0
373 500160 500195 0
374 31359 31396 0
375 7 30 0
376 500105 500184 0
377 500111 500103 0
378 500187 500160 0
379 500115 500119 0
380 500133 500151 0
381 21 89 0
382 500151 500121 0
383 500105 500122 0
384 3 59 0
385 500151 500121 0
386 500120 500187 0
387 500131 500193 0
388 22 98 0
389 500168 500157 0
390 10 56 0
391 500163 500194 0
392 31374 31425 0
393 500148 500133 0
394 500107 500188 0
395 62602 62638 0
396 27 33 0
397 500164 500154 0
398 31356 31357 0
399 31419 31433 0
--------------
1000000 :c
1004035 :sum(p)
1000000 :sum(w)
