400 :n
id p,w,x
--------------
0 4075 4047 1
1 4060 4035 1
2 34 10 1
3 64 40 1
4 61 1 1
5 74 42 1
6 86 17 1
7 4073 4046 1
8 4092 4071 1
9 15816 15730 1
10 7996 7937 1
11 8012 7949 1
12 76 20 1
13 7995 7926 1
14 4076 4024 1
15 31 2 1
16 49 9 1
17 4084 4031 1
18 8012 7955 1
19 82 5 1
20 37 10 1
21 76 53 1
22 93 26 1
23 4089 4015 1
24 81 46 1
25 8002 7918 1
26 52 21 1
27 95 31 1
28 2110 2067 1
29 2114 2059 1
30 2102 2058 1
31 2134 2102 1
32 2151 2076 1
33 2085 2063 1
34 15803 15734 1
35 7987 7927 1
36 2125 2074 1
37 4106 4065 1
38 2111 2085 1
39 2152 2081 1
40 4077 4027 1
41 2126 2090 1
42 2126 2078 1
43 2099 2071 1
44 2096 2062 1
45 7994 7922 1
46 7989 7924 1
47 2145 2112 1
48 15816 15766 1
49 15815 15759 1
50 7961 7930 1
51 7993 7968 1
52 8005 7977 1
53 15813 15744 1
54 15780 15733 1
55 15782 15739 1
56 15775 15736 1
57 15794 15743 1
58 15 6 1
59 41 29 1
60 76 62 1
61 80 69 1
62 45 41 1
63 82 75 1
64 2106 2089 1
65 2082 2068 1
66 2123 2109 1
67 2150 2139 1
68 4035 4017 1
69 4068 4050 1
70 4093 4078 1
71 4082 4068 1
72 4076 4063 1
73 4041 4029 1
74 31436 31359 1
75 31414 31351 1
76 4092 4084 1
77 31440 31379 1
78 7934 7919 1
79 31449 31393 1
80 31433 31378 1
81 4065 4058 1
82 31435 31381 1
83 31406 31356 1
84 15803 15779 1
85 4057 4051 1
86 4058 4052 0
87 8005 7994 1
88 15808 15787 1
89 4032 4027 1
90 4045 4040 1
91 31450 31413 1
92 31406 31372 1
93 15766 15749 1
94 62698 62634 1
95 62688 62630 1
96 31394 31366 1
97 31419 31392 1
98 7970 7928 1
99 62675 62603 1
100 31438 31409 1
101 62687 62635 0
102 62651 62601 0
103 31442 31426 0
104 7997 7994 0
105 28 71 0
106 62651 62602 0
107 62659 62613 0
108 31434 31412 0
109 62686 62648 0
110 125190 125115 0
111 62670 62633 0
112 15775 15766 0
113 4100 4104 0
114 15825 15816 0
115 62642 62608 0
116 62697 62664 0
117 62638 62606 0
118 15772 15764 0
119 15815 15807 0
120 15816 15808 0
121 4082 4080 1
122 2087 2086 1
123 2148 2147 1
124 62640 62613 0
125 62652 62625 0
126 7980 7977 1
127 15736 15734 0
128 15813 15811 0
129 15763 15762 0
130 7950 7952 0
131 7951 7954 0
132 7957 7961 0
133 7957 7962 0
134 4036 4040 0
135 2124 2127 0
136 4086 4093 0
137 4057 4066 0
138 2134 2139 0
139 2057 2063 0
140 2125 2134 0
141 2124 2135 0
142 92 97 1
143 77 83 0
144 76 82 0
145 61 73 0
146 11 21 0
147 500192 500123 0
148 500188 500105 0
149 250182 250110 0
150 125167 125142 0
151 62661 62651 0
152 125158 125101 0
153 250195 250147 0
154 250183 250131 0
155 125199 125152 0
156 250182 250138 0
157 62644 62619 0
158 250199 250140 0
159 250182 250133 0
160 250141 250104 0
161 62652 62641 0
162 62627 62604 0
163 500191 500118 0
164 125181 125117 0
165 125190 125120 0
166 125199 125130 0
167 125133 125103 0
168 62628 62620 0
169 500180 500118 0
170 125197 125158 0
171 125192 125141 0
172 62682 62673 0
173 250174 250125 0
174 250167 250111 0
175 125199 125183 0
176 125178 125145 0
177 125181 125122 0
178 500195 500107 0
179 125192 125139 0
180 62684 62664 0
181 500191 500122 0
182 31352 31418 0
183 31387 31385 0
184 31354 31420 0
185 62690 62697 0
186 31411 31440 0
187 62698 62697 0
188 62631 62690 0
189 31396 31425 0
190 31414 31439 0
191 31352 31417 0
192 62653 62695 0
193 31356 31441 0
194 31386 31417 0
195 31366 31449 0
196 31359 31408 0
197 62643 62671 0
198 62665 62678 0
199 62618 62625 0
200 15753 15820 0
201 62625 62642 0
202 15734 15824 0
203 15786 15823 0
204 15767 15824 0
205 15770 15778 0
206 15788 15800 0
207 62679 62680 0
208 62661 62660 0
209 15728 15780 0
210 15764 15805 0
211 15740 15755 0
212 15746 15807 0
213 15788 15800 0
214 62678 62687 0
215 15792 15814 0
216 15790 15819 0
217 62628 62636 0
218 62610 62606 0
219 125141 125145 0
220 15737 15788 0
221 125104 125107 0
222 15779 15792 0
223 125114 125197 0
224 125110 125193 0
225 125163 125155 0
226 125192 125181 0
227 31426 31425 0
228 125124 125149 0
229 125120 125199 0
230 15742 15803 0
231 15750 15793 0
232 125149 125197 0
233 125112 125121 0
234 125177 125164 0
235 15756 15822 0
236 15740 15756 0
237 15802 15819 0
238 125114 125180 0
239 125174 125174 0
240 7940 7957 0
241 7946 8003 0
242 125129 125150 0
243 7957 7976 0
244 7954 7988 0
245 31359 31447 0
246 7921 7972 0
247 7914 7933 0
248 7933 7950 0
249 62613 62643 0
250 125133 125161 0
251 125151 125183 0
252 125154 125189 0
253 7975 8012 0
254 125129 125127 0
255 7941 7985 0
256 125112 125126 0
257 7979 8004 0
258 7950 7971 0
259 125115 125104 0
260 125186 125188 0
261 125169 125181 0
262 125113 125118 0
263 125151 125183 0
264 7930 7967 0
265 31370 31418 0
266 125136 125154 0
267 125122 125126 0
268 7963 7991 0
269 250116 250107 0
270 7960 7999 0
271 7929 8002 0
272 250147 250182 0
273 7928 8009 0
274 7944 7980 0
275 7947 7958 0
276 62668 62689 0
277 7944 7971 0
278 7930 7975 0
279 250149 250194 0
280 31355 31376 0
281 250104 250103 0
282 250149 250119 0
283 4023 4078 0
284 250127 250154 0
285 250149 250164 0
286 250101 250139 0
287 250101 250119 0
288 250126 250178 0
289 4044 4093 0
290 250184 250155 0
291 4008 4027 0
292 250155 250184 0
293 250133 250108 0
294 250123 250138 0
295 250142 250162 0
296 4023 4055 0
297 250151 250165 0
298 4023 4096 0
299 4024 4040 0
300 4044 4075 0
301 250117 250125 0
302 4008 4039 0
303 250168 250152 0
304 250171 250191 0
305 4021 4035 0
306 31395 31448 0
307 250120 250139 0
308 250135 250200 0
309 31368 31385 0
310 4053 4079 0
311 250182 250167 0
312 4041 4093 0
313 4063 4085 0
314 4031 4090 0
315 4059 4104 0
316 62683 62679 0
317 250106 250106 0
318 250151 250198 0
319 31397 31395 0
320 250120 250163 0
321 2090 2108 0
322 2069 2123 0
323 2105 2127 0
324 2065 2085 0
325 2119 2147 0
326 2091 2146 0
327 250167 250167 0
328 31352 31370 0
329 250145 250182 0
330 250143 250147 0
331 250175 250158 0
332 250176 250161 0
333 2098 2116 0
334 2098 2145 0
335 2134 2152 0
336 250118 250163 0
337 500162 500113 0
338 62603 62626 0
339 500194 500162 0
340 500120 500138 0
341 62616 62618 0
342 500172 500128 0
343 500140 500192 0
344 31377 31405 0
345 2073 2126 0
346 500194 500152 0
347 500138 500187 0
348 2100 2142 0
349 500184 500197 0
350 2061 2091 0
351 500180 500173 0
352 500149 500123 0
353 2065 2122 0
354 500130 500102 0
355 2067 2100 0
356 500131 500140 0
357 500199 500146 0
358 2075 2148 0
359 500106 500150 0
360 1 22 0
361 500181 500133 0
362 1 19 0
363 500139 500113 0
364 500189 500127 0
365 500189 500133 0
366 500142 500115 0
367 500131 500132 0
368 16 99 0
369 500123 500117 0
370 500132 500177 0
371 500122 500110 0
372 500137 500180 0
373 500152 500114 0
374 62634 62687 0
375 71 88 0
376 500151 500156 0
377 73 90 0
378 500166 500179 0
379 500194 500157 0
380 33 86 0
381 24 72 0
382 500196 500142 0
383 27 97 0
384 14 34 0
385 31362 31388 0
386 31369 31420 0
387 500169 500177 0
388 31368 31429 0
389 500157 500145 0
390 50 97 0
391 31410 31448 0
392 500110 500198 0
393 40 69 0
394 500103 500102 0
395 500172 500145 0
396 53 78 0
397 43 91 0
398 31372 31438 0
399 31375 31400 0
--------------
1000000 :c
1003881 :sum(p)
1000000 :sum(w)
