400 :n
id p,w,x
--------------
0 15805 15727 1
1 15819 15747 1
2 48 26 1
3 98 61 1
4 79 29 1
5 63 11 1
6 75 31 1
7 15821 15726 1
8 98 45 1
9 56 21 1
10 53 29 1
11 100 27 1
12 53 6 1
13 88 30 1
14 45 15 1
15 7990 7936 1
16 73 29 1
17 2122 2061 1
18 7985 7944 1
19 2105 2067 1
20 2152 2057 1
21 8006 7938 1
22 2141 2069 1
23 7999 7943 1
24 2139 2067 1
25 8010 7940 1
26 2136 2069 1
27 2137 2060 1
28 2148 2105 1
29 2138 2055 1
30 7968 7914 1
31 2143 2085 1
32 4060 4027 1
33 8009 7916 1
34 4049 4024 1
35 4100 4058 1
36 4073 4024 1
37 7999 7941 1
38 4073 4044 1
39 4089 4030 1
40 4080 4028 1
41 4072 4014 1
42 4098 4068 1
43 4096 4011 1
44 8005 7927 1
45 8009 7954 1
46 15812 15758 1
47 15818 15753 1
48 15781 15731 1
49 15821 15760 1
50 31437 31360 1
51 27 9 1
52 43 40 1
53 2149 2129 1
54 2076 2057 1
55 2143 2124 1
56 2123 2105 1
57 2126 2112 1
58 4046 4024 1
59 4044 4025 1
60 4051 4032 1
61 2064 2055 1
62 4048 4031 1
63 7956 7927 1
64 8005 7977 1
65 2112 2105 1
66 7999 7974 1
67 4105 4094 1
68 15767 15731 1
69 7954 7936 1
70 7967 7949 1
71 4023 4014 1
72 31448 31378 1
73 31425 31362 1
74 31445 31386 1
75 15764 15735 1
76 15773 15744 1
77 15800 15772 1
78 7995 7981 1
79 7992 7979 1
80 7998 7985 1
81 4047 4041 1
82 15816 15793 1
83 31405 31361 1
84 7997 7986 1
85 31403 31360 1
86 31447 31404 1
87 31444 31403 1
88 45 12 1
89 15784 15764 1
90 62692 62616 1
91 31429 31391 1
92 15768 15749 1
93 15771 15753 1
94 7926 7917 1
95 7927 7918 1
96 15767 15747 1
97 62684 62609 1
98 62672 62604 0
99 62693 62631 0
100 31430 31399 1
101 62698 62670 0
102 4098 4100 0
103 2147 2150 1
104 4083 4079 1
105 31449 31421 1
106 31433 31407 0
107 62650 62608 0
108 125181 125111 0
109 62663 62622 0
110 125189 125123 0
111 62655 62611 0
112 62637 62604 0
113 15746 15810 0
114 31430 31414 0
115 7962 7958 0
116 31372 31358 0
117 31409 31395 0
118 125179 125124 0
119 62660 62634 0
120 62695 62669 0
121 31416 31403 0
122 125198 125147 0
123 125150 125100 0
124 125170 125120 0
125 125192 125142 0
126 125189 125145 0
127 62641 62620 0
128 62642 62621 0
129 31447 31439 0
130 15732 15728 0
131 7952 7950 0
132 31447 31441 0
133 15754 15752 0
134 15774 15772 0
135 31367 31365 0
136 64 64 0
137 4050 4050 0
138 7968 7969 0
139 7994 7996 0
140 4008 4013 0
141 2093 2096 0
142 4097 4103 0
143 4021 4028 0
144 4032 4040 0
145 4028 4037 0
146 2106 2111 0
147 4041 4052 0
148 4057 4070 0
149 2117 2127 0
150 2056 2066 0
151 2070 2084 0
152 87 91 0
153 51 57 1
154 78 89 0
155 76 89 0
156 62 75 0
157 71 88 0
158 35 46 0
159 14 23 0
160 9 15 0
161 6 13 0
162 7 24 0
163 2 11 0
164 1 14 0
165 500198 500134 0
166 500102 500101 0
167 62628 62630 0
168 250154 250173 0
169 500186 500174 0
170 500106 500155 0
171 500189 500150 0
172 62671 62665 0
173 500168 500191 0
174 500138 500108 0
175 500165 500167 0
176 500162 500200 0
177 62644 62637 0
178 500152 500173 0
179 125196 125196 0
180 500164 500173 0
181 250197 250185 0
182 31360 31362 0
183 500161 500149 0
184 500158 500173 0
185 500159 500172 0
186 500193 500177 0
187 250148 250160 0
188 250118 250115 0
189 500102 500120 0
190 125116 125103 0
191 500133 500110 0
192 31414 31414 0
193 500167 500187 0
194 125175 125166 0
195 125116 125115 0
196 31357 31356 0
197 500168 500177 0
198 250168 250165 0
199 500163 500155 0
200 250173 250141 0
201 125142 125128 0
202 31388 31389 0
203 250156 250155 0
204 125192 125198 0
205 250118 250116 0
206 125109 125119 0
207 500196 500179 0
208 500158 500117 0
209 250131 250106 0
210 250140 250161 0
211 250175 250200 0
212 250125 250103 0
213 500185 500146 0
214 500174 500153 0
215 500114 500118 0
216 500153 500115 0
217 250196 250166 0
218 500160 500179 0
219 250129 250118 0
220 500173 500180 0
221 250133 250115 0
222 500157 500172 0
223 500138 500114 0
224 31415 31416 0
225 250181 250178 0
226 62670 62665 0
227 250129 250156 0
228 500130 500147 0
229 500114 500112 0
230 62631 62635 0
231 500116 500166 0
232 125170 125144 0
233 125198 125165 0
234 250192 250156 0
235 250198 250116 0
236 250176 250108 0
237 250169 250109 0
238 250192 250135 0
239 250177 250101 0
240 250149 250103 0
241 250189 250106 0
242 250166 250101 0
243 62673 62659 0
244 125146 125126 0
245 62642 62628 0
246 62671 62650 0
247 62640 62623 0
248 125140 125109 0
249 250146 250113 0
250 125195 125178 0
251 62614 62605 0
252 125164 125129 0
253 125154 125117 0
254 500197 500117 0
255 125198 125179 0
256 125175 125155 0
257 500137 500182 0
258 62670 62662 0
259 7915 7942 0
260 250113 250175 0
261 31374 31439 0
262 7950 7967 0
263 31370 31381 0
264 31355 31398 0
265 31355 31415 0
266 250105 250140 0
267 7942 8002 0
268 7937 7952 0
269 31396 31416 0
270 31422 31430 0
271 31389 31408 0
272 31393 31450 0
273 31356 31420 0
274 31377 31414 0
275 7962 8007 0
276 7966 7991 0
277 7948 7984 0
278 7923 7936 0
279 31365 31448 0
280 31400 31443 0
281 4032 4049 0
282 31366 31386 0
283 250126 250153 0
284 4015 4043 0
285 31411 31419 0
286 4067 4101 0
287 15739 15768 0
288 31394 31450 0
289 31380 31431 0
290 15730 15785 0
291 4017 4085 0
292 62608 62668 0
293 62622 62664 0
294 4067 4087 0
295 62616 62658 0
296 4021 4100 0
297 4052 4082 0
298 4023 4106 0
299 7924 7988 0
300 62623 62658 0
301 500110 500190 0
302 7961 8009 0
303 7955 8012 0
304 4021 4094 0
305 62608 62650 0
306 4035 4071 0
307 62624 62650 0
308 15785 15795 0
309 15734 15745 0
310 62640 62657 0
311 62622 62649 0
312 4044 4087 0
313 4027 4057 0
314 4050 4071 0
315 62633 62693 0
316 500122 500194 0
317 500127 500194 0
318 250164 250195 0
319 2069 2121 0
320 2082 2145 0
321 2071 2104 0
322 62671 62682 0
323 62616 62631 0
324 2081 2124 0
325 7937 7980 0
326 62644 62688 0
327 15768 15782 0
328 2091 2146 0
329 62654 62693 0
330 2066 2129 0
331 62626 62636 0
332 7924 7971 0
333 2101 2134 0
334 2073 2113 0
335 62604 62697 0
336 15730 15754 0
337 2093 2133 0
338 2096 2119 0
339 2071 2153 0
340 2111 2140 0
341 62609 62625 0
342 125154 125185 0
343 125100 125155 0
344 2086 2126 0
345 125113 125132 0
346 125145 125182 0
347 2088 2112 0
348 15776 15797 0
349 125113 125127 0
350 125127 125156 0
351 125144 125168 0
352 500112 500180 0
353 2054 2142 0
354 125138 125188 0
355 2108 2141 0
356 2071 2099 0
357 125183 125199 0
358 15744 15801 0
359 1 34 0
360 35 69 0
361 125142 125174 0
362 125157 125173 0
363 15759 15800 0
364 125147 125171 0
365 7927 7951 0
366 41 92 0
367 250119 250171 0
368 125112 125159 0
369 7973 8004 0
370 30 62 0
371 63 86 0
372 125101 125136 0
373 125152 125166 0
374 16 58 0
375 125160 125176 0
376 15746 15774 0
377 15772 15781 0
378 61 91 0
379 15788 15793 0
380 250129 250170 0
381 250116 250169 0
382 15789 15794 0
383 15763 15782 0
384 250127 250155 0
385 250139 250183 0
386 15758 15785 0
387 500116 500178 0
388 250129 250190 0
389 13 47 0
390 15792 15820 0
391 15733 15777 0
392 50 96 0
393 250141 250200 0
394 250147 250180 0
395 15726 15765 0
396 250113 250154 0
397 34 99 0
398 15740 15755 0
399 15804 15820 0
--------------
1000000 :c
1004154 :sum(p)
1000000 :sum(w)
