400 :n
id p,w,x
--------------
0 15792 15758 1
1 31437 31360 1
2 28 16 1
3 56 25 1
4 97 25 1
5 61 46 1
6 15812 15740 1
7 81 69 1
8 46 16 1
9 15798 15750 1
10 95 63 1
11 88 57 1
12 56 30 1
13 93 4 1
14 93 65 1
15 60 28 1
16 71 18 1
17 95 28 1
18 84 49 1
19 70 11 1
20 2100 2061 1
21 2120 2057 1
22 2153 2111 1
23 2119 2062 1
24 2121 2094 1
25 2147 2063 1
26 2117 2054 1
27 2142 2054 1
28 2152 2075 1
29 2147 2108 1
30 15803 15754 1
31 2130 2108 1
32 2148 2130 1
33 2136 2059 1
34 2136 2101 1
35 2151 2079 1
36 15813 15739 1
37 2122 2080 1
38 4066 4049 1
39 4087 4021 1
40 4045 4027 1
41 4091 4030 1
42 15817 15756 1
43 4100 4078 1
44 4057 4021 1
45 4057 4023 1
46 15813 15756 1
47 4071 4037 1
48 4059 4041 1
49 4093 4053 1
50 4031 4007 1
51 4095 4027 1
52 7968 7913 1
53 7970 7920 1
54 7997 7936 1
55 7987 7921 1
56 7977 7917 1
57 7971 7933 1
58 7957 7933 1
59 31430 31360 1
60 7947 7924 1
61 8005 7955 1
62 15820 15729 1
63 15813 15777 1
64 60 52 1
65 95 87 1
66 2110 2103 1
67 4034 4024 1
68 2120 2115 1
69 4088 4079 1
70 15801 15767 1
71 31441 31377 1
72 2069 2065 0
73 15822 15793 1
74 31425 31377 1
75 15799 15775 1
76 62699 62611 1
77 31418 31374 1
78 62690 62603 1
79 31432 31393 1
80 62692 62616 1
81 31446 31408 1
82 7990 7981 0
83 62670 62602 1
84 62678 62610 1
85 80 40 1
86 7941 7913 1
87 4017 4012 1
88 62687 62619 1
89 31445 31415 0
90 2108 2106 1
91 62700 62696 0
92 15817 15820 0
93 250156 250192 0
94 62678 62619 0
95 31383 31354 0
96 31413 31385 1
97 62665 62610 0
98 31390 31364 0
99 31397 31372 0
100 15803 15791 0
101 15742 15732 0
102 15787 15777 0
103 7946 7941 0
104 31428 31410 0
105 31383 31367 0
106 7967 7963 0
107 7985 7981 0
108 4062 4060 0
109 15740 15733 0
110 7935 7932 0
111 7983 7981 0
112 4068 4068 1
113 4053 4054 0
114 2092 2093 0
115 2060 2061 0
116 2056 2058 0
117 2057 2063 0
118 70 78 0
119 62649 62620 0
120 62656 62614 0
121 250197 250104 0
122 125188 125123 0
123 125187 125110 0
124 125168 125105 0
125 125189 125110 0
126 250164 250134 0
127 125187 125147 0
128 31393 31382 0
129 250140 250108 0
130 500177 500103 0
131 31429 31423 0
132 125173 125137 0
133 125186 125166 0
134 125174 125160 0
135 31363 31354 0
136 62674 62657 0
137 250172 250109 0
138 125140 125113 0
139 500195 500122 0
140 500154 500104 0
141 500171 500120 0
142 500196 500134 0
143 62696 62683 0
144 125191 125163 0
145 62673 62662 0
146 62652 62639 0
147 250148 250121 0
148 15770 15768 0
149 15736 15732 0
150 62642 62629 0
151 250200 250142 0
152 62640 62634 0
153 250197 250124 0
154 250190 250161 0
155 62666 62641 0
156 500143 500119 0
157 500138 500143 0
158 500143 500182 0
159 500139 500196 0
160 500139 500108 0
161 250181 250169 0
162 500193 500185 0
163 500134 500101 0
164 500193 500200 0
165 500163 500192 0
166 500106 500142 0
167 500158 500126 0
168 500119 500141 0
169 500176 500141 0
170 250107 250128 0
171 250119 250134 0
172 250120 250146 0
173 500132 500190 0
174 500105 500119 0
175 500189 500166 0
176 500148 500166 0
177 125178 125190 0
178 500111 500103 0
179 500142 500185 0
180 500162 500130 0
181 125121 125119 0
182 500123 500102 0
183 125151 125160 0
184 250115 250104 0
185 125177 125172 0
186 250101 250111 0
187 250110 250109 0
188 500150 500155 0
189 500136 500131 0
190 500119 500114 0
191 500124 500156 0
192 31436 31435 0
193 250137 250133 0
194 125147 125137 0
195 500169 500181 0
196 31392 31393 0
197 500167 500197 0
198 125186 125196 0
199 125117 125107 0
200 250158 250169 0
201 250184 250165 0
202 250173 250157 0
203 250124 250113 0
204 500193 500188 0
205 250160 250166 0
206 500141 500200 0
207 500155 500121 0
208 125163 125169 0
209 15764 15764 0
210 500159 500171 0
211 250151 250178 0
212 15737 15737 0
213 250159 250141 0
214 250156 250177 0
215 250119 250125 0
216 500191 500152 0
217 250166 250150 0
218 250154 250132 0
219 15729 15728 0
220 250141 250154 0
221 62624 62620 0
222 500108 500109 0
223 250176 250153 0
224 62679 62643 0
225 31441 31427 0
226 125160 125102 0
227 125159 125106 0
228 125177 125111 0
229 62658 62629 0
230 15778 15805 0
231 250133 250188 0
232 15755 15770 0
233 15792 15802 0
234 15773 15821 0
235 15752 15765 0
236 15746 15790 0
237 15787 15820 0
238 250107 250176 0
239 7974 7980 0
240 15810 15816 0
241 7968 7993 0
242 7958 7994 0
243 7932 7984 0
244 7914 7942 0
245 7924 7945 0
246 250123 250198 0
247 7939 7960 0
248 15734 15748 0
249 7917 7942 0
250 15755 15795 0
251 7926 7943 0
252 250129 250174 0
253 250122 250183 0
254 7941 7977 0
255 7943 7976 0
256 31373 31380 0
257 7940 8006 0
258 31358 31380 0
259 7926 7946 0
260 250125 250184 0
261 7946 7949 0
262 31387 31426 0
263 7966 7978 0
264 7985 7987 0
265 31375 31437 0
266 7940 8012 0
267 31405 31430 0
268 7924 7988 0
269 7987 8011 0
270 7938 7963 0
271 31357 31423 0
272 7990 7994 0
273 31355 31411 0
274 31397 31446 0
275 250141 250174 0
276 7931 7952 0
277 7960 8000 0
278 7970 7991 0
279 31361 31436 0
280 4074 4097 0
281 4010 4071 0
282 4021 4080 0
283 15729 15811 0
284 31358 31398 0
285 4028 4043 0
286 4017 4040 0
287 31397 31432 0
288 4014 4031 0
289 4012 4042 0
290 4019 4072 0
291 4015 4080 0
292 4084 4101 0
293 4027 4087 0
294 4014 4043 0
295 4092 4105 0
296 31369 31406 0
297 31373 31430 0
298 31361 31377 0
299 31389 31405 0
300 4068 4081 0
301 4042 4067 0
302 4008 4085 0
303 250117 250200 0
304 31415 31434 0
305 31390 31416 0
306 4077 4103 0
307 31390 31441 0
308 250118 250174 0
309 4077 4085 0
310 31390 31410 0
311 31403 31430 0
312 4048 4088 0
313 4019 4068 0
314 4016 4075 0
315 62619 62660 0
316 62654 62695 0
317 4071 4087 0
318 62672 62684 0
319 2102 2124 0
320 62647 62686 0
321 62603 62634 0
322 2137 2152 0
323 62620 62684 0
324 62639 62673 0
325 62651 62677 0
326 62683 62692 0
327 2078 2109 0
328 2061 2087 0
329 2084 2148 0
330 62644 62657 0
331 62612 62649 0
332 62615 62650 0
333 62647 62663 0
334 2086 2100 0
335 62603 62647 0
336 2120 2141 0
337 15795 15800 0
338 15740 15777 0
339 2074 2112 0
340 62624 62664 0
341 2085 2149 0
342 2099 2143 0
343 62638 62667 0
344 2057 2110 0
345 62615 62641 0
346 2064 2107 0
347 62628 62675 0
348 62603 62688 0
349 125126 125148 0
350 2094 2136 0
351 125149 125165 0
352 2074 2124 0
353 2078 2124 0
354 2095 2129 0
355 15751 15797 0
356 125106 125142 0
357 125138 125157 0
358 15731 15813 0
359 125111 125190 0
360 42 86 0
361 125146 125165 0
362 20 41 0
363 36 67 0
364 58 95 0
365 9 60 0
366 125176 125194 0
367 25 34 0
368 6 90 0
369 47 91 0
370 55 75 0
371 57 67 0
372 32 45 0
373 9 43 0
374 12 70 0
375 125101 125199 0
376 500110 500174 0
377 125109 125169 0
378 500110 500173 0
379 125101 125191 0
380 11 29 0
381 125119 125173 0
382 125124 125166 0
383 50 90 0
384 11 42 0
385 15787 15794 0
386 125119 125153 0
387 53 68 0
388 125125 125171 0
389 125108 125124 0
390 76 100 0
391 125104 125161 0
392 68 87 0
393 125125 125188 0
394 3 44 0
395 125115 125198 0
396 125145 125196 0
397 250106 250179 0
398 15731 15744 0
399 15752 15807 0
--------------
1000000 :c
1003928 :sum(p)
1000000 :sum(w)
