400 :n
id p,w,x
--------------
0 4105 4007 1
1 8002 7921 1
2 2141 2056 1
3 2151 2069 1
4 15824 15730 1
5 15825 15739 1
6 2145 2066 1
7 2143 2072 1
8 92 15 1
9 55 3 1
10 69 18 1
11 70 25 1
12 61 25 1
13 100 42 1
14 61 27 1
15 95 44 1
16 68 35 1
17 65 36 1
18 89 61 1
19 98 73 1
20 86 70 1
21 72 60 1
22 70 60 1
23 40 35 1
24 64 61 1
25 2130 2066 1
26 2129 2069 1
27 2138 2090 1
28 2108 2061 1
29 2108 2070 1
30 4100 4033 1
31 4088 4027 1
32 4086 4027 1
33 70 69 1
34 4076 4018 1
35 2083 2056 1
36 4063 4011 1
37 4054 4009 1
38 4096 4052 1
39 4087 4044 1
40 2097 2077 1
41 4045 4008 1
42 7973 7918 1
43 4079 4051 1
44 2085 2071 1
45 2069 2056 1
46 4047 4022 1
47 4053 4028 1
48 7982 7936 1
49 4055 4032 1
50 68 40 1
51 15825 15745 1
52 4058 4038 1
53 2096 2086 1
54 8012 7974 1
55 4077 4058 1
56 7960 7924 1
57 7963 7927 1
58 15811 15740 1
59 2073 2064 1
60 7999 7966 1
61 7974 7942 1
62 7981 7949 1
63 7982 7951 1
64 15795 15734 1
65 15814 15754 1
66 7982 7952 1
67 4037 4023 1
68 4072 4058 1
69 15790 15737 1
70 15782 15730 1
71 15824 15772 1
72 15815 15765 1
73 7993 7969 1
74 15811 15766 1
75 15785 15745 1
76 31429 31353 1
77 31430 31357 1
78 15804 15768 1
79 7949 7931 1
80 7984 7966 1
81 31448 31381 1
82 7988 7974 1
83 15822 15795 1
84 31445 31393 1
85 7950 7937 1
86 15753 15730 1
87 15797 15774 1
88 7941 7931 1
89 31437 31398 1
90 62680 62603 1
91 62687 62613 1
92 62682 62607 1
93 15791 15772 1
94 31431 31398 1
95 4044 4040 1
96 31430 31399 0
97 4048 4026 1
98 31389 31353 1
99 2142 2140 1
100 62696 62638 1
101 125199 125102 0
102 31433 31413 0
103 31432 31418 0
104 31430 31439 0
105 7928 7922 0
106 7982 7977 0
107 4016 4016 1
108 62646 62603 0
109 62652 62611 0
110 125189 125116 0
111 31378 31360 0
112 62664 62629 0
113 125187 125129 0
114 15776 15769 0
115 125184 125129 0
116 62658 62631 0
117 62700 62674 0
118 31389 31376 0
119 125159 125109 0
120 31427 31415 0
121 125192 125145 0
122 125174 125129 0
123 62653 62633 0
124 62664 62644 0
125 15796 15791 0
126 125170 125131 0
127 125175 125141 0
128 62634 62618 0
129 31374 31366 0
130 31428 31420 0
131 125186 125156 0
132 125193 125167 0
133 31394 31388 0
134 15812 15809 0
135 62616 62605 0
136 62690 62681 0
137 31399 31395 0
138 62645 62639 0
139 62678 62672 0
140 62657 62652 0
141 62654 62650 0
142 15813 15812 0
143 31375 31374 0
144 62686 62647 0
145 62652 62653 0
146 62667 62669 0
147 31377 31379 0
148 31369 31371 0
149 62627 62631 0
150 31409 31415 0
151 31419 31427 0
152 15804 15816 0
153 15797 15801 0
154 15775 15780 0
155 31388 31400 0
156 31405 31420 0
157 4056 4058 0
158 31370 31386 0
159 31355 31371 0
160 31353 31371 0
161 15752 15762 0
162 31371 31394 0
163 4073 4076 1
164 7920 7926 0
165 15739 15752 0
166 31424 31450 0
167 7915 7922 0
168 15799 15813 0
169 2118 2120 1
170 15789 15804 0
171 31371 31402 0
172 4043 4047 0
173 7934 7942 0
174 31351 31383 0
175 15739 15756 0
176 31351 31388 0
177 15732 15753 0
178 7985 7996 0
179 15789 15811 0
180 15768 15793 0
181 7959 7972 0
182 2066 2070 1
183 7960 7976 0
184 7986 8004 0
185 7944 7962 0
186 15736 15773 0
187 2090 2095 0
188 2056 2061 0
189 4012 4022 0
190 15727 15768 0
191 7925 7946 0
192 7929 7952 0
193 15742 15793 0
194 15760 15812 0
195 7926 7955 0
196 7921 7954 0
197 2122 2131 0
198 4056 4075 0
199 7972 8010 0
200 7921 7962 0
201 7962 8004 0
202 7932 7974 0
203 7923 7969 0
204 7944 7991 0
205 4012 4036 0
206 2138 2151 0
207 2138 2151 0
208 7962 8011 0
209 7942 7995 0
210 2070 2084 0
211 4053 4081 0
212 7928 7986 0
213 2107 2123 0
214 2121 2138 0
215 2083 2104 0
216 4045 4087 0
217 4021 4065 0
218 4038 4085 0
219 4023 4070 0
220 4050 4098 0
221 4015 4063 0
222 4014 4065 0
223 2100 2127 0
224 4018 4072 0
225 4043 4100 0
226 2086 2118 0
227 2058 2091 0
228 2097 2131 0
229 2076 2110 0
230 2059 2093 0
231 2079 2115 0
232 2058 2099 0
233 2060 2110 0
234 2085 2140 0
235 2081 2136 0
236 2081 2141 0
237 59 61 0
238 79 82 1
239 94 98 1
240 70 82 0
241 70 89 0
242 50 66 0
243 27 37 0
244 31 43 0
245 42 83 0
246 35 70 0
247 42 90 0
248 30 74 0
249 30 77 0
250 37 96 0
251 21 66 0
252 14 45 0
253 20 70 0
254 7 34 0
255 1 37 0
256 125157 125137 0
257 125172 125150 0
258 500200 500152 0
259 125199 125176 0
260 500140 500102 0
261 250164 250122 0
262 125153 125131 0
263 250166 250135 0
264 250152 250126 0
265 250199 250157 0
266 250197 250161 0
267 500159 500104 0
268 500185 500112 0
269 500169 500124 0
270 250171 250117 0
271 250168 250115 0
272 250170 250121 0
273 250191 250136 0
274 250196 250114 0
275 250187 250106 0
276 250174 250101 0
277 250192 250124 0
278 250182 250110 0
279 250200 250124 0
280 250197 250127 0
281 500183 500151 0
282 500197 500138 0
283 125172 125151 0
284 500173 500132 0
285 125129 125106 0
286 500152 500105 0
287 125154 125138 0
288 250102 250180 0
289 250165 250151 0
290 4023 4090 0
291 250150 250171 0
292 250119 250178 0
293 250108 250175 0
294 250182 250197 0
295 250131 250126 0
296 250134 250189 0
297 250137 250138 0
298 250119 250146 0
299 250159 250148 0
300 4007 4071 0
301 4009 4106 0
302 250183 250169 0
303 250131 250191 0
304 250110 250144 0
305 250119 250108 0
306 250149 250162 0
307 250155 250153 0
308 250133 250180 0
309 250114 250115 0
310 250126 250178 0
311 125134 125194 0
312 125131 125140 0
313 125109 125170 0
314 125119 125162 0
315 125132 125166 0
316 125148 125148 0
317 125154 125169 0
318 250115 250148 0
319 250109 250163 0
320 250109 250181 0
321 2082 2148 0
322 125170 125193 0
323 125172 125186 0
324 250134 250178 0
325 500126 500108 0
326 125174 125189 0
327 125132 125144 0
328 125100 125158 0
329 125141 125158 0
330 500183 500187 0
331 500170 500183 0
332 500125 500134 0
333 125192 125196 0
334 125113 125123 0
335 125138 125163 0
336 500166 500192 0
337 500143 500160 0
338 500173 500156 0
339 125158 125198 0
340 125103 125117 0
341 125138 125197 0
342 500162 500179 0
343 500120 500103 0
344 125116 125181 0
345 15738 15825 0
346 500131 500171 0
347 500190 500188 0
348 15731 15794 0
349 125107 125101 0
350 500153 500139 0
351 125126 125176 0
352 62641 62694 0
353 62647 62666 0
354 15751 15807 0
355 62639 62668 0
356 62649 62668 0
357 500154 500179 0
358 62601 62619 0
359 62609 62626 0
360 15740 15802 0
361 500104 500120 0
362 62660 62694 0
363 500144 500175 0
364 62627 62645 0
365 62611 62643 0
366 500105 500148 0
367 500115 500141 0
368 62621 62633 0
369 500118 500165 0
370 500171 500148 0
371 62668 62691 0
372 500143 500155 0
373 500133 500116 0
374 62610 62679 0
375 19 91 0
376 62639 62691 0
377 62643 62684 0
378 500134 500153 0
379 62602 62645 0
380 500138 500142 0
381 31384 31436 0
382 31398 31447 0
383 500168 500181 0
384 500117 500168 0
385 31357 31413 0
386 31361 31435 0
387 62624 62661 0
388 500153 500129 0
389 10 79 0
390 62602 62660 0
391 500162 500149 0
392 62635 62678 0
393 500111 500149 0
394 500184 500168 0
395 500158 500185 0
396 500199 500170 0
397 31383 31444 0
398 31384 31442 0
399 31351 31416 0
--------------
1000000 :c
1004084 :sum(p)
1000000 :sum(w)
