400 :n
id p,w,x
--------------
0 44 3 1
1 55 9 1
2 54 10 1
3 100 19 1
4 64 14 1
5 78 19 1
6 75 49 1
7 66 47 1
8 4 3 1
9 17 13 1
10 53 44 1
11 73 66 1
12 18 17 0
13 41 39 1
14 61 59 1
15 2146 2078 1
16 2142 2082 1
17 2140 2085 1
18 2128 2074 1
19 2119 2068 1
20 2144 2099 1
21 2095 2054 1
22 4102 4026 1
23 2106 2068 1
24 2132 2094 1
25 4076 4011 1
26 4072 4008 1
27 64 63 1
28 2132 2101 1
29 4071 4014 1
30 4086 4029 1
31 4064 4010 1
32 4063 4011 1
33 8003 7922 1
34 4085 4048 1
35 7994 7924 1
36 8001 7937 1
37 8006 7943 1
38 2136 2120 1
39 4068 4040 1
40 7967 7913 1
41 2105 2091 1
42 8004 7956 1
43 15822 15729 1
44 8003 7956 1
45 8004 7957 1
46 15823 15732 1
47 15823 15733 1
48 4047 4024 1
49 4087 4064 1
50 4083 4061 1
51 8002 7960 1
52 15817 15745 1
53 15824 15753 1
54 15797 15730 1
55 7952 7920 1
56 15806 15743 1
57 15808 15754 1
58 15782 15733 1
59 2146 2140 1
60 7991 7969 1
61 15778 15736 1
62 15820 15781 1
63 4076 4066 1
64 7947 7928 1
65 31437 31363 1
66 4034 4025 1
67 31424 31354 1
68 31435 31365 1
69 31440 31370 1
70 31432 31364 1
71 31443 31376 1
72 31445 31380 1
73 4026 4018 1
74 7960 7945 1
75 15792 15764 1
76 15807 15782 1
77 31422 31373 1
78 31420 31372 1
79 7938 7926 0
80 7988 7976 1
81 4082 4076 1
82 2077 2074 0
83 62699 62615 1
84 15802 15782 1
85 62700 62624 1
86 7943 7934 1
87 4054 4043 1
88 62692 62615 1
89 15745 15727 0
90 62674 62604 1
91 15814 15797 0
92 31436 31403 1
93 62700 62665 0
94 4099 4101 0
95 37 65 0
96 7988 7980 0
97 8011 8003 0
98 4034 4030 0
99 4096 4092 0
100 7988 8001 0
101 2066 2064 0
102 15798 15783 0
103 31409 31381 0
104 62693 62640 0
105 62695 62642 0
106 31387 31363 0
107 31427 31403 0
108 15743 15731 0
109 4038 4035 0
110 15816 15806 0
111 7965 7962 0
112 7914 7913 0
113 4012 4014 0
114 4059 4062 0
115 4050 4053 0
116 2106 2108 0
117 2084 2089 0
118 24 27 0
119 125178 125121 0
120 31411 31391 0
121 125197 125137 0
122 62683 62643 0
123 62657 62630 0
124 250191 250105 0
125 62673 62664 0
126 62657 62647 0
127 500195 500128 0
128 125140 125120 0
129 15738 15735 0
130 500190 500103 0
131 250199 250157 0
132 250191 250123 0
133 31450 31444 0
134 250189 250151 0
135 500176 500118 0
136 125148 125122 0
137 62633 62621 0
138 500191 500119 0
139 62633 62608 0
140 250196 250157 0
141 250157 250124 0
142 15786 15784 0
143 125119 125104 0
144 62674 62656 0
145 125175 125150 0
146 250167 250131 0
147 125148 125133 0
148 125184 125133 0
149 125174 125153 0
150 31405 31395 0
151 125182 125141 0
152 125199 125145 0
153 125164 125113 0
154 62641 62613 0
155 31418 31403 0
156 62642 62603 0
157 125156 125101 0
158 62637 62676 0
159 62632 62660 0
160 31409 31433 0
161 62614 62672 0
162 31356 31354 0
163 62612 62614 0
164 62659 62695 0
165 62654 62692 0
166 62622 62680 0
167 62646 62651 0
168 31396 31410 0
169 62676 62680 0
170 62626 62619 0
171 31388 31414 0
172 62697 62693 0
173 31398 31397 0
174 31359 31370 0
175 62634 62638 0
176 125152 125175 0
177 31363 31383 0
178 31437 31440 0
179 125135 125164 0
180 125116 125136 0
181 125145 125186 0
182 125156 125156 0
183 125115 125128 0
184 125106 125140 0
185 125135 125180 0
186 125107 125112 0
187 125110 125138 0
188 125142 125162 0
189 125116 125198 0
190 125113 125191 0
191 31381 31408 0
192 125135 125198 0
193 125147 125146 0
194 125120 125199 0
195 125148 125149 0
196 31384 31391 0
197 125116 125152 0
198 125116 125120 0
199 125115 125175 0
200 125173 125192 0
201 125177 125197 0
202 15763 15771 0
203 125126 125170 0
204 125109 125135 0
205 125100 125186 0
206 125100 125127 0
207 500192 500135 0
208 15801 15815 0
209 125168 125160 0
210 15789 15798 0
211 250110 250157 0
212 250149 250174 0
213 250121 250136 0
214 15806 15812 0
215 250189 250163 0
216 250111 250120 0
217 250193 250178 0
218 250166 250193 0
219 250116 250152 0
220 250157 250168 0
221 250126 250177 0
222 250116 250125 0
223 250185 250175 0
224 15824 15823 0
225 250159 250151 0
226 250103 250186 0
227 250146 250135 0
228 250182 250180 0
229 250104 250166 0
230 250176 250159 0
231 250169 250198 0
232 250104 250121 0
233 250139 250118 0
234 250119 250166 0
235 250140 250199 0
236 250117 250103 0
237 250138 250155 0
238 15819 15819 0
239 250149 250182 0
240 250150 250155 0
241 250128 250116 0
242 7938 7945 0
243 250118 250166 0
244 250128 250175 0
245 250112 250102 0
246 250163 250135 0
247 250158 250177 0
248 500186 500133 0
249 500164 500167 0
250 500188 500173 0
251 500160 500126 0
252 500192 500150 0
253 500133 500130 0
254 500113 500169 0
255 500135 500193 0
256 500134 500156 0
257 500141 500167 0
258 500116 500148 0
259 7984 7989 0
260 500154 500164 0
261 500197 500172 0
262 500104 500106 0
263 7961 7968 0
264 500117 500172 0
265 500111 500173 0
266 500171 500171 0
267 7948 7955 0
268 500147 500154 0
269 500176 500144 0
270 500141 500154 0
271 62651 62672 0
272 500135 500145 0
273 500175 500160 0
274 500124 500149 0
275 500118 500130 0
276 500112 500116 0
277 500161 500125 0
278 500113 500137 0
279 500102 500109 0
280 62624 62681 0
281 62647 62662 0
282 500163 500184 0
283 62640 62685 0
284 500172 500167 0
285 500135 500172 0
286 500103 500197 0
287 500105 500193 0
288 500132 500101 0
289 500149 500149 0
290 62619 62650 0
291 62670 62689 0
292 62617 62664 0
293 62671 62683 0
294 31446 31431 0
295 31381 31359 0
296 4071 4100 0
297 4046 4101 0
298 4033 4048 0
299 4023 4082 0
300 4011 4027 0
301 4017 4075 0
302 7929 7987 0
303 7943 7999 0
304 7969 8005 0
305 7957 8005 0
306 7933 7944 0
307 4039 4076 0
308 7953 7966 0
309 4028 4097 0
310 4024 4060 0
311 4053 4098 0
312 7913 7954 0
313 4060 4092 0
314 7977 8012 0
315 7934 7996 0
316 7916 7952 0
317 4071 4106 0
318 7936 7983 0
319 4067 4076 0
320 7924 7956 0
321 2060 2127 0
322 7954 7970 0
323 2055 2070 0
324 2056 2118 0
325 7949 7975 0
326 7949 7980 0
327 2055 2070 0
328 2118 2148 0
329 2104 2148 0
330 2078 2140 0
331 15807 15823 0
332 2103 2140 0
333 2061 2125 0
334 15732 15808 0
335 2055 2077 0
336 15799 15819 0
337 15758 15775 0
338 15735 15807 0
339 2071 2114 0
340 2056 2083 0
341 15763 15808 0
342 15745 15791 0
343 2065 2085 0
344 15776 15812 0
345 2061 2137 0
346 2077 2131 0
347 2099 2112 0
348 2132 2151 0
349 2111 2140 0
350 15728 15768 0
351 15770 15825 0
352 15730 15781 0
353 2091 2151 0
354 2092 2115 0
355 2055 2092 0
356 2095 2122 0
357 2079 2132 0
358 15794 15818 0
359 78 90 0
360 15772 15787 0
361 33 57 0
362 31378 31439 0
363 31391 31424 0
364 50 79 0
365 31410 31440 0
366 45 63 0
367 33 54 0
368 19 55 0
369 34 56 0
370 31356 31448 0
371 71 94 0
372 46 90 0
373 31394 31427 0
374 34 91 0
375 20 50 0
376 7 59 0
377 31365 31420 0
378 5 30 0
379 31360 31434 0
380 4015 4035 0
381 7 27 0
382 56 69 0
383 20 55 0
384 3 26 0
385 31353 31439 0
386 31384 31429 0
387 31351 31448 0
388 31364 31435 0
389 9 79 0
390 62622 62685 0
391 62610 62678 0
392 30 60 0
393 30 79 0
394 63 94 0
395 28 90 0
396 62616 62677 0
397 62618 62692 0
398 4069 4076 0
399 4050 4098 0
--------------
1000000 :c
1003861 :sum(p)
1000000 :sum(w)
