400 :n
id p,w,x
--------------
0 15825 15791 1
1 15824 15759 1
2 66 42 1
3 99 49 1
4 15795 15740 1
5 63 44 1
6 15792 15731 1
7 99 62 1
8 59 2 1
9 88 13 1
10 39 27 1
11 39 26 1
12 71 43 1
13 15809 15773 1
14 83 19 1
15 7964 7933 1
16 59 13 1
17 56 37 1
18 97 6 1
19 82 27 1
20 37 12 1
21 7953 7923 1
22 26 1 1
23 60 6 1
24 2124 2073 1
25 2117 2057 1
26 2104 2056 1
27 2141 2081 1
28 2141 2067 1
29 2119 2087 1
30 2109 2058 1
31 2151 2087 1
32 7981 7927 1
33 2124 2109 1
34 15808 15743 1
35 2146 2113 1
36 7941 7921 1
37 2130 2102 1
38 2112 2063 1
39 2113 2070 1
40 2142 2106 1
41 2147 2113 1
42 15824 15792 1
43 31445 31356 1
44 7947 7927 1
45 2136 2063 1
46 4091 4075 1
47 31447 31396 1
48 15779 15732 1
49 4075 4037 1
50 4049 4031 1
51 4101 4015 1
52 4099 4028 1
53 4074 4037 1
54 4054 4033 1
55 4101 4041 1
56 31423 31361 1
57 4096 4054 1
58 4088 4036 1
59 4085 4054 1
60 31441 31383 1
61 31419 31371 1
62 4084 4032 1
63 4094 4021 1
64 31429 31363 1
65 7981 7961 1
66 8004 7917 1
67 7980 7944 1
68 8011 7956 1
69 7942 7920 1
70 15821 15726 1
71 7967 7938 1
72 7997 7950 1
73 8000 7920 1
74 15783 15729 1
75 62683 62606 1
76 7 1 1
77 16 12 1
78 8 6 1
79 19 16 1
80 94 87 1
81 2072 2062 1
82 2108 2098 1
83 2067 2059 1
84 4041 4031 1
85 7950 7931 1
86 2066 2062 1
87 2142 2138 1
88 15793 15768 1
89 7950 7938 1
90 15784 15762 1
91 7932 7921 1
92 7974 7963 1
93 15750 15729 1
94 15781 15761 1
95 31436 31397 1
96 31412 31374 1
97 31429 31391 1
98 15777 15758 1
99 31441 31404 1
100 15788 15770 1
101 15825 15807 1
102 7957 7948 1
103 15762 15746 0
104 15817 15801 0
105 89 2 1
106 31400 31360 1
107 7984 7975 1
108 62681 62622 0
109 62695 62638 1
110 31448 31425 0
111 31436 31432 0
112 500179 500149 0
113 62676 62622 0
114 31393 31367 0
115 7969 7963 1
116 7989 7983 0
117 125198 125111 0
118 2093 2093 1
119 31384 31363 0
120 31416 31396 0
121 15786 15776 0
122 125199 125121 0
123 62686 62647 0
124 31399 31380 0
125 31400 31381 0
126 31420 31401 0
127 62648 62611 0
128 125165 125105 0
129 125190 125130 0
130 62694 62665 0
131 125160 125103 0
132 125156 125100 0
133 125181 125127 0
134 62641 62616 0
135 62689 62664 0
136 62647 62623 0
137 15771 15765 0
138 62635 62612 0
139 250196 250105 0
140 250197 250106 0
141 125142 125103 0
142 125153 125119 0
143 62693 62676 0
144 31385 31377 0
145 7958 7956 0
146 7974 7972 0
147 250185 250127 0
148 62681 62667 0
149 250156 250106 0
150 125179 125154 0
151 250198 250149 0
152 15820 15817 0
153 4095 4097 0
154 4034 4038 0
155 4019 4023 0
156 4013 4017 0
157 57 58 1
158 37 42 0
159 18 21 0
160 20 27 0
161 62612 62675 0
162 31369 31444 0
163 31374 31394 0
164 31407 31414 0
165 62621 62674 0
166 31422 31446 0
167 31403 31410 0
168 31399 31430 0
169 62611 62635 0
170 62605 62625 0
171 31398 31427 0
172 62647 62659 0
173 31392 31441 0
174 62696 62695 0
175 62607 62668 0
176 62663 62688 0
177 31390 31424 0
178 31386 31443 0
179 62662 62691 0
180 31403 31427 0
181 62612 62624 0
182 31383 31422 0
183 62679 62696 0
184 62610 62660 0
185 62700 62700 0
186 31363 31403 0
187 31421 31434 0
188 31374 31418 0
189 62666 62675 0
190 31353 31430 0
191 31374 31437 0
192 62618 62637 0
193 62645 62650 0
194 62656 62690 0
195 125163 125176 0
196 125173 125173 0
197 31405 31424 0
198 31395 31438 0
199 125152 125156 0
200 15729 15801 0
201 125126 125199 0
202 15726 15755 0
203 15817 15820 0
204 125165 125196 0
205 15752 15792 0
206 15771 15804 0
207 125129 125142 0
208 125118 125187 0
209 125131 125190 0
210 125109 125115 0
211 15798 15821 0
212 15735 15813 0
213 125157 125136 0
214 15751 15821 0
215 125103 125121 0
216 15740 15742 0
217 125179 125166 0
218 125192 125180 0
219 125160 125152 0
220 15798 15798 0
221 15757 15799 0
222 15804 15810 0
223 15740 15747 0
224 15795 15812 0
225 125115 125191 0
226 15755 15783 0
227 125165 125178 0
228 15762 15765 0
229 125113 125174 0
230 125120 125117 0
231 15776 15792 0
232 125140 125155 0
233 125157 125168 0
234 15768 15793 0
235 125159 125191 0
236 125142 125142 0
237 125123 125182 0
238 125100 125177 0
239 125128 125113 0
240 7925 7953 0
241 7962 8002 0
242 125137 125188 0
243 7929 7977 0
244 125159 125197 0
245 125188 125184 0
246 125122 125175 0
247 125115 125125 0
248 250135 250148 0
249 250168 250135 0
250 7988 7999 0
251 250156 250184 0
252 7974 8000 0
253 7963 7988 0
254 7926 7958 0
255 250116 250116 0
256 250149 250117 0
257 250128 250187 0
258 250136 250169 0
259 7961 8011 0
260 250170 250167 0
261 7988 8003 0
262 250103 250155 0
263 7925 7988 0
264 250165 250149 0
265 250127 250148 0
266 250127 250193 0
267 250154 250200 0
268 7979 8011 0
269 7932 7979 0
270 250101 250126 0
271 7921 7975 0
272 7936 7967 0
273 250147 250184 0
274 7928 7954 0
275 7935 8000 0
276 250116 250167 0
277 250167 250169 0
278 7934 7949 0
279 4063 4091 0
280 4009 4054 0
281 4021 4076 0
282 250126 250155 0
283 250173 250147 0
284 4014 4028 0
285 4051 4089 0
286 4037 4068 0
287 250128 250187 0
288 250118 250143 0
289 250116 250196 0
290 62604 62683 0
291 4011 4074 0
292 250185 250160 0
293 4036 4077 0
294 31409 31412 0
295 4032 4049 0
296 4048 4082 0
297 250118 250148 0
298 4031 4048 0
299 4009 4044 0
300 250119 250135 0
301 250115 250109 0
302 4019 4065 0
303 4065 4087 0
304 250187 250143 0
305 62624 62673 0
306 4033 4097 0
307 250180 250161 0
308 4019 4105 0
309 4071 4097 0
310 62628 62662 0
311 4075 4102 0
312 250172 250157 0
313 4043 4067 0
314 4049 4084 0
315 4082 4101 0
316 250184 250175 0
317 4010 4038 0
318 250134 250141 0
319 2094 2132 0
320 250191 250151 0
321 2137 2150 0
322 2105 2133 0
323 250173 250141 0
324 250105 250182 0
325 250156 250167 0
326 500147 500174 0
327 2068 2142 0
328 500103 500169 0
329 2059 2149 0
330 500177 500153 0
331 500161 500172 0
332 2059 2152 0
333 500148 500181 0
334 500191 500190 0
335 500195 500117 0
336 2096 2122 0
337 500107 500149 0
338 500157 500110 0
339 2059 2100 0
340 2076 2092 0
341 500168 500156 0
342 2081 2110 0
343 500168 500171 0
344 500112 500116 0
345 2080 2127 0
346 500114 500120 0
347 500143 500165 0
348 2063 2101 0
349 2101 2136 0
350 2076 2151 0
351 500133 500110 0
352 62676 62693 0
353 500131 500110 0
354 500177 500156 0
355 2082 2130 0
356 2094 2144 0
357 2093 2113 0
358 2080 2110 0
359 25 75 0
360 34 52 0
361 28 87 0
362 500152 500167 0
363 500171 500119 0
364 500147 500177 0
365 500131 500135 0
366 39 69 0
367 500178 500158 0
368 500153 500109 0
369 500101 500166 0
370 61 82 0
371 500133 500127 0
372 12 28 0
373 500181 500156 0
374 500172 500150 0
375 59 96 0
376 500177 500164 0
377 500102 500176 0
378 500128 500167 0
379 72 91 0
380 33 47 0
381 11 85 0
382 28 99 0
383 500184 500136 0
384 10 80 0
385 500158 500132 0
386 500161 500131 0
387 500159 500151 0
388 500106 500170 0
389 62628 62663 0
390 62610 62658 0
391 62670 62696 0
392 500132 500136 0
393 62617 62636 0
394 500168 500142 0
395 500128 500179 0
396 38 56 0
397 500176 500186 0
398 62641 62685 0
399 62652 62689 0
--------------
1000000 :c
1004191 :sum(p)
1000000 :sum(w)
