400 :n
id p,w,x
--------------
0 59 19 1
1 46 23 1
2 80 24 1
3 69 47 1
4 4093 4031 1
5 4096 4036 1
6 4103 4010 1
7 4102 4024 1
8 4094 4023 1
9 78 16 1
10 70 46 1
11 2128 2089 1
12 2130 2098 1
13 4067 4008 1
14 2107 2073 1
15 2153 2075 1
16 99 56 1
17 2102 2057 1
18 75 29 1
19 2153 2087 1
20 2131 2063 1
21 2131 2062 1
22 100 74 1
23 26 3 1
24 73 20 1
25 64 40 1
26 41 14 1
27 86 55 1
28 8004 7942 1
29 7984 7938 1
30 4104 4082 1
31 7998 7920 1
32 8007 7940 1
33 2129 2107 1
34 7981 7938 1
35 4106 4048 1
36 4067 4039 1
37 8003 7964 1
38 4060 4015 1
39 4041 4007 1
40 7999 7945 1
41 4097 4050 1
42 4106 4062 1
43 4058 4022 1
44 7972 7918 1
45 4087 4036 1
46 8000 7953 1
47 4071 4012 1
48 4099 4046 1
49 30 19 1
50 39 26 1
51 59 46 1
52 32 29 1
53 56 54 1
54 2108 2092 1
55 2140 2129 1
56 2066 2056 1
57 4097 4078 1
58 7986 7949 1
59 4049 4031 1
60 4062 4044 1
61 2089 2080 1
62 2130 2121 1
63 7958 7928 1
64 8002 7974 1
65 15808 15755 1
66 2123 2116 1
67 15792 15742 1
68 15781 15736 1
69 15779 15737 1
70 15792 15750 1
71 7939 7919 1
72 31450 31373 1
73 15825 15791 1
74 15794 15761 1
75 31421 31357 1
76 15785 15754 1
77 31434 31374 1
78 31439 31379 1
79 31423 31367 1
80 15817 15789 1
81 31421 31366 1
82 4083 4076 1
83 31445 31394 1
84 7933 7921 1
85 52 43 1
86 31424 31383 1
87 31448 31407 1
88 7934 7924 1
89 31403 31365 1
90 15751 15732 1
91 31429 31392 1
92 31417 31381 1
93 31435 31401 1
94 7974 7965 1
95 15785 15763 1
96 62700 62633 1
97 62697 62633 1
98 31387 31355 1
99 62694 62631 0
100 4045 4041 1
101 31441 31432 0
102 8008 8002 1
103 62683 62638 0
104 2117 2115 1
105 62663 62605 0
106 62695 62638 0
107 15770 15772 0
108 31385 31357 0
109 62671 62617 0
110 31424 31398 0
111 31430 31405 0
112 15819 15815 0
113 31433 31410 0
114 15778 15824 0
115 62661 62601 0
116 62700 62655 0
117 62689 62645 0
118 31388 31368 0
119 62678 62644 0
120 2076 2075 0
121 62636 62606 0
122 62667 62638 0
123 62688 62659 0
124 31387 31377 0
125 15749 15744 0
126 62643 62625 0
127 62633 62621 0
128 31408 31402 0
129 31438 31432 0
130 15756 15756 0
131 31433 31435 0
132 15792 15794 0
133 31383 31387 0
134 31398 31403 0
135 31405 31412 0
136 7987 7989 0
137 15797 15801 0
138 31430 31439 0
139 8009 8012 0
140 15812 15819 0
141 31403 31417 0
142 2094 2095 1
143 31426 31443 0
144 15816 15825 0
145 15766 15775 0
146 31370 31388 0
147 15739 15750 0
148 4100 4103 0
149 7922 7928 0
150 15746 15759 0
151 15767 15781 0
152 15801 15816 0
153 2067 2069 1
154 15802 15818 0
155 15797 15813 0
156 15791 15808 0
157 7924 7933 0
158 15738 15756 0
159 4051 4056 0
160 15792 15812 0
161 15754 15775 0
162 15799 15821 0
163 15730 15752 0
164 4088 4094 0
165 4070 4076 0
166 15764 15788 0
167 15793 15822 0
168 15786 15816 0
169 4071 4079 0
170 7993 8009 0
171 15742 15775 0
172 15778 15813 0
173 4032 4041 0
174 7971 7989 0
175 7955 7973 0
176 7914 7932 0
177 15767 15804 0
178 7942 7961 0
179 2069 2074 0
180 7986 8007 0
181 7955 7976 0
182 7938 7959 0
183 2147 2153 0
184 7978 8001 0
185 4026 4041 0
186 7937 7967 0
187 4089 4106 0
188 7913 7946 0
189 2133 2142 0
190 4082 4100 0
191 7970 8007 0
192 2130 2140 0
193 4010 4029 0
194 7963 8002 0
195 2064 2077 0
196 4077 4104 0
197 2073 2087 0
198 4022 4053 0
199 4053 4086 0
200 4009 4042 0
201 2091 2110 0
202 4066 4104 0
203 2100 2124 0
204 2084 2109 0
205 2079 2106 0
206 2056 2086 0
207 2093 2127 0
208 2094 2130 0
209 2105 2143 0
210 2081 2124 0
211 2055 2100 0
212 2085 2131 0
213 2095 2144 0
214 52 66 0
215 58 80 0
216 8 12 0
217 56 97 0
218 25 45 0
219 48 87 0
220 6 11 0
221 36 68 0
222 22 48 0
223 34 75 0
224 19 54 0
225 20 60 0
226 62614 62605 0
227 125171 125148 0
228 125160 125137 0
229 125129 125122 0
230 125162 125141 0
231 62620 62618 0
232 125171 125171 0
233 125106 125106 0
234 125149 125134 0
235 125150 125140 0
236 125170 125149 0
237 125161 125133 0
238 250145 250128 0
239 250159 250143 0
240 250150 250134 0
241 250178 250160 0
242 250187 250161 0
243 250164 250103 0
244 250172 250125 0
245 250193 250173 0
246 250137 250125 0
247 250184 250121 0
248 250188 250170 0
249 250194 250180 0
250 250127 250110 0
251 250170 250114 0
252 250115 250101 0
253 250129 250130 0
254 500145 500116 0
255 500106 500118 0
256 500197 500162 0
257 500183 500187 0
258 500178 500178 0
259 500121 500135 0
260 125142 125129 0
261 500114 500105 0
262 125143 125130 0
263 500160 500176 0
264 500164 500179 0
265 500158 500133 0
266 500172 500149 0
267 500133 500150 0
268 500177 500165 0
269 500120 500138 0
270 500182 500119 0
271 500121 500126 0
272 500110 500119 0
273 500118 500126 0
274 500194 500105 0
275 125192 125189 0
276 500184 500148 0
277 500118 500132 0
278 500166 500150 0
279 500170 500114 0
280 500178 500194 0
281 125118 125109 0
282 125177 125179 0
283 62671 62669 0
284 62613 62610 0
285 125176 125132 0
286 125159 125127 0
287 125150 125111 0
288 250199 250103 0
289 250199 250115 0
290 125187 125123 0
291 125178 125128 0
292 250190 250124 0
293 250192 250111 0
294 125172 125121 0
295 125163 125119 0
296 125109 125109 0
297 125177 125149 0
298 62686 62681 0
299 125125 125107 0
300 62681 62683 0
301 125178 125180 0
302 125172 125160 0
303 125116 125156 0
304 125110 125139 0
305 125110 125185 0
306 125153 125164 0
307 62616 62648 0
308 4026 4095 0
309 4017 4083 0
310 125153 125168 0
311 125162 125176 0
312 125166 125176 0
313 125142 125152 0
314 125142 125158 0
315 125151 125160 0
316 125138 125149 0
317 62634 62660 0
318 125118 125154 0
319 62668 62687 0
320 125128 125155 0
321 62628 62633 0
322 250127 250168 0
323 250139 250197 0
324 62684 62687 0
325 4042 4103 0
326 250151 250194 0
327 62617 62676 0
328 250145 250187 0
329 62603 62633 0
330 62631 62655 0
331 2094 2146 0
332 2078 2148 0
333 62623 62675 0
334 62608 62615 0
335 62625 62628 0
336 250157 250190 0
337 62601 62652 0
338 250149 250165 0
339 62635 62662 0
340 7931 7986 0
341 62657 62686 0
342 250132 250169 0
343 250166 250180 0
344 62641 62673 0
345 250133 250191 0
346 2077 2137 0
347 62665 62693 0
348 250135 250168 0
349 62623 62679 0
350 62649 62667 0
351 250106 250126 0
352 250144 250167 0
353 250121 250170 0
354 250157 250180 0
355 250144 250187 0
356 250120 250194 0
357 7928 7978 0
358 31413 31440 0
359 250177 250188 0
360 250129 250152 0
361 7944 7996 0
362 1 64 0
363 9 98 0
364 7945 7999 0
365 250101 250200 0
366 11 75 0
367 250112 250125 0
368 31369 31427 0
369 500107 500183 0
370 3 67 0
371 500111 500172 0
372 500122 500166 0
373 500116 500142 0
374 36 91 0
375 9 80 0
376 500133 500170 0
377 31385 31428 0
378 500127 500180 0
379 500137 500189 0
380 8 94 0
381 7923 8004 0
382 31371 31418 0
383 31424 31446 0
384 7917 7970 0
385 31398 31438 0
386 500124 500173 0
387 500143 500197 0
388 500121 500142 0
389 500102 500157 0
390 500122 500159 0
391 14 99 0
392 31357 31388 0
393 500147 500180 0
394 500144 500175 0
395 31371 31410 0
396 31387 31447 0
397 500113 500152 0
398 500108 500126 0
399 15743 15794 0
--------------
1000000 :c
1003883 :sum(p)
999998 :sum(w)
