400 :n
id p,w,x
--------------
0 2111 2063 1
1 2151 2126 1
2 88 7 1
3 15803 15731 1
4 15814 15742 1
5 8008 7980 1
6 7994 7956 1
7 7970 7932 1
8 7993 7932 1
9 2135 2060 1
10 15811 15726 1
11 7975 7926 1
12 15805 15733 1
13 7976 7930 1
14 8011 7947 1
15 15816 15755 1
16 73 25 1
17 7974 7933 1
18 7954 7913 1
19 15823 15737 1
20 75 12 1
21 8001 7964 1
22 7999 7935 1
23 7987 7942 1
24 7996 7923 1
25 2118 2059 1
26 67 33 1
27 7981 7921 1
28 7998 7957 1
29 82 53 1
30 8002 7968 1
31 4066 4036 1
32 2113 2066 1
33 2150 2112 1
34 4083 4038 1
35 2147 2108 1
36 2124 2099 1
37 4083 4038 1
38 2114 2088 1
39 4079 4032 1
40 4074 4019 1
41 88 43 1
42 92 20 1
43 76 43 1
44 4101 4072 1
45 98 6 1
46 4090 4009 1
47 2120 2091 1
48 52 13 1
49 4063 4010 1
50 4105 4007 1
51 2116 2088 1
52 15786 15740 1
53 85 33 1
54 68 32 1
55 2126 2081 1
56 34 9 1
57 2136 2097 1
58 98 17 1
59 94 34 1
60 2108 2066 1
61 2152 2074 1
62 2153 2054 1
63 19 3 1
64 71 55 1
65 83 66 1
66 49 44 1
67 63 57 1
68 2105 2087 1
69 2135 2118 1
70 2117 2102 1
71 4044 4022 1
72 2080 2069 1
73 2074 2064 1
74 4027 4008 1
75 2067 2059 1
76 2078 2070 1
77 2144 2137 1
78 7943 7918 1
79 4036 4024 1
80 4063 4051 1
81 4042 4031 1
82 15816 15775 1
83 4050 4040 0
84 15803 15764 1
85 31448 31371 1
86 15806 15770 1
87 4044 4035 1
88 7967 7951 1
89 2067 2063 0
90 15783 15753 1
91 15756 15727 1
92 31431 31374 1
93 31438 31382 1
94 15774 15746 1
95 31438 31386 1
96 15802 15777 1
97 4024 4018 1
98 4095 4089 0
99 2128 2125 0
100 15783 15761 1
101 7941 7930 0
102 4020 4008 1
103 7971 7960 1
104 62674 62601 1
105 62695 62626 1
106 62686 62619 1
107 62672 62611 1
108 51 23 1
109 31386 31352 1
110 7932 7918 1
111 31435 31405 1
112 31386 31359 1
113 15807 15795 0
114 31446 31449 0
115 15808 15820 0
116 15745 15761 0
117 31378 31352 0
118 62675 62629 0
119 4100 4097 0
120 31398 31376 0
121 31380 31359 0
122 2121 2135 0
123 125186 125104 0
124 15757 15747 1
125 62648 62610 0
126 31424 31406 0
127 15737 15728 0
128 62662 62627 0
129 62700 62667 0
130 125181 125117 0
131 7924 7920 0
132 4095 4093 0
133 31436 31421 0
134 125188 125130 0
135 31376 31362 0
136 125198 125143 0
137 31430 31417 0
138 125183 125132 0
139 62631 62606 0
140 62654 62629 0
141 62668 62643 0
142 125169 125124 0
143 31439 31431 0
144 31443 31435 0
145 15755 15753 0
146 4093 4093 0
147 4086 4088 0
148 7940 7946 0
149 4013 4017 0
150 4084 4093 0
151 4043 4054 0
152 4013 4024 0
153 4018 4030 0
154 4066 4079 0
155 2083 2094 0
156 2062 2075 0
157 85 91 0
158 66 76 0
159 26 30 0
160 67 80 0
161 72 91 0
162 5 22 0
163 500175 500164 0
164 500168 500107 0
165 62667 62649 0
166 31389 31386 0
167 62695 62700 0
168 62625 62609 0
169 62684 62688 0
170 62611 62603 0
171 125139 125109 0
172 125147 125124 0
173 250183 250162 0
174 500123 500133 0
175 500122 500141 0
176 500187 500188 0
177 500119 500165 0
178 500128 500124 0
179 250111 250125 0
180 125182 125172 0
181 31365 31361 0
182 125132 125134 0
183 125181 125152 0
184 250147 250157 0
185 250198 250118 0
186 500148 500172 0
187 250173 250108 0
188 125154 125122 0
189 125183 125170 0
190 500194 500101 0
191 500173 500145 0
192 500196 500186 0
193 125159 125124 0
194 250198 250187 0
195 500189 500182 0
196 500197 500117 0
197 125193 125176 0
198 500194 500105 0
199 500143 500183 0
200 500118 500156 0
201 250157 250129 0
202 500135 500109 0
203 500158 500194 0
204 250175 250190 0
205 500162 500123 0
206 125123 125123 0
207 500155 500158 0
208 500169 500137 0
209 500158 500148 0
210 500169 500162 0
211 125196 125162 0
212 250190 250154 0
213 500140 500125 0
214 500173 500188 0
215 250163 250165 0
216 500185 500160 0
217 125150 125123 0
218 250188 250133 0
219 250120 250122 0
220 125162 125143 0
221 500187 500153 0
222 125199 125167 0
223 125104 125104 0
224 125192 125177 0
225 500165 500157 0
226 500142 500161 0
227 125157 125157 0
228 500147 500160 0
229 125148 125146 0
230 500198 500147 0
231 125129 125100 0
232 125183 125177 0
233 62617 62605 0
234 62692 62673 0
235 250125 250118 0
236 250110 250133 0
237 62643 62623 0
238 250198 250161 0
239 250171 250189 0
240 250193 250184 0
241 250192 250150 0
242 250135 250155 0
243 62637 62628 0
244 250183 250116 0
245 250136 250103 0
246 250148 250165 0
247 62619 62609 0
248 250176 250133 0
249 62606 62603 0
250 250187 250163 0
251 250195 250155 0
252 250193 250194 0
253 62604 62602 0
254 500127 500174 0
255 15760 15774 0
256 15738 15776 0
257 7935 7989 0
258 15782 15822 0
259 15747 15823 0
260 7990 8005 0
261 15726 15783 0
262 7964 7991 0
263 500104 500151 0
264 7944 7983 0
265 7963 7992 0
266 31427 31432 0
267 31426 31429 0
268 7943 7973 0
269 7953 7977 0
270 7948 7968 0
271 7919 8010 0
272 31415 31436 0
273 7973 8003 0
274 31407 31438 0
275 7939 7975 0
276 31378 31431 0
277 31363 31447 0
278 7952 8010 0
279 31376 31393 0
280 4028 4070 0
281 15766 15775 0
282 15737 15820 0
283 4023 4063 0
284 4041 4064 0
285 4052 4086 0
286 31354 31424 0
287 15754 15823 0
288 31366 31403 0
289 4058 4087 0
290 15738 15813 0
291 31356 31360 0
292 31377 31399 0
293 7949 8009 0
294 31406 31434 0
295 15749 15783 0
296 4080 4100 0
297 31374 31414 0
298 31404 31407 0
299 15766 15825 0
300 31429 31436 0
301 31378 31383 0
302 4019 4078 0
303 31407 31421 0
304 15748 15779 0
305 31352 31447 0
306 31411 31432 0
307 31363 31425 0
308 31438 31449 0
309 4070 4102 0
310 62643 62694 0
311 62607 62650 0
312 4007 4104 0
313 4068 4089 0
314 62604 62622 0
315 62615 62661 0
316 62688 62697 0
317 62603 62640 0
318 4030 4060 0
319 62649 62659 0
320 62636 62673 0
321 62664 62686 0
322 62677 62688 0
323 62601 62653 0
324 62625 62687 0
325 62603 62609 0
326 62671 62697 0
327 62617 62626 0
328 15749 15819 0
329 2067 2101 0
330 62641 62696 0
331 62603 62610 0
332 125107 125148 0
333 2102 2131 0
334 2121 2150 0
335 125151 125185 0
336 7956 8001 0
337 125126 125191 0
338 2074 2103 0
339 2066 2088 0
340 125104 125157 0
341 2069 2119 0
342 125156 125177 0
343 125124 125192 0
344 125120 125196 0
345 125116 125171 0
346 2085 2126 0
347 125148 125161 0
348 125111 125163 0
349 7926 7955 0
350 2069 2105 0
351 125100 125192 0
352 125109 125192 0
353 125110 125191 0
354 2081 2102 0
355 2054 2118 0
356 125125 125144 0
357 2086 2111 0
358 250105 250184 0
359 7930 7984 0
360 250147 250181 0
361 250148 250196 0
362 250104 250178 0
363 250112 250156 0
364 250126 250174 0
365 250120 250192 0
366 31 52 0
367 1 56 0
368 13 82 0
369 250146 250188 0
370 73 98 0
371 15752 15765 0
372 57 95 0
373 250109 250175 0
374 250116 250140 0
375 250145 250176 0
376 31 74 0
377 250120 250189 0
378 17 63 0
379 250118 250192 0
380 15768 15809 0
381 17 53 0
382 250108 250134 0
383 500148 500197 0
384 24 82 0
385 500116 500188 0
386 15783 15794 0
387 38 75 0
388 33 97 0
389 27 93 0
390 500116 500191 0
391 7941 7987 0
392 500106 500163 0
393 500109 500177 0
394 15774 15802 0
395 500116 500185 0
396 15 87 0
397 500142 500190 0
398 15800 15817 0
399 15761 15825 0
--------------
1000000 :c
1004483 :sum(p)
1000000 :sum(w)
