400 :n
id p,w,x
--------------
0 15814 15746 1
1 15793 15738 1
2 61 24 1
3 15805 15731 1
4 15821 15728 1
5 64 28 1
6 15794 15727 1
7 15820 15761 1
8 56 25 1
9 50 25 1
10 15822 15754 1
11 96 48 1
12 95 3 1
13 15823 15739 1
14 7998 7954 1
15 73 3 1
16 82 31 1
17 7985 7931 1
18 8012 7935 1
19 88 15 1
20 53 18 1
21 8000 7971 1
22 67 37 1
23 80 51 1
24 8011 7931 1
25 99 41 1
26 7968 7913 1
27 43 20 1
28 61 19 1
29 7967 7918 1
30 2139 2069 1
31 2150 2082 1
32 2147 2064 1
33 2113 2086 1
34 2133 2062 1
35 2099 2060 1
36 2100 2077 1
37 2140 2059 1
38 2123 2062 1
39 7995 7942 1
40 2152 2057 1
41 2110 2063 1
42 7999 7951 1
43 7968 7939 1
44 2109 2069 1
45 2134 2055 1
46 7962 7919 1
47 4101 4058 1
48 7982 7935 1
49 7982 7938 1
50 8002 7929 1
51 4065 4035 1
52 4068 4015 1
53 4106 4034 1
54 4068 4038 1
55 4099 4023 1
56 4096 4017 1
57 62699 62601 1
58 15785 15732 1
59 15788 15749 1
60 31447 31385 1
61 31446 31358 1
62 15820 15779 1
63 31426 31356 1
64 15818 15773 1
65 31432 31370 1
66 31445 31363 1
67 31448 31389 1
68 15804 15756 1
69 41 25 1
70 25 17 1
71 55 38 1
72 65 49 1
73 81 63 1
74 14 11 1
75 68 55 1
76 70 57 1
77 85 71 1
78 89 78 1
79 51 45 1
80 61 57 1
81 2110 2096 1
82 2120 2106 1
83 4033 4011 1
84 4096 4074 1
85 2099 2088 1
86 4075 4054 1
87 4052 4033 1
88 4031 4014 1
89 4072 4056 1
90 2148 2140 1
91 4040 4025 1
92 4067 4052 1
93 7963 7936 1
94 2090 2083 1
95 4059 4046 1
96 7939 7916 1
97 4075 4066 1
98 7931 7914 1
99 2066 2062 1
100 7942 7930 1
101 31414 31368 1
102 31424 31379 1
103 31409 31365 1
104 62698 62611 1
105 31414 31373 1
106 78 12 1
107 31393 31353 1
108 15761 15739 1
109 4020 4015 1
110 62683 62606 0
111 15820 15803 1
112 31449 31422 0
113 31439 31435 0
114 7916 7961 0
115 4071 4066 1
116 31420 31382 1
117 15769 15753 0
118 15741 15726 0
119 7976 7969 0
120 2080 2080 1
121 7989 7982 0
122 15773 15760 0
123 62669 62620 0
124 62658 62613 0
125 62694 62650 0
126 62652 62610 0
127 62699 62664 0
128 15801 15793 0
129 15765 15758 0
130 7977 7974 0
131 15792 15787 0
132 15823 15818 0
133 15770 15767 0
134 7932 7933 0
135 7995 7997 0
136 7989 7991 0
137 4065 4069 0
138 4032 4037 0
139 2080 2084 0
140 4071 4080 0
141 2125 2130 0
142 4008 4021 0
143 2136 2146 0
144 2061 2076 0
145 51 58 0
146 56 64 1
147 34 46 0
148 5 7 1
149 62634 62609 0
150 250173 250121 0
151 62656 62639 0
152 62655 62653 0
153 250192 250177 0
154 62662 62656 0
155 250119 250112 0
156 125171 125168 0
157 250174 250159 0
158 250157 250147 0
159 250183 250154 0
160 250184 250177 0
161 250152 250114 0
162 250186 250153 0
163 250146 250106 0
164 500118 500104 0
165 500130 500117 0
166 125168 125152 0
167 500176 500148 0
168 500154 500134 0
169 500182 500113 0
170 500181 500103 0
171 500134 500121 0
172 500156 500124 0
173 125178 125172 0
174 31381 31375 0
175 500154 500110 0
176 500137 500124 0
177 125141 125117 0
178 125191 125180 0
179 500186 500134 0
180 500170 500139 0
181 500163 500129 0
182 125197 125179 0
183 250143 250125 0
184 500165 500127 0
185 500179 500124 0
186 125123 125102 0
187 500190 500105 0
188 500193 500178 0
189 500151 500108 0
190 125122 125118 0
191 125159 125139 0
192 125124 125103 0
193 31424 31421 0
194 500173 500149 0
195 250179 250135 0
196 250187 250147 0
197 250193 250169 0
198 125195 125143 0
199 31404 31391 0
200 62657 62636 0
201 250196 250101 0
202 62673 62650 0
203 125161 125126 0
204 62680 62653 0
205 31422 31409 0
206 62628 62608 0
207 125142 125104 0
208 125155 125122 0
209 125156 125119 0
210 62644 62625 0
211 62693 62671 0
212 62691 62678 0
213 31417 31424 0
214 250123 250181 0
215 31412 31433 0
216 31418 31443 0
217 15769 15771 0
218 31435 31435 0
219 15742 15820 0
220 31387 31434 0
221 31382 31403 0
222 15739 15750 0
223 31372 31407 0
224 15737 15745 0
225 15788 15821 0
226 15764 15772 0
227 31378 31379 0
228 31373 31432 0
229 250140 250145 0
230 15814 15820 0
231 31383 31436 0
232 15746 15801 0
233 15746 15790 0
234 31360 31408 0
235 250156 250162 0
236 15770 15777 0
237 250108 250182 0
238 62609 62673 0
239 62653 62660 0
240 62651 62658 0
241 62647 62663 0
242 250158 250181 0
243 250114 250178 0
244 7930 7948 0
245 7925 7984 0
246 7914 7979 0
247 7946 8002 0
248 250114 250155 0
249 7940 7985 0
250 250120 250197 0
251 7959 7989 0
252 31374 31410 0
253 62620 62640 0
254 7923 7980 0
255 7929 7982 0
256 7951 7981 0
257 7943 7953 0
258 250127 250150 0
259 250130 250169 0
260 7938 8005 0
261 250113 250155 0
262 62665 62689 0
263 7918 7972 0
264 62691 62699 0
265 62601 62673 0
266 7958 8000 0
267 62618 62683 0
268 250157 250166 0
269 62662 62693 0
270 62631 62684 0
271 7921 7950 0
272 7922 7960 0
273 62679 62695 0
274 15733 15751 0
275 250130 250183 0
276 62614 62622 0
277 62636 62697 0
278 31378 31421 0
279 250184 250199 0
280 4058 4090 0
281 62636 62646 0
282 62668 62676 0
283 4036 4068 0
284 62621 62683 0
285 4050 4101 0
286 4015 4040 0
287 4041 4084 0
288 250170 250183 0
289 4009 4106 0
290 4036 4082 0
291 15736 15750 0
292 4019 4041 0
293 4026 4096 0
294 62629 62658 0
295 4063 4084 0
296 4016 4063 0
297 62672 62698 0
298 4021 4093 0
299 62692 62692 0
300 4051 4094 0
301 250187 250198 0
302 62657 62670 0
303 250119 250174 0
304 31404 31405 0
305 125143 125148 0
306 250161 250177 0
307 125160 125173 0
308 4043 4061 0
309 4028 4094 0
310 125121 125140 0
311 250147 250156 0
312 250150 250159 0
313 250109 250195 0
314 15806 15823 0
315 250101 250194 0
316 4032 4098 0
317 31363 31429 0
318 4007 4047 0
319 2055 2125 0
320 2099 2140 0
321 125105 125135 0
322 2109 2147 0
323 250161 250196 0
324 125172 125172 0
325 2104 2131 0
326 250131 250155 0
327 2079 2097 0
328 2069 2152 0
329 250113 250193 0
330 2064 2131 0
331 500159 500148 0
332 500116 500171 0
333 125113 125122 0
334 2074 2125 0
335 125157 125182 0
336 125150 125150 0
337 2071 2093 0
338 125183 125180 0
339 2058 2100 0
340 500164 500172 0
341 2063 2116 0
342 2083 2118 0
343 125117 125188 0
344 2095 2148 0
345 15796 15825 0
346 15746 15825 0
347 31369 31441 0
348 500116 500151 0
349 2073 2135 0
350 125101 125161 0
351 125126 125135 0
352 2061 2099 0
353 2076 2106 0
354 500107 500134 0
355 500139 500130 0
356 31352 31402 0
357 15731 15746 0
358 500144 500187 0
359 125133 125198 0
360 31439 31447 0
361 125105 125103 0
362 38 76 0
363 500105 500191 0
364 125113 125171 0
365 125112 125154 0
366 13 62 0
367 500180 500196 0
368 1 100 0
369 500140 500142 0
370 44 75 0
371 500111 500191 0
372 500139 500196 0
373 59 96 0
374 500134 500199 0
375 500123 500161 0
376 500110 500145 0
377 125127 125141 0
378 15768 15793 0
379 125107 125195 0
380 23 55 0
381 21 43 0
382 125157 125195 0
383 125193 125192 0
384 500135 500155 0
385 500145 500143 0
386 500125 500154 0
387 500162 500152 0
388 125118 125187 0
389 125145 125153 0
390 500150 500148 0
391 31380 31428 0
392 125106 125143 0
393 31383 31444 0
394 125162 125163 0
395 500103 500184 0
396 6 64 0
397 125104 125199 0
398 31386 31422 0
399 31365 31413 0
--------------
1000000 :c
1004777 :sum(p)
999999 :sum(w)
