400 :n
id p,w,x
--------------
0 79 1 1
1 87 3 1
2 97 17 1
3 78 34 1
4 98 47 1
5 87 51 1
6 95 56 1
7 82 50 1
8 19 12 1
9 39 25 1
10 98 69 1
11 72 52 1
12 82 66 1
13 88 74 1
14 95 81 1
15 2125 2057 1
16 2145 2079 1
17 2145 2095 1
18 2135 2089 1
19 2134 2092 1
20 4091 4011 1
21 2118 2077 1
22 2103 2064 1
23 2128 2089 1
24 4098 4027 1
25 2092 2059 1
26 4093 4029 1
27 2104 2078 1
28 4091 4041 1
29 4064 4018 1
30 4070 4025 1
31 4068 4024 1
32 8012 7933 1
33 4073 4034 1
34 8005 7932 1
35 7982 7914 1
36 2138 2120 1
37 7986 7921 1
38 4100 4069 1
39 7980 7920 1
40 7992 7938 1
41 2131 2117 1
42 4098 4072 1
43 7971 7922 1
44 7962 7919 1
45 4036 4016 1
46 15806 15728 1
47 4080 4060 1
48 7986 7948 1
49 4065 4046 1
50 4042 4025 1
51 2146 2137 1
52 15823 15760 1
53 4051 4035 1
54 15819 15763 1
55 7998 7970 1
56 15798 15744 1
57 4099 4085 1
58 15816 15762 1
59 15807 15759 1
60 7979 7955 1
61 2101 2095 1
62 15777 15734 1
63 4061 4050 1
64 31446 31362 1
65 15770 15728 1
66 15806 15766 1
67 15794 15755 1
68 7972 7954 1
69 31425 31357 1
70 7981 7964 1
71 7991 7974 1
72 31433 31369 1
73 7934 7918 1
74 4060 4052 1
75 2102 2098 1
76 2107 2103 0
77 7939 7924 1
78 15778 15749 1
79 15806 15778 1
80 7948 7934 1
81 31443 31388 1
82 31435 31382 1
83 31443 31390 1
84 7989 7976 1
85 15807 15783 1
86 2067 2064 1
87 62699 62609 1
88 15776 15754 1
89 31407 31364 1
90 31450 31409 1
91 4104 4099 1
92 15776 15757 1
93 62700 62633 1
94 87 15 1
95 62691 62608 1
96 15754 15737 1
97 4105 4101 1
98 62663 62602 0
99 31384 31355 0
100 31449 31423 0
101 31438 31441 0
102 500169 500187 0
103 62660 62603 0
104 62665 62608 0
105 31379 31351 0
106 31410 31382 1
107 2107 2116 0
108 62673 62622 0
109 31405 31380 0
110 4012 4009 1
111 31380 31357 0
112 62683 62638 0
113 15763 15752 0
114 31379 31358 0
115 15793 15783 1
116 7950 7945 0
117 31404 31385 0
118 31424 31405 0
119 4048 4046 0
120 31404 31389 0
121 2135 2134 0
122 31403 31389 0
123 15757 15754 0
124 15761 15758 0
125 15730 15728 0
126 4018 4019 0
127 7951 7953 0
128 7947 7949 0
129 4010 4015 0
130 60 61 0
131 49 56 0
132 62686 62665 0
133 500198 500132 0
134 250191 250149 0
135 250157 250132 0
136 250180 250120 0
137 125178 125122 0
138 250175 250136 0
139 62653 62643 0
140 125155 125140 0
141 125166 125150 0
142 125127 125100 0
143 250178 250129 0
144 250165 250113 0
145 250181 250118 0
146 250135 250107 0
147 125153 125139 0
148 250193 250157 0
149 250197 250119 0
150 62661 62634 0
151 500184 500122 0
152 125155 125123 0
153 125157 125140 0
154 500176 500123 0
155 250155 250129 0
156 62693 62668 0
157 500180 500127 0
158 125167 125113 0
159 125160 125125 0
160 500199 500120 0
161 125191 125154 0
162 125198 125173 0
163 125152 125103 0
164 31368 31367 0
165 250172 250148 0
166 500177 500146 0
167 500176 500156 0
168 62669 62665 0
169 500153 500108 0
170 500187 500144 0
171 125159 125151 0
172 500158 500117 0
173 500150 500128 0
174 500177 500151 0
175 500166 500123 0
176 500189 500147 0
177 500160 500124 0
178 125186 125181 0
179 250186 250178 0
180 250120 250113 0
181 250131 250107 0
182 250179 250154 0
183 62639 62602 0
184 125185 125121 0
185 125182 125110 0
186 31381 31368 0
187 250173 250147 0
188 500191 500116 0
189 31354 31358 0
190 31377 31425 0
191 31390 31430 0
192 125174 125172 0
193 31365 31408 0
194 125102 125149 0
195 31371 31396 0
196 31396 31443 0
197 31398 31438 0
198 31371 31401 0
199 125182 125189 0
200 31362 31416 0
201 31369 31419 0
202 15754 15795 0
203 15745 15763 0
204 125192 125196 0
205 15773 15785 0
206 15726 15763 0
207 15745 15746 0
208 15747 15808 0
209 125155 125161 0
210 15736 15776 0
211 15737 15742 0
212 15813 15814 0
213 125104 125103 0
214 15745 15790 0
215 31406 31410 0
216 15793 15803 0
217 15754 15806 0
218 125130 125128 0
219 250158 250178 0
220 250108 250109 0
221 62638 62658 0
222 15776 15781 0
223 15790 15825 0
224 250159 250200 0
225 250183 250198 0
226 15783 15823 0
227 15772 15788 0
228 15759 15781 0
229 15785 15794 0
230 250128 250123 0
231 62609 62694 0
232 62620 62622 0
233 62605 62649 0
234 62618 62675 0
235 250133 250172 0
236 250187 250184 0
237 250105 250115 0
238 15734 15755 0
239 7955 7971 0
240 7921 8004 0
241 7941 7970 0
242 62632 62675 0
243 125106 125196 0
244 250169 250174 0
245 250115 250181 0
246 7928 7987 0
247 62610 62690 0
248 62613 62673 0
249 7933 7984 0
250 250153 250192 0
251 7983 7998 0
252 7923 7998 0
253 62638 62641 0
254 250139 250174 0
255 7916 7924 0
256 7972 7996 0
257 62653 62671 0
258 250108 250132 0
259 7924 7940 0
260 7921 8000 0
261 7949 8011 0
262 62601 62679 0
263 7978 8007 0
264 7948 7984 0
265 250177 250186 0
266 7927 7955 0
267 250127 250142 0
268 62611 62660 0
269 7982 8002 0
270 7920 7964 0
271 250178 250179 0
272 7931 7999 0
273 250115 250190 0
274 31422 31428 0
275 7956 7984 0
276 250187 250181 0
277 31375 31406 0
278 250107 250129 0
279 4049 4091 0
280 62636 62682 0
281 4040 4054 0
282 250103 250180 0
283 62612 62686 0
284 250124 250154 0
285 4056 4105 0
286 62619 62637 0
287 4020 4053 0
288 62688 62698 0
289 250126 250184 0
290 4042 4075 0
291 4007 4030 0
292 62614 62693 0
293 62629 62682 0
294 4053 4085 0
295 62632 62640 0
296 250134 250171 0
297 31368 31374 0
298 4028 4079 0
299 4061 4070 0
300 62608 62697 0
301 62654 62666 0
302 62639 62662 0
303 500160 500154 0
304 62628 62661 0
305 4010 4038 0
306 500135 500124 0
307 31356 31444 0
308 500134 500164 0
309 4013 4095 0
310 500173 500171 0
311 4024 4066 0
312 4058 4104 0
313 4011 4070 0
314 62672 62689 0
315 4039 4077 0
316 500190 500179 0
317 4008 4044 0
318 62620 62628 0
319 62664 62684 0
320 125126 125168 0
321 2082 2111 0
322 500148 500178 0
323 500111 500167 0
324 2064 2097 0
325 125146 125153 0
326 2066 2114 0
327 125144 125173 0
328 2081 2100 0
329 2074 2153 0
330 125153 125178 0
331 2095 2112 0
332 500104 500175 0
333 2075 2146 0
334 2121 2151 0
335 2067 2095 0
336 125167 125194 0
337 2087 2116 0
338 2084 2144 0
339 500117 500169 0
340 2059 2095 0
341 2071 2119 0
342 2080 2111 0
343 500104 500120 0
344 2094 2115 0
345 125107 125114 0
346 125137 125187 0
347 2057 2113 0
348 2062 2140 0
349 125164 125187 0
350 125135 125195 0
351 2063 2083 0
352 125133 125199 0
353 2073 2143 0
354 500119 500118 0
355 500158 500163 0
356 500110 500172 0
357 2106 2149 0
358 2109 2139 0
359 24 41 0
360 500191 500195 0
361 500166 500196 0
362 8 37 0
363 125160 125160 0
364 23 99 0
365 45 56 0
366 46 61 0
367 20 45 0
368 42 71 0
369 4 87 0
370 500103 500174 0
371 31433 31445 0
372 1 40 0
373 125155 125173 0
374 1 43 0
375 500106 500159 0
376 34 67 0
377 70 84 0
378 10 26 0
379 32 95 0
380 500128 500119 0
381 45 93 0
382 125178 125187 0
383 500123 500112 0
384 31351 31393 0
385 500111 500156 0
386 55 78 0
387 76 87 0
388 8 48 0
389 31 42 0
390 500137 500126 0
391 50 78 0
392 500185 500200 0
393 125127 125150 0
394 125151 125172 0
395 500124 500197 0
396 12 22 0
397 9 26 0
398 125146 125145 0
399 31351 31410 0
--------------
1000000 :c
1003853 :sum(p)
1000000 :sum(w)
