400 :n
id p,w,x
--------------
0 74 46 1
1 92 29 1
2 95 41 1
3 66 12 1
4 4098 4025 1
5 4102 4035 1
6 2143 2093 1
7 2139 2089 1
8 95 36 1
9 2144 2104 1
10 2122 2066 1
11 2117 2079 1
12 2149 2067 1
13 2125 2082 1
14 2147 2073 1
15 2152 2060 1
16 2124 2058 1
17 55 12 1
18 87 40 1
19 78 38 1
20 66 36 1
21 31450 31365 1
22 31443 31356 1
23 31434 31365 1
24 31449 31375 1
25 31426 31356 1
26 31446 31376 1
27 15816 15757 1
28 4068 4014 1
29 2147 2124 1
30 15823 15750 1
31 7992 7932 1
32 7982 7923 1
33 2150 2121 1
34 8002 7935 1
35 2138 2106 1
36 7975 7939 1
37 4062 4038 1
38 7992 7942 1
39 7979 7932 1
40 7974 7917 1
41 4063 4035 1
42 7967 7936 1
43 7957 7920 1
44 4065 4024 1
45 4081 4020 1
46 4071 4007 1
47 7972 7940 1
48 4106 4049 1
49 2153 2122 1
50 4089 4062 1
51 4049 4024 1
52 15804 15734 1
53 15808 15729 1
54 4097 4067 1
55 7954 7917 1
56 4078 4040 1
57 8010 7926 1
58 7997 7937 1
59 4087 4032 1
60 15782 15729 1
61 35 17 1
62 20 11 1
63 51 33 1
64 35 26 1
65 76 59 1
66 71 56 1
67 24 23 1
68 2082 2064 1
69 2104 2089 1
70 2138 2126 1
71 2119 2108 1
72 4094 4075 1
73 4061 4043 1
74 4089 4071 1
75 7995 7964 1
76 7999 7975 1
77 15820 15773 1
78 2095 2089 1
79 15807 15764 1
80 7960 7941 1
81 15764 15732 1
82 15809 15777 1
83 7981 7966 1
84 31446 31387 1
85 31443 31385 1
86 7948 7934 1
87 15825 15801 1
88 2083 2066 1
89 62698 62603 1
90 31429 31384 1
91 7943 7933 1
92 31427 31389 1
93 62682 62617 1
94 62676 62612 1
95 96 42 1
96 7943 7914 1
97 62695 62631 0
98 15766 15750 0
99 62689 62628 0
100 62697 62692 0
101 8008 8005 0
102 15751 15818 0
103 7932 7924 1
104 62689 62629 0
105 31417 31387 0
106 31421 31391 1
107 15763 15748 1
108 2131 2129 0
109 7995 8008 0
110 7923 7916 1
111 31391 31365 0
112 62692 62643 0
113 31386 31363 0
114 62648 62603 0
115 62680 62637 0
116 15763 15753 0
117 125188 125109 0
118 125183 125107 0
119 31377 31358 0
120 62646 62609 0
121 125174 125101 0
122 62658 62622 0
123 15761 15752 0
124 15799 15790 0
125 62663 62628 0
126 31427 31411 0
127 15748 15740 0
128 125169 125106 0
129 4076 4074 1
130 62635 62605 0
131 125165 125108 0
132 125178 125129 0
133 31369 31357 0
134 125162 125116 0
135 125190 125144 0
136 125190 125146 0
137 250189 250104 0
138 125195 125153 0
139 15778 15773 0
140 15806 15801 0
141 125190 125151 0
142 250188 250111 0
143 31438 31429 0
144 125188 125154 0
145 125149 125116 0
146 250193 250129 0
147 62668 62652 0
148 7983 7981 0
149 250168 250109 0
150 125191 125163 0
151 125191 125163 0
152 62630 62616 0
153 62660 62646 0
154 125154 125128 0
155 250156 250115 0
156 250182 250141 0
157 125142 125122 0
158 500192 500118 0
159 125136 125118 0
160 125150 125132 0
161 500193 500123 0
162 15794 15792 0
163 500160 500104 0
164 125192 125178 0
165 4038 4038 0
166 7924 7925 0
167 4103 4104 1
168 4020 4023 0
169 4019 4022 0
170 2133 2135 0
171 4036 4040 0
172 2128 2137 0
173 2122 2134 0
174 2078 2090 0
175 63 66 0
176 53 58 0
177 78 89 0
178 23 27 0
179 32 42 0
180 13 25 0
181 250179 250187 0
182 250114 250118 0
183 250152 250143 0
184 500166 500162 0
185 500185 500155 0
186 250195 250194 0
187 500193 500171 0
188 250113 250120 0
189 250139 250149 0
190 250162 250140 0
191 500194 500143 0
192 250161 250147 0
193 250186 250190 0
194 500157 500159 0
195 31424 31422 0
196 250146 250151 0
197 250121 250108 0
198 500136 500116 0
199 250116 250118 0
200 500190 500144 0
201 500139 500145 0
202 250118 250123 0
203 250166 250174 0
204 250178 250170 0
205 250133 250129 0
206 250174 250163 0
207 500173 500139 0
208 500193 500198 0
209 500174 500174 0
210 500104 500111 0
211 500157 500163 0
212 500159 500147 0
213 500194 500155 0
214 500180 500134 0
215 500140 500124 0
216 500189 500169 0
217 500150 500120 0
218 62679 62678 0
219 31392 31389 0
220 500102 500112 0
221 62652 62654 0
222 31368 31369 0
223 62696 62696 0
224 62610 62605 0
225 62628 62630 0
226 62644 62637 0
227 500185 500189 0
228 500128 500139 0
229 500153 500152 0
230 500189 500174 0
231 125138 125139 0
232 125164 125162 0
233 125139 125138 0
234 250194 250199 0
235 250189 250165 0
236 15761 15770 0
237 15767 15815 0
238 500142 500164 0
239 7950 8008 0
240 31382 31436 0
241 31405 31429 0
242 31386 31395 0
243 31372 31437 0
244 31385 31435 0
245 7958 7969 0
246 15744 15753 0
247 31397 31434 0
248 7927 7984 0
249 7914 7971 0
250 7944 7956 0
251 31372 31401 0
252 31351 31358 0
253 7992 8000 0
254 31353 31400 0
255 15742 15752 0
256 7980 8012 0
257 31375 31379 0
258 31361 31428 0
259 7975 7998 0
260 31414 31438 0
261 31429 31435 0
262 31427 31449 0
263 31407 31436 0
264 31399 31410 0
265 7933 7944 0
266 7936 7971 0
267 7929 7989 0
268 31399 31442 0
269 31400 31419 0
270 31371 31431 0
271 62628 62648 0
272 7925 7989 0
273 7982 8011 0
274 7947 7993 0
275 62664 62669 0
276 62614 62689 0
277 62630 62645 0
278 62679 62693 0
279 62655 62685 0
280 4062 4101 0
281 62638 62693 0
282 4011 4049 0
283 62686 62697 0
284 62622 62681 0
285 62604 62615 0
286 4039 4078 0
287 4013 4097 0
288 15763 15814 0
289 62659 62691 0
290 15770 15781 0
291 62621 62641 0
292 4036 4064 0
293 62603 62645 0
294 4037 4100 0
295 4053 4075 0
296 62618 62688 0
297 4034 4079 0
298 62628 62674 0
299 15774 15778 0
300 62616 62636 0
301 15742 15748 0
302 4025 4088 0
303 62643 62665 0
304 4040 4054 0
305 4033 4048 0
306 4007 4076 0
307 125100 125187 0
308 4016 4038 0
309 125114 125176 0
310 4040 4086 0
311 4018 4040 0
312 4016 4075 0
313 125148 125158 0
314 125147 125166 0
315 125108 125147 0
316 4042 4101 0
317 125138 125162 0
318 125165 125199 0
319 125105 125119 0
320 15747 15815 0
321 125110 125178 0
322 2088 2131 0
323 2097 2132 0
324 125100 125157 0
325 125122 125170 0
326 2057 2100 0
327 125134 125188 0
328 2093 2126 0
329 2098 2111 0
330 125138 125196 0
331 2061 2096 0
332 2092 2132 0
333 125122 125185 0
334 2077 2121 0
335 125149 125176 0
336 125130 125155 0
337 125151 125168 0
338 250119 250147 0
339 2081 2101 0
340 250128 250151 0
341 250118 250181 0
342 250142 250162 0
343 250160 250173 0
344 250131 250189 0
345 250107 250123 0
346 2089 2139 0
347 250137 250164 0
348 15761 15810 0
349 2055 2084 0
350 15733 15773 0
351 2107 2132 0
352 250110 250167 0
353 2121 2147 0
354 2076 2136 0
355 250111 250194 0
356 2110 2149 0
357 250152 250192 0
358 15737 15815 0
359 250103 250116 0
360 15762 15806 0
361 250123 250199 0
362 21 69 0
363 26 85 0
364 250108 250138 0
365 15783 15790 0
366 1 28 0
367 13 78 0
368 15796 15814 0
369 36 70 0
370 5 63 0
371 250148 250174 0
372 500116 500148 0
373 500163 500195 0
374 43 84 0
375 28 52 0
376 13 89 0
377 500126 500180 0
378 500116 500159 0
379 21 99 0
380 500123 500172 0
381 500122 500185 0
382 500154 500196 0
383 5 70 0
384 500158 500188 0
385 500106 500174 0
386 500102 500159 0
387 48 76 0
388 500149 500190 0
389 500123 500181 0
390 3 30 0
391 31 97 0
392 15743 15775 0
393 3 97 0
394 15737 15763 0
395 21 66 0
396 15775 15819 0
397 5 44 0
398 15778 15783 0
399 15786 15813 0
--------------
1000000 :c
1004294 :sum(p)
1000000 :sum(w)
