400 :n
id p,w,x
--------------
0 4103 4017 1
1 4098 4009 1
2 2141 2058 1
3 2153 2083 1
4 8009 7930 1
5 8008 7929 1
6 7991 7914 1
7 8005 7918 1
8 48 2 1
9 62 4 1
10 68 15 1
11 26 6 1
12 74 24 1
13 32 11 1
14 25 9 1
15 35 15 1
16 67 30 1
17 83 38 1
18 49 25 1
19 72 39 1
20 72 42 1
21 40 24 1
22 64 42 1
23 70 49 1
24 91 68 1
25 59 49 1
26 100 87 1
27 50 46 1
28 50 48 1
29 2119 2060 1
30 2142 2086 1
31 2122 2069 1
32 2120 2077 1
33 2107 2066 1
34 2143 2104 1
35 4084 4021 1
36 4096 4035 1
37 4086 4026 1
38 2143 2112 1
39 4082 4026 1
40 2099 2071 1
41 4058 4007 1
42 2079 2059 1
43 2084 2065 1
44 2091 2072 1
45 8005 7935 1
46 7996 7929 1
47 2128 2111 1
48 4104 4074 1
49 4073 4044 1
50 2114 2099 1
51 8012 7958 1
52 2119 2106 1
53 4096 4071 1
54 4066 4042 1
55 4099 4075 1
56 7971 7926 1
57 7987 7942 1
58 7988 7943 1
59 2092 2081 1
60 7996 7957 1
61 7999 7960 1
62 2084 2074 1
63 2087 2077 1
64 2099 2089 1
65 7951 7914 1
66 7961 7924 1
67 4099 4080 1
68 4102 4083 1
69 15808 15739 1
70 8004 7970 1
71 15807 15743 1
72 2065 2057 1
73 2068 2060 1
74 15811 15751 1
75 2142 2134 1
76 2084 2077 1
77 4094 4081 1
78 7990 7965 1
79 4032 4020 1
80 15783 15739 1
81 4019 4008 1
82 4059 4049 1
83 15814 15776 1
84 7962 7943 1
85 4027 4018 1
86 15763 15728 1
87 4090 4081 1
88 31446 31377 1
89 31445 31377 1
90 15796 15764 1
91 31449 31386 1
92 4074 4066 1
93 4098 4090 1
94 2116 2112 1
95 15765 15736 1
96 4094 4087 1
97 31416 31363 1
98 7979 7966 1
99 4090 4084 1
100 15767 15744 1
101 15800 15777 1
102 15782 15761 1
103 15796 15775 1
104 31440 31400 1
105 15775 15755 1
106 15745 15726 1
107 15797 15778 1
108 15821 15802 1
109 62697 62628 1
110 62699 62633 1
111 15753 15732 1
112 62689 62604 1
113 7946 7925 1
114 31440 31408 1
115 62678 62619 0
116 31427 31398 1
117 62686 62642 0
118 31447 31441 0
119 20 36 0
120 8002 7995 0
121 15743 15731 1
122 62675 62628 0
123 4072 4069 1
124 31444 31424 0
125 125188 125115 0
126 31432 31415 0
127 31435 31418 0
128 125189 125125 0
129 62679 62647 0
130 31389 31373 0
131 62633 62603 0
132 31413 31398 0
133 2099 2098 0
134 4024 4024 1
135 31432 31418 0
136 62631 62605 0
137 62635 62610 0
138 15733 15727 0
139 15736 15730 0
140 7951 7952 0
141 4023 4026 0
142 2106 2108 0
143 43 44 0
144 41 43 0
145 92 99 0
146 18 20 0
147 18 26 0
148 5 10 0
149 250137 250104 0
150 250175 250150 0
151 250142 250116 0
152 250149 250152 0
153 250181 250164 0
154 250119 250105 0
155 62631 62627 0
156 62633 62612 0
157 250187 250169 0
158 250171 250152 0
159 250175 250128 0
160 250183 250108 0
161 250167 250160 0
162 250168 250134 0
163 250129 250115 0
164 250158 250132 0
165 250175 250103 0
166 125131 125106 0
167 250174 250105 0
168 250139 250121 0
169 250134 250126 0
170 250185 250174 0
171 125155 125144 0
172 250128 250131 0
173 500119 500119 0
174 31389 31382 0
175 500181 500172 0
176 500171 500167 0
177 500198 500124 0
178 500189 500143 0
179 62640 62628 0
180 500192 500166 0
181 62633 62611 0
182 500159 500117 0
183 500118 500108 0
184 125164 125152 0
185 31390 31384 0
186 125183 125147 0
187 500152 500103 0
188 500177 500181 0
189 500145 500105 0
190 500193 500156 0
191 500160 500147 0
192 500171 500161 0
193 500195 500164 0
194 125199 125183 0
195 500196 500114 0
196 125140 125103 0
197 15816 15814 0
198 125199 125190 0
199 15785 15782 0
200 500183 500104 0
201 500199 500106 0
202 500161 500155 0
203 15796 15795 0
204 500192 500101 0
205 125177 125158 0
206 500171 500129 0
207 500165 500169 0
208 500172 500152 0
209 500198 500153 0
210 125138 125108 0
211 62665 62652 0
212 250154 250142 0
213 125165 125113 0
214 125167 125110 0
215 125166 125120 0
216 125159 125111 0
217 125181 125126 0
218 62659 62643 0
219 250191 250177 0
220 250190 250184 0
221 62615 62601 0
222 31359 31430 0
223 15730 15773 0
224 31354 31368 0
225 31413 31428 0
226 15792 15815 0
227 31361 31374 0
228 15755 15814 0
229 31390 31394 0
230 31404 31412 0
231 31356 31447 0
232 15791 15809 0
233 15729 15816 0
234 15800 15821 0
235 31361 31379 0
236 15794 15820 0
237 31375 31377 0
238 15764 15800 0
239 7935 7965 0
240 31413 31441 0
241 7944 8009 0
242 31376 31411 0
243 15750 15813 0
244 7941 7996 0
245 31406 31446 0
246 7929 7984 0
247 31353 31372 0
248 31402 31414 0
249 31351 31426 0
250 7970 7986 0
251 31378 31390 0
252 31356 31410 0
253 31414 31433 0
254 7917 7966 0
255 7941 7962 0
256 31391 31409 0
257 7955 7965 0
258 31378 31435 0
259 31376 31414 0
260 7919 7989 0
261 7919 7982 0
262 7984 7993 0
263 7958 8006 0
264 31401 31447 0
265 7982 8008 0
266 31357 31366 0
267 7965 7985 0
268 7944 7999 0
269 7923 7998 0
270 62617 62618 0
271 62624 62697 0
272 7959 7962 0
273 62656 62684 0
274 62616 62684 0
275 7936 7962 0
276 7951 7959 0
277 62653 62678 0
278 62616 62617 0
279 4008 4039 0
280 62611 62623 0
281 62662 62667 0
282 62672 62684 0
283 62603 62686 0
284 4085 4103 0
285 62636 62658 0
286 62640 62668 0
287 4027 4051 0
288 4010 4105 0
289 62602 62624 0
290 62663 62673 0
291 4066 4083 0
292 62607 62692 0
293 62604 62643 0
294 62679 62700 0
295 15794 15810 0
296 62645 62691 0
297 62612 62671 0
298 4012 4041 0
299 4008 4104 0
300 4019 4101 0
301 62610 62658 0
302 62611 62699 0
303 62602 62685 0
304 62617 62630 0
305 125117 125192 0
306 125125 125137 0
307 4016 4065 0
308 4014 4070 0
309 125123 125132 0
310 125132 125188 0
311 125110 125129 0
312 125153 125161 0
313 125142 125174 0
314 4024 4048 0
315 4025 4046 0
316 4007 4081 0
317 125117 125146 0
318 125154 125193 0
319 125145 125169 0
320 125125 125158 0
321 125114 125173 0
322 125158 125196 0
323 2087 2120 0
324 125115 125117 0
325 2130 2147 0
326 125138 125161 0
327 125131 125189 0
328 125163 125198 0
329 2095 2126 0
330 125152 125176 0
331 125105 125116 0
332 2067 2130 0
333 2091 2104 0
334 2084 2107 0
335 125129 125191 0
336 2109 2125 0
337 125171 125188 0
338 2078 2128 0
339 31440 31450 0
340 2122 2133 0
341 125132 125186 0
342 125185 125188 0
343 2068 2088 0
344 125161 125189 0
345 2066 2098 0
346 250109 250199 0
347 250116 250167 0
348 2105 2142 0
349 250145 250166 0
350 250157 250200 0
351 250107 250193 0
352 250116 250166 0
353 250139 250154 0
354 250104 250123 0
355 250115 250124 0
356 2077 2136 0
357 250126 250150 0
358 250181 250189 0
359 250120 250171 0
360 250120 250153 0
361 250132 250187 0
362 250113 250129 0
363 24 77 0
364 500170 500177 0
365 26 57 0
366 26 96 0
367 250135 250189 0
368 59 87 0
369 51 88 0
370 250149 250166 0
371 500124 500142 0
372 500109 500173 0
373 15766 15790 0
374 500139 500168 0
375 500103 500141 0
376 18 83 0
377 15814 15825 0
378 37 94 0
379 500123 500190 0
380 15743 15753 0
381 49 74 0
382 500105 500198 0
383 500133 500157 0
384 15 81 0
385 21 74 0
386 500173 500198 0
387 500117 500131 0
388 29 74 0
389 500104 500112 0
390 15765 15813 0
391 500170 500191 0
392 15746 15783 0
393 500140 500169 0
394 500107 500157 0
395 500134 500142 0
396 89 99 0
397 500121 500157 0
398 15782 15795 0
399 15734 15766 0
--------------
1000000 :c
1004031 :sum(p)
999998 :sum(w)
