400 :n
id p,w,x
--------------
0 31436 31374 1
1 31431 31361 1
2 2151 2107 1
3 2079 2061 1
4 31424 31351 1
5 31424 31353 1
6 2137 2083 1
7 2139 2122 1
8 2080 2060 1
9 2106 2060 1
10 2143 2089 1
11 2152 2067 1
12 2103 2068 1
13 2142 2084 1
14 2142 2082 1
15 2153 2063 1
16 31421 31355 1
17 2135 2080 1
18 2134 2077 1
19 2127 2066 1
20 2134 2072 1
21 2098 2067 1
22 4073 4046 1
23 4096 4065 1
24 4046 4024 1
25 2105 2085 1
26 2148 2119 1
27 75 5 1
28 71 35 1
29 4071 4031 1
30 4071 4048 1
31 15812 15741 1
32 61 23 1
33 83 13 1
34 4050 4020 1
35 4042 4015 1
36 4084 4052 1
37 4106 4020 1
38 15797 15736 1
39 76 12 1
40 4068 4012 1
41 15794 15757 1
42 59 5 1
43 51 33 1
44 71 47 1
45 79 53 1
46 4038 4016 1
47 15801 15740 1
48 15817 15785 1
49 4046 4027 1
50 99 41 1
51 4078 4019 1
52 15795 15728 1
53 7991 7916 1
54 7977 7913 1
55 7968 7921 1
56 15815 15745 1
57 8007 7968 1
58 7970 7917 1
59 94 77 1
60 7986 7918 1
61 7976 7927 1
62 100 26 1
63 8005 7966 1
64 77 18 1
65 15769 15737 1
66 65 7 1
67 36 21 1
68 44 10 1
69 40 11 1
70 77 11 1
71 7982 7935 1
72 15771 15726 1
73 41 17 1
74 82 54 1
75 7985 7953 1
76 15807 15765 1
77 15816 15769 1
78 81 74 1
79 95 90 1
80 93 89 1
81 2094 2081 1
82 2138 2127 1
83 4084 4068 1
84 4023 4010 1
85 2106 2100 1
86 4030 4019 1
87 4063 4052 1
88 7947 7927 1
89 7956 7936 1
90 8004 7987 1
91 8010 7994 1
92 4029 4021 1
93 31444 31382 1
94 15787 15756 1
95 7966 7951 1
96 31413 31355 1
97 31445 31397 1
98 15755 15732 0
99 15823 15802 1
100 15814 15794 1
101 62693 62615 1
102 31415 31376 1
103 62697 62620 1
104 7969 7960 0
105 2137 2076 1
106 62692 62602 1
107 31394 31354 1
108 7992 7983 0
109 31394 31360 0
110 31445 31413 1
111 8001 8006 0
112 4098 4105 0
113 36 37 1
114 31409 31378 0
115 62693 62632 0
116 2076 2074 1
117 15740 15726 0
118 62663 62608 0
119 62675 62621 0
120 62681 62630 0
121 31440 31416 0
122 7976 7970 0
123 15751 15741 0
124 7960 7955 0
125 4039 4037 1
126 31443 31428 0
127 31375 31361 0
128 7928 7926 0
129 15784 15782 0
130 7968 7968 0
131 2060 2061 0
132 4010 4012 0
133 4037 4043 0
134 4016 4023 0
135 2069 2079 0
136 41 45 0
137 74 83 0
138 79 89 0
139 26 36 0
140 4 8 0
141 125159 125104 0
142 125190 125106 0
143 125156 125138 0
144 250162 250105 0
145 250178 250150 0
146 500199 500112 0
147 62646 62633 0
148 62631 62605 0
149 125180 125163 0
150 62665 62630 0
151 250166 250130 0
152 250192 250128 0
153 62656 62638 0
154 125136 125107 0
155 125199 125122 0
156 125162 125134 0
157 125186 125132 0
158 250172 250126 0
159 125159 125135 0
160 250172 250124 0
161 31423 31419 0
162 125144 125119 0
163 250158 250108 0
164 125174 125105 0
165 62622 62616 0
166 500154 500106 0
167 62667 62661 0
168 250130 250104 0
169 500169 500115 0
170 250200 250115 0
171 31403 31397 0
172 250172 250137 0
173 500189 500118 0
174 250174 250150 0
175 125198 125139 0
176 250199 250150 0
177 125198 125114 0
178 62651 62623 0
179 62624 62601 0
180 250190 250154 0
181 250169 250140 0
182 125188 125157 0
183 500139 500127 0
184 500164 500120 0
185 500102 500124 0
186 125192 125199 0
187 500137 500197 0
188 500179 500175 0
189 125171 125180 0
190 250126 250121 0
191 250163 250141 0
192 31364 31367 0
193 500179 500195 0
194 500106 500142 0
195 31439 31437 0
196 250112 250145 0
197 125148 125141 0
198 500112 500154 0
199 125190 125191 0
200 500118 500182 0
201 125146 125149 0
202 500121 500105 0
203 125123 125113 0
204 500161 500142 0
205 125180 125192 0
206 500154 500196 0
207 500120 500148 0
208 500157 500181 0
209 500195 500193 0
210 250152 250180 0
211 62653 62660 0
212 15821 15823 0
213 500103 500111 0
214 125163 125177 0
215 500153 500131 0
216 500179 500181 0
217 250145 250127 0
218 250136 250122 0
219 62637 62638 0
220 15821 15821 0
221 250177 250177 0
222 500139 500190 0
223 500116 500129 0
224 500155 500123 0
225 500108 500106 0
226 125163 125176 0
227 250141 250142 0
228 500112 500102 0
229 62651 62656 0
230 62651 62650 0
231 500103 500157 0
232 250134 250125 0
233 500170 500126 0
234 250153 250139 0
235 500199 500175 0
236 125125 125119 0
237 15818 15820 0
238 125185 125185 0
239 125176 125177 0
240 500114 500175 0
241 250136 250157 0
242 250144 250153 0
243 125180 125195 0
244 500186 500162 0
245 500139 500148 0
246 125130 125146 0
247 125126 125116 0
248 500138 500193 0
249 125185 125195 0
250 125128 125141 0
251 500145 500115 0
252 500139 500157 0
253 31380 31378 0
254 500148 500170 0
255 125172 125186 0
256 500164 500107 0
257 62631 62618 0
258 250197 250169 0
259 62692 62673 0
260 250152 250190 0
261 15782 15793 0
262 7945 7966 0
263 7951 7977 0
264 15760 15773 0
265 250128 250188 0
266 15727 15785 0
267 15794 15814 0
268 15728 15757 0
269 7988 8001 0
270 15729 15743 0
271 15778 15821 0
272 250151 250186 0
273 7938 7954 0
274 15772 15792 0
275 15753 15804 0
276 15765 15771 0
277 250141 250190 0
278 250110 250159 0
279 125158 125175 0
280 15771 15778 0
281 15730 15788 0
282 4067 4081 0
283 15775 15792 0
284 7978 8001 0
285 15768 15789 0
286 250109 250176 0
287 4071 4084 0
288 4069 4082 0
289 15770 15825 0
290 31363 31402 0
291 31425 31435 0
292 31398 31428 0
293 31422 31436 0
294 250122 250190 0
295 31393 31418 0
296 4076 4086 0
297 31407 31434 0
298 500113 500189 0
299 7962 7973 0
300 31353 31380 0
301 31382 31425 0
302 31368 31428 0
303 31387 31404 0
304 31360 31413 0
305 31377 31430 0
306 31384 31429 0
307 500110 500198 0
308 31405 31448 0
309 31421 31439 0
310 31360 31430 0
311 31378 31392 0
312 31369 31418 0
313 31408 31416 0
314 62625 62673 0
315 4039 4051 0
316 250111 250170 0
317 62604 62677 0
318 62641 62672 0
319 7965 7983 0
320 62633 62676 0
321 62612 62633 0
322 62633 62656 0
323 62634 62643 0
324 62602 62624 0
325 62643 62670 0
326 62656 62692 0
327 62619 62656 0
328 62618 62693 0
329 62627 62680 0
330 62631 62692 0
331 62685 62694 0
332 62652 62673 0
333 62636 62690 0
334 62614 62693 0
335 125137 125174 0
336 125100 125137 0
337 125127 125176 0
338 125110 125187 0
339 125130 125161 0
340 125102 125124 0
341 15765 15780 0
342 7920 7947 0
343 250132 250185 0
344 250191 250165 0
345 125179 125114 0
346 62674 62653 0
347 250161 250119 0
348 250162 250104 0
349 250166 250138 0
350 2065 2102 0
351 2072 2109 0
352 2106 2146 0
353 2116 2137 0
354 2094 2153 0
355 2114 2125 0
356 4035 4054 0
357 2114 2134 0
358 4077 4106 0
359 35 95 0
360 4011 4075 0
361 10 46 0
362 2058 2110 0
363 4055 4088 0
364 4077 4097 0
365 4026 4103 0
366 4052 4099 0
367 26 40 0
368 4049 4077 0
369 55 90 0
370 27 92 0
371 4073 4094 0
372 4029 4097 0
373 4055 4096 0
374 4015 4075 0
375 21 72 0
376 9 69 0
377 7924 8006 0
378 7962 8003 0
379 7940 8001 0
380 2056 2089 0
381 7924 7983 0
382 7939 7975 0
383 2084 2105 0
384 7941 7995 0
385 2084 2115 0
386 49 70 0
387 7935 7973 0
388 7951 8010 0
389 7963 8010 0
390 2088 2140 0
391 27 82 0
392 7932 7992 0
393 15727 15811 0
394 21 89 0
395 15741 15821 0
396 31 98 0
397 15728 15794 0
398 2070 2113 0
399 2067 2082 0
--------------
1000000 :c
1004504 :sum(p)
999999 :sum(w)
