400 :n
id p,w,x
--------------
0 85 1 1
1 78 6 1
2 46 4 1
3 27 5 1
4 29 6 1
5 31 7 1
6 55 15 1
7 73 20 1
8 89 32 1
9 45 19 1
10 60 30 1
11 71 37 1
12 34 20 1
13 77 49 1
14 77 50 1
15 58 43 1
16 87 69 1
17 98 81 1
18 93 81 1
19 2153 2067 1
20 2133 2066 1
21 2120 2056 1
22 2138 2078 1
23 2147 2092 1
24 2137 2087 1
25 2118 2073 1
26 2138 2095 1
27 2149 2108 1
28 2100 2061 1
29 4097 4022 1
30 2104 2066 1
31 2107 2070 1
32 4092 4027 1
33 2151 2117 1
34 4106 4042 1
35 4094 4041 1
36 2118 2094 1
37 4065 4020 1
38 97 96 0
39 4074 4032 1
40 8005 7923 1
41 4102 4063 1
42 4071 4034 1
43 4044 4008 1
44 4099 4063 1
45 4090 4055 1
46 4081 4047 1
47 4090 4056 1
48 2096 2080 1
49 4103 4072 1
50 2083 2068 1
51 2097 2082 1
52 2103 2088 1
53 2127 2112 1
54 4052 4024 1
55 2085 2072 1
56 4075 4050 1
57 7992 7943 1
58 15824 15729 1
59 4056 4032 1
60 7966 7920 1
61 4093 4071 1
62 15820 15735 1
63 7991 7949 1
64 2121 2110 1
65 7993 7952 1
66 15825 15748 1
67 7990 7956 1
68 2150 2141 1
69 7978 7945 1
70 15794 15731 1
71 4059 4044 1
72 4095 4080 1
73 7953 7924 1
74 15804 15747 1
75 15810 15755 1
76 15823 15772 1
77 7975 7950 1
78 2068 2062 0
79 4050 4039 1
80 15775 15735 1
81 7954 7934 1
82 7947 7928 1
83 8009 7990 1
84 15782 15746 1
85 7969 7951 1
86 15782 15747 1
87 15777 15744 1
88 15774 15742 1
89 7943 7927 1
90 31443 31403 1
91 95 41 1
92 31404 31351 1
93 31432 31380 1
94 62700 62604 1
95 31413 31372 1
96 62700 62609 1
97 31429 31384 1
98 4073 4067 1
99 31441 31404 1
100 15768 15750 1
101 31412 31377 1
102 31446 31414 1
103 31393 31362 1
104 2137 2135 0
105 8006 7991 0
106 62695 62617 1
107 62674 62616 1
108 62659 62608 0
109 7922 7916 0
110 62697 62671 0
111 2129 2130 0
112 31425 31409 0
113 62671 62623 0
114 31429 31406 0
115 62667 62622 0
116 15786 15775 0
117 31382 31361 0
118 15752 15742 1
119 31371 31352 0
120 31379 31363 0
121 31414 31398 0
122 62687 62650 0
123 125173 125104 0
124 62649 62616 0
125 125181 125102 0
126 125195 125111 0
127 500129 500101 0
128 7984 7993 0
129 31443 31427 0
130 31410 31395 0
131 125198 125139 0
132 125175 125120 0
133 62667 62640 0
134 62695 62668 0
135 250188 250102 0
136 62626 62605 0
137 250197 250117 0
138 125152 125112 0
139 62624 62604 0
140 31416 31407 0
141 15792 15788 0
142 7980 7978 0
143 31384 31378 0
144 15817 15814 0
145 15813 15811 0
146 4065 4065 0
147 15771 15771 0
148 15797 15797 0
149 15803 15809 0
150 2061 2062 0
151 7946 7950 0
152 15762 15771 0
153 7983 7988 0
154 4020 4023 0
155 15780 15793 0
156 15774 15787 0
157 7982 7990 0
158 7972 7982 0
159 7947 7957 0
160 2072 2075 0
161 7936 7948 0
162 7915 7927 0
163 7983 7997 0
164 7952 7970 0
165 4067 4078 0
166 4045 4056 0
167 4028 4044 0
168 4015 4035 0
169 2083 2095 0
170 2114 2136 0
171 2114 2136 0
172 26 30 0
173 59 74 0
174 3 4 1
175 66 91 0
176 17 31 0
177 19 35 0
178 12 25 0
179 15 40 0
180 14 40 0
181 11 36 0
182 125140 125124 0
183 500186 500107 0
184 125196 125169 0
185 125121 125104 0
186 125151 125130 0
187 125166 125141 0
188 62635 62625 0
189 62692 62682 0
190 250175 250120 0
191 125156 125126 0
192 62626 62609 0
193 125194 125162 0
194 250169 250101 0
195 62630 62612 0
196 125154 125124 0
197 125185 125150 0
198 250186 250124 0
199 250174 250118 0
200 500198 500117 0
201 250192 250142 0
202 125153 125134 0
203 250184 250136 0
204 250170 250137 0
205 62672 62673 0
206 15779 15796 0
207 15741 15825 0
208 62630 62687 0
209 62676 62687 0
210 15789 15814 0
211 15784 15798 0
212 62627 62658 0
213 62612 62675 0
214 15741 15774 0
215 15745 15803 0
216 62648 62688 0
217 125174 125186 0
218 15757 15806 0
219 15747 15787 0
220 62674 62700 0
221 15764 15810 0
222 125148 125147 0
223 15730 15821 0
224 125127 125186 0
225 15748 15789 0
226 125118 125108 0
227 125183 125181 0
228 15793 15809 0
229 125132 125185 0
230 62625 62655 0
231 125154 125170 0
232 15736 15771 0
233 15761 15820 0
234 125123 125162 0
235 15745 15814 0
236 125106 125140 0
237 15754 15793 0
238 62670 62680 0
239 125174 125175 0
240 125111 125131 0
241 125183 125196 0
242 125103 125136 0
243 7952 7992 0
244 31363 31402 0
245 31393 31395 0
246 7971 7992 0
247 31368 31370 0
248 62695 62688 0
249 7942 7992 0
250 7915 7948 0
251 7925 7963 0
252 31380 31404 0
253 125144 125169 0
254 7923 7967 0
255 125120 125194 0
256 7936 7979 0
257 7955 7996 0
258 125111 125160 0
259 125114 125169 0
260 62609 62691 0
261 125177 125164 0
262 31372 31393 0
263 125122 125141 0
264 125120 125130 0
265 31412 31435 0
266 7925 7962 0
267 125111 125120 0
268 31386 31391 0
269 7956 7994 0
270 125139 125147 0
271 125187 125182 0
272 31396 31415 0
273 7945 7974 0
274 7937 8004 0
275 125159 125179 0
276 250169 250160 0
277 7932 7957 0
278 250111 250174 0
279 4040 4089 0
280 250120 250131 0
281 250158 250133 0
282 4025 4098 0
283 250115 250157 0
284 4057 4087 0
285 250110 250156 0
286 250123 250184 0
287 250166 250175 0
288 4028 4095 0
289 250122 250110 0
290 4060 4084 0
291 250199 250177 0
292 4037 4070 0
293 250130 250106 0
294 31374 31427 0
295 4026 4090 0
296 31384 31445 0
297 250139 250194 0
298 250111 250138 0
299 250137 250155 0
300 250117 250173 0
301 4011 4092 0
302 31387 31440 0
303 250116 250154 0
304 4036 4077 0
305 62620 62662 0
306 4048 4095 0
307 62684 62687 0
308 250131 250137 0
309 250162 250200 0
310 250151 250175 0
311 250198 250199 0
312 4028 4055 0
313 250122 250105 0
314 250153 250124 0
315 250184 250180 0
316 4038 4086 0
317 250106 250157 0
318 31353 31428 0
319 62686 62682 0
320 2057 2119 0
321 250174 250164 0
322 2073 2135 0
323 62685 62696 0
324 2102 2149 0
325 250198 250170 0
326 250190 250159 0
327 250123 250169 0
328 250122 250174 0
329 250118 250112 0
330 250190 250187 0
331 500154 500191 0
332 500135 500169 0
333 2075 2143 0
334 500164 500145 0
335 500137 500104 0
336 2098 2133 0
337 500183 500145 0
338 31381 31433 0
339 500190 500134 0
340 62666 62676 0
341 2081 2132 0
342 31422 31431 0
343 500176 500174 0
344 2090 2147 0
345 500158 500184 0
346 2097 2124 0
347 500115 500143 0
348 500179 500184 0
349 2077 2134 0
350 62613 62615 0
351 500128 500164 0
352 500123 500132 0
353 500146 500142 0
354 500137 500114 0
355 2086 2139 0
356 500156 500136 0
357 500133 500188 0
358 500148 500138 0
359 500109 500171 0
360 500185 500178 0
361 20 80 0
362 500165 500171 0
363 500147 500118 0
364 62685 62699 0
365 500127 500171 0
366 500109 500136 0
367 31383 31390 0
368 500166 500191 0
369 500135 500138 0
370 500154 500131 0
371 62602 62657 0
372 7 40 0
373 62631 62676 0
374 500111 500194 0
375 500175 500181 0
376 500123 500153 0
377 31381 31440 0
378 500107 500117 0
379 31365 31406 0
380 27 87 0
381 500110 500158 0
382 500153 500179 0
383 39 77 0
384 16 79 0
385 500128 500144 0
386 62623 62632 0
387 500186 500144 0
388 62626 62634 0
389 500161 500137 0
390 31394 31427 0
391 26 66 0
392 500115 500156 0
393 500137 500168 0
394 52 98 0
395 6 99 0
396 55 86 0
397 31373 31411 0
398 31398 31450 0
399 31362 31418 0
--------------
1000000 :c
1004104 :sum(p)
1000000 :sum(w)
