400 :n
id p,w,x
--------------
0 8000 7939 1
1 7952 7920 1
2 7984 7928 1
3 2144 2133 1
4 64 35 1
5 4103 4013 1
6 4067 4043 1
7 26 6 1
8 43 16 1
9 2134 2067 1
10 2119 2087 1
11 4094 4061 1
12 2097 2068 1
13 15787 15730 1
14 62 39 1
15 15787 15746 1
16 47 18 1
17 75 31 1
18 4077 4063 1
19 85 1 1
20 4068 4034 1
21 15787 15744 1
22 15805 15756 1
23 15824 15741 1
24 15783 15735 1
25 66 52 1
26 2144 2106 1
27 15803 15736 1
28 4031 4013 1
29 90 5 1
30 7968 7926 1
31 2143 2074 1
32 4090 4043 1
33 15821 15754 1
34 4029 4008 1
35 2081 2072 1
36 2139 2056 1
37 15781 15737 1
38 2136 2105 1
39 93 37 1
40 7982 7934 1
41 2126 2114 1
42 7984 7939 1
43 7961 7932 1
44 2103 2089 1
45 8005 7941 1
46 2118 2064 1
47 2101 2090 1
48 2078 2059 1
49 57 28 1
50 55 24 1
51 85 23 1
52 54 42 1
53 2130 2118 1
54 2079 2060 1
55 2114 2096 1
56 51 16 1
57 4062 4016 1
58 7988 7961 1
59 4082 4065 1
60 7994 7957 1
61 73 3 1
62 67 51 1
63 92 21 1
64 7969 7930 1
65 2108 2099 1
66 15772 15746 1
67 15761 15736 1
68 15823 15789 1
69 31446 31377 1
70 15787 15758 1
71 15801 15766 1
72 15778 15754 1
73 31432 31377 1
74 31425 31377 1
75 7989 7973 1
76 31426 31367 1
77 31418 31364 1
78 15783 15757 1
79 26 23 1
80 55 50 1
81 47 43 1
82 37 34 1
83 2076 2071 1
84 2077 2072 1
85 4082 4074 1
86 7941 7928 1
87 8002 7990 1
88 8011 7999 1
89 31428 31382 1
90 15786 15763 1
91 31450 31407 1
92 31442 31400 1
93 15754 15734 1
94 4069 4064 1
95 4094 4089 1
96 31430 31392 1
97 62689 62615 1
98 8010 8001 1
99 31448 31414 1
100 7975 7954 1
101 31415 31355 1
102 4023 4008 1
103 15767 15750 0
104 62691 62630 1
105 15766 15751 0
106 62698 62648 0
107 31446 31436 0
108 5 26 0
109 62678 62620 0
110 62694 62636 0
111 31444 31415 0
112 31409 31381 0
113 31445 31417 0
114 8003 7996 1
115 4020 4017 1
116 31399 31372 0
117 31404 31378 0
118 15809 15798 0
119 7999 7994 0
120 7932 7928 0
121 7981 7977 0
122 2111 2110 0
123 4052 4052 0
124 4071 4072 0
125 4093 4095 0
126 49 51 0
127 62645 62617 0
128 125189 125103 0
129 62686 62666 0
130 125164 125107 0
131 62659 62614 0
132 62696 62673 0
133 31387 31377 0
134 125156 125110 0
135 125196 125124 0
136 62647 62601 0
137 62691 62641 0
138 31404 31390 0
139 62680 62650 0
140 62660 62622 0
141 500200 500113 0
142 125131 125102 0
143 15812 15807 0
144 250187 250138 0
145 125179 125156 0
146 125198 125171 0
147 250182 250119 0
148 250194 250116 0
149 250190 250150 0
150 250143 250101 0
151 62627 62614 0
152 125132 125110 0
153 250169 250127 0
154 125193 125167 0
155 250165 250108 0
156 31407 31400 0
157 125172 125137 0
158 62627 62611 0
159 62673 62655 0
160 500186 500112 0
161 15735 15734 0
162 500153 500125 0
163 500187 500163 0
164 62689 62685 0
165 250170 250131 0
166 15739 15737 0
167 500145 500108 0
168 500178 500132 0
169 500191 500118 0
170 500178 500150 0
171 500179 500133 0
172 125152 125141 0
173 125117 125110 0
174 500135 500118 0
175 500185 500132 0
176 125159 125155 0
177 500161 500114 0
178 250179 250153 0
179 250174 250164 0
180 250167 250131 0
181 31429 31428 0
182 250180 250165 0
183 250142 250122 0
184 500198 500154 0
185 500192 500124 0
186 125144 125134 0
187 250153 250117 0
188 250187 250155 0
189 250141 250113 0
190 250196 250186 0
191 250170 250159 0
192 250199 250184 0
193 500189 500166 0
194 500177 500131 0
195 250176 250145 0
196 500148 500127 0
197 500181 500117 0
198 62653 62649 0
199 62651 62628 0
200 250196 250113 0
201 125195 125123 0
202 31374 31376 0
203 31416 31446 0
204 31353 31356 0
205 31402 31404 0
206 31378 31384 0
207 31428 31446 0
208 31369 31420 0
209 31360 31415 0
210 31390 31429 0
211 15791 15808 0
212 31388 31434 0
213 15727 15754 0
214 31356 31414 0
215 15800 15809 0
216 500187 500173 0
217 62675 62691 0
218 62630 62684 0
219 15740 15766 0
220 62679 62687 0
221 62620 62651 0
222 62601 62602 0
223 62623 62662 0
224 15759 15793 0
225 62686 62699 0
226 62634 62655 0
227 62602 62634 0
228 62621 62645 0
229 62651 62693 0
230 62634 62667 0
231 62621 62620 0
232 15789 15824 0
233 62622 62677 0
234 62608 62640 0
235 15776 15785 0
236 62611 62664 0
237 62603 62700 0
238 15805 15814 0
239 62601 62605 0
240 62607 62666 0
241 7980 7991 0
242 7922 7939 0
243 62613 62684 0
244 125101 125115 0
245 125164 125195 0
246 125150 125198 0
247 125135 125137 0
248 125155 125175 0
249 125188 125186 0
250 125140 125138 0
251 125115 125170 0
252 125132 125187 0
253 125116 125162 0
254 125124 125131 0
255 125119 125155 0
256 125128 125157 0
257 7975 7990 0
258 125127 125142 0
259 125142 125181 0
260 125177 125175 0
261 125116 125152 0
262 125175 125178 0
263 125108 125106 0
264 125104 125110 0
265 125153 125160 0
266 7980 7983 0
267 125136 125162 0
268 125179 125188 0
269 125103 125180 0
270 125123 125173 0
271 8001 8003 0
272 250178 250185 0
273 250114 250160 0
274 250116 250133 0
275 250108 250141 0
276 250168 250198 0
277 250119 250126 0
278 250171 250200 0
279 250137 250152 0
280 250145 250198 0
281 4094 4101 0
282 250121 250129 0
283 250178 250181 0
284 250152 250177 0
285 250162 250169 0
286 15769 15804 0
287 250107 250196 0
288 250139 250174 0
289 250102 250105 0
290 250168 250172 0
291 250167 250164 0
292 250163 250171 0
293 500103 500119 0
294 4098 4106 0
295 500124 500193 0
296 31367 31391 0
297 500142 500193 0
298 500111 500151 0
299 500116 500104 0
300 500166 500157 0
301 500110 500195 0
302 500145 500147 0
303 500138 500163 0
304 500148 500172 0
305 500179 500199 0
306 500159 500152 0
307 4008 4013 0
308 500177 500169 0
309 4066 4069 0
310 31367 31404 0
311 500124 500176 0
312 500130 500198 0
313 500133 500149 0
314 500130 500157 0
315 500110 500177 0
316 500106 500127 0
317 500102 500147 0
318 500119 500128 0
319 31395 31429 0
320 31393 31446 0
321 31394 31430 0
322 62692 62654 0
323 4045 4092 0
324 2082 2149 0
325 2069 2096 0
326 4052 4096 0
327 2076 2149 0
328 4024 4050 0
329 2131 2142 0
330 2137 2148 0
331 4069 4105 0
332 4053 4099 0
333 2062 2121 0
334 4029 4060 0
335 2085 2096 0
336 2108 2138 0
337 2090 2100 0
338 4022 4106 0
339 4026 4046 0
340 2059 2069 0
341 2061 2105 0
342 4071 4105 0
343 2066 2102 0
344 4041 4061 0
345 4046 4073 0
346 4025 4098 0
347 4015 4037 0
348 4075 4087 0
349 2055 2126 0
350 2064 2083 0
351 4041 4050 0
352 2071 2147 0
353 4045 4071 0
354 4019 4098 0
355 2090 2109 0
356 4020 4057 0
357 7949 7995 0
358 7915 7978 0
359 7915 7985 0
360 7965 7996 0
361 50 61 0
362 7951 8009 0
363 7927 7977 0
364 8 48 0
365 41 61 0
366 7913 8001 0
367 7955 8003 0
368 2 17 0
369 43 59 0
370 7982 8003 0
371 7969 8003 0
372 7944 7977 0
373 42 59 0
374 8 27 0
375 25 49 0
376 7927 8012 0
377 9 63 0
378 2078 2136 0
379 7915 7987 0
380 38 77 0
381 7922 7977 0
382 15743 15779 0
383 15727 15765 0
384 15731 15780 0
385 59 74 0
386 15750 15823 0
387 15757 15824 0
388 15735 15822 0
389 10 56 0
390 15763 15798 0
391 49 63 0
392 31353 31443 0
393 73 99 0
394 31367 31444 0
395 5 42 0
396 46 80 0
397 31358 31428 0
398 2056 2131 0
399 2118 2127 0
--------------
1000000 :c
1003669 :sum(p)
999996 :sum(w)
