400 :n
id p,w,x
--------------
0 27 7 1
1 90 73 1
2 87 20 1
3 7988 7925 1
4 8000 7956 1
5 15811 15769 1
6 86 70 1
7 83 25 1
8 7982 7914 1
9 7967 7913 1
10 15809 15763 1
11 8007 7972 1
12 15803 15730 1
13 15782 15733 1
14 81 10 1
15 8006 7958 1
16 73 51 1
17 15810 15768 1
18 7973 7923 1
19 7958 7920 1
20 15821 15761 1
21 15781 15739 1
22 15791 15747 1
23 15792 15737 1
24 7976 7934 1
25 8012 7920 1
26 72 6 1
27 7971 7943 1
28 4081 4039 1
29 81 67 1
30 4101 4007 1
31 4061 4041 1
32 31447 31360 1
33 4044 4024 1
34 4072 4058 1
35 4071 4036 1
36 4096 4033 1
37 4105 4018 1
38 4105 4076 1
39 4066 4039 1
40 79 39 1
41 52 11 1
42 4056 4007 1
43 62 32 1
44 49 16 1
45 4044 4025 1
46 4085 4049 1
47 4057 4017 1
48 2107 2089 1
49 2109 2080 1
50 2151 2091 1
51 2142 2101 1
52 2127 2079 1
53 2133 2074 1
54 2136 2080 1
55 15815 15773 1
56 2116 2097 1
57 2124 2066 1
58 2121 2095 1
59 78 42 1
60 2110 2095 1
61 2115 2063 1
62 2152 2058 1
63 2123 2094 1
64 99 6 1
65 2092 2059 1
66 78 60 1
67 2111 2078 1
68 2091 2068 1
69 2136 2064 1
70 60 9 1
71 64 3 1
72 77 62 1
73 67 59 1
74 76 70 1
75 89 85 1
76 2135 2126 1
77 2114 2108 1
78 31432 31353 1
79 31429 31352 1
80 15821 15783 1
81 7955 7936 1
82 31447 31372 1
83 8006 7987 1
84 4026 4017 1
85 31447 31381 1
86 4101 4093 0
87 31432 31371 1
88 7992 7977 1
89 31443 31385 1
90 15759 15730 1
91 15792 15763 1
92 7964 7950 1
93 8004 7990 1
94 31424 31373 1
95 15777 15752 1
96 31447 31399 1
97 15777 15754 1
98 31415 31370 1
99 15800 15779 1
100 4064 4059 1
101 31408 31370 1
102 7962 7921 1
103 62686 62602 1
104 4020 4010 1
105 62685 62610 1
106 31402 31365 0
107 31414 31378 0
108 62690 62649 0
109 15825 15824 0
110 83 100 0
111 8000 7991 0
112 15757 15740 1
113 31388 31356 0
114 15814 15798 1
115 31430 31399 0
116 15757 15742 0
117 7945 7938 0
118 31408 31382 0
119 4100 4097 0
120 7995 7990 0
121 15753 15744 0
122 15801 15793 0
123 7994 7990 0
124 2059 2058 0
125 7920 7918 0
126 4068 4067 0
127 76 76 0
128 7986 7986 0
129 2137 2138 0
130 125197 125106 0
131 62683 62636 0
132 62679 62635 0
133 62671 62628 0
134 62609 62601 0
135 250189 250166 0
136 62615 62603 0
137 250178 250195 0
138 250179 250183 0
139 250144 250122 0
140 500166 500162 0
141 62607 62602 0
142 62616 62618 0
143 62664 62627 0
144 62655 62631 0
145 250137 250106 0
146 250192 250146 0
147 125181 125134 0
148 125193 125161 0
149 125185 125144 0
150 62667 62637 0
151 250196 250158 0
152 62689 62656 0
153 500153 500138 0
154 62640 62604 0
155 500197 500139 0
156 62613 62610 0
157 62688 62678 0
158 125183 125128 0
159 250154 250148 0
160 31424 31425 0
161 500130 500102 0
162 125106 125109 0
163 62665 62647 0
164 31415 31401 0
165 125157 125163 0
166 500125 500144 0
167 500174 500118 0
168 250166 250124 0
169 31446 31432 0
170 31387 31388 0
171 250168 250177 0
172 500197 500167 0
173 500172 500137 0
174 125197 125190 0
175 125180 125115 0
176 125153 125126 0
177 250157 250170 0
178 500175 500111 0
179 250136 250127 0
180 500190 500150 0
181 125186 125171 0
182 125159 125145 0
183 500154 500132 0
184 31386 31381 0
185 125156 125122 0
186 125185 125166 0
187 31374 31374 0
188 500175 500179 0
189 125180 125162 0
190 250117 250125 0
191 500136 500101 0
192 31372 31356 0
193 250185 250117 0
194 125176 125142 0
195 31384 31379 0
196 31418 31399 0
197 31366 31352 0
198 125151 125114 0
199 500173 500132 0
200 125168 125149 0
201 125129 125124 0
202 250144 250114 0
203 15806 15801 0
204 500200 500140 0
205 125187 125138 0
206 250170 250175 0
207 500128 500113 0
208 500178 500130 0
209 125178 125145 0
210 500134 500162 0
211 125169 125173 0
212 500159 500142 0
213 62664 62634 0
214 125126 125127 0
215 62667 62637 0
216 500147 500168 0
217 125155 125114 0
218 500184 500156 0
219 500189 500153 0
220 500174 500175 0
221 500149 500156 0
222 250193 250153 0
223 125178 125113 0
224 500185 500186 0
225 250120 250108 0
226 125182 125119 0
227 500200 500108 0
228 125125 125113 0
229 500131 500132 0
230 500169 500114 0
231 250197 250151 0
232 62616 62620 0
233 500158 500148 0
234 250148 250160 0
235 125181 125167 0
236 500168 500163 0
237 250147 250145 0
238 250174 250130 0
239 500181 500155 0
240 250195 250168 0
241 250196 250121 0
242 250195 250198 0
243 62662 62618 0
244 7914 7959 0
245 7944 7973 0
246 15745 15808 0
247 7999 8002 0
248 15768 15812 0
249 15754 15766 0
250 7924 7974 0
251 7992 7994 0
252 15757 15814 0
253 7921 7929 0
254 15795 15805 0
255 7947 7955 0
256 7963 7985 0
257 15785 15816 0
258 7932 7955 0
259 15733 15765 0
260 15727 15742 0
261 7964 7990 0
262 7943 7993 0
263 15799 15818 0
264 15729 15756 0
265 15726 15806 0
266 7968 7970 0
267 15798 15825 0
268 7990 8004 0
269 7915 8006 0
270 7926 7948 0
271 15738 15796 0
272 15756 15779 0
273 7978 8004 0
274 7924 7974 0
275 500112 500146 0
276 31365 31371 0
277 31379 31408 0
278 31389 31406 0
279 31377 31390 0
280 31438 31443 0
281 4044 4053 0
282 4022 4050 0
283 4041 4101 0
284 31364 31383 0
285 4043 4084 0
286 31361 31385 0
287 4032 4062 0
288 4039 4062 0
289 4022 4043 0
290 4012 4057 0
291 31354 31429 0
292 31396 31400 0
293 31400 31442 0
294 31362 31392 0
295 31403 31424 0
296 4062 4075 0
297 31367 31436 0
298 4037 4101 0
299 31364 31430 0
300 62658 62695 0
301 4082 4086 0
302 62648 62690 0
303 4011 4035 0
304 4024 4043 0
305 62666 62673 0
306 62621 62669 0
307 4030 4069 0
308 4010 4028 0
309 4007 4042 0
310 4038 4052 0
311 62632 62641 0
312 62657 62675 0
313 62631 62689 0
314 4023 4032 0
315 4044 4076 0
316 62611 62647 0
317 62640 62700 0
318 4038 4063 0
319 62636 62653 0
320 2089 2105 0
321 2138 2150 0
322 62629 62638 0
323 2109 2153 0
324 62651 62687 0
325 2108 2130 0
326 2071 2096 0
327 62683 62697 0
328 2058 2080 0
329 62611 62664 0
330 2121 2149 0
331 62641 62647 0
332 62626 62650 0
333 2067 2143 0
334 2142 2150 0
335 62601 62636 0
336 62663 62686 0
337 2102 2132 0
338 125103 125131 0
339 2085 2120 0
340 2083 2123 0
341 2062 2106 0
342 2078 2094 0
343 125117 125138 0
344 125108 125157 0
345 125115 125184 0
346 125158 125172 0
347 125143 125182 0
348 125104 125142 0
349 2060 2152 0
350 125110 125121 0
351 2063 2118 0
352 15775 15785 0
353 125157 125173 0
354 2061 2072 0
355 125131 125163 0
356 125112 125183 0
357 125103 125150 0
358 2073 2146 0
359 13 26 0
360 250118 250171 0
361 250106 250160 0
362 250153 250177 0
363 250142 250169 0
364 250125 250200 0
365 250165 250197 0
366 250123 250187 0
367 250112 250137 0
368 7 62 0
369 250112 250132 0
370 4 55 0
371 9 62 0
372 250144 250175 0
373 250120 250155 0
374 250101 250169 0
375 69 94 0
376 5 23 0
377 90 98 0
378 5 82 0
379 250142 250193 0
380 71 97 0
381 57 66 0
382 250121 250189 0
383 250107 250136 0
384 500101 500142 0
385 500154 500195 0
386 500139 500199 0
387 500102 500193 0
388 5 15 0
389 12 59 0
390 500101 500141 0
391 500120 500181 0
392 66 100 0
393 25 65 0
394 500129 500168 0
395 27 47 0
396 81 97 0
397 500141 500186 0
398 15778 15814 0
399 15753 15776 0
--------------
1000000 :c
1004386 :sum(p)
999999 :sum(w)
