400 :n
id p,w,x
--------------
0 51 34 1
1 31439 31370 1
2 2149 2101 1
3 2128 2105 1
4 2111 2054 1
5 2131 2111 1
6 2150 2082 1
7 2111 2061 1
8 2142 2102 1
9 4065 4023 1
10 2123 2076 1
11 2130 2064 1
12 4058 4017 1
13 2122 2067 1
14 2128 2087 1
15 2112 2092 1
16 31449 31360 1
17 52 38 1
18 45 34 1
19 4041 4007 1
20 89 49 1
21 2094 2076 1
22 4054 4025 1
23 2147 2107 1
24 2114 2067 1
25 4056 4038 1
26 70 31 1
27 2108 2069 1
28 4084 4041 1
29 2128 2075 1
30 4083 4057 1
31 4055 4028 1
32 2099 2074 1
33 4093 4026 1
34 4058 4044 1
35 2094 2062 1
36 4080 4047 1
37 88 33 1
38 95 44 1
39 49 38 1
40 4081 4050 1
41 4079 4052 1
42 7996 7968 1
43 32 7 1
44 43 3 1
45 38 4 1
46 8006 7957 1
47 7992 7933 1
48 29 3 1
49 8012 7957 1
50 7995 7947 1
51 25 3 1
52 47 25 1
53 7993 7921 1
54 75 45 1
55 81 53 1
56 7984 7931 1
57 7999 7915 1
58 7988 7932 1
59 8001 7945 1
60 8003 7971 1
61 7993 7922 1
62 7966 7915 1
63 7976 7937 1
64 8007 7968 1
65 7998 7938 1
66 26 2 1
67 15771 15726 1
68 15786 15746 1
69 62 29 1
70 15791 15732 1
71 15817 15744 1
72 15816 15729 1
73 71 1 1
74 66 38 1
75 15819 15755 1
76 15825 15761 1
77 78 6 1
78 15819 15771 1
79 55 46 1
80 53 45 1
81 2150 2139 1
82 2099 2091 1
83 4040 4028 1
84 2101 2095 1
85 4029 4019 1
86 4031 4021 1
87 7956 7939 1
88 31418 31357 1
89 7955 7940 1
90 31415 31359 1
91 31430 31375 1
92 8010 7996 1
93 15811 15786 1
94 8001 7989 1
95 2145 2142 1
96 7999 7988 1
97 31408 31365 1
98 31444 31407 1
99 7944 7935 1
100 62687 62618 1
101 31434 31401 0
102 31440 31408 1
103 62681 62619 1
104 2126 2058 1
105 62676 62614 1
106 31393 31357 1
107 31385 31354 1
108 62685 62635 1
109 31437 31413 0
110 62700 62677 0
111 31443 31429 0
112 13 75 0
113 15789 15777 0
114 7947 7941 0
115 7999 7993 0
116 31396 31376 0
117 62684 62645 0
118 4017 4016 1
119 31373 31355 0
120 125172 125101 0
121 31414 31397 0
122 15775 15768 0
123 15741 15735 0
124 15762 15759 0
125 15823 15820 0
126 7923 7924 0
127 2137 2138 0
128 4070 4072 0
129 4021 4024 0
130 2129 2131 0
131 2125 2128 0
132 2099 2107 0
133 78 85 0
134 37 45 0
135 5 8 0
136 62656 62629 0
137 62684 62661 0
138 125194 125139 0
139 125169 125101 0
140 62638 62603 0
141 250147 250104 0
142 62639 62634 0
143 250186 250145 0
144 62697 62683 0
145 250158 250105 0
146 250183 250156 0
147 62653 62645 0
148 125186 125159 0
149 250166 250147 0
150 250144 250129 0
151 62700 62692 0
152 62659 62653 0
153 62645 62638 0
154 250175 250152 0
155 62613 62608 0
156 15728 15726 0
157 62619 62616 0
158 500140 500114 0
159 500161 500137 0
160 125119 125109 0
161 125179 125153 0
162 250164 250150 0
163 125138 125111 0
164 125175 125159 0
165 250161 250119 0
166 500193 500127 0
167 31423 31413 0
168 500158 500121 0
169 250176 250123 0
170 500153 500119 0
171 500195 500126 0
172 250142 250112 0
173 500184 500138 0
174 500132 500101 0
175 500163 500131 0
176 125159 125141 0
177 500137 500111 0
178 125147 125130 0
179 250148 250127 0
180 125163 125140 0
181 250132 250110 0
182 125185 125166 0
183 500197 500115 0
184 250193 250178 0
185 250164 250131 0
186 250193 250164 0
187 62661 62629 0
188 31373 31374 0
189 500117 500116 0
190 500199 500193 0
191 500143 500174 0
192 500111 500194 0
193 500109 500134 0
194 31375 31376 0
195 500191 500171 0
196 500144 500121 0
197 31354 31362 0
198 31373 31375 0
199 31392 31395 0
200 500106 500105 0
201 62607 62623 0
202 500192 500182 0
203 15774 15777 0
204 15776 15778 0
205 62624 62633 0
206 125115 125127 0
207 500136 500131 0
208 500108 500191 0
209 500102 500116 0
210 500174 500181 0
211 250102 250147 0
212 250144 250151 0
213 500179 500176 0
214 250108 250119 0
215 500106 500113 0
216 500198 500179 0
217 500145 500192 0
218 250178 250172 0
219 62654 62665 0
220 62671 62684 0
221 62619 62634 0
222 500132 500170 0
223 62677 62693 0
224 250167 250170 0
225 62685 62693 0
226 500116 500189 0
227 500149 500154 0
228 500133 500180 0
229 250135 250143 0
230 250126 250133 0
231 250122 250155 0
232 500171 500163 0
233 125133 125157 0
234 250121 250155 0
235 125127 125130 0
236 125134 125134 0
237 250108 250170 0
238 125162 125183 0
239 125113 125110 0
240 125178 125194 0
241 250112 250124 0
242 250147 250193 0
243 250128 250166 0
244 250122 250136 0
245 250157 250173 0
246 500109 500134 0
247 125171 125192 0
248 250112 250123 0
249 500172 500172 0
250 250135 250171 0
251 31362 31363 0
252 250110 250121 0
253 250128 250186 0
254 500167 500181 0
255 250171 250164 0
256 500141 500159 0
257 125115 125132 0
258 125131 125157 0
259 500129 500168 0
260 500140 500175 0
261 250105 250129 0
262 250134 250196 0
263 125158 125167 0
264 250133 250188 0
265 31438 31444 0
266 500126 500170 0
267 125197 125156 0
268 62683 62656 0
269 125167 125118 0
270 125165 125112 0
271 62635 62604 0
272 15745 15754 0
273 250102 250191 0
274 8003 8009 0
275 15770 15781 0
276 15780 15799 0
277 15751 15760 0
278 15730 15751 0
279 15799 15811 0
280 15811 15818 0
281 15737 15742 0
282 125100 125188 0
283 125147 125179 0
284 15728 15751 0
285 15800 15816 0
286 31376 31429 0
287 31384 31422 0
288 125118 125191 0
289 31382 31409 0
290 31357 31404 0
291 7981 7988 0
292 31361 31417 0
293 31394 31424 0
294 31378 31403 0
295 31423 31450 0
296 31395 31435 0
297 31409 31427 0
298 31357 31413 0
299 31351 31366 0
300 31372 31393 0
301 31369 31383 0
302 31366 31389 0
303 62611 62637 0
304 62658 62695 0
305 62619 62654 0
306 62610 62646 0
307 7979 7983 0
308 62646 62677 0
309 62611 62654 0
310 7976 7987 0
311 62634 62692 0
312 62645 62699 0
313 62633 62651 0
314 62615 62643 0
315 62664 62681 0
316 125103 125155 0
317 125104 125156 0
318 125130 125187 0
319 125110 125176 0
320 7993 8006 0
321 125106 125199 0
322 125104 125154 0
323 125137 125197 0
324 125111 125146 0
325 125136 125199 0
326 15737 15757 0
327 7998 8012 0
328 7928 7933 0
329 125191 125149 0
330 62696 62675 0
331 125156 125114 0
332 62645 62621 0
333 4019 4082 0
334 4073 4089 0
335 4066 4089 0
336 4033 4051 0
337 4085 4100 0
338 4011 4064 0
339 4009 4033 0
340 2099 2117 0
341 2083 2134 0
342 4049 4068 0
343 2087 2123 0
344 2094 2112 0
345 4048 4084 0
346 2076 2142 0
347 2063 2079 0
348 4023 4106 0
349 2068 2144 0
350 4059 4073 0
351 4016 4025 0
352 4043 4077 0
353 4041 4065 0
354 4054 4067 0
355 4013 4063 0
356 2097 2137 0
357 2132 2146 0
358 4033 4090 0
359 4040 4076 0
360 4033 4096 0
361 58 71 0
362 17 49 0
363 7917 7953 0
364 21 47 0
365 7961 7979 0
366 7928 7950 0
367 7924 7966 0
368 48 83 0
369 15 55 0
370 15 47 0
371 7951 8007 0
372 7930 7949 0
373 7917 7975 0
374 7978 8011 0
375 15748 15818 0
376 54 88 0
377 15754 15814 0
378 15751 15821 0
379 4053 4083 0
380 28 98 0
381 15735 15822 0
382 15738 15778 0
383 15751 15785 0
384 15735 15789 0
385 15756 15816 0
386 4060 4106 0
387 15740 15813 0
388 2079 2121 0
389 36 57 0
390 15745 15789 0
391 15733 15765 0
392 15739 15771 0
393 31361 31436 0
394 11 67 0
395 12 90 0
396 49 69 0
397 10 97 0
398 2074 2135 0
399 2099 2128 0
--------------
1000000 :c
1004245 :sum(p)
999999 :sum(w)
