400 :n
id p,w,x
--------------
0 81 36 1
1 88 51 1
2 8002 7922 1
3 8005 7925 1
4 93 51 1
5 64 27 1
6 4103 4042 1
7 4101 4024 1
8 4096 4009 1
9 4094 4029 1
10 4090 4053 1
11 4058 4011 1
12 93 45 1
13 4104 4035 1
14 4099 4030 1
15 2122 2083 1
16 63 18 1
17 66 19 1
18 88 1 1
19 2148 2067 1
20 2124 2082 1
21 2130 2096 1
22 77 45 1
23 2145 2091 1
24 2109 2066 1
25 2133 2055 1
26 96 65 1
27 79 29 1
28 2153 2118 1
29 2148 2072 1
30 2147 2058 1
31 2149 2096 1
32 2141 2106 1
33 99 45 1
34 2144 2077 1
35 2120 2062 1
36 93 60 1
37 72 14 1
38 2130 2098 1
39 91 2 1
40 27 16 1
41 88 63 1
42 39 29 1
43 97 73 1
44 86 68 1
45 35 33 1
46 2099 2072 1
47 2084 2058 1
48 2121 2103 1
49 2146 2129 1
50 2082 2066 1
51 2089 2074 1
52 2146 2131 1
53 4101 4074 1
54 2100 2087 1
55 4044 4019 1
56 4060 4035 1
57 2128 2115 1
58 7982 7934 1
59 4076 4052 1
60 4094 4070 1
61 8006 7967 1
62 15809 15733 1
63 4070 4051 1
64 4077 4058 1
65 7950 7913 1
66 15822 15750 1
67 15817 15747 1
68 7954 7919 1
69 2112 2103 1
70 7988 7955 1
71 15792 15727 1
72 15801 15736 1
73 15804 15739 1
74 15791 15731 1
75 2151 2143 1
76 15802 15745 1
77 15811 15755 1
78 15798 15745 1
79 7940 7915 1
80 15792 15743 1
81 7939 7915 1
82 15807 15762 1
83 2140 2134 1
84 31440 31352 1
85 7971 7949 1
86 15818 15775 1
87 31435 31354 1
88 15808 15768 1
89 4053 4043 1
90 4103 4093 1
91 31435 31360 1
92 7966 7947 1
93 4088 4079 1
94 31442 31374 1
95 15794 15762 1
96 15771 15746 1
97 59 16 1
98 31421 31359 1
99 15820 15791 1
100 31412 31355 1
101 7988 7974 1
102 31449 31394 1
103 7991 7978 1
104 31420 31369 1
105 31403 31353 1
106 31430 31386 1
107 15810 15790 1
108 15810 15790 1
109 4054 4046 1
110 62700 62625 1
111 31398 31352 1
112 7946 7937 1
113 62677 62609 0
114 15781 15764 1
115 31438 31429 0
116 31438 31442 0
117 31403 31386 0
118 15815 15798 1
119 62678 62611 0
120 7963 7957 0
121 7968 7962 1
122 31398 31373 0
123 62661 62604 0
124 7992 8004 0
125 62673 62615 0
126 125188 125102 0
127 31399 31378 0
128 125199 125116 0
129 62667 62628 0
130 125172 125102 0
131 15742 15817 0
132 31425 31395 0
133 62696 62663 0
134 2120 2119 1
135 125188 125131 0
136 125191 125139 0
137 62662 62636 0
138 62661 62636 0
139 62623 62601 0
140 15779 15774 0
141 62695 62677 0
142 62636 62619 0
143 62686 62669 0
144 62699 62682 0
145 7963 7961 0
146 4105 4104 0
147 62663 62651 0
148 15799 15796 0
149 62697 62687 0
150 31368 31363 0
151 62621 62612 0
152 62658 62649 0
153 15766 15764 0
154 15775 15773 0
155 62626 62619 0
156 31425 31423 0
157 62675 62673 0
158 62658 62659 0
159 31381 31382 0
160 31397 31400 0
161 7924 7925 0
162 15809 15813 0
163 4062 4064 1
164 15741 15756 0
165 15732 15750 0
166 4031 4036 0
167 7938 7952 0
168 7935 7950 0
169 7913 7928 0
170 7951 7969 0
171 7946 7964 0
172 2107 2112 0
173 7946 7967 0
174 7922 7943 0
175 4055 4067 0
176 7980 8004 0
177 7925 7950 0
178 2067 2074 1
179 4031 4047 0
180 4058 4076 0
181 4038 4057 0
182 2084 2094 0
183 4041 4062 0
184 4075 4098 0
185 4057 4080 0
186 4072 4099 0
187 4010 4037 0
188 4072 4100 0
189 4052 4081 0
190 4016 4045 0
191 2069 2087 0
192 2106 2125 0
193 2116 2142 0
194 2109 2138 0
195 2087 2119 0
196 55 56 0
197 76 80 0
198 16 17 0
199 65 78 0
200 20 25 0
201 72 97 0
202 30 41 0
203 18 42 0
204 8 36 0
205 250183 250169 0
206 125164 125150 0
207 125162 125166 0
208 125151 125166 0
209 250107 250114 0
210 250149 250136 0
211 125153 125167 0
212 500169 500117 0
213 125153 125137 0
214 250125 250143 0
215 250148 250136 0
216 500159 500147 0
217 250178 250108 0
218 500183 500122 0
219 250194 250191 0
220 250198 250113 0
221 250196 250129 0
222 250120 250143 0
223 250172 250183 0
224 250141 250161 0
225 250158 250172 0
226 500192 500180 0
227 250145 250157 0
228 250178 250135 0
229 250162 250101 0
230 500112 500166 0
231 250138 250107 0
232 250195 250155 0
233 250118 250149 0
234 500188 500174 0
235 250164 250192 0
236 250194 250136 0
237 250127 250110 0
238 250145 250107 0
239 250156 250103 0
240 500188 500167 0
241 500128 500110 0
242 500104 500148 0
243 500151 500127 0
244 500168 500165 0
245 500133 500129 0
246 500134 500122 0
247 500149 500199 0
248 500196 500193 0
249 500126 500113 0
250 500141 500110 0
251 500142 500189 0
252 500166 500176 0
253 500163 500144 0
254 500155 500191 0
255 500191 500165 0
256 125153 125134 0
257 125157 125169 0
258 500152 500132 0
259 500196 500158 0
260 500144 500118 0
261 500183 500168 0
262 125192 125146 0
263 500185 500132 0
264 250187 250121 0
265 125134 125112 0
266 500114 500157 0
267 125134 125119 0
268 125188 125153 0
269 125164 125119 0
270 500172 500131 0
271 125192 125173 0
272 250153 250146 0
273 125101 125104 0
274 250176 250127 0
275 500150 500125 0
276 125181 125155 0
277 250125 250126 0
278 125110 125113 0
279 500131 500103 0
280 125158 125150 0
281 125192 125177 0
282 250194 250194 0
283 250191 250156 0
284 250138 250136 0
285 125190 125171 0
286 500154 500102 0
287 125173 125139 0
288 31364 31394 0
289 31387 31446 0
290 4026 4082 0
291 31357 31377 0
292 31370 31395 0
293 31366 31444 0
294 4027 4077 0
295 4036 4101 0
296 31401 31422 0
297 4013 4062 0
298 31354 31426 0
299 4027 4084 0
300 7954 7998 0
301 31359 31430 0
302 31367 31403 0
303 31438 31443 0
304 31383 31439 0
305 4007 4064 0
306 31374 31436 0
307 31354 31379 0
308 31381 31391 0
309 31392 31423 0
310 31426 31434 0
311 31355 31391 0
312 7927 7984 0
313 31353 31426 0
314 500110 500173 0
315 31403 31442 0
316 15732 15806 0
317 15729 15799 0
318 62604 62686 0
319 62670 62696 0
320 2074 2135 0
321 62631 62677 0
322 62603 62649 0
323 62645 62660 0
324 7924 7961 0
325 2085 2126 0
326 62653 62687 0
327 7919 8008 0
328 7930 7990 0
329 62684 62692 0
330 2092 2135 0
331 62607 62626 0
332 2056 2139 0
333 7915 7945 0
334 62630 62666 0
335 62639 62663 0
336 62631 62681 0
337 62609 62628 0
338 62620 62654 0
339 62619 62657 0
340 62616 62679 0
341 62621 62689 0
342 62608 62680 0
343 62658 62676 0
344 62634 62669 0
345 15738 15823 0
346 125121 125184 0
347 125157 125183 0
348 125108 125145 0
349 15736 15803 0
350 15744 15812 0
351 125123 125173 0
352 125147 125191 0
353 125134 125166 0
354 125140 125170 0
355 125122 125196 0
356 125168 125185 0
357 15735 15814 0
358 125147 125163 0
359 125113 125170 0
360 7914 7994 0
361 26 99 0
362 32 96 0
363 125125 125155 0
364 12 88 0
365 125170 125199 0
366 33 85 0
367 18 59 0
368 125153 125185 0
369 7914 7972 0
370 7952 8000 0
371 15750 15813 0
372 28 68 0
373 125160 125192 0
374 250130 250199 0
375 250102 250188 0
376 7948 7982 0
377 250139 250190 0
378 250162 250200 0
379 250112 250177 0
380 250142 250191 0
381 250118 250181 0
382 250108 250145 0
383 15726 15756 0
384 7931 7999 0
385 13 89 0
386 250130 250183 0
387 15757 15814 0
388 500108 500181 0
389 10 49 0
390 500101 500167 0
391 15 86 0
392 500103 500178 0
393 500102 500188 0
394 500107 500200 0
395 500105 500172 0
396 7927 7977 0
397 500103 500181 0
398 15727 15753 0
399 15748 15816 0
--------------
1000000 :c
1004783 :sum(p)
1000000 :sum(w)
