400 :n
id p,w,x
--------------
0 2150 2068 1
1 2146 2083 1
2 2151 2098 1
3 4103 4053 1
4 15793 15734 1
5 74 15 1
6 8009 7964 1
7 4057 4020 1
8 8009 7962 1
9 92 43 1
10 4086 4009 1
11 54 11 1
12 88 4 1
13 81 19 1
14 42 4 1
15 8005 7962 1
16 2141 2100 1
17 80 41 1
18 7972 7923 1
19 7979 7922 1
20 2148 2093 1
21 54 14 1
22 71 24 1
23 2134 2087 1
24 2127 2056 1
25 2152 2086 1
26 8001 7938 1
27 2093 2060 1
28 2144 2077 1
29 7987 7917 1
30 2150 2110 1
31 7990 7951 1
32 2123 2073 1
33 2124 2067 1
34 7996 7949 1
35 7987 7939 1
36 4067 4016 1
37 4092 4042 1
38 4104 4056 1
39 27 13 1
40 37 21 1
41 82 61 1
42 50 39 1
43 2148 2120 1
44 2153 2131 1
45 2093 2072 1
46 4102 4069 1
47 4059 4028 1
48 2132 2116 1
49 4103 4075 1
50 4040 4013 1
51 4036 4017 1
52 2070 2061 1
53 8007 7975 1
54 7946 7916 1
55 7983 7953 1
56 7993 7965 1
57 7991 7964 1
58 15797 15754 1
59 15769 15727 1
60 15805 15763 1
61 15816 15775 1
62 7938 7918 1
63 4052 4042 1
64 2093 2088 1
65 7982 7963 1
66 15799 15762 1
67 4045 4036 1
68 15816 15782 1
69 31439 31376 1
70 8006 7990 1
71 31426 31364 1
72 4057 4049 1
73 15798 15767 1
74 15758 15728 1
75 2150 2146 1
76 31416 31359 1
77 31417 31361 1
78 7958 7944 1
79 31439 31385 1
80 15758 15731 1
81 31409 31360 1
82 4052 4035 1
83 31412 31370 1
84 15779 15759 1
85 4014 4009 1
86 4081 4076 1
87 15803 15784 1
88 62687 62616 1
89 62682 62613 1
90 31384 31352 1
91 31432 31385 1
92 62673 62606 1
93 62697 62636 0
94 62698 62637 1
95 2080 2078 1
96 62700 62672 0
97 66 76 0
98 125191 125106 0
99 62685 62630 0
100 8011 8004 0
101 62682 62629 0
102 8006 8006 0
103 62679 62627 0
104 31448 31425 0
105 62650 62605 0
106 31406 31384 0
107 15807 15809 0
108 15759 15745 0
109 31376 31355 0
110 31437 31416 0
111 31377 31357 0
112 125181 125103 0
113 125187 125110 0
114 31412 31395 0
115 7991 7987 0
116 4049 4047 1
117 4093 4091 1
118 62660 62630 0
119 62667 62637 0
120 31366 31352 0
121 31428 31414 0
122 31437 31423 0
123 62634 62608 0
124 62643 62617 0
125 62638 62614 0
126 31429 31417 0
127 62684 62661 0
128 62646 62624 0
129 62687 62667 0
130 15765 15760 0
131 62625 62606 0
132 31420 31412 0
133 4081 4080 1
134 15787 15784 0
135 31387 31382 0
136 15798 15798 0
137 15777 15778 0
138 15752 15753 0
139 15738 15743 0
140 15736 15741 0
141 4078 4081 0
142 4053 4056 0
143 7995 8001 0
144 7994 8000 0
145 4045 4050 0
146 7988 7998 0
147 7981 7991 0
148 7965 7976 0
149 2086 2089 1
150 4074 4080 0
151 7985 7997 0
152 4041 4048 0
153 2073 2077 0
154 2064 2069 0
155 4051 4061 0
156 4093 4104 0
157 4031 4049 0
158 2120 2138 0
159 2100 2120 0
160 47 50 0
161 50 54 0
162 44 48 0
163 61 67 0
164 84 93 0
165 77 86 0
166 57 68 0
167 38 46 0
168 21 29 0
169 37 57 0
170 15 24 0
171 125188 125163 0
172 250175 250152 0
173 125142 125122 0
174 125116 125101 0
175 500188 500116 0
176 500126 500110 0
177 500176 500164 0
178 250195 250192 0
179 250122 250118 0
180 250159 250125 0
181 500167 500112 0
182 250179 250136 0
183 250191 250132 0
184 125166 125153 0
185 500137 500120 0
186 125130 125108 0
187 500174 500102 0
188 500169 500109 0
189 500186 500171 0
190 250181 250158 0
191 125155 125112 0
192 62644 62629 0
193 125159 125145 0
194 62631 62619 0
195 500142 500119 0
196 500159 500122 0
197 500171 500135 0
198 500181 500107 0
199 125168 125149 0
200 125184 125121 0
201 500188 500115 0
202 250149 250117 0
203 250160 250116 0
204 62688 62687 0
205 125154 125123 0
206 125182 125163 0
207 500163 500110 0
208 500175 500135 0
209 500181 500138 0
210 125199 125175 0
211 250192 250169 0
212 250143 250112 0
213 500156 500137 0
214 500167 500109 0
215 250186 250125 0
216 62608 62601 0
217 250155 250147 0
218 250167 250101 0
219 500164 500159 0
220 250200 250117 0
221 250183 250152 0
222 500173 500114 0
223 15741 15817 0
224 15796 15823 0
225 62677 62684 0
226 62606 62678 0
227 62607 62676 0
228 62622 62681 0
229 62631 62688 0
230 15746 15802 0
231 15798 15807 0
232 62610 62666 0
233 62643 62644 0
234 31351 31407 0
235 62678 62679 0
236 62622 62684 0
237 62622 62628 0
238 15739 15757 0
239 62631 62667 0
240 7933 8010 0
241 15736 15767 0
242 62666 62680 0
243 62663 62695 0
244 7923 7981 0
245 7983 8010 0
246 62625 62635 0
247 31355 31402 0
248 62612 62664 0
249 62620 62665 0
250 31438 31445 0
251 7937 7965 0
252 62617 62666 0
253 15750 15812 0
254 31364 31450 0
255 7936 7979 0
256 7968 7997 0
257 125130 125140 0
258 7937 7970 0
259 125112 125189 0
260 125115 125119 0
261 125121 125165 0
262 125113 125165 0
263 7971 8009 0
264 125106 125120 0
265 7960 8000 0
266 125113 125190 0
267 125101 125138 0
268 7932 7954 0
269 125118 125150 0
270 125149 125182 0
271 125133 125183 0
272 15783 15801 0
273 125127 125150 0
274 125176 125182 0
275 7913 7962 0
276 7947 7983 0
277 125124 125136 0
278 125170 125177 0
279 125139 125178 0
280 125115 125173 0
281 4028 4101 0
282 125173 125185 0
283 4052 4091 0
284 125102 125144 0
285 31398 31449 0
286 125163 125191 0
287 4024 4052 0
288 125137 125189 0
289 4037 4064 0
290 4035 4080 0
291 15772 15807 0
292 4023 4091 0
293 125158 125196 0
294 125105 125190 0
295 125152 125177 0
296 125157 125161 0
297 15735 15785 0
298 15728 15819 0
299 250117 250130 0
300 250131 250137 0
301 4041 4070 0
302 4048 4102 0
303 250127 250128 0
304 4024 4075 0
305 15730 15739 0
306 250107 250191 0
307 250123 250164 0
308 4017 4055 0
309 250158 250195 0
310 15778 15806 0
311 250113 250124 0
312 15774 15819 0
313 15727 15773 0
314 250138 250147 0
315 250108 250190 0
316 4050 4083 0
317 4015 4044 0
318 250137 250155 0
319 250134 250187 0
320 2119 2140 0
321 2112 2148 0
322 250112 250145 0
323 2073 2118 0
324 2056 2093 0
325 15759 15780 0
326 250115 250167 0
327 250128 250137 0
328 250121 250159 0
329 250106 250127 0
330 250137 250183 0
331 15736 15787 0
332 2103 2144 0
333 2122 2147 0
334 250101 250151 0
335 2078 2151 0
336 2064 2099 0
337 250112 250161 0
338 250124 250186 0
339 250104 250125 0
340 2054 2152 0
341 250128 250168 0
342 2103 2141 0
343 2065 2094 0
344 250129 250188 0
345 250132 250198 0
346 500132 500160 0
347 15779 15787 0
348 500137 500176 0
349 2106 2143 0
350 2128 2153 0
351 500125 500194 0
352 2098 2142 0
353 500137 500150 0
354 500174 500187 0
355 15737 15803 0
356 31428 31440 0
357 500124 500145 0
358 500140 500150 0
359 500105 500157 0
360 500126 500163 0
361 31363 31403 0
362 56 92 0
363 22 85 0
364 500101 500181 0
365 14 66 0
366 31384 31394 0
367 16 76 0
368 37 91 0
369 500170 500182 0
370 62 86 0
371 500121 500173 0
372 500123 500154 0
373 500134 500157 0
374 39 95 0
375 500148 500165 0
376 500143 500199 0
377 500157 500168 0
378 31356 31378 0
379 33 62 0
380 31384 31418 0
381 500109 500172 0
382 26 72 0
383 10 54 0
384 5 97 0
385 27 64 0
386 31362 31394 0
387 500105 500126 0
388 31358 31409 0
389 500115 500171 0
390 31359 31389 0
391 31351 31439 0
392 45 94 0
393 14 82 0
394 31436 31446 0
395 2 83 0
396 31379 31412 0
397 31360 31381 0
398 31382 31427 0
399 31359 31390 0
--------------
1000000 :c
1003737 :sum(p)
999996 :sum(w)
