400 :n
id p,w,x
--------------
0 15799 15728 1
1 15822 15756 1
2 88 17 1
3 78 5 1
4 92 31 1
5 82 2 1
6 15813 15734 1
7 55 37 1
8 15803 15731 1
9 99 69 1
10 90 69 1
11 64 36 1
12 71 42 1
13 15823 15735 1
14 15818 15751 1
15 15806 15734 1
16 83 37 1
17 15823 15732 1
18 7998 7920 1
19 88 7 1
20 81 58 1
21 2122 2062 1
22 2137 2082 1
23 2147 2114 1
24 2083 2063 1
25 2149 2124 1
26 2150 2080 1
27 2072 2055 1
28 2152 2123 1
29 2131 2095 1
30 2106 2062 1
31 2142 2103 1
32 2121 2094 1
33 2140 2129 1
34 2079 2065 1
35 2127 2115 1
36 2136 2107 1
37 2143 2077 1
38 2138 2086 1
39 2143 2070 1
40 2139 2089 1
41 4095 4038 1
42 4064 4045 1
43 4045 4010 1
44 4087 4015 1
45 4073 4025 1
46 4085 4032 1
47 4093 4036 1
48 4041 4018 1
49 4102 4033 1
50 4076 4018 1
51 4035 4013 1
52 4101 4064 1
53 4080 4011 1
54 4053 4014 1
55 4065 4023 1
56 8005 7925 1
57 8012 7976 1
58 7998 7920 1
59 8001 7964 1
60 7986 7939 1
61 8007 7962 1
62 8000 7921 1
63 8000 7924 1
64 8000 7914 1
65 7993 7914 1
66 7999 7930 1
67 7981 7935 1
68 8 2 1
69 13 7 1
70 12 7 1
71 11 7 1
72 70 63 1
73 66 63 1
74 64 62 1
75 7958 7925 1
76 8007 7974 1
77 7950 7919 1
78 7950 7922 1
79 4027 4013 1
80 2087 2080 1
81 2138 2131 1
82 7961 7935 1
83 15813 15764 1
84 31445 31353 1
85 15787 15742 1
86 4098 4087 1
87 15813 15771 1
88 2064 2059 0
89 15771 15737 1
90 31433 31368 1
91 31439 31379 1
92 4034 4027 1
93 4036 4029 1
94 4041 4034 1
95 31426 31372 1
96 31415 31363 1
97 31440 31389 1
98 31395 31352 1
99 62696 62620 1
100 31444 31409 1
101 31431 31397 1
102 31390 31357 1
103 60 7 1
104 62694 62623 1
105 62691 62603 1
106 15744 15728 1
107 62672 62612 0
108 15770 15755 0
109 31447 31443 0
110 15824 15819 0
111 15778 15809 0
112 2143 2141 0
113 15823 15809 1
114 62681 62628 0
115 62694 62641 0
116 31406 31382 0
117 125199 125104 0
118 7923 7917 0
119 4040 4039 0
120 62653 62606 0
121 62651 62606 0
122 31377 31355 0
123 62652 62609 0
124 62696 62653 0
125 125195 125110 0
126 31422 31401 0
127 62670 62630 0
128 125185 125108 0
129 62693 62657 0
130 31403 31385 0
131 15756 15747 0
132 62690 62655 0
133 7963 7959 0
134 2144 2143 0
135 7927 7924 1
136 7947 7944 0
137 15795 15790 0
138 15775 15771 0
139 7994 7992 0
140 4026 4025 0
141 4077 4078 0
142 77 79 0
143 85 93 0
144 84 92 0
145 53 60 0
146 39 46 0
147 250122 250126 0
148 500113 500118 0
149 500177 500108 0
150 62635 62633 0
151 125166 125115 0
152 250183 250119 0
153 250125 250110 0
154 62663 62643 0
155 250140 250141 0
156 250174 250160 0
157 500177 500129 0
158 500199 500175 0
159 125167 125153 0
160 500130 500124 0
161 125187 125129 0
162 500148 500153 0
163 250168 250132 0
164 125177 125125 0
165 31393 31384 0
166 31394 31377 0
167 500181 500159 0
168 125107 125111 0
169 500112 500103 0
170 125125 125104 0
171 500189 500162 0
172 500115 500126 0
173 125180 125136 0
174 250140 250143 0
175 31406 31391 0
176 62666 62652 0
177 500108 500121 0
178 250180 250103 0
179 500136 500137 0
180 500147 500137 0
181 31445 31445 0
182 500146 500115 0
183 250199 250153 0
184 250158 250123 0
185 250181 250165 0
186 31447 31435 0
187 250199 250109 0
188 500190 500161 0
189 500171 500164 0
190 125198 125162 0
191 250132 250140 0
192 31377 31368 0
193 500158 500106 0
194 125159 125119 0
195 125181 125171 0
196 250125 250115 0
197 250156 250161 0
198 500197 500132 0
199 250195 250130 0
200 500167 500121 0
201 500185 500114 0
202 250182 250128 0
203 500107 500116 0
204 250102 250111 0
205 500189 500148 0
206 500185 500158 0
207 500175 500105 0
208 500162 500124 0
209 125110 125103 0
210 62637 62617 0
211 62664 62643 0
212 250179 250177 0
213 250149 250114 0
214 250162 250148 0
215 250161 250108 0
216 15730 15729 0
217 125168 125115 0
218 250178 250191 0
219 15780 15780 0
220 500156 500106 0
221 250189 250137 0
222 250166 250122 0
223 500184 500102 0
224 62674 62647 0
225 250128 250122 0
226 250182 250189 0
227 500158 500123 0
228 500115 500124 0
229 500172 500107 0
230 250186 250192 0
231 125167 125100 0
232 62632 62605 0
233 125166 125149 0
234 62632 62634 0
235 62616 62612 0
236 250131 250162 0
237 15738 15762 0
238 15792 15823 0
239 7922 7972 0
240 15744 15751 0
241 7918 7922 0
242 250125 250196 0
243 7915 7923 0
244 7928 7948 0
245 15757 15772 0
246 7985 8003 0
247 250123 250144 0
248 7955 7965 0
249 15779 15789 0
250 7950 7991 0
251 15741 15746 0
252 7987 8008 0
253 250103 250130 0
254 15748 15805 0
255 7929 7936 0
256 15755 15792 0
257 7926 8006 0
258 15785 15824 0
259 7930 7979 0
260 7926 8006 0
261 15787 15825 0
262 31378 31448 0
263 31390 31445 0
264 7926 7998 0
265 31377 31443 0
266 7982 8002 0
267 31385 31417 0
268 7984 7993 0
269 31383 31449 0
270 31395 31444 0
271 7948 7983 0
272 31384 31434 0
273 250130 250157 0
274 250113 250154 0
275 31381 31392 0
276 31353 31401 0
277 7955 8012 0
278 31368 31390 0
279 4076 4098 0
280 4053 4105 0
281 31357 31383 0
282 250106 250141 0
283 250103 250137 0
284 31366 31389 0
285 31387 31425 0
286 31369 31437 0
287 31381 31431 0
288 31387 31409 0
289 4013 4092 0
290 4049 4079 0
291 4047 4104 0
292 31424 31443 0
293 4013 4067 0
294 31361 31401 0
295 250168 250187 0
296 15772 15814 0
297 31364 31440 0
298 62681 62686 0
299 4061 4073 0
300 62645 62672 0
301 4068 4101 0
302 62623 62634 0
303 250112 250199 0
304 62604 62686 0
305 4079 4106 0
306 62680 62695 0
307 4027 4079 0
308 4071 4076 0
309 4073 4080 0
310 4023 4070 0
311 62613 62678 0
312 62690 62694 0
313 4051 4086 0
314 4032 4067 0
315 4025 4071 0
316 4064 4092 0
317 250122 250150 0
318 62624 62660 0
319 2088 2115 0
320 62662 62694 0
321 62612 62684 0
322 2088 2134 0
323 62666 62684 0
324 2097 2110 0
325 2066 2089 0
326 62616 62674 0
327 62628 62675 0
328 62628 62672 0
329 62619 62655 0
330 62603 62640 0
331 500115 500152 0
332 2112 2125 0
333 62607 62619 0
334 62629 62670 0
335 2080 2123 0
336 125107 125159 0
337 125149 125176 0
338 2060 2093 0
339 125136 125154 0
340 125153 125191 0
341 125108 125132 0
342 125153 125195 0
343 2064 2127 0
344 2117 2149 0
345 500147 500192 0
346 2129 2151 0
347 2054 2114 0
348 125166 125179 0
349 2093 2118 0
350 2082 2110 0
351 125144 125189 0
352 125107 125121 0
353 2082 2099 0
354 2054 2117 0
355 125109 125186 0
356 125120 125145 0
357 125111 125181 0
358 125107 125158 0
359 500107 500194 0
360 54 95 0
361 71 88 0
362 125113 125176 0
363 125145 125168 0
364 10 90 0
365 21 71 0
366 125121 125173 0
367 16 54 0
368 15757 15787 0
369 70 85 0
370 500159 500196 0
371 15764 15781 0
372 15736 15816 0
373 125133 125163 0
374 125129 125164 0
375 125109 125171 0
376 7 92 0
377 500143 500198 0
378 125134 125189 0
379 125123 125175 0
380 28 70 0
381 80 89 0
382 8 22 0
383 23 34 0
384 500145 500193 0
385 500118 500145 0
386 125102 125124 0
387 54 95 0
388 20 30 0
389 125119 125161 0
390 500114 500179 0
391 500107 500148 0
392 30 80 0
393 76 91 0
394 15797 15822 0
395 500123 500158 0
396 250142 250173 0
397 15811 15820 0
398 15750 15788 0
399 15804 15805 0
--------------
1000000 :c
1004718 :sum(p)
999999 :sum(w)
