400 :n
id p,w,x
--------------
0 31443 31370 1
1 31444 31362 1
2 15794 15730 1
3 15795 15734 1
4 15812 15745 1
5 92 50 1
6 15822 15769 1
7 8012 7951 1
8 90 18 1
9 95 16 1
10 8005 7956 1
11 7984 7930 1
12 90 14 1
13 7981 7918 1
14 4093 4054 1
15 78 38 1
16 56 10 1
17 72 31 1
18 76 37 1
19 4083 4028 1
20 71 25 1
21 2112 2065 1
22 4086 4012 1
23 2115 2064 1
24 4092 4025 1
25 2137 2066 1
26 4102 4007 1
27 4085 4020 1
28 4079 4037 1
29 4105 4007 1
30 4076 4024 1
31 4103 4064 1
32 2143 2075 1
33 2133 2082 1
34 5 1 1
35 42 24 1
36 81 53 1
37 68 46 1
38 48 35 1
39 93 71 1
40 76 64 1
41 97 84 1
42 90 80 1
43 30 27 1
44 2127 2096 1
45 2108 2082 1
46 2132 2111 1
47 2092 2077 1
48 2101 2086 1
49 4075 4046 1
50 2071 2057 1
51 4045 4019 1
52 2071 2059 1
53 4037 4014 1
54 4030 4011 1
55 2134 2125 1
56 7990 7958 1
57 7986 7955 1
58 7956 7929 1
59 2132 2125 1
60 7952 7926 1
61 7964 7938 1
62 7971 7946 1
63 15801 15755 1
64 7954 7931 1
65 15821 15776 1
66 15777 15734 1
67 2078 2073 1
68 7996 7977 1
69 15777 15741 1
70 7989 7971 1
71 15807 15772 1
72 8000 7983 1
73 15789 15756 1
74 15792 15759 1
75 15809 15777 1
76 8012 7996 1
77 7940 7925 1
78 7959 7944 1
79 31430 31376 1
80 15776 15750 1
81 31438 31392 1
82 31413 31369 1
83 15751 15729 1
84 8004 7993 1
85 31403 31362 1
86 31439 31399 1
87 7963 7953 1
88 31407 31369 1
89 62687 62612 1
90 62690 62615 1
91 15747 15729 1
92 7973 7965 1
93 7976 7968 1
94 4063 4059 1
95 58 19 1
96 62680 62602 1
97 7931 7921 1
98 31414 31384 1
99 31418 31388 0
100 31429 31401 0
101 31449 31427 0
102 15820 15813 0
103 15810 15818 0
104 7923 7916 0
105 62671 62618 0
106 62700 62647 0
107 31424 31399 0
108 2131 2137 0
109 62677 62628 0
110 62655 62609 0
111 125191 125103 0
112 15815 15804 0
113 62645 62602 0
114 125188 125103 0
115 62691 62649 0
116 62653 62612 0
117 7945 7940 1
118 7993 7988 1
119 125182 125109 0
120 31430 31412 0
121 125196 125127 0
122 31386 31369 0
123 62645 62612 0
124 7925 7921 0
125 4018 4016 0
126 62698 62667 0
127 62670 62645 0
128 7924 7921 0
129 7989 7986 0
130 62671 62648 0
131 15781 15776 0
132 4008 4007 1
133 4100 4099 0
134 31387 31383 0
135 31391 31387 0
136 7928 7927 0
137 31392 31389 0
138 15745 15745 0
139 2073 2073 1
140 15750 15751 0
141 2115 2116 1
142 2060 2061 1
143 7942 7946 0
144 4065 4069 0
145 4025 4030 0
146 2089 2092 0
147 4088 4095 0
148 4080 4087 0
149 4025 4032 0
150 2123 2128 0
151 4030 4041 0
152 4038 4050 0
153 4018 4030 0
154 2132 2140 0
155 2127 2137 0
156 2114 2125 0
157 2112 2123 0
158 2105 2118 0
159 2075 2091 0
160 77 81 0
161 85 95 0
162 48 64 0
163 7 10 0
164 27 44 0
165 500157 500115 0
166 125191 125138 0
167 250178 250152 0
168 500172 500143 0
169 125192 125185 0
170 125167 125139 0
171 250187 250108 0
172 125156 125134 0
173 250198 250130 0
174 125168 125143 0
175 250195 250101 0
176 250160 250129 0
177 250160 250120 0
178 125132 125109 0
179 250173 250146 0
180 125180 125139 0
181 500193 500134 0
182 250196 250128 0
183 250158 250108 0
184 500182 500103 0
185 125153 125127 0
186 62630 62611 0
187 500181 500134 0
188 125197 125174 0
189 125138 125131 0
190 250165 250168 0
191 500131 500108 0
192 62639 62636 0
193 500147 500122 0
194 250118 250105 0
195 500135 500118 0
196 500143 500134 0
197 250101 250103 0
198 500111 500115 0
199 500163 500143 0
200 62664 62665 0
201 500109 500119 0
202 500198 500187 0
203 500173 500191 0
204 500115 500108 0
205 125133 125133 0
206 500127 500111 0
207 500128 500133 0
208 125137 125134 0
209 250182 250190 0
210 250189 250187 0
211 500130 500150 0
212 500160 500161 0
213 250134 250135 0
214 125196 125192 0
215 500135 500111 0
216 500183 500176 0
217 500124 500135 0
218 500120 500108 0
219 250144 250138 0
220 250174 250161 0
221 250126 250132 0
222 250184 250178 0
223 500143 500133 0
224 250145 250147 0
225 250136 250136 0
226 250108 250116 0
227 500133 500101 0
228 500155 500107 0
229 125168 125121 0
230 125169 125142 0
231 125158 125112 0
232 125195 125141 0
233 500178 500127 0
234 62611 62604 0
235 500164 500137 0
236 250147 250130 0
237 62622 62613 0
238 62656 62643 0
239 250186 250129 0
240 500168 500139 0
241 125161 125107 0
242 500185 500129 0
243 500146 500113 0
244 250197 250107 0
245 250174 250156 0
246 500196 500161 0
247 250191 250165 0
248 125178 125120 0
249 125184 125124 0
250 125140 125126 0
251 125130 125104 0
252 7943 7955 0
253 31397 31413 0
254 31382 31397 0
255 7969 7996 0
256 31352 31443 0
257 31404 31411 0
258 7971 8005 0
259 250137 250171 0
260 250121 250170 0
261 31405 31414 0
262 7928 7991 0
263 31395 31403 0
264 31368 31385 0
265 7931 7985 0
266 31396 31398 0
267 31358 31360 0
268 31415 31444 0
269 31441 31445 0
270 7947 7992 0
271 7934 7991 0
272 7955 7967 0
273 250102 250140 0
274 31436 31442 0
275 7918 7975 0
276 31352 31449 0
277 250112 250167 0
278 31400 31431 0
279 4007 4100 0
280 31378 31406 0
281 31371 31401 0
282 31367 31416 0
283 250150 250184 0
284 31354 31363 0
285 4018 4088 0
286 4020 4095 0
287 31352 31419 0
288 31421 31439 0
289 15728 15735 0
290 250107 250165 0
291 4026 4071 0
292 4028 4090 0
293 7946 7984 0
294 4039 4063 0
295 15795 15800 0
296 250153 250180 0
297 4007 4094 0
298 31365 31409 0
299 4039 4093 0
300 31399 31426 0
301 62642 62664 0
302 62660 62683 0
303 62601 62647 0
304 4037 4055 0
305 250119 250197 0
306 250145 250162 0
307 250158 250176 0
308 4031 4076 0
309 62608 62693 0
310 62672 62685 0
311 4017 4058 0
312 62623 62636 0
313 62617 62680 0
314 62613 62662 0
315 4022 4046 0
316 4069 4099 0
317 4019 4034 0
318 62684 62688 0
319 62645 62671 0
320 2084 2144 0
321 15801 15812 0
322 62627 62660 0
323 15740 15794 0
324 15731 15768 0
325 15759 15814 0
326 15734 15759 0
327 62625 62661 0
328 2096 2152 0
329 2086 2129 0
330 15748 15788 0
331 62601 62651 0
332 15796 15813 0
333 2098 2135 0
334 250104 250172 0
335 2084 2126 0
336 62618 62665 0
337 62610 62640 0
338 2078 2099 0
339 2059 2102 0
340 15762 15801 0
341 62621 62656 0
342 500114 500153 0
343 62616 62693 0
344 15779 15787 0
345 2128 2147 0
346 500132 500190 0
347 62646 62698 0
348 2095 2121 0
349 62683 62697 0
350 2065 2128 0
351 2086 2123 0
352 62638 62662 0
353 2063 2080 0
354 2108 2129 0
355 125141 125185 0
356 15743 15812 0
357 125121 125143 0
358 125109 125175 0
359 500127 500188 0
360 64 87 0
361 125105 125168 0
362 15795 15811 0
363 500134 500169 0
364 52 93 0
365 15 85 0
366 125131 125198 0
367 125160 125183 0
368 57 99 0
369 125150 125162 0
370 500107 500150 0
371 11 44 0
372 14 92 0
373 50 76 0
374 15749 15772 0
375 500158 500185 0
376 9 36 0
377 15746 15754 0
378 2 69 0
379 18 62 0
380 500150 500193 0
381 29 100 0
382 14 34 0
383 125101 125155 0
384 49 89 0
385 15804 15824 0
386 125150 125180 0
387 125125 125185 0
388 500120 500179 0
389 125175 125190 0
390 3 34 0
391 15744 15783 0
392 125108 125161 0
393 125147 125179 0
394 125129 125151 0
395 41 59 0
396 250127 250153 0
397 250119 250150 0
398 15771 15792 0
399 15760 15817 0
--------------
1000000 :c
1003698 :sum(p)
1000000 :sum(w)
