400 :n
id p,w,x
--------------
0 69 3 1
1 62 3 1
2 95 7 1
3 70 9 1
4 85 17 1
5 80 20 1
6 41 15 1
7 82 45 1
8 61 45 1
9 42 31 1
10 95 73 1
11 56 45 1
12 51 43 1
13 34 30 1
14 48 43 1
15 88 80 1
16 63 58 1
17 2134 2068 1
18 2122 2066 1
19 2147 2092 1
20 2110 2057 1
21 2139 2092 1
22 2151 2109 1
23 4101 4021 1
24 4082 4014 1
25 4090 4023 1
26 4066 4018 1
27 2108 2086 1
28 4054 4012 1
29 4094 4052 1
30 4077 4036 1
31 2125 2104 1
32 2148 2128 1
33 7990 7919 1
34 8011 7943 1
35 4043 4012 1
36 4044 4015 1
37 4091 4062 1
38 8012 7956 1
39 4100 4072 1
40 7968 7914 1
41 2146 2132 1
42 2099 2086 1
43 2115 2102 1
44 4096 4073 1
45 15822 15738 1
46 4057 4037 1
47 7957 7918 1
48 2121 2111 1
49 15814 15741 1
50 15807 15735 1
51 7957 7925 1
52 4082 4066 1
53 7980 7950 1
54 15824 15765 1
55 2137 2130 0
56 7950 7924 1
57 7941 7916 1
58 8012 7987 1
59 4032 4020 1
60 7988 7965 1
61 7958 7936 1
62 15778 15735 1
63 31440 31356 1
64 31437 31354 1
65 15800 15759 1
66 7944 7924 1
67 31440 31363 1
68 15780 15742 1
69 7933 7914 1
70 15786 15751 1
71 8002 7985 1
72 31432 31366 1
73 7966 7950 1
74 31429 31369 1
75 15813 15785 1
76 4063 4056 0
77 31416 31363 1
78 7984 7971 0
79 7929 7917 1
80 31433 31386 1
81 15751 15728 1
82 15811 15788 1
83 62692 62603 1
84 15822 15800 0
85 62698 62612 1
86 62687 62602 1
87 62696 62611 1
88 7990 7973 1
89 2084 2080 0
90 31410 31369 1
91 62690 62609 1
92 62697 62619 0
93 62696 62688 0
94 31441 31417 0
95 28 40 0
96 4044 4039 0
97 4078 4073 0
98 4088 4083 0
99 15745 15726 1
100 2126 2148 0
101 62677 62605 0
102 62681 62609 0
103 15763 15745 1
104 31424 31390 0
105 15795 15778 0
106 62681 62616 0
107 62693 62631 0
108 31384 31353 0
109 2119 2117 0
110 15817 15803 0
111 7951 7944 0
112 4028 4025 0
113 15777 15766 0
114 15771 15761 0
115 15818 15808 0
116 4066 4064 0
117 7928 7926 0
118 50 50 1
119 2059 2060 0
120 4075 4077 0
121 4010 4015 0
122 2099 2102 0
123 4069 4075 0
124 4055 4063 0
125 2093 2100 0
126 2068 2075 0
127 2057 2066 0
128 97 99 0
129 57 64 0
130 42 52 0
131 34 43 0
132 250197 250103 0
133 500180 500112 0
134 31378 31371 0
135 125188 125170 0
136 250195 250153 0
137 250166 250131 0
138 250199 250110 0
139 250200 250149 0
140 125149 125116 0
141 125154 125135 0
142 250199 250126 0
143 125188 125162 0
144 31395 31384 0
145 15773 15770 0
146 125184 125148 0
147 250151 250115 0
148 125125 125100 0
149 250180 250112 0
150 125134 125107 0
151 31365 31358 0
152 125139 125119 0
153 500186 500108 0
154 62668 62655 0
155 125173 125136 0
156 31415 31407 0
157 62631 62614 0
158 31374 31369 0
159 62680 62668 0
160 250177 250103 0
161 250194 250105 0
162 250137 250102 0
163 31438 31421 0
164 62693 62661 0
165 31413 31398 0
166 62692 62664 0
167 31416 31393 0
168 62655 62620 0
169 125169 125120 0
170 125174 125107 0
171 62649 62614 0
172 125191 125128 0
173 31408 31389 0
174 125165 125113 0
175 125179 125114 0
176 62658 62623 0
177 62606 62656 0
178 62612 62680 0
179 62607 62663 0
180 31413 31427 0
181 31357 31391 0
182 62627 62661 0
183 62639 62695 0
184 62655 62657 0
185 62612 62690 0
186 62602 62620 0
187 31386 31446 0
188 62691 62685 0
189 31356 31387 0
190 31362 31403 0
191 62622 62700 0
192 31367 31421 0
193 62645 62675 0
194 31413 31431 0
195 31400 31427 0
196 31360 31356 0
197 31377 31408 0
198 31412 31426 0
199 62637 62689 0
200 62618 62660 0
201 15750 15748 0
202 125189 125180 0
203 15727 15811 0
204 15731 15771 0
205 125163 125192 0
206 15754 15811 0
207 15799 15797 0
208 125135 125189 0
209 125124 125141 0
210 15787 15808 0
211 125114 125175 0
212 15799 15809 0
213 125116 125181 0
214 125112 125161 0
215 15755 15770 0
216 15761 15772 0
217 125161 125146 0
218 15775 15805 0
219 125134 125147 0
220 125148 125168 0
221 15755 15778 0
222 15772 15786 0
223 15783 15784 0
224 125107 125122 0
225 15737 15742 0
226 125171 125196 0
227 125126 125183 0
228 15742 15794 0
229 125111 125179 0
230 15734 15824 0
231 15759 15774 0
232 125114 125119 0
233 125152 125196 0
234 15727 15777 0
235 15825 15824 0
236 125188 125195 0
237 15730 15744 0
238 125167 125152 0
239 7983 8003 0
240 7954 7986 0
241 7955 7964 0
242 125122 125180 0
243 7913 8009 0
244 125166 125199 0
245 7920 7939 0
246 7932 7987 0
247 7933 7970 0
248 7935 7990 0
249 125128 125148 0
250 125146 125154 0
251 7936 8005 0
252 125118 125184 0
253 125102 125145 0
254 7960 7979 0
255 7943 7952 0
256 7949 7969 0
257 7946 8002 0
258 125133 125153 0
259 125187 125184 0
260 250144 250195 0
261 7983 8012 0
262 250158 250184 0
263 250122 250186 0
264 7993 8008 0
265 250171 250177 0
266 250161 250184 0
267 250174 250144 0
268 250173 250181 0
269 250104 250195 0
270 7972 7998 0
271 250164 250192 0
272 7982 8008 0
273 250167 250200 0
274 250108 250129 0
275 7945 7996 0
276 250115 250189 0
277 7925 7932 0
278 250145 250120 0
279 250186 250190 0
280 4029 4058 0
281 4013 4056 0
282 4008 4062 0
283 250119 250150 0
284 4034 4091 0
285 31364 31442 0
286 250195 250198 0
287 4025 4104 0
288 62605 62616 0
289 62621 62643 0
290 250118 250170 0
291 250128 250196 0
292 4008 4045 0
293 4008 4035 0
294 4029 4091 0
295 250167 250169 0
296 4060 4105 0
297 250102 250135 0
298 250109 250186 0
299 250105 250189 0
300 250124 250137 0
301 250121 250196 0
302 250129 250116 0
303 250147 250163 0
304 250105 250186 0
305 250114 250125 0
306 4014 4038 0
307 4030 4043 0
308 250145 250140 0
309 4040 4057 0
310 500172 500112 0
311 500125 500115 0
312 4015 4075 0
313 500135 500156 0
314 4033 4062 0
315 62602 62619 0
316 500114 500158 0
317 4013 4052 0
318 500155 500169 0
319 500117 500124 0
320 500142 500191 0
321 2072 2115 0
322 31386 31424 0
323 2114 2148 0
324 2079 2150 0
325 2056 2078 0
326 500180 500116 0
327 2064 2138 0
328 500169 500151 0
329 500131 500191 0
330 500178 500123 0
331 2078 2145 0
332 2071 2114 0
333 500132 500145 0
334 62644 62641 0
335 2093 2127 0
336 2061 2143 0
337 500162 500198 0
338 2058 2141 0
339 2123 2139 0
340 31394 31434 0
341 2063 2078 0
342 2101 2120 0
343 2083 2105 0
344 500171 500185 0
345 500137 500186 0
346 31353 31375 0
347 2100 2113 0
348 500111 500114 0
349 500121 500192 0
350 500163 500105 0
351 500131 500165 0
352 2073 2094 0
353 2118 2149 0
354 31386 31447 0
355 2116 2134 0
356 31351 31405 0
357 500168 500146 0
358 500109 500104 0
359 500125 500155 0
360 31355 31397 0
361 62641 62687 0
362 500149 500137 0
363 500102 500190 0
364 500110 500197 0
365 18 58 0
366 500149 500105 0
367 3 54 0
368 31383 31449 0
369 60 83 0
370 500177 500193 0
371 23 72 0
372 500146 500148 0
373 500107 500148 0
374 4 21 0
375 6 97 0
376 26 72 0
377 500105 500109 0
378 70 95 0
379 500127 500121 0
380 62605 62658 0
381 62602 62682 0
382 500150 500114 0
383 500111 500175 0
384 6 48 0
385 20 73 0
386 500113 500150 0
387 500152 500154 0
388 75 99 0
389 26 74 0
390 54 79 0
391 500162 500171 0
392 500139 500149 0
393 500140 500199 0
394 49 98 0
395 28 94 0
396 1 89 0
397 44 92 0
398 62620 62617 0
399 31369 31439 0
--------------
1000000 :c
1003628 :sum(p)
1000000 :sum(w)
