400 :n
id p,w,x
--------------
0 2139 2106 1
1 4062 4019 1
2 100 85 1
3 95 64 1
4 43 7 1
5 75 29 1
6 10 3 1
7 79 29 1
8 95 85 1
9 84 37 1
10 86 78 1
11 86 53 1
12 69 14 1
13 83 23 1
14 39 16 1
15 31 18 1
16 15 2 1
17 2108 2055 1
18 88 59 1
19 87 10 1
20 7999 7915 1
21 2128 2105 1
22 2150 2067 1
23 4093 4043 1
24 4086 4037 1
25 2141 2102 1
26 2147 2116 1
27 2104 2072 1
28 2117 2069 1
29 2151 2104 1
30 2118 2095 1
31 2149 2097 1
32 2092 2057 1
33 4095 4038 1
34 4091 4023 1
35 4097 4037 1
36 2098 2071 1
37 4082 4023 1
38 4094 4025 1
39 15824 15781 1
40 7978 7935 1
41 8010 7956 1
42 4041 4007 1
43 4100 4064 1
44 4050 4032 1
45 15823 15761 1
46 4057 4040 1
47 2122 2111 1
48 15804 15734 1
49 2115 2093 1
50 7970 7936 1
51 7999 7945 1
52 8006 7931 1
53 8005 7942 1
54 2084 2071 1
55 2125 2114 1
56 7975 7914 1
57 2116 2103 1
58 2117 2100 1
59 7999 7953 1
60 7997 7920 1
61 15823 15784 1
62 15788 15745 1
63 7985 7956 1
64 7984 7965 1
65 31401 31355 1
66 7960 7940 1
67 31421 31358 1
68 15816 15790 1
69 31416 31369 1
70 31425 31365 1
71 31433 31374 1
72 7990 7967 1
73 15786 15758 1
74 31423 31359 1
75 31414 31370 1
76 4056 4041 1
77 31449 31359 1
78 15774 15733 1
79 4050 4035 1
80 15817 15767 1
81 99 95 1
82 2108 2101 1
83 4045 4033 1
84 4078 4068 1
85 4042 4033 1
86 7989 7976 1
87 15761 15738 1
88 15750 15729 1
89 15806 15785 1
90 7923 7913 1
91 7999 7989 1
92 31428 31389 1
93 15745 15726 1
94 15767 15748 1
95 62695 62629 1
96 31403 31372 1
97 88 24 1
98 62682 62601 1
99 31387 31354 1
100 31427 31396 1
101 62693 62633 0
102 31382 31352 0
103 62694 62673 0
104 31444 31442 0
105 500150 500174 0
106 31412 31382 0
107 2115 2113 0
108 62662 62603 0
109 15761 15747 0
110 15825 15811 0
111 7933 7926 0
112 15786 15773 1
113 31417 31393 0
114 15819 15807 1
115 31410 31389 0
116 7943 7939 0
117 4070 4069 0
118 45 45 0
119 92 92 0
120 125198 125118 0
121 31428 31412 0
122 62655 62631 0
123 250196 250124 0
124 62690 62657 0
125 125196 125160 0
126 15781 15777 0
127 31406 31394 0
128 62667 62633 0
129 62683 62665 0
130 125152 125113 0
131 125175 125103 0
132 125179 125100 0
133 15772 15768 0
134 250198 250101 0
135 125163 125116 0
136 62652 62613 0
137 125171 125129 0
138 125155 125121 0
139 125182 125119 0
140 125156 125119 0
141 62674 62634 0
142 250174 250105 0
143 125199 125157 0
144 250181 250105 0
145 31424 31412 0
146 125198 125135 0
147 62662 62619 0
148 125196 125114 0
149 62667 62621 0
150 62614 62623 0
151 62630 62641 0
152 62620 62644 0
153 62677 62664 0
154 62639 62639 0
155 62614 62650 0
156 62617 62612 0
157 62671 62661 0
158 62639 62663 0
159 31362 31426 0
160 62603 62698 0
161 62602 62637 0
162 62686 62688 0
163 62636 62700 0
164 62650 62641 0
165 62624 62661 0
166 31414 31433 0
167 62642 62639 0
168 31369 31362 0
169 62660 62653 0
170 31382 31407 0
171 31379 31383 0
172 31409 31435 0
173 31397 31394 0
174 62625 62690 0
175 31432 31434 0
176 31363 31435 0
177 62635 62696 0
178 62652 62682 0
179 62687 62681 0
180 31406 31442 0
181 125116 125156 0
182 31361 31383 0
183 31380 31440 0
184 125146 125165 0
185 31441 31437 0
186 125198 125168 0
187 31354 31389 0
188 31392 31401 0
189 31430 31429 0
190 125126 125162 0
191 125120 125145 0
192 31353 31388 0
193 125184 125167 0
194 31353 31397 0
195 31370 31372 0
196 31418 31435 0
197 125120 125142 0
198 62604 62679 0
199 125161 125176 0
200 125163 125148 0
201 15749 15807 0
202 125153 125128 0
203 125158 125172 0
204 15799 15800 0
205 125139 125158 0
206 15733 15739 0
207 125136 125177 0
208 125153 125183 0
209 15744 15749 0
210 15791 15799 0
211 15734 15813 0
212 125173 125146 0
213 15728 15807 0
214 15764 15790 0
215 125141 125185 0
216 15763 15771 0
217 15728 15818 0
218 15741 15801 0
219 15825 15822 0
220 15754 15789 0
221 125165 125179 0
222 125151 125127 0
223 125171 125144 0
224 15753 15815 0
225 125110 125163 0
226 15778 15818 0
227 15761 15796 0
228 125137 125133 0
229 15726 15793 0
230 125100 125154 0
231 15735 15752 0
232 125133 125182 0
233 125130 125169 0
234 15748 15813 0
235 125135 125105 0
236 125177 125165 0
237 125113 125184 0
238 15745 15807 0
239 250112 250106 0
240 7913 7977 0
241 7915 7970 0
242 250149 250175 0
243 7927 7974 0
244 250141 250192 0
245 250140 250124 0
246 250110 250179 0
247 7957 8004 0
248 7964 7994 0
249 250177 250166 0
250 250174 250121 0
251 250105 250172 0
252 7938 7943 0
253 7915 7941 0
254 7942 7955 0
255 250158 250175 0
256 250130 250136 0
257 250110 250129 0
258 250131 250106 0
259 7955 8006 0
260 7979 7987 0
261 250170 250108 0
262 250155 250120 0
263 7923 7951 0
264 250198 250199 0
265 7961 7973 0
266 7992 7996 0
267 7983 8006 0
268 250131 250195 0
269 7999 7998 0
270 7976 7980 0
271 7954 8002 0
272 250172 250187 0
273 7974 8005 0
274 7944 7945 0
275 250148 250182 0
276 7929 8005 0
277 250144 250155 0
278 7916 7958 0
279 4044 4103 0
280 250162 250122 0
281 4012 4057 0
282 4046 4062 0
283 4046 4095 0
284 250135 250147 0
285 4018 4076 0
286 4012 4049 0
287 4053 4091 0
288 250129 250174 0
289 4033 4039 0
290 4012 4043 0
291 250152 250144 0
292 4034 4039 0
293 250183 250153 0
294 250112 250120 0
295 62642 62677 0
296 4011 4026 0
297 250118 250123 0
298 4017 4065 0
299 250138 250177 0
300 4053 4083 0
301 250117 250145 0
302 4008 4074 0
303 4024 4054 0
304 4083 4097 0
305 4032 4061 0
306 250117 250156 0
307 4054 4091 0
308 250131 250178 0
309 4048 4106 0
310 4015 4068 0
311 4016 4030 0
312 250119 250101 0
313 250152 250156 0
314 4034 4078 0
315 250117 250112 0
316 250180 250197 0
317 250169 250172 0
318 250145 250176 0
319 500156 500155 0
320 2139 2146 0
321 2096 2134 0
322 500149 500150 0
323 2135 2141 0
324 500108 500188 0
325 2083 2136 0
326 500197 500143 0
327 500113 500111 0
328 500199 500181 0
329 2115 2153 0
330 2117 2145 0
331 500179 500101 0
332 500154 500144 0
333 500156 500111 0
334 2087 2103 0
335 2102 2145 0
336 500195 500190 0
337 500105 500110 0
338 2066 2082 0
339 500112 500149 0
340 2117 2128 0
341 500186 500128 0
342 2091 2110 0
343 500117 500110 0
344 2079 2138 0
345 500111 500195 0
346 2123 2149 0
347 2089 2118 0
348 500186 500117 0
349 500101 500199 0
350 2080 2147 0
351 2075 2081 0
352 2123 2129 0
353 500184 500151 0
354 500186 500165 0
355 2077 2098 0
356 2126 2140 0
357 500150 500116 0
358 500182 500134 0
359 500105 500126 0
360 43 86 0
361 500135 500195 0
362 59 84 0
363 21 36 0
364 39 64 0
365 62675 62670 0
366 500155 500150 0
367 500188 500127 0
368 500117 500141 0
369 500174 500175 0
370 45 58 0
371 500138 500181 0
372 13 64 0
373 500148 500176 0
374 500139 500200 0
375 2 30 0
376 11 30 0
377 8 68 0
378 500106 500129 0
379 67 85 0
380 62635 62693 0
381 500179 500135 0
382 500180 500142 0
383 500116 500111 0
384 7 69 0
385 13 46 0
386 500134 500193 0
387 48 71 0
388 37 97 0
389 84 92 0
390 500190 500177 0
391 500161 500197 0
392 16 76 0
393 500120 500132 0
394 6 78 0
395 500190 500173 0
396 25 97 0
397 40 56 0
398 62620 62695 0
399 62676 62678 0
--------------
1000000 :c
1003861 :sum(p)
1000000 :sum(w)
