400 :n
id p,w,x
--------------
0 2118 2076 1
1 4102 4081 1
2 4096 4020 1
3 80 3 1
4 4069 4020 1
5 4083 4036 1
6 4093 4043 1
7 4103 4047 1
8 94 87 1
9 4084 4032 1
10 4067 4016 1
11 4094 4032 1
12 69 17 1
13 2148 2086 1
14 2116 2104 1
15 2136 2092 1
16 2124 2094 1
17 2138 2095 1
18 2092 2077 1
19 4104 4081 1
20 4094 4067 1
21 4057 4032 1
22 2140 2088 1
23 2120 2065 1
24 92 43 1
25 74 48 1
26 13 3 1
27 80 55 1
28 8003 7955 1
29 44 36 1
30 58 45 1
31 2092 2074 1
32 2105 2082 1
33 8003 7939 1
34 8011 7915 1
35 2128 2078 1
36 2153 2114 1
37 73 41 1
38 2098 2087 1
39 8001 7921 1
40 7997 7933 1
41 2151 2101 1
42 2086 2057 1
43 2135 2078 1
44 91 18 1
45 64 47 1
46 68 17 1
47 7996 7955 1
48 2152 2127 1
49 44 12 1
50 68 59 1
51 54 50 1
52 74 69 1
53 7995 7961 1
54 8005 7971 1
55 8007 7973 1
56 8012 7979 1
57 15806 15741 1
58 4098 4082 1
59 2081 2073 1
60 15813 15755 1
61 15775 15726 1
62 15795 15747 1
63 2129 2123 1
64 7962 7940 1
65 31438 31356 1
66 15813 15772 1
67 15823 15783 1
68 31430 31353 1
69 31444 31368 1
70 7986 7969 1
71 31432 31375 1
72 31412 31356 1
73 7941 7927 1
74 7971 7958 1
75 15768 15743 1
76 15795 15771 1
77 62696 62605 1
78 31401 31356 1
79 62695 62607 1
80 15771 15749 1
81 15809 15788 1
82 31441 31400 1
83 31391 31351 1
84 4066 4061 1
85 62689 62612 1
86 4100 4095 1
87 31399 31361 1
88 31445 31407 1
89 15778 15759 1
90 61 46 1
91 15763 15733 1
92 2076 2065 1
93 31445 31408 0
94 62690 62617 1
95 7982 7973 1
96 62699 62630 0
97 31446 31434 0
98 84 97 0
99 62679 62610 0
100 62689 62620 0
101 7956 7948 0
102 7976 7968 1
103 7990 7983 1
104 4101 4097 1
105 31424 31394 0
106 62699 62640 0
107 2138 2136 1
108 15741 15727 0
109 31424 31398 0
110 15753 15740 0
111 15808 15795 0
112 31414 31393 0
113 31376 31356 0
114 31444 31424 0
115 15821 15811 0
116 31394 31375 0
117 7976 7972 0
118 4009 4007 0
119 15745 15738 0
120 15757 15751 0
121 7984 7981 0
122 15797 15792 0
123 7934 7932 0
124 2085 2085 0
125 4018 4018 0
126 7949 7950 0
127 7951 7955 0
128 2128 2130 0
129 2083 2085 0
130 2133 2140 0
131 78 79 1
132 65 67 0
133 88 91 0
134 65 68 0
135 77 89 0
136 62638 62642 0
137 62623 62602 0
138 62604 62653 0
139 125134 125126 0
140 62638 62610 0
141 62669 62658 0
142 62644 62700 0
143 125149 125149 0
144 62618 62652 0
145 62676 62647 0
146 125169 125115 0
147 125153 125116 0
148 62697 62700 0
149 62690 62655 0
150 125102 125131 0
151 62637 62648 0
152 62641 62615 0
153 62602 62632 0
154 62682 62676 0
155 62623 62641 0
156 62608 62655 0
157 62632 62687 0
158 125123 125131 0
159 125152 125112 0
160 125185 125160 0
161 125142 125106 0
162 125118 125199 0
163 125159 125129 0
164 125149 125191 0
165 125171 125161 0
166 31362 31376 0
167 31384 31387 0
168 31440 31436 0
169 125131 125104 0
170 31386 31416 0
171 125171 125187 0
172 125184 125178 0
173 125171 125143 0
174 125122 125110 0
175 125106 125152 0
176 125199 125144 0
177 31371 31374 0
178 31373 31365 0
179 31392 31383 0
180 125117 125157 0
181 31388 31387 0
182 125143 125169 0
183 31405 31392 0
184 125165 125131 0
185 125134 125136 0
186 125125 125127 0
187 31439 31445 0
188 125165 125143 0
189 31414 31405 0
190 125148 125136 0
191 31424 31411 0
192 125168 125142 0
193 125159 125130 0
194 31425 31409 0
195 31378 31370 0
196 31398 31401 0
197 125173 125139 0
198 31371 31389 0
199 125161 125196 0
200 125181 125181 0
201 250165 250177 0
202 15759 15756 0
203 250144 250110 0
204 15794 15804 0
205 250110 250151 0
206 250175 250189 0
207 62619 62602 0
208 250121 250195 0
209 250136 250143 0
210 250104 250109 0
211 250107 250106 0
212 250177 250166 0
213 250193 250160 0
214 250101 250138 0
215 250197 250170 0
216 250168 250107 0
217 250170 250129 0
218 250119 250108 0
219 250195 250168 0
220 15782 15780 0
221 15750 15762 0
222 250200 250199 0
223 250113 250187 0
224 250179 250172 0
225 250171 250195 0
226 250110 250169 0
227 15778 15775 0
228 125144 125102 0
229 250162 250181 0
230 250187 250119 0
231 250132 250103 0
232 250127 250185 0
233 250159 250199 0
234 250125 250176 0
235 15784 15789 0
236 250164 250165 0
237 15789 15792 0
238 62683 62649 0
239 250113 250121 0
240 250189 250133 0
241 62662 62644 0
242 250191 250162 0
243 250183 250165 0
244 250149 250105 0
245 250145 250173 0
246 250120 250170 0
247 125150 125132 0
248 250156 250169 0
249 250133 250191 0
250 250138 250182 0
251 250136 250178 0
252 62664 62696 0
253 250156 250138 0
254 500182 500131 0
255 500168 500124 0
256 62625 62626 0
257 500150 500142 0
258 500177 500111 0
259 500198 500127 0
260 62650 62684 0
261 500188 500139 0
262 500160 500111 0
263 62651 62653 0
264 7940 7947 0
265 62676 62657 0
266 500141 500163 0
267 500155 500175 0
268 500198 500140 0
269 500148 500165 0
270 500183 500127 0
271 500121 500175 0
272 500176 500177 0
273 125137 125160 0
274 500117 500187 0
275 500113 500180 0
276 500173 500137 0
277 500119 500160 0
278 500124 500179 0
279 500112 500195 0
280 500131 500181 0
281 500111 500122 0
282 500122 500143 0
283 500137 500112 0
284 500135 500108 0
285 500139 500124 0
286 500157 500109 0
287 500104 500140 0
288 500174 500174 0
289 500157 500162 0
290 500180 500134 0
291 500176 500183 0
292 500105 500130 0
293 500102 500107 0
294 500181 500172 0
295 500102 500168 0
296 125117 125102 0
297 500192 500164 0
298 500195 500152 0
299 500122 500198 0
300 125137 125199 0
301 500168 500176 0
302 62609 62624 0
303 62620 62645 0
304 125189 125112 0
305 62649 62609 0
306 125186 125102 0
307 62697 62661 0
308 62630 62639 0
309 125198 125158 0
310 4012 4092 0
311 4022 4103 0
312 4028 4043 0
313 4015 4090 0
314 4028 4104 0
315 4019 4073 0
316 4022 4043 0
317 4072 4083 0
318 4019 4104 0
319 2132 2146 0
320 4014 4100 0
321 4063 4090 0
322 4043 4065 0
323 4014 4039 0
324 2071 2107 0
325 4069 4078 0
326 7932 7971 0
327 7951 7965 0
328 7965 7994 0
329 7916 8011 0
330 7934 7974 0
331 2057 2145 0
332 2115 2131 0
333 2083 2142 0
334 2072 2139 0
335 7923 7949 0
336 2099 2129 0
337 7970 8002 0
338 7957 7969 0
339 2098 2124 0
340 7937 7964 0
341 7937 7992 0
342 7920 7947 0
343 2056 2097 0
344 2068 2085 0
345 7967 7999 0
346 2070 2149 0
347 2098 2120 0
348 7922 7968 0
349 4080 4092 0
350 2069 2100 0
351 7937 7996 0
352 7972 8003 0
353 7938 7952 0
354 2059 2113 0
355 15762 15817 0
356 15758 15775 0
357 15728 15754 0
358 15739 15771 0
359 15727 15760 0
360 15758 15822 0
361 4035 4056 0
362 15769 15811 0
363 15750 15769 0
364 61 85 0
365 15746 15784 0
366 15746 15816 0
367 4029 4082 0
368 49 95 0
369 38 87 0
370 23 41 0
371 15746 15773 0
372 4040 4055 0
373 15759 15802 0
374 15749 15825 0
375 58 93 0
376 27 48 0
377 67 97 0
378 15766 15782 0
379 42 88 0
380 2 63 0
381 31355 31430 0
382 31378 31434 0
383 4024 4097 0
384 31375 31423 0
385 18 33 0
386 9 36 0
387 31409 31443 0
388 31352 31427 0
389 4043 4067 0
390 32 60 0
391 23 90 0
392 31359 31409 0
393 61 80 0
394 39 87 0
395 62626 62691 0
396 63 87 0
397 62602 62681 0
398 4015 4052 0
399 4032 4093 0
--------------
1000000 :c
1003696 :sum(p)
1000000 :sum(w)
