400 :n
id p,w,x
--------------
0 15820 15729 1
1 15819 15735 1
2 78 61 1
3 7969 7920 1
4 98 77 1
5 72 19 1
6 88 75 1
7 51 27 1
8 71 30 1
9 8010 7938 1
10 92 37 1
11 100 85 1
12 69 55 1
13 87 41 1
14 7991 7932 1
15 54 4 1
16 8006 7960 1
17 7993 7927 1
18 59 22 1
19 4062 4039 1
20 87 1 1
21 2099 2071 1
22 2144 2092 1
23 2093 2055 1
24 2136 2121 1
25 2112 2085 1
26 2146 2118 1
27 2147 2101 1
28 2146 2073 1
29 2127 2068 1
30 2130 2094 1
31 2084 2068 1
32 2118 2062 1
33 2119 2055 1
34 4037 4014 1
35 4070 4046 1
36 4081 4014 1
37 4066 4041 1
38 4049 4018 1
39 4083 4019 1
40 4066 4009 1
41 4061 4023 1
42 4080 4026 1
43 4103 4034 1
44 4103 4076 1
45 4065 4033 1
46 31448 31379 1
47 15762 15732 1
48 31440 31386 1
49 15794 15766 1
50 31414 31352 1
51 31434 31372 1
52 4028 4010 1
53 4095 4080 1
54 15788 15745 1
55 15784 15729 1
56 15811 15751 1
57 15809 15743 1
58 15806 15754 1
59 15816 15753 1
60 7967 7929 1
61 15821 15764 1
62 7966 7932 1
63 7976 7947 1
64 7977 7943 1
65 7992 7964 1
66 7981 7943 1
67 7971 7938 1
68 7952 7919 1
69 7966 7924 1
70 31440 31351 1
71 7955 7916 1
72 4037 4019 1
73 31419 31364 1
74 31409 31357 1
75 15792 15759 1
76 31439 31357 1
77 31448 31377 1
78 15791 15763 1
79 7938 7917 1
80 15812 15784 1
81 15 10 1
82 38 30 1
83 82 73 1
84 81 75 1
85 91 86 1
86 68 65 1
87 2122 2112 1
88 4062 4050 1
89 4095 4084 1
90 4097 4086 1
91 4064 4055 1
92 7973 7960 1
93 31415 31366 1
94 15810 15786 1
95 2086 2081 0
96 7990 7978 1
97 31438 31391 1
98 31410 31364 1
99 15784 15763 1
100 7929 7919 1
101 41 12 1
102 62687 62609 1
103 31403 31351 1
104 7931 7922 1
105 31442 31408 0
106 31384 31356 0
107 8004 8004 1
108 4085 4096 0
109 15740 15744 0
110 62692 62631 0
111 31379 31351 0
112 15811 15797 0
113 31440 31414 0
114 15770 15757 0
115 2073 2073 0
116 15783 15770 0
117 31389 31365 0
118 31431 31407 0
119 15781 15769 0
120 15765 15755 0
121 15825 15817 0
122 7943 7939 0
123 7971 7967 0
124 7936 7935 0
125 7997 7996 0
126 2083 2086 0
127 2094 2098 0
128 2059 2066 0
129 86 92 0
130 44 49 0
131 82 92 0
132 46 54 0
133 62649 62625 0
134 62700 62676 0
135 62649 62623 0
136 62658 62617 0
137 62676 62648 0
138 125184 125120 0
139 125182 125104 0
140 125190 125113 0
141 125196 125111 0
142 125192 125129 0
143 125198 125141 0
144 250182 250128 0
145 62695 62672 0
146 31445 31436 0
147 62686 62667 0
148 62632 62612 0
149 250194 250140 0
150 250184 250110 0
151 125136 125113 0
152 62646 62627 0
153 62694 62676 0
154 31446 31440 0
155 250183 250124 0
156 125188 125143 0
157 250193 250136 0
158 250189 250125 0
159 125154 125133 0
160 125123 125100 0
161 125193 125164 0
162 15794 15791 0
163 125157 125129 0
164 250167 250113 0
165 125145 125106 0
166 250193 250113 0
167 31391 31380 0
168 250189 250127 0
169 31435 31424 0
170 62671 62658 0
171 62677 62658 0
172 250197 250135 0
173 62637 62626 0
174 62659 62619 0
175 62678 62648 0
176 31391 31387 0
177 250196 250163 0
178 250158 250122 0
179 250119 250110 0
180 62650 62645 0
181 250141 250138 0
182 500138 500134 0
183 250117 250112 0
184 62614 62610 0
185 62655 62652 0
186 500176 500133 0
187 500152 500140 0
188 250170 250142 0
189 500135 500141 0
190 500194 500136 0
191 500188 500125 0
192 500143 500120 0
193 250159 250160 0
194 250149 250155 0
195 500168 500127 0
196 500162 500129 0
197 500139 500125 0
198 500191 500128 0
199 250125 250131 0
200 500172 500137 0
201 125127 125116 0
202 250132 250132 0
203 500153 500122 0
204 500173 500157 0
205 125109 125101 0
206 125190 125179 0
207 500198 500118 0
208 500102 500118 0
209 500134 500129 0
210 250119 250123 0
211 125172 125167 0
212 250151 250156 0
213 125149 125153 0
214 125180 125179 0
215 500130 500122 0
216 500177 500181 0
217 500193 500149 0
218 250187 250146 0
219 500194 500174 0
220 125116 125105 0
221 500144 500142 0
222 250194 250198 0
223 500131 500145 0
224 500178 500178 0
225 15815 15813 0
226 500156 500117 0
227 15769 15769 0
228 125119 125114 0
229 500186 500195 0
230 250129 250105 0
231 250181 250169 0
232 250179 250148 0
233 500161 500149 0
234 250191 250153 0
235 62661 62623 0
236 62641 62607 0
237 31420 31403 0
238 62630 62603 0
239 125173 125103 0
240 62645 62601 0
241 125193 125125 0
242 15781 15801 0
243 15739 15821 0
244 15755 15810 0
245 15746 15760 0
246 7948 7970 0
247 15731 15803 0
248 7982 8007 0
249 15784 15796 0
250 15775 15803 0
251 7939 7974 0
252 7999 8012 0
253 31362 31403 0
254 7922 7940 0
255 250135 250149 0
256 31358 31379 0
257 31352 31424 0
258 31373 31386 0
259 31380 31440 0
260 7988 8010 0
261 31406 31422 0
262 7973 8010 0
263 31369 31398 0
264 31411 31431 0
265 31421 31450 0
266 31362 31435 0
267 7928 7958 0
268 31426 31450 0
269 7949 7971 0
270 31378 31450 0
271 7916 7947 0
272 7964 8010 0
273 31364 31381 0
274 7975 7991 0
275 31365 31398 0
276 31412 31430 0
277 62632 62639 0
278 7941 7957 0
279 62621 62634 0
280 62628 62653 0
281 250116 250195 0
282 62638 62649 0
283 4067 4076 0
284 4022 4073 0
285 4047 4094 0
286 4022 4046 0
287 4048 4077 0
288 4020 4034 0
289 4069 4087 0
290 62624 62652 0
291 62605 62628 0
292 62612 62633 0
293 4028 4041 0
294 62632 62687 0
295 62605 62695 0
296 4038 4051 0
297 4047 4060 0
298 15751 15808 0
299 62649 62694 0
300 4038 4066 0
301 62604 62682 0
302 4067 4091 0
303 500104 500129 0
304 62622 62639 0
305 62663 62693 0
306 4014 4027 0
307 4023 4070 0
308 62611 62694 0
309 4024 4051 0
310 62621 62662 0
311 500137 500179 0
312 62661 62673 0
313 500138 500168 0
314 4022 4030 0
315 4075 4097 0
316 4021 4028 0
317 125157 125178 0
318 4077 4100 0
319 2096 2153 0
320 2090 2099 0
321 2060 2125 0
322 7933 7962 0
323 500122 500164 0
324 500121 500175 0
325 2070 2104 0
326 2111 2135 0
327 125170 125177 0
328 2084 2136 0
329 125111 125185 0
330 2054 2064 0
331 7994 8002 0
332 125112 125179 0
333 2093 2130 0
334 2124 2147 0
335 2070 2089 0
336 125137 125153 0
337 2098 2119 0
338 125101 125195 0
339 125177 125186 0
340 125103 125143 0
341 125125 125193 0
342 2062 2124 0
343 2065 2074 0
344 2093 2133 0
345 2056 2140 0
346 15761 15795 0
347 2107 2127 0
348 125105 125129 0
349 500109 500200 0
350 2079 2140 0
351 2073 2135 0
352 125161 125177 0
353 2088 2114 0
354 125127 125147 0
355 125104 125190 0
356 2101 2150 0
357 2096 2134 0
358 125120 125165 0
359 39 98 0
360 125146 125152 0
361 125180 125192 0
362 21 85 0
363 500132 500186 0
364 39 55 0
365 53 64 0
366 125174 125184 0
367 15741 15809 0
368 49 96 0
369 500110 500180 0
370 15743 15784 0
371 250158 250195 0
372 500130 500176 0
373 30 79 0
374 500120 500179 0
375 250122 250178 0
376 250137 250154 0
377 48 86 0
378 250103 250139 0
379 62 86 0
380 250143 250172 0
381 32 72 0
382 77 93 0
383 17 29 0
384 500105 500126 0
385 38 55 0
386 250112 250198 0
387 250126 250174 0
388 500127 500145 0
389 38 54 0
390 250141 250191 0
391 12 23 0
392 5 80 0
393 15759 15820 0
394 250108 250138 0
395 15735 15824 0
396 250124 250199 0
397 18 58 0
398 15768 15788 0
399 500132 500149 0
--------------
1000000 :c
1004049 :sum(p)
1000000 :sum(w)
