400 :n
id p,w,x
--------------
0 31431 31359 1
1 31426 31352 1
2 31433 31359 1
3 66 42 1
4 2140 2061 1
5 2134 2063 1
6 4082 4054 1
7 31442 31356 1
8 72 13 1
9 90 39 1
10 2120 2062 1
11 4084 4010 1
12 4059 4022 1
13 4100 4075 1
14 4050 4015 1
15 2123 2077 1
16 4052 4018 1
17 15820 15781 1
18 4100 4014 1
19 2149 2085 1
20 2152 2057 1
21 4087 4040 1
22 4102 4017 1
23 4045 4016 1
24 4092 4016 1
25 68 26 1
26 4063 4021 1
27 15807 15731 1
28 2130 2085 1
29 4084 4031 1
30 2102 2061 1
31 2152 2079 1
32 4076 4051 1
33 4097 4057 1
34 82 32 1
35 7975 7939 1
36 2143 2060 1
37 7995 7942 1
38 71 18 1
39 7962 7927 1
40 95 13 1
41 81 6 1
42 94 9 1
43 65 22 1
44 7988 7922 1
45 7979 7916 1
46 7969 7928 1
47 7977 7943 1
48 15804 15746 1
49 7987 7922 1
50 94 73 1
51 15816 15746 1
52 57 1 1
53 91 36 1
54 15818 15738 1
55 8004 7966 1
56 7992 7923 1
57 60 21 1
58 7950 7919 1
59 90 43 1
60 15777 15737 1
61 91 46 1
62 20 5 1
63 27 8 1
64 67 51 1
65 59 45 1
66 67 54 1
67 2144 2123 1
68 2093 2077 1
69 2075 2061 1
70 4098 4074 1
71 4027 4013 1
72 4022 4009 1
73 7985 7961 1
74 2087 2081 1
75 2122 2116 1
76 7983 7962 1
77 2147 2142 1
78 31444 31374 1
79 15767 15732 1
80 15773 15738 1
81 4057 4048 1
82 15790 15755 1
83 4091 4082 1
84 7961 7944 1
85 31434 31369 1
86 15815 15783 1
87 31442 31387 1
88 31418 31364 1
89 4088 4081 1
90 15813 15786 1
91 15782 15756 1
92 15800 15774 1
93 31416 31365 1
94 31448 31401 1
95 4031 4025 1
96 4058 4052 1
97 15808 15789 1
98 62682 62601 1
99 62678 62601 1
100 4025 4020 1
101 15812 15794 1
102 2125 2116 1
103 62682 62613 0
104 62685 62616 1
105 7936 7928 0
106 62673 62610 0
107 62674 62626 0
108 62690 62676 0
109 31424 31395 0
110 31445 31419 0
111 15815 15815 0
112 19 25 0
113 2106 2106 1
114 31439 31415 0
115 31425 31402 0
116 62684 62640 0
117 15747 15736 0
118 7977 7972 1
119 7980 7975 0
120 4037 4035 0
121 2057 2056 0
122 31431 31416 0
123 31446 31432 0
124 15761 15755 0
125 15745 15740 0
126 15793 15788 0
127 7998 7996 1
128 31396 31390 0
129 15737 15734 0
130 7990 7990 0
131 7999 7999 0
132 7955 7956 0
133 15733 15736 0
134 7978 7980 0
135 15728 15732 0
136 7947 7956 0
137 8001 8011 0
138 7976 7987 0
139 4037 4044 0
140 4050 4058 0
141 7943 7959 0
142 2056 2061 0
143 2109 2115 0
144 2092 2098 0
145 4093 4106 0
146 4017 4031 0
147 2109 2119 0
148 2092 2103 0
149 2068 2082 0
150 48 51 1
151 78 83 0
152 14 16 0
153 48 64 0
154 25 34 0
155 6 21 0
156 4 22 0
157 250155 250112 0
158 125184 125162 0
159 250145 250130 0
160 31411 31407 0
161 250180 250150 0
162 500195 500156 0
163 125193 125182 0
164 500192 500159 0
165 31448 31444 0
166 500167 500108 0
167 500151 500107 0
168 500182 500127 0
169 500174 500102 0
170 500190 500148 0
171 500164 500121 0
172 500196 500133 0
173 250136 250107 0
174 250165 250141 0
175 250168 250125 0
176 62611 62605 0
177 62689 62685 0
178 500149 500120 0
179 62644 62614 0
180 125180 125109 0
181 125184 125109 0
182 250193 250101 0
183 125140 125113 0
184 62657 62633 0
185 250164 250101 0
186 62676 62648 0
187 250191 250139 0
188 62662 62635 0
189 62685 62656 0
190 125192 125139 0
191 31377 31395 0
192 31377 31377 0
193 31387 31393 0
194 31384 31448 0
195 31369 31368 0
196 62649 62700 0
197 31355 31411 0
198 62644 62661 0
199 62617 62683 0
200 62653 62671 0
201 62640 62657 0
202 15796 15810 0
203 250131 250148 0
204 62605 62681 0
205 62602 62685 0
206 250123 250146 0
207 62659 62668 0
208 15750 15774 0
209 250156 250192 0
210 250172 250167 0
211 62608 62651 0
212 15759 15791 0
213 62622 62649 0
214 250108 250104 0
215 62627 62644 0
216 62665 62685 0
217 62642 62654 0
218 62674 62692 0
219 62624 62648 0
220 15731 15747 0
221 31389 31388 0
222 62624 62698 0
223 62641 62650 0
224 31416 31437 0
225 62650 62654 0
226 62659 62664 0
227 250128 250193 0
228 62630 62661 0
229 15737 15748 0
230 62659 62668 0
231 15752 15781 0
232 250189 250189 0
233 15770 15785 0
234 62641 62647 0
235 62603 62626 0
236 15788 15801 0
237 15798 15806 0
238 15769 15788 0
239 31364 31369 0
240 62614 62686 0
241 62636 62672 0
242 250154 250173 0
243 31376 31441 0
244 125108 125113 0
245 250149 250184 0
246 250110 250147 0
247 125112 125195 0
248 250112 250142 0
249 125137 125141 0
250 125113 125106 0
251 250108 250117 0
252 250136 250129 0
253 125133 125141 0
254 250105 250167 0
255 250120 250189 0
256 250120 250162 0
257 250139 250195 0
258 125153 125177 0
259 250101 250133 0
260 31370 31391 0
261 125117 125145 0
262 31422 31449 0
263 250129 250178 0
264 125129 125197 0
265 31399 31423 0
266 250116 250110 0
267 125115 125151 0
268 31404 31444 0
269 125137 125142 0
270 500120 500146 0
271 500120 500195 0
272 250152 250138 0
273 500137 500180 0
274 125100 125193 0
275 125127 125180 0
276 500126 500105 0
277 500165 500155 0
278 500135 500137 0
279 125199 125192 0
280 500150 500151 0
281 125179 125185 0
282 125107 125156 0
283 125126 125137 0
284 500171 500185 0
285 500176 500171 0
286 500126 500175 0
287 500197 500187 0
288 125173 125198 0
289 31378 31445 0
290 125105 125101 0
291 125139 125148 0
292 500121 500140 0
293 500117 500179 0
294 500185 500157 0
295 500131 500173 0
296 500185 500167 0
297 31387 31392 0
298 125119 125145 0
299 125101 125106 0
300 125148 125180 0
301 500164 500169 0
302 125104 125139 0
303 500136 500198 0
304 500126 500198 0
305 500128 500152 0
306 500113 500101 0
307 500141 500155 0
308 125165 125193 0
309 125105 125101 0
310 125120 125124 0
311 500178 500199 0
312 500127 500184 0
313 500106 500144 0
314 500124 500125 0
315 31399 31444 0
316 125102 125189 0
317 500137 500181 0
318 500119 500186 0
319 500114 500189 0
320 125127 125144 0
321 500137 500146 0
322 250150 250192 0
323 31407 31438 0
324 31415 31448 0
325 125186 125158 0
326 250187 250109 0
327 250167 250103 0
328 125198 125139 0
329 250190 250137 0
330 250183 250132 0
331 125192 125146 0
332 125179 125131 0
333 250195 250125 0
334 250179 250104 0
335 125186 125123 0
336 250173 250158 0
337 250151 250123 0
338 250177 250132 0
339 125198 125181 0
340 2084 2101 0
341 4052 4106 0
342 4030 4076 0
343 2055 2153 0
344 2068 2093 0
345 2079 2139 0
346 4040 4061 0
347 4016 4089 0
348 4012 4042 0
349 2056 2147 0
350 4016 4045 0
351 2076 2124 0
352 4017 4037 0
353 2056 2097 0
354 2115 2137 0
355 4057 4093 0
356 7931 7964 0
357 2081 2127 0
358 7967 7985 0
359 4012 4031 0
360 7938 7980 0
361 7982 8003 0
362 2067 2146 0
363 7960 7993 0
364 11 75 0
365 7948 8008 0
366 2090 2152 0
367 4040 4069 0
368 7927 7953 0
369 27 48 0
370 7938 7978 0
371 63 97 0
372 7937 7965 0
373 24 64 0
374 47 98 0
375 7925 7943 0
376 7922 7990 0
377 7974 8006 0
378 7923 7960 0
379 7937 7987 0
380 4015 4049 0
381 15752 15810 0
382 15739 15821 0
383 64 86 0
384 15 54 0
385 2112 2134 0
386 15736 15814 0
387 2077 2102 0
388 7 89 0
389 18 38 0
390 15739 15824 0
391 15729 15821 0
392 15768 15812 0
393 15768 15803 0
394 22 92 0
395 31364 31443 0
396 31368 31438 0
397 34 76 0
398 2094 2124 0
399 2065 2101 0
--------------
1000000 :c
1004532 :sum(p)
999999 :sum(w)
