400 :n
id p,w,x
--------------
0 2106 2074 1
1 2122 2057 1
2 2153 2123 1
3 4095 4044 1
4 2087 2060 1
5 2144 2100 1
6 4098 4031 1
7 68 25 1
8 4105 4024 1
9 2107 2062 1
10 2123 2081 1
11 2123 2083 1
12 2112 2072 1
13 91 5 1
14 32 10 1
15 2122 2067 1
16 2150 2100 1
17 60 38 1
18 79 10 1
19 17 2 1
20 36 20 1
21 88 68 1
22 86 67 1
23 78 61 1
24 97 77 1
25 95 76 1
26 80 68 1
27 40 34 1
28 98 86 1
29 87 83 1
30 81 79 1
31 90 88 1
32 4106 4055 1
33 4102 4052 1
34 4083 4034 1
35 2110 2086 1
36 4101 4055 1
37 2077 2054 1
38 4054 4010 1
39 2080 2058 1
40 2137 2115 1
41 4086 4044 1
42 4090 4048 1
43 4096 4054 1
44 7998 7920 1
45 2078 2058 1
46 4084 4045 1
47 2147 2127 1
48 7983 7913 1
49 4047 4014 1
50 7976 7915 1
51 7982 7925 1
52 7986 7929 1
53 7998 7941 1
54 7979 7927 1
55 7976 7929 1
56 2087 2075 1
57 2107 2095 1
58 4068 4045 1
59 4033 4011 1
60 8005 7962 1
61 15804 15726 1
62 7953 7914 1
63 7976 7937 1
64 7969 7933 1
65 4038 4020 1
66 8001 7967 1
67 8010 7976 1
68 15794 15728 1
69 4098 4081 1
70 15822 15762 1
71 2143 2135 1
72 15791 15733 1
73 15797 15739 1
74 7996 7967 1
75 15795 15738 1
76 4051 4037 1
77 2089 2082 1
78 15791 15739 1
79 2147 2140 1
80 4049 4036 1
81 31449 31353 1
82 7972 7948 1
83 4065 4053 1
84 4027 4016 0
85 4058 4047 0
86 8006 7985 1
87 7950 7931 1
88 15810 15773 1
89 31423 31358 1
90 4076 4068 0
91 7960 7945 1
92 7971 7956 1
93 7987 7972 1
94 31425 31368 1
95 15790 15762 1
96 31432 31383 1
97 7932 7920 0
98 7979 7968 0
99 62685 62604 1
100 62693 62613 1
101 62700 62620 1
102 31434 31394 1
103 50 6 1
104 62684 62608 1
105 31421 31380 1
106 62691 62615 1
107 62680 62612 1
108 15816 15799 0
109 62699 62687 0
110 31447 31435 0
111 15777 15794 0
112 31439 31406 0
113 62688 62626 0
114 62676 62616 0
115 2091 2089 0
116 15776 15761 0
117 31440 31413 0
118 15824 15816 0
119 31418 31392 0
120 15776 15764 0
121 62672 62625 0
122 15780 15769 0
123 62661 62619 0
124 31380 31359 0
125 125194 125113 0
126 125194 125114 0
127 31438 31418 0
128 125195 125119 0
129 62678 62641 0
130 125182 125111 0
131 31407 31390 0
132 125186 125120 0
133 62691 62658 0
134 15798 15792 0
135 4098 4097 0
136 15787 15785 0
137 15 15 0
138 15788 15791 0
139 4067 4068 0
140 7962 7966 0
141 7966 7972 0
142 7968 7975 0
143 2110 2112 0
144 4090 4094 0
145 4070 4074 0
146 7951 7962 0
147 2126 2129 0
148 4091 4100 0
149 4085 4095 0
150 4076 4087 0
151 4023 4036 0
152 4011 4026 0
153 4055 4072 0
154 2105 2114 0
155 2068 2079 0
156 2097 2111 0
157 2056 2072 0
158 2120 2138 0
159 78 80 0
160 85 92 0
161 58 67 0
162 84 100 0
163 31 37 0
164 51 63 0
165 52 70 0
166 34 55 0
167 250155 250128 0
168 250180 250134 0
169 250184 250149 0
170 250181 250151 0
171 31383 31380 0
172 250125 250111 0
173 250179 250144 0
174 250196 250133 0
175 500176 500152 0
176 250150 250122 0
177 250164 250134 0
178 500197 500152 0
179 250181 250123 0
180 31374 31370 0
181 500197 500145 0
182 500180 500105 0
183 250200 250127 0
184 250189 250125 0
185 250162 250116 0
186 500164 500116 0
187 62695 62679 0
188 62644 62628 0
189 125173 125132 0
190 125157 125108 0
191 125179 125128 0
192 125187 125127 0
193 125190 125135 0
194 62689 62659 0
195 250193 250111 0
196 125175 125121 0
197 125198 125149 0
198 125159 125119 0
199 31385 31374 0
200 125165 125139 0
201 31390 31380 0
202 62646 62627 0
203 62660 62648 0
204 62683 62664 0
205 125131 125106 0
206 125158 125134 0
207 125183 125159 0
208 125192 125156 0
209 125170 125160 0
210 500155 500108 0
211 31434 31424 0
212 62676 62666 0
213 500199 500126 0
214 125165 125158 0
215 125195 125175 0
216 125195 125159 0
217 500197 500170 0
218 250126 250112 0
219 15772 15792 0
220 31355 31418 0
221 15743 15749 0
222 62638 62665 0
223 62601 62623 0
224 62647 62655 0
225 15775 15791 0
226 62604 62641 0
227 62655 62660 0
228 15750 15818 0
229 15733 15818 0
230 15732 15788 0
231 15760 15805 0
232 15732 15774 0
233 15744 15757 0
234 62643 62686 0
235 15779 15817 0
236 15780 15803 0
237 62609 62619 0
238 15732 15749 0
239 62641 62655 0
240 62671 62671 0
241 62616 62680 0
242 62669 62671 0
243 62663 62694 0
244 7938 7956 0
245 62629 62671 0
246 7930 7970 0
247 62619 62656 0
248 62653 62666 0
249 62608 62671 0
250 7977 7995 0
251 62605 62670 0
252 7951 8002 0
253 62685 62685 0
254 15729 15805 0
255 7929 7998 0
256 31424 31436 0
257 62620 62655 0
258 62667 62686 0
259 125117 125163 0
260 7993 8007 0
261 7914 7951 0
262 125115 125195 0
263 7931 7993 0
264 125177 125187 0
265 31425 31427 0
266 7946 7978 0
267 7917 7957 0
268 7933 8008 0
269 125191 125186 0
270 125102 125158 0
271 125156 125152 0
272 125120 125146 0
273 7934 7997 0
274 125115 125120 0
275 125118 125128 0
276 31387 31444 0
277 125118 125125 0
278 7920 7991 0
279 125128 125166 0
280 125106 125193 0
281 125101 125155 0
282 15736 15808 0
283 125169 125170 0
284 125120 125141 0
285 4009 4045 0
286 4022 4106 0
287 125172 125195 0
288 125135 125177 0
289 31376 31379 0
290 125122 125120 0
291 4046 4085 0
292 250147 250184 0
293 250169 250189 0
294 4015 4083 0
295 250128 250127 0
296 250137 250145 0
297 31378 31449 0
298 15738 15775 0
299 250167 250187 0
300 250168 250174 0
301 15771 15803 0
302 4027 4079 0
303 4014 4047 0
304 250200 250200 0
305 250129 250172 0
306 250133 250159 0
307 4033 4058 0
308 250132 250120 0
309 15734 15792 0
310 15755 15823 0
311 250157 250175 0
312 250190 250200 0
313 250114 250195 0
314 250102 250169 0
315 250125 250200 0
316 250137 250174 0
317 31358 31416 0
318 15771 15806 0
319 2074 2105 0
320 250115 250134 0
321 250108 250158 0
322 250118 250138 0
323 2075 2131 0
324 31420 31438 0
325 15784 15802 0
326 250113 250200 0
327 250113 250120 0
328 250122 250168 0
329 250134 250193 0
330 250128 250200 0
331 250132 250138 0
332 500102 500172 0
333 31382 31415 0
334 500116 500131 0
335 500123 500103 0
336 500192 500189 0
337 2082 2106 0
338 15738 15786 0
339 2060 2100 0
340 500129 500125 0
341 2061 2137 0
342 500178 500172 0
343 500141 500129 0
344 500124 500191 0
345 2055 2102 0
346 2070 2110 0
347 2060 2106 0
348 500149 500133 0
349 15782 15792 0
350 2085 2106 0
351 500179 500173 0
352 31364 31364 0
353 31351 31383 0
354 2058 2108 0
355 500105 500186 0
356 500184 500171 0
357 500163 500153 0
358 500127 500166 0
359 500104 500122 0
360 500121 500135 0
361 500119 500141 0
362 29 79 0
363 31390 31445 0
364 500123 500164 0
365 20 97 0
366 39 65 0
367 500102 500131 0
368 31394 31402 0
369 500182 500162 0
370 60 91 0
371 500108 500199 0
372 29 81 0
373 31382 31446 0
374 31407 31411 0
375 500118 500120 0
376 500158 500190 0
377 18 70 0
378 31373 31375 0
379 500143 500156 0
380 31351 31408 0
381 31351 31361 0
382 500114 500140 0
383 500128 500190 0
384 8 68 0
385 10 78 0
386 37 72 0
387 500166 500153 0
388 31380 31407 0
389 500135 500191 0
390 500157 500167 0
391 31372 31444 0
392 500159 500185 0
393 75 100 0
394 5 60 0
395 2 88 0
396 500130 500158 0
397 500176 500160 0
398 31393 31417 0
399 31360 31429 0
--------------
1000000 :c
1003998 :sum(p)
1000000 :sum(w)
