400 :n
id p,w,x
--------------
0 62 19 1
1 79 18 1
2 71 28 1
3 4106 4019 1
4 4084 4009 1
5 56 23 1
6 84 32 1
7 93 49 1
8 98 47 1
9 39 8 1
10 4096 4019 1
11 100 66 1
12 4095 4023 1
13 4096 4028 1
14 4091 4011 1
15 2142 2105 1
16 2127 2069 1
17 2110 2068 1
18 2119 2063 1
19 2145 2068 1
20 2149 2059 1
21 75 3 1
22 100 47 1
23 2126 2086 1
24 2146 2095 1
25 2143 2106 1
26 73 56 1
27 76 53 1
28 2141 2076 1
29 2117 2064 1
30 2107 2064 1
31 4097 4036 1
32 82 72 1
33 2129 2084 1
34 63 14 1
35 4075 4051 1
36 4097 4067 1
37 4065 4050 1
38 8003 7973 1
39 15811 15739 1
40 8011 7948 1
41 8011 7917 1
42 2127 2107 1
43 2127 2109 1
44 7986 7913 1
45 8012 7914 1
46 8010 7917 1
47 4065 4015 1
48 8005 7924 1
49 4086 4039 1
50 4105 4051 1
51 4086 4034 1
52 4040 4008 1
53 2114 2087 1
54 4068 4036 1
55 4071 4013 1
56 2098 2078 1
57 7953 7921 1
58 15823 15755 1
59 4083 4068 1
60 7978 7947 1
61 15810 15748 1
62 8012 7961 1
63 15807 15736 1
64 2136 2120 1
65 8009 7949 1
66 7980 7949 1
67 8012 7955 1
68 7992 7943 1
69 7996 7944 1
70 7976 7930 1
71 7986 7936 1
72 7979 7928 1
73 15812 15743 1
74 2151 2136 1
75 15825 15727 1
76 2118 2103 1
77 14 8 1
78 62 53 1
79 84 75 1
80 87 78 1
81 43 41 1
82 79 77 1
83 78 77 1
84 2091 2080 1
85 7990 7961 1
86 7967 7941 1
87 7950 7925 1
88 15808 15764 1
89 31448 31365 1
90 15786 15745 1
91 31438 31362 1
92 31445 31370 1
93 15800 15765 1
94 7993 7976 1
95 31417 31351 1
96 31432 31373 1
97 31415 31358 1
98 15761 15736 1
99 15773 15748 1
100 31404 31355 1
101 62700 62610 1
102 62695 62609 1
103 15804 15783 0
104 15783 15764 0
105 8011 8002 0
106 2144 2059 1
107 62688 62611 1
108 31395 31354 1
109 8011 8002 0
110 62682 62614 1
111 31413 31379 1
112 31444 31415 0
113 31435 31441 0
114 89 89 0
115 62689 62622 0
116 31412 31379 0
117 62696 62632 0
118 62682 62622 0
119 31434 31404 0
120 62687 62628 0
121 31391 31367 0
122 15799 15788 0
123 15769 15760 0
124 15786 15777 0
125 4076 4076 0
126 2054 2055 0
127 4030 4032 0
128 4072 4077 0
129 4027 4032 0
130 2085 2090 0
131 2056 2063 0
132 60 67 0
133 21 29 0
134 13 22 0
135 125198 125146 0
136 62698 62671 0
137 15797 15791 0
138 62646 62606 0
139 15811 15804 0
140 125189 125132 0
141 62654 62619 0
142 125199 125137 0
143 62681 62666 0
144 62621 62613 0
145 125184 125165 0
146 125169 125156 0
147 125124 125103 0
148 125110 125108 0
149 125168 125164 0
150 125177 125164 0
151 62652 62636 0
152 125125 125110 0
153 62641 62629 0
154 125148 125125 0
155 62629 62609 0
156 15797 15791 0
157 125176 125169 0
158 62644 62629 0
159 31397 31389 0
160 125195 125188 0
161 125140 125123 0
162 125158 125150 0
163 125152 125128 0
164 31405 31398 0
165 125152 125134 0
166 125170 125164 0
167 250197 250186 0
168 250163 250156 0
169 250196 250131 0
170 250163 250132 0
171 250173 250104 0
172 250187 250184 0
173 250199 250194 0
174 250165 250162 0
175 250194 250119 0
176 250113 250101 0
177 250193 250125 0
178 250187 250122 0
179 250187 250163 0
180 250174 250104 0
181 250171 250163 0
182 250168 250141 0
183 250174 250149 0
184 250184 250162 0
185 250197 250131 0
186 500157 500126 0
187 500157 500153 0
188 500134 500101 0
189 500179 500145 0
190 500113 500108 0
191 500200 500183 0
192 500181 500110 0
193 500191 500112 0
194 500191 500112 0
195 31432 31428 0
196 500194 500143 0
197 500155 500128 0
198 500108 500103 0
199 15779 15777 0
200 500168 500137 0
201 500186 500106 0
202 500175 500169 0
203 500186 500124 0
204 15823 15821 0
205 15811 15805 0
206 15798 15793 0
207 500192 500113 0
208 500146 500113 0
209 500186 500171 0
210 500185 500112 0
211 125178 125133 0
212 62645 62622 0
213 62621 62608 0
214 62690 62676 0
215 31377 31356 0
216 125198 125124 0
217 62673 62628 0
218 31383 31366 0
219 125163 125111 0
220 62642 62613 0
221 31409 31396 0
222 15758 15751 0
223 31428 31406 0
224 31405 31388 0
225 31388 31450 0
226 15732 15759 0
227 31381 31409 0
228 31389 31436 0
229 31368 31405 0
230 15793 15811 0
231 15750 15797 0
232 15778 15803 0
233 31396 31449 0
234 31383 31429 0
235 31365 31377 0
236 31417 31418 0
237 31390 31432 0
238 31358 31410 0
239 31376 31395 0
240 31354 31401 0
241 15736 15785 0
242 7919 7942 0
243 7942 7970 0
244 31364 31438 0
245 31382 31397 0
246 31404 31431 0
247 31391 31403 0
248 31402 31440 0
249 31379 31425 0
250 7975 8004 0
251 7958 7983 0
252 62606 62665 0
253 62657 62680 0
254 62643 62663 0
255 62638 62685 0
256 62620 62627 0
257 62619 62680 0
258 7931 7961 0
259 7984 7996 0
260 7961 7964 0
261 7969 8012 0
262 7980 7997 0
263 62657 62687 0
264 7958 7989 0
265 62619 62642 0
266 7943 8011 0
267 7946 7995 0
268 62667 62687 0
269 62631 62679 0
270 7957 7995 0
271 62662 62698 0
272 62603 62603 0
273 62617 62654 0
274 7945 7985 0
275 62651 62658 0
276 8006 8011 0
277 7960 7984 0
278 62620 62634 0
279 62637 62650 0
280 62606 62611 0
281 62620 62692 0
282 125121 125190 0
283 4044 4092 0
284 4035 4044 0
285 125139 125193 0
286 125108 125168 0
287 4041 4057 0
288 4011 4026 0
289 4024 4030 0
290 125132 125171 0
291 15741 15775 0
292 125134 125195 0
293 4007 4043 0
294 125137 125176 0
295 4086 4102 0
296 4057 4080 0
297 125114 125139 0
298 500183 500182 0
299 125145 125176 0
300 4048 4085 0
301 125123 125132 0
302 125111 125177 0
303 4061 4085 0
304 4086 4096 0
305 4055 4089 0
306 125158 125190 0
307 4015 4030 0
308 125161 125196 0
309 125102 125152 0
310 4008 4093 0
311 4028 4080 0
312 125108 125170 0
313 15741 15819 0
314 4028 4075 0
315 15746 15795 0
316 4036 4103 0
317 125123 125192 0
318 4018 4091 0
319 125114 125188 0
320 2060 2087 0
321 125114 125122 0
322 125127 125163 0
323 125115 125161 0
324 15794 15795 0
325 2072 2115 0
326 250132 250171 0
327 250143 250150 0
328 250130 250157 0
329 250131 250154 0
330 2099 2140 0
331 250170 250170 0
332 250146 250171 0
333 2093 2134 0
334 250107 250114 0
335 250113 250167 0
336 2066 2132 0
337 250161 250187 0
338 2076 2133 0
339 250107 250157 0
340 15760 15786 0
341 2131 2140 0
342 250103 250144 0
343 250131 250197 0
344 2116 2125 0
345 250137 250138 0
346 2078 2088 0
347 2062 2097 0
348 2098 2114 0
349 15782 15824 0
350 250134 250184 0
351 250104 250172 0
352 2057 2086 0
353 2059 2083 0
354 250107 250167 0
355 2063 2140 0
356 250168 250192 0
357 2077 2096 0
358 250152 250171 0
359 250136 250140 0
360 39 95 0
361 5 28 0
362 28 99 0
363 250144 250161 0
364 38 78 0
365 66 89 0
366 250193 250196 0
367 500136 500186 0
368 500124 500128 0
369 500111 500113 0
370 500142 500157 0
371 500108 500184 0
372 500160 500164 0
373 69 91 0
374 45 69 0
375 65 76 0
376 74 92 0
377 500147 500158 0
378 500117 500184 0
379 500136 500156 0
380 500136 500170 0
381 55 83 0
382 30 83 0
383 500165 500184 0
384 25 90 0
385 11 99 0
386 500186 500199 0
387 500102 500139 0
388 15795 15800 0
389 500126 500168 0
390 500159 500180 0
391 500123 500167 0
392 15764 15788 0
393 15810 15821 0
394 4 92 0
395 500116 500186 0
396 500121 500141 0
397 500125 500181 0
398 15748 15766 0
399 15774 15823 0
--------------
1000000 :c
1005110 :sum(p)
999996 :sum(w)
