400 :n
id p,w,x
--------------
0 4102 4028 1
1 4100 4067 1
2 60 14 1
3 4091 4014 1
4 7996 7933 1
5 4056 4016 1
6 40 28 1
7 4103 4007 1
8 73 38 1
9 4091 4060 1
10 94 48 1
11 24 9 1
12 79 38 1
13 85 34 1
14 74 52 1
15 97 37 1
16 98 18 1
17 71 45 1
18 83 55 1
19 4101 4038 1
20 94 24 1
21 4092 4059 1
22 42 18 1
23 4049 4008 1
24 2153 2119 1
25 2108 2060 1
26 2142 2090 1
27 7974 7913 1
28 2148 2121 1
29 2130 2104 1
30 2144 2083 1
31 2138 2091 1
32 2134 2062 1
33 8009 7947 1
34 2089 2073 1
35 2131 2102 1
36 2070 2054 1
37 2149 2062 1
38 2116 2081 1
39 7979 7921 1
40 2153 2094 1
41 2088 2068 1
42 2144 2070 1
43 2124 2073 1
44 8006 7934 1
45 7971 7937 1
46 8000 7980 1
47 7994 7955 1
48 15780 15747 1
49 31402 31358 1
50 31404 31361 1
51 62692 62611 1
52 7983 7934 1
53 7982 7946 1
54 15774 15748 1
55 31437 31383 1
56 31448 31382 1
57 15771 15731 1
58 4026 4007 1
59 15813 15729 1
60 4081 4054 1
61 4058 4030 1
62 15797 15736 1
63 4084 4058 1
64 15803 15729 1
65 15785 15735 1
66 4065 4049 1
67 15821 15737 1
68 4077 4048 1
69 15788 15753 1
70 15815 15754 1
71 7980 7944 1
72 4070 4053 1
73 33 25 1
74 69 61 1
75 58 54 1
76 60 56 1
77 98 92 1
78 94 90 1
79 74 72 0
80 2078 2068 1
81 2150 2140 1
82 4058 4045 1
83 4088 4078 1
84 4071 4064 1
85 7961 7948 1
86 7999 7986 1
87 15761 15737 1
88 4099 4093 1
89 31415 31372 1
90 31446 31404 1
91 15813 15792 1
92 31415 31375 1
93 15758 15738 1
94 4094 4089 1
95 31419 31386 1
96 62676 62612 1
97 62684 62621 1
98 70 46 1
99 62672 62611 1
100 31390 31361 1
101 31422 31392 0
102 31383 31355 0
103 7968 7961 1
104 31438 31446 0
105 2139 2140 0
106 15765 15807 0
107 62695 62642 0
108 125199 125103 0
109 15752 15740 1
110 15764 15752 0
111 7996 7990 1
112 4040 4037 0
113 31398 31375 0
114 62646 62601 0
115 31392 31370 0
116 62648 62605 0
117 62652 62609 0
118 62687 62646 0
119 15797 15787 0
120 15776 15768 0
121 15781 15773 0
122 7923 7919 0
123 15770 15765 0
124 8002 8001 0
125 2067 2067 0
126 4022 4022 0
127 8004 8007 0
128 2065 2066 1
129 4051 4053 0
130 4087 4091 0
131 4053 4057 0
132 4021 4025 0
133 4051 4056 0
134 2060 2064 0
135 2114 2123 0
136 79 81 0
137 88 98 0
138 75 85 0
139 8 15 0
140 125164 125105 0
141 125165 125149 0
142 500174 500106 0
143 62635 62626 0
144 62696 62671 0
145 62675 62645 0
146 62648 62618 0
147 62691 62655 0
148 125168 125110 0
149 500173 500116 0
150 250189 250135 0
151 250169 250112 0
152 250187 250106 0
153 250198 250159 0
154 250179 250130 0
155 250179 250128 0
156 500182 500123 0
157 125174 125158 0
158 62623 62603 0
159 125162 125127 0
160 62651 62625 0
161 62641 62626 0
162 250143 250101 0
163 125175 125109 0
164 500180 500117 0
165 31362 31356 0
166 62641 62623 0
167 31389 31380 0
168 125131 125109 0
169 125195 125175 0
170 62621 62652 0
171 31380 31445 0
172 62601 62696 0
173 62622 62630 0
174 31366 31383 0
175 31424 31435 0
176 62656 62655 0
177 31377 31394 0
178 31399 31400 0
179 31366 31434 0
180 31409 31442 0
181 62652 62692 0
182 31369 31400 0
183 62654 62667 0
184 62647 62671 0
185 31397 31410 0
186 62601 62630 0
187 62672 62689 0
188 31379 31402 0
189 62662 62666 0
190 31378 31416 0
191 31351 31403 0
192 31376 31402 0
193 62614 62616 0
194 125160 125151 0
195 31427 31445 0
196 62688 62683 0
197 31412 31435 0
198 31376 31383 0
199 125153 125154 0
200 125106 125163 0
201 125124 125113 0
202 15736 15743 0
203 125130 125194 0
204 125106 125142 0
205 125152 125161 0
206 15741 15763 0
207 125147 125140 0
208 125110 125187 0
209 15726 15803 0
210 15757 15777 0
211 125180 125166 0
212 125184 125194 0
213 15812 15813 0
214 15772 15800 0
215 15758 15823 0
216 15769 15814 0
217 15756 15767 0
218 15767 15793 0
219 125129 125188 0
220 15738 15825 0
221 15757 15767 0
222 15756 15756 0
223 125123 125183 0
224 15812 15816 0
225 15763 15770 0
226 125117 125152 0
227 15740 15749 0
228 125170 125156 0
229 125112 125136 0
230 125103 125138 0
231 15765 15781 0
232 15736 15817 0
233 125164 125169 0
234 125159 125189 0
235 125139 125189 0
236 15733 15765 0
237 125181 125190 0
238 15759 15767 0
239 7923 7994 0
240 125136 125140 0
241 125142 125181 0
242 7927 7944 0
243 125172 125177 0
244 125133 125193 0
245 125149 125135 0
246 125133 125194 0
247 7965 7978 0
248 125140 125162 0
249 125144 125195 0
250 7945 8009 0
251 7936 7966 0
252 7966 8011 0
253 7919 7927 0
254 7918 7974 0
255 7947 7978 0
256 62613 62695 0
257 7921 7942 0
258 7921 7931 0
259 7960 7987 0
260 7932 8004 0
261 7931 7954 0
262 7948 7953 0
263 125104 125149 0
264 7952 8004 0
265 7933 7966 0
266 7932 7970 0
267 125104 125107 0
268 250142 250181 0
269 250178 250169 0
270 250141 250140 0
271 7956 7978 0
272 7997 8009 0
273 250102 250130 0
274 250179 250195 0
275 250114 250167 0
276 250142 250122 0
277 7941 8002 0
278 7915 7939 0
279 250170 250156 0
280 250128 250110 0
281 4015 4055 0
282 250183 250200 0
283 250179 250155 0
284 62619 62678 0
285 250141 250130 0
286 250158 250132 0
287 4022 4099 0
288 31404 31424 0
289 4025 4090 0
290 250145 250182 0
291 31364 31413 0
292 250185 250181 0
293 250151 250164 0
294 31375 31386 0
295 4052 4099 0
296 250133 250168 0
297 4066 4098 0
298 250107 250172 0
299 250136 250150 0
300 250193 250184 0
301 4014 4024 0
302 250151 250181 0
303 250125 250128 0
304 4065 4089 0
305 250123 250128 0
306 250168 250194 0
307 250195 250188 0
308 250141 250125 0
309 250130 250130 0
310 250159 250172 0
311 4028 4066 0
312 31360 31415 0
313 4095 4103 0
314 4027 4071 0
315 4036 4104 0
316 4012 4103 0
317 62614 62648 0
318 250127 250141 0
319 2067 2102 0
320 250140 250151 0
321 2106 2129 0
322 250154 250196 0
323 2103 2152 0
324 2071 2102 0
325 250195 250199 0
326 250127 250126 0
327 500195 500164 0
328 2085 2152 0
329 500122 500106 0
330 2055 2091 0
331 500176 500199 0
332 2060 2145 0
333 500139 500146 0
334 500189 500134 0
335 500173 500136 0
336 2070 2131 0
337 500173 500175 0
338 2079 2149 0
339 31387 31410 0
340 62627 62644 0
341 31401 31424 0
342 2061 2127 0
343 2125 2147 0
344 500189 500155 0
345 2067 2146 0
346 500143 500194 0
347 500138 500187 0
348 31402 31406 0
349 500160 500171 0
350 31414 31428 0
351 500125 500124 0
352 500111 500117 0
353 500131 500118 0
354 2090 2129 0
355 2056 2096 0
356 500165 500185 0
357 2073 2138 0
358 2092 2112 0
359 500176 500144 0
360 500136 500181 0
361 62603 62630 0
362 500126 500109 0
363 62672 62688 0
364 1 39 0
365 46 74 0
366 22 60 0
367 65 79 0
368 500119 500178 0
369 500195 500143 0
370 7 91 0
371 62610 62698 0
372 1 35 0
373 500168 500122 0
374 500192 500174 0
375 28 87 0
376 500153 500115 0
377 3 65 0
378 500103 500106 0
379 72 96 0
380 500152 500193 0
381 500135 500141 0
382 500147 500104 0
383 500165 500157 0
384 53 96 0
385 500175 500146 0
386 500111 500145 0
387 500109 500193 0
388 500107 500158 0
389 62601 62624 0
390 46 60 0
391 25 78 0
392 29 90 0
393 500153 500122 0
394 500145 500139 0
395 500156 500132 0
396 500136 500111 0
397 2 16 0
398 62610 62688 0
399 62669 62696 0
--------------
1000000 :c
1003935 :sum(p)
1000000 :sum(w)
