400 :n
id p,w,x
--------------
0 7997 7938 1
1 7987 7946 1
2 4054 4015 1
3 8004 7949 1
4 78 3 1
5 62 12 1
6 8009 7940 1
7 8002 7922 1
8 7994 7936 1
9 4078 4030 1
10 8004 7956 1
11 58 21 1
12 85 42 1
13 4098 4040 1
14 4098 4007 1
15 4088 4009 1
16 4078 4009 1
17 83 17 1
18 4088 4037 1
19 91 24 1
20 92 3 1
21 94 17 1
22 4086 4023 1
23 2110 2069 1
24 7988 7942 1
25 2141 2067 1
26 2124 2072 1
27 2152 2106 1
28 15816 15730 1
29 2106 2060 1
30 7973 7919 1
31 2124 2067 1
32 2119 2070 1
33 8010 7970 1
34 15823 15764 1
35 15796 15740 1
36 15806 15756 1
37 24 4 1
38 43 11 1
39 59 26 1
40 38 19 1
41 79 46 1
42 85 51 1
43 93 63 1
44 79 59 1
45 85 73 1
46 29 27 1
47 86 81 1
48 49 47 1
49 2102 2067 1
50 2136 2102 1
51 2085 2054 1
52 2115 2084 1
53 2126 2097 1
54 2126 2097 1
55 2147 2119 1
56 2134 2108 1
57 2084 2059 1
58 90 89 1
59 2081 2061 1
60 2137 2120 1
61 4080 4048 1
62 2153 2137 1
63 4073 4048 1
64 4100 4075 1
65 4100 4075 1
66 4106 4082 1
67 2097 2085 1
68 4071 4050 1
69 4037 4019 1
70 7999 7964 1
71 2135 2126 1
72 7955 7923 1
73 7982 7953 1
74 4087 4073 1
75 4036 4023 1
76 4092 4080 1
77 15771 15730 1
78 15814 15774 1
79 15773 15734 1
80 2064 2059 1
81 7981 7962 1
82 7986 7967 1
83 31420 31352 1
84 31439 31372 1
85 15821 15788 1
86 15788 15756 1
87 4024 4016 1
88 4071 4063 1
89 7967 7952 1
90 15766 15738 1
91 31425 31370 1
92 15805 15778 1
93 50 1 1
94 31427 31389 1
95 15817 15793 1
96 31408 31363 1
97 15779 15756 1
98 15820 15798 1
99 7976 7965 1
100 15752 15732 1
101 7944 7934 1
102 7949 7939 1
103 15774 15758 1
104 31421 31391 1
105 31450 31421 1
106 31415 31388 1
107 31412 31386 1
108 31423 31397 1
109 15762 15751 1
110 7985 7972 1
111 62693 62603 1
112 62685 62642 0
113 62653 62613 0
114 62657 62617 0
115 62692 62692 0
116 2123 2126 1
117 125179 125128 0
118 62658 62618 0
119 7956 7951 1
120 125176 125100 0
121 125199 125124 0
122 31396 31378 1
123 31406 31388 0
124 62638 62603 0
125 62675 62641 0
126 62654 62621 0
127 8001 7997 1
128 31399 31384 0
129 31411 31396 0
130 62643 62615 0
131 15823 15816 1
132 125194 125138 0
133 125194 125131 0
134 500126 500200 0
135 4071 4084 0
136 125179 125131 0
137 31413 31401 0
138 7984 7981 0
139 125169 125125 0
140 31419 31408 0
141 125197 125156 0
142 15771 15766 0
143 125158 125120 0
144 125152 125115 0
145 125197 125165 0
146 62671 62655 0
147 7978 7976 0
148 125174 125144 0
149 62628 62613 0
150 125145 125121 0
151 15760 15757 0
152 125155 125132 0
153 125128 125108 0
154 125138 125120 0
155 7925 7924 0
156 62652 62645 0
157 62640 62634 0
158 62641 62636 0
159 62672 62669 0
160 62682 62679 0
161 31430 31429 0
162 15781 15781 0
163 31370 31370 0
164 31380 31383 0
165 62630 62636 0
166 62627 62633 0
167 62622 62629 0
168 31434 31439 0
169 31385 31390 0
170 62680 62691 0
171 62616 62627 0
172 62673 62685 0
173 31422 31429 0
174 15777 15782 0
175 15758 15763 0
176 62640 62663 0
177 4029 4031 1
178 15802 15810 0
179 31372 31388 0
180 31358 31376 0
181 31408 31428 0
182 31384 31407 0
183 15802 15816 0
184 31363 31391 0
185 31368 31398 0
186 15757 15776 0
187 31405 31443 0
188 31369 31407 0
189 15804 15824 0
190 31403 31445 0
191 2078 2081 0
192 15732 15757 0
193 7989 8002 0
194 7956 7969 0
195 15738 15767 0
196 15783 15818 0
197 15752 15787 0
198 15766 15812 0
199 15778 15825 0
200 4015 4027 0
201 7983 8007 0
202 15744 15793 0
203 7936 7962 0
204 15754 15806 0
205 2082 2089 0
206 15760 15813 0
207 2069 2076 0
208 15762 15819 0
209 7934 7964 0
210 4021 4037 0
211 7938 7973 0
212 7933 7971 0
213 2086 2096 0
214 7940 7979 0
215 2061 2072 0
216 4049 4074 0
217 7957 8009 0
218 4068 4095 0
219 4018 4046 0
220 2090 2106 0
221 7923 7984 0
222 2071 2088 0
223 4045 4081 0
224 2077 2096 0
225 4054 4096 0
226 4044 4087 0
227 4025 4071 0
228 2089 2113 0
229 4007 4054 0
230 4017 4066 0
231 2089 2115 0
232 4036 4088 0
233 2121 2151 0
234 4027 4085 0
235 4025 4090 0
236 2065 2103 0
237 2056 2094 0
238 2068 2110 0
239 2105 2150 0
240 43 44 0
241 2064 2124 0
242 93 99 0
243 69 84 0
244 73 91 0
245 39 52 0
246 23 31 0
247 46 62 0
248 52 75 0
249 40 59 0
250 35 69 0
251 40 88 0
252 32 71 0
253 19 44 0
254 19 48 0
255 16 43 0
256 17 85 0
257 8 64 0
258 250152 250124 0
259 7913 8010 0
260 250120 250146 0
261 250130 250123 0
262 250137 250144 0
263 7917 7985 0
264 250121 250119 0
265 7948 8012 0
266 250133 250123 0
267 250180 250200 0
268 250138 250156 0
269 250111 250181 0
270 250135 250147 0
271 250138 250146 0
272 250106 250124 0
273 250168 250107 0
274 125140 125181 0
275 250114 250121 0
276 7914 7988 0
277 250159 250185 0
278 250155 250118 0
279 125125 125198 0
280 250146 250132 0
281 250111 250104 0
282 125129 125139 0
283 4024 4104 0
284 250165 250187 0
285 250199 250175 0
286 250192 250160 0
287 4015 4092 0
288 250118 250186 0
289 4013 4081 0
290 250136 250154 0
291 250168 250148 0
292 125111 125186 0
293 250129 250193 0
294 7921 7994 0
295 250187 250113 0
296 250163 250136 0
297 250116 250111 0
298 62603 62636 0
299 250149 250184 0
300 125121 125172 0
301 250149 250122 0
302 250158 250139 0
303 15743 15811 0
304 250167 250190 0
305 125106 125119 0
306 250146 250147 0
307 125110 125119 0
308 125148 125199 0
309 125103 125184 0
310 250121 250154 0
311 15751 15815 0
312 250188 250129 0
313 125109 125142 0
314 125127 125192 0
315 250188 250198 0
316 125111 125126 0
317 4012 4103 0
318 125164 125184 0
319 250144 250166 0
320 250132 250174 0
321 250192 250187 0
322 125144 125177 0
323 250137 250112 0
324 500180 500146 0
325 125182 125171 0
326 500184 500179 0
327 125141 125199 0
328 125144 125139 0
329 500108 500174 0
330 500172 500198 0
331 125127 125192 0
332 500188 500129 0
333 15742 15811 0
334 125151 125163 0
335 31370 31442 0
336 125165 125187 0
337 31354 31436 0
338 31355 31417 0
339 500128 500112 0
340 500113 500186 0
341 500193 500190 0
342 500163 500145 0
343 2078 2152 0
344 125133 125132 0
345 31384 31442 0
346 500119 500127 0
347 500134 500195 0
348 500114 500169 0
349 500125 500154 0
350 500117 500135 0
351 125103 125163 0
352 31381 31430 0
353 62603 62674 0
354 500130 500186 0
355 500112 500155 0
356 500111 500173 0
357 500141 500200 0
358 31386 31450 0
359 31361 31435 0
360 125155 125186 0
361 6 96 0
362 500138 500128 0
363 31355 31431 0
364 500170 500135 0
365 125101 125160 0
366 500173 500136 0
367 62603 62678 0
368 31357 31415 0
369 500128 500190 0
370 500184 500177 0
371 62607 62636 0
372 62615 62680 0
373 62605 62674 0
374 500144 500160 0
375 500168 500168 0
376 62630 62684 0
377 500150 500196 0
378 500196 500121 0
379 62609 62668 0
380 500182 500178 0
381 500145 500190 0
382 500184 500126 0
383 500156 500121 0
384 62618 62683 0
385 500165 500169 0
386 500128 500181 0
387 62627 62677 0
388 62614 62648 0
389 500184 500111 0
390 500121 500198 0
391 62646 62690 0
392 500116 500123 0
393 62653 62683 0
394 62609 62694 0
395 500182 500138 0
396 500109 500110 0
397 500180 500176 0
398 62620 62658 0
399 62606 62666 0
--------------
1000000 :c
1004111 :sum(p)
1000000 :sum(w)
