400 :n
id p,w,x
--------------
0 2126 2092 1
1 2113 2071 1
2 83 67 1
3 90 67 1
4 99 45 1
5 70 9 1
6 94 43 1
7 15803 15757 1
8 7998 7922 1
9 36 11 1
10 7980 7915 1
11 7979 7945 1
12 2142 2122 1
13 2122 2066 1
14 7978 7935 1
15 7961 7934 1
16 7997 7928 1
17 95 7 1
18 81 31 1
19 2134 2088 1
20 7992 7919 1
21 8006 7962 1
22 8004 7925 1
23 7990 7936 1
24 92 26 1
25 85 8 1
26 4079 4024 1
27 2104 2071 1
28 34 15 1
29 4106 4024 1
30 2140 2071 1
31 4072 4048 1
32 2094 2069 1
33 4097 4061 1
34 4073 4021 1
35 2150 2059 1
36 4090 4064 1
37 4068 4045 1
38 4072 4049 1
39 4104 4070 1
40 4054 4014 1
41 2119 2058 1
42 86 69 1
43 15771 15727 1
44 63 42 1
45 53 9 1
46 2147 2123 1
47 2105 2080 1
48 2131 2065 1
49 2120 2088 1
50 2131 2111 1
51 2082 2058 1
52 2095 2068 1
53 17 6 1
54 45 31 1
55 49 36 1
56 38 35 1
57 97 91 1
58 2113 2099 1
59 4088 4071 1
60 2146 2138 1
61 2146 2138 1
62 4030 4016 1
63 4031 4018 1
64 4083 4071 1
65 15771 15728 1
66 7942 7921 1
67 8008 7988 1
68 31433 31357 1
69 15808 15770 1
70 7951 7932 1
71 15768 15731 1
72 15825 15788 1
73 2144 2139 1
74 31447 31374 1
75 31448 31376 1
76 15771 15736 1
77 4088 4079 1
78 4091 4082 1
79 31442 31377 1
80 7982 7968 1
81 15800 15773 1
82 31404 31352 1
83 31422 31371 1
84 31430 31382 1
85 15796 15772 1
86 7937 7925 1
87 7944 7932 1
88 4100 4094 1
89 2098 2095 1
90 7962 7951 1
91 62689 62604 1
92 62693 62613 1
93 31396 31357 1
94 31441 31402 1
95 4082 4077 0
96 15757 15741 1
97 62697 62635 1
98 2077 2075 0
99 15814 15800 1
100 7959 7952 0
101 15805 15792 0
102 4078 4065 1
103 31402 31373 1
104 125195 125110 0
105 15746 15736 0
106 62697 62682 0
107 31450 31449 0
108 15 93 0
109 15817 15807 0
110 8006 8001 1
111 31443 31424 0
112 15753 15744 0
113 15805 15796 0
114 125181 125111 0
115 62666 62632 1
116 125184 125119 0
117 31414 31398 0
118 15739 15731 0
119 4101 4099 0
120 62690 62660 0
121 2137 2136 0
122 2144 2143 0
123 62631 62602 0
124 62662 62633 0
125 62665 62637 0
126 31448 31437 0
127 15734 15729 0
128 31376 31367 0
129 7954 7952 0
130 31401 31394 0
131 7996 7995 0
132 15784 15783 0
133 2097 2097 0
134 7985 7985 0
135 7965 7968 0
136 7932 7935 0
137 2113 2114 0
138 4048 4052 0
139 4025 4030 0
140 4074 4080 0
141 2106 2110 0
142 2078 2082 0
143 2131 2136 0
144 46 49 0
145 6 12 0
146 3 16 0
147 500154 500114 0
148 125161 125160 0
149 500131 500139 0
150 62651 62639 0
151 62688 62676 0
152 500149 500152 0
153 62665 62649 0
154 500184 500143 0
155 125187 125165 0
156 62626 62621 0
157 62646 62619 0
158 500176 500179 0
159 125179 125126 0
160 500127 500143 0
161 500150 500103 0
162 500101 500114 0
163 500119 500112 0
164 250132 250127 0
165 31392 31386 0
166 250103 250105 0
167 31438 31436 0
168 250159 250134 0
169 500194 500122 0
170 500167 500164 0
171 250193 250103 0
172 125190 125165 0
173 125131 125136 0
174 125181 125156 0
175 500159 500128 0
176 125126 125128 0
177 250112 250118 0
178 500151 500128 0
179 250189 250128 0
180 125160 125158 0
181 125135 125114 0
182 125199 125148 0
183 500127 500105 0
184 125186 125170 0
185 125154 125151 0
186 500114 500106 0
187 250194 250133 0
188 250158 250114 0
189 500132 500124 0
190 125165 125162 0
191 125185 125145 0
192 500139 500160 0
193 250121 250104 0
194 250144 250106 0
195 250185 250171 0
196 250133 250130 0
197 250143 250142 0
198 62669 62670 0
199 250153 250113 0
200 62690 62690 0
201 250140 250128 0
202 250184 250138 0
203 250151 250108 0
204 250159 250120 0
205 250158 250125 0
206 500178 500126 0
207 250181 250131 0
208 62658 62635 0
209 500143 500137 0
210 62673 62660 0
211 125164 125123 0
212 62667 62642 0
213 500161 500154 0
214 500174 500187 0
215 500195 500157 0
216 500181 500147 0
217 500160 500117 0
218 125143 125117 0
219 500194 500146 0
220 62617 62610 0
221 62676 62677 0
222 31429 31431 0
223 31435 31441 0
224 31398 31403 0
225 15764 15820 0
226 15760 15786 0
227 15740 15772 0
228 31353 31434 0
229 15742 15762 0
230 15747 15799 0
231 15757 15775 0
232 15742 15816 0
233 15754 15772 0
234 31360 31436 0
235 15744 15823 0
236 15752 15805 0
237 15745 15810 0
238 31396 31422 0
239 31358 31365 0
240 15768 15816 0
241 7927 7992 0
242 31361 31410 0
243 7992 8009 0
244 7961 8000 0
245 31381 31432 0
246 31377 31385 0
247 7929 7948 0
248 7949 7979 0
249 31417 31450 0
250 31362 31367 0
251 7919 7985 0
252 31380 31395 0
253 31380 31410 0
254 7948 7972 0
255 31354 31403 0
256 31397 31403 0
257 7924 7934 0
258 7918 7959 0
259 7921 7971 0
260 31432 31445 0
261 31378 31433 0
262 31370 31412 0
263 62636 62664 0
264 62688 62696 0
265 7914 7933 0
266 62602 62673 0
267 62648 62683 0
268 62605 62679 0
269 31413 31424 0
270 7913 7943 0
271 62605 62655 0
272 7937 7978 0
273 7961 8009 0
274 7940 7971 0
275 62613 62643 0
276 62655 62675 0
277 7975 7999 0
278 62618 62678 0
279 62666 62700 0
280 62658 62663 0
281 4037 4077 0
282 4034 4065 0
283 4068 4094 0
284 31367 31400 0
285 4014 4042 0
286 62604 62676 0
287 62608 62645 0
288 62627 62673 0
289 62601 62646 0
290 4048 4092 0
291 4067 4082 0
292 31416 31447 0
293 15805 15810 0
294 4055 4091 0
295 4077 4104 0
296 4069 4103 0
297 4053 4073 0
298 4037 4057 0
299 62622 62630 0
300 62667 62679 0
301 62609 62649 0
302 62653 62661 0
303 4059 4089 0
304 125140 125197 0
305 4052 4076 0
306 125148 125196 0
307 125110 125172 0
308 125147 125156 0
309 125136 125167 0
310 125145 125151 0
311 4056 4083 0
312 125156 125176 0
313 4074 4092 0
314 4031 4090 0
315 4076 4092 0
316 125114 125147 0
317 125174 125188 0
318 125117 125155 0
319 125129 125194 0
320 125123 125187 0
321 125133 125163 0
322 2115 2130 0
323 125140 125196 0
324 125121 125166 0
325 125121 125182 0
326 2065 2091 0
327 2094 2119 0
328 2076 2124 0
329 125103 125197 0
330 125113 125167 0
331 125109 125147 0
332 125108 125162 0
333 125151 125164 0
334 250127 250200 0
335 500115 500136 0
336 15747 15760 0
337 250136 250150 0
338 250142 250157 0
339 250146 250170 0
340 250113 250180 0
341 2061 2127 0
342 250148 250184 0
343 2077 2094 0
344 2112 2147 0
345 250167 250184 0
346 250177 250192 0
347 250135 250157 0
348 250117 250144 0
349 250112 250163 0
350 2082 2131 0
351 2078 2097 0
352 250117 250193 0
353 15755 15799 0
354 250110 250196 0
355 250110 250177 0
356 250106 250180 0
357 2122 2141 0
358 15728 15815 0
359 16 71 0
360 61 89 0
361 250168 250190 0
362 54 83 0
363 15787 15818 0
364 31 97 0
365 15741 15771 0
366 250155 250198 0
367 18 44 0
368 250102 250152 0
369 250126 250143 0
370 250127 250157 0
371 500114 500187 0
372 500105 500132 0
373 32 84 0
374 25 41 0
375 18 68 0
376 500111 500181 0
377 500130 500184 0
378 500134 500196 0
379 500122 500192 0
380 500109 500134 0
381 16 32 0
382 500123 500156 0
383 13 85 0
384 500147 500193 0
385 500127 500162 0
386 15763 15812 0
387 63 80 0
388 500170 500196 0
389 500115 500142 0
390 11 28 0
391 50 83 0
392 47 91 0
393 22 70 0
394 500102 500192 0
395 56 72 0
396 500125 500170 0
397 2 97 0
398 15768 15777 0
399 15749 15808 0
--------------
1000000 :c
1003724 :sum(p)
1000000 :sum(w)
