400 :n
id p,w,x
--------------
0 4104 4037 1
1 4051 4014 1
2 4056 4012 1
3 15817 15737 1
4 94 13 1
5 75 44 1
6 15819 15759 1
7 88 9 1
8 4072 4038 1
9 84 49 1
10 88 23 1
11 36 7 1
12 4103 4043 1
13 4079 4016 1
14 15813 15750 1
15 95 34 1
16 4064 4028 1
17 15814 15744 1
18 47 22 1
19 97 37 1
20 37 5 1
21 15818 15754 1
22 4102 4031 1
23 61 12 1
24 87 62 1
25 85 7 1
26 94 67 1
27 4096 4057 1
28 4087 4045 1
29 50 1 1
30 4059 4032 1
31 4087 4052 1
32 8011 7913 1
33 2132 2088 1
34 2142 2092 1
35 2101 2070 1
36 2128 2061 1
37 8007 7919 1
38 7974 7937 1
39 8003 7953 1
40 7986 7936 1
41 15798 15739 1
42 7970 7940 1
43 2132 2103 1
44 2121 2071 1
45 7984 7951 1
46 4037 4008 1
47 7975 7943 1
48 8010 7919 1
49 7947 7913 1
50 7980 7926 1
51 31445 31372 1
52 31426 31354 1
53 15798 15745 1
54 15784 15731 1
55 18 1 1
56 25 6 1
57 24 13 1
58 62 40 1
59 75 62 1
60 80 68 1
61 86 74 1
62 80 78 1
63 2124 2102 1
64 2133 2111 1
65 2094 2079 1
66 2121 2107 1
67 2142 2128 1
68 4039 4015 1
69 2102 2091 1
70 2100 2090 1
71 2133 2124 1
72 4023 4007 1
73 4057 4042 1
74 7965 7938 1
75 8001 7974 1
76 2099 2092 1
77 7988 7963 1
78 15807 15758 1
79 4055 4043 1
80 4098 4086 1
81 7936 7913 1
82 2129 2123 0
83 4056 4045 1
84 7981 7960 1
85 7995 7976 1
86 15794 15757 1
87 4055 4046 1
88 15771 15739 1
89 15817 15785 1
90 7996 7980 1
91 15793 15762 1
92 4089 4081 0
93 7946 7933 1
94 62693 62601 1
95 15811 15788 1
96 15772 15750 1
97 62698 62612 1
98 31448 31406 1
99 31419 31378 1
100 7968 7958 1
101 2152 2145 0
102 4105 4100 0
103 62674 62603 1
104 31447 31412 1
105 31445 31412 1
106 15803 15787 0
107 31407 31378 1
108 4093 4015 1
109 15748 15728 1
110 31437 31408 0
111 15777 15763 0
112 62661 62608 1
113 31447 31446 0
114 4086 4091 0
115 51 82 0
116 62659 62610 0
117 4067 4064 0
118 62652 62606 0
119 62663 62619 0
120 15749 15738 0
121 31412 31391 0
122 88 94 0
123 62690 62649 0
124 125199 125120 0
125 125189 125115 0
126 62648 62613 0
127 62688 62654 0
128 31416 31399 0
129 15768 15760 0
130 31366 31351 0
131 31367 31352 0
132 62642 62616 0
133 31431 31418 0
134 31388 31376 0
135 7960 7957 0
136 31408 31399 0
137 31379 31372 0
138 31438 31434 0
139 2137 2137 1
140 15770 15771 0
141 15786 15788 0
142 15751 15753 0
143 15731 15733 0
144 4059 4060 0
145 15775 15779 0
146 7999 8002 0
147 7938 7941 0
148 7934 7937 0
149 4085 4087 0
150 4036 4038 0
151 7981 7985 0
152 15751 15759 0
153 8006 8012 0
154 7946 7954 0
155 7914 7922 0
156 7924 7935 0
157 4073 4079 0
158 7956 7970 0
159 4075 4087 0
160 2112 2119 0
161 4027 4043 0
162 2096 2105 0
163 4084 4102 0
164 4010 4030 0
165 2070 2081 0
166 2083 2097 0
167 2057 2074 0
168 2055 2072 0
169 2123 2143 0
170 2104 2124 0
171 2100 2122 0
172 61 64 0
173 29 31 0
174 55 61 0
175 43 65 0
176 38 60 0
177 19 32 0
178 1 7 0
179 250159 250116 0
180 250122 250103 0
181 500165 500117 0
182 250182 250123 0
183 250155 250108 0
184 250188 250128 0
185 250149 250125 0
186 500149 500112 0
187 500195 500127 0
188 62612 62604 0
189 62671 62653 0
190 62672 62655 0
191 125192 125124 0
192 125177 125104 0
193 125168 125119 0
194 125182 125119 0
195 125177 125117 0
196 125161 125103 0
197 62637 62620 0
198 500183 500137 0
199 500200 500118 0
200 250157 250107 0
201 125124 125110 0
202 125164 125118 0
203 62641 62634 0
204 125174 125164 0
205 62681 62659 0
206 250168 250112 0
207 250168 250120 0
208 125195 125180 0
209 125128 125105 0
210 250195 250152 0
211 250180 250123 0
212 125163 125140 0
213 250182 250118 0
214 125170 125149 0
215 125158 125126 0
216 125163 125119 0
217 125178 125168 0
218 500193 500144 0
219 125192 125181 0
220 250198 250130 0
221 500159 500107 0
222 250159 250133 0
223 250144 250103 0
224 500191 500116 0
225 500153 500119 0
226 62634 62618 0
227 500198 500145 0
228 125145 125136 0
229 125190 125143 0
230 250151 250113 0
231 62621 62651 0
232 15737 15804 0
233 62606 62631 0
234 62604 62675 0
235 15729 15763 0
236 15766 15795 0
237 62626 62649 0
238 15730 15780 0
239 62612 62653 0
240 7938 7965 0
241 62631 62658 0
242 7943 7989 0
243 62645 62676 0
244 7936 7971 0
245 62625 62692 0
246 62629 62629 0
247 15747 15810 0
248 62629 62625 0
249 62614 62619 0
250 62651 62677 0
251 7914 8010 0
252 7926 8008 0
253 62678 62682 0
254 62625 62695 0
255 62651 62648 0
256 62636 62690 0
257 125109 125170 0
258 62678 62692 0
259 62626 62686 0
260 125188 125183 0
261 7926 7980 0
262 7917 7938 0
263 7927 8007 0
264 125101 125126 0
265 125160 125153 0
266 125138 125135 0
267 62601 62605 0
268 7944 7970 0
269 125139 125172 0
270 15726 15796 0
271 7914 7979 0
272 62620 62640 0
273 125115 125185 0
274 125104 125107 0
275 125113 125148 0
276 15763 15786 0
277 15743 15758 0
278 62650 62671 0
279 62645 62699 0
280 125116 125182 0
281 15767 15814 0
282 125149 125183 0
283 125113 125153 0
284 31375 31392 0
285 4027 4055 0
286 125125 125181 0
287 125132 125133 0
288 125113 125149 0
289 125177 125173 0
290 125136 125162 0
291 15763 15823 0
292 125136 125157 0
293 4057 4106 0
294 4024 4076 0
295 15808 15820 0
296 125147 125176 0
297 250155 250199 0
298 250178 250195 0
299 250107 250122 0
300 31367 31395 0
301 250160 250164 0
302 250109 250182 0
303 250130 250183 0
304 250179 250175 0
305 250158 250174 0
306 4010 4094 0
307 4071 4094 0
308 4026 4095 0
309 250143 250161 0
310 250110 250132 0
311 31402 31436 0
312 31357 31408 0
313 250117 250169 0
314 250157 250148 0
315 31384 31396 0
316 250110 250157 0
317 4047 4101 0
318 250116 250178 0
319 250161 250191 0
320 2075 2102 0
321 15787 15810 0
322 250109 250198 0
323 2081 2146 0
324 2083 2114 0
325 2072 2099 0
326 250167 250164 0
327 2087 2123 0
328 2094 2153 0
329 31358 31379 0
330 31389 31430 0
331 250172 250193 0
332 250113 250103 0
333 250107 250171 0
334 250160 250148 0
335 250200 250184 0
336 250167 250164 0
337 15792 15817 0
338 2054 2085 0
339 250152 250160 0
340 2107 2140 0
341 31418 31434 0
342 500161 500154 0
343 500104 500191 0
344 31371 31418 0
345 500125 500189 0
346 500123 500141 0
347 2097 2121 0
348 500152 500152 0
349 2082 2125 0
350 15730 15825 0
351 31415 31435 0
352 31375 31376 0
353 31359 31446 0
354 500101 500147 0
355 2065 2111 0
356 2072 2117 0
357 2078 2117 0
358 500110 500144 0
359 500112 500149 0
360 500175 500152 0
361 500111 500167 0
362 500171 500191 0
363 31357 31410 0
364 56 99 0
365 62 89 0
366 500173 500193 0
367 3 78 0
368 500193 500177 0
369 39 80 0
370 35 85 0
371 500134 500137 0
372 500122 500133 0
373 31351 31447 0
374 31414 31427 0
375 31437 31445 0
376 31359 31416 0
377 500169 500168 0
378 500117 500164 0
379 500174 500155 0
380 45 92 0
381 500103 500177 0
382 500165 500183 0
383 500108 500175 0
384 500167 500170 0
385 500102 500193 0
386 500111 500177 0
387 31379 31438 0
388 500131 500139 0
389 500119 500162 0
390 500142 500120 0
391 31432 31445 0
392 31360 31434 0
393 39 95 0
394 500145 500112 0
395 500162 500189 0
396 500135 500117 0
397 11 43 0
398 31427 31441 0
399 31357 31388 0
--------------
1000000 :c
1004142 :sum(p)
999999 :sum(w)
