400 :n
id p,w,x
--------------
0 96 8 1
1 83 9 1
2 56 14 1
3 34 10 1
4 31 10 1
5 75 25 1
6 79 29 1
7 50 22 1
8 36 20 1
9 41 24 1
10 46 29 1
11 33 21 1
12 2142 2064 1
13 2134 2057 1
14 2126 2067 1
15 2137 2083 1
16 2127 2076 1
17 2119 2069 1
18 2134 2084 1
19 2119 2071 1
20 2093 2054 1
21 2096 2058 1
22 4074 4016 1
23 2085 2056 1
24 2132 2104 1
25 4063 4012 1
26 4067 4016 1
27 4106 4059 1
28 4062 4016 1
29 8011 7921 1
30 4050 4007 1
31 4096 4053 1
32 2132 2110 1
33 4099 4059 1
34 2113 2093 1
35 7986 7913 1
36 4053 4017 1
37 2150 2131 1
38 4089 4054 1
39 4088 4055 1
40 4099 4069 1
41 7966 7913 1
42 4092 4066 1
43 15810 15727 1
44 15817 15734 1
45 2102 2091 1
46 4052 4032 1
47 7969 7930 1
48 4048 4029 1
49 4094 4075 1
50 15809 15738 1
51 15816 15746 1
52 7987 7952 1
53 7999 7964 1
54 8010 7975 1
55 15817 15749 1
56 7962 7928 1
57 15812 15746 1
58 7982 7952 1
59 4064 4049 1
60 4085 4070 1
61 7953 7925 1
62 2072 2065 1
63 15793 15741 1
64 15793 15741 1
65 7988 7962 1
66 15808 15760 1
67 4077 4065 1
68 4099 4088 1
69 31443 31364 1
70 2145 2140 0
71 15822 15786 1
72 15786 15751 1
73 31449 31381 1
74 15823 15792 1
75 15821 15793 1
76 4049 4042 1
77 15805 15778 1
78 7954 7941 1
79 7995 7982 1
80 8006 7993 1
81 15801 15776 1
82 31419 31370 1
83 15790 15766 1
84 31412 31367 1
85 31416 31374 1
86 31410 31369 1
87 31440 31399 1
88 31402 31363 1
89 31403 31366 1
90 15755 15737 1
91 31418 31384 1
92 31429 31397 1
93 2068 2066 1
94 7928 7921 1
95 31417 31391 1
96 31431 31407 1
97 8007 8001 0
98 4077 4060 1
99 15746 15733 1
100 31380 31358 0
101 31402 31381 0
102 62669 62629 0
103 31446 31445 0
104 15822 15824 0
105 3 27 0
106 62641 62601 0
107 62652 62612 1
108 15749 15739 0
109 125190 125115 0
110 2093 2096 0
111 15783 15774 0
112 31371 31355 0
113 7926 7922 0
114 62682 62652 0
115 31436 31421 0
116 2116 2115 0
117 31413 31399 0
118 125195 125140 0
119 62686 62660 0
120 125150 125100 0
121 62640 62615 0
122 15813 15810 0
123 15743 15742 0
124 8006 8006 0
125 4094 4094 0
126 4056 4059 0
127 4031 4036 0
128 4097 4104 0
129 88 89 0
130 58 61 1
131 89 98 0
132 61 71 0
133 14 21 0
134 7 12 0
135 250119 250109 0
136 62635 62617 0
137 125145 125113 0
138 250183 250167 0
139 125186 125168 0
140 250200 250185 0
141 125176 125159 0
142 125190 125162 0
143 62693 62677 0
144 125124 125117 0
145 62690 62675 0
146 250178 250152 0
147 62634 62619 0
148 125114 125113 0
149 250148 250123 0
150 250169 250132 0
151 125197 125171 0
152 62623 62607 0
153 125182 125170 0
154 250126 250114 0
155 250200 250174 0
156 250198 250167 0
157 250171 250169 0
158 125144 125140 0
159 250167 250163 0
160 250178 250166 0
161 31404 31395 0
162 250199 250163 0
163 250169 250110 0
164 125184 125147 0
165 125134 125111 0
166 250184 250139 0
167 125191 125153 0
168 250123 250117 0
169 250115 250105 0
170 250158 250148 0
171 500144 500113 0
172 500200 500197 0
173 31422 31420 0
174 31406 31398 0
175 500189 500118 0
176 31375 31374 0
177 125196 125186 0
178 500132 500120 0
179 500185 500172 0
180 500178 500139 0
181 62686 62675 0
182 500200 500114 0
183 125147 125139 0
184 500139 500115 0
185 125172 125157 0
186 125180 125165 0
187 500196 500167 0
188 500198 500145 0
189 500139 500108 0
190 500154 500135 0
191 500191 500162 0
192 500193 500156 0
193 500197 500179 0
194 500177 500162 0
195 125145 125142 0
196 500186 500155 0
197 500191 500138 0
198 500141 500139 0
199 125189 125170 0
200 250157 250116 0
201 125147 125128 0
202 250190 250182 0
203 125142 125102 0
204 62678 62653 0
205 250192 250105 0
206 250188 250111 0
207 62672 62649 0
208 125183 125135 0
209 62654 62629 0
210 125165 125123 0
211 250127 250109 0
212 250142 250122 0
213 250137 250123 0
214 15781 15805 0
215 31401 31450 0
216 31431 31439 0
217 31370 31402 0
218 15739 15807 0
219 31415 31447 0
220 31398 31429 0
221 31368 31433 0
222 31361 31421 0
223 15749 15751 0
224 31356 31375 0
225 31406 31446 0
226 15770 15798 0
227 15761 15797 0
228 31364 31388 0
229 31382 31395 0
230 62643 62655 0
231 15747 15761 0
232 62667 62685 0
233 15754 15765 0
234 15800 15802 0
235 62684 62690 0
236 62602 62653 0
237 31380 31435 0
238 62653 62681 0
239 62612 62613 0
240 7919 7972 0
241 7921 7951 0
242 7958 8006 0
243 31365 31402 0
244 62640 62698 0
245 62604 62613 0
246 62637 62655 0
247 62619 62655 0
248 62613 62646 0
249 62601 62603 0
250 62643 62690 0
251 7916 7942 0
252 7913 7925 0
253 7930 7981 0
254 7913 7925 0
255 62622 62640 0
256 7961 7985 0
257 62643 62676 0
258 7920 7931 0
259 7918 7973 0
260 62660 62665 0
261 62625 62687 0
262 62634 62651 0
263 7942 7980 0
264 62652 62694 0
265 7998 8003 0
266 7969 7977 0
267 7938 7989 0
268 7984 8002 0
269 7962 8010 0
270 7945 8012 0
271 62670 62674 0
272 7977 7992 0
273 62629 62672 0
274 7919 7955 0
275 7935 7967 0
276 7915 7931 0
277 7927 7944 0
278 62622 62622 0
279 62619 62671 0
280 4027 4106 0
281 62610 62630 0
282 62660 62677 0
283 4014 4043 0
284 125162 125168 0
285 4023 4088 0
286 125151 125192 0
287 4023 4045 0
288 125111 125160 0
289 125196 125196 0
290 4048 4076 0
291 125172 125194 0
292 4045 4089 0
293 125103 125113 0
294 125113 125195 0
295 125127 125128 0
296 15761 15764 0
297 4033 4071 0
298 125126 125126 0
299 125100 125191 0
300 15777 15804 0
301 15736 15750 0
302 4044 4081 0
303 125124 125166 0
304 4032 4094 0
305 125107 125122 0
306 4035 4102 0
307 4036 4092 0
308 125139 125153 0
309 125115 125151 0
310 125127 125131 0
311 4023 4103 0
312 250117 250133 0
313 4028 4102 0
314 4009 4029 0
315 250164 250166 0
316 15800 15800 0
317 250131 250155 0
318 250152 250179 0
319 250102 250101 0
320 2082 2151 0
321 2078 2107 0
322 15791 15809 0
323 250147 250155 0
324 250170 250182 0
325 250155 250196 0
326 2094 2143 0
327 2088 2097 0
328 2057 2090 0
329 2127 2137 0
330 2055 2077 0
331 250139 250172 0
332 2058 2079 0
333 250151 250166 0
334 250156 250165 0
335 2075 2141 0
336 2063 2100 0
337 250149 250199 0
338 250121 250129 0
339 250110 250183 0
340 2102 2121 0
341 2055 2069 0
342 250106 250170 0
343 500110 500129 0
344 2060 2143 0
345 500165 500181 0
346 500134 500161 0
347 2079 2111 0
348 2069 2082 0
349 500166 500168 0
350 500134 500155 0
351 2115 2138 0
352 500131 500160 0
353 500125 500124 0
354 500171 500170 0
355 2124 2139 0
356 500127 500168 0
357 2083 2113 0
358 2124 2145 0
359 500112 500196 0
360 500152 500194 0
361 27 49 0
362 31361 31394 0
363 500110 500184 0
364 48 80 0
365 31423 31438 0
366 73 90 0
367 500113 500150 0
368 15732 15784 0
369 2 30 0
370 500112 500154 0
371 500146 500188 0
372 500125 500131 0
373 43 67 0
374 500113 500196 0
375 25 61 0
376 1 98 0
377 55 82 0
378 9 34 0
379 5 80 0
380 15785 15821 0
381 18 86 0
382 9 27 0
383 2 29 0
384 500102 500139 0
385 500115 500199 0
386 47 82 0
387 9 68 0
388 21 93 0
389 3 91 0
390 5 42 0
391 500105 500110 0
392 500117 500181 0
393 61 74 0
394 15819 15825 0
395 68 87 0
396 30 51 0
397 31373 31441 0
398 31375 31445 0
399 15732 15800 0
--------------
1000000 :c
1003743 :sum(p)
1000000 :sum(w)
