400 :n
id p,w,x
--------------
0 50 3 1
1 57 5 1
2 73 9 1
3 39 7 1
4 61 15 1
5 95 33 1
6 89 34 1
7 46 18 1
8 57 26 1
9 31 18 1
10 55 34 1
11 100 62 1
12 64 52 1
13 88 74 1
14 62 54 1
15 51 48 1
16 78 74 1
17 2142 2054 1
18 26 25 1
19 2139 2057 1
20 2134 2054 1
21 2132 2059 1
22 32 31 1
23 2127 2064 1
24 2105 2056 1
25 2129 2089 1
26 2152 2116 1
27 2099 2066 1
28 2104 2071 1
29 4082 4023 1
30 4074 4018 1
31 4065 4013 1
32 4061 4012 1
33 8011 7925 1
34 4074 4031 1
35 8001 7920 1
36 4069 4030 1
37 4076 4038 1
38 7998 7926 1
39 7986 7915 1
40 4078 4043 1
41 8003 7937 1
42 8010 7946 1
43 7982 7919 1
44 4068 4037 1
45 4052 4023 1
46 4036 4008 1
47 2118 2104 1
48 7969 7917 1
49 7976 7927 1
50 7993 7946 1
51 7987 7941 1
52 7959 7915 1
53 2073 2062 1
54 15811 15728 1
55 4046 4025 1
56 2120 2109 1
57 7971 7930 1
58 15813 15734 1
59 15820 15754 1
60 7947 7915 1
61 7980 7948 1
62 8001 7969 1
63 15796 15733 1
64 7952 7921 1
65 2144 2136 1
66 7960 7934 1
67 31450 31351 1
68 7943 7919 1
69 4095 4083 1
70 4106 4094 1
71 15823 15777 1
72 15821 15777 1
73 7956 7934 1
74 4019 4008 1
75 31444 31358 1
76 31441 31356 1
77 4075 4064 1
78 31433 31352 1
79 15781 15745 1
80 15812 15777 1
81 4089 4080 1
82 15821 15799 1
83 31442 31377 1
84 2125 2079 1
85 31432 31374 1
86 31404 31351 1
87 15757 15731 1
88 31418 31368 1
89 31409 31362 1
90 31406 31364 1
91 15768 15747 1
92 15804 15783 1
93 15784 15764 1
94 62688 62610 1
95 31404 31365 1
96 31413 31375 1
97 31438 31369 1
98 8011 7995 1
99 15765 15746 0
100 31391 31354 1
101 62689 62618 0
102 31448 31445 0
103 8003 8011 0
104 2134 2148 0
105 31405 31372 0
106 4055 4051 1
107 7964 7960 1
108 62668 62614 0
109 125162 125108 0
110 62668 62617 0
111 62686 62640 0
112 62657 62615 0
113 125194 125112 0
114 125178 125103 0
115 62654 62618 0
116 31371 31354 0
117 62672 62617 0
118 62678 62615 0
119 125178 125125 0
120 125170 125117 0
121 125183 125129 0
122 39 54 0
123 125178 125126 0
124 125196 125145 0
125 125151 125101 0
126 62654 62629 0
127 250199 250101 0
128 62685 62662 0
129 125176 125131 0
130 31385 31375 0
131 62698 62680 0
132 62653 62636 0
133 62623 62607 0
134 62692 62676 0
135 4043 4042 1
136 62682 62670 0
137 62632 62622 0
138 31434 31432 0
139 11 11 1
140 2087 2087 1
141 31403 31405 0
142 8000 8001 0
143 7914 7915 0
144 15803 15805 0
145 31351 31357 0
146 4038 4039 0
147 7940 7943 0
148 15726 15736 0
149 15737 15748 0
150 15788 15802 0
151 15748 15762 0
152 15759 15774 0
153 4102 4106 0
154 7999 8007 0
155 15799 15816 0
156 15779 15799 0
157 15744 15764 0
158 15802 15823 0
159 15749 15771 0
160 2104 2107 1
161 4082 4088 0
162 4056 4062 1
163 15780 15804 0
164 7996 8009 0
165 7964 7977 0
166 2114 2118 1
167 7978 7994 0
168 7936 7954 0
169 7948 7970 0
170 7947 7970 0
171 7975 8000 0
172 4089 4102 0
173 4046 4059 0
174 4009 4022 0
175 7979 8006 0
176 7953 7981 0
177 4083 4098 0
178 4048 4063 0
179 4044 4062 0
180 2103 2114 0
181 2127 2145 0
182 2081 2099 0
183 2064 2085 0
184 2128 2150 0
185 2126 2150 0
186 2079 2104 0
187 2124 2151 0
188 2077 2105 0
189 2059 2087 0
190 2076 2110 0
191 2094 2130 0
192 2087 2123 0
193 78 80 0
194 82 85 0
195 73 88 0
196 65 85 0
197 29 38 0
198 62 90 0
199 59 92 0
200 46 85 0
201 16 35 0
202 31 68 0
203 4 26 0
204 4 28 0
205 500126 500105 0
206 500135 500132 0
207 500181 500197 0
208 500132 500117 0
209 500112 500138 0
210 500143 500182 0
211 500165 500168 0
212 500181 500193 0
213 500103 500127 0
214 500136 500117 0
215 500139 500111 0
216 500185 500169 0
217 500131 500119 0
218 125168 125172 0
219 500181 500187 0
220 500142 500130 0
221 500113 500105 0
222 500159 500196 0
223 500153 500122 0
224 500139 500162 0
225 500137 500177 0
226 125140 125134 0
227 125167 125132 0
228 125110 125114 0
229 125149 125107 0
230 125154 125151 0
231 125136 125103 0
232 125115 125106 0
233 125136 125123 0
234 125144 125117 0
235 250154 250163 0
236 125180 125188 0
237 250131 250106 0
238 250143 250170 0
239 250166 250120 0
240 250180 250163 0
241 250156 250174 0
242 250180 250112 0
243 250196 250192 0
244 250164 250119 0
245 250161 250132 0
246 250140 250119 0
247 250105 250116 0
248 250168 250137 0
249 250177 250182 0
250 250197 250191 0
251 250187 250170 0
252 250112 250142 0
253 250154 250147 0
254 250148 250179 0
255 250162 250186 0
256 250101 250129 0
257 125119 125116 0
258 250117 250136 0
259 250156 250147 0
260 125192 125199 0
261 125197 125183 0
262 250190 250117 0
263 250167 250189 0
264 250152 250134 0
265 250176 250146 0
266 250160 250110 0
267 125130 125139 0
268 250110 250134 0
269 250176 250190 0
270 500119 500116 0
271 500148 500148 0
272 500149 500141 0
273 125174 125184 0
274 125130 125117 0
275 500166 500200 0
276 500117 500141 0
277 500164 500173 0
278 500168 500191 0
279 500101 500101 0
280 500139 500103 0
281 500175 500195 0
282 500167 500128 0
283 500126 500163 0
284 500174 500177 0
285 500139 500188 0
286 500161 500174 0
287 500153 500164 0
288 500184 500161 0
289 500161 500155 0
290 500136 500105 0
291 31406 31422 0
292 31423 31433 0
293 4016 4103 0
294 4012 4080 0
295 4018 4093 0
296 31412 31422 0
297 31363 31377 0
298 31362 31443 0
299 4044 4098 0
300 62627 62666 0
301 4028 4100 0
302 62680 62699 0
303 62613 62668 0
304 4013 4090 0
305 31357 31372 0
306 4016 4105 0
307 62608 62676 0
308 62662 62675 0
309 62632 62694 0
310 62640 62666 0
311 62609 62672 0
312 4015 4062 0
313 62649 62690 0
314 31378 31401 0
315 4008 4078 0
316 4007 4079 0
317 62645 62670 0
318 4018 4085 0
319 31397 31442 0
320 62637 62678 0
321 62664 62680 0
322 62616 62645 0
323 31373 31435 0
324 2065 2121 0
325 2068 2135 0
326 7946 8011 0
327 62639 62660 0
328 31361 31375 0
329 62608 62635 0
330 31404 31434 0
331 2074 2138 0
332 31374 31428 0
333 62606 62620 0
334 62615 62690 0
335 2063 2152 0
336 62651 62694 0
337 31366 31421 0
338 31404 31428 0
339 62613 62648 0
340 2068 2148 0
341 7970 8012 0
342 31377 31387 0
343 62601 62635 0
344 2063 2138 0
345 62626 62654 0
346 62617 62631 0
347 2071 2137 0
348 31382 31406 0
349 31387 31394 0
350 62615 62625 0
351 125103 125197 0
352 31352 31450 0
353 2055 2104 0
354 125138 125184 0
355 31386 31423 0
356 15736 15812 0
357 15762 15794 0
358 125158 125194 0
359 125114 125149 0
360 125110 125156 0
361 125118 125174 0
362 15742 15815 0
363 3 100 0
364 15728 15775 0
365 125130 125185 0
366 125100 125177 0
367 25 70 0
368 7 86 0
369 125123 125191 0
370 9 60 0
371 7915 8012 0
372 125118 125136 0
373 125171 125198 0
374 125115 125161 0
375 15764 15802 0
376 32 94 0
377 125135 125182 0
378 3 90 0
379 250116 250154 0
380 250120 250170 0
381 7915 7981 0
382 15756 15796 0
383 15739 15792 0
384 250134 250189 0
385 250135 250199 0
386 15795 15823 0
387 25 98 0
388 250145 250197 0
389 15757 15818 0
390 250119 250164 0
391 250140 250193 0
392 15744 15800 0
393 15783 15809 0
394 250120 250196 0
395 250140 250179 0
396 500104 500191 0
397 15757 15814 0
398 15729 15791 0
399 15730 15805 0
--------------
1000000 :c
1004216 :sum(p)
1000000 :sum(w)
