400 :n
id p,w,x
--------------
0 88 3 1
1 31431 31358 1
2 39 3 1
3 4057 4026 1
4 7978 7929 1
5 7979 7937 1
6 7964 7919 1
7 57 26 1
8 4064 4008 1
9 8005 7937 1
10 36 8 1
11 8000 7958 1
12 2143 2102 1
13 2127 2094 1
14 31444 31360 1
15 15773 15727 1
16 4091 4029 1
17 4044 4010 1
18 2117 2070 1
19 7967 7925 1
20 73 6 1
21 62 22 1
22 31431 31353 1
23 7974 7939 1
24 94 34 1
25 2113 2073 1
26 4105 4028 1
27 62 12 1
28 8009 7963 1
29 7999 7946 1
30 4049 4018 1
31 15817 15747 1
32 2133 2058 1
33 7951 7916 1
34 7998 7942 1
35 7988 7939 1
36 7965 7930 1
37 68 34 1
38 15796 15755 1
39 67 26 1
40 15802 15755 1
41 2120 2090 1
42 15799 15761 1
43 15822 15777 1
44 73 49 1
45 2148 2068 1
46 65 41 1
47 76 24 1
48 2143 2105 1
49 37 12 1
50 2105 2060 1
51 15792 15749 1
52 31421 31360 1
53 10 4 1
54 39 29 1
55 86 66 1
56 2128 2107 1
57 2141 2124 1
58 2131 2116 1
59 2070 2056 1
60 4064 4042 1
61 4062 4048 1
62 4095 4081 1
63 2148 2141 1
64 7990 7964 1
65 2149 2143 1
66 7954 7933 1
67 7935 7915 1
68 4074 4064 1
69 2086 2081 1
70 7960 7943 1
71 15811 15779 1
72 2135 2131 1
73 31410 31356 1
74 15788 15764 1
75 7960 7948 1
76 4099 4093 1
77 2120 2117 1
78 15779 15759 1
79 4069 4064 1
80 31398 31360 1
81 31415 31377 1
82 31443 31407 1
83 15776 15758 1
84 7992 7984 1
85 4029 4009 1
86 7996 7988 1
87 4050 4046 1
88 62675 62614 1
89 31413 31383 1
90 4063 4019 1
91 31393 31364 1
92 15756 15738 1
93 62687 62628 1
94 62657 62605 0
95 62661 62609 1
96 15744 15731 0
97 62652 62602 0
98 62695 62677 0
99 31440 31422 0
100 41 64 0
101 62654 62606 0
102 15791 15779 0
103 7995 7989 1
104 62650 62604 0
105 15817 15815 0
106 31398 31375 0
107 31429 31406 0
108 15794 15783 1
109 15795 15784 1
110 62671 62628 0
111 62681 62639 0
112 31419 31401 0
113 125171 125107 0
114 31437 31421 0
115 7975 7971 1
116 31430 31415 0
117 2131 2130 1
118 125165 125112 0
119 62644 62618 0
120 31401 31388 0
121 62635 62611 0
122 31364 31352 0
123 15749 15743 0
124 62636 62617 0
125 31382 31374 0
126 31400 31392 0
127 31408 31401 0
128 31429 31424 0
129 62638 62635 0
130 62662 62660 0
131 31357 31356 0
132 85 85 1
133 62612 62612 0
134 15745 15746 0
135 8011 8012 0
136 31364 31369 0
137 31355 31360 0
138 7979 7981 0
139 7965 7967 0
140 31382 31390 0
141 7970 7973 0
142 31375 31388 0
143 15740 15747 0
144 31385 31404 0
145 15750 15761 0
146 31407 31430 0
147 4040 4043 0
148 7974 7983 0
149 4065 4070 0
150 7915 7926 0
151 4065 4071 0
152 2081 2085 1
153 2070 2074 0
154 4024 4035 0
155 2122 2128 0
156 4093 4106 0
157 2146 2153 0
158 2087 2095 0
159 2102 2116 0
160 2062 2077 0
161 71 73 0
162 76 84 0
163 70 80 0
164 70 85 0
165 34 44 0
166 38 55 0
167 1 18 0
168 125168 125122 0
169 62641 62691 0
170 125149 125198 0
171 125180 125143 0
172 125108 125137 0
173 125134 125142 0
174 125172 125189 0
175 125194 125183 0
176 125177 125185 0
177 62665 62685 0
178 62608 62614 0
179 62619 62661 0
180 125154 125112 0
181 125130 125107 0
182 250128 250196 0
183 250134 250120 0
184 250123 250172 0
185 125130 125125 0
186 250146 250148 0
187 62635 62643 0
188 125111 125181 0
189 62630 62658 0
190 250118 250133 0
191 250141 250102 0
192 62650 62666 0
193 250130 250104 0
194 125146 125177 0
195 62602 62607 0
196 250186 250154 0
197 250121 250144 0
198 250103 250109 0
199 250153 250139 0
200 250162 250103 0
201 250109 250134 0
202 250109 250146 0
203 250106 250173 0
204 250130 250109 0
205 250134 250120 0
206 250119 250119 0
207 250171 250138 0
208 250136 250122 0
209 250160 250156 0
210 250155 250132 0
211 125170 125142 0
212 250193 250193 0
213 250136 250193 0
214 250118 250107 0
215 250172 250114 0
216 250154 250164 0
217 250191 250162 0
218 250171 250196 0
219 250180 250190 0
220 250179 250107 0
221 62626 62672 0
222 250184 250185 0
223 125129 125194 0
224 125111 125167 0
225 250141 250171 0
226 250108 250123 0
227 125110 125177 0
228 250137 250105 0
229 250136 250190 0
230 250146 250195 0
231 250132 250154 0
232 250153 250146 0
233 250132 250139 0
234 500110 500119 0
235 500168 500121 0
236 500191 500111 0
237 125145 125184 0
238 500130 500185 0
239 500139 500117 0
240 500200 500189 0
241 500146 500151 0
242 500139 500170 0
243 500116 500161 0
244 125163 125130 0
245 500128 500133 0
246 500129 500102 0
247 500131 500132 0
248 500186 500162 0
249 125166 125150 0
250 500188 500149 0
251 500174 500119 0
252 500103 500129 0
253 500157 500119 0
254 500195 500146 0
255 500193 500132 0
256 125107 125103 0
257 500174 500168 0
258 500162 500127 0
259 125182 125132 0
260 125167 125160 0
261 500187 500154 0
262 500137 500142 0
263 500158 500152 0
264 500131 500145 0
265 500129 500199 0
266 500168 500104 0
267 500155 500164 0
268 500156 500110 0
269 500166 500173 0
270 500167 500159 0
271 500200 500165 0
272 500184 500161 0
273 125149 125116 0
274 500148 500153 0
275 500200 500192 0
276 500194 500185 0
277 500103 500143 0
278 500196 500129 0
279 500130 500116 0
280 500180 500154 0
281 125174 125198 0
282 125192 125145 0
283 62610 62652 0
284 125131 125136 0
285 125141 125169 0
286 62641 62691 0
287 62616 62656 0
288 125145 125181 0
289 62602 62626 0
290 125151 125153 0
291 62623 62635 0
292 62659 62666 0
293 125114 125172 0
294 125150 125175 0
295 62674 62694 0
296 125152 125187 0
297 125104 125135 0
298 125142 125162 0
299 125133 125100 0
300 62645 62657 0
301 125163 125140 0
302 125160 125113 0
303 4030 4089 0
304 4016 4046 0
305 7945 7990 0
306 7929 7978 0
307 7938 8001 0
308 7943 7968 0
309 4017 4043 0
310 4024 4065 0
311 4046 4097 0
312 4063 4079 0
313 4057 4095 0
314 7920 8010 0
315 4079 4105 0
316 4037 4086 0
317 7934 7996 0
318 4036 4102 0
319 7930 7977 0
320 15743 15781 0
321 15747 15761 0
322 2093 2111 0
323 15739 15808 0
324 2064 2134 0
325 2060 2078 0
326 2074 2134 0
327 2090 2116 0
328 7916 7942 0
329 2066 2107 0
330 2060 2102 0
331 15748 15773 0
332 15731 15776 0
333 2069 2126 0
334 15739 15810 0
335 15730 15767 0
336 15740 15764 0
337 15751 15787 0
338 15760 15815 0
339 2075 2130 0
340 15759 15783 0
341 2113 2132 0
342 15728 15753 0
343 15745 15799 0
344 7922 7940 0
345 7943 7960 0
346 4026 4105 0
347 2112 2148 0
348 15729 15781 0
349 15739 15752 0
350 4029 4077 0
351 2101 2149 0
352 15738 15795 0
353 15804 15821 0
354 15756 15816 0
355 2072 2130 0
356 15748 15761 0
357 2104 2134 0
358 4044 4103 0
359 30 83 0
360 31359 31405 0
361 31404 31435 0
362 31378 31440 0
363 7921 8007 0
364 31405 31445 0
365 31365 31405 0
366 51 86 0
367 31388 31418 0
368 4026 4041 0
369 4041 4074 0
370 31358 31434 0
371 31383 31447 0
372 4008 4096 0
373 31397 31441 0
374 31370 31446 0
375 15 75 0
376 14 52 0
377 31354 31449 0
378 70 91 0
379 59 81 0
380 14 87 0
381 62603 62682 0
382 62628 62682 0
383 51 72 0
384 21 73 0
385 38 84 0
386 2 60 0
387 62612 62681 0
388 62628 62693 0
389 4025 4106 0
390 5 48 0
391 12 46 0
392 4031 4098 0
393 62633 62697 0
394 7 72 0
395 62622 62692 0
396 62642 62695 0
397 4031 4080 0
398 4054 4089 0
399 7916 8007 0
--------------
1000000 :c
1003457 :sum(p)
1000000 :sum(w)
