400 :n
id p,w,x
--------------
0 21 8 1
1 2151 2071 1
2 56 45 1
3 85 42 1
4 95 30 1
5 85 59 1
6 23 2 1
7 80 56 1
8 98 49 1
9 65 55 1
10 99 23 1
11 81 10 1
12 31 4 1
13 76 16 1
14 60 16 1
15 65 43 1
16 31425 31373 1
17 15809 15787 1
18 2146 2075 1
19 2128 2082 1
20 4043 4011 1
21 4053 4010 1
22 4052 4022 1
23 4087 4015 1
24 4067 4036 1
25 4095 4031 1
26 4104 4043 1
27 4058 4026 1
28 7998 7957 1
29 4101 4075 1
30 4091 4060 1
31 2106 2058 1
32 8000 7914 1
33 4098 4047 1
34 8012 7947 1
35 8011 7935 1
36 8006 7926 1
37 2092 2070 1
38 4104 4046 1
39 4048 4010 1
40 7960 7915 1
41 7966 7918 1
42 2144 2078 1
43 7988 7949 1
44 2144 2107 1
45 8002 7932 1
46 8003 7942 1
47 2129 2057 1
48 2147 2121 1
49 2128 2108 1
50 2131 2109 1
51 15821 15735 1
52 2153 2135 1
53 2108 2071 1
54 2092 2077 1
55 15816 15748 1
56 15806 15729 1
57 15801 15726 1
58 4103 4032 1
59 2128 2087 1
60 2131 2076 1
61 31415 31360 1
62 7986 7970 1
63 15763 15734 1
64 7966 7933 1
65 15794 15727 1
66 15770 15731 1
67 7990 7957 1
68 7999 7981 1
69 31428 31366 1
70 15776 15739 1
71 7973 7939 1
72 15820 15785 1
73 15807 15767 1
74 7950 7931 1
75 7994 7960 1
76 15808 15764 1
77 31419 31351 1
78 15770 15742 1
79 31409 31355 1
80 31429 31380 1
81 31425 31377 1
82 31436 31398 1
83 15802 15779 1
84 15804 15780 1
85 29 25 1
86 36 34 1
87 97 94 1
88 2064 2056 1
89 4086 4075 1
90 4044 4036 1
91 4064 4057 1
92 7996 7983 1
93 4028 4022 1
94 2153 2150 1
95 7952 7941 1
96 15756 15735 1
97 7992 7983 0
98 2096 2093 0
99 15750 15734 1
100 2150 2148 0
101 31436 31408 1
102 62698 62643 1
103 7982 7975 0
104 99 67 1
105 62669 62604 1
106 31442 31415 0
107 62663 62612 0
108 31421 31396 1
109 31437 31449 0
110 7993 8011 0
111 28 50 0
112 31419 31394 1
113 62687 62643 0
114 31428 31407 0
115 7927 7922 0
116 62672 62637 0
117 2136 2146 0
118 31404 31388 0
119 125188 125126 0
120 125198 125136 0
121 62665 62635 0
122 62684 62655 0
123 62642 62616 0
124 125151 125103 0
125 125188 125146 0
126 15742 15737 0
127 125159 125123 0
128 62621 62603 0
129 62650 62633 0
130 62690 62673 0
131 125174 125142 0
132 31385 31377 0
133 125178 125148 0
134 62617 62602 0
135 62661 62646 0
136 125129 125102 0
137 250177 250124 0
138 125195 125169 0
139 31367 31361 0
140 31391 31385 0
141 15786 15783 0
142 15786 15783 0
143 250183 250146 0
144 250144 250110 0
145 500188 500127 0
146 500192 500133 0
147 250185 250159 0
148 125196 125183 0
149 500159 500110 0
150 250173 250149 0
151 500147 500101 0
152 500184 500138 0
153 250165 250142 0
154 500174 500129 0
155 125169 125159 0
156 62658 62653 0
157 500139 500101 0
158 500149 500111 0
159 500179 500144 0
160 250131 250114 0
161 500170 500139 0
162 250119 250105 0
163 250132 250118 0
164 125166 125159 0
165 250164 250151 0
166 250118 250106 0
167 250145 250133 0
168 500170 500147 0
169 500184 500161 0
170 500149 500129 0
171 250127 250117 0
172 62613 62611 0
173 62648 62646 0
174 31358 31357 0
175 500142 500129 0
176 500160 500147 0
177 500121 500110 0
178 250114 250110 0
179 250200 250196 0
180 62634 62633 0
181 500108 500102 0
182 500148 500143 0
183 500129 500125 0
184 125194 125193 0
185 125192 125192 0
186 15765 15765 0
187 500114 500116 0
188 500119 500125 0
189 500131 500138 0
190 250163 250167 0
191 250110 250114 0
192 500165 500174 0
193 250103 250108 0
194 250124 250131 0
195 31375 31376 0
196 31367 31368 0
197 62661 62663 0
198 62641 62643 0
199 500134 500156 0
200 500103 500125 0
201 250136 250149 0
202 500156 500183 0
203 250177 250192 0
204 250167 250182 0
205 250151 250166 0
206 250103 250120 0
207 500141 500175 0
208 500155 500190 0
209 500105 500140 0
210 500105 500140 0
211 125147 125156 0
212 500164 500200 0
213 62615 62620 0
214 250167 250187 0
215 250133 250156 0
216 62693 62699 0
217 125156 125168 0
218 500133 500181 0
219 500108 500156 0
220 500117 500166 0
221 250161 250186 0
222 125117 125130 0
223 250143 250170 0
224 125108 125122 0
225 500108 500166 0
226 500137 500198 0
227 500120 500181 0
228 125181 125199 0
229 125136 125154 0
230 125135 125153 0
231 250120 250157 0
232 125108 125127 0
233 250149 250188 0
234 125127 125147 0
235 250118 250159 0
236 125121 125142 0
237 500102 500187 0
238 500111 500197 0
239 125170 125193 0
240 125145 125168 0
241 500102 500196 0
242 15809 15812 0
243 62649 62661 0
244 250137 250185 0
245 250119 250171 0
246 125158 125185 0
247 31404 31411 0
248 62650 62664 0
249 125156 125186 0
250 250115 250175 0
251 250109 250169 0
252 125147 125178 0
253 125111 125142 0
254 7975 7977 0
255 62621 62639 0
256 250112 250184 0
257 250106 250181 0
258 250118 250199 0
259 125121 125162 0
260 31408 31419 0
261 250111 250200 0
262 125106 125151 0
263 250103 250197 0
264 31354 31366 0
265 125120 125168 0
266 125137 125186 0
267 62650 62675 0
268 125132 125185 0
269 62617 62646 0
270 2139 2140 0
271 125108 125167 0
272 31411 31427 0
273 62622 62654 0
274 125132 125196 0
275 62648 62682 0
276 125122 125192 0
277 31392 31410 0
278 125117 125192 0
279 62621 62660 0
280 7936 7941 0
281 62651 62695 0
282 125101 125191 0
283 62620 62666 0
284 62609 62656 0
285 62638 62687 0
286 62629 62678 0
287 62644 62695 0
288 62628 62681 0
289 7952 7959 0
290 4012 4017 0
291 2089 2092 0
292 31 38 0
293 4035 4100 0
294 4023 4043 0
295 4046 4065 0
296 4041 4049 0
297 4015 4061 0
298 4058 4071 0
299 7942 7985 0
300 4020 4034 0
301 4050 4095 0
302 4064 4083 0
303 7922 7971 0
304 7972 8001 0
305 4070 4097 0
306 7954 7968 0
307 7921 7993 0
308 7936 7964 0
309 4066 4096 0
310 7935 7998 0
311 7936 8012 0
312 7972 8004 0
313 4024 4089 0
314 7954 7988 0
315 4009 4016 0
316 4020 4095 0
317 4019 4032 0
318 7921 7931 0
319 2058 2109 0
320 2095 2114 0
321 7938 7999 0
322 2070 2079 0
323 2069 2152 0
324 7922 7945 0
325 4024 4036 0
326 4080 4090 0
327 7968 7999 0
328 15733 15798 0
329 15737 15787 0
330 15780 15798 0
331 15754 15777 0
332 15777 15811 0
333 15776 15812 0
334 4032 4086 0
335 2102 2121 0
336 15744 15760 0
337 2060 2137 0
338 15739 15819 0
339 15787 15818 0
340 2095 2121 0
341 15778 15816 0
342 15740 15785 0
343 2096 2136 0
344 2112 2123 0
345 15747 15797 0
346 15731 15755 0
347 2065 2101 0
348 2055 2151 0
349 15733 15813 0
350 2069 2081 0
351 15791 15810 0
352 2104 2116 0
353 15751 15782 0
354 15751 15780 0
355 2059 2153 0
356 2077 2112 0
357 2120 2140 0
358 2069 2108 0
359 15794 15809 0
360 15 92 0
361 31379 31414 0
362 31365 31427 0
363 31364 31450 0
364 61 76 0
365 31381 31426 0
366 31367 31400 0
367 8 53 0
368 31386 31442 0
369 31381 31440 0
370 44 61 0
371 63 76 0
372 31414 31448 0
373 9 25 0
374 2 98 0
375 28 59 0
376 57 68 0
377 31372 31443 0
378 31358 31396 0
379 4 44 0
380 51 88 0
381 60 85 0
382 6 89 0
383 31387 31439 0
384 31355 31400 0
385 31381 31441 0
386 31374 31434 0
387 62621 62690 0
388 62622 62685 0
389 4082 4098 0
390 64 89 0
391 62613 62682 0
392 27 65 0
393 34 98 0
394 44 94 0
395 72 99 0
396 62602 62689 0
397 30 74 0
398 4036 4058 0
399 4056 4096 0
--------------
1000000 :c
1004136 :sum(p)
999997 :sum(w)
