400 :n
id p,w,x
--------------
0 90 2 1
1 46 4 1
2 20 2 1
3 74 8 1
4 96 14 1
5 57 10 1
6 38 7 1
7 54 12 1
8 17 4 1
9 89 23 1
10 89 47 1
11 88 53 1
12 96 60 1
13 94 60 1
14 19 16 1
15 33 31 1
16 2143 2055 1
17 2151 2074 1
18 2135 2062 1
19 2139 2076 1
20 2117 2057 1
21 2117 2061 1
22 2142 2094 1
23 4105 4024 1
24 4085 4008 1
25 4096 4020 1
26 4106 4030 1
27 4095 4020 1
28 2140 2101 1
29 2142 2109 1
30 4095 4032 1
31 2105 2074 1
32 2094 2067 1
33 4071 4024 1
34 4075 4029 1
35 4063 4018 1
36 4094 4049 1
37 4054 4013 1
38 8002 7922 1
39 2111 2090 1
40 8006 7929 1
41 8005 7930 1
42 2083 2064 1
43 4041 4007 1
44 4052 4018 1
45 4099 4065 1
46 7995 7929 1
47 8010 7945 1
48 2095 2079 1
49 4049 4020 1
50 7997 7943 1
51 7996 7944 1
52 8010 7958 1
53 8009 7960 1
54 4047 4024 1
55 4035 4014 1
56 2128 2117 1
57 7963 7928 1
58 2087 2078 1
59 15824 15757 1
60 4033 4016 1
61 7992 7962 1
62 15815 15756 1
63 4027 4012 1
64 15798 15741 1
65 15809 15752 1
66 15796 15749 1
67 31443 31353 1
68 15782 15737 1
69 15806 15765 1
70 7941 7921 1
71 15794 15759 1
72 4106 4097 0
73 31442 31374 1
74 15796 15763 1
75 15801 15770 1
76 7976 7962 1
77 31444 31391 1
78 31429 31380 1
79 31402 31356 1
80 15817 15794 1
81 62698 62607 1
82 31402 31357 1
83 62698 62611 1
84 62697 62611 1
85 65 61 1
86 31411 31373 1
87 31399 31363 1
88 7979 7970 0
89 4015 4010 0
90 62688 62610 1
91 15760 15743 1
92 62698 62632 1
93 31390 31357 0
94 31430 31398 0
95 62698 62693 0
96 15824 15825 0
97 15812 15811 0
98 31448 31416 0
99 31427 31397 1
100 15769 15754 0
101 500160 500195 0
102 62687 62629 0
103 31382 31354 0
104 31396 31368 0
105 62666 62614 0
106 15743 15730 0
107 31376 31351 0
108 62687 62641 0
109 125182 125102 0
110 31446 31426 0
111 62696 62658 0
112 125183 125108 0
113 125190 125115 0
114 125176 125106 0
115 62649 62614 0
116 62683 62650 0
117 62657 62625 0
118 62693 62661 0
119 31429 31413 0
120 15796 15788 0
121 31444 31429 0
122 62649 62620 0
123 62695 62666 0
124 125169 125113 0
125 125170 125118 0
126 31437 31424 0
127 62654 62629 0
128 31418 31406 0
129 7918 7915 0
130 7973 7970 0
131 125198 125152 0
132 31413 31402 0
133 250193 250111 0
134 250185 250105 0
135 31402 31392 0
136 125175 125138 0
137 125183 125146 0
138 125195 125158 0
139 31400 31391 0
140 250192 250125 0
141 31411 31403 0
142 15788 15784 0
143 4026 4025 0
144 7948 7947 0
145 2100 2100 0
146 2081 2081 0
147 7914 7915 0
148 2150 2151 1
149 7982 7986 0
150 4040 4043 0
151 7925 7932 0
152 4069 4073 0
153 4071 4076 0
154 2110 2113 0
155 2095 2098 0
156 2056 2060 0
157 4063 4072 0
158 4082 4094 0
159 2059 2069 0
160 2104 2116 0
161 2117 2130 0
162 2059 2072 0
163 2098 2112 0
164 56 58 0
165 55 58 0
166 17 18 0
167 50 60 0
168 30 38 0
169 47 60 0
170 500161 500135 0
171 500157 500122 0
172 500149 500116 0
173 250162 250140 0
174 500165 500142 0
175 250162 250101 0
176 500188 500121 0
177 500173 500107 0
178 250187 250148 0
179 250177 250128 0
180 62690 62678 0
181 250179 250168 0
182 250140 250109 0
183 125156 125131 0
184 125150 125129 0
185 250155 250141 0
186 250167 250131 0
187 250184 250143 0
188 250152 250125 0
189 250121 250107 0
190 125166 125142 0
191 125162 125137 0
192 125139 125133 0
193 250196 250181 0
194 250168 250120 0
195 250185 250150 0
196 62620 62609 0
197 250140 250114 0
198 250168 250115 0
199 125142 125112 0
200 500195 500148 0
201 500198 500113 0
202 500160 500131 0
203 500186 500157 0
204 500190 500102 0
205 500161 500137 0
206 500183 500156 0
207 500177 500106 0
208 31357 31363 0
209 15750 15758 0
210 15752 15818 0
211 15791 15812 0
212 15788 15799 0
213 15744 15763 0
214 15758 15816 0
215 62632 62698 0
216 62666 62692 0
217 15786 15789 0
218 62674 62692 0
219 62612 62700 0
220 62620 62624 0
221 62641 62683 0
222 15787 15815 0
223 15769 15789 0
224 62620 62696 0
225 62601 62670 0
226 62646 62676 0
227 15765 15805 0
228 15794 15811 0
229 62635 62638 0
230 15798 15819 0
231 15726 15753 0
232 62645 62675 0
233 15745 15785 0
234 62618 62635 0
235 15739 15758 0
236 250146 250172 0
237 15758 15816 0
238 15759 15809 0
239 250131 250155 0
240 7935 7985 0
241 7914 8001 0
242 7953 7991 0
243 7926 8004 0
244 15780 15796 0
245 7920 8009 0
246 250137 250159 0
247 7913 7924 0
248 7952 7964 0
249 7936 8009 0
250 7942 8001 0
251 250118 250120 0
252 62634 62690 0
253 7970 8001 0
254 62614 62615 0
255 250121 250159 0
256 62618 62668 0
257 7970 7981 0
258 250135 250167 0
259 125151 125191 0
260 7945 7966 0
261 7955 8011 0
262 7938 7965 0
263 125142 125162 0
264 62609 62624 0
265 125104 125150 0
266 250101 250139 0
267 125177 125180 0
268 125173 125197 0
269 250139 250190 0
270 125137 125194 0
271 7973 8001 0
272 7929 8009 0
273 7930 7998 0
274 7938 7973 0
275 62630 62673 0
276 7946 7984 0
277 7929 7957 0
278 250120 250142 0
279 250141 250187 0
280 4050 4103 0
281 62616 62670 0
282 125106 125114 0
283 250150 250152 0
284 15755 15822 0
285 4076 4103 0
286 4025 4102 0
287 4012 4072 0
288 125134 125137 0
289 4018 4073 0
290 125164 125172 0
291 125102 125154 0
292 4041 4074 0
293 125135 125163 0
294 250166 250190 0
295 250148 250166 0
296 4041 4073 0
297 125153 125196 0
298 15770 15782 0
299 250152 250196 0
300 4014 4084 0
301 4012 4043 0
302 4044 4067 0
303 250135 250152 0
304 125177 125193 0
305 4016 4063 0
306 125159 125163 0
307 15797 15817 0
308 125131 125189 0
309 500141 500184 0
310 125135 125188 0
311 500156 500164 0
312 125185 125187 0
313 500113 500194 0
314 15737 15796 0
315 500119 500130 0
316 125102 125199 0
317 4078 4094 0
318 4038 4057 0
319 500106 500112 0
320 125109 125138 0
321 250129 250177 0
322 500122 500111 0
323 500145 500162 0
324 500141 500155 0
325 500139 500144 0
326 62625 62689 0
327 62602 62645 0
328 2068 2118 0
329 125119 125116 0
330 500162 500174 0
331 62623 62666 0
332 2064 2152 0
333 2076 2137 0
334 31376 31400 0
335 31428 31445 0
336 31384 31408 0
337 31358 31449 0
338 31392 31427 0
339 2064 2135 0
340 500130 500193 0
341 31363 31376 0
342 2068 2130 0
343 2058 2149 0
344 2096 2120 0
345 2075 2138 0
346 125165 125189 0
347 31380 31415 0
348 2061 2111 0
349 2056 2135 0
350 500124 500185 0
351 2082 2129 0
352 125104 125167 0
353 500127 500194 0
354 500150 500176 0
355 125131 125174 0
356 2083 2130 0
357 500145 500195 0
358 2077 2113 0
359 125155 125162 0
360 78 97 0
361 500152 500152 0
362 31367 31396 0
363 500129 500170 0
364 250141 250197 0
365 12 88 0
366 500135 500181 0
367 31406 31427 0
368 250131 250155 0
369 31359 31379 0
370 33 79 0
371 500106 500160 0
372 29 74 0
373 500107 500170 0
374 500101 500182 0
375 46 84 0
376 250165 250187 0
377 500126 500120 0
378 37 58 0
379 19 66 0
380 31381 31444 0
381 14 61 0
382 47 64 0
383 15 54 0
384 500126 500171 0
385 16 54 0
386 23 74 0
387 9 96 0
388 250108 250109 0
389 23 70 0
390 20 65 0
391 500101 500129 0
392 250161 250151 0
393 31370 31379 0
394 500101 500158 0
395 31378 31391 0
396 13 39 0
397 11 69 0
398 31358 31409 0
399 31377 31413 0
--------------
1000000 :c
1004244 :sum(p)
1000000 :sum(w)
