400 :n
id p,w,x
--------------
0 15810 15744 1
1 15798 15743 1
2 15816 15737 1
3 62 2 1
4 62 2 1
5 15792 15731 1
6 15815 15739 1
7 86 13 1
8 15807 15742 1
9 59 1 1
10 7979 7918 1
11 74 26 1
12 85 42 1
13 8000 7949 1
14 53 1 1
15 2103 2065 1
16 7996 7932 1
17 2137 2059 1
18 2151 2074 1
19 8003 7957 1
20 4096 4021 1
21 4075 4021 1
22 4101 4057 1
23 2142 2096 1
24 4085 4008 1
25 2132 2074 1
26 4075 4030 1
27 2113 2063 1
28 2135 2070 1
29 4092 4016 1
30 4072 4008 1
31 2128 2064 1
32 2125 2054 1
33 2140 2083 1
34 2106 2062 1
35 31447 31362 1
36 60 33 1
37 42 24 1
38 38 25 1
39 89 60 1
40 83 61 1
41 57 54 1
42 2110 2080 1
43 2131 2104 1
44 2116 2092 1
45 2120 2101 1
46 4071 4035 1
47 2136 2118 1
48 2150 2133 1
49 2078 2062 1
50 4086 4056 1
51 2115 2101 1
52 4033 4009 1
53 7973 7932 1
54 2090 2080 1
55 32 22 1
56 2080 2071 1
57 4046 4029 1
58 4085 4068 1
59 7976 7944 1
60 7958 7927 1
61 4096 4081 1
62 7945 7917 1
63 8010 7982 1
64 15797 15745 1
65 15815 15765 1
66 7945 7920 1
67 4073 4061 1
68 2083 2077 1
69 15811 15768 1
70 15788 15746 1
71 31448 31368 1
72 31433 31354 1
73 7946 7927 1
74 15823 15787 1
75 15821 15787 1
76 7937 7926 1
77 7985 7969 1
78 4104 4096 1
79 31411 31354 1
80 31414 31359 1
81 62697 62603 1
82 15778 15755 1
83 31419 31374 1
84 62692 62606 1
85 15768 15747 1
86 31393 31356 1
87 15813 15781 1
88 15788 15771 1
89 7980 7971 1
90 15757 15739 1
91 62682 62617 1
92 7977 7969 1
93 7988 7950 1
94 62682 62603 1
95 2082 2080 1
96 62690 62630 0
97 31414 31384 0
98 8008 8002 1
99 4097 4095 1
100 62643 62623 0
101 15791 15776 0
102 31440 31413 0
103 31425 31399 0
104 2140 2152 0
105 15756 15744 0
106 15819 15819 0
107 62651 62606 0
108 62649 62605 0
109 62697 62653 0
110 15798 15787 0
111 125191 125107 0
112 31410 31389 0
113 125185 125102 0
114 125199 125116 0
115 62654 62614 0
116 62658 62618 0
117 62672 62633 0
118 125182 125110 0
119 62661 62625 0
120 62688 62653 0
121 62651 62618 0
122 62680 62649 0
123 15811 15814 0
124 125177 125117 0
125 31374 31360 0
126 125182 125127 0
127 125154 125100 0
128 62700 62674 0
129 31449 31436 0
130 125177 125127 0
131 125175 125126 0
132 125157 125109 0
133 125195 125151 0
134 125143 125100 0
135 62634 62613 0
136 125183 125142 0
137 250118 250190 0
138 31393 31366 0
139 31410 31400 0
140 31444 31434 0
141 15757 15752 0
142 125148 125109 0
143 125196 125157 0
144 62679 62660 0
145 125189 125152 0
146 31383 31374 0
147 250171 250103 0
148 125152 125119 0
149 31443 31435 0
150 4033 4032 1
151 250181 250121 0
152 62698 62684 0
153 31430 31423 0
154 31449 31442 0
155 15731 15728 0
156 250166 250119 0
157 500191 500107 0
158 250194 250152 0
159 31392 31387 0
160 500183 500106 0
161 500191 500116 0
162 62662 62653 0
163 250139 250106 0
164 500172 500107 0
165 7939 7938 0
166 7999 7998 0
167 62699 62692 0
168 250140 250115 0
169 250190 250166 0
170 31386 31383 0
171 250145 250123 0
172 62644 62639 0
173 500182 500143 0
174 500195 500156 0
175 250157 250138 0
176 500153 500116 0
177 500168 500135 0
178 62614 62610 0
179 62629 62625 0
180 500141 500111 0
181 31410 31410 0
182 7988 7988 1
183 15731 15732 0
184 15740 15745 0
185 4037 4039 0
186 8005 8010 0
187 7937 7942 0
188 15801 15811 0
189 15757 15767 0
190 7949 7955 0
191 2057 2059 1
192 15734 15750 0
193 7997 8007 0
194 4029 4035 0
195 7925 7937 0
196 4050 4057 0
197 7975 7989 0
198 7935 7949 0
199 7935 7950 0
200 7914 7931 0
201 7919 7940 0
202 4051 4063 0
203 7978 8003 0
204 7929 7954 0
205 4048 4061 0
206 4051 4066 0
207 2133 2141 0
208 4074 4090 0
209 4023 4042 0
210 4067 4089 0
211 4057 4080 0
212 2114 2126 0
213 2104 2117 0
214 4051 4079 0
215 4038 4066 0
216 2136 2151 0
217 2128 2150 0
218 2100 2126 0
219 2077 2107 0
220 2116 2147 0
221 52 54 1
222 65 70 1
223 63 73 0
224 41 50 0
225 37 46 0
226 43 58 0
227 52 79 0
228 25 44 0
229 25 48 0
230 12 30 0
231 6 19 0
232 10 34 0
233 3 19 0
234 4 27 0
235 1 22 0
236 15765 15806 0
237 125151 125159 0
238 15730 15766 0
239 125185 125194 0
240 125133 125127 0
241 15750 15769 0
242 7969 8007 0
243 7925 7985 0
244 250148 250160 0
245 125128 125126 0
246 125108 125178 0
247 125100 125176 0
248 250147 250143 0
249 125110 125163 0
250 7914 7992 0
251 125122 125177 0
252 250112 250145 0
253 125134 125189 0
254 7937 7991 0
255 31356 31428 0
256 7921 7989 0
257 250139 250192 0
258 7963 8000 0
259 250105 250103 0
260 7953 7991 0
261 125168 125191 0
262 125121 125175 0
263 125123 125117 0
264 125116 125191 0
265 125142 125139 0
266 62606 62672 0
267 15749 15818 0
268 15760 15812 0
269 125193 125189 0
270 250186 250180 0
271 15738 15797 0
272 125101 125123 0
273 7955 8002 0
274 125162 125186 0
275 125110 125124 0
276 250138 250167 0
277 125122 125159 0
278 250102 250192 0
279 15767 15814 0
280 62607 62637 0
281 15747 15784 0
282 4013 4044 0
283 125159 125165 0
284 4033 4103 0
285 125183 125185 0
286 250107 250191 0
287 250129 250193 0
288 250137 250144 0
289 250165 250196 0
290 4012 4088 0
291 125136 125197 0
292 4011 4102 0
293 15733 15818 0
294 250134 250187 0
295 4021 4100 0
296 62608 62654 0
297 250167 250166 0
298 15744 15802 0
299 250138 250183 0
300 125114 125112 0
301 62605 62677 0
302 500120 500158 0
303 500178 500157 0
304 15728 15809 0
305 4051 4092 0
306 4008 4065 0
307 4007 4043 0
308 250173 250195 0
309 4022 4065 0
310 500103 500148 0
311 31372 31412 0
312 62609 62679 0
313 500137 500139 0
314 250143 250137 0
315 4049 4096 0
316 500169 500144 0
317 4028 4095 0
318 250119 250155 0
319 62604 62628 0
320 2109 2146 0
321 500193 500189 0
322 250156 250169 0
323 250127 250128 0
324 31387 31428 0
325 500137 500131 0
326 250193 250193 0
327 62624 62652 0
328 500151 500170 0
329 500194 500170 0
330 250106 250157 0
331 250138 250142 0
332 500179 500183 0
333 250131 250172 0
334 500120 500150 0
335 62666 62682 0
336 2085 2141 0
337 250190 250188 0
338 500114 500176 0
339 500112 500180 0
340 500145 500115 0
341 500102 500173 0
342 500111 500151 0
343 62630 62688 0
344 2068 2118 0
345 500134 500162 0
346 62679 62688 0
347 500104 500150 0
348 2111 2144 0
349 250103 250155 0
350 62616 62659 0
351 62636 62676 0
352 2086 2145 0
353 2070 2124 0
354 250102 250147 0
355 250138 250196 0
356 2073 2135 0
357 500114 500103 0
358 500120 500101 0
359 500117 500173 0
360 31363 31394 0
361 500185 500182 0
362 250172 250182 0
363 31361 31450 0
364 62624 62681 0
365 9 45 0
366 500182 500171 0
367 500150 500142 0
368 500187 500181 0
369 500173 500177 0
370 25 67 0
371 500122 500172 0
372 62662 62665 0
373 500149 500128 0
374 9 66 0
375 500101 500117 0
376 31386 31449 0
377 31369 31400 0
378 31353 31410 0
379 250146 250186 0
380 11 65 0
381 60 99 0
382 2 62 0
383 500177 500158 0
384 31376 31429 0
385 30 92 0
386 16 77 0
387 32 85 0
388 31361 31410 0
389 62620 62629 0
390 31434 31443 0
391 42 76 0
392 11 87 0
393 31358 31386 0
394 31373 31443 0
395 500109 500147 0
396 31366 31432 0
397 31383 31412 0
398 31418 31424 0
399 31354 31448 0
--------------
1000000 :c
1003988 :sum(p)
999998 :sum(w)
