400 :n
id p,w,x
--------------
0 22 3 1
1 79 15 1
2 27 6 1
3 20 5 1
4 80 28 1
5 100 37 1
6 85 42 1
7 43 30 1
8 70 51 1
9 53 39 1
10 39 30 1
11 27 21 1
12 92 74 1
13 50 42 1
14 88 81 1
15 86 81 1
16 2153 2058 1
17 2138 2059 1
18 2129 2054 1
19 2150 2079 1
20 2146 2081 1
21 2149 2087 1
22 2114 2055 1
23 2134 2077 1
24 2124 2072 1
25 42 41 1
26 2126 2077 1
27 2130 2081 1
28 4106 4013 1
29 2101 2062 1
30 2112 2077 1
31 4084 4030 1
32 2101 2075 1
33 8006 7915 1
34 4066 4021 1
35 2109 2086 1
36 4055 4011 1
37 2145 2124 1
38 8007 7932 1
39 4088 4051 1
40 4100 4063 1
41 4075 4039 1
42 4081 4046 1
43 7997 7931 1
44 2076 2059 1
45 4038 4007 1
46 4068 4037 1
47 2087 2072 1
48 4093 4064 1
49 7970 7914 1
50 7992 7937 1
51 2134 2120 1
52 7968 7918 1
53 4070 4045 1
54 15824 15728 1
55 7999 7953 1
56 15823 15734 1
57 15815 15741 1
58 4038 4021 1
59 4041 4024 1
60 15799 15736 1
61 15803 15744 1
62 7973 7944 1
63 7973 7944 1
64 15796 15739 1
65 15804 15747 1
66 15800 15746 1
67 7947 7920 1
68 15812 15760 1
69 7987 7963 1
70 15806 15759 1
71 15789 15743 1
72 2065 2059 1
73 31446 31362 1
74 31443 31363 1
75 15818 15778 1
76 4062 4052 1
77 4019 4010 1
78 4041 4032 1
79 15790 15755 1
80 31419 31353 1
81 31439 31373 1
82 7963 7947 1
83 31434 31371 1
84 31432 31375 1
85 15754 15726 1
86 31423 31368 1
87 7949 7936 1
88 31427 31377 1
89 31416 31369 1
90 15804 15782 1
91 15754 15734 1
92 7962 7952 1
93 31444 31409 1
94 31385 31351 0
95 62698 62631 1
96 15801 15731 1
97 62679 62604 1
98 31405 31372 1
99 62694 62631 0
100 62683 62623 0
101 31434 31431 0
102 8004 8012 0
103 46 46 1
104 2091 2089 1
105 15816 15801 1
106 31433 31407 0
107 62672 62621 0
108 31419 31394 0
109 15813 15814 0
110 7992 7986 1
111 62678 62632 0
112 125186 125100 0
113 15792 15782 0
114 7988 7983 0
115 62668 62630 0
116 125173 125102 0
117 125191 125123 0
118 62689 62657 0
119 2076 2075 1
120 31371 31356 0
121 31400 31385 0
122 2130 2129 1
123 15809 15802 0
124 62689 62662 0
125 62670 62645 0
126 7989 7986 1
127 62641 62620 0
128 4032 4031 0
129 31415 31408 0
130 31403 31397 0
131 15733 15731 0
132 31355 31353 0
133 15776 15777 0
134 7935 7936 0
135 4011 4012 0
136 7944 7949 0
137 4068 4072 0
138 7928 7937 0
139 7983 7994 0
140 4047 4053 0
141 2135 2139 0
142 2062 2066 1
143 4045 4054 0
144 2111 2116 0
145 4085 4097 0
146 2119 2129 0
147 2107 2118 0
148 2120 2132 0
149 2133 2147 0
150 2083 2097 0
151 76 77 0
152 21 22 0
153 37 43 0
154 78 95 0
155 34 47 0
156 37 55 0
157 31 47 0
158 125162 125146 0
159 125131 125101 0
160 125168 125148 0
161 125162 125151 0
162 125138 125109 0
163 500142 500129 0
164 125146 125137 0
165 500190 500109 0
166 500193 500177 0
167 125155 125119 0
168 500180 500144 0
169 500169 500112 0
170 500131 500119 0
171 500174 500104 0
172 250147 250131 0
173 500182 500161 0
174 500149 500104 0
175 500197 500101 0
176 125197 125161 0
177 500199 500118 0
178 500178 500163 0
179 500120 500103 0
180 250200 250135 0
181 250121 250101 0
182 500177 500102 0
183 500140 500108 0
184 250120 250108 0
185 250170 250162 0
186 250152 250116 0
187 250189 250159 0
188 250155 250115 0
189 125188 125145 0
190 125159 125120 0
191 125150 125108 0
192 250193 250104 0
193 125190 125130 0
194 250197 250106 0
195 125156 125108 0
196 125176 125123 0
197 250200 250119 0
198 62645 62635 0
199 250194 250175 0
200 125141 125123 0
201 250157 250130 0
202 62619 62617 0
203 62661 62647 0
204 125119 125106 0
205 250166 250129 0
206 62630 62622 0
207 62694 62684 0
208 125144 125119 0
209 125155 125129 0
210 250171 250120 0
211 500140 500105 0
212 125143 125116 0
213 125127 125117 0
214 15755 15765 0
215 15789 15813 0
216 15748 15820 0
217 62615 62699 0
218 15767 15803 0
219 15750 15820 0
220 62640 62683 0
221 15753 15766 0
222 15762 15819 0
223 62611 62676 0
224 62603 62686 0
225 62648 62699 0
226 62655 62680 0
227 31362 31384 0
228 15731 15792 0
229 15739 15806 0
230 15799 15821 0
231 15806 15812 0
232 62640 62664 0
233 62618 62640 0
234 62641 62654 0
235 62618 62698 0
236 62625 62672 0
237 15738 15811 0
238 62629 62694 0
239 7959 7973 0
240 62609 62658 0
241 62655 62659 0
242 62620 62642 0
243 62603 62611 0
244 7927 7979 0
245 62665 62690 0
246 62615 62687 0
247 7949 7974 0
248 62614 62638 0
249 7917 8008 0
250 7917 7958 0
251 7944 7986 0
252 7968 8012 0
253 62606 62670 0
254 62613 62621 0
255 62664 62699 0
256 7932 7974 0
257 7939 7964 0
258 7923 8003 0
259 15763 15811 0
260 7919 7980 0
261 125153 125187 0
262 125120 125155 0
263 7948 7982 0
264 7924 7966 0
265 125133 125154 0
266 125169 125198 0
267 125120 125187 0
268 125110 125198 0
269 7913 8007 0
270 31389 31389 0
271 125134 125167 0
272 125157 125168 0
273 7914 7998 0
274 7922 7934 0
275 7947 8000 0
276 7933 7981 0
277 15773 15813 0
278 62664 62699 0
279 4063 4098 0
280 125162 125163 0
281 4081 4106 0
282 125128 125166 0
283 125141 125166 0
284 125178 125198 0
285 125159 125198 0
286 15757 15815 0
287 125137 125136 0
288 62640 62683 0
289 4020 4097 0
290 125147 125181 0
291 4044 4093 0
292 4031 4060 0
293 31421 31438 0
294 125190 125195 0
295 4061 4084 0
296 125131 125168 0
297 250104 250147 0
298 250176 250185 0
299 250120 250147 0
300 250101 250161 0
301 4072 4094 0
302 250159 250174 0
303 4020 4092 0
304 4030 4054 0
305 4038 4061 0
306 4016 4046 0
307 250142 250161 0
308 4027 4098 0
309 4010 4068 0
310 4017 4035 0
311 15788 15824 0
312 4071 4106 0
313 4025 4099 0
314 31377 31377 0
315 250144 250158 0
316 250126 250124 0
317 4043 4097 0
318 250140 250171 0
319 2097 2133 0
320 250111 250194 0
321 250104 250140 0
322 2082 2107 0
323 2071 2096 0
324 250178 250199 0
325 250163 250185 0
326 31363 31389 0
327 2097 2146 0
328 2067 2141 0
329 31400 31420 0
330 250154 250162 0
331 250143 250170 0
332 250166 250166 0
333 2075 2108 0
334 250136 250139 0
335 250138 250178 0
336 31401 31411 0
337 2061 2144 0
338 250170 250183 0
339 250118 250140 0
340 250127 250171 0
341 250132 250193 0
342 250141 250146 0
343 250123 250149 0
344 250155 250153 0
345 500159 500191 0
346 15764 15801 0
347 500151 500148 0
348 500129 500198 0
349 31374 31389 0
350 2059 2117 0
351 500132 500191 0
352 500101 500187 0
353 31362 31445 0
354 500178 500167 0
355 31362 31443 0
356 500129 500180 0
357 2111 2150 0
358 31405 31438 0
359 28 77 0
360 1 25 0
361 31412 31448 0
362 28 69 0
363 500190 500189 0
364 31377 31408 0
365 12 41 0
366 18 49 0
367 29 84 0
368 500115 500154 0
369 31357 31407 0
370 500113 500158 0
371 500129 500132 0
372 48 79 0
373 18 51 0
374 500108 500173 0
375 9 70 0
376 31368 31403 0
377 16 64 0
378 500144 500165 0
379 500159 500173 0
380 72 95 0
381 500142 500176 0
382 500117 500123 0
383 500116 500182 0
384 500191 500191 0
385 36 87 0
386 31401 31408 0
387 500137 500152 0
388 500139 500194 0
389 500148 500153 0
390 500165 500192 0
391 500111 500120 0
392 31378 31398 0
393 39 75 0
394 500186 500198 0
395 42 75 0
396 31356 31441 0
397 9 32 0
398 31417 31423 0
399 31391 31433 0
--------------
1000000 :c
1004143 :sum(p)
1000000 :sum(w)
