400 :n
id p,w,x
--------------
0 8006 7945 1
1 4053 4022 1
2 38 17 1
3 7980 7941 1
4 70 47 1
5 7979 7938 1
6 15820 15742 1
7 63 46 1
8 47 27 1
9 76 54 1
10 90 4 1
11 47 19 1
12 74 14 1
13 4064 4010 1
14 92 70 1
15 56 39 1
16 4103 4019 1
17 4093 4020 1
18 83 55 1
19 4097 4076 1
20 7985 7943 1
21 72 19 1
22 43 22 1
23 2139 2085 1
24 4104 4016 1
25 4063 4014 1
26 2142 2069 1
27 2111 2075 1
28 2122 2096 1
29 2077 2054 1
30 7958 7930 1
31 2127 2058 1
32 2121 2079 1
33 4104 4044 1
34 2084 2064 1
35 2123 2085 1
36 15802 15737 1
37 2099 2065 1
38 2111 2070 1
39 15789 15730 1
40 15819 15753 1
41 2137 2069 1
42 2104 2072 1
43 8004 7964 1
44 4106 4086 1
45 7994 7965 1
46 8009 7933 1
47 4088 4055 1
48 4104 4067 1
49 4105 4048 1
50 31424 31359 1
51 31439 31357 1
52 7955 7930 1
53 31449 31374 1
54 15822 15781 1
55 31422 31363 1
56 31448 31376 1
57 29 16 1
58 29 20 1
59 59 47 1
60 95 82 1
61 70 61 1
62 51 48 1
63 85 83 1
64 2124 2107 1
65 2087 2072 1
66 4055 4036 1
67 4094 4075 1
68 4040 4023 1
69 4079 4063 1
70 4093 4077 1
71 2096 2088 1
72 2096 2088 1
73 2126 2119 1
74 7988 7965 1
75 2136 2130 0
76 7959 7937 1
77 7977 7960 1
78 7988 7971 1
79 15800 15768 1
80 15802 15770 1
81 15822 15792 1
82 15775 15746 1
83 15769 15741 1
84 7969 7955 1
85 4087 4080 0
86 15791 15766 1
87 15775 15751 1
88 4025 4019 1
89 4063 4057 0
90 15823 15800 1
91 15789 15767 1
92 15809 15787 1
93 7934 7924 1
94 15817 15798 1
95 7966 7957 0
96 7984 7975 1
97 62675 62606 1
98 15767 15744 1
99 62678 62610 1
100 31418 31384 1
101 15792 15775 1
102 7937 7929 1
103 31424 31393 0
104 71 1 1
105 31416 31356 1
106 31413 31358 1
107 31442 31411 0
108 31435 31405 1
109 2119 2117 0
110 31450 31449 0
111 7984 8012 0
112 15778 15785 0
113 62679 62621 1
114 31419 31390 0
115 62682 62625 0
116 7925 7918 0
117 31400 31373 0
118 2135 2151 0
119 31422 31396 0
120 62673 62623 0
121 7980 7974 0
122 62646 62602 0
123 62693 62649 0
124 62647 62605 0
125 125179 125105 0
126 62639 62602 0
127 31438 31422 0
128 15802 15794 0
129 4015 4013 0
130 4071 4069 0
131 125178 125121 0
132 62635 62607 0
133 62644 62616 0
134 15797 15790 0
135 15808 15801 0
136 31443 31430 0
137 62661 62637 0
138 31380 31368 0
139 31396 31384 0
140 15780 15774 0
141 125162 125117 0
142 125163 125118 0
143 31383 31372 0
144 31407 31396 0
145 125179 125137 0
146 125162 125122 0
147 125143 125108 0
148 125155 125120 0
149 62655 62638 0
150 62693 62676 0
151 31410 31402 0
152 4096 4095 0
153 62665 62650 0
154 62684 62670 0
155 31408 31402 0
156 15804 15801 0
157 125162 125141 0
158 31364 31359 0
159 31368 31363 0
160 7983 7989 0
161 7941 7948 0
162 2133 2135 0
163 2064 2066 0
164 4076 4080 0
165 4078 4086 0
166 4058 4066 0
167 4057 4065 0
168 4077 4086 0
169 2119 2125 0
170 2072 2080 0
171 2085 2096 0
172 2085 2096 0
173 43 45 0
174 250191 250104 0
175 250151 250109 0
176 250150 250109 0
177 250159 250108 0
178 250167 250127 0
179 500200 500120 0
180 250187 250102 0
181 500187 500108 0
182 62649 62665 0
183 31394 31390 0
184 62618 62617 0
185 31421 31450 0
186 62686 62699 0
187 31416 31419 0
188 62656 62649 0
189 31371 31440 0
190 62622 62619 0
191 62626 62693 0
192 62621 62677 0
193 31370 31448 0
194 62625 62697 0
195 31385 31424 0
196 31382 31436 0
197 62615 62684 0
198 62613 62679 0
199 62616 62687 0
200 15781 15797 0
201 62604 62653 0
202 62658 62696 0
203 62603 62640 0
204 15789 15806 0
205 125157 125177 0
206 125118 125166 0
207 125133 125128 0
208 15730 15779 0
209 15769 15813 0
210 125155 125157 0
211 125112 125154 0
212 125161 125198 0
213 15731 15741 0
214 125115 125145 0
215 125122 125106 0
216 125192 125185 0
217 125156 125147 0
218 15742 15799 0
219 15762 15772 0
220 125141 125194 0
221 125138 125151 0
222 15741 15770 0
223 125109 125115 0
224 125139 125161 0
225 15756 15776 0
226 15762 15809 0
227 125117 125108 0
228 125132 125191 0
229 125154 125188 0
230 15750 15802 0
231 15731 15793 0
232 125177 125162 0
233 15777 15816 0
234 125186 125173 0
235 15775 15821 0
236 15739 15772 0
237 125145 125195 0
238 15727 15801 0
239 125168 125190 0
240 125150 125193 0
241 125105 125141 0
242 125119 125168 0
243 125170 125152 0
244 7920 7930 0
245 7934 7951 0
246 7942 7978 0
247 125185 125174 0
248 125133 125155 0
249 7916 7961 0
250 125114 125102 0
251 7919 7933 0
252 7956 7993 0
253 7928 7983 0
254 125143 125139 0
255 125107 125199 0
256 7936 8004 0
257 125183 125199 0
258 250187 250175 0
259 31404 31405 0
260 62627 62693 0
261 7923 7985 0
262 250102 250122 0
263 7983 8004 0
264 250105 250187 0
265 7916 7965 0
266 7936 8003 0
267 7939 7964 0
268 250121 250164 0
269 7914 7961 0
270 7929 8003 0
271 250184 250192 0
272 250131 250121 0
273 7941 7963 0
274 62676 62685 0
275 7925 8011 0
276 250163 250198 0
277 250165 250177 0
278 250179 250165 0
279 4085 4097 0
280 4042 4101 0
281 62653 62670 0
282 4034 4051 0
283 62619 62621 0
284 31364 31435 0
285 250127 250101 0
286 250184 250188 0
287 250165 250157 0
288 4082 4104 0
289 250101 250169 0
290 250120 250144 0
291 250179 250151 0
292 4009 4060 0
293 250133 250120 0
294 250184 250148 0
295 250136 250168 0
296 4034 4066 0
297 4069 4087 0
298 250190 250166 0
299 250197 250162 0
300 31375 31403 0
301 250122 250116 0
302 250192 250194 0
303 250185 250180 0
304 4054 4083 0
305 4040 4098 0
306 4035 4101 0
307 4051 4100 0
308 250167 250184 0
309 250130 250148 0
310 250117 250151 0
311 31394 31402 0
312 250125 250114 0
313 250150 250178 0
314 4073 4086 0
315 250134 250195 0
316 250129 250108 0
317 250165 250166 0
318 250198 250193 0
319 250105 250152 0
320 31411 31435 0
321 2055 2075 0
322 250192 250189 0
323 62674 62691 0
324 2080 2131 0
325 500190 500197 0
326 2075 2143 0
327 31358 31405 0
328 500149 500150 0
329 500108 500166 0
330 2102 2121 0
331 2094 2124 0
332 2055 2139 0
333 500110 500138 0
334 500120 500151 0
335 500159 500109 0
336 500197 500136 0
337 62603 62698 0
338 500119 500142 0
339 500185 500118 0
340 62639 62660 0
341 500173 500160 0
342 2056 2127 0
343 500191 500174 0
344 500186 500200 0
345 2070 2101 0
346 500172 500145 0
347 500198 500181 0
348 2134 2148 0
349 500112 500187 0
350 500160 500125 0
351 2077 2129 0
352 2091 2106 0
353 500190 500157 0
354 62610 62673 0
355 500131 500156 0
356 2127 2142 0
357 62659 62690 0
358 2114 2145 0
359 20 66 0
360 46 87 0
361 14 54 0
362 500145 500176 0
363 17 68 0
364 500141 500180 0
365 500157 500129 0
366 500187 500133 0
367 3 87 0
368 500158 500137 0
369 500125 500130 0
370 1 66 0
371 500117 500116 0
372 38 96 0
373 500173 500114 0
374 500154 500116 0
375 500114 500134 0
376 500176 500146 0
377 500191 500149 0
378 53 92 0
379 36 59 0
380 500193 500139 0
381 500161 500148 0
382 500132 500190 0
383 24 48 0
384 500101 500123 0
385 3 50 0
386 30 87 0
387 56 86 0
388 500142 500168 0
389 24 80 0
390 31361 31435 0
391 71 91 0
392 500147 500117 0
393 36 60 0
394 500182 500116 0
395 11 33 0
396 16 82 0
397 500130 500153 0
398 31412 31439 0
399 62656 62681 0
--------------
1000000 :c
1003721 :sum(p)
999998 :sum(w)
