400 :n
id p,w,x
--------------
0 84 21 1
1 53 2 1
2 7970 7938 1
3 7990 7926 1
4 7968 7933 1
5 7943 7914 1
6 7978 7950 1
7 7965 7935 1
8 15764 15729 1
9 15789 15732 1
10 15773 15731 1
11 15806 15731 1
12 15786 15755 1
13 22 3 1
14 8005 7982 1
15 15788 15731 1
16 68 54 1
17 7951 7932 1
18 15800 15751 1
19 7964 7924 1
20 7948 7924 1
21 89 58 1
22 8010 7948 1
23 8000 7929 1
24 7964 7942 1
25 53 1 1
26 8000 7917 1
27 8001 7919 1
28 31432 31355 1
29 65 35 1
30 7985 7941 1
31 4100 4026 1
32 4088 4032 1
33 4086 4027 1
34 4045 4015 1
35 4092 4022 1
36 4100 4015 1
37 4088 4030 1
38 4035 4017 1
39 4085 4044 1
40 4049 4022 1
41 4085 4066 1
42 2148 2076 1
43 4105 4063 1
44 4099 4064 1
45 4061 4045 1
46 2103 2063 1
47 79 4 1
48 93 47 1
49 2135 2072 1
50 2153 2105 1
51 2149 2135 1
52 2127 2090 1
53 2120 2081 1
54 2103 2058 1
55 2112 2067 1
56 24 3 1
57 2144 2075 1
58 2124 2094 1
59 2140 2095 1
60 2129 2069 1
61 2131 2089 1
62 15787 15756 1
63 2118 2061 1
64 2128 2061 1
65 89 56 1
66 2149 2115 1
67 83 50 1
68 2139 2083 1
69 2130 2075 1
70 39 30 1
71 52 49 1
72 36 34 1
73 2063 2054 1
74 2135 2130 1
75 7955 7937 1
76 7945 7929 1
77 7976 7960 1
78 15822 15791 1
79 2115 2111 1
80 7950 7935 1
81 2151 2147 1
82 15812 15783 1
83 31406 31351 1
84 8001 7987 1
85 4021 4014 1
86 31404 31353 1
87 2082 2079 0
88 7994 7983 1
89 31415 31374 1
90 31417 31378 1
91 62692 62616 1
92 62700 62624 1
93 31421 31383 1
94 31437 31399 1
95 15806 15787 1
96 15807 15791 0
97 31404 31373 1
98 31424 31396 1
99 2145 2086 1
100 62688 62618 1
101 31400 31354 1
102 7956 7949 1
103 31379 31352 0
104 31379 31352 0
105 15818 15820 0
106 7956 7994 0
107 41 53 0
108 62681 62629 0
109 31434 31409 1
110 62664 62615 0
111 62645 62601 0
112 62697 62653 0
113 31448 31426 0
114 125192 125108 0
115 62678 62640 0
116 31382 31363 0
117 62656 62620 0
118 31441 31424 0
119 125175 125113 0
120 62681 62652 0
121 62699 62672 0
122 62654 62629 0
123 15744 15738 0
124 31385 31375 0
125 31390 31380 0
126 31401 31398 0
127 31425 31422 0
128 10 10 0
129 4075 4079 0
130 4066 4073 0
131 4026 4033 0
132 4074 4082 0
133 2103 2109 0
134 2076 2082 0
135 2143 2150 0
136 61 62 1
137 63 67 0
138 71 76 0
139 70 80 0
140 35 41 0
141 9 17 0
142 62650 62635 0
143 250139 250103 0
144 500191 500103 0
145 125141 125104 0
146 500193 500146 0
147 500193 500145 0
148 125168 125125 0
149 250147 250126 0
150 125165 125136 0
151 125196 125152 0
152 62669 62644 0
153 62699 62691 0
154 250195 250130 0
155 250181 250107 0
156 125161 125123 0
157 250182 250133 0
158 62632 62611 0
159 125198 125162 0
160 125147 125103 0
161 250188 250162 0
162 125176 125161 0
163 250153 250123 0
164 62698 62683 0
165 500193 500144 0
166 62633 62611 0
167 500101 500148 0
168 62647 62651 0
169 250139 250140 0
170 250107 250132 0
171 62689 62688 0
172 250169 250179 0
173 62672 62669 0
174 250116 250148 0
175 500172 500149 0
176 250114 250131 0
177 62652 62661 0
178 250101 250106 0
179 250140 250134 0
180 500163 500131 0
181 500116 500187 0
182 62609 62611 0
183 500154 500149 0
184 500175 500169 0
185 500142 500106 0
186 31413 31413 0
187 500106 500119 0
188 62673 62670 0
189 500115 500184 0
190 250191 250179 0
191 500125 500196 0
192 500106 500165 0
193 250120 250101 0
194 125177 125170 0
195 250107 250115 0
196 125111 125121 0
197 125188 125197 0
198 125115 125133 0
199 500146 500133 0
200 500191 500160 0
201 15734 15735 0
202 500132 500152 0
203 500146 500135 0
204 500136 500160 0
205 125188 125185 0
206 500107 500123 0
207 500110 500169 0
208 500181 500192 0
209 125118 125113 0
210 250198 250189 0
211 500120 500126 0
212 500165 500128 0
213 500178 500200 0
214 500177 500197 0
215 500153 500169 0
216 500183 500193 0
217 250181 250181 0
218 250129 250159 0
219 250123 250136 0
220 500109 500139 0
221 500162 500127 0
222 500183 500171 0
223 500134 500119 0
224 125188 125191 0
225 500170 500131 0
226 250114 250136 0
227 500147 500122 0
228 15732 15732 0
229 125118 125121 0
230 31387 31386 0
231 250104 250119 0
232 250145 250160 0
233 250145 250129 0
234 250185 250165 0
235 250132 250136 0
236 250198 250117 0
237 125197 125176 0
238 125199 125170 0
239 125186 125159 0
240 62653 62629 0
241 500168 500106 0
242 250184 250110 0
243 125113 125101 0
244 500180 500119 0
245 250163 250129 0
246 125170 125136 0
247 250198 250156 0
248 250172 250151 0
249 7949 7963 0
250 15730 15780 0
251 15765 15805 0
252 7935 7945 0
253 7924 8007 0
254 7922 7988 0
255 15774 15792 0
256 15763 15800 0
257 15741 15770 0
258 15780 15814 0
259 7929 8006 0
260 15743 15825 0
261 15731 15773 0
262 7955 7984 0
263 7918 7927 0
264 15770 15795 0
265 15736 15754 0
266 7914 8007 0
267 15728 15760 0
268 15756 15772 0
269 500103 500175 0
270 7948 7992 0
271 7939 7957 0
272 31372 31391 0
273 31414 31446 0
274 31361 31369 0
275 31411 31447 0
276 7951 7996 0
277 7915 7997 0
278 7925 7959 0
279 4056 4083 0
280 31386 31442 0
281 31368 31398 0
282 31372 31391 0
283 31364 31436 0
284 15762 15814 0
285 4022 4061 0
286 4023 4080 0
287 4043 4074 0
288 4022 4094 0
289 31440 31446 0
290 31369 31402 0
291 4009 4035 0
292 4063 4090 0
293 4009 4070 0
294 15765 15822 0
295 7952 8006 0
296 31412 31418 0
297 4010 4059 0
298 31405 31439 0
299 31370 31375 0
300 31376 31399 0
301 4030 4040 0
302 4027 4054 0
303 4022 4102 0
304 4055 4105 0
305 4055 4073 0
306 4007 4037 0
307 31392 31415 0
308 31360 31398 0
309 4036 4101 0
310 15752 15805 0
311 4059 4082 0
312 31387 31426 0
313 4032 4056 0
314 4007 4035 0
315 31381 31443 0
316 62601 62652 0
317 4008 4020 0
318 4062 4072 0
319 62625 62690 0
320 62606 62642 0
321 62605 62670 0
322 62606 62697 0
323 2055 2150 0
324 2102 2133 0
325 2065 2111 0
326 2073 2124 0
327 62672 62694 0
328 62652 62699 0
329 2076 2147 0
330 2116 2126 0
331 62645 62663 0
332 62637 62696 0
333 62623 62668 0
334 2054 2131 0
335 62624 62691 0
336 62609 62687 0
337 62602 62661 0
338 62613 62671 0
339 62685 62695 0
340 15749 15806 0
341 125126 125187 0
342 125133 125163 0
343 125134 125196 0
344 125103 125158 0
345 125115 125194 0
346 15758 15781 0
347 7937 7952 0
348 125100 125145 0
349 125106 125158 0
350 2083 2104 0
351 2067 2112 0
352 125121 125190 0
353 2091 2138 0
354 2074 2136 0
355 2090 2116 0
356 125105 125192 0
357 125119 125139 0
358 125100 125119 0
359 53 90 0
360 15729 15767 0
361 125119 125185 0
362 125101 125167 0
363 15749 15778 0
364 11 65 0
365 21 83 0
366 3 73 0
367 125121 125186 0
368 19 36 0
369 125163 125186 0
370 32 80 0
371 125116 125173 0
372 125134 125157 0
373 250153 250190 0
374 3 84 0
375 7915 7977 0
376 67 91 0
377 28 53 0
378 15794 15818 0
379 250106 250173 0
380 12 62 0
381 12 28 0
382 1 86 0
383 15756 15769 0
384 15787 15792 0
385 250125 250188 0
386 250105 250187 0
387 250139 250199 0
388 250111 250177 0
389 39 58 0
390 28 42 0
391 250109 250196 0
392 250138 250182 0
393 500116 500198 0
394 20 80 0
395 24 64 0
396 30 95 0
397 500115 500195 0
398 15759 15809 0
399 15737 15817 0
--------------
1000000 :c
1004046 :sum(p)
999997 :sum(w)
