400 :n
id p,w,x
--------------
0 31 1 1
1 29 1 1
2 53 2 1
3 62 4 1
4 74 7 1
5 92 13 1
6 60 11 1
7 98 18 1
8 61 17 1
9 75 23 1
10 11 5 1
11 30 14 1
12 56 28 1
13 48 26 1
14 92 52 1
15 7 4 1
16 91 60 1
17 96 72 1
18 51 41 1
19 99 84 1
20 87 75 1
21 67 60 1
22 48 45 0
23 50 47 1
24 2137 2057 1
25 2139 2061 1
26 95 92 1
27 2124 2065 1
28 2115 2062 1
29 2149 2099 1
30 2147 2101 1
31 2106 2067 1
32 2102 2064 1
33 2140 2104 1
34 4082 4018 1
35 8010 7914 1
36 2093 2071 1
37 2149 2127 1
38 7998 7917 1
39 8007 7926 1
40 4082 4042 1
41 2090 2070 1
42 7987 7916 1
43 8003 7933 1
44 4091 4058 1
45 7999 7936 1
46 7987 7927 1
47 4097 4070 1
48 7972 7926 1
49 2096 2084 1
50 15820 15735 1
51 15821 15745 1
52 2131 2121 1
53 4076 4057 1
54 7954 7918 1
55 8010 7974 1
56 4093 4076 1
57 4101 4084 1
58 4098 4082 1
59 4065 4050 1
60 7942 7914 1
61 7946 7919 1
62 7993 7966 1
63 15809 15758 1
64 4104 4091 0
65 15795 15746 1
66 15775 15730 1
67 92 30 1
68 2083 2066 1
69 15812 15769 1
70 15793 15753 1
71 15776 15746 1
72 31433 31359 1
73 15766 15736 1
74 15787 15753 1
75 31441 31380 1
76 15814 15782 1
77 15815 15784 1
78 62695 62609 1
79 31441 31392 1
80 31432 31383 1
81 4050 4040 0
82 7993 7975 1
83 7978 7961 1
84 7946 7930 1
85 2098 2094 0
86 2100 2096 0
87 4095 4088 0
88 31433 31391 1
89 15760 15739 1
90 31412 31371 1
91 31425 31387 1
92 31395 31358 1
93 62693 62621 1
94 31388 31352 1
95 62673 62604 1
96 62700 62632 1
97 4020 4009 1
98 15754 15727 1
99 31404 31372 1
100 15770 15754 1
101 62696 62675 0
102 31450 31430 0
103 2140 2147 0
104 62624 62609 0
105 4021 4017 0
106 4085 4081 0
107 31424 31396 0
108 31399 31376 0
109 4098 4095 0
110 15785 15777 0
111 15800 15793 0
112 125187 125109 0
113 62640 62602 0
114 62654 62620 0
115 62694 62660 0
116 125190 125125 0
117 31375 31359 0
118 31449 31433 0
119 125190 125110 0
120 31369 31354 0
121 125177 125120 0
122 31377 31364 0
123 62645 62620 0
124 62656 62631 0
125 62639 62616 0
126 62681 62659 0
127 125145 125107 0
128 125168 125134 0
129 125186 125154 0
130 125167 125136 0
131 62684 62642 0
132 15729 15781 0
133 31436 31431 0
134 15730 15728 0
135 15767 15765 0
136 31370 31367 0
137 15783 15784 0
138 7937 7938 0
139 4062 4063 0
140 7968 7970 0
141 15798 15806 0
142 15795 15808 0
143 7920 7927 0
144 15799 15813 0
145 2065 2067 0
146 4082 4086 0
147 15747 15764 0
148 15741 15758 0
149 4039 4044 0
150 2117 2120 0
151 7925 7937 0
152 7994 8007 0
153 7944 7957 0
154 7990 8004 0
155 2064 2068 0
156 4091 4099 0
157 4057 4065 0
158 7948 7964 0
159 7943 7966 0
160 4090 4103 0
161 4021 4035 0
162 4088 4103 0
163 2082 2090 0
164 4019 4035 0
165 4066 4083 0
166 4085 4104 0
167 4014 4041 0
168 4074 4103 0
169 4055 4084 0
170 2092 2108 0
171 2111 2128 0
172 2129 2148 0
173 2124 2146 0
174 2120 2145 0
175 2065 2090 0
176 2091 2117 0
177 2071 2097 0
178 2097 2129 0
179 24 25 1
180 81 96 0
181 61 80 0
182 69 96 0
183 54 82 0
184 9 18 0
185 19 42 0
186 10 26 0
187 125158 125147 0
188 500191 500138 0
189 125115 125107 0
190 500192 500149 0
191 500152 500113 0
192 125111 125101 0
193 125192 125189 0
194 250163 250146 0
195 250176 250167 0
196 250136 250123 0
197 250196 250133 0
198 250108 250129 0
199 500105 500103 0
200 250115 250131 0
201 250180 250198 0
202 250137 250136 0
203 250123 250144 0
204 250115 250133 0
205 125198 125195 0
206 250135 250138 0
207 250163 250171 0
208 500107 500108 0
209 250123 250133 0
210 500161 500164 0
211 500102 500135 0
212 250134 250133 0
213 250178 250199 0
214 500198 500192 0
215 250178 250189 0
216 62666 62670 0
217 250129 250139 0
218 500108 500123 0
219 125156 125164 0
220 500152 500179 0
221 125103 125101 0
222 500135 500146 0
223 125127 125138 0
224 500154 500190 0
225 500191 500197 0
226 500187 500183 0
227 125161 125166 0
228 500184 500178 0
229 125191 125194 0
230 500129 500133 0
231 250145 250149 0
232 500142 500134 0
233 500152 500164 0
234 500151 500195 0
235 250174 250101 0
236 250200 250126 0
237 250187 250120 0
238 62671 62662 0
239 500174 500107 0
240 500198 500105 0
241 500185 500103 0
242 500178 500104 0
243 250159 250129 0
244 125184 125158 0
245 125130 125112 0
246 125188 125173 0
247 62656 62646 0
248 125166 125148 0
249 250198 250152 0
250 250167 250108 0
251 62672 62657 0
252 62676 62662 0
253 250147 250118 0
254 500161 500104 0
255 250172 250130 0
256 250194 250134 0
257 250142 250116 0
258 62613 62610 0
259 250158 250146 0
260 500173 500152 0
261 500165 500108 0
262 250158 250142 0
263 250128 250114 0
264 500152 500112 0
265 250158 250148 0
266 500138 500108 0
267 250173 250159 0
268 500168 500153 0
269 500146 500116 0
270 250148 250139 0
271 500177 500162 0
272 500145 500129 0
273 500159 500111 0
274 500122 500102 0
275 500168 500151 0
276 125173 125163 0
277 500170 500114 0
278 125197 125183 0
279 125155 125145 0
280 125121 125108 0
281 500188 500137 0
282 125125 125116 0
283 125138 125135 0
284 31371 31416 0
285 31425 31449 0
286 31380 31446 0
287 31381 31419 0
288 31361 31383 0
289 31363 31426 0
290 4038 4082 0
291 4010 4095 0
292 4026 4084 0
293 31422 31448 0
294 4038 4079 0
295 31377 31425 0
296 31363 31435 0
297 31381 31414 0
298 7920 7970 0
299 31374 31418 0
300 31398 31437 0
301 4028 4059 0
302 7921 7975 0
303 31413 31433 0
304 4058 4101 0
305 31368 31444 0
306 31409 31444 0
307 31377 31422 0
308 7924 7966 0
309 7966 7997 0
310 4021 4089 0
311 7930 7966 0
312 4011 4082 0
313 31399 31449 0
314 4014 4073 0
315 31434 31447 0
316 31362 31439 0
317 4007 4105 0
318 500120 500167 0
319 7913 7964 0
320 7940 8011 0
321 31351 31375 0
322 2072 2108 0
323 2057 2129 0
324 31412 31416 0
325 15792 15824 0
326 62629 62682 0
327 62636 62669 0
328 62632 62700 0
329 62610 62640 0
330 62611 62648 0
331 62606 62697 0
332 2086 2153 0
333 62657 62685 0
334 62631 62653 0
335 15765 15784 0
336 62622 62687 0
337 7939 7999 0
338 2066 2131 0
339 2068 2112 0
340 62603 62624 0
341 2103 2149 0
342 2072 2132 0
343 2079 2149 0
344 62622 62663 0
345 7964 8003 0
346 2062 2100 0
347 62622 62630 0
348 62641 62684 0
349 15794 15824 0
350 62669 62696 0
351 7924 7970 0
352 15767 15825 0
353 15751 15794 0
354 7946 7982 0
355 7936 8003 0
356 15785 15810 0
357 15764 15793 0
358 62604 62637 0
359 62617 62697 0
360 62638 62683 0
361 62688 62697 0
362 62657 62684 0
363 62603 62611 0
364 125125 125141 0
365 125134 125156 0
366 7918 7974 0
367 125125 125163 0
368 15747 15786 0
369 1 94 0
370 125152 125193 0
371 125120 125142 0
372 125140 125190 0
373 7966 7995 0
374 1 89 0
375 8 72 0
376 7920 7958 0
377 125119 125179 0
378 125128 125140 0
379 125125 125162 0
380 125102 125117 0
381 15726 15782 0
382 125107 125163 0
383 125140 125193 0
384 2 78 0
385 250129 250155 0
386 250118 250156 0
387 15743 15771 0
388 4 80 0
389 15741 15766 0
390 6 57 0
391 250113 250154 0
392 250107 250200 0
393 250120 250193 0
394 250110 250153 0
395 500106 500190 0
396 15735 15822 0
397 500151 500199 0
398 15774 15810 0
399 15737 15756 0
--------------
1000000 :c
1003794 :sum(p)
999997 :sum(w)
