400 :n
id p,w,x
--------------
0 79 21 1
1 4079 4036 1
2 4090 4059 1
3 88 13 1
4 4088 4008 1
5 4099 4063 1
6 85 54 1
7 15824 15771 1
8 65 8 1
9 7979 7936 1
10 4104 4039 1
11 2136 2059 1
12 4048 4013 1
13 8004 7926 1
14 90 18 1
15 4070 4013 1
16 7968 7913 1
17 2145 2093 1
18 91 52 1
19 15825 15774 1
20 43 12 1
21 2093 2064 1
22 4065 4008 1
23 7982 7921 1
24 2130 2091 1
25 2122 2059 1
26 2137 2084 1
27 2152 2065 1
28 52 16 1
29 2138 2094 1
30 4094 4063 1
31 2106 2059 1
32 64 7 1
33 94 55 1
34 7948 7915 1
35 7991 7913 1
36 72 7 1
37 58 1 1
38 15814 15730 1
39 7991 7949 1
40 7997 7925 1
41 31 13 1
42 57 33 1
43 47 28 1
44 21 16 1
45 54 46 1
46 2088 2063 1
47 2135 2112 1
48 2081 2060 1
49 2147 2132 1
50 4067 4042 1
51 4096 4071 1
52 4090 4067 1
53 4065 4044 1
54 4034 4014 1
55 2122 2112 1
56 4104 4085 1
57 4035 4019 1
58 4035 4019 1
59 4043 4027 1
60 2122 2114 1
61 2098 2091 1
62 4037 4025 1
63 31448 31360 1
64 15799 15760 1
65 31442 31365 1
66 15792 15754 1
67 31449 31375 1
68 15789 15754 1
69 31423 31354 1
70 7984 7967 1
71 31440 31384 1
72 4080 4073 1
73 15756 15729 1
74 15825 15799 1
75 8012 8000 1
76 4042 4036 1
77 15809 15786 1
78 2088 2085 1
79 31414 31370 1
80 31414 31370 1
81 7954 7943 1
82 31439 31399 1
83 7939 7929 1
84 31411 31372 1
85 62687 62617 1
86 15793 15776 1
87 31413 31380 1
88 62688 62625 1
89 62682 62620 1
90 2072 2070 1
91 15746 15731 1
92 2110 2108 1
93 31437 31408 1
94 4103 4061 1
95 31405 31356 1
96 31433 31405 0
97 31399 31372 0
98 4089 4092 0
99 13 19 0
100 62674 62621 0
101 31447 31450 0
102 15816 15803 0
103 125193 125110 0
104 7995 7990 1
105 62696 62658 0
106 2143 2142 1
107 62638 62602 0
108 31371 31353 0
109 15780 15771 1
110 15771 15763 0
111 62674 62643 0
112 125178 125120 0
113 15814 15807 0
114 125193 125144 0
115 31419 31407 0
116 31432 31420 0
117 15780 15774 0
118 8009 8006 1
119 62668 62646 0
120 62648 62628 0
121 62677 62657 0
122 31388 31379 0
123 62621 62604 0
124 62627 62610 0
125 62645 62628 0
126 15795 15793 0
127 7951 7950 0
128 8007 8006 0
129 31402 31400 0
130 15747 15747 0
131 2142 2142 1
132 15809 15810 0
133 15734 15735 0
134 31393 31395 0
135 31444 31447 0
136 31408 31411 0
137 4038 4039 0
138 7925 7928 0
139 15763 15770 0
140 2089 2090 1
141 15744 15755 0
142 4026 4029 0
143 4015 4019 0
144 4029 4034 0
145 7958 7972 0
146 7932 7946 0
147 7983 7998 0
148 7955 7972 0
149 2099 2104 0
150 2106 2112 0
151 2101 2107 0
152 2090 2097 0
153 4016 4032 0
154 4043 4063 0
155 2064 2076 0
156 2096 2112 0
157 2094 2114 0
158 2072 2092 0
159 64 66 0
160 90 96 0
161 66 73 0
162 68 76 0
163 39 46 0
164 68 81 0
165 56 69 0
166 50 71 0
167 18 31 0
168 17 37 0
169 125170 125128 0
170 125166 125131 0
171 250182 250106 0
172 125140 125107 0
173 125145 125111 0
174 125173 125161 0
175 125135 125114 0
176 125160 125164 0
177 125120 125119 0
178 125190 125191 0
179 125136 125146 0
180 125177 125176 0
181 125185 125180 0
182 125116 125116 0
183 125154 125150 0
184 125113 125112 0
185 125168 125168 0
186 250104 250120 0
187 250119 250139 0
188 250165 250169 0
189 250153 250155 0
190 250174 250198 0
191 250104 250135 0
192 125124 125116 0
193 250162 250182 0
194 250123 250114 0
195 250112 250146 0
196 250107 250107 0
197 250144 250146 0
198 250110 250149 0
199 250165 250177 0
200 250191 250181 0
201 500165 500149 0
202 62695 62693 0
203 500170 500189 0
204 500145 500186 0
205 500102 500115 0
206 500137 500120 0
207 500123 500161 0
208 500121 500166 0
209 500183 500195 0
210 500110 500120 0
211 500122 500105 0
212 500120 500178 0
213 500193 500163 0
214 500197 500191 0
215 62671 62669 0
216 500176 500156 0
217 500127 500128 0
218 500166 500154 0
219 500173 500179 0
220 500112 500111 0
221 500121 500198 0
222 500162 500181 0
223 500108 500156 0
224 500159 500160 0
225 500138 500175 0
226 500146 500166 0
227 500101 500112 0
228 500136 500110 0
229 500135 500165 0
230 500167 500199 0
231 500172 500197 0
232 500145 500154 0
233 62675 62675 0
234 62669 62672 0
235 62610 62611 0
236 62634 62640 0
237 500174 500107 0
238 500192 500136 0
239 125119 125104 0
240 62619 62606 0
241 500165 500128 0
242 500179 500104 0
243 500183 500123 0
244 125135 125111 0
245 250197 250174 0
246 250180 250139 0
247 250178 250126 0
248 62659 62645 0
249 62645 62633 0
250 250158 250118 0
251 250139 250115 0
252 250154 250130 0
253 250149 250101 0
254 250153 250130 0
255 250175 250154 0
256 250154 250111 0
257 250131 250115 0
258 250168 250144 0
259 250131 250110 0
260 250165 250125 0
261 250196 250148 0
262 250143 250108 0
263 250161 250132 0
264 500173 500113 0
265 62645 62629 0
266 500166 500110 0
267 125163 125131 0
268 125151 125112 0
269 7993 8011 0
270 7913 7996 0
271 7963 8012 0
272 7936 8011 0
273 15734 15770 0
274 7962 7990 0
275 7973 8003 0
276 7928 7978 0
277 500119 500198 0
278 7971 8007 0
279 7919 8003 0
280 31353 31438 0
281 31358 31388 0
282 4014 4077 0
283 31356 31369 0
284 31389 31399 0
285 7963 8000 0
286 31354 31390 0
287 31417 31427 0
288 4020 4060 0
289 31422 31442 0
290 4041 4072 0
291 4042 4076 0
292 31373 31419 0
293 4013 4080 0
294 31378 31445 0
295 31366 31386 0
296 31431 31444 0
297 4018 4074 0
298 15758 15794 0
299 4020 4069 0
300 31399 31409 0
301 15758 15819 0
302 31352 31385 0
303 31385 31390 0
304 4017 4077 0
305 31403 31436 0
306 4035 4085 0
307 31428 31437 0
308 15738 15769 0
309 31364 31419 0
310 4030 4096 0
311 4016 4051 0
312 62605 62672 0
313 15729 15781 0
314 62622 62676 0
315 7919 7996 0
316 62653 62681 0
317 62601 62695 0
318 62607 62660 0
319 2060 2151 0
320 62671 62687 0
321 62663 62675 0
322 15750 15800 0
323 2104 2132 0
324 62617 62649 0
325 15769 15821 0
326 7956 7975 0
327 2079 2112 0
328 62610 62645 0
329 62604 62616 0
330 2064 2138 0
331 62620 62672 0
332 15791 15812 0
333 2092 2129 0
334 62601 62632 0
335 2061 2104 0
336 62602 62685 0
337 62658 62690 0
338 62649 62672 0
339 15726 15748 0
340 62639 62682 0
341 2083 2129 0
342 62622 62656 0
343 125103 125134 0
344 125151 125196 0
345 125111 125164 0
346 2064 2092 0
347 15752 15777 0
348 125107 125165 0
349 125133 125192 0
350 125118 125158 0
351 2075 2126 0
352 125146 125181 0
353 125154 125179 0
354 15734 15811 0
355 7933 7996 0
356 2061 2134 0
357 125124 125158 0
358 7947 7972 0
359 10 92 0
360 125170 125198 0
361 125125 125159 0
362 68 94 0
363 125168 125196 0
364 7929 7953 0
365 7942 8003 0
366 125114 125137 0
367 125110 125195 0
368 7928 7986 0
369 27 70 0
370 28 74 0
371 15736 15784 0
372 15731 15813 0
373 3 95 0
374 14 57 0
375 125127 125159 0
376 26 87 0
377 125129 125159 0
378 10 67 0
379 15731 15775 0
380 7932 7960 0
381 250134 250195 0
382 7966 8009 0
383 15802 15818 0
384 250130 250189 0
385 4 58 0
386 250107 250188 0
387 250114 250175 0
388 250108 250168 0
389 7 44 0
390 250144 250195 0
391 15728 15808 0
392 250118 250167 0
393 250101 250199 0
394 23 49 0
395 3 57 0
396 500114 500193 0
397 500106 500197 0
398 15726 15765 0
399 15727 15824 0
--------------
1000000 :c
1003752 :sum(p)
999997 :sum(w)
