400 :n
id p,w,x
--------------
0 4101 4007 1
1 4069 4042 1
2 98 27 1
3 4096 4015 1
4 96 17 1
5 49 24 1
6 98 75 1
7 100 17 1
8 60 35 1
9 7999 7939 1
10 8012 7959 1
11 11 2 1
12 66 20 1
13 85 60 1
14 2108 2071 1
15 82 53 1
16 78 11 1
17 38 18 1
18 2146 2064 1
19 2083 2056 1
20 8012 7937 1
21 8008 7952 1
22 4081 4030 1
23 4086 4041 1
24 2101 2078 1
25 4096 4029 1
26 4093 4013 1
27 4051 4008 1
28 2116 2059 1
29 4071 4035 1
30 2144 2083 1
31 2128 2064 1
32 2106 2079 1
33 4083 4057 1
34 4050 4008 1
35 2116 2063 1
36 2131 2067 1
37 2111 2063 1
38 2124 2105 1
39 2105 2091 1
40 2124 2072 1
41 4083 4043 1
42 4058 4026 1
43 4102 4010 1
44 4057 4020 1
45 4057 4032 1
46 2090 2055 1
47 2141 2061 1
48 2148 2071 1
49 2123 2076 1
50 2104 2095 1
51 15817 15753 1
52 2136 2123 1
53 15786 15729 1
54 15820 15739 1
55 4095 4078 1
56 15805 15743 1
57 15766 15732 1
58 15798 15752 1
59 15774 15733 1
60 7997 7984 1
61 15789 15739 1
62 4046 4031 1
63 31440 31379 1
64 7953 7922 1
65 31406 31355 1
66 31445 31359 1
67 7954 7926 1
68 2132 2122 1
69 7994 7949 1
70 7956 7925 1
71 7991 7955 1
72 2123 2111 1
73 15820 15727 1
74 15815 15788 1
75 7978 7937 1
76 8009 7988 1
77 15775 15729 1
78 31404 31357 1
79 15796 15747 1
80 7935 7922 1
81 15821 15736 1
82 8010 7961 1
83 7 4 1
84 42 38 1
85 2150 2145 1
86 31400 31355 1
87 2135 2132 1
88 15807 15785 1
89 62695 62613 1
90 15755 15735 1
91 4047 4042 1
92 31436 31398 1
93 15800 15781 1
94 31450 31415 1
95 31416 31382 1
96 31426 31392 1
97 4083 4079 0
98 63 48 1
99 62690 62605 1
100 62663 62603 0
101 15780 15765 0
102 62675 62616 1
103 2151 2149 0
104 31438 31420 0
105 15818 15814 0
106 15772 15813 0
107 31381 31353 0
108 15769 15755 1
109 8012 8005 1
110 62685 62631 0
111 62664 62611 0
112 31426 31400 0
113 15768 15755 0
114 62654 62603 0
115 62675 62627 0
116 15800 15788 1
117 7929 7923 0
118 4036 4033 0
119 4053 4050 0
120 62682 62636 0
121 31387 31364 0
122 62687 62642 0
123 15816 15805 0
124 7924 7921 0
125 7977 7974 0
126 4052 4051 0
127 4013 4013 0
128 2098 2100 0
129 19 21 0
130 20 23 0
131 62657 62618 0
132 62647 62605 0
133 62660 62643 0
134 7987 7986 0
135 125126 125111 0
136 15795 15788 0
137 125166 125129 0
138 125182 125169 0
139 62654 62626 0
140 125163 125140 0
141 15753 15748 0
142 7947 7945 0
143 125128 125106 0
144 62687 62680 0
145 62680 62670 0
146 125191 125169 0
147 125119 125103 0
148 125185 125157 0
149 125162 125102 0
150 125150 125139 0
151 250133 250105 0
152 250144 250104 0
153 250143 250105 0
154 250194 250156 0
155 250167 250126 0
156 62681 62672 0
157 250193 250117 0
158 125158 125146 0
159 250186 250126 0
160 31378 31365 0
161 500178 500136 0
162 250173 250107 0
163 250154 250123 0
164 250178 250156 0
165 31437 31423 0
166 250186 250102 0
167 250200 250102 0
168 31356 31352 0
169 500171 500104 0
170 31401 31384 0
171 31371 31364 0
172 500171 500129 0
173 31401 31384 0
174 500152 500108 0
175 500174 500102 0
176 500186 500107 0
177 500182 500131 0
178 500149 500101 0
179 31430 31413 0
180 125156 125126 0
181 62679 62671 0
182 125171 125107 0
183 125197 125122 0
184 62697 62660 0
185 125184 125103 0
186 125184 125107 0
187 31362 31396 0
188 31356 31389 0
189 31383 31398 0
190 31388 31424 0
191 31377 31406 0
192 31356 31412 0
193 31410 31424 0
194 31429 31447 0
195 31360 31374 0
196 31387 31437 0
197 31353 31351 0
198 31396 31444 0
199 31364 31374 0
200 15803 15808 0
201 31357 31401 0
202 62636 62632 0
203 62608 62685 0
204 15797 15800 0
205 62618 62659 0
206 62611 62687 0
207 62604 62632 0
208 62614 62671 0
209 62633 62672 0
210 62640 62646 0
211 15736 15815 0
212 62601 62654 0
213 15727 15759 0
214 15729 15791 0
215 15742 15771 0
216 62602 62601 0
217 15799 15803 0
218 62640 62658 0
219 15762 15765 0
220 62637 62633 0
221 15745 15792 0
222 62700 62699 0
223 15813 15813 0
224 15784 15799 0
225 15774 15808 0
226 15734 15782 0
227 62602 62675 0
228 15763 15784 0
229 62626 62692 0
230 62665 62684 0
231 62617 62612 0
232 15731 15791 0
233 62642 62680 0
234 62608 62649 0
235 62683 62687 0
236 62601 62692 0
237 125119 125188 0
238 125102 125174 0
239 125124 125166 0
240 125138 125155 0
241 125105 125190 0
242 7926 7979 0
243 7925 7969 0
244 125178 125169 0
245 7973 7976 0
246 7957 7981 0
247 7913 7927 0
248 125134 125164 0
249 7926 7993 0
250 7978 8002 0
251 7955 7973 0
252 125165 125198 0
253 125169 125175 0
254 7931 7994 0
255 7913 7973 0
256 125115 125128 0
257 125172 125197 0
258 7962 7982 0
259 7966 8001 0
260 125114 125186 0
261 125114 125166 0
262 7955 7966 0
263 125142 125166 0
264 7927 7940 0
265 125111 125116 0
266 7941 7994 0
267 125117 125170 0
268 7919 7991 0
269 125127 125140 0
270 7961 7971 0
271 125143 125160 0
272 125117 125168 0
273 7940 7982 0
274 125188 125178 0
275 7953 8000 0
276 125119 125152 0
277 7938 8003 0
278 125183 125190 0
279 125112 125150 0
280 4018 4037 0
281 125160 125175 0
282 250182 250189 0
283 250111 250162 0
284 4010 4086 0
285 250180 250167 0
286 4031 4033 0
287 250131 250191 0
288 4046 4084 0
289 4069 4087 0
290 250135 250195 0
291 4010 4044 0
292 250178 250198 0
293 250186 250166 0
294 250134 250155 0
295 4025 4037 0
296 4029 4041 0
297 4065 4099 0
298 250178 250200 0
299 4028 4105 0
300 250122 250197 0
301 250158 250178 0
302 250160 250183 0
303 4067 4103 0
304 4025 4089 0
305 250116 250109 0
306 250198 250183 0
307 250143 250143 0
308 250131 250118 0
309 250179 250194 0
310 4009 4058 0
311 4082 4085 0
312 250138 250148 0
313 250126 250144 0
314 31410 31436 0
315 4007 4090 0
316 4023 4088 0
317 250117 250174 0
318 250190 250173 0
319 2122 2144 0
320 250146 250163 0
321 250115 250162 0
322 2073 2152 0
323 250154 250163 0
324 250159 250155 0
325 250143 250172 0
326 2072 2081 0
327 250152 250177 0
328 2060 2151 0
329 250120 250170 0
330 500147 500174 0
331 500120 500150 0
332 500111 500142 0
333 500129 500119 0
334 500134 500119 0
335 500153 500115 0
336 2074 2112 0
337 500192 500159 0
338 500200 500167 0
339 500133 500168 0
340 500153 500199 0
341 2054 2076 0
342 500154 500197 0
343 2110 2139 0
344 500187 500162 0
345 2084 2140 0
346 2068 2105 0
347 2092 2144 0
348 31380 31408 0
349 2119 2127 0
350 500107 500125 0
351 500162 500177 0
352 500177 500189 0
353 500181 500176 0
354 2087 2141 0
355 500192 500165 0
356 2104 2151 0
357 500145 500105 0
358 2091 2102 0
359 19 51 0
360 500141 500147 0
361 500151 500182 0
362 500123 500103 0
363 6 25 0
364 1 49 0
365 90 95 0
366 61 74 0
367 500136 500183 0
368 51 94 0
369 47 54 0
370 44 77 0
371 31393 31433 0
372 500119 500144 0
373 15 33 0
374 500176 500142 0
375 500120 500173 0
376 41 61 0
377 10 30 0
378 48 98 0
379 500112 500159 0
380 500172 500191 0
381 13 53 0
382 31408 31446 0
383 500107 500138 0
384 11 100 0
385 55 89 0
386 17 86 0
387 500175 500189 0
388 36 99 0
389 500196 500186 0
390 6 19 0
391 500134 500133 0
392 24 90 0
393 37 90 0
394 37 65 0
395 34 83 0
396 48 100 0
397 500136 500127 0
398 31358 31413 0
399 31420 31442 0
--------------
1000000 :c
1004336 :sum(p)
1000000 :sum(w)
