400 :n
id p,w,x
--------------
0 90 57 1
1 94 27 1
2 4080 4048 1
3 8001 7963 1
4 95 55 1
5 78 41 1
6 4084 4017 1
7 37 3 1
8 84 28 1
9 65 17 1
10 96 8 1
11 15818 15738 1
12 62 1 1
13 2117 2055 1
14 4083 4036 1
15 2133 2073 1
16 89 24 1
17 56 13 1
18 85 24 1
19 15806 15740 1
20 2143 2085 1
21 2152 2116 1
22 2144 2079 1
23 15792 15730 1
24 2152 2097 1
25 7994 7936 1
26 15819 15739 1
27 15791 15732 1
28 4091 4026 1
29 2111 2073 1
30 15816 15749 1
31 97 49 1
32 7993 7960 1
33 8008 7919 1
34 41 3 1
35 2119 2056 1
36 56 5 1
37 2139 2091 1
38 2141 2077 1
39 2123 2063 1
40 7993 7934 1
41 75 48 1
42 2153 2076 1
43 7981 7935 1
44 8011 7950 1
45 17 8 1
46 51 32 1
47 95 71 1
48 88 66 1
49 94 78 1
50 8 7 1
51 2137 2121 1
52 2151 2138 1
53 4078 4054 1
54 2104 2092 1
55 2074 2063 1
56 2127 2116 1
57 4060 4041 1
58 4062 4045 1
59 7968 7940 1
60 2065 2058 1
61 7945 7919 1
62 15825 15774 1
63 7999 7975 1
64 15820 15774 1
65 15793 15748 1
66 2107 2101 1
67 15817 15772 1
68 4070 4059 1
69 15803 15761 1
70 15808 15766 1
71 15821 15779 1
72 7961 7940 1
73 15770 15731 1
74 31435 31359 1
75 7997 7978 1
76 2124 2119 1
77 15776 15739 1
78 2134 2129 1
79 2142 2137 1
80 7956 7938 1
81 7987 7969 1
82 31430 31361 1
83 31438 31370 1
84 15762 15728 1
85 15760 15727 1
86 15817 15785 1
87 31408 31351 1
88 31425 31374 1
89 15812 15788 1
90 7970 7958 1
91 31436 31390 1
92 31412 31371 1
93 62700 62620 1
94 4101 4096 1
95 7939 7918 1
96 4105 4054 1
97 4033 4007 1
98 62695 62630 0
99 62677 62611 1
100 62676 62616 1
101 15805 15790 0
102 2115 2113 1
103 62699 62640 1
104 6 15 0
105 15822 15809 0
106 62699 62644 0
107 7986 7983 0
108 62683 62631 0
109 62678 62629 0
110 62660 62618 0
111 4092 4104 0
112 125185 125104 0
113 31389 31371 0
114 62666 62631 0
115 125176 125112 0
116 62687 62655 0
117 62645 62615 0
118 31396 31382 0
119 15762 15755 0
120 62635 62612 0
121 62646 62623 0
122 62672 62649 0
123 31386 31375 0
124 31368 31358 0
125 15783 15778 0
126 62698 62681 0
127 62647 62632 0
128 62635 62622 0
129 62663 62650 0
130 15733 15730 0
131 31392 31388 0
132 31413 31409 0
133 49 49 0
134 4031 4031 1
135 4057 4057 1
136 15819 15820 0
137 31395 31398 0
138 7957 7958 0
139 15812 15814 0
140 31431 31435 0
141 15750 15754 0
142 31363 31371 0
143 31354 31365 0
144 15748 15754 0
145 31359 31373 0
146 2138 2139 1
147 31383 31399 0
148 15767 15777 0
149 7918 7924 0
150 15782 15794 0
151 15773 15787 0
152 15756 15773 0
153 15773 15792 0
154 15776 15803 0
155 4036 4044 0
156 7922 7939 0
157 7924 7943 0
158 4027 4040 0
159 2080 2095 0
160 73 82 0
161 46 52 0
162 28 36 0
163 41 54 0
164 30 43 0
165 19 31 0
166 18 33 0
167 6 19 0
168 250193 250158 0
169 500199 500113 0
170 500143 500107 0
171 125156 125118 0
172 500168 500117 0
173 500191 500119 0
174 125139 125122 0
175 500194 500127 0
176 250156 250102 0
177 500198 500130 0
178 250154 250141 0
179 125136 125108 0
180 125147 125107 0
181 125183 125175 0
182 500191 500143 0
183 125169 125109 0
184 125158 125122 0
185 125164 125123 0
186 125180 125170 0
187 62646 62641 0
188 125199 125147 0
189 500198 500115 0
190 250163 250113 0
191 250141 250114 0
192 125144 125100 0
193 125169 125116 0
194 62659 62649 0
195 125176 125130 0
196 62612 62605 0
197 125189 125173 0
198 250200 250104 0
199 250180 250146 0
200 125177 125171 0
201 250160 250128 0
202 62631 62628 0
203 62618 62610 0
204 250123 250106 0
205 250187 250112 0
206 500139 500111 0
207 62627 62617 0
208 62604 62632 0
209 62633 62664 0
210 62620 62623 0
211 500155 500135 0
212 62635 62692 0
213 62615 62672 0
214 31370 31426 0
215 62615 62670 0
216 62618 62651 0
217 31371 31426 0
218 31386 31448 0
219 62608 62628 0
220 62620 62653 0
221 62677 62688 0
222 31403 31436 0
223 15785 15820 0
224 62638 62642 0
225 62626 62642 0
226 62684 62695 0
227 62618 62629 0
228 125111 125110 0
229 125110 125110 0
230 125138 125197 0
231 125139 125148 0
232 125119 125135 0
233 125178 125186 0
234 31366 31392 0
235 125124 125198 0
236 125117 125178 0
237 31351 31420 0
238 125123 125134 0
239 125118 125116 0
240 125111 125166 0
241 125124 125190 0
242 125158 125175 0
243 125146 125153 0
244 125108 125165 0
245 125136 125164 0
246 125138 125155 0
247 125102 125185 0
248 125110 125185 0
249 125106 125128 0
250 125102 125190 0
251 250150 250180 0
252 250155 250180 0
253 31358 31419 0
254 250195 250200 0
255 250158 250157 0
256 250194 250184 0
257 250128 250148 0
258 250128 250125 0
259 250133 250150 0
260 250132 250151 0
261 250162 250154 0
262 250191 250185 0
263 250118 250124 0
264 250137 250171 0
265 250149 250168 0
266 250126 250148 0
267 250181 250177 0
268 250126 250143 0
269 250141 250176 0
270 250159 250162 0
271 250128 250150 0
272 31418 31450 0
273 31364 31438 0
274 250119 250113 0
275 250191 250200 0
276 250101 250145 0
277 31403 31449 0
278 250141 250136 0
279 31416 31433 0
280 250167 250195 0
281 250119 250154 0
282 250160 250157 0
283 500164 500188 0
284 500190 500183 0
285 500181 500194 0
286 500122 500120 0
287 500134 500162 0
288 500153 500152 0
289 500149 500135 0
290 500135 500157 0
291 500130 500199 0
292 31363 31433 0
293 500142 500174 0
294 500133 500166 0
295 500174 500190 0
296 500112 500133 0
297 500181 500179 0
298 500130 500149 0
299 500109 500101 0
300 31360 31400 0
301 500128 500127 0
302 500123 500168 0
303 500176 500186 0
304 500104 500193 0
305 500164 500188 0
306 31382 31441 0
307 500161 500172 0
308 500174 500161 0
309 500122 500162 0
310 500139 500163 0
311 62622 62644 0
312 31388 31406 0
313 31395 31434 0
314 31360 31406 0
315 500148 500115 0
316 500200 500159 0
317 125164 125142 0
318 125122 125112 0
319 250154 250109 0
320 500172 500123 0
321 250188 250103 0
322 250143 250124 0
323 500191 500139 0
324 500194 500138 0
325 4018 4033 0
326 4059 4103 0
327 4010 4098 0
328 2102 2119 0
329 4013 4053 0
330 2094 2153 0
331 2076 2097 0
332 4085 4104 0
333 4030 4079 0
334 2074 2145 0
335 2065 2088 0
336 4025 4040 0
337 2099 2120 0
338 4032 4092 0
339 4082 4100 0
340 2097 2134 0
341 4047 4061 0
342 2075 2144 0
343 4028 4065 0
344 4032 4072 0
345 2073 2136 0
346 4016 4071 0
347 2066 2150 0
348 2067 2108 0
349 4027 4059 0
350 2057 2104 0
351 4046 4080 0
352 7925 8011 0
353 7919 7948 0
354 2058 2078 0
355 7920 7944 0
356 7942 8001 0
357 7942 7995 0
358 2055 2112 0
359 7973 8001 0
360 7933 7955 0
361 7920 7947 0
362 7965 8011 0
363 41 85 0
364 27 63 0
365 7914 7991 0
366 7954 7984 0
367 4023 4080 0
368 7956 7999 0
369 7925 7985 0
370 7915 7946 0
371 7913 7943 0
372 7950 8009 0
373 4048 4079 0
374 7929 8012 0
375 7965 7999 0
376 7925 7968 0
377 15731 15812 0
378 15726 15782 0
379 15749 15811 0
380 1 25 0
381 13 84 0
382 15753 15793 0
383 2061 2102 0
384 4015 4092 0
385 15758 15796 0
386 54 99 0
387 35 67 0
388 4056 4102 0
389 31364 31444 0
390 31352 31432 0
391 31361 31438 0
392 4056 4092 0
393 4 66 0
394 31357 31445 0
395 4033 4057 0
396 11 47 0
397 4042 4085 0
398 4010 4091 0
399 4040 4096 0
--------------
1000000 :c
1004198 :sum(p)
999998 :sum(w)
