400 :n
id p,w,x
--------------
0 15817 15735 1
1 15786 15726 1
2 59 21 1
3 95 27 1
4 98 45 1
5 89 57 1
6 71 12 1
7 15815 15748 1
8 40 12 1
9 15824 15733 1
10 72 43 1
11 44 24 1
12 66 8 1
13 74 46 1
14 75 25 1
15 81 33 1
16 67 11 1
17 34 7 1
18 82 36 1
19 78 17 1
20 15811 15743 1
21 8006 7936 1
22 2142 2078 1
23 2140 2057 1
24 8011 7952 1
25 7966 7918 1
26 2120 2080 1
27 7980 7926 1
28 7989 7937 1
29 2141 2073 1
30 2139 2107 1
31 2151 2070 1
32 2079 2059 1
33 2141 2071 1
34 2135 2057 1
35 7997 7915 1
36 2147 2100 1
37 2125 2103 1
38 7998 7933 1
39 8006 7934 1
40 8011 7949 1
41 4106 4080 1
42 4066 4033 1
43 4061 4034 1
44 4078 4047 1
45 4059 4034 1
46 4105 4036 1
47 4064 4038 1
48 4076 4053 1
49 4099 4074 1
50 4060 4014 1
51 7983 7928 1
52 4093 4018 1
53 4054 4016 1
54 7974 7925 1
55 7966 7917 1
56 58 45 1
57 77 69 1
58 2127 2109 1
59 2098 2081 1
60 2074 2061 1
61 2107 2094 1
62 2149 2136 1
63 2133 2121 1
64 2138 2126 1
65 2143 2132 1
66 4046 4026 1
67 4071 4054 1
68 4087 4071 1
69 4039 4024 1
70 7964 7935 1
71 4035 4022 1
72 4080 4067 1
73 15788 15745 1
74 7952 7931 1
75 2096 2091 1
76 7967 7948 1
77 2099 2094 1
78 7976 7958 1
79 4044 4035 1
80 31423 31355 1
81 7936 7920 1
82 31432 31370 1
83 4106 4098 0
84 2082 2078 1
85 2148 2144 0
86 31422 31367 1
87 4069 4062 1
88 15761 15735 1
89 8002 7990 0
90 4043 4037 1
91 15762 15740 1
92 4065 4060 0
93 31393 31356 1
94 31420 31383 1
95 62700 62629 1
96 7983 7974 1
97 15766 15749 1
98 15810 15793 1
99 4015 4011 1
100 62673 62615 1
101 31386 31358 1
102 15814 15800 1
103 62692 62637 1
104 62662 62610 1
105 31436 31412 1
106 15749 15737 1
107 7930 7924 0
108 94 44 1
109 4093 4090 0
110 125199 125117 0
111 62682 62641 1
112 31449 31433 0
113 31449 31439 0
114 15743 15823 0
115 125198 125118 0
116 31416 31396 0
117 15796 15786 0
118 125189 125115 0
119 62660 62624 0
120 62638 62603 0
121 31439 31445 0
122 125195 125129 0
123 125165 125101 0
124 4047 4045 0
125 31370 31355 0
126 125187 125128 0
127 62696 62668 0
128 125186 125134 0
129 62699 62673 0
130 125157 125106 0
131 125157 125107 0
132 7933 7930 0
133 7960 7957 0
134 62683 62660 0
135 125196 125151 0
136 31364 31353 0
137 62651 62630 0
138 250190 250107 0
139 62661 62641 0
140 250196 250117 0
141 250188 250118 0
142 250173 250107 0
143 62654 62638 0
144 31390 31382 0
145 15819 15815 0
146 7951 7949 0
147 125133 125102 0
148 125178 125148 0
149 62657 62642 0
150 125147 125119 0
151 250171 250117 0
152 250189 250136 0
153 125175 125150 0
154 31357 31351 0
155 31357 31351 0
156 15809 15806 0
157 15823 15820 0
158 500199 500108 0
159 62649 62638 0
160 125139 125119 0
161 62614 62604 0
162 500197 500118 0
163 62632 62623 0
164 62694 62685 0
165 125121 125104 0
166 125135 125118 0
167 250198 250166 0
168 15737 15735 0
169 15776 15774 0
170 15804 15802 0
171 15825 15823 0
172 500180 500117 0
173 500174 500112 0
174 250200 250169 0
175 500186 500129 0
176 250136 250108 0
177 125117 125103 0
178 500162 500111 0
179 125168 125156 0
180 125192 125180 0
181 31380 31377 0
182 31420 31417 0
183 250187 250166 0
184 125116 125106 0
185 500150 500111 0
186 500200 500162 0
187 500171 500136 0
188 250148 250132 0
189 250161 250145 0
190 15745 15744 0
191 500160 500131 0
192 125117 125110 0
193 500147 500121 0
194 250127 250114 0
195 250195 250183 0
196 62695 62692 0
197 15778 15781 0
198 15769 15772 0
199 7937 7939 0
200 7922 7924 0
201 15753 15757 0
202 15737 15741 0
203 15782 15789 0
204 4051 4055 0
205 8003 8011 0
206 2059 2062 0
207 7980 7992 0
208 2121 2129 0
209 2054 2063 0
210 2084 2094 0
211 2097 2109 0
212 2075 2090 0
213 2088 2104 0
214 81 87 0
215 60 68 0
216 71 81 0
217 85 98 0
218 76 91 0
219 10 14 0
220 22 34 0
221 15 26 0
222 3 20 0
223 1 19 0
224 500196 500174 0
225 125173 125169 0
226 500153 500175 0
227 500168 500164 0
228 250142 250156 0
229 125162 125162 0
230 125141 125147 0
231 250115 250121 0
232 125152 125165 0
233 125170 125172 0
234 250112 250103 0
235 250151 250157 0
236 500133 500143 0
237 250104 250110 0
238 250169 250158 0
239 500179 500180 0
240 250187 250189 0
241 500140 500139 0
242 500118 500116 0
243 250134 250129 0
244 500162 500164 0
245 250123 250122 0
246 500125 500143 0
247 500142 500120 0
248 62659 62658 0
249 500110 500157 0
250 500117 500140 0
251 500187 500191 0
252 500181 500161 0
253 250163 250166 0
254 62695 62696 0
255 250140 250159 0
256 500160 500190 0
257 500167 500164 0
258 250111 250136 0
259 500117 500155 0
260 500131 500150 0
261 500148 500186 0
262 62612 62617 0
263 500121 500129 0
264 500132 500177 0
265 500126 500155 0
266 250180 250186 0
267 125196 125198 0
268 250169 250161 0
269 500109 500106 0
270 7953 8006 0
271 7914 7989 0
272 7924 8010 0
273 15751 15774 0
274 7938 7978 0
275 250160 250187 0
276 15771 15815 0
277 7955 7980 0
278 15766 15798 0
279 4008 4031 0
280 15769 15799 0
281 250116 250187 0
282 31361 31431 0
283 31414 31440 0
284 31370 31420 0
285 4029 4081 0
286 31370 31397 0
287 4007 4034 0
288 31369 31441 0
289 4008 4047 0
290 31364 31374 0
291 31418 31430 0
292 4035 4073 0
293 250129 250187 0
294 31377 31385 0
295 4017 4043 0
296 31431 31438 0
297 31412 31422 0
298 31366 31388 0
299 31385 31430 0
300 4056 4104 0
301 4016 4033 0
302 31352 31420 0
303 31359 31421 0
304 31373 31408 0
305 15726 15736 0
306 4041 4106 0
307 31354 31385 0
308 250167 250194 0
309 31407 31435 0
310 4085 4105 0
311 4038 4068 0
312 250120 250189 0
313 31386 31432 0
314 4078 4101 0
315 31380 31444 0
316 4084 4105 0
317 250145 250186 0
318 31375 31432 0
319 31352 31409 0
320 31376 31435 0
321 62653 62680 0
322 2075 2126 0
323 62674 62696 0
324 62623 62696 0
325 2080 2152 0
326 500111 500192 0
327 2064 2140 0
328 500108 500188 0
329 2096 2116 0
330 500134 500192 0
331 62655 62669 0
332 15745 15818 0
333 2113 2133 0
334 62637 62688 0
335 62629 62645 0
336 62651 62698 0
337 62612 62637 0
338 62643 62686 0
339 15740 15770 0
340 62601 62680 0
341 250113 250188 0
342 15748 15778 0
343 2060 2152 0
344 62616 62629 0
345 62653 62679 0
346 62657 62700 0
347 2097 2116 0
348 15746 15783 0
349 62624 62679 0
350 500106 500190 0
351 2080 2099 0
352 2058 2104 0
353 62628 62638 0
354 62631 62640 0
355 62631 62642 0
356 2068 2103 0
357 7923 7947 0
358 7948 7968 0
359 62622 62664 0
360 125162 125196 0
361 58 83 0
362 7 74 0
363 59 94 0
364 125106 125166 0
365 45 87 0
366 125115 125177 0
367 125141 125182 0
368 125124 125164 0
369 15742 15824 0
370 17 75 0
371 125164 125188 0
372 10 82 0
373 500117 500186 0
374 125137 125154 0
375 125109 125150 0
376 15800 15817 0
377 7947 7983 0
378 125143 125190 0
379 15731 15808 0
380 125172 125188 0
381 125134 125184 0
382 15752 15794 0
383 125109 125189 0
384 250155 250192 0
385 8 86 0
386 46 94 0
387 7930 8010 0
388 250146 250172 0
389 250109 250186 0
390 53 99 0
391 7948 8012 0
392 7918 7987 0
393 250168 250195 0
394 47 88 0
395 500123 500197 0
396 250130 250183 0
397 65 98 0
398 7987 8009 0
399 7920 7989 0
--------------
1000000 :c
1003999 :sum(p)
999999 :sum(w)
