400 :n
id p,w,x
--------------
0 86 9 1
1 99 13 1
2 93 15 1
3 25 6 1
4 46 12 1
5 88 29 1
6 82 33 1
7 86 35 1
8 76 35 1
9 77 43 1
10 67 40 1
11 70 45 1
12 58 47 1
13 41 37 1
14 32 29 0
15 2152 2083 1
16 2125 2063 1
17 2143 2090 1
18 2105 2055 1
19 2137 2095 1
20 2120 2080 1
21 4083 4016 1
22 4095 4028 1
23 4102 4039 1
24 2137 2105 1
25 4081 4021 1
26 4103 4043 1
27 4102 4044 1
28 2138 2108 1
29 2113 2084 1
30 2101 2074 1
31 2098 2073 1
32 8011 7916 1
33 4094 4047 1
34 8009 7931 1
35 4085 4049 1
36 2129 2111 1
37 7991 7925 1
38 8000 7934 1
39 4101 4068 1
40 7979 7917 1
41 2112 2096 1
42 7981 7921 1
43 4069 4041 1
44 7967 7915 1
45 7993 7943 1
46 2074 2062 1
47 4063 4040 1
48 4073 4050 1
49 4064 4042 1
50 8008 7968 1
51 4102 4084 1
52 15820 15751 1
53 7960 7927 1
54 8009 7976 1
55 7996 7964 1
56 8001 7970 1
57 15795 15736 1
58 4041 4027 1
59 15809 15756 1
60 15818 15765 1
61 15796 15745 1
62 15813 15766 1
63 63 40 1
64 31445 31385 1
65 31449 31363 1
66 15780 15738 1
67 15782 15740 1
68 15799 15759 1
69 31424 31362 1
70 31430 31367 1
71 62694 62603 1
72 62699 62608 1
73 7940 7921 1
74 4044 4035 1
75 7995 7978 0
76 2104 2100 0
77 2105 2101 0
78 31427 31375 1
79 15787 15761 1
80 15771 15746 1
81 31426 31380 1
82 2059 2056 1
83 2132 2129 0
84 31446 31404 1
85 62698 62621 1
86 15800 15781 0
87 62690 62617 1
88 7969 7960 1
89 31445 31357 1
90 31423 31370 1
91 15764 15742 1
92 31392 31357 1
93 15807 15791 0
94 7999 7991 0
95 31438 31430 0
96 84 93 0
97 15810 15809 0
98 2088 2086 0
99 31418 31390 1
100 62661 62611 0
101 15769 15757 0
102 31391 31372 0
103 15745 15737 0
104 4046 4044 0
105 2136 2135 0
106 15824 15817 0
107 31413 31401 0
108 15810 15806 0
109 4018 4017 0
110 4106 4105 0
111 7989 7988 0
112 8007 8010 0
113 62678 62648 0
114 62636 62604 0
115 125172 125107 0
116 125178 125111 0
117 62691 62687 0
118 125194 125124 0
119 62675 62638 0
120 62688 62649 0
121 31417 31412 0
122 62647 62608 0
123 31413 31410 0
124 15778 15793 0
125 62676 62633 0
126 39 39 0
127 7994 7996 0
128 7960 7962 0
129 15733 15738 0
130 2075 2076 0
131 15778 15787 0
132 15763 15772 0
133 15757 15766 0
134 15740 15751 0
135 7916 7924 0
136 7935 7944 0
137 4081 4086 0
138 7951 7961 0
139 7971 7982 0
140 7930 7941 0
141 7981 7994 0
142 2099 2103 0
143 7988 8005 0
144 4088 4097 0
145 7971 7990 0
146 4042 4055 0
147 4035 4049 0
148 4065 4080 0
149 4046 4064 0
150 4081 4100 0
151 4059 4080 0
152 2119 2130 0
153 2138 2150 0
154 2078 2090 0
155 2055 2073 0
156 2084 2109 0
157 70 72 0
158 56 59 0
159 67 75 0
160 81 99 0
161 76 97 0
162 10 14 0
163 55 79 0
164 47 73 0
165 15 24 0
166 32 52 0
167 39 66 0
168 26 47 0
169 23 45 0
170 23 51 0
171 62660 62658 0
172 500176 500191 0
173 500165 500178 0
174 500156 500174 0
175 500119 500106 0
176 125150 125147 0
177 500157 500173 0
178 500156 500119 0
179 62664 62666 0
180 500178 500191 0
181 500141 500169 0
182 500179 500122 0
183 500179 500195 0
184 125176 125171 0
185 500135 500103 0
186 250130 250134 0
187 500190 500112 0
188 500157 500121 0
189 500178 500175 0
190 125111 125111 0
191 125162 125158 0
192 500179 500178 0
193 500132 500157 0
194 125189 125145 0
195 125185 125186 0
196 250175 250175 0
197 500186 500108 0
198 125146 125103 0
199 500183 500115 0
200 500133 500141 0
201 125197 125180 0
202 125165 125136 0
203 250187 250162 0
204 125175 125132 0
205 125180 125176 0
206 125181 125168 0
207 250180 250122 0
208 250196 250123 0
209 125155 125101 0
210 125198 125143 0
211 125190 125134 0
212 62672 62676 0
213 250192 250130 0
214 250140 250132 0
215 250142 250113 0
216 62625 62620 0
217 250156 250151 0
218 62620 62625 0
219 62660 62654 0
220 250127 250137 0
221 250199 250146 0
222 250162 250155 0
223 62656 62658 0
224 250169 250108 0
225 250196 250111 0
226 250177 250174 0
227 125153 125128 0
228 250164 250183 0
229 125175 125123 0
230 250148 250121 0
231 250134 250144 0
232 500142 500141 0
233 500195 500122 0
234 62633 62637 0
235 125177 125153 0
236 125161 125125 0
237 500138 500112 0
238 62687 62678 0
239 250132 250135 0
240 62648 62623 0
241 250106 250105 0
242 500104 500126 0
243 500113 500121 0
244 500194 500182 0
245 250181 250145 0
246 250107 250110 0
247 500131 500160 0
248 500163 500165 0
249 125154 125147 0
250 500194 500112 0
251 500198 500107 0
252 500175 500182 0
253 31394 31401 0
254 31363 31431 0
255 31385 31426 0
256 7951 7996 0
257 7937 8000 0
258 31387 31437 0
259 31352 31372 0
260 31379 31438 0
261 31373 31415 0
262 62613 62623 0
263 15741 15783 0
264 31373 31381 0
265 62623 62691 0
266 62613 62690 0
267 7984 8007 0
268 7924 7970 0
269 62602 62673 0
270 7971 8011 0
271 62619 62629 0
272 7928 7977 0
273 7958 8006 0
274 31397 31439 0
275 62601 62661 0
276 62647 62667 0
277 7945 8004 0
278 7964 7985 0
279 62609 62635 0
280 62608 62660 0
281 4040 4072 0
282 4025 4079 0
283 4052 4097 0
284 4012 4048 0
285 62638 62673 0
286 62622 62660 0
287 62666 62688 0
288 62641 62648 0
289 4053 4093 0
290 4027 4064 0
291 62612 62632 0
292 62658 62690 0
293 62639 62700 0
294 4025 4079 0
295 4019 4074 0
296 31357 31380 0
297 62678 62691 0
298 62634 62680 0
299 4009 4098 0
300 7917 7985 0
301 31357 31450 0
302 4017 4068 0
303 125102 125181 0
304 125145 125164 0
305 125115 125157 0
306 4041 4081 0
307 7919 7973 0
308 15752 15820 0
309 125110 125196 0
310 125113 125193 0
311 31361 31410 0
312 125142 125197 0
313 125146 125158 0
314 125167 125191 0
315 4008 4098 0
316 4072 4104 0
317 31376 31433 0
318 15775 15804 0
319 125121 125174 0
320 125127 125148 0
321 2063 2138 0
322 2102 2131 0
323 125113 125144 0
324 125110 125156 0
325 125124 125197 0
326 125141 125155 0
327 2073 2149 0
328 15732 15815 0
329 2071 2115 0
330 125128 125195 0
331 2112 2152 0
332 31354 31389 0
333 15736 15750 0
334 2110 2146 0
335 125107 125173 0
336 125109 125133 0
337 15774 15789 0
338 250120 250190 0
339 2098 2137 0
340 250101 250176 0
341 250126 250177 0
342 250148 250172 0
343 250135 250174 0
344 2079 2124 0
345 2065 2118 0
346 2058 2137 0
347 250118 250185 0
348 2067 2105 0
349 2069 2115 0
350 250126 250160 0
351 250124 250193 0
352 250133 250187 0
353 250118 250168 0
354 31361 31388 0
355 250123 250146 0
356 15754 15788 0
357 2059 2104 0
358 15786 15801 0
359 250149 250185 0
360 57 95 0
361 31375 31383 0
362 28 63 0
363 10 46 0
364 31415 31418 0
365 31353 31422 0
366 9 71 0
367 31358 31385 0
368 31355 31417 0
369 15 53 0
370 250165 250195 0
371 250126 250147 0
372 31371 31444 0
373 250152 250187 0
374 31382 31448 0
375 250125 250190 0
376 31410 31420 0
377 250102 250168 0
378 26 76 0
379 31367 31387 0
380 250177 250200 0
381 500139 500180 0
382 500106 500178 0
383 500126 500193 0
384 500142 500188 0
385 500108 500161 0
386 500116 500180 0
387 15726 15790 0
388 500118 500162 0
389 500119 500179 0
390 500104 500191 0
391 7 98 0
392 15770 15825 0
393 15766 15815 0
394 15737 15823 0
395 13 51 0
396 500113 500180 0
397 15806 15824 0
398 15763 15791 0
399 15738 15781 0
--------------
1000000 :c
1003956 :sum(p)
1000000 :sum(w)
