400 :n
id p,w,x
--------------
0 10 1 1
1 13 3 1
2 73 23 1
3 70 31 1
4 86 40 1
5 42 20 1
6 54 27 1
7 98 52 1
8 84 45 1
9 84 50 1
10 83 60 1
11 60 50 1
12 83 72 1
13 100 92 1
14 2136 2067 1
15 2121 2054 1
16 2134 2077 1
17 2134 2080 1
18 2114 2069 1
19 4095 4012 1
20 4102 4019 1
21 2098 2057 1
22 4103 4030 1
23 4080 4012 1
24 4076 4011 1
25 4080 4015 1
26 4084 4021 1
27 2136 2108 1
28 2141 2116 1
29 2084 2063 1
30 8004 7925 1
31 8011 7938 1
32 4100 4063 1
33 7993 7927 1
34 8007 7944 1
35 4053 4024 1
36 7967 7915 1
37 4090 4066 1
38 7981 7935 1
39 15816 15738 1
40 7964 7925 1
41 2116 2106 1
42 15798 15727 1
43 15807 15736 1
44 7965 7930 1
45 2082 2073 1
46 15824 15757 1
47 7959 7926 1
48 4102 4085 1
49 89 20 1
50 15816 15751 1
51 15814 15750 1
52 15810 15749 1
53 15824 15764 1
54 4043 4028 1
55 15807 15749 1
56 4036 4022 1
57 15794 15740 1
58 2110 2103 1
59 15802 15750 1
60 4042 4029 1
61 15802 15753 1
62 15821 15774 1
63 4078 4067 1
64 4023 4013 1
65 4086 4076 1
66 15810 15772 1
67 31426 31354 1
68 4027 4018 1
69 31427 31357 1
70 15797 15765 1
71 7975 7959 1
72 31421 31358 1
73 31421 31364 1
74 31443 31383 1
75 2094 2090 1
76 15825 15796 1
77 8004 7991 1
78 15783 15758 1
79 31443 31396 1
80 4104 4098 1
81 31431 31386 1
82 15757 15736 1
83 31421 31380 1
84 15745 15726 1
85 31416 31379 1
86 31422 31385 1
87 31408 31373 0
88 31419 31385 1
89 62675 62608 1
90 7979 7946 1
91 31397 31356 1
92 7952 7944 1
93 4035 4031 1
94 15756 15741 0
95 15791 15776 1
96 4085 4086 1
97 2134 2137 1
98 31399 31401 0
99 62675 62625 0
100 62676 62626 0
101 15763 15751 0
102 62661 62616 0
103 62677 62633 0
104 62679 62635 0
105 15803 15792 1
106 15737 15729 0
107 2118 2117 1
108 31399 31385 0
109 31440 31427 0
110 15750 15750 0
111 62677 62648 0
112 62700 62665 0
113 62675 62648 0
114 125180 125105 0
115 62660 62636 0
116 125185 125142 0
117 125166 125126 0
118 62626 62608 0
119 62651 62634 0
120 62699 62685 0
121 31408 31401 0
122 125145 125118 0
123 125152 125125 0
124 125182 125155 0
125 62660 62647 0
126 125138 125114 0
127 62664 62653 0
128 125183 125162 0
129 62681 62671 0
130 62629 62621 0
131 31438 31434 0
132 62659 62652 0
133 62608 62602 0
134 31390 31387 0
135 62612 62608 0
136 31392 31390 0
137 62684 62681 0
138 31384 31383 0
139 31391 31390 0
140 125189 125112 0
141 31431 31431 0
142 15793 15805 0
143 15801 15814 0
144 7954 7955 1
145 7929 7931 0
146 15751 15755 0
147 15749 15753 0
148 15788 15793 0
149 8000 8003 0
150 4057 4059 0
151 15757 15771 0
152 15779 15794 0
153 15766 15782 0
154 15774 15791 0
155 15751 15768 0
156 7978 7987 0
157 7959 7968 0
158 4026 4031 0
159 7981 7991 0
160 8001 8012 0
161 2121 2124 1
162 4071 4079 0
163 7969 7985 0
164 4058 4068 0
165 4019 4029 0
166 7979 7999 0
167 7971 7991 0
168 7964 7985 0
169 7913 7934 0
170 4019 4030 0
171 7954 7976 0
172 7973 7997 0
173 4052 4065 0
174 7985 8011 0
175 2114 2121 0
176 2113 2124 0
177 4028 4049 0
178 2121 2133 0
179 4040 4063 0
180 4025 4050 0
181 2057 2072 0
182 2134 2150 0
183 2065 2082 0
184 2081 2100 0
185 2125 2146 0
186 2107 2132 0
187 2121 2153 0
188 36 37 1
189 85 93 0
190 54 64 0
191 37 45 0
192 60 80 0
193 45 62 0
194 39 56 0
195 19 28 0
196 10 15 0
197 50 75 0
198 26 55 0
199 20 46 0
200 2 7 0
201 12 43 0
202 3 21 0
203 1 27 0
204 500192 500136 0
205 250183 250157 0
206 250200 250131 0
207 250130 250120 0
208 250128 250129 0
209 125159 125153 0
210 500199 500124 0
211 250112 250113 0
212 125117 125108 0
213 500125 500115 0
214 500150 500161 0
215 500188 500199 0
216 125141 125135 0
217 250179 250150 0
218 500111 500115 0
219 250200 250119 0
220 500184 500133 0
221 500193 500123 0
222 500181 500113 0
223 250161 250120 0
224 250189 250170 0
225 250156 250139 0
226 500197 500107 0
227 125156 125144 0
228 500117 500120 0
229 500143 500142 0
230 500168 500175 0
231 125192 125184 0
232 250125 250131 0
233 500136 500120 0
234 250148 250142 0
235 500194 500143 0
236 500184 500174 0
237 500115 500128 0
238 500161 500122 0
239 250137 250119 0
240 250195 250135 0
241 125158 125156 0
242 125186 125168 0
243 500152 500166 0
244 500133 500104 0
245 500113 500122 0
246 250185 250156 0
247 250139 250136 0
248 500162 500177 0
249 250143 250133 0
250 125197 125187 0
251 250142 250138 0
252 125189 125177 0
253 250149 250142 0
254 250133 250121 0
255 125115 125107 0
256 250121 250123 0
257 250144 250147 0
258 250193 250190 0
259 125120 125114 0
260 250195 250149 0
261 125164 125167 0
262 7917 8000 0
263 62611 62652 0
264 7925 7980 0
265 62630 62690 0
266 62604 62663 0
267 62645 62694 0
268 7916 7955 0
269 62614 62655 0
270 7928 7978 0
271 125123 125171 0
272 7916 7957 0
273 125115 125152 0
274 62692 62700 0
275 125134 125151 0
276 7943 8003 0
277 125125 125131 0
278 125129 125152 0
279 4020 4087 0
280 62638 62696 0
281 125108 125131 0
282 4015 4084 0
283 125146 125186 0
284 7916 7949 0
285 7945 8011 0
286 125165 125185 0
287 4026 4076 0
288 125129 125157 0
289 125104 125150 0
290 7960 8012 0
291 62630 62684 0
292 4060 4104 0
293 4052 4093 0
294 7969 8009 0
295 7962 8012 0
296 125106 125183 0
297 125156 125177 0
298 4029 4072 0
299 7938 7966 0
300 62625 62663 0
301 125127 125147 0
302 125108 125116 0
303 125168 125199 0
304 125128 125134 0
305 125114 125154 0
306 125156 125185 0
307 125105 125120 0
308 250129 250150 0
309 4028 4066 0
310 4064 4105 0
311 62606 62660 0
312 31400 31433 0
313 250110 250149 0
314 250104 250154 0
315 250148 250168 0
316 250159 250168 0
317 250114 250154 0
318 4045 4086 0
319 62657 62681 0
320 250116 250138 0
321 2064 2113 0
322 62626 62656 0
323 250108 250121 0
324 2057 2106 0
325 250150 250178 0
326 2088 2150 0
327 62604 62675 0
328 2059 2110 0
329 2115 2150 0
330 2065 2123 0
331 250105 250198 0
332 2077 2113 0
333 2089 2133 0
334 62627 62697 0
335 250108 250136 0
336 250145 250178 0
337 250144 250168 0
338 62621 62669 0
339 62654 62699 0
340 62676 62686 0
341 2078 2152 0
342 2098 2153 0
343 250115 250131 0
344 62628 62643 0
345 250166 250198 0
346 31391 31399 0
347 250168 250185 0
348 2086 2153 0
349 500128 500177 0
350 500134 500155 0
351 500136 500170 0
352 2076 2122 0
353 500103 500132 0
354 62618 62647 0
355 2102 2143 0
356 2075 2123 0
357 31386 31395 0
358 15738 15765 0
359 15 70 0
360 31379 31390 0
361 4 81 0
362 500115 500135 0
363 31404 31412 0
364 31388 31435 0
365 15736 15768 0
366 500116 500150 0
367 33 93 0
368 31363 31414 0
369 15733 15793 0
370 56 97 0
371 31387 31406 0
372 31361 31377 0
373 20 59 0
374 500113 500138 0
375 500144 500200 0
376 31371 31407 0
377 40 84 0
378 500130 500190 0
379 22 62 0
380 500163 500198 0
381 500134 500158 0
382 500105 500184 0
383 500133 500193 0
384 31426 31442 0
385 31400 31440 0
386 500108 500127 0
387 15733 15806 0
388 500108 500154 0
389 31377 31386 0
390 15754 15787 0
391 14 90 0
392 500122 500165 0
393 31376 31407 0
394 500120 500155 0
395 500110 500173 0
396 14 95 0
397 31409 31429 0
398 31376 31412 0
399 31351 31392 0
--------------
1000000 :c
1003785 :sum(p)
1000000 :sum(w)
