400 :n
id p,w,x
--------------
0 31446 31370 1
1 31436 31358 1
2 89 54 1
3 31409 31358 1
4 15820 15728 1
5 57 13 1
6 82 33 1
7 85 6 1
8 15754 15727 1
9 75 39 1
10 15823 15754 1
11 87 10 1
12 42 20 1
13 15824 15773 1
14 57 11 1
15 96 34 1
16 82 51 1
17 15803 15726 1
18 89 62 1
19 2088 2071 1
20 2141 2087 1
21 2147 2118 1
22 2124 2091 1
23 2109 2082 1
24 2147 2088 1
25 2153 2125 1
26 2143 2091 1
27 2119 2056 1
28 2075 2060 1
29 2140 2106 1
30 2133 2058 1
31 2074 2054 1
32 31435 31352 1
33 15756 15726 1
34 15803 15749 1
35 2145 2066 1
36 2103 2076 1
37 2140 2100 1
38 4056 4009 1
39 4074 4021 1
40 15817 15788 1
41 4089 4072 1
42 15771 15744 1
43 4086 4031 1
44 4049 4032 1
45 4093 4064 1
46 15764 15727 1
47 4089 4043 1
48 8001 7975 1
49 4098 4064 1
50 4081 4056 1
51 4102 4037 1
52 7995 7916 1
53 7957 7930 1
54 8009 7975 1
55 7961 7933 1
56 7952 7922 1
57 8011 7989 1
58 31434 31386 1
59 8006 7981 1
60 7970 7925 1
61 7979 7952 1
62 7969 7932 1
63 38 26 1
64 81 69 1
65 60 57 1
66 91 89 1
67 58 57 0
68 78 77 1
69 4044 4031 1
70 2094 2088 1
71 2144 2138 1
72 4031 4020 1
73 4075 4065 1
74 7978 7959 1
75 4064 4055 1
76 7937 7920 1
77 15759 15735 1
78 15812 15788 1
79 15764 15741 1
80 15765 15743 1
81 7964 7953 1
82 31449 31410 1
83 31445 31407 1
84 31439 31403 1
85 15768 15750 1
86 15789 15772 0
87 15794 15777 1
88 7994 7986 1
89 8006 7989 1
90 4037 4033 1
91 4042 4038 1
92 31429 31398 1
93 62662 62602 1
94 31392 31363 1
95 43 41 1
96 2068 2057 1
97 62665 62609 1
98 62686 62630 1
99 62693 62639 0
100 62699 62651 0
101 31435 31436 0
102 500135 500130 0
103 62696 62642 0
104 31389 31363 0
105 31402 31377 0
106 4044 4041 0
107 62671 62626 0
108 2136 2138 0
109 62662 62619 0
110 62666 62623 0
111 125196 125112 0
112 7970 7965 1
113 62679 62642 0
114 125175 125107 0
115 125181 125116 0
116 15800 15792 0
117 4087 4085 1
118 125190 125130 0
119 15802 15795 0
120 125157 125107 0
121 250200 250103 0
122 125180 125134 0
123 62662 62639 0
124 31431 31420 0
125 15776 15771 0
126 7946 7944 0
127 7998 7996 0
128 7955 7954 0
129 8007 8006 0
130 2115 2115 1
131 7980 7984 0
132 7967 7971 0
133 7941 7946 0
134 4016 4019 0
135 4041 4046 0
136 4049 4057 0
137 4040 4048 0
138 2135 2140 0
139 2054 2062 0
140 2144 2153 0
141 2089 2098 0
142 2061 2071 0
143 60 66 0
144 64 72 0
145 61 72 0
146 37 49 0
147 125143 125123 0
148 62637 62632 0
149 125184 125169 0
150 62678 62669 0
151 500185 500134 0
152 62622 62609 0
153 62622 62616 0
154 500194 500154 0
155 500159 500125 0
156 250179 250126 0
157 15803 15802 0
158 500177 500132 0
159 31391 31385 0
160 125182 125160 0
161 125139 125117 0
162 500182 500106 0
163 250186 250129 0
164 31377 31374 0
165 125144 125117 0
166 250197 250140 0
167 125189 125155 0
168 250191 250140 0
169 125178 125172 0
170 500158 500129 0
171 125190 125186 0
172 250156 250116 0
173 250198 250116 0
174 250190 250153 0
175 31398 31388 0
176 125169 125127 0
177 500197 500117 0
178 31387 31381 0
179 31412 31406 0
180 500192 500121 0
181 125133 125110 0
182 250138 250119 0
183 250177 250116 0
184 125147 125133 0
185 250168 250134 0
186 250137 250103 0
187 250156 250132 0
188 125144 125138 0
189 250190 250135 0
190 62617 62602 0
191 500180 500102 0
192 62627 62622 0
193 62632 62627 0
194 500146 500113 0
195 125142 125111 0
196 250192 250135 0
197 125127 125105 0
198 500163 500144 0
199 250178 250111 0
200 500181 500114 0
201 125126 125109 0
202 125118 125115 0
203 500192 500113 0
204 15754 15759 0
205 15777 15807 0
206 15738 15824 0
207 31373 31376 0
208 15762 15786 0
209 31383 31391 0
210 250121 250177 0
211 15779 15780 0
212 250110 250124 0
213 15732 15738 0
214 15788 15825 0
215 15783 15797 0
216 31355 31423 0
217 250121 250131 0
218 15804 15819 0
219 250151 250155 0
220 15771 15818 0
221 15745 15783 0
222 31374 31428 0
223 250112 250120 0
224 125123 125127 0
225 15779 15790 0
226 250148 250159 0
227 15767 15822 0
228 62613 62673 0
229 62685 62700 0
230 62628 62681 0
231 62629 62657 0
232 62670 62691 0
233 15756 15822 0
234 15785 15794 0
235 15755 15775 0
236 62626 62687 0
237 15726 15755 0
238 15773 15794 0
239 62639 62669 0
240 62618 62666 0
241 31352 31422 0
242 62647 62658 0
243 250109 250183 0
244 7938 7958 0
245 250161 250166 0
246 7949 8012 0
247 250172 250169 0
248 7967 7976 0
249 7938 7971 0
250 7915 7933 0
251 7941 8009 0
252 7950 7974 0
253 62655 62680 0
254 250179 250193 0
255 7948 7965 0
256 62639 62696 0
257 250115 250174 0
258 7925 7938 0
259 7925 8007 0
260 62651 62682 0
261 250109 250123 0
262 62621 62625 0
263 7921 7988 0
264 7941 7966 0
265 7913 8007 0
266 250117 250164 0
267 62601 62611 0
268 7941 7979 0
269 250108 250173 0
270 62624 62698 0
271 7961 7987 0
272 15783 15810 0
273 31383 31419 0
274 62611 62654 0
275 250124 250191 0
276 250150 250172 0
277 7932 7965 0
278 250150 250195 0
279 62614 62686 0
280 4062 4082 0
281 62612 62621 0
282 62643 62687 0
283 31398 31415 0
284 4017 4044 0
285 250107 250133 0
286 4080 4102 0
287 4057 4069 0
288 250141 250185 0
289 250141 250142 0
290 62646 62669 0
291 4031 4089 0
292 62604 62629 0
293 31378 31380 0
294 250156 250157 0
295 62612 62673 0
296 4013 4079 0
297 125114 125151 0
298 4060 4094 0
299 4052 4091 0
300 4009 4029 0
301 4062 4096 0
302 125122 125133 0
303 250148 250152 0
304 125108 125175 0
305 4010 4076 0
306 500141 500136 0
307 4021 4032 0
308 125110 125136 0
309 4030 4079 0
310 250135 250175 0
311 4043 4066 0
312 4014 4091 0
313 31402 31404 0
314 4036 4084 0
315 4031 4045 0
316 4028 4082 0
317 500184 500192 0
318 500110 500116 0
319 500144 500133 0
320 125169 125182 0
321 31425 31448 0
322 2102 2121 0
323 2080 2116 0
324 500114 500152 0
325 500129 500132 0
326 2076 2091 0
327 500141 500162 0
328 2099 2114 0
329 125122 125143 0
330 500120 500186 0
331 500158 500167 0
332 31389 31414 0
333 2078 2099 0
334 500123 500167 0
335 500106 500113 0
336 31405 31450 0
337 500127 500144 0
338 31377 31408 0
339 500136 500167 0
340 2061 2090 0
341 31379 31392 0
342 2062 2101 0
343 500102 500188 0
344 125116 125190 0
345 2061 2099 0
346 2089 2103 0
347 250185 250195 0
348 500144 500177 0
349 31419 31437 0
350 2069 2113 0
351 2056 2115 0
352 500153 500150 0
353 125115 125183 0
354 125163 125165 0
355 2093 2134 0
356 125149 125173 0
357 2094 2121 0
358 2115 2134 0
359 26 66 0
360 42 70 0
361 500151 500154 0
362 500103 500167 0
363 500136 500137 0
364 23 74 0
365 31407 31419 0
366 3 61 0
367 125167 125176 0
368 500165 500176 0
369 125126 125176 0
370 76 92 0
371 46 66 0
372 500107 500132 0
373 31391 31396 0
374 125128 125179 0
375 1 46 0
376 125183 125191 0
377 71 92 0
378 500164 500181 0
379 500129 500150 0
380 125109 125136 0
381 125136 125150 0
382 500106 500154 0
383 4 59 0
384 125118 125146 0
385 500112 500162 0
386 31355 31363 0
387 31 56 0
388 63 91 0
389 500109 500120 0
390 41 70 0
391 38 78 0
392 29 77 0
393 31352 31433 0
394 38 68 0
395 12 67 0
396 66 85 0
397 37 85 0
398 31384 31438 0
399 31351 31385 0
--------------
1000000 :c
1003414 :sum(p)
999999 :sum(w)
