400 :n
id p,w,x
--------------
0 91 45 1
1 73 17 1
2 4086 4039 1
3 4104 4029 1
4 4080 4029 1
5 4094 4021 1
6 4069 4007 1
7 4092 4047 1
8 4078 4043 1
9 4087 4051 1
10 2127 2094 1
11 2132 2114 1
12 2096 2064 1
13 2134 2115 1
14 2086 2056 1
15 2093 2054 1
16 2145 2107 1
17 2110 2085 1
18 2140 2099 1
19 2130 2110 1
20 2118 2088 1
21 2104 2086 1
22 2086 2064 1
23 2150 2055 1
24 84 70 1
25 93 14 1
26 100 23 1
27 92 28 1
28 38 23 1
29 39 21 1
30 92 3 1
31 100 17 1
32 4048 4015 1
33 82 17 1
34 80 47 1
35 100 9 1
36 95 17 1
37 86 58 1
38 31429 31363 1
39 7966 7923 1
40 4063 4030 1
41 7961 7918 1
42 7985 7920 1
43 31441 31383 1
44 4064 4041 1
45 7983 7942 1
46 31438 31351 1
47 15792 15726 1
48 31431 31357 1
49 4048 4016 1
50 4073 4048 1
51 4101 4078 1
52 31444 31382 1
53 31436 31370 1
54 15812 15748 1
55 4055 4030 1
56 8004 7977 1
57 15817 15731 1
58 7991 7951 1
59 7976 7929 1
60 7961 7934 1
61 7946 7913 1
62 4084 4062 1
63 8010 7971 1
64 15 11 1
65 57 52 1
66 90 84 1
67 46 45 0
68 2112 2095 1
69 2099 2085 1
70 2086 2073 1
71 4066 4048 1
72 4088 4070 1
73 2082 2073 1
74 2080 2073 1
75 4056 4043 1
76 7992 7969 1
77 7964 7944 1
78 4036 4026 1
79 7948 7930 1
80 15825 15790 1
81 4072 4063 1
82 15792 15758 1
83 7977 7960 1
84 15781 15748 1
85 7932 7916 1
86 7993 7977 1
87 15774 15744 1
88 7951 7936 1
89 2131 2127 0
90 8012 7997 1
91 15786 15758 1
92 31436 31383 1
93 7939 7926 1
94 31426 31375 1
95 31418 31369 1
96 15801 15777 1
97 62694 62601 1
98 62696 62604 1
99 2094 2076 1
100 31428 31382 1
101 2104 2101 0
102 62699 62613 1
103 15797 15777 1
104 94 8 1
105 31393 31352 1
106 15755 15734 1
107 8009 7999 0
108 15747 15728 0
109 15822 15803 0
110 8002 7999 0
111 2140 2138 0
112 2 43 0
113 15759 15741 1
114 62688 62623 0
115 62697 62632 0
116 4035 4031 0
117 4097 4103 0
118 2114 2112 0
119 7968 7961 0
120 31438 31412 0
121 15761 15749 0
122 15788 15776 0
123 7983 7977 0
124 15786 15775 0
125 15759 15749 0
126 15746 15738 0
127 15799 15794 0
128 15768 15765 0
129 15789 15786 0
130 4036 4036 0
131 4024 4027 0
132 4018 4022 0
133 81 83 1
134 57 59 0
135 93 97 0
136 125198 125130 0
137 62610 62609 0
138 62661 62647 0
139 62666 62660 0
140 250158 250152 0
141 62676 62665 0
142 62629 62613 0
143 125192 125109 0
144 125117 125109 0
145 125187 125136 0
146 500171 500144 0
147 62621 62604 0
148 500182 500116 0
149 125163 125103 0
150 250167 250114 0
151 125140 125109 0
152 500168 500120 0
153 62689 62669 0
154 125109 125105 0
155 500148 500115 0
156 500120 500101 0
157 125134 125103 0
158 125148 125109 0
159 500158 500123 0
160 62659 62625 0
161 500189 500177 0
162 500139 500125 0
163 500198 500177 0
164 125197 125123 0
165 125186 125167 0
166 500195 500190 0
167 500197 500107 0
168 125196 125153 0
169 31395 31378 0
170 31405 31400 0
171 125197 125185 0
172 500167 500143 0
173 62652 62632 0
174 125185 125139 0
175 125141 125104 0
176 125197 125188 0
177 15774 15773 0
178 250167 250102 0
179 250200 250106 0
180 500144 500106 0
181 250135 250112 0
182 250166 250106 0
183 500154 500110 0
184 250141 250122 0
185 62648 62640 0
186 31381 31369 0
187 250146 250106 0
188 31439 31435 0
189 500161 500104 0
190 250178 250127 0
191 250187 250134 0
192 500180 500168 0
193 250174 250142 0
194 250167 250148 0
195 31353 31352 0
196 31398 31380 0
197 500176 500139 0
198 500194 500153 0
199 62672 62654 0
200 250147 250134 0
201 500144 500118 0
202 500155 500117 0
203 250163 250117 0
204 62660 62637 0
205 62664 62643 0
206 62640 62611 0
207 31364 31384 0
208 500101 500125 0
209 500167 500168 0
210 31392 31398 0
211 31399 31419 0
212 500105 500174 0
213 500104 500109 0
214 500138 500196 0
215 31410 31426 0
216 31400 31421 0
217 500144 500159 0
218 500102 500102 0
219 31422 31438 0
220 62607 62624 0
221 62681 62693 0
222 500135 500161 0
223 15797 15803 0
224 15783 15792 0
225 62618 62641 0
226 62633 62638 0
227 62661 62669 0
228 500155 500182 0
229 62666 62687 0
230 62637 62672 0
231 62665 62678 0
232 500106 500130 0
233 250181 250196 0
234 500124 500186 0
235 62631 62642 0
236 62642 62645 0
237 62630 62663 0
238 62654 62665 0
239 125148 125175 0
240 125172 125182 0
241 125106 125135 0
242 125143 125172 0
243 125151 125180 0
244 125153 125176 0
245 125158 125195 0
246 125187 125198 0
247 125169 125195 0
248 125124 125128 0
249 125157 125166 0
250 500184 500195 0
251 125106 125159 0
252 125118 125118 0
253 500163 500192 0
254 125146 125191 0
255 125119 125188 0
256 125168 125187 0
257 125100 125175 0
258 500125 500183 0
259 125152 125188 0
260 250136 250174 0
261 125130 125172 0
262 125101 125103 0
263 125119 125172 0
264 500101 500126 0
265 250175 250183 0
266 250105 250133 0
267 250143 250160 0
268 250129 250135 0
269 250143 250179 0
270 250103 250116 0
271 250175 250175 0
272 250146 250156 0
273 250111 250122 0
274 250101 250116 0
275 250132 250169 0
276 250120 250132 0
277 250124 250186 0
278 250178 250185 0
279 250129 250157 0
280 500118 500182 0
281 250117 250149 0
282 250179 250184 0
283 500160 500196 0
284 250137 250144 0
285 250121 250200 0
286 250120 250183 0
287 250167 250177 0
288 500132 500180 0
289 250111 250180 0
290 250111 250138 0
291 250109 250198 0
292 500112 500138 0
293 15774 15782 0
294 15739 15743 0
295 500122 500124 0
296 62666 62622 0
297 62653 62624 0
298 125190 125187 0
299 125181 125109 0
300 62645 62639 0
301 4018 4034 0
302 7948 7971 0
303 4034 4069 0
304 7927 7948 0
305 4021 4041 0
306 4029 4068 0
307 4007 4055 0
308 7944 7975 0
309 7964 8009 0
310 4024 4105 0
311 7926 7953 0
312 7956 7992 0
313 7929 7970 0
314 4073 4092 0
315 4009 4074 0
316 8001 8007 0
317 7942 7961 0
318 4088 4099 0
319 7914 7957 0
320 7942 7955 0
321 7934 8008 0
322 7946 7963 0
323 2094 2124 0
324 7947 8007 0
325 7928 7972 0
326 2097 2105 0
327 2096 2150 0
328 2078 2101 0
329 2109 2148 0
330 7949 8011 0
331 2093 2115 0
332 2063 2098 0
333 2063 2075 0
334 7956 7983 0
335 15802 15815 0
336 2079 2141 0
337 2122 2146 0
338 2071 2121 0
339 15736 15806 0
340 15727 15818 0
341 2077 2107 0
342 15765 15793 0
343 2134 2144 0
344 15731 15744 0
345 15805 15825 0
346 15796 15808 0
347 15801 15824 0
348 15748 15812 0
349 15754 15802 0
350 15772 15810 0
351 2096 2122 0
352 15731 15825 0
353 15789 15800 0
354 31381 31430 0
355 31414 31444 0
356 31353 31389 0
357 2054 2148 0
358 2078 2134 0
359 9 85 0
360 4048 4098 0
361 31393 31419 0
362 31354 31427 0
363 31390 31412 0
364 31354 31431 0
365 65 84 0
366 31364 31400 0
367 31363 31432 0
368 31394 31439 0
369 3 85 0
370 4061 4091 0
371 31352 31378 0
372 31362 31406 0
373 31365 31389 0
374 37 85 0
375 39 87 0
376 31355 31435 0
377 20 61 0
378 31361 31398 0
379 31352 31385 0
380 62621 62670 0
381 62615 62686 0
382 32 100 0
383 36 74 0
384 62601 62681 0
385 62626 62677 0
386 4 87 0
387 53 64 0
388 29 70 0
389 5 32 0
390 68 87 0
391 5 40 0
392 70 97 0
393 25 51 0
394 62616 62665 0
395 4055 4069 0
396 62601 62664 0
397 125106 125198 0
398 4046 4094 0
399 4023 4099 0
--------------
1000000 :c
1004121 :sum(p)
999999 :sum(w)
