400 :n
id p,w,x
--------------
0 86 62 1
1 36 14 1
2 100 65 1
3 29 11 1
4 77 19 1
5 68 3 1
6 61 25 1
7 2124 2056 1
8 47 27 1
9 94 74 1
10 61 1 1
11 2126 2071 1
12 78 37 1
13 89 58 1
14 7952 7916 1
15 15791 15729 1
16 31449 31352 1
17 7966 7933 1
18 7991 7956 1
19 8004 7971 1
20 7950 7924 1
21 4096 4027 1
22 4102 4042 1
23 4098 4038 1
24 2091 2070 1
25 2123 2104 1
26 2136 2084 1
27 8006 7925 1
28 4104 4072 1
29 7985 7927 1
30 2136 2088 1
31 8012 7927 1
32 2103 2071 1
33 2119 2081 1
34 2128 2075 1
35 2125 2075 1
36 2108 2082 1
37 4101 4049 1
38 4050 4012 1
39 2107 2066 1
40 2112 2074 1
41 2108 2062 1
42 2147 2115 1
43 4095 4011 1
44 2120 2073 1
45 4087 4012 1
46 4092 4026 1
47 7955 7919 1
48 15794 15745 1
49 7973 7919 1
50 7976 7924 1
51 4045 4019 1
52 15820 15742 1
53 15825 15748 1
54 4032 4009 1
55 15811 15735 1
56 15823 15745 1
57 15818 15742 1
58 7993 7949 1
59 7991 7954 1
60 7974 7930 1
61 4058 4029 1
62 8007 7953 1
63 4061 4038 1
64 7957 7928 1
65 56 44 1
66 72 59 1
67 42 37 1
68 93 82 1
69 100 90 1
70 37 35 1
71 97 94 0
72 2151 2133 1
73 2079 2062 1
74 4044 4027 1
75 4048 4033 1
76 4090 4075 1
77 4093 4078 1
78 2078 2071 1
79 4089 4076 1
80 4104 4092 1
81 7969 7946 1
82 8008 7985 1
83 4084 4073 1
84 7994 7974 1
85 7996 7977 1
86 15792 15755 1
87 31423 31354 1
88 15815 15781 1
89 31448 31381 1
90 31419 31353 1
91 4038 4030 1
92 31420 31359 1
93 7961 7946 1
94 15794 15765 1
95 7978 7964 1
96 4042 4035 1
97 15779 15752 1
98 31416 31363 1
99 31426 31377 1
100 15815 15791 1
101 7948 7936 1
102 15752 15729 1
103 2106 2103 1
104 4029 4011 1
105 15801 15779 1
106 4081 4076 1
107 15819 15800 1
108 62681 62613 1
109 15753 15739 0
110 100 4 1
111 62677 62615 1
112 62666 62611 1
113 62686 62636 0
114 31392 31367 0
115 62691 62674 0
116 15824 15816 1
117 84 97 0
118 4061 4058 1
119 31421 31398 0
120 125197 125109 0
121 15783 15772 0
122 31415 31394 0
123 2145 2144 1
124 31373 31353 0
125 31408 31388 0
126 7987 7982 1
127 15791 15782 0
128 4048 4046 0
129 62631 62601 0
130 62690 62660 0
131 62667 62638 0
132 62672 62643 0
133 15783 15776 0
134 125173 125118 0
135 125180 125126 0
136 62663 62636 0
137 31379 31366 0
138 62662 62638 0
139 31374 31362 0
140 125158 125111 0
141 125198 125152 0
142 125147 125105 0
143 125149 125107 0
144 125154 125114 0
145 31390 31380 0
146 15804 15799 0
147 62640 62621 0
148 31365 31356 0
149 125135 125101 0
150 125185 125151 0
151 125158 125125 0
152 62671 62655 0
153 125138 125110 0
154 62660 62646 0
155 125157 125132 0
156 125132 125108 0
157 125136 125113 0
158 62628 62617 0
159 125167 125146 0
160 62669 62662 0
161 62672 62665 0
162 31432 31430 0
163 8010 8010 0
164 2140 2140 1
165 15796 15797 0
166 62602 62606 0
167 31369 31374 0
168 31432 31438 0
169 31400 31406 0
170 62672 62684 0
171 62624 62636 0
172 62617 62631 0
173 4018 4019 0
174 62646 62663 0
175 62624 62641 0
176 62602 62619 0
177 62646 62664 0
178 15808 15813 0
179 62671 62692 0
180 62664 62687 0
181 62660 62686 0
182 62662 62689 0
183 15758 15765 0
184 31412 31426 0
185 31356 31370 0
186 2107 2108 1
187 31367 31383 0
188 31414 31431 0
189 15804 15813 0
190 31426 31445 0
191 31418 31437 0
192 31405 31427 0
193 31382 31404 0
194 7951 7957 0
195 15789 15801 0
196 15737 15749 0
197 15788 15802 0
198 15731 15745 0
199 15729 15743 0
200 31397 31426 0
201 31362 31391 0
202 31381 31412 0
203 7976 7984 0
204 31399 31431 0
205 15772 15789 0
206 15752 15771 0
207 15736 15755 0
208 31374 31414 0
209 31352 31394 0
210 2141 2144 0
211 4015 4021 0
212 15748 15772 0
213 31356 31404 0
214 31376 31427 0
215 15781 15811 0
216 7948 7964 0
217 7919 7935 0
218 4071 4080 0
219 7958 7978 0
220 2106 2112 0
221 7974 7998 0
222 15759 15811 0
223 7949 7978 0
224 15733 15795 0
225 15733 15796 0
226 4064 4081 0
227 4016 4033 0
228 2070 2083 0
229 62 64 0
230 88 95 0
231 73 87 0
232 24 35 0
233 125111 125198 0
234 125120 125138 0
235 125104 125146 0
236 125159 125170 0
237 31351 31431 0
238 125116 125170 0
239 125150 125156 0
240 125129 125196 0
241 31358 31440 0
242 125105 125101 0
243 125140 125186 0
244 125169 125195 0
245 125161 125172 0
246 125115 125147 0
247 125109 125182 0
248 125193 125195 0
249 250189 250147 0
250 250157 250159 0
251 250179 250196 0
252 250185 250156 0
253 250114 250149 0
254 250161 250107 0
255 250178 250142 0
256 125148 125156 0
257 250172 250141 0
258 250133 250103 0
259 250157 250177 0
260 250189 250129 0
261 31354 31439 0
262 125198 125185 0
263 250164 250181 0
264 250139 250173 0
265 250154 250170 0
266 250130 250186 0
267 250122 250141 0
268 250142 250184 0
269 250195 250176 0
270 250152 250166 0
271 250107 250158 0
272 250107 250191 0
273 31371 31439 0
274 250174 250196 0
275 250123 250186 0
276 125156 125152 0
277 250196 250200 0
278 250141 250148 0
279 250102 250106 0
280 125123 125124 0
281 250164 250126 0
282 62611 62686 0
283 250117 250174 0
284 250129 250125 0
285 250190 250191 0
286 250178 250173 0
287 250136 250134 0
288 250154 250125 0
289 250129 250148 0
290 250150 250155 0
291 62614 62690 0
292 250183 250127 0
293 250121 250112 0
294 250120 250130 0
295 250122 250180 0
296 250198 250127 0
297 500143 500116 0
298 62606 62662 0
299 500162 500126 0
300 500181 500140 0
301 125100 125131 0
302 500185 500181 0
303 500194 500159 0
304 500181 500146 0
305 500136 500115 0
306 500132 500135 0
307 500108 500181 0
308 500112 500160 0
309 500168 500122 0
310 500152 500186 0
311 500199 500166 0
312 62631 62699 0
313 500117 500110 0
314 500146 500187 0
315 500168 500125 0
316 500185 500160 0
317 500102 500154 0
318 500162 500184 0
319 500141 500154 0
320 500157 500184 0
321 500185 500155 0
322 62655 62687 0
323 500200 500144 0
324 500138 500119 0
325 500134 500151 0
326 125151 125176 0
327 500111 500171 0
328 500154 500118 0
329 500178 500197 0
330 500143 500173 0
331 500124 500145 0
332 500119 500162 0
333 500142 500126 0
334 500175 500136 0
335 62610 62670 0
336 62612 62646 0
337 500146 500169 0
338 500156 500115 0
339 500176 500141 0
340 500187 500176 0
341 500115 500173 0
342 62616 62669 0
343 500117 500156 0
344 500109 500193 0
345 62632 62699 0
346 62614 62700 0
347 125135 125119 0
348 125141 125123 0
349 62604 62691 0
350 125114 125164 0
351 125110 125180 0
352 2107 2152 0
353 2125 2151 0
354 2100 2132 0
355 2085 2131 0
356 2079 2109 0
357 2102 2118 0
358 2066 2138 0
359 14 73 0
360 2055 2069 0
361 25 82 0
362 4033 4058 0
363 4018 4083 0
364 54 80 0
365 36 84 0
366 2075 2128 0
367 4060 4083 0
368 4047 4102 0
369 47 64 0
370 60 80 0
371 4056 4079 0
372 4027 4050 0
373 4016 4094 0
374 4023 4041 0
375 4030 4073 0
376 7958 8010 0
377 7938 8010 0
378 2075 2140 0
379 7942 8001 0
380 7923 7985 0
381 7920 7996 0
382 15 32 0
383 37 79 0
384 6 83 0
385 7921 7958 0
386 5 55 0
387 7916 8011 0
388 66 95 0
389 7968 8009 0
390 2085 2132 0
391 47 95 0
392 13 34 0
393 58 78 0
394 2065 2080 0
395 15750 15825 0
396 15742 15811 0
397 3 44 0
398 2105 2148 0
399 2077 2141 0
--------------
1000000 :c
1004300 :sum(p)
1000000 :sum(w)
