400 :n
id p,w,x
--------------
0 2106 2068 1
1 2123 2064 1
2 15824 15734 1
3 63 39 1
4 15815 15739 1
5 7960 7920 1
6 96 44 1
7 2121 2094 1
8 77 1 1
9 2120 2091 1
10 7966 7917 1
11 2139 2059 1
12 8006 7920 1
13 56 6 1
14 2116 2054 1
15 2128 2056 1
16 7981 7932 1
17 8003 7957 1
18 7993 7936 1
19 90 64 1
20 4092 4012 1
21 90 30 1
22 53 23 1
23 89 7 1
24 37 4 1
25 46 14 1
26 4069 4010 1
27 4065 4023 1
28 4095 4042 1
29 4049 4020 1
30 4062 4023 1
31 4105 4044 1
32 4067 4013 1
33 4105 4058 1
34 4091 4044 1
35 4057 4007 1
36 46 19 1
37 4106 4064 1
38 4052 4016 1
39 4094 4010 1
40 93 50 1
41 54 5 1
42 4096 4064 1
43 4103 4064 1
44 4099 4057 1
45 74 54 1
46 43 23 1
47 4086 4030 1
48 2135 2103 1
49 2111 2067 1
50 2146 2072 1
51 2111 2089 1
52 4097 4061 1
53 2121 2054 1
54 15823 15749 1
55 2150 2120 1
56 15802 15760 1
57 15785 15734 1
58 31436 31369 1
59 15805 15759 1
60 15790 15741 1
61 31444 31372 1
62 7956 7925 1
63 7968 7932 1
64 8007 7974 1
65 15795 15733 1
66 15814 15768 1
67 31427 31356 1
68 15768 15727 1
69 15772 15727 1
70 31435 31375 1
71 19 3 1
72 28 13 1
73 48 38 1
74 80 65 1
75 94 79 1
76 15 14 1
77 93 87 1
78 2084 2065 1
79 2075 2058 1
80 2126 2109 1
81 2101 2086 1
82 4053 4031 1
83 2134 2126 1
84 4090 4076 1
85 2133 2126 1
86 7963 7937 1
87 7982 7956 1
88 2099 2093 1
89 8004 7982 1
90 7988 7967 1
91 4086 4076 1
92 7938 7919 1
93 7949 7932 1
94 2130 2126 1
95 31417 31364 1
96 7940 7927 1
97 31414 31363 1
98 31422 31371 1
99 15821 15797 1
100 62693 62606 1
101 62692 62611 1
102 31414 31376 1
103 15758 15739 1
104 62696 62624 1
105 90 65 1
106 62674 62602 1
107 7959 7950 0
108 62696 62626 0
109 31441 31450 0
110 15775 15797 0
111 62684 62621 0
112 15812 15798 0
113 62686 62626 0
114 31382 31353 1
115 31384 31355 0
116 31417 31389 0
117 62670 62616 0
118 125196 125100 0
119 2134 2145 0
120 7971 7965 0
121 4091 4088 0
122 15811 15800 0
123 62674 62633 0
124 125199 125120 0
125 7982 7977 0
126 125183 125105 0
127 62670 62632 0
128 62678 62643 0
129 62647 62613 0
130 125194 125128 0
131 4058 4056 0
132 7969 7966 0
133 15741 15736 0
134 7961 7959 0
135 15758 15756 0
136 7924 7925 0
137 7930 7935 0
138 4028 4033 0
139 4042 4049 0
140 4081 4089 0
141 2126 2131 1
142 4076 4087 0
143 2128 2136 0
144 2134 2148 0
145 66 67 0
146 85 95 0
147 51 60 0
148 70 85 0
149 12 15 1
150 34 49 0
151 19 33 0
152 8 18 0
153 250154 250105 0
154 250191 250160 0
155 500197 500118 0
156 125168 125137 0
157 250195 250125 0
158 125172 125143 0
159 31365 31351 0
160 250173 250102 0
161 31416 31408 0
162 31367 31354 0
163 250164 250105 0
164 500197 500101 0
165 250187 250132 0
166 250184 250125 0
167 500186 500106 0
168 62644 62617 0
169 62663 62633 0
170 125150 125107 0
171 500182 500122 0
172 62616 62617 0
173 500194 500161 0
174 125131 125118 0
175 500120 500127 0
176 500156 500121 0
177 500181 500189 0
178 62686 62681 0
179 500111 500112 0
180 62627 62625 0
181 500141 500104 0
182 125192 125186 0
183 500190 500171 0
184 250164 250152 0
185 250143 250137 0
186 125139 125136 0
187 125139 125131 0
188 250186 250170 0
189 125160 125157 0
190 125192 125180 0
191 125174 125164 0
192 125133 125127 0
193 500123 500109 0
194 31420 31418 0
195 125185 125174 0
196 250125 250108 0
197 250197 250182 0
198 250158 250149 0
199 250185 250178 0
200 250165 250157 0
201 500114 500118 0
202 500200 500160 0
203 500167 500157 0
204 500131 500117 0
205 62688 62669 0
206 500200 500142 0
207 500162 500102 0
208 62624 62613 0
209 500170 500118 0
210 125167 125112 0
211 250191 250130 0
212 250156 250130 0
213 250148 250104 0
214 31400 31385 0
215 125178 125144 0
216 125125 125101 0
217 62678 62650 0
218 500179 500121 0
219 125159 125105 0
220 250188 250125 0
221 31369 31362 0
222 15744 15789 0
223 31438 31439 0
224 15730 15740 0
225 15727 15815 0
226 15739 15742 0
227 15741 15792 0
228 31401 31408 0
229 15727 15763 0
230 15729 15759 0
231 31416 31450 0
232 31387 31436 0
233 31398 31402 0
234 31351 31435 0
235 31403 31435 0
236 31358 31413 0
237 15742 15770 0
238 15738 15755 0
239 31357 31430 0
240 15748 15814 0
241 7919 8007 0
242 7964 7983 0
243 7975 7988 0
244 31365 31372 0
245 15758 15792 0
246 31360 31434 0
247 7985 8007 0
248 31359 31445 0
249 31360 31403 0
250 7984 7998 0
251 31368 31415 0
252 7943 7984 0
253 31367 31422 0
254 7961 7975 0
255 31360 31420 0
256 62620 62682 0
257 7962 8008 0
258 62648 62694 0
259 7915 7940 0
260 62602 62700 0
261 7924 7941 0
262 62630 62695 0
263 7922 8006 0
264 7945 7992 0
265 62639 62690 0
266 7919 7985 0
267 7976 7993 0
268 62624 62658 0
269 62651 62678 0
270 7943 7960 0
271 62635 62638 0
272 62617 62619 0
273 7976 7995 0
274 62633 62641 0
275 7938 7953 0
276 62632 62699 0
277 62627 62683 0
278 62626 62683 0
279 62647 62680 0
280 62644 62676 0
281 31361 31371 0
282 62648 62685 0
283 4017 4086 0
284 62607 62613 0
285 62619 62645 0
286 62640 62682 0
287 62620 62686 0
288 125135 125151 0
289 4053 4069 0
290 125114 125152 0
291 31393 31411 0
292 125155 125195 0
293 125143 125160 0
294 4009 4044 0
295 15747 15770 0
296 125118 125182 0
297 4042 4094 0
298 125123 125158 0
299 125104 125111 0
300 4037 4058 0
301 4009 4098 0
302 125158 125178 0
303 4060 4076 0
304 125182 125192 0
305 125117 125131 0
306 125141 125159 0
307 125153 125182 0
308 4018 4056 0
309 125101 125159 0
310 4028 4043 0
311 4021 4103 0
312 125150 125156 0
313 125121 125125 0
314 31357 31382 0
315 125147 125158 0
316 4023 4089 0
317 125159 125181 0
318 4011 4055 0
319 125125 125142 0
320 125102 125174 0
321 2069 2098 0
322 2085 2117 0
323 125111 125131 0
324 250105 250122 0
325 2101 2119 0
326 250103 250135 0
327 250157 250199 0
328 250127 250159 0
329 250115 250128 0
330 31359 31424 0
331 2092 2124 0
332 250110 250125 0
333 250177 250196 0
334 2057 2113 0
335 2073 2094 0
336 15759 15790 0
337 2090 2139 0
338 2061 2116 0
339 250142 250167 0
340 250104 250180 0
341 250160 250179 0
342 250113 250172 0
343 250123 250139 0
344 250114 250119 0
345 250112 250119 0
346 250131 250158 0
347 2056 2093 0
348 2095 2119 0
349 2121 2144 0
350 2055 2085 0
351 15741 15771 0
352 2106 2132 0
353 2104 2124 0
354 250143 250178 0
355 31356 31384 0
356 2093 2122 0
357 250124 250141 0
358 250132 250156 0
359 250101 250189 0
360 250145 250197 0
361 250121 250198 0
362 15750 15816 0
363 500158 500183 0
364 72 99 0
365 500148 500197 0
366 500125 500196 0
367 500129 500162 0
368 500164 500184 0
369 500106 500194 0
370 500135 500164 0
371 500135 500185 0
372 500107 500133 0
373 500102 500197 0
374 31400 31404 0
375 15808 15809 0
376 500108 500116 0
377 21 64 0
378 500149 500158 0
379 500110 500182 0
380 500124 500172 0
381 500110 500161 0
382 25 74 0
383 8 63 0
384 49 73 0
385 2 96 0
386 15745 15766 0
387 15726 15754 0
388 500120 500134 0
389 500167 500187 0
390 7 68 0
391 15759 15798 0
392 500104 500164 0
393 500131 500175 0
394 17 43 0
395 500119 500187 0
396 13 33 0
397 15771 15818 0
398 15731 15808 0
399 15786 15812 0
--------------
1000000 :c
1004462 :sum(p)
1000000 :sum(w)
