400 :n
id p,w,x
--------------
0 31402 31351 1
1 31444 31393 1
2 2143 2082 1
3 2124 2080 1
4 2121 2070 1
5 31447 31351 1
6 31417 31360 1
7 53 12 1
8 15806 15764 1
9 15825 15756 1
10 15779 15747 1
11 2127 2101 1
12 2119 2074 1
13 2114 2076 1
14 15819 15738 1
15 4106 4066 1
16 4070 4042 1
17 4067 4015 1
18 2144 2110 1
19 4106 4066 1
20 4091 4019 1
21 15821 15740 1
22 2127 2066 1
23 4084 4017 1
24 4085 4038 1
25 4040 4021 1
26 4065 4009 1
27 2141 2081 1
28 4100 4080 1
29 4071 4047 1
30 4046 4010 1
31 15763 15733 1
32 15777 15738 1
33 4073 4021 1
34 100 51 1
35 4092 4024 1
36 4066 4028 1
37 48 1 1
38 15819 15783 1
39 4105 4022 1
40 4059 4033 1
41 94 8 1
42 15798 15744 1
43 62 31 1
44 44 28 1
45 4060 4030 1
46 4084 4030 1
47 7977 7944 1
48 7983 7918 1
49 7993 7957 1
50 97 71 1
51 7961 7939 1
52 7980 7916 1
53 8004 7958 1
54 7988 7933 1
55 8001 7979 1
56 95 53 1
57 63 34 1
58 7965 7945 1
59 7948 7924 1
60 29 5 1
61 7944 7924 1
62 7992 7923 1
63 65 37 1
64 7983 7922 1
65 93 15 1
66 34 10 1
67 16 6 1
68 20 13 1
69 70 68 1
70 58 57 1
71 2142 2128 1
72 2108 2095 1
73 2106 2094 1
74 2110 2098 1
75 2106 2095 1
76 2144 2133 1
77 2094 2086 1
78 4057 4044 1
79 7950 7932 1
80 4016 4007 1
81 4062 4054 1
82 8004 7990 1
83 4052 4045 1
84 7960 7949 1
85 15763 15743 1
86 4029 4024 1
87 15806 15787 1
88 31420 31384 1
89 31431 31395 1
90 7943 7934 1
91 15767 15750 1
92 62680 62614 1
93 7931 7923 1
94 8009 8001 0
95 7930 7923 1
96 7938 7931 1
97 62699 62644 1
98 31441 31414 1
99 2102 2085 1
100 62654 62601 1
101 31399 31372 1
102 31425 31398 0
103 62657 62605 1
104 15767 15754 1
105 62699 62650 0
106 31436 31414 0
107 66 97 0
108 62662 62612 0
109 31402 31377 0
110 62660 62612 0
111 15746 15735 0
112 2114 2119 0
113 15771 15761 0
114 125182 125107 0
115 125192 125120 0
116 125170 125100 0
117 125192 125122 0
118 62662 62629 0
119 125182 125117 0
120 62682 62650 0
121 125163 125100 0
122 4043 4041 0
123 62677 62646 0
124 125154 125101 0
125 125162 125113 0
126 125159 125115 0
127 31424 31413 0
128 8010 8008 0
129 15777 15775 0
130 7935 7934 0
131 7991 7991 0
132 7946 7949 0
133 4043 4045 0
134 4031 4033 0
135 7983 7987 0
136 2127 2129 1
137 2146 2149 0
138 2091 2099 0
139 62645 62641 0
140 250118 250112 0
141 500157 500106 0
142 62630 62619 0
143 250192 250137 0
144 250191 250114 0
145 62679 62668 0
146 250188 250134 0
147 62625 62608 0
148 500186 500147 0
149 62676 62671 0
150 500192 500136 0
151 500198 500140 0
152 500189 500159 0
153 500196 500131 0
154 250171 250119 0
155 500188 500143 0
156 250135 250112 0
157 250142 250102 0
158 250187 250115 0
159 250158 250132 0
160 31381 31372 0
161 250196 250149 0
162 125176 125165 0
163 500184 500107 0
164 250188 250148 0
165 500159 500134 0
166 125122 125101 0
167 125187 125173 0
168 250175 250150 0
169 62612 62605 0
170 500199 500193 0
171 250171 250121 0
172 250180 250143 0
173 125120 125106 0
174 500182 500178 0
175 31375 31365 0
176 500142 500135 0
177 500177 500152 0
178 500176 500159 0
179 250136 250103 0
180 125165 125163 0
181 500149 500109 0
182 250147 250145 0
183 125195 125168 0
184 250140 250115 0
185 250121 250116 0
186 31398 31388 0
187 125144 125116 0
188 500158 500126 0
189 125197 125173 0
190 125185 125171 0
191 500166 500154 0
192 62629 62608 0
193 500150 500140 0
194 250181 250104 0
195 250194 250138 0
196 62629 62627 0
197 62652 62633 0
198 250182 250156 0
199 250162 250116 0
200 62696 62686 0
201 250191 250147 0
202 500144 500126 0
203 15751 15776 0
204 15726 15745 0
205 15788 15814 0
206 31403 31417 0
207 31386 31442 0
208 15812 15822 0
209 31367 31412 0
210 250175 250195 0
211 15731 15755 0
212 15734 15762 0
213 15736 15769 0
214 31370 31386 0
215 15743 15807 0
216 15797 15819 0
217 31375 31445 0
218 15736 15758 0
219 31390 31425 0
220 15788 15820 0
221 250175 250193 0
222 15757 15821 0
223 15758 15775 0
224 31351 31448 0
225 15747 15799 0
226 15781 15802 0
227 15779 15800 0
228 250160 250188 0
229 31376 31406 0
230 31382 31388 0
231 31366 31407 0
232 15729 15764 0
233 15777 15791 0
234 250135 250192 0
235 31421 31425 0
236 15762 15811 0
237 15746 15759 0
238 31388 31408 0
239 125111 125166 0
240 125179 125180 0
241 31390 31434 0
242 31354 31429 0
243 31388 31389 0
244 250121 250138 0
245 31401 31423 0
246 250178 250197 0
247 31366 31438 0
248 31404 31409 0
249 7959 7991 0
250 250114 250130 0
251 250140 250184 0
252 31414 31436 0
253 62619 62664 0
254 250168 250183 0
255 62603 62669 0
256 62603 62651 0
257 7976 7986 0
258 250146 250197 0
259 250103 250179 0
260 250129 250161 0
261 62617 62690 0
262 7956 7980 0
263 62638 62685 0
264 62633 62641 0
265 62657 62675 0
266 7943 7963 0
267 62619 62671 0
268 250153 250180 0
269 7946 7975 0
270 15734 15782 0
271 62616 62645 0
272 62631 62663 0
273 8002 8011 0
274 62602 62611 0
275 250123 250141 0
276 62601 62676 0
277 62698 62699 0
278 250156 250178 0
279 62683 62698 0
280 62659 62691 0
281 250110 250194 0
282 62643 62662 0
283 250193 250197 0
284 62637 62681 0
285 62654 62687 0
286 500139 500156 0
287 62610 62691 0
288 500182 500183 0
289 62626 62670 0
290 125152 125196 0
291 500133 500178 0
292 500115 500132 0
293 500105 500109 0
294 500154 500163 0
295 500139 500144 0
296 125102 125155 0
297 31357 31413 0
298 125148 125180 0
299 125128 125145 0
300 500113 500141 0
301 125107 125198 0
302 125159 125178 0
303 4091 4106 0
304 125177 125195 0
305 125101 125124 0
306 500157 500162 0
307 125137 125199 0
308 500125 500154 0
309 125166 125165 0
310 125133 125144 0
311 125113 125143 0
312 4078 4093 0
313 500157 500196 0
314 500106 500175 0
315 500113 500174 0
316 31413 31437 0
317 500128 500184 0
318 31351 31426 0
319 500107 500147 0
320 125114 125167 0
321 500153 500171 0
322 125161 125174 0
323 31420 31447 0
324 500166 500182 0
325 125119 125120 0
326 500117 500119 0
327 31419 31423 0
328 500160 500175 0
329 125146 125155 0
330 500144 500155 0
331 125139 125144 0
332 125186 125186 0
333 500132 500196 0
334 125124 125138 0
335 31385 31393 0
336 125166 125186 0
337 2063 2140 0
338 2104 2114 0
339 2080 2103 0
340 2084 2122 0
341 2101 2111 0
342 2113 2142 0
343 2106 2150 0
344 2092 2107 0
345 2089 2114 0
346 2124 2134 0
347 4019 4037 0
348 4015 4101 0
349 2107 2119 0
350 2065 2136 0
351 4024 4104 0
352 2063 2147 0
353 2065 2121 0
354 2100 2109 0
355 4020 4084 0
356 2078 2099 0
357 2062 2143 0
358 2126 2147 0
359 4049 4079 0
360 4024 4085 0
361 89 98 0
362 4041 4060 0
363 40 65 0
364 4079 4106 0
365 89 100 0
366 33 38 0
367 5 71 0
368 9 46 0
369 9 100 0
370 30 64 0
371 1 41 0
372 4037 4100 0
373 79 83 0
374 9 87 0
375 4015 4062 0
376 4044 4091 0
377 68 84 0
378 27 39 0
379 7918 7960 0
380 34 59 0
381 13 46 0
382 7920 7973 0
383 24 54 0
384 7931 7972 0
385 26 67 0
386 7916 7968 0
387 7963 8004 0
388 7936 8004 0
389 62 77 0
390 7924 8004 0
391 38 99 0
392 7959 8004 0
393 15735 15823 0
394 36 86 0
395 24 29 0
396 15750 15818 0
397 36 54 0
398 15744 15811 0
399 2110 2119 0
--------------
1000000 :c
1003702 :sum(p)
1000000 :sum(w)
