400 :n
id p,w,x
--------------
0 15809 15731 1
1 15809 15736 1
2 58 5 1
3 74 11 1
4 34 12 1
5 87 35 1
6 97 30 1
7 15811 15731 1
8 44 28 1
9 7984 7947 1
10 53 2 1
11 94 77 1
12 8011 7917 1
13 86 38 1
14 8006 7942 1
15 7994 7947 1
16 71 26 1
17 48 9 1
18 99 19 1
19 63 5 1
20 2117 2099 1
21 2138 2085 1
22 2075 2059 1
23 2122 2086 1
24 2107 2069 1
25 2130 2098 1
26 8009 7935 1
27 2151 2075 1
28 2150 2085 1
29 2107 2059 1
30 2140 2114 1
31 2123 2100 1
32 7964 7920 1
33 2083 2059 1
34 2119 2099 1
35 2141 2055 1
36 4100 4062 1
37 4095 4028 1
38 4054 4021 1
39 4091 4032 1
40 4066 4024 1
41 4079 4059 1
42 4048 4009 1
43 4101 4010 1
44 4091 4016 1
45 4044 4007 1
46 4071 4034 1
47 4071 4030 1
48 4070 4015 1
49 4105 4057 1
50 7980 7929 1
51 7999 7917 1
52 7979 7926 1
53 22 12 1
54 14 9 1
55 29 19 1
56 95 82 1
57 55 51 1
58 2146 2134 1
59 2102 2091 1
60 4053 4035 1
61 7947 7913 1
62 2134 2125 1
63 15821 15761 1
64 4067 4052 1
65 7961 7932 1
66 15784 15727 1
67 7994 7966 1
68 15799 15745 1
69 15822 15768 1
70 15803 15751 1
71 4049 4036 1
72 15785 15737 1
73 15785 15739 1
74 7961 7939 1
75 15800 15759 1
76 15803 15762 1
77 4053 4043 1
78 2062 2057 0
79 7952 7935 1
80 15759 15727 1
81 7931 7916 1
82 2146 2142 1
83 31441 31384 1
84 4057 4050 1
85 31436 31382 1
86 31412 31360 1
87 15823 15798 1
88 7934 7922 1
89 15793 15770 1
90 62700 62610 1
91 7943 7932 1
92 62689 62605 1
93 31409 31367 1
94 4042 4037 1
95 31423 31385 1
96 31441 31403 1
97 31430 31394 1
98 15779 15761 1
99 15750 15733 1
100 31450 31422 0
101 79 54 1
102 62681 62616 1
103 7985 7978 1
104 62686 62634 0
105 31396 31371 1
106 31445 31444 0
107 15798 15814 0
108 250126 250159 0
109 31401 31376 0
110 62670 62622 0
111 7920 7914 1
112 7945 7939 1
113 125197 125108 0
114 4087 4103 0
115 62691 62648 0
116 31394 31373 0
117 62689 62649 0
118 7947 7942 1
119 62662 62624 0
120 31385 31366 0
121 31440 31422 0
122 62700 62666 0
123 62694 62662 0
124 125190 125130 0
125 62692 62662 0
126 31417 31403 0
127 15780 15773 0
128 125188 125135 0
129 31414 31401 0
130 125181 125136 0
131 62673 62652 0
132 62680 62660 0
133 250182 250107 0
134 125190 125153 0
135 250178 250107 0
136 125198 125164 0
137 62628 62611 0
138 62656 62639 0
139 250173 250106 0
140 250176 250109 0
141 250192 250129 0
142 7963 7961 0
143 7965 7963 1
144 250166 250104 0
145 125189 125158 0
146 250182 250126 0
147 125184 125156 0
148 62617 62603 0
149 62700 62686 0
150 250193 250139 0
151 125179 125155 0
152 15756 15753 0
153 500194 500118 0
154 250145 250109 0
155 250191 250155 0
156 500191 500121 0
157 125193 125176 0
158 500185 500120 0
159 250183 250151 0
160 62624 62616 0
161 31383 31379 0
162 500172 500111 0
163 125155 125140 0
164 500174 500117 0
165 250155 250127 0
166 62643 62636 0
167 500157 500108 0
168 125140 125128 0
169 31434 31431 0
170 62659 62654 0
171 250172 250153 0
172 500179 500148 0
173 500192 500166 0
174 500160 500135 0
175 500132 500108 0
176 4020 4021 0
177 7950 7954 0
178 4072 4075 0
179 7948 7954 0
180 4080 4087 0
181 4074 4081 0
182 2068 2072 0
183 2062 2066 0
184 2112 2118 0
185 2067 2077 0
186 46 54 0
187 61 74 0
188 3 6 0
189 4 15 0
190 62668 62695 0
191 31355 31378 0
192 62658 62688 0
193 62661 62666 0
194 31351 31415 0
195 31352 31412 0
196 31410 31413 0
197 31407 31442 0
198 31369 31410 0
199 62652 62669 0
200 62604 62606 0
201 15754 15820 0
202 15784 15798 0
203 15767 15776 0
204 62648 62667 0
205 15735 15739 0
206 62608 62664 0
207 62660 62659 0
208 15783 15818 0
209 15757 15821 0
210 15765 15816 0
211 15730 15809 0
212 15772 15783 0
213 15783 15810 0
214 15777 15778 0
215 31363 31450 0
216 62601 62638 0
217 15731 15774 0
218 62617 62691 0
219 15773 15820 0
220 62603 62664 0
221 62644 62669 0
222 15727 15801 0
223 15787 15823 0
224 62632 62670 0
225 15762 15803 0
226 62605 62625 0
227 15750 15812 0
228 62685 62687 0
229 62656 62661 0
230 62655 62676 0
231 15740 15763 0
232 62605 62679 0
233 250162 250180 0
234 125102 125176 0
235 15740 15743 0
236 125119 125194 0
237 15772 15823 0
238 125186 125185 0
239 7988 8008 0
240 7927 7939 0
241 8002 8010 0
242 250125 250180 0
243 250130 250152 0
244 7931 7944 0
245 125111 125156 0
246 7932 7984 0
247 125174 125180 0
248 250165 250183 0
249 125110 125188 0
250 250160 250152 0
251 250184 250173 0
252 125183 125187 0
253 7970 8010 0
254 7924 8004 0
255 7928 7969 0
256 125114 125173 0
257 7927 7976 0
258 31354 31430 0
259 125124 125158 0
260 7913 7981 0
261 250125 250182 0
262 7918 7991 0
263 7980 8008 0
264 125181 125178 0
265 125111 125131 0
266 125102 125108 0
267 125114 125161 0
268 7962 7986 0
269 125152 125195 0
270 62635 62694 0
271 125104 125171 0
272 125133 125197 0
273 125108 125148 0
274 250113 250147 0
275 7941 7979 0
276 125153 125162 0
277 125116 125147 0
278 7914 7953 0
279 4030 4103 0
280 250117 250106 0
281 31413 31442 0
282 250141 250141 0
283 250123 250182 0
284 4026 4100 0
285 4015 4037 0
286 250108 250175 0
287 125102 125155 0
288 125138 125145 0
289 4081 4092 0
290 4017 4037 0
291 125104 125160 0
292 4012 4066 0
293 31396 31411 0
294 4031 4044 0
295 4044 4076 0
296 4061 4075 0
297 250128 250191 0
298 62688 62700 0
299 4077 4100 0
300 250116 250133 0
301 125131 125152 0
302 250130 250164 0
303 31408 31408 0
304 250132 250173 0
305 500119 500150 0
306 125176 125171 0
307 500162 500163 0
308 4013 4085 0
309 125151 125170 0
310 125111 125123 0
311 500174 500179 0
312 4008 4053 0
313 4023 4095 0
314 31367 31434 0
315 500108 500121 0
316 4027 4040 0
317 125106 125195 0
318 4022 4041 0
319 2059 2120 0
320 2076 2140 0
321 2092 2112 0
322 125109 125140 0
323 2071 2103 0
324 500107 500145 0
325 2055 2095 0
326 2076 2113 0
327 2084 2108 0
328 500200 500178 0
329 500155 500172 0
330 500190 500179 0
331 31397 31416 0
332 250122 250146 0
333 500115 500184 0
334 2093 2123 0
335 2071 2110 0
336 2086 2117 0
337 500149 500132 0
338 250188 250189 0
339 500142 500187 0
340 2097 2118 0
341 2056 2130 0
342 2065 2137 0
343 500132 500125 0
344 2065 2139 0
345 2088 2129 0
346 31411 31423 0
347 500114 500200 0
348 2079 2114 0
349 500144 500127 0
350 500109 500114 0
351 500169 500191 0
352 250121 250169 0
353 250116 250162 0
354 500166 500155 0
355 2066 2093 0
356 31395 31415 0
357 500128 500194 0
358 31381 31439 0
359 11 35 0
360 500157 500139 0
361 250177 250173 0
362 62 93 0
363 31364 31385 0
364 32 80 0
365 500141 500142 0
366 28 93 0
367 500103 500128 0
368 250153 250172 0
369 500167 500181 0
370 500115 500140 0
371 43 60 0
372 250137 250172 0
373 47 69 0
374 500192 500194 0
375 10 86 0
376 54 97 0
377 21 74 0
378 12 90 0
379 500162 500181 0
380 31426 31431 0
381 31356 31406 0
382 500175 500156 0
383 250125 250199 0
384 27 42 0
385 12 61 0
386 250120 250147 0
387 500152 500189 0
388 250101 250180 0
389 11 90 0
390 68 84 0
391 500153 500198 0
392 31374 31407 0
393 36 72 0
394 500121 500181 0
395 500119 500154 0
396 21 74 0
397 2 84 0
398 31387 31423 0
399 31355 31442 0
--------------
1000000 :c
1004144 :sum(p)
999999 :sum(w)
