400 :n
id p,w,x
--------------
0 2121 2082 1
1 2099 2078 1
2 42 31 1
3 95 27 1
4 8000 7929 1
5 7997 7920 1
6 2124 2072 1
7 49 22 1
8 4094 4011 1
9 57 42 1
10 22 10 1
11 89 60 1
12 55 40 1
13 91 17 1
14 72 53 1
15 4063 4042 1
16 7994 7916 1
17 2147 2130 1
18 54 12 1
19 4072 4013 1
20 86 29 1
21 77 44 1
22 7973 7929 1
23 90 28 1
24 4093 4015 1
25 2129 2108 1
26 4084 4029 1
27 2149 2094 1
28 4078 4044 1
29 2077 2065 1
30 7992 7945 1
31 2150 2093 1
32 4089 4007 1
33 2079 2067 1
34 7990 7914 1
35 2073 2054 1
36 2071 2057 1
37 2135 2059 1
38 4097 4030 1
39 2084 2068 1
40 2142 2119 1
41 7955 7917 1
42 4098 4019 1
43 2084 2060 1
44 2123 2086 1
45 31428 31356 1
46 15822 15764 1
47 31443 31359 1
48 31449 31358 1
49 15766 15733 1
50 15777 15740 1
51 15811 15744 1
52 15782 15733 1
53 15825 15777 1
54 15787 15747 1
55 31441 31377 1
56 15815 15751 1
57 8008 7981 1
58 15817 15776 1
59 15762 15729 1
60 15786 15736 1
61 7975 7938 1
62 15814 15758 1
63 8005 7968 1
64 7996 7966 1
65 31426 31364 1
66 6 2 1
67 89 84 1
68 82 79 1
69 2109 2098 1
70 2144 2133 1
71 2068 2059 1
72 2106 2097 1
73 2099 2091 1
74 2107 2101 1
75 4027 4016 1
76 8009 7989 1
77 8010 7990 1
78 7935 7916 1
79 4020 4011 1
80 4025 4017 1
81 4084 4076 1
82 31430 31374 1
83 31432 31376 1
84 7980 7967 1
85 31422 31376 1
86 15804 15782 1
87 15767 15746 1
88 31411 31370 1
89 15750 15730 1
90 15784 15764 1
91 15787 15767 1
92 7935 7926 1
93 31425 31390 1
94 31436 31401 1
95 31444 31411 1
96 7968 7960 1
97 4076 4072 0
98 62 55 1
99 62691 62623 1
100 31398 31366 1
101 62683 62628 0
102 31411 31385 0
103 31428 31427 0
104 15808 15810 0
105 9 41 0
106 31388 31363 0
107 7921 7915 1
108 62682 62636 0
109 62677 62637 0
110 62680 62640 0
111 62697 62658 0
112 31405 31388 0
113 125171 125105 0
114 15789 15781 1
115 2064 2063 1
116 31381 31366 0
117 62656 62631 0
118 62681 62658 0
119 4020 4019 0
120 4064 4063 0
121 31399 31392 0
122 15788 15785 0
123 2055 2055 1
124 23 23 0
125 2074 2074 0
126 8000 8001 0
127 7927 7928 0
128 15768 15771 0
129 15741 15744 0
130 15749 15753 0
131 4028 4033 0
132 4041 4047 0
133 2104 2110 0
134 36 37 0
135 81 85 0
136 42 45 0
137 37 41 0
138 19 28 0
139 10 19 0
140 250185 250122 0
141 250158 250106 0
142 500163 500107 0
143 250167 250118 0
144 125191 125176 0
145 250175 250131 0
146 250181 250149 0
147 125156 125130 0
148 500186 500127 0
149 250160 250126 0
150 500193 500133 0
151 500198 500117 0
152 500189 500133 0
153 500197 500106 0
154 500168 500108 0
155 500191 500114 0
156 250190 250137 0
157 125188 125135 0
158 250176 250104 0
159 62657 62642 0
160 125193 125160 0
161 125154 125100 0
162 125152 125121 0
163 125165 125109 0
164 62631 62632 0
165 62676 62670 0
166 62673 62667 0
167 62656 62666 0
168 62643 62681 0
169 31411 31415 0
170 62632 62653 0
171 62680 62673 0
172 31370 31376 0
173 62637 62636 0
174 62606 62618 0
175 62681 62689 0
176 62669 62688 0
177 62609 62611 0
178 62606 62616 0
179 125196 125196 0
180 125125 125128 0
181 125117 125184 0
182 125135 125135 0
183 125169 125170 0
184 125122 125154 0
185 125111 125108 0
186 31402 31415 0
187 125126 125140 0
188 125125 125180 0
189 125154 125197 0
190 125189 125195 0
191 125122 125121 0
192 31400 31411 0
193 31386 31405 0
194 125130 125157 0
195 125114 125177 0
196 125108 125155 0
197 125100 125154 0
198 125145 125140 0
199 125185 125176 0
200 15776 15785 0
201 125113 125175 0
202 125129 125147 0
203 125146 125141 0
204 125132 125149 0
205 62640 62674 0
206 125173 125192 0
207 125117 125170 0
208 125128 125120 0
209 125129 125121 0
210 250124 250121 0
211 250129 250142 0
212 250158 250152 0
213 250128 250171 0
214 250165 250179 0
215 250120 250194 0
216 250133 250165 0
217 250148 250197 0
218 250124 250148 0
219 250168 250160 0
220 250125 250197 0
221 250102 250154 0
222 62621 62649 0
223 250140 250119 0
224 250142 250160 0
225 62645 62666 0
226 250111 250177 0
227 250151 250169 0
228 250107 250124 0
229 62672 62681 0
230 62630 62641 0
231 15747 15754 0
232 250131 250115 0
233 250162 250183 0
234 250179 250173 0
235 250112 250185 0
236 250122 250134 0
237 250131 250190 0
238 250168 250198 0
239 62692 62696 0
240 62612 62626 0
241 250175 250183 0
242 250145 250143 0
243 250160 250141 0
244 250132 250180 0
245 500162 500162 0
246 500165 500196 0
247 500147 500184 0
248 500160 500119 0
249 500139 500149 0
250 500197 500174 0
251 500138 500198 0
252 500152 500147 0
253 500178 500142 0
254 500151 500126 0
255 500115 500194 0
256 500123 500124 0
257 500138 500131 0
258 500156 500196 0
259 500128 500129 0
260 500151 500114 0
261 62617 62635 0
262 500188 500188 0
263 500124 500155 0
264 500164 500169 0
265 500151 500112 0
266 500180 500149 0
267 500136 500193 0
268 500129 500114 0
269 500109 500120 0
270 500166 500165 0
271 500193 500188 0
272 500187 500179 0
273 500141 500197 0
274 500130 500142 0
275 500155 500126 0
276 500126 500130 0
277 500193 500184 0
278 62696 62689 0
279 62657 62663 0
280 250168 250104 0
281 125195 125136 0
282 250182 250128 0
283 125185 125157 0
284 250186 250128 0
285 125191 125126 0
286 250200 250136 0
287 125191 125144 0
288 125183 125138 0
289 7948 7980 0
290 4020 4063 0
291 4033 4092 0
292 7937 7981 0
293 4011 4054 0
294 4089 4100 0
295 4094 4105 0
296 7926 7962 0
297 7929 7984 0
298 7953 7974 0
299 4046 4069 0
300 4031 4052 0
301 4009 4106 0
302 4030 4088 0
303 4040 4051 0
304 7926 7940 0
305 4041 4070 0
306 4034 4050 0
307 7952 7985 0
308 4028 4082 0
309 4021 4065 0
310 4026 4073 0
311 4031 4042 0
312 4061 4100 0
313 4033 4062 0
314 7956 7971 0
315 7936 7982 0
316 4043 4077 0
317 7934 7957 0
318 7923 7961 0
319 7922 7930 0
320 2071 2148 0
321 7922 7950 0
322 2063 2141 0
323 7956 8000 0
324 15733 15771 0
325 2082 2143 0
326 15742 15794 0
327 15772 15785 0
328 2054 2119 0
329 15726 15787 0
330 15759 15773 0
331 15765 15779 0
332 15757 15791 0
333 15755 15770 0
334 2061 2099 0
335 2081 2102 0
336 15763 15801 0
337 2067 2091 0
338 2071 2115 0
339 15757 15821 0
340 15755 15795 0
341 2132 2142 0
342 15771 15784 0
343 15730 15802 0
344 4036 4062 0
345 15726 15752 0
346 15773 15783 0
347 2090 2139 0
348 31380 31431 0
349 31400 31445 0
350 31373 31393 0
351 2096 2129 0
352 2064 2128 0
353 31414 31436 0
354 31365 31409 0
355 2079 2147 0
356 31352 31434 0
357 31401 31433 0
358 2056 2086 0
359 32 50 0
360 31366 31420 0
361 49 96 0
362 31406 31448 0
363 30 70 0
364 31362 31441 0
365 31378 31449 0
366 31415 31448 0
367 31361 31440 0
368 7924 7937 0
369 31370 31445 0
370 31392 31437 0
371 31366 31403 0
372 62611 62656 0
373 62616 62660 0
374 71 81 0
375 7 100 0
376 7978 8000 0
377 62604 62686 0
378 62618 62680 0
379 33 61 0
380 62639 62692 0
381 1 29 0
382 78 97 0
383 62607 62662 0
384 62613 62658 0
385 11 25 0
386 32 72 0
387 8 37 0
388 51 92 0
389 4037 4082 0
390 4036 4082 0
391 62625 62683 0
392 125102 125194 0
393 2 22 0
394 7975 7994 0
395 31 44 0
396 64 89 0
397 7971 8011 0
398 7925 8005 0
399 7971 7997 0
--------------
1000000 :c
1003745 :sum(p)
999999 :sum(w)
