400 :n
id p,w,x
--------------
0 15822 15734 1
1 15818 15766 1
2 15825 15737 1
3 15820 15744 1
4 15815 15733 1
5 82 20 1
6 25 2 1
7 15824 15753 1
8 78 1 1
9 7982 7916 1
10 7962 7928 1
11 74 38 1
12 66 5 1
13 75 11 1
14 74 41 1
15 100 46 1
16 7987 7922 1
17 69 8 1
18 7981 7944 1
19 2119 2062 1
20 2107 2065 1
21 2104 2064 1
22 2087 2063 1
23 2098 2070 1
24 2134 2054 1
25 2150 2100 1
26 2153 2067 1
27 2139 2079 1
28 2118 2054 1
29 2097 2073 1
30 2142 2094 1
31 2144 2115 1
32 7980 7938 1
33 2143 2092 1
34 2120 2097 1
35 2120 2097 1
36 4086 4031 1
37 4094 4031 1
38 4056 4027 1
39 4070 4012 1
40 4099 4063 1
41 8010 7933 1
42 4074 4028 1
43 4066 4043 1
44 7954 7919 1
45 4077 4011 1
46 4061 4012 1
47 4076 4031 1
48 7992 7955 1
49 4084 4033 1
50 7960 7923 1
51 8012 7915 1
52 8003 7974 1
53 7983 7932 1
54 31449 31379 1
55 31450 31361 1
56 31446 31374 1
57 31442 31355 1
58 31434 31362 1
59 12 5 1
60 39 26 1
61 80 66 1
62 94 82 1
63 32 29 1
64 66 64 1
65 85 83 1
66 55 54 1
67 4101 4085 1
68 4074 4060 1
69 4083 4069 1
70 2078 2071 1
71 4066 4053 1
72 4090 4078 1
73 2070 2064 1
74 15798 15756 1
75 15819 15778 1
76 15766 15727 1
77 2107 2102 1
78 15766 15730 1
79 7946 7928 1
80 7992 7974 1
81 7954 7937 1
82 31440 31373 1
83 15776 15743 1
84 31444 31381 1
85 15787 15757 1
86 15809 15779 1
87 15767 15738 1
88 15781 15753 1
89 15783 15755 1
90 15755 15728 1
91 31416 31364 1
92 31406 31357 1
93 7998 7986 1
94 4036 4030 1
95 2098 2095 0
96 7948 7937 1
97 15811 15790 1
98 15795 15775 1
99 31445 31408 1
100 62698 62625 1
101 4052 4048 0
102 61 48 1
103 62694 62627 1
104 2128 2126 1
105 62690 62636 0
106 62697 62650 0
107 8001 8005 0
108 7997 7996 0
109 15730 15781 0
110 125190 125101 0
111 62700 62661 0
112 125176 125106 0
113 62638 62603 0
114 31411 31394 0
115 62637 62605 0
116 125170 125107 0
117 62673 62642 0
118 62690 62663 0
119 125192 125139 0
120 62690 62664 0
121 62643 62619 0
122 31384 31372 0
123 31433 31422 0
124 31424 31414 0
125 4076 4075 0
126 62661 62646 0
127 31449 31443 0
128 31382 31378 0
129 15773 15771 1
130 15778 15776 0
131 31415 31413 0
132 31441 31439 0
133 31421 31420 0
134 31374 31374 0
135 15745 15745 0
136 89 89 1
137 31426 31427 0
138 7968 7971 0
139 15800 15807 0
140 15735 15746 0
141 4047 4050 0
142 15803 15816 0
143 15733 15748 0
144 2059 2061 0
145 7935 7944 0
146 4085 4090 0
147 7986 7997 0
148 7931 7943 0
149 7919 7932 0
150 7931 7945 0
151 2116 2120 0
152 7978 7996 0
153 7977 7996 0
154 4038 4050 0
155 4047 4061 0
156 4073 4090 0
157 4061 4079 0
158 2068 2078 0
159 4046 4066 0
160 2103 2114 0
161 4054 4076 0
162 2124 2140 0
163 2055 2073 0
164 2123 2144 0
165 2073 2094 0
166 2068 2089 0
167 2054 2079 0
168 34 39 0
169 38 44 0
170 47 62 0
171 15 20 0
172 46 62 0
173 45 65 0
174 27 53 0
175 25 51 0
176 19 39 0
177 13 28 0
178 2 17 0
179 500193 500125 0
180 500184 500128 0
181 500159 500137 0
182 250177 250118 0
183 250174 250138 0
184 500191 500140 0
185 250160 250149 0
186 250156 250143 0
187 250148 250125 0
188 62661 62655 0
189 250164 250124 0
190 250190 250110 0
191 250196 250103 0
192 125169 125126 0
193 125165 125122 0
194 125158 125109 0
195 250193 250112 0
196 125155 125122 0
197 125155 125116 0
198 250194 250117 0
199 125186 125141 0
200 250187 250118 0
201 125191 125159 0
202 125177 125130 0
203 125175 125147 0
204 250144 250132 0
205 125139 125129 0
206 62642 62629 0
207 62687 62679 0
208 125164 125150 0
209 500153 500133 0
210 125139 125117 0
211 250179 250142 0
212 125173 125158 0
213 250138 250125 0
214 125137 125124 0
215 500181 500138 0
216 500191 500138 0
217 62640 62628 0
218 125157 125142 0
219 500192 500140 0
220 500197 500141 0
221 62621 62608 0
222 250149 250113 0
223 500141 500107 0
224 500172 500142 0
225 500149 500102 0
226 125147 125139 0
227 500181 500150 0
228 62614 62611 0
229 125175 125155 0
230 62656 62649 0
231 500184 500151 0
232 250184 250131 0
233 500170 500124 0
234 500185 500108 0
235 500186 500149 0
236 62637 62668 0
237 62601 62700 0
238 62627 62676 0
239 62630 62685 0
240 250149 250166 0
241 62601 62630 0
242 62613 62692 0
243 7954 7979 0
244 62624 62680 0
245 7946 7981 0
246 62660 62676 0
247 62647 62656 0
248 62610 62638 0
249 15747 15782 0
250 250129 250150 0
251 7934 7988 0
252 62616 62691 0
253 62608 62629 0
254 7962 8011 0
255 250140 250176 0
256 7967 7995 0
257 62630 62675 0
258 250101 250122 0
259 31352 31450 0
260 7921 7958 0
261 250101 250146 0
262 15773 15791 0
263 62651 62658 0
264 250123 250147 0
265 7938 8010 0
266 7927 7973 0
267 62629 62682 0
268 62631 62667 0
269 15750 15771 0
270 7980 8005 0
271 250130 250161 0
272 250125 250187 0
273 250184 250183 0
274 7943 7992 0
275 7916 8001 0
276 62616 62692 0
277 7921 7991 0
278 7935 7983 0
279 62687 62692 0
280 62652 62669 0
281 62679 62698 0
282 4029 4089 0
283 4060 4093 0
284 15769 15816 0
285 125120 125124 0
286 15727 15774 0
287 125163 125188 0
288 125103 125113 0
289 125113 125173 0
290 15767 15803 0
291 4074 4101 0
292 15742 15817 0
293 250128 250132 0
294 250111 250132 0
295 4015 4086 0
296 250140 250185 0
297 62604 62618 0
298 125106 125144 0
299 250120 250195 0
300 250110 250133 0
301 250157 250150 0
302 4042 4102 0
303 4046 4085 0
304 4041 4074 0
305 250102 250135 0
306 500123 500112 0
307 4024 4084 0
308 4024 4074 0
309 125158 125178 0
310 125111 125120 0
311 500167 500171 0
312 125117 125154 0
313 4033 4105 0
314 4007 4061 0
315 125182 125179 0
316 4049 4076 0
317 4046 4081 0
318 125105 125184 0
319 2099 2146 0
320 125170 125184 0
321 15744 15796 0
322 125167 125191 0
323 500186 500168 0
324 15761 15803 0
325 2077 2117 0
326 2070 2113 0
327 2059 2109 0
328 125148 125171 0
329 125108 125103 0
330 31354 31428 0
331 31377 31384 0
332 125126 125127 0
333 125170 125192 0
334 500151 500197 0
335 2098 2126 0
336 31356 31429 0
337 15742 15776 0
338 31359 31368 0
339 500159 500148 0
340 2094 2150 0
341 500184 500173 0
342 125107 125123 0
343 125185 125188 0
344 500105 500190 0
345 500166 500157 0
346 2063 2093 0
347 31361 31423 0
348 500150 500197 0
349 500123 500189 0
350 2081 2136 0
351 2085 2119 0
352 125119 125120 0
353 250121 250173 0
354 31364 31446 0
355 31441 31449 0
356 250160 250165 0
357 500151 500180 0
358 500114 500127 0
359 500119 500135 0
360 18 72 0
361 250127 250197 0
362 250116 250176 0
363 31357 31401 0
364 15744 15765 0
365 5 85 0
366 500109 500198 0
367 250152 250145 0
368 500138 500144 0
369 15727 15763 0
370 250151 250144 0
371 500118 500136 0
372 15746 15780 0
373 10 63 0
374 500198 500197 0
375 250138 250141 0
376 31364 31369 0
377 500124 500161 0
378 31374 31394 0
379 500174 500199 0
380 17 78 0
381 31356 31424 0
382 31381 31384 0
383 26 67 0
384 500147 500172 0
385 500153 500184 0
386 31383 31402 0
387 31383 31439 0
388 31360 31450 0
389 500114 500190 0
390 52 99 0
391 28 80 0
392 41 87 0
393 500129 500197 0
394 42 76 0
395 31397 31444 0
396 250160 250200 0
397 52 89 0
398 31440 31447 0
399 31351 31427 0
--------------
1000000 :c
1004225 :sum(p)
999998 :sum(w)
