400 :n
id p,w,x
--------------
0 85 2 1
1 57 7 1
2 84 11 1
3 92 14 1
4 60 12 1
5 75 15 1
6 95 20 1
7 57 13 1
8 35 8 1
9 60 17 1
10 35 10 1
11 94 41 1
12 55 26 1
13 52 28 1
14 61 39 1
15 100 65 1
16 92 63 1
17 72 57 1
18 64 51 1
19 27 22 1
20 54 46 1
21 2146 2064 1
22 2135 2057 1
23 2122 2070 1
24 2153 2104 1
25 2138 2090 1
26 2143 2097 1
27 2128 2087 1
28 2141 2101 1
29 2101 2064 1
30 2126 2092 1
31 4102 4039 1
32 4069 4007 1
33 2139 2109 1
34 2096 2067 1
35 4076 4022 1
36 4076 4025 1
37 4076 4029 1
38 4093 4047 1
39 8010 7921 1
40 4083 4040 1
41 4053 4011 1
42 2098 2077 1
43 2112 2092 1
44 4082 4045 1
45 4085 4048 1
46 4086 4051 1
47 4093 4058 1
48 4056 4023 1
49 4061 4031 1
50 4059 4030 1
51 7966 7914 1
52 7964 7916 1
53 8005 7957 1
54 15814 15728 1
55 7958 7916 1
56 2090 2079 1
57 4098 4077 1
58 7972 7934 1
59 7994 7956 1
60 7973 7939 1
61 4026 4009 1
62 4048 4031 1
63 4056 4039 1
64 7950 7919 1
65 2126 2118 1
66 8000 7970 1
67 15791 15734 1
68 15810 15754 1
69 15805 15750 1
70 7987 7963 1
71 15805 15759 1
72 7968 7945 1
73 2108 2102 1
74 7950 7928 1
75 15786 15743 1
76 4057 4046 1
77 15815 15776 1
78 15791 15756 1
79 15766 15733 1
80 31450 31385 1
81 4082 4074 1
82 31445 31385 1
83 2120 2116 1
84 62699 62618 1
85 7945 7926 1
86 62694 62610 1
87 62692 62603 1
88 31438 31394 1
89 62692 62607 1
90 2144 2100 1
91 15782 15759 1
92 31440 31400 1
93 15813 15795 1
94 31429 31378 1
95 62691 62603 1
96 31413 31368 1
97 31428 31393 1
98 62686 62617 0
99 15762 15745 1
100 62698 62639 0
101 31449 31419 0
102 4105 4102 1
103 31433 31401 0
104 15797 15782 0
105 2122 2120 1
106 15764 15750 1
107 7961 7954 1
108 62697 62646 0
109 62679 62631 0
110 62690 62643 0
111 31407 31384 0
112 79 100 0
113 8006 8008 0
114 62671 62627 0
115 31408 31388 0
116 125194 125116 0
117 31379 31360 0
118 31446 31427 0
119 15769 15760 0
120 125187 125120 0
121 125192 125127 0
122 62663 62631 0
123 31388 31372 0
124 2057 2056 1
125 125175 125117 0
126 62680 62651 0
127 31390 31376 0
128 125159 125104 0
129 31381 31368 0
130 15756 15750 0
131 7932 7929 0
132 7938 7935 1
133 31380 31369 0
134 31394 31383 0
135 62641 62620 0
136 31361 31351 0
137 62652 62633 0
138 62670 62651 0
139 15788 15784 0
140 4093 4092 0
141 15760 15757 0
142 7955 7954 0
143 15748 15748 0
144 69 69 1
145 15766 15769 0
146 4090 4091 0
147 4012 4013 0
148 15767 15772 0
149 15812 15819 0
150 15804 15812 0
151 15735 15743 0
152 4016 4019 0
153 7981 7987 0
154 7917 7923 0
155 2094 2096 1
156 4035 4039 0
157 7922 7930 0
158 7930 7939 0
159 7950 7960 0
160 4031 4037 0
161 4096 4103 0
162 4033 4043 0
163 4028 4041 0
164 2141 2148 0
165 2105 2113 0
166 2124 2133 0
167 2122 2133 0
168 2072 2083 0
169 2122 2135 0
170 2091 2107 0
171 2063 2079 0
172 2117 2134 0
173 70 83 0
174 4 5 0
175 50 68 0
176 125134 125137 0
177 125133 125150 0
178 31403 31408 0
179 31431 31435 0
180 125109 125143 0
181 125120 125189 0
182 125158 125189 0
183 125115 125189 0
184 125126 125157 0
185 125121 125156 0
186 31354 31362 0
187 125170 125198 0
188 125136 125110 0
189 31444 31449 0
190 125137 125128 0
191 31416 31436 0
192 31389 31419 0
193 31367 31388 0
194 125125 125114 0
195 125167 125172 0
196 125120 125183 0
197 31437 31434 0
198 125143 125124 0
199 125124 125129 0
200 125134 125122 0
201 15785 15800 0
202 125105 125181 0
203 125151 125195 0
204 125111 125186 0
205 62629 62662 0
206 125133 125110 0
207 250160 250109 0
208 250137 250182 0
209 250142 250101 0
210 62619 62669 0
211 250178 250127 0
212 250123 250150 0
213 250143 250157 0
214 62638 62659 0
215 250113 250144 0
216 250110 250148 0
217 250179 250179 0
218 250178 250132 0
219 250168 250166 0
220 250107 250108 0
221 250136 250200 0
222 250155 250115 0
223 250136 250186 0
224 250172 250126 0
225 250101 250140 0
226 62606 62619 0
227 250189 250189 0
228 250105 250170 0
229 250192 250177 0
230 250129 250198 0
231 62652 62678 0
232 250151 250130 0
233 250136 250160 0
234 250198 250172 0
235 62637 62654 0
236 62630 62687 0
237 62628 62660 0
238 15773 15782 0
239 250147 250181 0
240 250183 250148 0
241 250150 250106 0
242 250196 250175 0
243 250169 250142 0
244 250165 250197 0
245 250128 250179 0
246 250167 250166 0
247 250114 250127 0
248 62650 62660 0
249 250112 250197 0
250 62635 62686 0
251 250160 250107 0
252 250153 250160 0
253 62644 62650 0
254 250112 250134 0
255 250122 250123 0
256 250176 250183 0
257 250190 250190 0
258 500187 500125 0
259 500116 500184 0
260 500101 500175 0
261 500163 500117 0
262 62673 62691 0
263 500150 500108 0
264 500180 500158 0
265 62654 62643 0
266 500134 500191 0
267 500112 500175 0
268 500179 500147 0
269 500136 500198 0
270 500199 500197 0
271 500199 500172 0
272 500164 500133 0
273 62603 62639 0
274 500141 500127 0
275 500166 500154 0
276 500157 500200 0
277 500176 500184 0
278 500116 500173 0
279 500159 500108 0
280 500193 500153 0
281 500126 500158 0
282 62616 62612 0
283 500108 500123 0
284 500140 500173 0
285 500153 500138 0
286 500118 500125 0
287 500106 500149 0
288 500199 500163 0
289 62677 62698 0
290 500143 500179 0
291 500128 500195 0
292 62640 62647 0
293 500107 500181 0
294 500175 500195 0
295 500164 500160 0
296 500106 500191 0
297 500137 500155 0
298 500131 500124 0
299 62637 62622 0
300 500121 500189 0
301 500136 500178 0
302 500127 500121 0
303 500106 500120 0
304 500135 500147 0
305 62668 62697 0
306 62611 62602 0
307 125161 125118 0
308 125190 125143 0
309 62662 62655 0
310 125101 125154 0
311 125126 125179 0
312 31442 31437 0
313 125105 125175 0
314 125169 125199 0
315 125120 125109 0
316 125119 125104 0
317 31400 31409 0
318 125132 125131 0
319 125102 125169 0
320 31361 31360 0
321 125102 125159 0
322 125142 125158 0
323 125145 125160 0
324 125141 125116 0
325 7931 7955 0
326 7945 8003 0
327 7917 7976 0
328 7915 7951 0
329 7945 7989 0
330 2110 2141 0
331 2058 2115 0
332 7925 7947 0
333 7942 7967 0
334 7927 7995 0
335 2064 2110 0
336 7928 7973 0
337 7944 8003 0
338 2061 2107 0
339 2055 2106 0
340 4055 4091 0
341 7923 8003 0
342 7935 7998 0
343 4008 4080 0
344 2100 2139 0
345 2072 2133 0
346 7913 8008 0
347 7952 7995 0
348 4020 4082 0
349 7931 7952 0
350 7955 7998 0
351 15774 15822 0
352 15733 15823 0
353 15746 15824 0
354 4023 4081 0
355 2088 2142 0
356 2096 2124 0
357 15763 15825 0
358 15749 15778 0
359 15774 15807 0
360 15752 15823 0
361 4030 4072 0
362 36 57 0
363 15757 15811 0
364 15780 15818 0
365 15729 15801 0
366 34 75 0
367 15750 15780 0
368 15782 15799 0
369 15738 15796 0
370 25 49 0
371 15799 15816 0
372 31364 31439 0
373 41 96 0
374 4025 4059 0
375 31379 31422 0
376 31362 31427 0
377 16 65 0
378 31375 31416 0
379 4064 4096 0
380 31376 31435 0
381 31411 31445 0
382 24 100 0
383 31 93 0
384 38 97 0
385 31396 31437 0
386 43 79 0
387 31362 31445 0
388 31393 31449 0
389 19 95 0
390 63 88 0
391 31361 31450 0
392 12 45 0
393 62604 62684 0
394 20 64 0
395 5 73 0
396 62608 62677 0
397 62618 62689 0
398 4023 4087 0
399 4021 4058 0
--------------
1000000 :c
1004092 :sum(p)
999997 :sum(w)
