400 :n
id p,w,x
--------------
0 31447 31372 1
1 79 27 1
2 31422 31360 1
3 31438 31369 1
4 31431 31355 1
5 100 27 1
6 4074 4032 1
7 98 73 1
8 4083 4053 1
9 4093 4041 1
10 85 21 1
11 4071 4008 1
12 4084 4053 1
13 93 27 1
14 15825 15736 1
15 4080 4025 1
16 4099 4013 1
17 15780 15734 1
18 31449 31389 1
19 4098 4007 1
20 4084 4011 1
21 4095 4048 1
22 2144 2102 1
23 65 8 1
24 2150 2094 1
25 2152 2113 1
26 7996 7962 1
27 2138 2092 1
28 8010 7936 1
29 7976 7924 1
30 7997 7914 1
31 15792 15735 1
32 58 8 1
33 7991 7921 1
34 8008 7974 1
35 85 14 1
36 70 33 1
37 2131 2100 1
38 8011 7951 1
39 2119 2073 1
40 7978 7923 1
41 7977 7914 1
42 7996 7942 1
43 7990 7932 1
44 84 56 1
45 2138 2091 1
46 77 36 1
47 8005 7952 1
48 44 11 1
49 2147 2096 1
50 2139 2062 1
51 2125 2084 1
52 7999 7944 1
53 8005 7918 1
54 15787 15729 1
55 31421 31361 1
56 2145 2094 1
57 82 7 1
58 8008 7928 1
59 2112 2064 1
60 31 12 1
61 36 26 1
62 76 67 1
63 49 48 0
64 49 48 0
65 2136 2111 1
66 2117 2094 1
67 2098 2078 1
68 2108 2088 1
69 2102 2083 1
70 2084 2066 1
71 4065 4039 1
72 2067 2054 1
73 4052 4029 1
74 4076 4054 1
75 4087 4067 1
76 4055 4037 1
77 7957 7926 1
78 2132 2125 1
79 7955 7929 1
80 4028 4015 1
81 4051 4038 1
82 7976 7951 1
83 7979 7956 1
84 15813 15776 1
85 2143 2138 1
86 15768 15733 1
87 4098 4089 1
88 7939 7922 1
89 15809 15777 1
90 7934 7918 1
91 4056 4048 1
92 31425 31376 1
93 4063 4057 1
94 31414 31368 1
95 62693 62605 1
96 31449 31405 1
97 7932 7913 1
98 15749 15729 1
99 31400 31362 1
100 31414 31378 1
101 31391 31358 0
102 31422 31390 0
103 2153 2123 1
104 62687 62622 1
105 31406 31363 1
106 62671 62608 0
107 62675 62612 1
108 31416 31419 0
109 4103 4106 0
110 50 62 0
111 62682 62628 0
112 62694 62642 0
113 31389 31364 0
114 62695 62647 0
115 4049 4046 0
116 7965 7962 1
117 31400 31378 0
118 62651 62608 0
119 15752 15742 0
120 15820 15810 0
121 125183 125104 0
122 7955 7950 0
123 31411 31394 0
124 15766 15758 0
125 15797 15796 0
126 7965 7965 0
127 15756 15756 0
128 15817 15824 0
129 2076 2078 0
130 4069 4075 0
131 2067 2071 0
132 2137 2146 0
133 83 85 0
134 24 26 0
135 69 80 0
136 36 45 0
137 7 15 0
138 7 15 0
139 2 6 0
140 125147 125145 0
141 62606 62644 0
142 125118 125161 0
143 62643 62621 0
144 62695 62664 0
145 62674 62647 0
146 62616 62691 0
147 125190 125142 0
148 62629 62670 0
149 62614 62634 0
150 125146 125174 0
151 125146 125109 0
152 62636 62665 0
153 125197 125176 0
154 62677 62686 0
155 62681 62672 0
156 125152 125113 0
157 62646 62687 0
158 62632 62610 0
159 125174 125182 0
160 31364 31374 0
161 31376 31374 0
162 31405 31410 0
163 31357 31352 0
164 125137 125102 0
165 125196 125143 0
166 31403 31438 0
167 125155 125107 0
168 125130 125190 0
169 125101 125194 0
170 31409 31411 0
171 125126 125119 0
172 125182 125137 0
173 31390 31429 0
174 125139 125112 0
175 125189 125150 0
176 31404 31411 0
177 125169 125130 0
178 31407 31447 0
179 31367 31385 0
180 125132 125110 0
181 125191 125166 0
182 125117 125162 0
183 125165 125146 0
184 125185 125130 0
185 125163 125120 0
186 31371 31380 0
187 125166 125135 0
188 31410 31410 0
189 31357 31386 0
190 31392 31407 0
191 125189 125136 0
192 125117 125109 0
193 125111 125169 0
194 62673 62657 0
195 125131 125133 0
196 31384 31403 0
197 125185 125124 0
198 125161 125162 0
199 125135 125108 0
200 15811 15819 0
201 125177 125126 0
202 62674 62669 0
203 125115 125188 0
204 125134 125177 0
205 15802 15823 0
206 125151 125196 0
207 125125 125141 0
208 125156 125114 0
209 250129 250115 0
210 250186 250193 0
211 250193 250129 0
212 250145 250192 0
213 62615 62690 0
214 250157 250112 0
215 250169 250190 0
216 15808 15822 0
217 250171 250174 0
218 250132 250150 0
219 250200 250137 0
220 250197 250102 0
221 15758 15781 0
222 62610 62669 0
223 250196 250143 0
224 250124 250158 0
225 250108 250161 0
226 250136 250190 0
227 62692 62676 0
228 250174 250126 0
229 15756 15771 0
230 15732 15751 0
231 250170 250132 0
232 250118 250101 0
233 250166 250106 0
234 15802 15820 0
235 250167 250153 0
236 250177 250193 0
237 250184 250150 0
238 250193 250185 0
239 250103 250105 0
240 250142 250101 0
241 250162 250184 0
242 250200 250180 0
243 250118 250190 0
244 62640 62623 0
245 250188 250160 0
246 250195 250107 0
247 250175 250150 0
248 250127 250174 0
249 250132 250155 0
250 250195 250178 0
251 250127 250198 0
252 250193 250101 0
253 250199 250139 0
254 250114 250190 0
255 250193 250154 0
256 250181 250174 0
257 250165 250146 0
258 500145 500106 0
259 62681 62671 0
260 500108 500102 0
261 500163 500161 0
262 500162 500144 0
263 500103 500195 0
264 500131 500192 0
265 500133 500168 0
266 500163 500175 0
267 500147 500101 0
268 500109 500172 0
269 500176 500111 0
270 500106 500104 0
271 500131 500112 0
272 500168 500141 0
273 62638 62635 0
274 500198 500127 0
275 500102 500145 0
276 500125 500190 0
277 500144 500191 0
278 500132 500121 0
279 500177 500163 0
280 500142 500114 0
281 500165 500185 0
282 500132 500173 0
283 500150 500191 0
284 62638 62631 0
285 500162 500104 0
286 500200 500197 0
287 500166 500177 0
288 500136 500178 0
289 500158 500165 0
290 500151 500172 0
291 500152 500163 0
292 500148 500163 0
293 500195 500178 0
294 500140 500192 0
295 500191 500113 0
296 500140 500104 0
297 500124 500153 0
298 500192 500148 0
299 500195 500192 0
300 500140 500192 0
301 62621 62687 0
302 62630 62676 0
303 125194 125125 0
304 62679 62646 0
305 62607 62622 0
306 62664 62661 0
307 62629 62640 0
308 62679 62698 0
309 62652 62683 0
310 62608 62661 0
311 62632 62673 0
312 62650 62666 0
313 4047 4095 0
314 4024 4053 0
315 4012 4031 0
316 4037 4053 0
317 4049 4072 0
318 4017 4047 0
319 2114 2151 0
320 2101 2152 0
321 2065 2135 0
322 7935 7993 0
323 2094 2139 0
324 7938 7972 0
325 2112 2148 0
326 7953 8000 0
327 7915 7991 0
328 2057 2094 0
329 2061 2095 0
330 7938 7993 0
331 7982 7999 0
332 4072 4093 0
333 7918 7955 0
334 4012 4027 0
335 7939 7974 0
336 7942 7981 0
337 2108 2139 0
338 2054 2125 0
339 7945 7967 0
340 7936 7982 0
341 7930 7987 0
342 2107 2138 0
343 2116 2143 0
344 2054 2131 0
345 2055 2099 0
346 2065 2093 0
347 7984 8004 0
348 7947 7987 0
349 7956 7990 0
350 15738 15821 0
351 15739 15768 0
352 15754 15808 0
353 15730 15795 0
354 15740 15795 0
355 15747 15818 0
356 2070 2089 0
357 15785 15821 0
358 15727 15795 0
359 65 91 0
360 15744 15823 0
361 7 35 0
362 15730 15822 0
363 35 63 0
364 15796 15821 0
365 15737 15807 0
366 15753 15798 0
367 15757 15822 0
368 5 77 0
369 2 19 0
370 15741 15791 0
371 15766 15809 0
372 4045 4101 0
373 56 70 0
374 78 99 0
375 4077 4102 0
376 15800 15824 0
377 15774 15814 0
378 30 95 0
379 40 57 0
380 52 78 0
381 4017 4034 0
382 4025 4098 0
383 4049 4071 0
384 15726 15749 0
385 31370 31421 0
386 22 76 0
387 12 57 0
388 31392 31445 0
389 31363 31412 0
390 4036 4099 0
391 31352 31437 0
392 15 44 0
393 31364 31411 0
394 4067 4100 0
395 67 88 0
396 31377 31437 0
397 31366 31427 0
398 4031 4050 0
399 4009 4105 0
--------------
1000000 :c
1004513 :sum(p)
1000000 :sum(w)
