400 :n
id p,w,x
--------------
0 7993 7941 1
1 7959 7935 1
2 7981 7930 1
3 94 49 1
4 100 49 1
5 96 14 1
6 90 28 1
7 8006 7966 1
8 68 26 1
9 80 44 1
10 15824 15729 1
11 15822 15749 1
12 66 44 1
13 51 26 1
14 98 15 1
15 100 70 1
16 99 68 1
17 60 4 1
18 75 4 1
19 98 24 1
20 67 5 1
21 60 46 1
22 15805 15734 1
23 55 17 1
24 2149 2107 1
25 31444 31372 1
26 2126 2054 1
27 2142 2105 1
28 2098 2065 1
29 2096 2058 1
30 2136 2072 1
31 2098 2080 1
32 15814 15758 1
33 2111 2099 1
34 2094 2058 1
35 2126 2064 1
36 2116 2055 1
37 2118 2070 1
38 2126 2102 1
39 15807 15757 1
40 2124 2073 1
41 7993 7922 1
42 2101 2081 1
43 2135 2096 1
44 2152 2125 1
45 2121 2068 1
46 15821 15759 1
47 4056 4035 1
48 4086 4050 1
49 4094 4046 1
50 7945 7916 1
51 4055 4031 1
52 4071 4015 1
53 4083 4029 1
54 4085 4058 1
55 4085 4065 1
56 4097 4016 1
57 4071 4031 1
58 4103 4010 1
59 4085 4030 1
60 15823 15775 1
61 4022 4008 1
62 4086 4014 1
63 4084 4028 1
64 15804 15768 1
65 4105 4027 1
66 15823 15739 1
67 7941 7918 1
68 7958 7924 1
69 8009 7977 1
70 7953 7921 1
71 8010 7954 1
72 7994 7935 1
73 7995 7933 1
74 15819 15765 1
75 7995 7957 1
76 8011 7993 1
77 31417 31363 1
78 15804 15776 1
79 31439 31382 1
80 31433 31372 1
81 31424 31354 1
82 15792 15764 1
83 31418 31369 1
84 31439 31386 1
85 31426 31363 1
86 30 23 1
87 31 24 1
88 35 31 1
89 53 48 1
90 65 59 1
91 2114 2108 1
92 4051 4040 1
93 2063 2059 1
94 7988 7975 1
95 15776 15753 1
96 2059 2056 0
97 15797 15776 1
98 31423 31383 1
99 7929 7919 0
100 31394 31355 1
101 31438 31399 1
102 31390 31356 1
103 15808 15791 0
104 31404 31354 1
105 31428 31395 1
106 15815 15799 1
107 7956 7948 0
108 4089 4085 0
109 90 89 1
110 15774 15753 1
111 31426 31396 0
112 15769 15754 0
113 62679 62620 1
114 31446 31432 0
115 85 89 0
116 500122 500164 0
117 62695 62636 0
118 31382 31356 0
119 15817 15804 0
120 62663 62615 0
121 76 97 0
122 7993 7987 1
123 62648 62601 0
124 4080 4077 0
125 62646 62603 0
126 31428 31407 0
127 31405 31386 0
128 31443 31424 0
129 62696 62659 0
130 125177 125105 0
131 62698 62664 0
132 31369 31352 0
133 125185 125119 0
134 62653 62620 0
135 62678 62646 0
136 15797 15789 0
137 7953 7949 0
138 7989 7985 0
139 2083 2082 0
140 125193 125133 0
141 2098 2097 0
142 62667 62638 0
143 62638 62612 0
144 62641 62615 0
145 62685 62659 0
146 62697 62671 0
147 125195 125146 0
148 15780 15774 0
149 15825 15819 0
150 8012 8009 0
151 7946 7945 0
152 4078 4078 0
153 4093 4094 0
154 4058 4061 0
155 2137 2139 0
156 2084 2086 0
157 2071 2073 0
158 2137 2140 0
159 2129 2134 0
160 54 56 0
161 64 67 0
162 46 50 0
163 37 43 0
164 31372 31444 0
165 31362 31393 0
166 31408 31449 0
167 31372 31433 0
168 31409 31404 0
169 62647 62654 0
170 31398 31391 0
171 31392 31401 0
172 62669 62694 0
173 62610 62698 0
174 31360 31373 0
175 62605 62652 0
176 62648 62675 0
177 62680 62698 0
178 62669 62667 0
179 62611 62690 0
180 62626 62688 0
181 62629 62647 0
182 125161 125155 0
183 125111 125171 0
184 31393 31386 0
185 125197 125175 0
186 125196 125196 0
187 31357 31377 0
188 125103 125133 0
189 31359 31406 0
190 31406 31436 0
191 31382 31384 0
192 31380 31440 0
193 125177 125179 0
194 125122 125163 0
195 31370 31389 0
196 125140 125149 0
197 31353 31418 0
198 31415 31415 0
199 125185 125141 0
200 15803 15801 0
201 15726 15751 0
202 15727 15780 0
203 15761 15813 0
204 125158 125117 0
205 125127 125159 0
206 125102 125165 0
207 125167 125168 0
208 15776 15800 0
209 15793 15810 0
210 125144 125113 0
211 15770 15795 0
212 15752 15753 0
213 125152 125192 0
214 15727 15744 0
215 125117 125182 0
216 125135 125102 0
217 15756 15809 0
218 125150 125184 0
219 125101 125119 0
220 125113 125105 0
221 15790 15794 0
222 125195 125174 0
223 125114 125197 0
224 125161 125167 0
225 125180 125149 0
226 125171 125189 0
227 15769 15768 0
228 15757 15806 0
229 15770 15793 0
230 15753 15768 0
231 125156 125194 0
232 15739 15741 0
233 125192 125157 0
234 125137 125122 0
235 15730 15730 0
236 125106 125106 0
237 125149 125174 0
238 15739 15815 0
239 7938 7962 0
240 7918 7925 0
241 7927 7956 0
242 125150 125183 0
243 125124 125107 0
244 7932 7950 0
245 125142 125142 0
246 125137 125171 0
247 125146 125162 0
248 125148 125145 0
249 7933 7997 0
250 7918 7950 0
251 250115 250187 0
252 7978 7984 0
253 7953 7971 0
254 7933 8007 0
255 250112 250126 0
256 7937 8001 0
257 250143 250129 0
258 250176 250192 0
259 7960 7995 0
260 250163 250118 0
261 250175 250183 0
262 250130 250179 0
263 250175 250129 0
264 62613 62662 0
265 7943 8011 0
266 250140 250183 0
267 7917 7954 0
268 250179 250138 0
269 62633 62630 0
270 250187 250185 0
271 250132 250199 0
272 7938 7952 0
273 250158 250102 0
274 7931 7995 0
275 7951 7998 0
276 250159 250190 0
277 7947 7972 0
278 250116 250110 0
279 4017 4104 0
280 250169 250122 0
281 250108 250190 0
282 4059 4073 0
283 4062 4080 0
284 250181 250144 0
285 4037 4100 0
286 4014 4074 0
287 250153 250108 0
288 4053 4094 0
289 31363 31436 0
290 250140 250114 0
291 250178 250197 0
292 250156 250134 0
293 250127 250176 0
294 250177 250178 0
295 62605 62691 0
296 250152 250184 0
297 4010 4099 0
298 250176 250170 0
299 250134 250118 0
300 4056 4068 0
301 31436 31433 0
302 250122 250170 0
303 250181 250149 0
304 4008 4026 0
305 4020 4079 0
306 4011 4076 0
307 4018 4045 0
308 4064 4089 0
309 250160 250196 0
310 4019 4105 0
311 250157 250134 0
312 4013 4058 0
313 4013 4037 0
314 4044 4065 0
315 4029 4033 0
316 250144 250103 0
317 250186 250111 0
318 250160 250160 0
319 2073 2117 0
320 250180 250102 0
321 2066 2117 0
322 2127 2143 0
323 2078 2138 0
324 250196 250165 0
325 250126 250133 0
326 250192 250104 0
327 250184 250171 0
328 62647 62655 0
329 2067 2135 0
330 62661 62688 0
331 2089 2117 0
332 250125 250121 0
333 500153 500160 0
334 500152 500183 0
335 2114 2142 0
336 2147 2153 0
337 500116 500122 0
338 500126 500159 0
339 2068 2114 0
340 62603 62683 0
341 62621 62655 0
342 2090 2130 0
343 500133 500104 0
344 500171 500112 0
345 500194 500188 0
346 500160 500115 0
347 2059 2114 0
348 500150 500174 0
349 2073 2114 0
350 500111 500102 0
351 500180 500101 0
352 500172 500193 0
353 500175 500162 0
354 500164 500173 0
355 500199 500159 0
356 500172 500111 0
357 62636 62687 0
358 500150 500190 0
359 500162 500109 0
360 60 77 0
361 500126 500151 0
362 24 59 0
363 8 55 0
364 6 88 0
365 500108 500156 0
366 6 48 0
367 500136 500198 0
368 500115 500199 0
369 500157 500179 0
370 500107 500189 0
371 500192 500140 0
372 500104 500108 0
373 500125 500160 0
374 500131 500189 0
375 62644 62684 0
376 62668 62696 0
377 500115 500194 0
378 62631 62630 0
379 500103 500101 0
380 500140 500177 0
381 44 52 0
382 75 94 0
383 1 43 0
384 500170 500144 0
385 62649 62635 0
386 500184 500126 0
387 62605 62607 0
388 500194 500165 0
389 61 80 0
390 62640 62683 0
391 500112 500171 0
392 500102 500118 0
393 70 81 0
394 500127 500190 0
395 500158 500140 0
396 62 84 0
397 500147 500187 0
398 62630 62672 0
399 62602 62657 0
--------------
1000000 :c
1004566 :sum(p)
1000000 :sum(w)
