400 :n
id p,w,x
--------------
0 66 2 1
1 33 3 1
2 27 5 1
3 62 13 1
4 88 19 1
5 68 18 1
6 79 23 1
7 94 38 1
8 84 35 1
9 87 40 1
10 94 51 1
11 79 45 1
12 86 55 1
13 85 64 1
14 68 55 1
15 30 28 1
16 56 53 1
17 2151 2081 1
18 2129 2062 1
19 2128 2068 1
20 2125 2066 1
21 2119 2062 1
22 2110 2054 1
23 2117 2062 1
24 2136 2084 1
25 2108 2058 1
26 4103 4008 1
27 2117 2068 1
28 2132 2083 1
29 2133 2085 1
30 2128 2085 1
31 4087 4010 1
32 4087 4019 1
33 2117 2084 1
34 4069 4007 1
35 4068 4008 1
36 2118 2087 1
37 4070 4012 1
38 2082 2054 1
39 2141 2114 1
40 2116 2090 1
41 2125 2099 1
42 2138 2114 1
43 4067 4022 1
44 4082 4038 1
45 8011 7925 1
46 4102 4059 1
47 4072 4030 1
48 2136 2115 1
49 4063 4025 1
50 8009 7938 1
51 4045 4010 1
52 4064 4030 1
53 8008 7946 1
54 7964 7915 1
55 8005 7956 1
56 4064 4040 1
57 4061 4038 1
58 7994 7949 1
59 8012 7967 1
60 7987 7943 1
61 4031 4009 1
62 15818 15733 1
63 2112 2101 1
64 15806 15727 1
65 15801 15727 1
66 15812 15741 1
67 4060 4043 1
68 7968 7935 1
69 7941 7913 1
70 7985 7957 1
71 15820 15767 1
72 2114 2107 0
73 7976 7951 1
74 7980 7955 1
75 15822 15773 1
76 15777 15730 1
77 4079 4067 1
78 15781 15735 1
79 31439 31351 1
80 15769 15726 1
81 15822 15779 1
82 31446 31362 1
83 7945 7925 1
84 7989 7970 1
85 15820 15783 1
86 8003 7985 1
87 15764 15730 1
88 7960 7944 1
89 8005 7989 1
90 4072 4064 0
91 31433 31373 1
92 7960 7945 1
93 31411 31352 1
94 15780 15752 1
95 31407 31353 1
96 15810 15785 1
97 15771 15750 1
98 31445 31404 1
99 31424 31386 1
100 15797 15779 1
101 62675 62604 1
102 31423 31389 0
103 31440 31413 1
104 8000 7969 1
105 31393 31360 1
106 15753 15740 0
107 62656 62606 1
108 31432 31408 0
109 62659 62612 0
110 15825 15815 0
111 31427 31404 0
112 7996 8001 0
113 63 70 0
114 62691 62644 1
115 62645 62602 0
116 62656 62613 0
117 62690 62649 0
118 62687 62647 0
119 15802 15793 0
120 15786 15776 0
121 7926 7921 0
122 31370 31351 0
123 62645 62608 0
124 62670 62634 0
125 31380 31362 0
126 125193 125126 0
127 15763 15755 0
128 7929 7925 0
129 125194 125132 0
130 62636 62605 0
131 125162 125101 0
132 125172 125113 0
133 15760 15753 0
134 15798 15791 0
135 125169 125118 0
136 125194 125144 0
137 62677 62652 0
138 15791 15785 0
139 7944 7941 0
140 125197 125153 0
141 31369 31358 0
142 31444 31433 0
143 125151 125109 0
144 125196 125154 0
145 125190 125149 0
146 15740 15735 0
147 250199 250121 0
148 125145 125106 0
149 250197 250124 0
150 250174 250106 0
151 250177 250112 0
152 250189 250125 0
153 125142 125110 0
154 31446 31438 0
155 62664 62649 0
156 250193 250135 0
157 125158 125130 0
158 125196 125168 0
159 62645 62631 0
160 125145 125118 0
161 62624 62611 0
162 31422 31416 0
163 500195 500102 0
164 250176 250130 0
165 62642 62631 0
166 125138 125118 0
167 500190 500112 0
168 250197 250158 0
169 500193 500116 0
170 125184 125167 0
171 250195 250162 0
172 500190 500125 0
173 7937 7936 0
174 250186 250156 0
175 125157 125142 0
176 250195 250166 0
177 250193 250165 0
178 500163 500110 0
179 500180 500128 0
180 250154 250129 0
181 62621 62615 0
182 62630 62624 0
183 500164 500118 0
184 62631 62626 0
185 62683 62678 0
186 500166 500127 0
187 500178 500141 0
188 500189 500152 0
189 250157 250139 0
190 500162 500128 0
191 250136 250119 0
192 500171 500139 0
193 31412 31410 0
194 500178 500147 0
195 43 43 0
196 4105 4105 0
197 4090 4090 0
198 4063 4063 0
199 7974 7975 0
200 7985 7987 0
201 7932 7935 0
202 15753 15760 0
203 7945 7950 0
204 2124 2126 0
205 7945 7954 0
206 4084 4091 0
207 2127 2133 0
208 4021 4036 0
209 4023 4041 0
210 2063 2075 0
211 2079 2094 0
212 2099 2115 0
213 62 65 0
214 61 64 0
215 42 46 0
216 42 49 0
217 48 66 0
218 37 53 0
219 22 41 0
220 20 39 0
221 4 15 0
222 2 22 0
223 1 22 0
224 62652 62664 0
225 15776 15799 0
226 15757 15772 0
227 62624 62684 0
228 62644 62649 0
229 62636 62678 0
230 62683 62686 0
231 15793 15819 0
232 62649 62646 0
233 15746 15807 0
234 62650 62647 0
235 62627 62668 0
236 15759 15814 0
237 15779 15818 0
238 62617 62618 0
239 7913 7995 0
240 62674 62673 0
241 62647 62683 0
242 62678 62678 0
243 62657 62676 0
244 62677 62679 0
245 62608 62666 0
246 62639 62642 0
247 31397 31428 0
248 62609 62631 0
249 7952 7997 0
250 7970 8001 0
251 7964 8000 0
252 62643 62676 0
253 7918 7968 0
254 125146 125177 0
255 125106 125124 0
256 125139 125174 0
257 7956 8002 0
258 7946 7987 0
259 125180 125180 0
260 125152 125173 0
261 7913 8000 0
262 125103 125139 0
263 125140 125134 0
264 62653 62667 0
265 62685 62696 0
266 125167 125171 0
267 125163 125178 0
268 15734 15753 0
269 7944 8010 0
270 125135 125150 0
271 15759 15794 0
272 125183 125182 0
273 7935 7967 0
274 125130 125184 0
275 125153 125184 0
276 31354 31389 0
277 125113 125116 0
278 125142 125143 0
279 4067 4087 0
280 31375 31411 0
281 125129 125149 0
282 31368 31399 0
283 4057 4092 0
284 4030 4056 0
285 125101 125170 0
286 125185 125199 0
287 125125 125193 0
288 4016 4070 0
289 31366 31385 0
290 125163 125196 0
291 4019 4106 0
292 125184 125195 0
293 4017 4043 0
294 125138 125161 0
295 250138 250128 0
296 4011 4077 0
297 31422 31425 0
298 31377 31398 0
299 4038 4085 0
300 250149 250134 0
301 250107 250123 0
302 250186 250190 0
303 4042 4079 0
304 250152 250197 0
305 250124 250127 0
306 15732 15758 0
307 250130 250165 0
308 250109 250101 0
309 4064 4089 0
310 4029 4092 0
311 4008 4065 0
312 4048 4085 0
313 250153 250150 0
314 4053 4105 0
315 250137 250130 0
316 4065 4090 0
317 250136 250178 0
318 250134 250140 0
319 250149 250160 0
320 250116 250122 0
321 2083 2116 0
322 2054 2095 0
323 2062 2112 0
324 2126 2149 0
325 250150 250143 0
326 2074 2137 0
327 15740 15797 0
328 250141 250193 0
329 250117 250175 0
330 250117 250157 0
331 250146 250160 0
332 2076 2135 0
333 2113 2146 0
334 250175 250175 0
335 250107 250169 0
336 250182 250191 0
337 250178 250172 0
338 31394 31406 0
339 250115 250140 0
340 2107 2152 0
341 2112 2152 0
342 250160 250154 0
343 500154 500196 0
344 15763 15787 0
345 500180 500171 0
346 31353 31365 0
347 500110 500151 0
348 2063 2123 0
349 500144 500152 0
350 2080 2114 0
351 500119 500174 0
352 500134 500107 0
353 500101 500138 0
354 500172 500143 0
355 2103 2131 0
356 500170 500162 0
357 500123 500162 0
358 31385 31412 0
359 3 60 0
360 29 58 0
361 500129 500130 0
362 15740 15777 0
363 1 35 0
364 31384 31444 0
365 35 84 0
366 500129 500123 0
367 15788 15808 0
368 22 90 0
369 500147 500154 0
370 500132 500189 0
371 31397 31414 0
372 500127 500171 0
373 500136 500199 0
374 500146 500155 0
375 500106 500115 0
376 500146 500182 0
377 500116 500104 0
378 15739 15767 0
379 500138 500108 0
380 31416 31419 0
381 500166 500165 0
382 500185 500187 0
383 500129 500176 0
384 31400 31421 0
385 31387 31392 0
386 9 41 0
387 31357 31371 0
388 31383 31399 0
389 31417 31417 0
390 500113 500183 0
391 48 71 0
392 11 84 0
393 31374 31377 0
394 7 63 0
395 500140 500164 0
396 8 82 0
397 500171 500179 0
398 31362 31384 0
399 31395 31447 0
--------------
1000000 :c
1004510 :sum(p)
1000000 :sum(w)
