400 :n
id p,w,x
--------------
0 100 6 1
1 77 5 1
2 27 2 1
3 60 5 1
4 78 9 1
5 71 9 1
6 18 3 1
7 91 17 1
8 89 22 1
9 53 16 1
10 78 24 1
11 60 19 1
12 78 28 1
13 89 56 1
14 98 66 1
15 78 56 1
16 59 44 1
17 95 83 1
18 2114 2057 1
19 2147 2094 1
20 2131 2081 1
21 2143 2096 1
22 2134 2091 1
23 4099 4024 1
24 2097 2062 1
25 4076 4009 1
26 4100 4033 1
27 4104 4045 1
28 4094 4038 1
29 4082 4032 1
30 8010 7916 1
31 8010 7921 1
32 4086 4042 1
33 8003 7918 1
34 4050 4012 1
35 4083 4047 1
36 4042 4007 1
37 2095 2077 1
38 2117 2099 1
39 4061 4028 1
40 4077 4044 1
41 2123 2106 1
42 2141 2124 1
43 2141 2124 1
44 4097 4065 1
45 7970 7916 1
46 8000 7949 1
47 4058 4033 1
48 15825 15733 1
49 4041 4018 1
50 2118 2107 1
51 2131 2120 1
52 15824 15750 1
53 7994 7958 1
54 4080 4062 1
55 7953 7918 1
56 15819 15753 1
57 4032 4016 1
58 15795 15735 1
59 7961 7931 1
60 4025 4010 1
61 8004 7976 1
62 15788 15735 1
63 15794 15747 1
64 4104 4092 1
65 15796 15750 1
66 7987 7964 1
67 7949 7927 1
68 7980 7958 1
69 31444 31359 1
70 7963 7942 1
71 4047 4037 1
72 15768 15733 1
73 4105 4096 1
74 4073 4065 0
75 7941 7926 1
76 7971 7956 1
77 31415 31356 1
78 31450 31392 1
79 31403 31355 1
80 4039 4033 0
81 31438 31392 1
82 62699 62619 1
83 7940 7930 0
84 62696 62620 1
85 31428 31392 1
86 62691 62626 1
87 31419 31391 1
88 62679 62624 1
89 8000 7993 0
90 15750 15737 1
91 75 34 1
92 62670 62620 1
93 31399 31373 0
94 31382 31358 1
95 31397 31373 0
96 31412 31388 0
97 31434 31424 0
98 4061 4079 0
99 125152 125195 0
100 31420 31396 0
101 31386 31363 0
102 62660 62615 1
103 31409 31387 0
104 125165 125111 0
105 15802 15791 0
106 62678 62638 0
107 15774 15764 0
108 31431 31413 0
109 125197 125129 0
110 7918 7914 0
111 7945 7941 0
112 15741 15734 0
113 125179 125129 0
114 125175 125127 0
115 31392 31380 0
116 7921 7918 0
117 7986 7983 0
118 125150 125104 0
119 125190 125144 0
120 125173 125129 0
121 125191 125151 0
122 125175 125138 0
123 125145 125110 0
124 4060 4059 0
125 15818 15815 0
126 15808 15806 0
127 15738 15737 0
128 15739 15739 0
129 15817 15818 0
130 7931 7932 0
131 15775 15777 0
132 4025 4029 0
133 7961 7970 0
134 2078 2081 0
135 2108 2112 0
136 2060 2064 0
137 2112 2122 0
138 12 13 0
139 74 81 0
140 77 86 0
141 14 30 0
142 10 26 0
143 250199 250113 0
144 500154 500175 0
145 500177 500182 0
146 500138 500141 0
147 500193 500164 0
148 62642 62632 0
149 62657 62646 0
150 125105 125103 0
151 62659 62648 0
152 500145 500153 0
153 500150 500112 0
154 500126 500133 0
155 500124 500166 0
156 500173 500192 0
157 500128 500115 0
158 500188 500197 0
159 500156 500174 0
160 125101 125108 0
161 500158 500168 0
162 62636 62635 0
163 500178 500117 0
164 125151 125151 0
165 500193 500160 0
166 250145 250146 0
167 500177 500153 0
168 500197 500157 0
169 125148 125124 0
170 250124 250121 0
171 62663 62661 0
172 250181 250176 0
173 62699 62693 0
174 250152 250144 0
175 250151 250125 0
176 125187 125185 0
177 500185 500154 0
178 500180 500185 0
179 31362 31360 0
180 250120 250124 0
181 62656 62644 0
182 125124 125113 0
183 250182 250185 0
184 62679 62680 0
185 31389 31384 0
186 250142 250161 0
187 62694 62682 0
188 250119 250132 0
189 125197 125185 0
190 125174 125167 0
191 500109 500142 0
192 250164 250149 0
193 125175 125184 0
194 500198 500198 0
195 125125 125119 0
196 31395 31393 0
197 250161 250167 0
198 500142 500177 0
199 125171 125157 0
200 500164 500132 0
201 250162 250149 0
202 250155 250145 0
203 250116 250102 0
204 250120 250118 0
205 125148 125142 0
206 500165 500101 0
207 250164 250156 0
208 500118 500101 0
209 250156 250115 0
210 250180 250196 0
211 250150 250152 0
212 500146 500191 0
213 250124 250120 0
214 500192 500175 0
215 250149 250116 0
216 250151 250160 0
217 125165 125160 0
218 500139 500170 0
219 500141 500139 0
220 500113 500139 0
221 500186 500198 0
222 500110 500116 0
223 250169 250164 0
224 500182 500180 0
225 250163 250151 0
226 250171 250129 0
227 500145 500137 0
228 500156 500117 0
229 500182 500125 0
230 250182 250129 0
231 125155 125127 0
232 250184 250135 0
233 125183 125156 0
234 62672 62657 0
235 125168 125141 0
236 250200 250145 0
237 125161 125135 0
238 62638 62623 0
239 250174 250112 0
240 250198 250130 0
241 250197 250128 0
242 250199 250113 0
243 15729 15797 0
244 7957 7976 0
245 15773 15779 0
246 15769 15797 0
247 7930 7949 0
248 15802 15814 0
249 7968 8009 0
250 7958 8008 0
251 15798 15822 0
252 15782 15796 0
253 7913 7938 0
254 15785 15806 0
255 15738 15812 0
256 15755 15816 0
257 7929 7953 0
258 7949 7979 0
259 7915 8006 0
260 7926 7969 0
261 15762 15790 0
262 7927 8000 0
263 250102 250169 0
264 31389 31403 0
265 31351 31392 0
266 7918 8010 0
267 7913 7959 0
268 7916 7937 0
269 7976 7994 0
270 7970 7983 0
271 31372 31443 0
272 31371 31428 0
273 31401 31436 0
274 250148 250173 0
275 7940 7951 0
276 7919 7968 0
277 31392 31417 0
278 125150 125183 0
279 31411 31418 0
280 250120 250147 0
281 31433 31445 0
282 4034 4092 0
283 31365 31450 0
284 4060 4098 0
285 31406 31437 0
286 4012 4066 0
287 31389 31410 0
288 31381 31392 0
289 31388 31391 0
290 4052 4102 0
291 125108 125157 0
292 4060 4075 0
293 4051 4090 0
294 31402 31420 0
295 250105 250152 0
296 31364 31385 0
297 250105 250192 0
298 4039 4074 0
299 4013 4092 0
300 31377 31433 0
301 31379 31393 0
302 250117 250172 0
303 250119 250164 0
304 31392 31449 0
305 4021 4036 0
306 31398 31438 0
307 31413 31419 0
308 4054 4100 0
309 4021 4100 0
310 62611 62680 0
311 62630 62646 0
312 4036 4079 0
313 4019 4058 0
314 62611 62689 0
315 4032 4068 0
316 15761 15774 0
317 62606 62617 0
318 62645 62651 0
319 2107 2137 0
320 62628 62684 0
321 125118 125196 0
322 2088 2135 0
323 2067 2117 0
324 62679 62698 0
325 2089 2134 0
326 2081 2108 0
327 2098 2137 0
328 62681 62699 0
329 15732 15753 0
330 62604 62620 0
331 62624 62675 0
332 62615 62658 0
333 2099 2119 0
334 2105 2132 0
335 15737 15749 0
336 62660 62673 0
337 2098 2130 0
338 2081 2114 0
339 2067 2110 0
340 15755 15800 0
341 125124 125198 0
342 2065 2093 0
343 2067 2087 0
344 2084 2148 0
345 2085 2110 0
346 2068 2119 0
347 62624 62650 0
348 62625 62644 0
349 62641 62662 0
350 2088 2126 0
351 2054 2137 0
352 2089 2145 0
353 2069 2132 0
354 62601 62655 0
355 2103 2136 0
356 15797 15806 0
357 2108 2130 0
358 2084 2140 0
359 59 77 0
360 5 69 0
361 28 80 0
362 55 80 0
363 54 95 0
364 62670 62691 0
365 62681 62687 0
366 33 78 0
367 21 48 0
368 62640 62698 0
369 15738 15809 0
370 2 83 0
371 62629 62693 0
372 62634 62641 0
373 15753 15774 0
374 15771 15780 0
375 500128 500175 0
376 15728 15813 0
377 58 91 0
378 2 30 0
379 62687 62698 0
380 57 78 0
381 500133 500183 0
382 15790 15799 0
383 125150 125175 0
384 14 70 0
385 500120 500174 0
386 125113 125126 0
387 125124 125188 0
388 125136 125190 0
389 42 92 0
390 125128 125142 0
391 125108 125149 0
392 500111 500177 0
393 21 61 0
394 30 72 0
395 125145 125168 0
396 31 98 0
397 125116 125199 0
398 15775 15787 0
399 15784 15796 0
--------------
1000000 :c
1003878 :sum(p)
1000000 :sum(w)
