400 :n
id p,w,x
--------------
0 31449 31353 1
1 31433 31352 1
2 31434 31354 1
3 54 14 1
4 91 23 1
5 15763 15728 1
6 41 12 1
7 94 65 1
8 93 62 1
9 40 19 1
10 15801 15732 1
11 42 2 1
12 15788 15738 1
13 15783 15735 1
14 15809 15768 1
15 30 6 1
16 35 6 1
17 98 77 1
18 2127 2085 1
19 2129 2071 1
20 2148 2119 1
21 2134 2089 1
22 2126 2074 1
23 2123 2104 1
24 2125 2095 1
25 2098 2075 1
26 15812 15755 1
27 2108 2079 1
28 2116 2068 1
29 2098 2077 1
30 15825 15769 1
31 2152 2054 1
32 2145 2055 1
33 2125 2090 1
34 2096 2078 1
35 2102 2059 1
36 2122 2056 1
37 2151 2075 1
38 2109 2076 1
39 2146 2076 1
40 2131 2092 1
41 4048 4021 1
42 4071 4049 1
43 4087 4050 1
44 4041 4021 1
45 4073 4051 1
46 4057 4036 1
47 4075 4040 1
48 4104 4007 1
49 4063 4017 1
50 4082 4054 1
51 4037 4014 1
52 4092 4018 1
53 4081 4031 1
54 4072 4046 1
55 4098 4076 1
56 4063 4043 1
57 4094 4023 1
58 7991 7958 1
59 7987 7936 1
60 7974 7914 1
61 7937 7916 1
62 7982 7916 1
63 7963 7915 1
64 15808 15750 1
65 7973 7932 1
66 7963 7915 1
67 7957 7936 1
68 7962 7941 1
69 7962 7931 1
70 8008 7918 1
71 15825 15739 1
72 15789 15726 1
73 15825 15761 1
74 15825 15739 1
75 15791 15731 1
76 15817 15770 1
77 15796 15757 1
78 15794 15743 1
79 13 6 1
80 18 10 1
81 13 10 1
82 70 62 1
83 86 83 1
84 76 75 0
85 2079 2066 1
86 2076 2068 1
87 7947 7929 1
88 31441 31372 1
89 7936 7919 1
90 31431 31370 1
91 31434 31375 1
92 31446 31387 1
93 31421 31365 1
94 31428 31372 1
95 15781 15753 1
96 15822 15794 1
97 4023 4016 0
98 15801 15775 1
99 31422 31371 1
100 7990 7978 1
101 4080 4074 0
102 31429 31385 1
103 2147 2144 1
104 41 13 1
105 62698 62606 1
106 31410 31351 1
107 7994 7983 1
108 31396 31356 0
109 15776 15757 0
110 7999 7994 0
111 4078 4084 0
112 7916 7920 0
113 15786 15767 1
114 15806 15787 0
115 62695 62620 0
116 62694 62620 0
117 31406 31369 0
118 62680 62610 0
119 15742 15726 0
120 15806 15790 0
121 62697 62639 0
122 7949 7942 0
123 15764 15752 0
124 4019 4016 0
125 15802 15792 0
126 2133 2132 0
127 7918 7915 0
128 7958 7956 0
129 4075 4074 0
130 26 26 1
131 2063 2063 0
132 2125 2127 0
133 73 76 0
134 26 30 0
135 9 14 0
136 125189 125128 0
137 125186 125148 0
138 62656 62638 0
139 62689 62669 0
140 31376 31359 0
141 125183 125106 0
142 62684 62654 0
143 31423 31412 0
144 125196 125145 0
145 62672 62636 0
146 62694 62637 0
147 31423 31410 0
148 250194 250118 0
149 62691 62659 0
150 62652 62614 0
151 125158 125124 0
152 62681 62636 0
153 31400 31386 0
154 125181 125112 0
155 62683 62636 0
156 250150 250108 0
157 250196 250132 0
158 500149 500115 0
159 250194 250153 0
160 250146 250104 0
161 250183 250125 0
162 125181 125149 0
163 250170 250117 0
164 500198 500121 0
165 15785 15781 0
166 250181 250156 0
167 500193 500126 0
168 125122 125108 0
169 250169 250133 0
170 15766 15762 0
171 250148 250126 0
172 250177 250118 0
173 500195 500101 0
174 62700 62693 0
175 250143 250107 0
176 125133 125113 0
177 500184 500113 0
178 31426 31419 0
179 125189 125164 0
180 250165 250129 0
181 31415 31409 0
182 125181 125151 0
183 125133 125110 0
184 125185 125169 0
185 250152 250131 0
186 125183 125163 0
187 125198 125166 0
188 250198 250143 0
189 500175 500113 0
190 250190 250148 0
191 250194 250150 0
192 500168 500117 0
193 125186 125110 0
194 62646 62622 0
195 500175 500171 0
196 500133 500155 0
197 500137 500153 0
198 500161 500147 0
199 500106 500131 0
200 125162 125155 0
201 15756 15755 0
202 31424 31428 0
203 500167 500133 0
204 31373 31378 0
205 500146 500125 0
206 500186 500169 0
207 125123 125118 0
208 500194 500178 0
209 500179 500154 0
210 250111 250139 0
211 125159 125186 0
212 500164 500134 0
213 15787 15787 0
214 31360 31361 0
215 500111 500108 0
216 500181 500199 0
217 250147 250190 0
218 500129 500181 0
219 500156 500130 0
220 62614 62612 0
221 250122 250117 0
222 500120 500152 0
223 250114 250133 0
224 500117 500101 0
225 62662 62667 0
226 62630 62640 0
227 250117 250143 0
228 250144 250171 0
229 500193 500174 0
230 500153 500165 0
231 500144 500125 0
232 250101 250107 0
233 250181 250166 0
234 500126 500163 0
235 250132 250156 0
236 500101 500130 0
237 62617 62630 0
238 500135 500120 0
239 500137 500175 0
240 500199 500197 0
241 500117 500167 0
242 62633 62641 0
243 250193 250179 0
244 500145 500194 0
245 250173 250171 0
246 250103 250110 0
247 250123 250108 0
248 500152 500195 0
249 250160 250187 0
250 250153 250139 0
251 62626 62626 0
252 500161 500165 0
253 62654 62665 0
254 500144 500150 0
255 500128 500128 0
256 125135 125139 0
257 125100 125129 0
258 250139 250153 0
259 250111 250143 0
260 125143 125166 0
261 125130 125141 0
262 125128 125126 0
263 125159 125164 0
264 250149 250141 0
265 250102 250144 0
266 125125 125121 0
267 7960 7962 0
268 125180 125186 0
269 125198 125198 0
270 125115 125108 0
271 500188 500195 0
272 250163 250191 0
273 250114 250107 0
274 500200 500180 0
275 31375 31375 0
276 31395 31397 0
277 31429 31410 0
278 125140 125104 0
279 125191 125104 0
280 250179 250102 0
281 7933 8011 0
282 7964 8011 0
283 7921 7998 0
284 4021 4095 0
285 4025 4045 0
286 4034 4050 0
287 7931 8003 0
288 7929 7932 0
289 7922 7993 0
290 4071 4083 0
291 7981 8008 0
292 4012 4029 0
293 250113 250197 0
294 4037 4055 0
295 4021 4083 0
296 7974 8004 0
297 4029 4083 0
298 7958 7981 0
299 4020 4040 0
300 125138 125170 0
301 7941 7951 0
302 7940 7971 0
303 4033 4041 0
304 4029 4094 0
305 4015 4060 0
306 4050 4079 0
307 7984 8002 0
308 4069 4081 0
309 4011 4085 0
310 15763 15772 0
311 15742 15800 0
312 15782 15801 0
313 15745 15818 0
314 4033 4044 0
315 4026 4062 0
316 4020 4046 0
317 15758 15808 0
318 15742 15802 0
319 2070 2128 0
320 15766 15775 0
321 15767 15823 0
322 15731 15811 0
323 2105 2133 0
324 7981 7998 0
325 15789 15811 0
326 2055 2074 0
327 125145 125186 0
328 125144 125193 0
329 31363 31433 0
330 2104 2123 0
331 31380 31399 0
332 2101 2110 0
333 31394 31429 0
334 31352 31390 0
335 31384 31417 0
336 2061 2098 0
337 2064 2123 0
338 2065 2122 0
339 31369 31436 0
340 2061 2122 0
341 31360 31424 0
342 31377 31405 0
343 31352 31382 0
344 31356 31407 0
345 31354 31364 0
346 31414 31433 0
347 2088 2128 0
348 31404 31414 0
349 31386 31416 0
350 125109 125143 0
351 62614 62678 0
352 2098 2149 0
353 62673 62692 0
354 62646 62674 0
355 62620 62651 0
356 62601 62620 0
357 2066 2129 0
358 2122 2142 0
359 35 69 0
360 62629 62677 0
361 17 37 0
362 54 84 0
363 8 52 0
364 7954 7963 0
365 62626 62663 0
366 24 96 0
367 62612 62675 0
368 23 96 0
369 62605 62688 0
370 62677 62698 0
371 12 33 0
372 16 47 0
373 62633 62658 0
374 70 81 0
375 29 75 0
376 6 90 0
377 20 50 0
378 63 92 0
379 62652 62697 0
380 62605 62693 0
381 62664 62697 0
382 27 35 0
383 56 97 0
384 7976 8000 0
385 62661 62694 0
386 62601 62624 0
387 23 40 0
388 62631 62652 0
389 125129 125198 0
390 125145 125181 0
391 125105 125164 0
392 125123 125164 0
393 19 60 0
394 7939 7989 0
395 18 89 0
396 125106 125156 0
397 25 69 0
398 7927 7944 0
399 7913 7991 0
--------------
1000000 :c
1004479 :sum(p)
999998 :sum(w)
