400 :n
id p,w,x
--------------
0 60 1 1
1 81 5 1
2 58 4 1
3 77 7 1
4 96 13 1
5 94 13 1
6 80 17 1
7 10 3 1
8 62 20 1
9 100 35 1
10 15 6 1
11 53 23 1
12 55 26 1
13 9 5 1
14 95 53 1
15 90 55 1
16 46 29 1
17 41 27 1
18 88 61 1
19 99 71 1
20 39 29 1
21 18 14 1
22 71 66 1
23 90 84 1
24 48 45 1
25 2153 2095 1
26 2109 2061 1
27 2141 2095 1
28 2134 2089 1
29 2115 2071 1
30 2148 2104 1
31 2113 2071 1
32 2136 2098 1
33 2137 2099 1
34 4081 4010 1
35 4102 4031 1
36 4092 4024 1
37 4076 4009 1
38 4068 4009 1
39 4062 4009 1
40 4086 4033 1
41 2124 2097 1
42 2113 2091 1
43 4057 4015 1
44 8008 7928 1
45 4079 4039 1
46 2147 2126 1
47 8004 7928 1
48 4051 4015 1
49 4091 4058 1
50 7989 7925 1
51 2069 2054 1
52 7995 7941 1
53 8000 7950 1
54 8010 7960 1
55 4066 4041 1
56 7988 7944 1
57 4060 4039 1
58 7991 7950 1
59 7973 7934 1
60 7991 7954 1
61 15809 15736 1
62 15805 15739 1
63 4088 4071 1
64 15797 15732 1
65 2130 2122 1
66 15783 15726 1
67 7992 7964 1
68 4033 4019 1
69 4084 4070 1
70 15806 15752 1
71 4076 4063 1
72 15817 15767 1
73 15797 15749 1
74 15797 15751 1
75 15798 15755 1
76 31440 31355 1
77 15777 15739 1
78 15801 15763 1
79 15802 15764 1
80 31437 31365 1
81 31441 31369 1
82 4046 4037 1
83 15812 15777 1
84 31447 31386 1
85 2083 2079 1
86 7974 7959 1
87 31442 31386 1
88 15782 15754 1
89 7983 7969 1
90 31437 31385 1
91 15804 15778 1
92 7937 7924 1
93 2089 2086 1
94 31432 31387 1
95 2106 2103 1
96 31433 31391 1
97 15794 15773 1
98 31445 31404 1
99 31424 31384 1
100 62690 62611 1
101 7929 7920 1
102 31417 31385 0
103 7957 7937 1
104 31408 31359 1
105 15762 15731 1
106 8012 8004 0
107 62676 62614 1
108 15750 15738 0
109 31448 31443 0
110 31445 31424 0
111 12 19 0
112 15785 15770 1
113 62698 62640 0
114 7982 7975 0
115 15775 15762 0
116 62670 62619 0
117 62676 62627 0
118 2139 2143 0
119 31415 31391 0
120 31419 31395 0
121 7919 7913 1
122 4029 4026 0
123 125193 125101 0
124 62698 62654 0
125 15740 15729 0
126 15736 15728 0
127 2059 2058 0
128 8009 8006 0
129 7947 7946 0
130 4034 4034 0
131 2102 2103 1
132 4030 4036 0
133 2055 2059 0
134 99 100 1
135 73 74 0
136 80 85 0
137 86 93 0
138 62676 62640 0
139 125190 125146 0
140 62691 62651 0
141 125184 125147 0
142 250184 250118 0
143 62627 62606 0
144 62657 62629 0
145 125195 125148 0
146 62655 62622 0
147 31417 31399 0
148 62626 62611 0
149 250194 250109 0
150 62660 62619 0
151 62656 62624 0
152 250187 250123 0
153 62676 62648 0
154 250171 250115 0
155 250151 250106 0
156 62678 62667 0
157 250194 250154 0
158 31436 31430 0
159 125157 125129 0
160 15774 15771 0
161 125153 125127 0
162 125173 125153 0
163 125197 125169 0
164 250184 250143 0
165 250190 250141 0
166 500199 500115 0
167 125179 125122 0
168 31378 31368 0
169 62655 62660 0
170 62605 62612 0
171 62649 62653 0
172 62695 62689 0
173 62698 62691 0
174 125144 125126 0
175 125134 125117 0
176 125155 125172 0
177 125120 125115 0
178 125135 125162 0
179 125142 125164 0
180 125137 125141 0
181 125127 125139 0
182 125148 125143 0
183 125133 125136 0
184 125147 125144 0
185 125126 125154 0
186 125133 125134 0
187 125151 125142 0
188 31353 31358 0
189 125166 125153 0
190 125138 125125 0
191 31362 31365 0
192 125146 125144 0
193 125170 125183 0
194 250119 250114 0
195 250159 250172 0
196 250138 250167 0
197 250115 250112 0
198 250125 250174 0
199 250108 250155 0
200 250164 250186 0
201 250198 250188 0
202 250110 250135 0
203 250128 250166 0
204 250127 250149 0
205 250119 250166 0
206 250184 250188 0
207 250113 250122 0
208 250142 250117 0
209 250111 250165 0
210 250114 250156 0
211 250123 250160 0
212 250180 250200 0
213 500192 500115 0
214 250179 250141 0
215 250118 250167 0
216 250179 250144 0
217 250131 250165 0
218 250148 250172 0
219 250193 250167 0
220 250120 250118 0
221 250136 250121 0
222 250121 250104 0
223 500111 500184 0
224 500158 500186 0
225 500198 500186 0
226 500196 500149 0
227 500102 500111 0
228 500180 500176 0
229 500141 500200 0
230 500112 500142 0
231 500181 500193 0
232 500187 500115 0
233 15815 15817 0
234 500181 500199 0
235 500168 500185 0
236 500175 500183 0
237 500181 500153 0
238 500157 500153 0
239 500153 500184 0
240 500157 500113 0
241 500122 500139 0
242 500106 500105 0
243 500175 500130 0
244 500152 500118 0
245 500141 500168 0
246 62624 62638 0
247 500124 500134 0
248 500170 500183 0
249 500107 500169 0
250 500158 500154 0
251 500174 500128 0
252 500163 500128 0
253 500124 500105 0
254 500116 500190 0
255 500151 500125 0
256 500143 500161 0
257 500155 500154 0
258 500189 500155 0
259 500175 500184 0
260 500134 500148 0
261 500187 500159 0
262 500136 500153 0
263 62612 62614 0
264 62620 62625 0
265 31396 31393 0
266 62605 62604 0
267 250200 250106 0
268 125168 125136 0
269 15739 15735 0
270 125155 125118 0
271 62658 62631 0
272 125191 125151 0
273 62673 62645 0
274 7953 7995 0
275 7936 7957 0
276 7944 8000 0
277 7985 7999 0
278 7953 7975 0
279 7974 8012 0
280 7947 7984 0
281 7930 7937 0
282 4013 4067 0
283 4012 4059 0
284 4062 4096 0
285 7921 8004 0
286 4013 4077 0
287 15756 15782 0
288 15735 15762 0
289 15774 15816 0
290 7924 8000 0
291 4047 4106 0
292 15739 15824 0
293 4050 4090 0
294 4014 4055 0
295 4060 4088 0
296 15749 15823 0
297 15783 15820 0
298 15748 15805 0
299 15759 15799 0
300 4071 4079 0
301 4066 4075 0
302 4058 4079 0
303 4081 4097 0
304 15756 15761 0
305 4041 4071 0
306 15729 15741 0
307 15738 15800 0
308 15785 15810 0
309 4040 4047 0
310 15731 15820 0
311 4033 4056 0
312 4014 4047 0
313 15751 15783 0
314 4010 4102 0
315 4031 4095 0
316 4079 4097 0
317 15735 15739 0
318 31381 31435 0
319 2111 2138 0
320 2079 2109 0
321 2060 2116 0
322 31377 31450 0
323 31374 31402 0
324 31398 31411 0
325 2076 2091 0
326 31374 31385 0
327 31368 31396 0
328 31378 31389 0
329 2120 2149 0
330 7928 7936 0
331 2060 2145 0
332 2064 2132 0
333 31352 31413 0
334 2091 2151 0
335 31361 31412 0
336 2130 2141 0
337 31353 31385 0
338 2059 2109 0
339 2061 2079 0
340 31362 31403 0
341 2105 2129 0
342 2058 2115 0
343 31367 31384 0
344 2120 2148 0
345 7978 7997 0
346 2091 2121 0
347 31390 31404 0
348 2092 2139 0
349 2088 2125 0
350 2078 2150 0
351 31367 31425 0
352 31380 31441 0
353 31380 31394 0
354 31401 31416 0
355 31353 31437 0
356 7949 7952 0
357 62621 62681 0
358 2068 2104 0
359 62601 62653 0
360 62659 62681 0
361 62612 62631 0
362 18 30 0
363 62630 62698 0
364 62642 62687 0
365 62644 62678 0
366 49 94 0
367 7952 7998 0
368 62601 62646 0
369 60 88 0
370 62615 62697 0
371 62617 62665 0
372 7944 7987 0
373 76 88 0
374 13 41 0
375 62604 62686 0
376 62631 62652 0
377 62637 62688 0
378 125132 125167 0
379 125118 125169 0
380 125125 125173 0
381 125154 125199 0
382 125126 125160 0
383 125138 125198 0
384 125140 125189 0
385 33 97 0
386 125139 125172 0
387 7966 8008 0
388 29 89 0
389 125137 125194 0
390 5 60 0
391 7961 7972 0
392 30 67 0
393 125118 125184 0
394 250112 250191 0
395 250113 250188 0
396 250121 250185 0
397 54 85 0
398 7927 7974 0
399 7918 7924 0
--------------
1000000 :c
1004241 :sum(p)
1000000 :sum(w)
