400 :n
id p,w,x
--------------
0 7995 7945 1
1 8011 7929 1
2 81 38 1
3 67 14 1
4 94 4 1
5 72 16 1
6 2142 2094 1
7 2113 2077 1
8 2130 2081 1
9 2147 2115 1
10 2138 2087 1
11 2142 2073 1
12 4076 4014 1
13 7965 7915 1
14 7991 7936 1
15 4061 4025 1
16 4053 4012 1
17 7992 7918 1
18 4106 4065 1
19 4053 4007 1
20 4100 4018 1
21 4066 4027 1
22 55 10 1
23 4104 4023 1
24 52 5 1
25 2107 2074 1
26 86 43 1
27 4079 4041 1
28 2141 2075 1
29 2115 2068 1
30 4055 4014 1
31 2126 2079 1
32 7981 7943 1
33 15825 15747 1
34 15783 15728 1
35 7998 7960 1
36 31432 31362 1
37 62697 62601 1
38 31422 31353 1
39 15795 15753 1
40 15796 15748 1
41 31441 31357 1
42 31437 31373 1
43 31416 31353 1
44 15802 15750 1
45 9 3 1
46 43 29 1
47 57 44 1
48 49 38 1
49 85 67 1
50 99 81 1
51 44 36 1
52 53 44 1
53 40 34 1
54 97 91 1
55 2134 2106 1
56 2138 2113 1
57 2109 2086 1
58 2094 2074 1
59 2086 2067 1
60 2095 2077 1
61 2138 2120 1
62 2087 2071 1
63 4076 4049 1
64 4037 4012 1
65 2072 2062 1
66 7967 7937 1
67 4031 4016 1
68 4076 4062 1
69 7985 7959 1
70 4049 4036 1
71 4037 4026 1
72 15814 15773 1
73 15789 15750 1
74 15815 15777 1
75 15807 15770 1
76 7988 7970 1
77 4051 4042 1
78 4084 4075 1
79 15783 15752 1
80 31410 31352 1
81 31433 31378 1
82 31407 31355 1
83 15786 15762 1
84 15808 15784 1
85 7938 7926 1
86 8004 7992 1
87 2146 2112 1
88 31446 31410 1
89 31441 31400 1
90 8009 7999 1
91 15772 15755 1
92 15777 15760 1
93 15807 15784 1
94 31428 31383 1
95 8000 7990 1
96 62689 62624 1
97 62677 62615 0
98 15776 15761 1
99 62696 62682 0
100 31450 31426 0
101 62678 62637 0
102 31440 31411 0
103 31449 31421 1
104 7957 7950 1
105 15799 15786 0
106 4089 4089 0
107 31434 31410 0
108 62690 62643 0
109 22 41 0
110 62685 62632 0
111 31378 31358 0
112 62642 62606 0
113 62693 62657 0
114 125191 125121 0
115 62662 62627 0
116 125185 125118 0
117 31425 31409 0
118 62694 62663 0
119 62691 62661 0
120 125180 125122 0
121 31365 31351 0
122 31432 31418 0
123 15738 15731 0
124 15807 15800 0
125 125156 125102 0
126 125199 125146 0
127 62647 62622 0
128 125154 125106 0
129 250198 250105 0
130 250200 250113 0
131 62625 62605 0
132 31423 31413 0
133 62636 62617 0
134 31423 31414 0
135 250185 250115 0
136 125183 125149 0
137 125189 125156 0
138 15763 15759 0
139 7937 7935 0
140 250194 250136 0
141 250166 250110 0
142 250193 250137 0
143 31428 31421 0
144 250188 250134 0
145 125159 125133 0
146 62684 62672 0
147 31438 31432 0
148 62676 62665 0
149 62691 62680 0
150 125134 125113 0
151 125171 125150 0
152 250163 250122 0
153 125178 125158 0
154 62629 62619 0
155 125190 125172 0
156 31376 31372 0
157 15764 15762 0
158 8009 8008 0
159 62632 62625 0
160 62646 62639 0
161 250163 250141 0
162 125129 125118 0
163 250133 250112 0
164 250134 250113 0
165 250148 250127 0
166 250154 250137 0
167 250191 250174 0
168 250198 250181 0
169 62628 62624 0
170 62678 62674 0
171 15732 15731 0
172 15815 15814 0
173 250132 250119 0
174 125157 125151 0
175 62616 62613 0
176 62669 62666 0
177 250120 250110 0
178 250149 250140 0
179 250129 250123 0
180 250134 250128 0
181 250135 250130 0
182 125188 125186 0
183 4007 4007 1
184 62603 62603 0
185 7966 7966 0
186 62618 62618 0
187 7974 7974 1
188 7956 7956 0
189 250158 250160 0
190 250187 250190 0
191 125158 125160 0
192 125124 125126 0
193 125125 125128 0
194 250185 250191 0
195 250166 250172 0
196 125190 125195 0
197 62690 62693 0
198 15793 15794 0
199 125180 125188 0
200 125146 125155 0
201 125101 125110 0
202 250121 250139 0
203 250104 250122 0
204 125150 125161 0
205 250140 250162 0
206 250157 250181 0
207 62643 62650 0
208 250126 250155 0
209 15773 15775 0
210 125170 125186 0
211 250165 250198 0
212 250149 250182 0
213 125143 125161 0
214 250135 250173 0
215 31439 31444 0
216 250142 250183 0
217 125166 125187 0
218 125104 125125 0
219 250118 250162 0
220 125103 125126 0
221 31437 31443 0
222 125101 125125 0
223 250111 250159 0
224 31391 31398 0
225 31369 31376 0
226 125148 125176 0
227 250114 250170 0
228 250110 250169 0
229 62640 62655 0
230 62606 62621 0
231 125106 125136 0
232 125101 125132 0
233 4007 4008 0
234 250113 250180 0
235 250114 250182 0
236 62608 62631 0
237 125120 125167 0
238 31429 31441 0
239 125119 125168 0
240 62602 62631 0
241 125137 125196 0
242 125131 125190 0
243 31421 31436 0
244 125131 125192 0
245 125112 125175 0
246 31366 31383 0
247 125110 125185 0
248 15777 15787 0
249 62625 62667 0
250 62605 62650 0
251 62604 62650 0
252 15800 15812 0
253 15797 15810 0
254 7998 8005 0
255 15758 15772 0
256 2108 2110 0
257 2096 2098 0
258 4048 4052 0
259 62625 62687 0
260 62611 62673 0
261 7959 7967 0
262 62608 62674 0
263 31354 31389 0
264 31357 31395 0
265 7950 7960 0
266 62602 62683 0
267 31406 31447 0
268 31372 31415 0
269 7917 7928 0
270 15734 15756 0
271 4039 4045 0
272 7997 8009 0
273 31381 31431 0
274 31353 31404 0
275 15763 15790 0
276 31357 31414 0
277 15793 15822 0
278 4008 4016 0
279 31362 31432 0
280 2148 2153 0
281 15751 15788 0
282 7987 8008 0
283 7958 7979 0
284 31354 31437 0
285 7944 7967 0
286 15756 15804 0
287 15740 15788 0
288 7948 7973 0
289 15737 15796 0
290 15757 15818 0
291 7955 7986 0
292 15751 15814 0
293 7970 8005 0
294 7930 7965 0
295 2115 2125 0
296 2120 2135 0
297 57 62 0
298 47 52 0
299 77 86 0
300 65 80 0
301 27 37 0
302 36 53 0
303 21 35 0
304 16 30 0
305 5 10 0
306 12 29 0
307 500127 500157 0
308 500171 500106 0
309 500153 500103 0
310 500157 500173 0
311 500193 500163 0
312 500185 500190 0
313 500105 500126 0
314 500122 500195 0
315 500176 500117 0
316 500146 500123 0
317 500181 500148 0
318 500141 500119 0
319 500187 500106 0
320 500177 500125 0
321 500138 500114 0
322 500174 500101 0
323 500121 500140 0
324 500120 500130 0
325 500184 500159 0
326 500107 500168 0
327 500130 500110 0
328 500174 500166 0
329 500188 500125 0
330 500106 500128 0
331 500105 500178 0
332 500145 500155 0
333 500155 500189 0
334 500141 500127 0
335 500106 500195 0
336 500104 500190 0
337 500126 500114 0
338 500176 500109 0
339 500136 500178 0
340 500102 500177 0
341 500104 500116 0
342 500146 500145 0
343 500149 500161 0
344 500172 500159 0
345 500102 500195 0
346 500150 500179 0
347 2112 2138 0
348 2083 2099 0
349 4013 4101 0
350 4009 4037 0
351 4037 4081 0
352 4008 4040 0
353 2119 2142 0
354 4044 4069 0
355 2071 2149 0
356 2058 2112 0
357 4053 4089 0
358 4015 4076 0
359 4061 4092 0
360 4025 4082 0
361 4071 4099 0
362 20 86 0
363 41 84 0
364 4045 4076 0
365 10 87 0
366 6 57 0
367 2057 2086 0
368 2061 2140 0
369 55 88 0
370 1 26 0
371 4007 4050 0
372 2096 2120 0
373 13 42 0
374 4024 4056 0
375 4033 4096 0
376 2062 2111 0
377 4072 4096 0
378 2074 2137 0
379 4029 4081 0
380 32 82 0
381 7949 8005 0
382 1 79 0
383 2095 2119 0
384 7916 7983 0
385 7921 7961 0
386 19 56 0
387 2074 2118 0
388 7963 8000 0
389 2093 2111 0
390 57 99 0
391 7927 8002 0
392 7921 7976 0
393 7967 8003 0
394 7918 7959 0
395 65 92 0
396 15733 15817 0
397 15755 15825 0
398 2085 2131 0
399 2102 2146 0
--------------
1000000 :c
1003722 :sum(p)
999998 :sum(w)
