400 :n
id p,w,x
--------------
0 4106 4073 1
1 4099 4078 1
2 48 26 1
3 15815 15766 1
4 46 8 1
5 15809 15765 1
6 15825 15764 1
7 31437 31365 1
8 15783 15729 1
9 97 14 1
10 4084 4033 1
11 27 7 1
12 15796 15752 1
13 15782 15749 1
14 48 28 1
15 31428 31351 1
16 64 38 1
17 4097 4027 1
18 73 55 1
19 4083 4021 1
20 15803 15746 1
21 15808 15775 1
22 15795 15756 1
23 4095 4044 1
24 15819 15728 1
25 8004 7923 1
26 31427 31358 1
27 8007 7931 1
28 8004 7928 1
29 2104 2062 1
30 7955 7922 1
31 2123 2071 1
32 99 62 1
33 7984 7914 1
34 8004 7919 1
35 7996 7931 1
36 7984 7949 1
37 2099 2075 1
38 8002 7970 1
39 7977 7914 1
40 8005 7971 1
41 7965 7928 1
42 7958 7929 1
43 7999 7970 1
44 45 6 1
45 7951 7922 1
46 2115 2076 1
47 59 2 1
48 2115 2097 1
49 48 27 1
50 2129 2057 1
51 7955 7917 1
52 7959 7934 1
53 2136 2116 1
54 8006 7934 1
55 8011 7965 1
56 2121 2101 1
57 4083 4051 1
58 2104 2063 1
59 2145 2067 1
60 4064 4023 1
61 4059 4017 1
62 2119 2068 1
63 4103 4070 1
64 4093 4024 1
65 4066 4027 1
66 2137 2098 1
67 2119 2073 1
68 4093 4035 1
69 4090 4048 1
70 2112 2073 1
71 4083 4018 1
72 33 27 1
73 70 58 1
74 90 76 1
75 23 20 1
76 90 86 1
77 61 59 1
78 74 72 1
79 2126 2110 1
80 2073 2060 1
81 2093 2081 1
82 4050 4032 1
83 2116 2107 1
84 4102 4087 1
85 4072 4062 1
86 7987 7968 1
87 4094 4085 1
88 4061 4053 1
89 15809 15783 1
90 15785 15760 1
91 7986 7974 1
92 4093 4087 0
93 15755 15732 1
94 62692 62603 1
95 31408 31365 1
96 7929 7919 1
97 7963 7953 0
98 7986 7976 0
99 31402 31363 1
100 31412 31374 1
101 15752 15733 0
102 31418 31382 1
103 7999 7990 0
104 15778 15761 0
105 71 44 1
106 62690 62621 1
107 31401 31355 1
108 31384 31353 0
109 62665 62604 1
110 31433 31414 0
111 62698 62638 0
112 31433 31424 0
113 15761 15793 0
114 31413 31383 1
115 31389 31360 1
116 31400 31373 0
117 62661 62609 0
118 62690 62638 0
119 125195 125102 0
120 2143 2142 0
121 125196 125106 0
122 31375 31354 0
123 125195 125118 0
124 125179 125113 0
125 125186 125123 0
126 125164 125102 0
127 62672 62642 0
128 31412 31397 0
129 125168 125109 0
130 125178 125128 0
131 62639 62614 0
132 125183 125135 0
133 125188 125143 0
134 125168 125124 0
135 62625 62604 0
136 62673 62652 0
137 15756 15751 0
138 125144 125106 0
139 7932 7934 0
140 4068 4070 0
141 7972 7976 0
142 7954 7960 0
143 2060 2063 0
144 4052 4059 0
145 4042 4052 0
146 2101 2107 0
147 2062 2074 0
148 45 46 0
149 76 82 0
150 30 33 0
151 52 64 0
152 11 16 0
153 18 27 0
154 500193 500109 0
155 500169 500144 0
156 250125 250110 0
157 500181 500188 0
158 250121 250126 0
159 31419 31415 0
160 62676 62672 0
161 250151 250154 0
162 500151 500128 0
163 250149 250102 0
164 250159 250149 0
165 250166 250128 0
166 500166 500166 0
167 500173 500188 0
168 250197 250188 0
169 500164 500114 0
170 250189 250185 0
171 250195 250164 0
172 250195 250161 0
173 125194 125175 0
174 125120 125116 0
175 250190 250150 0
176 31390 31387 0
177 125194 125193 0
178 500194 500185 0
179 500199 500127 0
180 500141 500114 0
181 500195 500138 0
182 250193 250153 0
183 500163 500127 0
184 500151 500138 0
185 500168 500139 0
186 500112 500120 0
187 500164 500126 0
188 250163 250159 0
189 500139 500146 0
190 500162 500140 0
191 500179 500132 0
192 500129 500136 0
193 500179 500127 0
194 125172 125157 0
195 250161 250125 0
196 250134 250113 0
197 500182 500180 0
198 250168 250160 0
199 125143 125128 0
200 500192 500189 0
201 500193 500113 0
202 125127 125122 0
203 250131 250120 0
204 62633 62631 0
205 250174 250142 0
206 62662 62645 0
207 250199 250144 0
208 62696 62678 0
209 125175 125144 0
210 125195 125168 0
211 125181 125154 0
212 31412 31404 0
213 250188 250119 0
214 62649 62632 0
215 250188 250120 0
216 31388 31381 0
217 125194 125169 0
218 62613 62602 0
219 62686 62685 0
220 500115 500114 0
221 15770 15794 0
222 31425 31440 0
223 15773 15783 0
224 31384 31443 0
225 15755 15824 0
226 31396 31429 0
227 15748 15774 0
228 31377 31381 0
229 15793 15803 0
230 31351 31416 0
231 31389 31425 0
232 15766 15792 0
233 15788 15801 0
234 31360 31428 0
235 15736 15792 0
236 15790 15805 0
237 31376 31421 0
238 15737 15768 0
239 31352 31357 0
240 15786 15822 0
241 7979 7988 0
242 7971 7995 0
243 7915 7956 0
244 7934 7948 0
245 31371 31376 0
246 31355 31430 0
247 7930 7991 0
248 31386 31435 0
249 31433 31442 0
250 15760 15825 0
251 31351 31373 0
252 31356 31380 0
253 31369 31419 0
254 7952 7987 0
255 31369 31402 0
256 62635 62665 0
257 62601 62676 0
258 62641 62682 0
259 62620 62659 0
260 62652 62691 0
261 62649 62676 0
262 62622 62698 0
263 62660 62665 0
264 7938 7967 0
265 31382 31442 0
266 62687 62694 0
267 62614 62622 0
268 62603 62636 0
269 62622 62677 0
270 62622 62672 0
271 62641 62655 0
272 62667 62680 0
273 7954 7968 0
274 7929 7973 0
275 62623 62633 0
276 7932 7983 0
277 7914 7980 0
278 7922 7978 0
279 62645 62684 0
280 4028 4055 0
281 31363 31432 0
282 62692 62700 0
283 4039 4062 0
284 15737 15824 0
285 4028 4103 0
286 62621 62645 0
287 4034 4046 0
288 62615 62634 0
289 4087 4103 0
290 62610 62647 0
291 62689 62691 0
292 4016 4034 0
293 62618 62626 0
294 125148 125191 0
295 125131 125176 0
296 125133 125197 0
297 125115 125170 0
298 4040 4093 0
299 31353 31377 0
300 125137 125186 0
301 4033 4063 0
302 125168 125179 0
303 125166 125197 0
304 4016 4098 0
305 125104 125166 0
306 125126 125172 0
307 4037 4077 0
308 4035 4063 0
309 4039 4065 0
310 125106 125161 0
311 125131 125188 0
312 125136 125141 0
313 125105 125149 0
314 4015 4091 0
315 125122 125152 0
316 4057 4099 0
317 4079 4104 0
318 4053 4083 0
319 125192 125197 0
320 125162 125189 0
321 2091 2116 0
322 125130 125137 0
323 125107 125131 0
324 2082 2142 0
325 2063 2088 0
326 250147 250158 0
327 250132 250161 0
328 250159 250190 0
329 2059 2101 0
330 250128 250149 0
331 250114 250155 0
332 500112 500127 0
333 2068 2119 0
334 250176 250200 0
335 2086 2151 0
336 2059 2102 0
337 250115 250141 0
338 250114 250187 0
339 2088 2141 0
340 2083 2149 0
341 250174 250192 0
342 2070 2137 0
343 2069 2126 0
344 250154 250173 0
345 2087 2124 0
346 250150 250180 0
347 250114 250125 0
348 2065 2131 0
349 250167 250197 0
350 2103 2122 0
351 2128 2152 0
352 250158 250192 0
353 2079 2130 0
354 15774 15779 0
355 2065 2115 0
356 250104 250118 0
357 15728 15814 0
358 2095 2116 0
359 22 92 0
360 15734 15812 0
361 250142 250168 0
362 6 54 0
363 15749 15775 0
364 250158 250189 0
365 7 98 0
366 55 87 0
367 15751 15771 0
368 26 73 0
369 250143 250162 0
370 250116 250194 0
371 500134 500150 0
372 50 79 0
373 15734 15806 0
374 500155 500195 0
375 5 96 0
376 33 86 0
377 500118 500193 0
378 4 87 0
379 500104 500188 0
380 500156 500177 0
381 500127 500179 0
382 500125 500165 0
383 41 77 0
384 51 86 0
385 500133 500177 0
386 15777 15804 0
387 22 53 0
388 500117 500162 0
389 500112 500177 0
390 21 86 0
391 53 91 0
392 15813 15816 0
393 500114 500158 0
394 500105 500177 0
395 500148 500178 0
396 55 83 0
397 500157 500197 0
398 15781 15791 0
399 15732 15749 0
--------------
1000000 :c
1004123 :sum(p)
999999 :sum(w)
