400 :n
id p,w,x
--------------
0 4085 4022 1
1 7984 7918 1
2 96 65 1
3 8010 7974 1
4 39 6 1
5 7965 7924 1
6 77 40 1
7 7990 7948 1
8 98 70 1
9 4096 4012 1
10 4045 4007 1
11 91 60 1
12 7997 7952 1
13 91 54 1
14 97 31 1
15 7983 7926 1
16 90 55 1
17 96 64 1
18 69 49 1
19 92 28 1
20 93 36 1
21 61 13 1
22 7968 7916 1
23 2113 2062 1
24 31448 31358 1
25 4048 4020 1
26 2151 2129 1
27 2128 2104 1
28 4075 4049 1
29 7993 7918 1
30 2118 2058 1
31 2129 2056 1
32 31445 31382 1
33 2087 2056 1
34 31444 31352 1
35 2136 2057 1
36 4057 4016 1
37 2103 2079 1
38 7965 7931 1
39 2137 2099 1
40 2131 2069 1
41 2142 2101 1
42 4102 4071 1
43 15774 15727 1
44 4093 4040 1
45 15812 15754 1
46 15808 15752 1
47 2102 2062 1
48 2114 2056 1
49 2120 2095 1
50 2107 2075 1
51 2145 2076 1
52 15804 15735 1
53 15810 15750 1
54 15796 15728 1
55 15797 15759 1
56 31434 31379 1
57 31421 31365 1
58 31410 31352 1
59 31441 31382 1
60 38 19 1
61 31 17 1
62 43 27 1
63 56 47 1
64 53 45 1
65 64 58 1
66 99 92 1
67 2119 2098 1
68 2124 2106 1
69 2134 2116 1
70 2081 2067 1
71 4038 4015 1
72 4031 4009 1
73 4032 4012 1
74 4071 4054 1
75 4064 4049 1
76 2067 2060 1
77 2125 2118 1
78 2145 2138 1
79 2133 2127 1
80 7994 7972 1
81 4059 4049 1
82 4061 4052 1
83 15802 15767 1
84 4105 4096 1
85 15797 15765 1
86 4101 4093 1
87 2060 2056 1
88 15796 15769 1
89 15820 15793 1
90 15802 15776 1
91 7926 7913 1
92 15810 15790 1
93 4037 4032 1
94 31424 31386 1
95 62690 62618 1
96 62695 62625 1
97 31419 31384 1
98 7939 7923 1
99 62690 62619 1
100 31388 31353 1
101 31433 31399 0
102 62684 62621 1
103 15815 15800 0
104 62698 62641 0
105 31446 31435 0
106 45 58 0
107 62657 62601 0
108 15756 15742 0
109 31410 31384 0
110 62652 62601 0
111 62662 62611 0
112 2107 2106 1
113 31389 31364 0
114 62692 62644 0
115 62668 62623 0
116 62663 62619 0
117 31432 31411 0
118 31438 31417 0
119 15786 15777 0
120 7948 7944 1
121 15768 15762 0
122 15784 15778 0
123 7986 7983 0
124 15757 15752 0
125 7920 7918 0
126 15814 15812 0
127 9 9 0
128 77 77 0
129 4048 4049 0
130 4061 4063 0
131 4051 4053 0
132 2056 2059 0
133 42 48 0
134 62693 62660 0
135 500189 500141 0
136 250150 250122 0
137 125161 125137 0
138 62692 62673 0
139 250165 250108 0
140 125140 125125 0
141 125154 125115 0
142 250187 250162 0
143 125159 125143 0
144 500200 500135 0
145 62676 62657 0
146 125173 125134 0
147 500190 500102 0
148 500176 500103 0
149 250148 250112 0
150 62698 62663 0
151 62681 62655 0
152 125171 125111 0
153 250190 250165 0
154 31400 31391 0
155 250173 250108 0
156 250200 250137 0
157 250175 250110 0
158 31442 31438 0
159 31426 31422 0
160 250174 250141 0
161 250167 250103 0
162 250160 250131 0
163 125165 125119 0
164 250182 250111 0
165 250169 250144 0
166 62692 62659 0
167 250200 250101 0
168 250159 250111 0
169 125195 125104 0
170 125194 125103 0
171 125190 125106 0
172 62670 62628 0
173 62695 62657 0
174 125196 125119 0
175 125188 125110 0
176 31366 31378 0
177 62665 62688 0
178 31373 31447 0
179 62639 62680 0
180 62605 62674 0
181 31421 31441 0
182 62649 62685 0
183 62607 62623 0
184 31433 31444 0
185 31398 31431 0
186 31358 31432 0
187 31427 31445 0
188 62651 62698 0
189 62611 62671 0
190 31372 31375 0
191 31374 31401 0
192 62605 62611 0
193 31374 31447 0
194 62614 62695 0
195 31401 31420 0
196 62661 62699 0
197 62611 62607 0
198 31369 31429 0
199 62658 62675 0
200 62606 62698 0
201 62618 62693 0
202 15743 15781 0
203 62614 62699 0
204 62689 62688 0
205 62605 62621 0
206 62684 62684 0
207 15765 15800 0
208 62617 62654 0
209 15727 15807 0
210 62623 62629 0
211 62610 62674 0
212 15764 15819 0
213 15736 15775 0
214 125124 125187 0
215 15748 15815 0
216 15762 15790 0
217 15792 15809 0
218 15751 15768 0
219 15744 15797 0
220 15740 15803 0
221 125109 125131 0
222 15756 15815 0
223 15731 15825 0
224 125157 125150 0
225 15758 15809 0
226 15734 15760 0
227 125122 125198 0
228 15757 15763 0
229 125147 125187 0
230 125178 125196 0
231 15747 15759 0
232 15768 15791 0
233 125147 125144 0
234 125124 125153 0
235 15746 15824 0
236 125115 125143 0
237 125160 125176 0
238 15732 15784 0
239 125153 125149 0
240 125121 125159 0
241 125128 125173 0
242 7964 7994 0
243 7924 7991 0
244 7933 8000 0
245 7941 7943 0
246 7918 8012 0
247 7994 7995 0
248 7958 7993 0
249 125146 125153 0
250 7949 8008 0
251 7914 7926 0
252 125132 125174 0
253 7946 7996 0
254 7989 8004 0
255 125115 125111 0
256 125155 125143 0
257 7924 7935 0
258 7925 7977 0
259 125110 125180 0
260 7984 8005 0
261 125182 125181 0
262 125125 125181 0
263 7915 7949 0
264 7915 7928 0
265 7972 7983 0
266 125159 125180 0
267 7985 8007 0
268 7932 8004 0
269 7951 7972 0
270 125182 125183 0
271 7913 7999 0
272 125148 125186 0
273 7970 7997 0
274 125123 125114 0
275 125105 125190 0
276 7987 7993 0
277 7932 7969 0
278 7987 8004 0
279 125109 125148 0
280 125167 125171 0
281 125136 125164 0
282 4021 4063 0
283 250125 250158 0
284 4015 4098 0
285 250101 250185 0
286 4052 4076 0
287 4011 4092 0
288 31379 31393 0
289 250135 250190 0
290 250168 250191 0
291 4021 4071 0
292 4035 4070 0
293 4048 4105 0
294 4055 4078 0
295 250172 250166 0
296 250164 250160 0
297 250151 250133 0
298 31401 31433 0
299 250163 250195 0
300 250139 250190 0
301 4036 4082 0
302 250164 250168 0
303 4044 4075 0
304 4043 4080 0
305 4076 4094 0
306 4039 4086 0
307 31359 31398 0
308 4030 4070 0
309 250132 250133 0
310 4052 4070 0
311 4076 4096 0
312 250163 250151 0
313 4037 4061 0
314 250151 250171 0
315 250115 250146 0
316 250182 250182 0
317 4072 4094 0
318 4053 4078 0
319 250121 250169 0
320 250163 250169 0
321 250169 250178 0
322 250101 250107 0
323 2113 2125 0
324 250176 250159 0
325 2144 2152 0
326 2056 2089 0
327 250171 250182 0
328 250189 250187 0
329 250140 250192 0
330 250107 250113 0
331 2085 2095 0
332 250193 250176 0
333 2076 2144 0
334 500160 500154 0
335 500141 500136 0
336 500143 500114 0
337 2062 2152 0
338 2132 2140 0
339 500161 500119 0
340 31389 31425 0
341 500147 500106 0
342 500113 500107 0
343 500103 500113 0
344 500160 500143 0
345 2114 2124 0
346 2092 2102 0
347 500170 500174 0
348 500104 500105 0
349 2111 2116 0
350 2079 2113 0
351 500115 500197 0
352 500167 500182 0
353 500133 500116 0
354 500134 500146 0
355 2111 2141 0
356 500142 500116 0
357 2054 2114 0
358 500129 500136 0
359 20 94 0
360 500186 500167 0
361 29 61 0
362 500114 500139 0
363 500118 500171 0
364 500173 500159 0
365 500132 500173 0
366 43 50 0
367 500146 500102 0
368 500149 500183 0
369 9 65 0
370 500141 500170 0
371 500146 500161 0
372 500114 500154 0
373 24 89 0
374 3 99 0
375 500191 500170 0
376 74 87 0
377 5 85 0
378 55 72 0
379 6 45 0
380 500122 500184 0
381 59 67 0
382 500141 500154 0
383 43 60 0
384 31371 31450 0
385 500180 500180 0
386 11 37 0
387 36 89 0
388 500185 500157 0
389 31379 31445 0
390 500197 500192 0
391 500107 500167 0
392 500160 500171 0
393 19 48 0
394 31385 31422 0
395 6 57 0
396 500171 500194 0
397 500121 500103 0
398 31364 31427 0
399 31362 31414 0
--------------
1000000 :c
1003855 :sum(p)
1000000 :sum(w)
