400 :n
id p,w,x
--------------
0 2086 2059 1
1 2144 2092 1
2 2139 2114 1
3 2089 2063 1
4 2102 2066 1
5 79 41 1
6 47 18 1
7 15806 15751 1
8 95 12 1
9 70 25 1
10 15802 15752 1
11 15791 15741 1
12 94 14 1
13 4058 4022 1
14 15820 15764 1
15 15819 15757 1
16 8012 7935 1
17 2150 2099 1
18 70 41 1
19 4083 4025 1
20 31448 31355 1
21 96 23 1
22 4043 4011 1
23 7983 7942 1
24 4055 4016 1
25 7993 7960 1
26 80 55 1
27 7982 7947 1
28 2152 2056 1
29 2116 2067 1
30 15795 15754 1
31 2088 2055 1
32 2143 2099 1
33 8000 7942 1
34 4055 4019 1
35 4054 4010 1
36 83 54 1
37 2152 2076 1
38 86 53 1
39 8007 7960 1
40 61 36 1
41 67 9 1
42 4072 4029 1
43 2140 2067 1
44 7986 7925 1
45 2120 2077 1
46 2134 2055 1
47 7985 7948 1
48 7996 7950 1
49 8005 7918 1
50 33 11 1
51 37 16 1
52 61 39 1
53 55 37 1
54 56 39 1
55 79 57 1
56 18 14 1
57 66 55 1
58 72 66 1
59 79 73 1
60 91 86 0
61 96 91 1
62 26 25 1
63 2145 2128 1
64 2140 2124 1
65 2144 2128 1
66 4104 4078 1
67 2116 2103 1
68 4052 4028 1
69 4062 4040 1
70 2065 2054 1
71 4036 4015 1
72 2118 2107 1
73 4039 4019 1
74 4055 4036 1
75 2147 2137 1
76 4096 4078 1
77 4027 4011 1
78 2112 2104 1
79 7981 7953 1
80 7962 7935 1
81 7953 7927 1
82 7996 7972 1
83 7989 7966 1
84 7986 7964 1
85 31439 31360 1
86 7966 7946 1
87 7961 7942 1
88 15787 15752 1
89 4090 4081 1
90 15773 15740 1
91 7995 7979 1
92 4097 4089 0
93 31446 31391 1
94 4081 4074 1
95 15778 15751 1
96 62694 62622 1
97 4030 4012 1
98 7956 7944 1
99 31424 31377 1
100 62685 62603 1
101 31432 31387 1
102 62672 62605 1
103 4057 4051 0
104 2079 2076 0
105 62677 62613 1
106 31425 31393 1
107 15780 15755 1
108 31419 31383 1
109 31407 31369 1
110 15781 15765 0
111 62694 62631 1
112 2092 2090 0
113 31450 31425 0
114 31450 31433 0
115 62649 62606 0
116 15825 15810 0
117 15756 15743 0
118 7934 7928 0
119 62686 62636 0
120 2133 2138 0
121 31398 31372 0
122 62670 62625 0
123 62677 62632 0
124 31380 31358 0
125 31392 31370 0
126 26 71 0
127 62685 62629 0
128 62688 62645 0
129 62655 62613 0
130 31386 31365 0
131 15755 15745 0
132 15790 15780 0
133 62697 62659 0
134 62651 62614 0
135 62657 62621 0
136 31445 31427 0
137 62690 62656 0
138 62651 62618 0
139 7942 7938 0
140 31394 31381 0
141 31378 31366 0
142 15788 15782 0
143 31410 31399 0
144 31374 31364 0
145 15809 15804 0
146 15819 15814 0
147 15822 15820 0
148 7999 7999 0
149 4048 4048 0
150 42 42 0
151 4090 4090 0
152 15778 15778 0
153 15801 15802 0
154 15814 15817 0
155 15750 15753 0
156 15795 15799 0
157 15756 15762 0
158 4064 4066 0
159 8002 8007 0
160 4086 4090 0
161 7964 7972 0
162 7997 8009 0
163 4086 4096 0
164 4010 4020 0
165 2073 2079 0
166 4082 4094 0
167 4083 4098 0
168 4016 4033 0
169 2095 2104 0
170 2096 2106 0
171 2076 2088 0
172 2085 2101 0
173 2125 2145 0
174 80 84 0
175 50 54 0
176 64 71 0
177 74 83 0
178 24 34 0
179 37 57 0
180 17 35 0
181 31371 31366 0
182 500165 500142 0
183 500191 500129 0
184 250183 250145 0
185 500184 500167 0
186 125117 125106 0
187 125193 125169 0
188 250185 250150 0
189 31391 31387 0
190 500188 500166 0
191 62699 62693 0
192 250143 250134 0
193 500152 500108 0
194 125186 125159 0
195 62661 62656 0
196 31366 31360 0
197 250194 250181 0
198 250159 250149 0
199 500154 500139 0
200 250194 250153 0
201 125167 125151 0
202 250153 250132 0
203 500162 500145 0
204 125177 125155 0
205 125176 125169 0
206 125179 125172 0
207 125138 125114 0
208 125199 125181 0
209 500199 500152 0
210 500195 500170 0
211 125124 125103 0
212 62666 62647 0
213 125175 125133 0
214 250166 250144 0
215 250127 250111 0
216 125184 125121 0
217 125187 125127 0
218 250194 250108 0
219 250200 250105 0
220 62671 62646 0
221 250199 250108 0
222 125180 125116 0
223 125191 125116 0
224 62630 62604 0
225 125178 125127 0
226 250157 250117 0
227 250195 250182 0
228 250161 250112 0
229 62659 62656 0
230 62653 62642 0
231 500154 500134 0
232 62638 62617 0
233 250189 250140 0
234 250147 250113 0
235 31400 31396 0
236 500191 500167 0
237 125177 125150 0
238 500166 500149 0
239 125191 125153 0
240 500186 500169 0
241 250167 250127 0
242 500160 500106 0
243 500194 500143 0
244 125167 125135 0
245 125139 125100 0
246 250174 250101 0
247 500129 500113 0
248 250191 250178 0
249 31366 31397 0
250 7918 7980 0
251 31422 31448 0
252 31379 31416 0
253 31391 31412 0
254 7985 8005 0
255 31403 31420 0
256 7958 7979 0
257 7916 7940 0
258 31370 31401 0
259 7948 7982 0
260 31366 31376 0
261 31352 31445 0
262 7975 7991 0
263 62628 62676 0
264 7917 7973 0
265 62616 62645 0
266 62623 62627 0
267 62655 62661 0
268 62606 62665 0
269 7954 7980 0
270 7943 8006 0
271 62658 62690 0
272 62604 62628 0
273 7955 7996 0
274 7945 7971 0
275 7949 8012 0
276 7918 8004 0
277 62639 62684 0
278 62652 62699 0
279 62616 62664 0
280 31377 31427 0
281 62608 62659 0
282 62618 62621 0
283 31385 31424 0
284 4058 4095 0
285 4016 4075 0
286 31420 31443 0
287 31372 31421 0
288 4036 4088 0
289 62644 62695 0
290 7925 7950 0
291 62644 62677 0
292 4007 4057 0
293 62638 62639 0
294 125120 125157 0
295 125109 125189 0
296 125104 125169 0
297 125182 125197 0
298 125127 125177 0
299 4007 4060 0
300 125142 125191 0
301 125126 125199 0
302 4025 4058 0
303 31404 31447 0
304 125120 125149 0
305 31357 31446 0
306 15728 15788 0
307 4028 4095 0
308 125130 125186 0
309 4025 4051 0
310 125117 125192 0
311 4053 4074 0
312 125114 125190 0
313 31414 31414 0
314 125114 125185 0
315 125100 125150 0
316 125179 125195 0
317 4052 4095 0
318 4043 4084 0
319 31409 31449 0
320 31415 31444 0
321 2077 2121 0
322 125134 125190 0
323 15751 15797 0
324 125102 125110 0
325 125102 125136 0
326 125104 125153 0
327 125125 125153 0
328 125115 125119 0
329 250156 250175 0
330 250154 250186 0
331 250129 250170 0
332 2058 2152 0
333 250131 250187 0
334 250114 250164 0
335 15742 15783 0
336 2081 2119 0
337 250134 250135 0
338 2082 2117 0
339 2069 2144 0
340 250141 250165 0
341 250122 250133 0
342 250165 250194 0
343 250186 250196 0
344 2090 2126 0
345 250116 250113 0
346 250111 250112 0
347 250102 250108 0
348 250120 250176 0
349 15745 15823 0
350 250122 250157 0
351 15769 15785 0
352 250121 250160 0
353 2054 2076 0
354 250159 250196 0
355 500179 500168 0
356 2059 2145 0
357 2066 2103 0
358 250119 250129 0
359 15765 15824 0
360 4 92 0
361 15736 15744 0
362 250143 250139 0
363 14 100 0
364 45 79 0
365 16 40 0
366 15773 15786 0
367 250135 250186 0
368 15728 15822 0
369 500102 500193 0
370 500134 500181 0
371 37 66 0
372 500106 500173 0
373 500150 500143 0
374 500114 500148 0
375 500126 500136 0
376 500149 500184 0
377 500142 500153 0
378 15750 15823 0
379 500129 500131 0
380 500133 500137 0
381 15806 15820 0
382 500107 500200 0
383 500123 500172 0
384 500113 500157 0
385 15783 15806 0
386 500147 500175 0
387 500123 500117 0
388 500173 500181 0
389 500140 500197 0
390 15733 15761 0
391 500152 500169 0
392 500154 500185 0
393 13 80 0
394 500120 500163 0
395 500178 500183 0
396 500101 500172 0
397 500161 500174 0
398 15733 15768 0
399 15752 15808 0
--------------
1000000 :c
1003947 :sum(p)
999999 :sum(w)
