400 :n
id p,w,x
--------------
0 30 13 1
1 4083 4024 1
2 2129 2085 1
3 80 39 1
4 15815 15727 1
5 2118 2077 1
6 48 29 1
7 15810 15754 1
8 15799 15738 1
9 4075 4054 1
10 2133 2108 1
11 2114 2086 1
12 15821 15728 1
13 100 14 1
14 54 16 1
15 59 19 1
16 8010 7983 1
17 15777 15732 1
18 7971 7941 1
19 7990 7942 1
20 4103 4075 1
21 2144 2094 1
22 4046 4018 1
23 87 63 1
24 94 27 1
25 7994 7952 1
26 2137 2099 1
27 99 65 1
28 2137 2087 1
29 8002 7966 1
30 4051 4029 1
31 7990 7955 1
32 15775 15729 1
33 2130 2101 1
34 2106 2064 1
35 2145 2084 1
36 7978 7951 1
37 2140 2086 1
38 2077 2062 1
39 2146 2095 1
40 34 18 1
41 56 7 1
42 7996 7937 1
43 97 73 1
44 7973 7939 1
45 4063 4024 1
46 62 20 1
47 87 14 1
48 4043 4009 1
49 7994 7937 1
50 4072 4026 1
51 8004 7949 1
52 31 17 1
53 4097 4042 1
54 4073 4019 1
55 67 28 1
56 4106 4084 1
57 80 19 1
58 4085 4054 1
59 85 34 1
60 72 41 1
61 87 41 1
62 64 12 1
63 4101 4080 1
64 73 33 1
65 25 13 1
66 19 12 1
67 37 25 1
68 96 94 1
69 2108 2094 1
70 4091 4075 1
71 2075 2068 1
72 2084 2078 1
73 2096 2090 1
74 2119 2113 0
75 15813 15772 1
76 15800 15760 1
77 7972 7952 1
78 7990 7970 1
79 8010 7990 1
80 15788 15749 1
81 4095 4085 1
82 4105 4095 1
83 31443 31368 1
84 7961 7944 1
85 8004 7987 1
86 31433 31367 1
87 31424 31359 1
88 31433 31368 1
89 31433 31372 1
90 7936 7921 1
91 7952 7937 0
92 31448 31390 1
93 4073 4066 1
94 31414 31362 1
95 15756 15730 1
96 31427 31377 1
97 4031 4025 1
98 31435 31389 1
99 2136 2121 1
100 15816 15793 1
101 31421 31379 1
102 15779 15760 1
103 31416 31379 1
104 62689 62619 1
105 31401 31369 1
106 63 28 1
107 31397 31354 1
108 15752 15732 1
109 15747 15731 1
110 62680 62617 1
111 15815 15800 0
112 62699 62644 0
113 31435 31420 0
114 15743 15751 0
115 62671 62621 0
116 62681 62633 0
117 4053 4050 0
118 4083 4080 0
119 62649 62603 0
120 62679 62633 0
121 2084 2085 0
122 31376 31353 0
123 62696 62652 0
124 62680 62637 0
125 62648 62606 0
126 15814 15804 0
127 62666 62627 0
128 125176 125104 0
129 15754 15747 0
130 31376 31363 0
131 62644 62621 0
132 62634 62614 0
133 15778 15774 0
134 7945 7943 0
135 7996 7994 0
136 4103 4102 0
137 15825 15823 0
138 31431 31429 0
139 7927 7927 0
140 2144 2144 0
141 31389 31391 0
142 2081 2082 0
143 7917 7921 0
144 7969 7974 0
145 2137 2140 0
146 4010 4018 0
147 4075 4088 0
148 4058 4071 0
149 2111 2121 0
150 2099 2109 0
151 2070 2082 0
152 2068 2080 0
153 2107 2123 0
154 71 73 0
155 68 78 0
156 70 86 0
157 59 76 0
158 125172 125121 0
159 125159 125137 0
160 250132 250128 0
161 250175 250154 0
162 250121 250117 0
163 250152 250164 0
164 250121 250134 0
165 250165 250101 0
166 250181 250197 0
167 250149 250145 0
168 250180 250122 0
169 250189 250120 0
170 250163 250123 0
171 250186 250174 0
172 250191 250157 0
173 250179 250173 0
174 250144 250101 0
175 250109 250121 0
176 250200 250160 0
177 125172 125146 0
178 250185 250123 0
179 62669 62672 0
180 250128 250144 0
181 250146 250153 0
182 250187 250176 0
183 250105 250110 0
184 250161 250144 0
185 250174 250160 0
186 250155 250160 0
187 250179 250141 0
188 62694 62683 0
189 250185 250130 0
190 250199 250189 0
191 62678 62670 0
192 250183 250143 0
193 500145 500106 0
194 62609 62602 0
195 500157 500154 0
196 500140 500147 0
197 500111 500139 0
198 500198 500113 0
199 500194 500200 0
200 500186 500172 0
201 500141 500176 0
202 125136 125142 0
203 500123 500143 0
204 500101 500130 0
205 125184 125123 0
206 62617 62606 0
207 500141 500164 0
208 500158 500115 0
209 62683 62686 0
210 500136 500150 0
211 500157 500164 0
212 500196 500155 0
213 500196 500179 0
214 500173 500179 0
215 500161 500147 0
216 500185 500105 0
217 500187 500120 0
218 500132 500128 0
219 500134 500128 0
220 500177 500153 0
221 500138 500118 0
222 500170 500105 0
223 500157 500125 0
224 500151 500169 0
225 500172 500173 0
226 500110 500139 0
227 500167 500135 0
228 500192 500174 0
229 62610 62605 0
230 62678 62671 0
231 125115 125102 0
232 125165 125133 0
233 125130 125136 0
234 125132 125118 0
235 125152 125134 0
236 125162 125122 0
237 125118 125105 0
238 125147 125116 0
239 62663 62649 0
240 125181 125148 0
241 125150 125142 0
242 125164 125159 0
243 62642 62640 0
244 125174 125168 0
245 125132 125134 0
246 125140 125116 0
247 125136 125112 0
248 125150 125151 0
249 15761 15817 0
250 7914 7982 0
251 15776 15817 0
252 15796 15802 0
253 15763 15790 0
254 500163 500199 0
255 7972 8000 0
256 31383 31441 0
257 7958 7980 0
258 7929 7997 0
259 31400 31426 0
260 7974 8007 0
261 31403 31417 0
262 7981 8007 0
263 7964 7979 0
264 31357 31391 0
265 31357 31393 0
266 7925 7977 0
267 7930 7975 0
268 7915 7954 0
269 7968 8003 0
270 31362 31414 0
271 7988 8008 0
272 7984 8003 0
273 31410 31424 0
274 7948 8009 0
275 7935 7971 0
276 31355 31375 0
277 15755 15794 0
278 31396 31426 0
279 15759 15769 0
280 31403 31447 0
281 31391 31406 0
282 4018 4062 0
283 31354 31372 0
284 31376 31388 0
285 31373 31449 0
286 31387 31427 0
287 31383 31436 0
288 15780 15805 0
289 4035 4089 0
290 31378 31431 0
291 7960 7984 0
292 31373 31442 0
293 31392 31448 0
294 31380 31427 0
295 4032 4078 0
296 31391 31403 0
297 31398 31438 0
298 4012 4030 0
299 62673 62700 0
300 4063 4099 0
301 4044 4089 0
302 4023 4046 0
303 62650 62659 0
304 4057 4101 0
305 4022 4088 0
306 4013 4053 0
307 4042 4082 0
308 4015 4061 0
309 62654 62674 0
310 62620 62694 0
311 4018 4067 0
312 62622 62668 0
313 4038 4096 0
314 4050 4077 0
315 62626 62646 0
316 4007 4091 0
317 62601 62633 0
318 62645 62691 0
319 2072 2140 0
320 2056 2151 0
321 7968 7997 0
322 2099 2147 0
323 15737 15758 0
324 2120 2145 0
325 62604 62674 0
326 62620 62661 0
327 62624 62679 0
328 62634 62641 0
329 62616 62659 0
330 62638 62670 0
331 2112 2149 0
332 62620 62640 0
333 2065 2106 0
334 15735 15822 0
335 62613 62646 0
336 62637 62653 0
337 15761 15816 0
338 15750 15789 0
339 125148 125185 0
340 125138 125194 0
341 2080 2148 0
342 125136 125168 0
343 125114 125190 0
344 125135 125159 0
345 125130 125154 0
346 125133 125165 0
347 125117 125136 0
348 125148 125177 0
349 2090 2117 0
350 15735 15756 0
351 125138 125178 0
352 15734 15749 0
353 2075 2097 0
354 15755 15819 0
355 2054 2106 0
356 125155 125182 0
357 2059 2150 0
358 2079 2105 0
359 125100 125114 0
360 125123 125170 0
361 125160 125179 0
362 125158 125178 0
363 32 72 0
364 15779 15812 0
365 125102 125143 0
366 125135 125176 0
367 15732 15781 0
368 125138 125159 0
369 250145 250172 0
370 250134 250189 0
371 250155 250178 0
372 250130 250179 0
373 250128 250158 0
374 250119 250180 0
375 17 88 0
376 18 80 0
377 250142 250187 0
378 250123 250165 0
379 250119 250182 0
380 250170 250197 0
381 15749 15754 0
382 7 42 0
383 15769 15790 0
384 250137 250198 0
385 500125 500184 0
386 45 92 0
387 500124 500190 0
388 3 39 0
389 500112 500163 0
390 500134 500194 0
391 500119 500158 0
392 500127 500176 0
393 35 75 0
394 500101 500168 0
395 500111 500197 0
396 36 64 0
397 65 88 0
398 15752 15790 0
399 15745 15803 0
--------------
1000000 :c
1004051 :sum(p)
999997 :sum(w)
