400 :n
id p,w,x
--------------
0 46 1 1
1 71 3 1
2 29 3 1
3 47 5 1
4 80 16 1
5 86 33 1
6 41 27 1
7 49 33 1
8 40 27 1
9 34 24 1
10 93 66 1
11 41 31 1
12 15 12 1
13 36 29 1
14 85 74 1
15 96 85 1
16 97 90 0
17 33 31 1
18 80 76 1
19 2153 2061 1
20 2150 2081 1
21 2145 2081 1
22 2134 2075 1
23 2150 2093 1
24 2138 2087 1
25 2114 2070 1
26 2151 2112 1
27 4106 4040 1
28 4076 4013 1
29 2146 2118 1
30 2101 2076 1
31 4077 4032 1
32 4100 4056 1
33 4102 4059 1
34 8001 7937 1
35 8005 7941 1
36 2131 2114 1
37 4047 4015 1
38 4104 4072 1
39 7986 7926 1
40 7996 7938 1
41 8011 7953 1
42 2100 2085 1
43 7985 7928 1
44 4105 4076 1
45 4085 4057 1
46 2110 2096 1
47 7977 7926 1
48 4106 4080 1
49 7997 7947 1
50 2094 2082 1
51 4083 4061 1
52 15817 15732 1
53 7964 7922 1
54 8009 7967 1
55 4035 4016 1
56 8003 7969 1
57 2149 2140 1
58 15795 15729 1
59 15797 15731 1
60 7993 7960 1
61 15802 15737 1
62 7963 7931 1
63 2084 2076 1
64 15809 15751 1
65 4047 4033 1
66 4052 4038 1
67 7969 7942 1
68 4100 4087 1
69 4103 4090 1
70 15808 15759 1
71 7990 7966 1
72 4068 4057 1
73 7966 7945 1
74 15816 15776 1
75 31436 31361 1
76 31442 31367 1
77 31437 31363 1
78 2136 2131 1
79 15815 15778 1
80 31439 31370 1
81 31447 31378 1
82 7959 7942 1
83 31449 31382 1
84 31442 31378 1
85 15760 15728 1
86 2083 2079 0
87 31407 31355 1
88 31411 31360 1
89 7979 7967 1
90 31401 31354 1
91 15754 15732 1
92 8008 7998 1
93 4092 4087 1
94 62685 62612 1
95 15824 15743 1
96 62673 62603 1
97 7959 7940 1
98 62681 62611 1
99 62686 62626 0
100 31434 31404 1
101 62700 62668 0
102 31450 31435 0
103 70 90 0
104 15805 15790 1
105 2109 2107 1
106 62684 62625 0
107 7946 7940 1
108 62684 62638 0
109 62680 62636 0
110 125188 125110 0
111 31443 31425 0
112 15822 15813 0
113 62685 62650 0
114 125194 125125 0
115 62656 62624 0
116 31389 31373 0
117 7999 7995 0
118 125176 125114 0
119 125186 125127 0
120 31427 31413 0
121 15763 15756 0
122 15820 15814 0
123 7923 7920 0
124 7954 7952 0
125 7976 7974 0
126 4035 4034 0
127 15769 15766 0
128 4052 4055 0
129 7954 7960 0
130 4085 4089 0
131 7962 7970 0
132 4087 4093 0
133 4011 4020 0
134 2124 2130 0
135 2128 2137 0
136 2079 2088 0
137 2118 2128 0
138 2054 2064 0
139 54 56 0
140 62 73 0
141 9 17 0
142 125182 125130 0
143 62632 62610 0
144 62658 62638 0
145 250185 250160 0
146 250195 250123 0
147 125184 125146 0
148 62635 62630 0
149 125185 125158 0
150 250157 250143 0
151 500154 500119 0
152 62649 62625 0
153 250191 250166 0
154 250189 250107 0
155 62650 62628 0
156 500185 500149 0
157 125190 125143 0
158 250184 250112 0
159 250132 250107 0
160 125185 125168 0
161 125154 125111 0
162 500168 500108 0
163 31414 31403 0
164 500157 500106 0
165 500167 500128 0
166 125158 125106 0
167 250197 250149 0
168 125133 125100 0
169 31404 31401 0
170 250186 250109 0
171 250182 250143 0
172 125140 125127 0
173 250128 250120 0
174 500164 500162 0
175 500189 500182 0
176 500141 500144 0
177 250151 250151 0
178 500191 500200 0
179 500196 500172 0
180 62652 62653 0
181 500130 500105 0
182 250156 250153 0
183 250138 250125 0
184 500141 500151 0
185 250118 250121 0
186 250179 250181 0
187 500129 500136 0
188 250196 250194 0
189 250187 250182 0
190 62696 62697 0
191 62675 62676 0
192 500153 500156 0
193 250171 250166 0
194 500195 500185 0
195 500154 500161 0
196 250175 250163 0
197 125134 125135 0
198 125121 125117 0
199 500188 500179 0
200 125178 125175 0
201 125129 125125 0
202 500148 500153 0
203 500147 500127 0
204 62677 62669 0
205 125165 125137 0
206 31422 31413 0
207 500169 500101 0
208 31417 31405 0
209 250154 250125 0
210 250153 250137 0
211 62627 62607 0
212 500138 500104 0
213 62695 62667 0
214 500198 500143 0
215 500170 500117 0
216 125172 125122 0
217 125128 125111 0
218 15730 15802 0
219 31359 31406 0
220 15761 15787 0
221 15757 15824 0
222 15788 15793 0
223 15763 15795 0
224 31395 31441 0
225 15739 15792 0
226 15812 15824 0
227 15747 15823 0
228 31356 31438 0
229 15730 15776 0
230 31358 31437 0
231 15766 15817 0
232 15786 15812 0
233 31367 31424 0
234 31428 31432 0
235 31369 31374 0
236 15741 15756 0
237 15747 15756 0
238 31395 31421 0
239 31395 31400 0
240 31380 31419 0
241 7987 8009 0
242 31371 31393 0
243 31419 31443 0
244 7931 7942 0
245 31365 31432 0
246 7980 7989 0
247 7917 8011 0
248 31360 31371 0
249 31414 31419 0
250 7972 7983 0
251 31391 31400 0
252 31357 31370 0
253 62696 62699 0
254 62659 62689 0
255 7914 8010 0
256 62616 62650 0
257 7971 7982 0
258 7945 7968 0
259 15739 15783 0
260 7949 7982 0
261 7917 7931 0
262 62676 62678 0
263 62605 62654 0
264 62645 62684 0
265 7931 7989 0
266 62661 62675 0
267 62607 62644 0
268 62613 62656 0
269 15740 15762 0
270 62627 62658 0
271 7915 7924 0
272 62635 62699 0
273 62632 62679 0
274 62615 62651 0
275 62621 62663 0
276 62636 62646 0
277 62601 62681 0
278 7964 8004 0
279 62601 62634 0
280 4064 4084 0
281 31354 31382 0
282 4045 4084 0
283 62608 62657 0
284 62638 62694 0
285 4057 4084 0
286 31377 31384 0
287 125142 125174 0
288 4040 4086 0
289 125125 125143 0
290 4074 4105 0
291 125177 125197 0
292 4017 4102 0
293 125137 125185 0
294 4054 4096 0
295 125118 125154 0
296 4007 4103 0
297 125146 125187 0
298 125134 125186 0
299 4024 4090 0
300 125174 125192 0
301 4041 4065 0
302 4059 4095 0
303 125170 125176 0
304 125108 125178 0
305 4040 4087 0
306 4072 4106 0
307 125117 125143 0
308 4018 4094 0
309 4047 4091 0
310 125138 125174 0
311 31351 31449 0
312 125126 125168 0
313 125140 125145 0
314 125123 125136 0
315 15770 15796 0
316 4053 4089 0
317 4030 4094 0
318 125124 125145 0
319 2094 2127 0
320 2071 2151 0
321 125100 125177 0
322 2103 2131 0
323 2063 2077 0
324 2070 2135 0
325 125160 125193 0
326 125105 125185 0
327 125131 125136 0
328 2070 2087 0
329 250136 250144 0
330 2076 2111 0
331 250167 250200 0
332 15743 15782 0
333 15735 15825 0
334 250124 250137 0
335 2056 2139 0
336 2084 2110 0
337 2119 2137 0
338 250150 250192 0
339 31405 31420 0
340 250156 250164 0
341 2071 2097 0
342 250156 250173 0
343 15743 15809 0
344 250181 250197 0
345 250136 250143 0
346 2103 2132 0
347 250128 250177 0
348 15766 15805 0
349 250116 250136 0
350 250116 250183 0
351 2101 2148 0
352 250105 250198 0
353 2073 2136 0
354 2074 2109 0
355 250109 250140 0
356 250105 250111 0
357 250154 250196 0
358 2093 2120 0
359 57 96 0
360 11 35 0
361 250144 250186 0
362 67 91 0
363 500132 500143 0
364 250107 250147 0
365 5 78 0
366 32 85 0
367 250166 250191 0
368 500102 500148 0
369 20 39 0
370 500127 500194 0
371 500183 500197 0
372 500137 500182 0
373 500105 500126 0
374 64 84 0
375 500122 500162 0
376 500122 500187 0
377 500149 500193 0
378 500171 500197 0
379 59 79 0
380 500145 500193 0
381 45 95 0
382 500139 500173 0
383 500111 500167 0
384 40 66 0
385 13 54 0
386 17 49 0
387 15743 15774 0
388 500108 500137 0
389 40 68 0
390 500110 500172 0
391 15755 15823 0
392 79 99 0
393 26 71 0
394 38 59 0
395 500134 500150 0
396 500157 500172 0
397 60 85 0
398 15802 15822 0
399 15779 15814 0
--------------
1000000 :c
1003837 :sum(p)
999999 :sum(w)
