400 :n
id p,w,x
--------------
0 4064 4010 1
1 4061 4019 1
2 4099 4023 1
3 95 51 1
4 68 20 1
5 52 2 1
6 4080 4046 1
7 4094 4054 1
8 15824 15729 1
9 86 56 1
10 90 8 1
11 4075 4010 1
12 97 19 1
13 4095 4029 1
14 93 33 1
15 87 17 1
16 98 70 1
17 15817 15758 1
18 15815 15748 1
19 96 50 1
20 74 46 1
21 58 12 1
22 7997 7943 1
23 47 18 1
24 7987 7925 1
25 2152 2079 1
26 2133 2079 1
27 8008 7927 1
28 7967 7923 1
29 2130 2074 1
30 2151 2121 1
31 4082 4046 1
32 7991 7956 1
33 7996 7931 1
34 2144 2097 1
35 7986 7921 1
36 4086 4039 1
37 2085 2056 1
38 7994 7913 1
39 4097 4042 1
40 7965 7917 1
41 4072 4027 1
42 8009 7923 1
43 4067 4032 1
44 4080 4019 1
45 4079 4042 1
46 4063 4023 1
47 20 9 1
48 32 15 1
49 71 51 1
50 97 73 1
51 73 55 1
52 95 88 0
53 2105 2079 1
54 2087 2067 1
55 2115 2100 1
56 4037 4011 1
57 2126 2113 1
58 4045 4023 1
59 2097 2087 0
60 4041 4022 1
61 2070 2061 1
62 4089 4072 1
63 4043 4027 1
64 15801 15744 1
65 15797 15743 1
66 4044 4032 1
67 7993 7970 1
68 4081 4070 1
69 31439 31359 1
70 31437 31372 1
71 31429 31365 1
72 31424 31362 1
73 4106 4098 1
74 31441 31380 1
75 4062 4055 1
76 31422 31368 1
77 15791 15764 1
78 15753 15730 1
79 15800 15777 1
80 31408 31363 1
81 15801 15780 1
82 15809 15788 1
83 31440 31401 1
84 62674 62604 1
85 62691 62623 1
86 62672 62609 1
87 2068 2066 0
88 31417 31387 1
89 15772 15757 0
90 7988 7981 0
91 31386 31365 1
92 8011 7977 1
93 62661 62619 1
94 15804 15791 0
95 62674 62633 1
96 31425 31405 0
97 31431 31423 0
98 15809 15804 0
99 32 97 0
100 15751 15741 0
101 31421 31403 0
102 15807 15798 0
103 125174 125103 0
104 62697 62664 0
105 2142 2145 0
106 7957 7953 0
107 4022 4020 0
108 31381 31366 0
109 125157 125103 0
110 62641 62614 0
111 31430 31417 0
112 125195 125149 0
113 125155 125114 0
114 15760 15755 0
115 15766 15761 0
116 250198 250121 0
117 250179 250104 0
118 250199 250126 0
119 125149 125113 0
120 62637 62619 0
121 62687 62669 0
122 250170 250102 0
123 125170 125137 0
124 250177 250115 0
125 250196 250136 0
126 125170 125142 0
127 250190 250138 0
128 250157 250109 0
129 62629 62617 0
130 250149 250109 0
131 125164 125144 0
132 125166 125146 0
133 250148 250111 0
134 62683 62675 0
135 62691 62683 0
136 7953 7952 0
137 125164 125149 0
138 250190 250162 0
139 125135 125123 0
140 31362 31360 0
141 31380 31379 0
142 7967 7967 0
143 31380 31381 0
144 31417 31419 0
145 31398 31402 0
146 31374 31379 0
147 15728 15732 0
148 15787 15792 0
149 15784 15794 0
150 15746 15756 0
151 7996 8002 0
152 15739 15754 0
153 7966 7977 0
154 7921 7934 0
155 7981 7997 0
156 7958 7979 0
157 4023 4034 0
158 2118 2124 0
159 2106 2112 0
160 4027 4039 0
161 4043 4056 0
162 4027 4040 0
163 2085 2093 0
164 4064 4080 0
165 2098 2113 0
166 2072 2088 0
167 2061 2077 0
168 2085 2105 0
169 2058 2078 0
170 2088 2109 0
171 2064 2087 0
172 96 98 0
173 87 91 0
174 25 29 0
175 33 40 0
176 41 53 0
177 24 32 0
178 52 75 0
179 36 58 0
180 25 42 0
181 26 44 0
182 500182 500113 0
183 500199 500134 0
184 500176 500129 0
185 500200 500149 0
186 500190 500112 0
187 500189 500126 0
188 500156 500105 0
189 31383 31427 0
190 31362 31371 0
191 31391 31397 0
192 31393 31431 0
193 125148 125196 0
194 125124 125189 0
195 31369 31444 0
196 31383 31393 0
197 31368 31375 0
198 31386 31409 0
199 125131 125122 0
200 15730 15810 0
201 15767 15815 0
202 62634 62681 0
203 125145 125143 0
204 15745 15807 0
205 125128 125142 0
206 125111 125114 0
207 15756 15812 0
208 125168 125163 0
209 125105 125149 0
210 125110 125146 0
211 15732 15770 0
212 125152 125146 0
213 125172 125161 0
214 62618 62646 0
215 31402 31427 0
216 15761 15810 0
217 15748 15813 0
218 125138 125177 0
219 15727 15772 0
220 15780 15800 0
221 15730 15807 0
222 15772 15814 0
223 15735 15825 0
224 125128 125123 0
225 125117 125126 0
226 15776 15804 0
227 31370 31399 0
228 15770 15824 0
229 125126 125188 0
230 62637 62644 0
231 15795 15813 0
232 125118 125168 0
233 15771 15819 0
234 125164 125181 0
235 15759 15813 0
236 125115 125127 0
237 125129 125154 0
238 15755 15818 0
239 31369 31383 0
240 62634 62645 0
241 125169 125198 0
242 62632 62692 0
243 31383 31425 0
244 7920 7990 0
245 7917 7994 0
246 7929 7976 0
247 125114 125106 0
248 125163 125185 0
249 7919 7973 0
250 125100 125158 0
251 125116 125196 0
252 7966 7997 0
253 125117 125113 0
254 125128 125130 0
255 125131 125197 0
256 7940 7996 0
257 7915 7941 0
258 7928 8006 0
259 7919 7980 0
260 125120 125109 0
261 7951 7978 0
262 125113 125117 0
263 250139 250177 0
264 62636 62647 0
265 7921 7992 0
266 7925 7966 0
267 7961 8002 0
268 7920 7984 0
269 250109 250152 0
270 7943 7969 0
271 7955 7988 0
272 250108 250129 0
273 250155 250156 0
274 7921 7986 0
275 7939 7999 0
276 31368 31405 0
277 7948 8012 0
278 250104 250125 0
279 250196 250175 0
280 4011 4103 0
281 250163 250145 0
282 250111 250109 0
283 250167 250183 0
284 62645 62647 0
285 250162 250175 0
286 250193 250176 0
287 250117 250170 0
288 250117 250196 0
289 250161 250160 0
290 250111 250106 0
291 250134 250137 0
292 31356 31401 0
293 250154 250137 0
294 4034 4068 0
295 250158 250186 0
296 250108 250128 0
297 250120 250116 0
298 250111 250145 0
299 250116 250139 0
300 62679 62688 0
301 4044 4083 0
302 4020 4078 0
303 31390 31420 0
304 31411 31448 0
305 250112 250115 0
306 4028 4085 0
307 4030 4095 0
308 4048 4079 0
309 4022 4087 0
310 250131 250146 0
311 4042 4102 0
312 250102 250181 0
313 250149 250129 0
314 250167 250147 0
315 250117 250113 0
316 4022 4082 0
317 250159 250139 0
318 500143 500179 0
319 31400 31438 0
320 2070 2128 0
321 62659 62682 0
322 2099 2139 0
323 62609 62641 0
324 2054 2109 0
325 2059 2128 0
326 500102 500193 0
327 2068 2101 0
328 2098 2138 0
329 62610 62606 0
330 31382 31403 0
331 2095 2122 0
332 2079 2143 0
333 500174 500156 0
334 2066 2092 0
335 2077 2106 0
336 500117 500185 0
337 500141 500104 0
338 2074 2106 0
339 500149 500162 0
340 62603 62605 0
341 62649 62650 0
342 2070 2115 0
343 31369 31394 0
344 62654 62694 0
345 2064 2105 0
346 2056 2122 0
347 62621 62661 0
348 500146 500196 0
349 500152 500120 0
350 500160 500132 0
351 500123 500178 0
352 500168 500190 0
353 500158 500167 0
354 2069 2145 0
355 62618 62651 0
356 500178 500155 0
357 500189 500160 0
358 2075 2139 0
359 15 64 0
360 12 83 0
361 62655 62668 0
362 500105 500126 0
363 62629 62687 0
364 500165 500200 0
365 62632 62662 0
366 62661 62683 0
367 500144 500171 0
368 500159 500133 0
369 62635 62634 0
370 500112 500146 0
371 62628 62700 0
372 500128 500133 0
373 23 87 0
374 500127 500130 0
375 48 94 0
376 500137 500130 0
377 10 87 0
378 500157 500116 0
379 500107 500190 0
380 37 76 0
381 8 81 0
382 62634 62683 0
383 500146 500140 0
384 62615 62679 0
385 500166 500135 0
386 62618 62696 0
387 500128 500191 0
388 62634 62682 0
389 500196 500192 0
390 500161 500123 0
391 500123 500176 0
392 39 83 0
393 17 56 0
394 500148 500159 0
395 19 47 0
396 500152 500151 0
397 500148 500148 0
398 62658 62697 0
399 62633 62692 0
--------------
1000000 :c
1003901 :sum(p)
999999 :sum(w)
