400 :n
id p,w,x
--------------
0 2106 2065 1
1 2135 2108 1
2 2117 2088 1
3 42 18 1
4 38 3 1
5 2138 2065 1
6 2120 2083 1
7 64 22 1
8 79 46 1
9 71 48 1
10 2112 2054 1
11 2143 2056 1
12 2133 2058 1
13 89 15 1
14 86 53 1
15 4061 4007 1
16 81 17 1
17 55 13 1
18 4083 4033 1
19 78 54 1
20 2139 2079 1
21 4078 4034 1
22 100 64 1
23 45 8 1
24 75 39 1
25 2104 2063 1
26 4077 4024 1
27 4098 4051 1
28 2129 2093 1
29 4104 4049 1
30 70 26 1
31 63 6 1
32 63 11 1
33 2138 2072 1
34 2127 2082 1
35 10 7 1
36 47 35 1
37 76 57 1
38 79 65 1
39 2141 2120 1
40 4080 4041 1
41 2129 2111 1
42 4084 4050 1
43 7988 7923 1
44 7979 7916 1
45 7984 7922 1
46 7999 7938 1
47 4052 4025 1
48 2122 2108 1
49 7981 7933 1
50 7993 7948 1
51 15815 15726 1
52 2142 2132 1
53 15820 15751 1
54 7954 7920 1
55 8004 7970 1
56 4072 4055 1
57 4031 4017 1
58 15788 15736 1
59 4085 4072 1
60 4102 4089 0
61 7985 7961 1
62 31450 31358 1
63 15797 15751 1
64 7992 7970 1
65 4058 4047 1
66 15822 15780 1
67 7985 7965 1
68 31437 31359 1
69 15780 15741 1
70 31426 31354 1
71 7973 7955 1
72 15780 15745 1
73 15760 15727 1
74 4031 4023 1
75 4061 4053 0
76 2064 2060 1
77 2140 2136 0
78 31411 31353 1
79 15762 15734 1
80 15810 15782 1
81 31447 31392 1
82 2094 2091 0
83 62700 62618 1
84 31411 31371 1
85 15763 15744 1
86 7976 7967 0
87 31443 31408 1
88 62695 62627 1
89 15758 15741 0
90 62692 62626 1
91 31425 31393 1
92 2098 2055 1
93 62688 62612 1
94 31397 31351 1
95 62689 62626 1
96 31411 31380 1
97 31397 31367 0
98 62698 62660 0
99 2147 2150 0
100 47 76 0
101 31448 31418 0
102 15820 15806 0
103 7953 7946 1
104 31417 31390 0
105 8000 8002 0
106 15772 15759 0
107 31391 31366 0
108 15817 15805 0
109 7974 7968 0
110 125192 125111 0
111 125192 125112 0
112 62678 62638 0
113 15775 15765 0
114 31386 31367 0
115 4058 4056 0
116 125194 125136 0
117 62652 62623 0
118 125181 125124 0
119 62632 62605 0
120 62632 62606 0
121 125164 125114 0
122 15770 15764 0
123 250199 250107 0
124 125178 125132 0
125 62696 62675 0
126 250181 250101 0
127 31385 31375 0
128 250178 250102 0
129 62640 62622 0
130 31397 31388 0
131 125174 125139 0
132 250186 250118 0
133 125190 125156 0
134 7975 7973 0
135 4029 4028 0
136 7935 7934 0
137 2068 2068 0
138 2121 2121 0
139 7977 7978 0
140 15765 15767 0
141 15769 15772 0
142 2119 2120 0
143 4016 4018 0
144 4092 4095 0
145 7984 7992 0
146 7968 7976 0
147 7944 7953 0
148 7921 7930 0
149 4073 4078 0
150 7937 7947 0
151 2089 2093 0
152 4065 4073 0
153 4028 4038 0
154 4068 4080 0
155 4025 4038 0
156 2144 2151 0
157 4091 4105 0
158 4052 4067 0
159 2077 2087 0
160 2096 2113 0
161 89 94 0
162 48 51 0
163 33 36 0
164 49 60 0
165 37 55 0
166 28 43 0
167 8 15 0
168 500126 500125 0
169 500195 500153 0
170 500148 500164 0
171 500167 500125 0
172 125134 125119 0
173 62694 62695 0
174 125197 125176 0
175 500124 500144 0
176 500186 500107 0
177 250180 250189 0
178 250142 250155 0
179 500115 500147 0
180 31379 31372 0
181 250143 250156 0
182 250134 250123 0
183 250181 250158 0
184 31391 31391 0
185 500149 500127 0
186 250124 250103 0
187 250136 250145 0
188 250198 250164 0
189 250148 250107 0
190 250194 250127 0
191 250175 250161 0
192 250153 250152 0
193 250113 250102 0
194 31437 31434 0
195 500118 500134 0
196 250139 250118 0
197 500135 500159 0
198 31417 31416 0
199 500160 500139 0
200 250168 250132 0
201 250155 250124 0
202 500103 500122 0
203 250152 250159 0
204 250171 250143 0
205 500167 500118 0
206 250117 250118 0
207 500142 500116 0
208 250179 250177 0
209 250168 250152 0
210 62621 62624 0
211 250122 250128 0
212 500147 500116 0
213 500174 500131 0
214 62623 62614 0
215 500150 500145 0
216 62646 62629 0
217 500141 500106 0
218 62635 62639 0
219 62628 62620 0
220 500121 500152 0
221 62613 62604 0
222 125186 125174 0
223 62648 62648 0
224 500170 500194 0
225 125188 125161 0
226 500172 500162 0
227 62608 62604 0
228 62697 62680 0
229 500180 500162 0
230 125193 125186 0
231 62639 62628 0
232 125140 125137 0
233 500150 500150 0
234 500133 500125 0
235 500144 500109 0
236 62663 62646 0
237 500147 500149 0
238 125187 125171 0
239 31404 31429 0
240 31365 31421 0
241 7956 7982 0
242 31365 31382 0
243 7974 7999 0
244 500127 500161 0
245 31410 31431 0
246 15758 15825 0
247 31410 31429 0
248 31421 31434 0
249 7932 7959 0
250 15755 15817 0
251 7926 7949 0
252 31365 31384 0
253 7927 7939 0
254 31395 31420 0
255 31360 31377 0
256 31361 31409 0
257 31386 31410 0
258 7940 7963 0
259 31379 31382 0
260 31353 31442 0
261 62625 62638 0
262 15752 15776 0
263 62603 62651 0
264 62626 62675 0
265 62639 62663 0
266 7975 7989 0
267 15738 15794 0
268 15756 15824 0
269 62647 62664 0
270 31427 31441 0
271 62631 62674 0
272 62614 62659 0
273 62630 62692 0
274 7966 7989 0
275 62633 62669 0
276 62613 62682 0
277 7946 7981 0
278 62673 62687 0
279 62608 62618 0
280 62640 62676 0
281 62649 62654 0
282 4075 4092 0
283 62629 62696 0
284 62650 62672 0
285 125104 125126 0
286 125127 125160 0
287 125122 125167 0
288 125106 125151 0
289 31356 31388 0
290 125141 125151 0
291 125135 125177 0
292 15765 15787 0
293 125174 125195 0
294 125126 125147 0
295 125108 125195 0
296 125101 125190 0
297 31389 31428 0
298 125127 125164 0
299 125126 125199 0
300 15755 15819 0
301 125133 125170 0
302 125125 125160 0
303 125104 125118 0
304 125162 125199 0
305 15787 15801 0
306 125136 125179 0
307 125101 125158 0
308 4047 4063 0
309 125102 125181 0
310 15747 15771 0
311 15738 15813 0
312 125144 125166 0
313 125133 125145 0
314 250103 250151 0
315 250103 250178 0
316 15731 15782 0
317 4018 4036 0
318 15792 15796 0
319 250121 250169 0
320 250164 250197 0
321 250122 250195 0
322 250117 250139 0
323 250118 250193 0
324 15769 15807 0
325 250155 250183 0
326 250128 250196 0
327 15765 15792 0
328 250156 250196 0
329 250115 250133 0
330 15727 15750 0
331 250159 250183 0
332 250119 250198 0
333 250127 250165 0
334 500123 500162 0
335 500137 500181 0
336 500119 500168 0
337 500101 500167 0
338 15780 15802 0
339 15741 15796 0
340 500105 500186 0
341 500143 500193 0
342 500133 500168 0
343 500116 500178 0
344 500102 500165 0
345 500117 500181 0
346 500125 500194 0
347 31369 31376 0
348 15757 15771 0
349 15752 15791 0
350 125132 125132 0
351 500179 500163 0
352 125199 125168 0
353 125134 125105 0
354 31362 31360 0
355 500120 500118 0
356 125179 125163 0
357 31418 31411 0
358 2068 2112 0
359 3 56 0
360 2054 2101 0
361 1 90 0
362 2086 2144 0
363 4018 4081 0
364 74 98 0
365 4023 4085 0
366 4012 4090 0
367 45 90 0
368 4036 4065 0
369 2089 2129 0
370 3 60 0
371 4033 4083 0
372 4034 4068 0
373 2083 2122 0
374 4040 4073 0
375 2128 2147 0
376 32 63 0
377 4054 4097 0
378 29 77 0
379 4075 4105 0
380 2092 2121 0
381 30 79 0
382 4008 4055 0
383 2089 2118 0
384 7949 7993 0
385 7949 7999 0
386 42 92 0
387 7931 8008 0
388 7925 7966 0
389 2082 2103 0
390 7913 7970 0
391 71 98 0
392 7927 7969 0
393 7929 8008 0
394 15 87 0
395 15737 15817 0
396 15737 15813 0
397 33 74 0
398 2074 2104 0
399 2056 2130 0
--------------
1000000 :c
1003831 :sum(p)
999999 :sum(w)
