400 :n
id p,w,x
--------------
0 2127 2064 1
1 2126 2055 1
2 4103 4026 1
3 2140 2078 1
4 2135 2058 1
5 15817 15746 1
6 8005 7927 1
7 91 28 1
8 4090 4016 1
9 4086 4013 1
10 7993 7926 1
11 94 12 1
12 8002 7931 1
13 86 17 1
14 4076 4008 1
15 77 1 1
16 7999 7923 1
17 97 2 1
18 41 4 1
19 60 8 1
20 28 10 1
21 37 14 1
22 89 36 1
23 44 18 1
24 80 37 1
25 67 35 1
26 90 48 1
27 56 32 1
28 83 52 1
29 58 37 1
30 93 68 1
31 92 70 1
32 65 51 1
33 86 72 1
34 97 82 1
35 98 93 0
36 2120 2069 1
37 2113 2065 1
38 2108 2063 1
39 2100 2058 1
40 2107 2065 1
41 2127 2087 1
42 4070 4009 1
43 4089 4034 1
44 4097 4044 1
45 2086 2060 1
46 2144 2120 1
47 2146 2124 1
48 4097 4056 1
49 4098 4061 1
50 4051 4016 1
51 4062 4027 1
52 8007 7942 1
53 2134 2117 1
54 7988 7926 1
55 8005 7945 1
56 8010 7951 1
57 4064 4035 1
58 4077 4048 1
59 7972 7926 1
60 4074 4051 1
61 4087 4064 1
62 15820 15750 1
63 7963 7928 1
64 4095 4079 0
65 8012 7981 1
66 2105 2097 1
67 15808 15749 1
68 15818 15760 1
69 8000 7971 1
70 15787 15731 1
71 7963 7936 1
72 7967 7943 1
73 2088 2082 0
74 15819 15776 1
75 31442 31360 1
76 7964 7946 1
77 15801 15767 1
78 15758 15727 1
79 31421 31361 1
80 31423 31366 1
81 31442 31393 1
82 15769 15746 1
83 15810 15787 1
84 62698 62608 1
85 62689 62618 1
86 4079 4014 1
87 62694 62605 1
88 15762 15741 1
89 15752 15732 1
90 31431 31394 1
91 15766 15750 1
92 15798 15782 1
93 7949 7941 0
94 7980 7972 0
95 15742 15727 0
96 2150 2148 0
97 15820 15806 0
98 31428 31383 1
99 62678 62606 1
100 62658 62604 1
101 62691 62644 0
102 62661 62618 1
103 62695 62674 0
104 4094 4101 0
105 125160 125104 0
106 125187 125103 0
107 62671 62630 0
108 31403 31388 0
109 2137 2136 0
110 2143 2153 0
111 125177 125111 0
112 62652 62619 0
113 125194 125132 0
114 125195 125133 0
115 62677 62646 0
116 125197 125125 0
117 125177 125104 0
118 51 74 0
119 125180 125103 0
120 125173 125119 0
121 125191 125137 0
122 62677 62650 0
123 62671 62645 0
124 31445 31432 0
125 62647 62622 0
126 250199 250102 0
127 62651 62627 0
128 62661 62637 0
129 15793 15787 0
130 15807 15801 0
131 7997 7994 0
132 62648 62625 0
133 125197 125156 0
134 62641 62622 0
135 250182 250107 0
136 125138 125102 0
137 62649 62631 0
138 31407 31398 0
139 62663 62647 0
140 31386 31378 0
141 7921 7919 0
142 125154 125125 0
143 125162 125133 0
144 31419 31412 0
145 250161 250110 0
146 250158 250108 0
147 250164 250121 0
148 250165 250122 0
149 500192 500112 0
150 62663 62653 0
151 250160 250121 0
152 125143 125124 0
153 250165 250129 0
154 250193 250158 0
155 500177 500108 0
156 500197 500130 0
157 31377 31373 0
158 15824 15822 0
159 250137 250107 0
160 500180 500122 0
161 250164 250135 0
162 500181 500124 0
163 62630 62623 0
164 500190 500138 0
165 250153 250128 0
166 250157 250133 0
167 125158 125146 0
168 500191 500144 0
169 250163 250142 0
170 500151 500110 0
171 500145 500106 0
172 500170 500131 0
173 500162 500124 0
174 500148 500111 0
175 250152 250134 0
176 62642 62638 0
177 31373 31371 0
178 250179 250164 0
179 500181 500152 0
180 250129 250116 0
181 250148 250135 0
182 500164 500140 0
183 62693 62690 0
184 500166 500144 0
185 500197 500176 0
186 500197 500177 0
187 500132 500113 0
188 500166 500147 0
189 31432 31435 0
190 31386 31389 0
191 31432 31436 0
192 15774 15777 0
193 4058 4059 0
194 31386 31398 0
195 31388 31401 0
196 2100 2101 0
197 15801 15809 0
198 15796 15808 0
199 15734 15746 0
200 15810 15825 0
201 15796 15815 0
202 4067 4072 0
203 4042 4047 0
204 7935 7945 0
205 7930 7940 0
206 15727 15747 0
207 7964 7976 0
208 15766 15791 0
209 7967 7980 0
210 4045 4052 0
211 7991 8005 0
212 7931 7945 0
213 7986 8001 0
214 7985 8000 0
215 7958 7974 0
216 7957 7975 0
217 7976 7997 0
218 7965 7989 0
219 4037 4052 0
220 4074 4093 0
221 2107 2117 0
222 2072 2083 0
223 2071 2082 0
224 4072 4096 0
225 4045 4070 0
226 4051 4078 0
227 4027 4056 0
228 4040 4071 0
229 4038 4069 0
230 4044 4078 0
231 2108 2126 0
232 2104 2127 0
233 2085 2109 0
234 2087 2116 0
235 2122 2152 0
236 2117 2147 0
237 2092 2125 0
238 73 76 0
239 65 72 0
240 62 69 0
241 37 44 0
242 32 46 0
243 66 99 0
244 27 48 0
245 42 78 0
246 62616 62662 0
247 7937 7987 0
248 62639 62646 0
249 7936 7971 0
250 62606 62617 0
251 62606 62697 0
252 62605 62610 0
253 62610 62611 0
254 62617 62640 0
255 62607 62615 0
256 62614 62668 0
257 7918 7996 0
258 62625 62630 0
259 125157 125191 0
260 7927 7989 0
261 125123 125151 0
262 62602 62642 0
263 7917 7950 0
264 125155 125184 0
265 125113 125167 0
266 62628 62644 0
267 15787 15821 0
268 125139 125140 0
269 125170 125184 0
270 7922 7961 0
271 125161 125199 0
272 7957 8001 0
273 125118 125153 0
274 7916 7958 0
275 15772 15820 0
276 125170 125171 0
277 62685 62699 0
278 7920 7985 0
279 125126 125182 0
280 4018 4088 0
281 62682 62690 0
282 15735 15799 0
283 125179 125196 0
284 125129 125165 0
285 125110 125186 0
286 4050 4090 0
287 4029 4083 0
288 62637 62638 0
289 62610 62640 0
290 15736 15810 0
291 15761 15794 0
292 125103 125190 0
293 125136 125167 0
294 125126 125170 0
295 4019 4067 0
296 125176 125187 0
297 125143 125157 0
298 15742 15785 0
299 4057 4092 0
300 125150 125163 0
301 4052 4090 0
302 31362 31424 0
303 31391 31424 0
304 125126 125190 0
305 4026 4080 0
306 125103 125139 0
307 31367 31397 0
308 125116 125143 0
309 125189 125192 0
310 4028 4079 0
311 15734 15815 0
312 31355 31416 0
313 31369 31414 0
314 31365 31391 0
315 4053 4092 0
316 125120 125124 0
317 250127 250157 0
318 250116 250171 0
319 15736 15779 0
320 250109 250146 0
321 31411 31450 0
322 2074 2115 0
323 2095 2139 0
324 31392 31421 0
325 250111 250147 0
326 250181 250179 0
327 2062 2108 0
328 15762 15821 0
329 250152 250179 0
330 250126 250186 0
331 2078 2115 0
332 250103 250118 0
333 250122 250156 0
334 250181 250178 0
335 250110 250175 0
336 250141 250173 0
337 250110 250197 0
338 2054 2109 0
339 250171 250177 0
340 250103 250141 0
341 250186 250191 0
342 15741 15785 0
343 15752 15792 0
344 15761 15802 0
345 31420 31445 0
346 2077 2139 0
347 2057 2151 0
348 2097 2138 0
349 250135 250189 0
350 15731 15757 0
351 31381 31415 0
352 31385 31446 0
353 31394 31412 0
354 2072 2109 0
355 250105 250150 0
356 250123 250175 0
357 2057 2129 0
358 250102 250197 0
359 250127 250130 0
360 31374 31395 0
361 5 76 0
362 250148 250183 0
363 41 91 0
364 38 91 0
365 31355 31428 0
366 31362 31437 0
367 500104 500171 0
368 23 72 0
369 500142 500154 0
370 500103 500102 0
371 500146 500139 0
372 500120 500127 0
373 500124 500192 0
374 500101 500139 0
375 500141 500158 0
376 500117 500183 0
377 500160 500180 0
378 500182 500163 0
379 500164 500168 0
380 31357 31383 0
381 500156 500170 0
382 29 93 0
383 31359 31419 0
384 31353 31385 0
385 500118 500185 0
386 500133 500200 0
387 500170 500191 0
388 500139 500127 0
389 31373 31450 0
390 17 77 0
391 500116 500133 0
392 31 69 0
393 500175 500173 0
394 14 76 0
395 31418 31432 0
396 500138 500165 0
397 500109 500169 0
398 31404 31446 0
399 31416 31441 0
--------------
1000000 :c
1004329 :sum(p)
999998 :sum(w)
