400 :n
id p,w,x
--------------
0 15821 15729 1
1 15788 15726 1
2 93 7 1
3 57 4 1
4 15814 15733 1
5 95 71 1
6 62 38 1
7 60 33 1
8 7989 7938 1
9 7973 7928 1
10 41 6 1
11 79 42 1
12 7982 7921 1
13 89 49 1
14 7967 7932 1
15 8007 7960 1
16 7980 7931 1
17 95 37 1
18 8010 7918 1
19 2120 2083 1
20 7980 7915 1
21 2146 2068 1
22 7983 7948 1
23 4090 4010 1
24 2124 2066 1
25 4075 4019 1
26 4084 4034 1
27 2109 2060 1
28 2150 2096 1
29 4090 4039 1
30 4102 4021 1
31 4105 4041 1
32 2123 2087 1
33 4084 4022 1
34 2109 2080 1
35 4092 4025 1
36 2119 2075 1
37 4091 4043 1
38 2126 2096 1
39 4071 4010 1
40 4061 4010 1
41 4099 4019 1
42 4057 4021 1
43 4083 4040 1
44 4069 4015 1
45 4072 4041 1
46 4049 4022 1
47 31441 31385 1
48 15804 15761 1
49 31442 31365 1
50 31447 31373 1
51 15812 15755 1
52 15820 15762 1
53 15797 15746 1
54 31411 31355 1
55 34 18 1
56 20 13 1
57 73 66 1
58 45 41 1
59 91 83 1
60 93 85 1
61 98 94 1
62 100 97 0
63 2104 2082 1
64 2148 2127 1
65 2151 2132 1
66 2085 2068 1
67 2099 2082 1
68 2118 2101 1
69 2109 2094 1
70 2123 2108 1
71 2083 2071 1
72 2121 2110 1
73 2143 2133 1
74 4062 4044 1
75 8010 7982 1
76 2090 2083 1
77 4074 4061 1
78 8002 7978 1
79 2096 2091 1
80 7940 7922 1
81 7987 7969 1
82 4063 4054 0
83 15790 15758 1
84 15775 15745 1
85 15775 15745 1
86 15822 15792 1
87 15770 15741 1
88 31410 31359 1
89 15761 15736 1
90 15810 15785 1
91 31429 31380 1
92 62696 62601 1
93 4040 4025 1
94 15786 15766 1
95 15824 15804 1
96 62696 62621 1
97 31392 31360 1
98 8006 7998 1
99 85 76 1
100 62696 62617 1
101 7928 7918 1
102 31389 31358 0
103 62696 62636 1
104 31415 31386 1
105 62693 62699 0
106 31446 31437 0
107 250107 250134 0
108 62673 62618 0
109 62677 62630 0
110 62671 62625 0
111 62659 62616 0
112 15814 15805 0
113 4041 4051 0
114 125175 125104 0
115 125178 125113 0
116 125185 125122 0
117 125175 125114 0
118 62649 62619 0
119 62662 62634 0
120 125186 125132 0
121 62660 62634 0
122 125155 125104 0
123 62668 62643 0
124 125148 125102 0
125 31404 31393 0
126 125199 125157 0
127 125197 125156 0
128 31401 31391 0
129 31442 31432 0
130 15801 15796 0
131 31362 31353 0
132 15762 15760 0
133 7978 7978 0
134 7916 7917 0
135 15783 15786 0
136 8005 8009 0
137 7929 7933 0
138 7969 7974 0
139 7920 7930 0
140 2126 2129 0
141 4040 4049 0
142 4026 4035 0
143 2114 2119 0
144 4059 4069 0
145 4034 4044 0
146 2082 2088 0
147 2116 2128 0
148 79 80 0
149 52 59 0
150 55 63 0
151 65 78 0
152 49 63 0
153 35 47 0
154 11 17 0
155 9 18 0
156 500188 500115 0
157 500179 500119 0
158 125167 125128 0
159 250195 250151 0
160 31354 31355 0
161 250130 250133 0
162 500130 500174 0
163 250181 250150 0
164 500113 500143 0
165 31385 31381 0
166 500129 500171 0
167 31411 31412 0
168 250116 250140 0
169 250186 250190 0
170 500135 500145 0
171 500126 500127 0
172 500117 500145 0
173 250160 250171 0
174 250197 250122 0
175 125148 125123 0
176 500199 500154 0
177 500196 500144 0
178 31390 31387 0
179 500164 500184 0
180 31400 31392 0
181 250133 250112 0
182 250137 250103 0
183 125135 125142 0
184 250149 250107 0
185 31372 31375 0
186 125166 125169 0
187 250198 250126 0
188 500124 500125 0
189 125183 125171 0
190 125188 125163 0
191 31362 31363 0
192 31369 31363 0
193 250126 250136 0
194 500184 500199 0
195 125156 125128 0
196 250132 250118 0
197 31369 31367 0
198 125147 125118 0
199 250165 250142 0
200 125130 125125 0
201 500155 500117 0
202 500124 500147 0
203 500119 500118 0
204 125135 125114 0
205 250122 250114 0
206 250143 250158 0
207 500153 500115 0
208 250107 250121 0
209 125172 125173 0
210 500154 500125 0
211 250160 250130 0
212 250186 250192 0
213 250164 250113 0
214 250143 250157 0
215 250182 250150 0
216 250194 250149 0
217 500145 500197 0
218 250163 250138 0
219 250108 250119 0
220 250110 250106 0
221 500157 500148 0
222 500133 500102 0
223 500170 500111 0
224 62674 62671 0
225 500195 500195 0
226 62667 62673 0
227 500148 500170 0
228 62650 62633 0
229 500188 500137 0
230 500138 500114 0
231 500173 500179 0
232 500142 500129 0
233 500150 500157 0
234 500193 500127 0
235 62691 62697 0
236 500164 500191 0
237 500138 500185 0
238 125127 125116 0
239 125187 125164 0
240 500146 500176 0
241 125160 125147 0
242 62632 62624 0
243 500105 500152 0
244 62623 62628 0
245 500186 500165 0
246 62626 62621 0
247 62620 62613 0
248 125136 125110 0
249 7915 7968 0
250 15800 15812 0
251 7922 8006 0
252 7925 7971 0
253 15740 15818 0
254 15764 15771 0
255 7930 7950 0
256 250101 250133 0
257 250128 250190 0
258 7940 7966 0
259 15732 15791 0
260 7915 7987 0
261 7975 8009 0
262 7969 7987 0
263 15764 15803 0
264 31359 31391 0
265 250103 250157 0
266 250114 250163 0
267 7915 7967 0
268 7931 8000 0
269 31373 31417 0
270 7936 8007 0
271 7922 7977 0
272 7972 8003 0
273 31394 31437 0
274 7921 8003 0
275 7942 7992 0
276 7913 7959 0
277 7941 8010 0
278 31398 31440 0
279 4013 4103 0
280 4015 4098 0
281 4018 4094 0
282 31410 31421 0
283 31405 31431 0
284 4018 4064 0
285 31398 31450 0
286 4026 4057 0
287 250156 250194 0
288 250110 250167 0
289 7921 8000 0
290 31404 31434 0
291 31416 31446 0
292 4011 4043 0
293 250149 250185 0
294 4051 4076 0
295 31358 31415 0
296 250104 250136 0
297 31427 31443 0
298 250128 250192 0
299 31352 31388 0
300 4032 4103 0
301 31383 31440 0
302 250159 250196 0
303 4038 4087 0
304 31358 31380 0
305 31416 31439 0
306 4059 4104 0
307 15737 15807 0
308 4036 4088 0
309 31369 31422 0
310 15758 15815 0
311 31358 31449 0
312 7922 7983 0
313 62680 62696 0
314 4060 4081 0
315 4031 4065 0
316 62626 62689 0
317 4040 4077 0
318 62662 62698 0
319 2109 2147 0
320 2073 2151 0
321 62638 62676 0
322 250141 250187 0
323 15727 15776 0
324 2057 2096 0
325 62603 62662 0
326 62605 62615 0
327 62636 62669 0
328 62669 62680 0
329 2058 2098 0
330 2109 2130 0
331 62630 62656 0
332 15736 15792 0
333 2056 2128 0
334 62653 62696 0
335 2063 2108 0
336 62613 62651 0
337 62648 62689 0
338 62615 62622 0
339 2113 2146 0
340 62682 62697 0
341 62603 62627 0
342 2077 2150 0
343 2087 2124 0
344 15790 15804 0
345 2074 2143 0
346 62641 62658 0
347 2092 2140 0
348 62649 62694 0
349 62623 62638 0
350 62621 62697 0
351 2061 2094 0
352 125162 125197 0
353 125136 125160 0
354 125164 125185 0
355 2057 2108 0
356 125102 125120 0
357 125108 125151 0
358 125132 125184 0
359 125115 125191 0
360 500117 500177 0
361 125115 125147 0
362 18 96 0
363 125165 125192 0
364 29 99 0
365 4 96 0
366 21 98 0
367 15751 15823 0
368 125107 125199 0
369 125123 125146 0
370 15804 15818 0
371 125100 125162 0
372 125137 125188 0
373 7 93 0
374 5 33 0
375 39 90 0
376 15732 15784 0
377 500110 500174 0
378 45 80 0
379 15737 15793 0
380 125109 125177 0
381 125134 125154 0
382 38 65 0
383 125101 125125 0
384 250101 250161 0
385 250137 250190 0
386 4 34 0
387 15736 15760 0
388 15744 15759 0
389 7 85 0
390 500117 500200 0
391 500118 500173 0
392 15762 15821 0
393 15744 15822 0
394 21 50 0
395 3 26 0
396 500117 500182 0
397 51 80 0
398 15730 15798 0
399 15789 15802 0
--------------
1000000 :c
1004040 :sum(p)
999998 :sum(w)
