400 :n
id p,w,x
--------------
0 15804 15735 1
1 15824 15737 1
2 4081 4031 1
3 4093 4043 1
4 4069 4022 1
5 4041 4016 1
6 2153 2095 1
7 4104 4073 1
8 2146 2102 1
9 4068 4008 1
10 15824 15736 1
11 31447 31351 1
12 2106 2080 1
13 2152 2101 1
14 8000 7933 1
15 7980 7916 1
16 2139 2061 1
17 4083 4033 1
18 2106 2056 1
19 7986 7950 1
20 4059 4013 1
21 75 3 1
22 2082 2057 1
23 7973 7927 1
24 4048 4007 1
25 2092 2057 1
26 7969 7940 1
27 4085 4050 1
28 2131 2097 1
29 4097 4040 1
30 2124 2060 1
31 31440 31361 1
32 4092 4041 1
33 84 58 1
34 2130 2089 1
35 8007 7950 1
36 15818 15753 1
37 15816 15777 1
38 81 24 1
39 75 31 1
40 4066 4016 1
41 15797 15746 1
42 15807 15739 1
43 42 8 1
44 15787 15734 1
45 4098 4018 1
46 2114 2085 1
47 4100 4020 1
48 7986 7951 1
49 88 22 1
50 7995 7960 1
51 15809 15749 1
52 7977 7934 1
53 15814 15748 1
54 4078 4032 1
55 85 3 1
56 49 21 1
57 23 9 1
58 82 62 1
59 83 63 1
60 74 58 1
61 71 56 1
62 37 33 1
63 47 42 1
64 43 42 1
65 74 73 1
66 74 73 1
67 2129 2108 1
68 2077 2057 1
69 2120 2101 1
70 2094 2084 1
71 2140 2130 1
72 2129 2121 1
73 4051 4040 1
74 31439 31362 1
75 31448 31372 1
76 2109 2104 1
77 8012 7994 1
78 31439 31369 1
79 15800 15765 1
80 15763 15729 1
81 15763 15730 1
82 15784 15752 1
83 31446 31384 1
84 15805 15774 1
85 7979 7964 1
86 2131 2127 1
87 31419 31370 1
88 7936 7924 0
89 7956 7944 1
90 31426 31385 1
91 62693 62626 1
92 62679 62613 1
93 4097 4075 1
94 62677 62615 1
95 31411 31368 1
96 62686 62623 0
97 31386 31355 1
98 31432 31401 1
99 62700 62664 0
100 7996 8004 0
101 67 80 0
102 4065 4061 1
103 4083 4079 1
104 62669 62609 0
105 62694 62638 0
106 62658 62604 0
107 4089 4086 1
108 62670 62618 0
109 15778 15765 0
110 31446 31422 0
111 4051 4048 0
112 62658 62612 0
113 15740 15729 0
114 62650 62607 0
115 62651 62608 0
116 62665 62622 0
117 125188 125109 0
118 62654 62616 0
119 2057 2056 1
120 31368 31353 0
121 15792 15785 0
122 31398 31386 0
123 7926 7923 0
124 15779 15777 0
125 4086 4086 1
126 15771 15772 0
127 7969 7970 0
128 15769 15772 0
129 7943 7946 0
130 7939 7942 0
131 2101 2102 1
132 4049 4051 0
133 2146 2148 0
134 2123 2125 0
135 4069 4075 0
136 2095 2099 0
137 2104 2110 0
138 2088 2095 0
139 87 89 0
140 70 76 0
141 81 90 0
142 52 63 0
143 4 12 0
144 250171 250133 0
145 125150 125134 0
146 125158 125130 0
147 250186 250135 0
148 250192 250145 0
149 500199 500149 0
150 125185 125166 0
151 62618 62607 0
152 250160 250105 0
153 500172 500105 0
154 250164 250140 0
155 62694 62682 0
156 125121 125106 0
157 125182 125168 0
158 250169 250121 0
159 125173 125149 0
160 125175 125147 0
161 62663 62655 0
162 250198 250170 0
163 250169 250125 0
164 250189 250150 0
165 500197 500133 0
166 500177 500117 0
167 62699 62690 0
168 500196 500108 0
169 250185 250111 0
170 125177 125117 0
171 125163 125117 0
172 62642 62618 0
173 250189 250101 0
174 62679 62660 0
175 125192 125130 0
176 125177 125116 0
177 250197 250119 0
178 62689 62683 0
179 62639 62639 0
180 31424 31432 0
181 62633 62637 0
182 31402 31431 0
183 62634 62645 0
184 31370 31391 0
185 31391 31400 0
186 62605 62606 0
187 31414 31425 0
188 62626 62625 0
189 31400 31401 0
190 62651 62690 0
191 31434 31439 0
192 62652 62648 0
193 62667 62700 0
194 31401 31400 0
195 31415 31423 0
196 125169 125183 0
197 125126 125179 0
198 125126 125138 0
199 125139 125133 0
200 125171 125171 0
201 125116 125111 0
202 125113 125161 0
203 125130 125194 0
204 62662 62658 0
205 125164 125181 0
206 125127 125176 0
207 125184 125186 0
208 125168 125162 0
209 125133 125152 0
210 62608 62636 0
211 125182 125195 0
212 15791 15804 0
213 125127 125154 0
214 125120 125173 0
215 62607 62642 0
216 125111 125121 0
217 125153 125167 0
218 125101 125137 0
219 125116 125111 0
220 125184 125183 0
221 125138 125199 0
222 250193 250199 0
223 250163 250171 0
224 250105 250162 0
225 250125 250125 0
226 250124 250150 0
227 15792 15801 0
228 250163 250145 0
229 250109 250198 0
230 250189 250184 0
231 250151 250172 0
232 250108 250103 0
233 250103 250181 0
234 250128 250200 0
235 62627 62677 0
236 250184 250187 0
237 250110 250180 0
238 250131 250121 0
239 250182 250183 0
240 250152 250137 0
241 250117 250185 0
242 250161 250184 0
243 250172 250176 0
244 250119 250179 0
245 250180 250177 0
246 250138 250140 0
247 250143 250123 0
248 250129 250106 0
249 250144 250143 0
250 250131 250180 0
251 500147 500181 0
252 500189 500164 0
253 500157 500130 0
254 500175 500187 0
255 62681 62684 0
256 500107 500104 0
257 500190 500155 0
258 500150 500166 0
259 500111 500129 0
260 500131 500162 0
261 500159 500185 0
262 500167 500130 0
263 500113 500133 0
264 31355 31362 0
265 62639 62686 0
266 500145 500104 0
267 500102 500120 0
268 500165 500126 0
269 500107 500161 0
270 500147 500147 0
271 500162 500191 0
272 500155 500156 0
273 500153 500142 0
274 500127 500127 0
275 500113 500145 0
276 500174 500160 0
277 500167 500130 0
278 31407 31422 0
279 500148 500118 0
280 500176 500149 0
281 500152 500130 0
282 500169 500138 0
283 500183 500173 0
284 500186 500154 0
285 500160 500161 0
286 31436 31443 0
287 500104 500119 0
288 500153 500156 0
289 500101 500189 0
290 31422 31448 0
291 31352 31353 0
292 31409 31425 0
293 125151 125113 0
294 125177 125132 0
295 62653 62632 0
296 7987 7999 0
297 7958 7979 0
298 7959 7980 0
299 7981 7998 0
300 15754 15778 0
301 15802 15821 0
302 15777 15819 0
303 15758 15790 0
304 15793 15820 0
305 15759 15776 0
306 15752 15768 0
307 15787 15818 0
308 31365 31410 0
309 31371 31413 0
310 31358 31413 0
311 31391 31422 0
312 31385 31418 0
313 31351 31388 0
314 31352 31399 0
315 31361 31443 0
316 31371 31429 0
317 31370 31445 0
318 7982 7990 0
319 62630 62696 0
320 62618 62688 0
321 62616 62697 0
322 31414 31447 0
323 7921 7929 0
324 7914 7930 0
325 125151 125114 0
326 125185 125129 0
327 62626 62614 0
328 250171 250104 0
329 125182 125156 0
330 500195 500117 0
331 125157 125135 0
332 4009 4044 0
333 2122 2134 0
334 4046 4064 0
335 4082 4097 0
336 2092 2130 0
337 4008 4051 0
338 4030 4098 0
339 4032 4093 0
340 4060 4098 0
341 2058 2101 0
342 4067 4081 0
343 4016 4075 0
344 4032 4060 0
345 2097 2144 0
346 4015 4041 0
347 4038 4058 0
348 4034 4061 0
349 2062 2103 0
350 7925 8012 0
351 7927 7984 0
352 7918 7959 0
353 7939 7991 0
354 7932 8009 0
355 2096 2152 0
356 2090 2135 0
357 2131 2150 0
358 7939 8001 0
359 21 88 0
360 7955 7979 0
361 57 79 0
362 59 88 0
363 7922 7977 0
364 4043 4069 0
365 4038 4085 0
366 7943 7977 0
367 12 83 0
368 7916 7985 0
369 7935 8002 0
370 46 75 0
371 2093 2120 0
372 18 51 0
373 33 88 0
374 51 93 0
375 7954 8006 0
376 7923 7952 0
377 28 93 0
378 7921 7984 0
379 13 56 0
380 7917 8000 0
381 22 66 0
382 15766 15823 0
383 52 68 0
384 15735 15787 0
385 15726 15791 0
386 5 98 0
387 15740 15808 0
388 43 81 0
389 15736 15783 0
390 15760 15817 0
391 2080 2152 0
392 15759 15813 0
393 28 74 0
394 2067 2116 0
395 15729 15805 0
396 15762 15806 0
397 6 82 0
398 2099 2137 0
399 2065 2153 0
--------------
1000000 :c
1004099 :sum(p)
1000000 :sum(w)
