400 :n
id p,w,x
--------------
0 88 4 1
1 18 1 1
2 61 6 1
3 56 6 1
4 50 7 1
5 97 14 1
6 59 16 1
7 75 22 1
8 60 20 1
9 91 37 1
10 77 33 1
11 100 49 1
12 8 4 1
13 45 29 1
14 81 53 1
15 47 34 1
16 96 77 1
17 48 42 1
18 81 78 1
19 2149 2071 1
20 2125 2057 1
21 2121 2060 1
22 2124 2065 1
23 2149 2094 1
24 2150 2095 1
25 2126 2072 1
26 2144 2093 1
27 2116 2066 1
28 2120 2072 1
29 4085 4016 1
30 4103 4036 1
31 4106 4041 1
32 4093 4035 1
33 2147 2120 1
34 4062 4013 1
35 4077 4032 1
36 4063 4019 1
37 2133 2110 1
38 4071 4028 1
39 2093 2071 1
40 7993 7915 1
41 4050 4011 1
42 7994 7918 1
43 8006 7932 1
44 2093 2074 1
45 7988 7918 1
46 4058 4023 1
47 8001 7932 1
48 2127 2109 1
49 7995 7928 1
50 8004 7937 1
51 4097 4063 1
52 8008 7946 1
53 4083 4054 1
54 4062 4036 1
55 4060 4037 1
56 4090 4067 1
57 15813 15728 1
58 15824 15740 1
59 7956 7914 1
60 15808 15728 1
61 15810 15732 1
62 2131 2121 1
63 15803 15732 1
64 8005 7970 1
65 7973 7939 1
66 15812 15747 1
67 7970 7938 1
68 7979 7948 1
69 15803 15747 1
70 4060 4046 1
71 2075 2068 1
72 7947 7921 1
73 15801 15750 1
74 8011 7988 1
75 15806 15762 1
76 15809 15765 1
77 4036 4025 1
78 31444 31359 1
79 7962 7942 1
80 7969 7950 1
81 15764 15727 1
82 15815 15778 1
83 4036 4027 1
84 15786 15752 1
85 15807 15776 1
86 15771 15743 1
87 31406 31351 1
88 15786 15762 1
89 31445 31398 1
90 2057 2054 1
91 7949 7938 1
92 15779 15758 1
93 15758 15738 1
94 31442 31406 1
95 7969 7960 1
96 62680 62612 1
97 31415 31381 1
98 15760 15743 1
99 31400 31367 1
100 4020 4016 0
101 4028 4024 1
102 4030 4026 1
103 62696 62635 1
104 15742 15727 0
105 15768 15753 0
106 15771 15756 1
107 95 37 1
108 7931 7923 1
109 31447 31418 1
110 31449 31425 0
111 62649 62607 0
112 31440 31447 0
113 15820 15821 0
114 500120 500134 0
115 62698 62652 1
116 62653 62611 0
117 15818 15808 0
118 125175 125103 0
119 125181 125109 0
120 31390 31372 0
121 125198 125128 0
122 62664 62629 0
123 7999 7995 0
124 7932 7929 0
125 15787 15782 0
126 4063 4063 0
127 4024 4027 0
128 2140 2142 0
129 6 10 0
130 5 12 0
131 31372 31357 0
132 125172 125106 0
133 31437 31426 0
134 62645 62618 0
135 125193 125139 0
136 62659 62635 0
137 62679 62644 0
138 62660 62629 0
139 62669 62635 0
140 62673 62641 0
141 125158 125111 0
142 125189 125136 0
143 125196 125136 0
144 31418 31402 0
145 125170 125122 0
146 31431 31420 0
147 31435 31422 0
148 62689 62679 0
149 500171 500165 0
150 500140 500131 0
151 500148 500116 0
152 500193 500187 0
153 62686 62668 0
154 62618 62616 0
155 250166 250124 0
156 250181 250179 0
157 250186 250180 0
158 250182 250157 0
159 250125 250110 0
160 62675 62654 0
161 250170 250108 0
162 250194 250131 0
163 250181 250136 0
164 250192 250113 0
165 500157 500105 0
166 250161 250148 0
167 250138 250117 0
168 500187 500157 0
169 125151 125110 0
170 500180 500179 0
171 31394 31384 0
172 250200 250198 0
173 250174 250154 0
174 500178 500107 0
175 250199 250136 0
176 62691 62677 0
177 62649 62642 0
178 250195 250146 0
179 250180 250136 0
180 500198 500109 0
181 500186 500174 0
182 250157 250148 0
183 500168 500163 0
184 125153 125135 0
185 250195 250198 0
186 31413 31413 0
187 31401 31401 0
188 250144 250132 0
189 62622 62602 0
190 250127 250109 0
191 250160 250127 0
192 62654 62634 0
193 500184 500156 0
194 250187 250110 0
195 500153 500134 0
196 31437 31436 0
197 500168 500142 0
198 125164 125125 0
199 125133 125127 0
200 125189 125154 0
201 125118 125116 0
202 15730 15727 0
203 125122 125107 0
204 125153 125138 0
205 125151 125144 0
206 15809 15805 0
207 125138 125126 0
208 125138 125132 0
209 500173 500152 0
210 500123 500119 0
211 125155 125123 0
212 125166 125157 0
213 125167 125167 0
214 500189 500163 0
215 500198 500116 0
216 500177 500162 0
217 125167 125138 0
218 125195 125144 0
219 125147 125101 0
220 125187 125143 0
221 31425 31409 0
222 125111 125189 0
223 15779 15805 0
224 125131 125144 0
225 15750 15792 0
226 15765 15805 0
227 125116 125171 0
228 15801 15817 0
229 15741 15745 0
230 15796 15798 0
231 15735 15774 0
232 15738 15757 0
233 15772 15821 0
234 125163 125190 0
235 31377 31428 0
236 31365 31439 0
237 31378 31438 0
238 15750 15815 0
239 7990 8001 0
240 7926 7963 0
241 7941 8000 0
242 250104 250172 0
243 31369 31443 0
244 250159 250199 0
245 7946 7992 0
246 7967 7978 0
247 7923 7988 0
248 31360 31447 0
249 31364 31441 0
250 7921 8009 0
251 250130 250171 0
252 250119 250170 0
253 31375 31450 0
254 250123 250181 0
255 7917 7921 0
256 7933 7993 0
257 31369 31426 0
258 250146 250192 0
259 7918 7999 0
260 31358 31405 0
261 7917 8001 0
262 250118 250140 0
263 7933 7972 0
264 7915 7935 0
265 31379 31403 0
266 250109 250185 0
267 31387 31443 0
268 7931 7991 0
269 7948 7978 0
270 250102 250115 0
271 250109 250119 0
272 7938 7945 0
273 7944 7963 0
274 7977 7986 0
275 31370 31436 0
276 31419 31423 0
277 250118 250126 0
278 250161 250192 0
279 4064 4084 0
280 250139 250198 0
281 250157 250198 0
282 4054 4094 0
283 125101 125126 0
284 125131 125180 0
285 31378 31397 0
286 31400 31415 0
287 4018 4089 0
288 4007 4018 0
289 31354 31438 0
290 250108 250117 0
291 31369 31420 0
292 4071 4097 0
293 4085 4092 0
294 31365 31418 0
295 250140 250183 0
296 4022 4067 0
297 125112 125129 0
298 4009 4033 0
299 4074 4106 0
300 250157 250163 0
301 4080 4086 0
302 4008 4063 0
303 4037 4100 0
304 4015 4020 0
305 250136 250148 0
306 31367 31406 0
307 4015 4081 0
308 4025 4050 0
309 31361 31362 0
310 4056 4075 0
311 15728 15806 0
312 62607 62617 0
313 4076 4106 0
314 62628 62681 0
315 62659 62663 0
316 62627 62668 0
317 62666 62685 0
318 62650 62662 0
319 500115 500179 0
320 62640 62671 0
321 500159 500199 0
322 2063 2153 0
323 2126 2151 0
324 2071 2148 0
325 62621 62679 0
326 500141 500178 0
327 2097 2104 0
328 500167 500184 0
329 62633 62636 0
330 2060 2135 0
331 62607 62615 0
332 2092 2140 0
333 500110 500161 0
334 62661 62699 0
335 2081 2106 0
336 2061 2083 0
337 2102 2151 0
338 15745 15784 0
339 2100 2112 0
340 2092 2112 0
341 62643 62684 0
342 2104 2137 0
343 62656 62695 0
344 62631 62674 0
345 2068 2093 0
346 2077 2129 0
347 2088 2124 0
348 500107 500188 0
349 2068 2087 0
350 2105 2119 0
351 2077 2135 0
352 500104 500166 0
353 2106 2123 0
354 2084 2111 0
355 500105 500117 0
356 500162 500195 0
357 2096 2128 0
358 62626 62651 0
359 500153 500161 0
360 34 74 0
361 28 54 0
362 62614 62667 0
363 500147 500196 0
364 36 94 0
365 500114 500174 0
366 62609 62655 0
367 62656 62664 0
368 500164 500175 0
369 500145 500171 0
370 3 77 0
371 40 94 0
372 500179 500195 0
373 500103 500112 0
374 21 100 0
375 33 80 0
376 62 100 0
377 500109 500126 0
378 125122 125190 0
379 29 69 0
380 17 96 0
381 15 84 0
382 500120 500157 0
383 41 71 0
384 62663 62667 0
385 3 37 0
386 15 36 0
387 125177 125195 0
388 2 93 0
389 71 93 0
390 62660 62666 0
391 125128 125156 0
392 33 92 0
393 33 67 0
394 125128 125186 0
395 500113 500158 0
396 125112 125163 0
397 500137 500173 0
398 125138 125173 0
399 15735 15754 0
--------------
1000000 :c
1004432 :sum(p)
1000000 :sum(w)
