400 :n
id p,w,x
--------------
0 2124 2092 1
1 2114 2069 1
2 48 20 1
3 75 27 1
4 15794 15728 1
5 88 49 1
6 15788 15734 1
7 2123 2059 1
8 15799 15748 1
9 81 5 1
10 15801 15752 1
11 15818 15740 1
12 31449 31370 1
13 15800 15740 1
14 8008 7915 1
15 31446 31374 1
16 2127 2066 1
17 7988 7948 1
18 7998 7938 1
19 8002 7946 1
20 7986 7949 1
21 4073 4007 1
22 7993 7945 1
23 8009 7937 1
24 4092 4049 1
25 93 67 1
26 4091 4037 1
27 7994 7947 1
28 4104 4071 1
29 7981 7934 1
30 72 33 1
31 7999 7951 1
32 4096 4062 1
33 4095 4023 1
34 69 25 1
35 67 5 1
36 4096 4054 1
37 81 45 1
38 4051 4011 1
39 4089 4046 1
40 4093 4009 1
41 4072 4039 1
42 4069 4010 1
43 4070 4029 1
44 75 37 1
45 98 59 1
46 4086 4047 1
47 4057 4018 1
48 4067 4018 1
49 82 51 1
50 21 1 1
51 81 62 1
52 23 19 1
53 76 70 1
54 2089 2067 1
55 2124 2102 1
56 2124 2104 1
57 2111 2092 1
58 2083 2068 1
59 4087 4063 1
60 2099 2087 1
61 4051 4028 1
62 2088 2077 1
63 4092 4071 1
64 4032 4012 1
65 2065 2056 1
66 4101 4087 1
67 8007 7981 1
68 8010 7987 1
69 15782 15742 1
70 7966 7946 1
71 7975 7956 1
72 2119 2114 1
73 15812 15777 1
74 15803 15769 1
75 7931 7915 1
76 2139 2135 1
77 31433 31375 1
78 15769 15741 1
79 15796 15768 1
80 15819 15791 1
81 31407 31355 1
82 31409 31361 1
83 15822 15799 1
84 2089 2086 1
85 31422 31380 1
86 15798 15777 1
87 31411 31370 1
88 62694 62617 1
89 62699 62623 1
90 31441 31404 1
91 31407 31353 1
92 56 6 1
93 7999 7990 0
94 15752 15732 1
95 62699 62632 1
96 62668 62603 0
97 62677 62612 0
98 62700 62684 0
99 15762 15766 0
100 31427 31398 1
101 4069 4065 1
102 31449 31441 0
103 31432 31404 0
104 15796 15782 1
105 15798 15784 0
106 2094 2094 0
107 62688 62633 0
108 62671 62619 0
109 31447 31421 0
110 15785 15773 0
111 4063 4060 0
112 31385 31363 0
113 62672 62631 0
114 31384 31364 0
115 31393 31373 0
116 62694 62655 0
117 125191 125114 0
118 62663 62625 0
119 31400 31381 0
120 62687 62650 0
121 125176 125103 0
122 62687 62652 0
123 7955 7951 0
124 4097 4095 1
125 2081 2080 0
126 31425 31412 0
127 31428 31415 0
128 15758 15754 0
129 15777 15775 0
130 15779 15777 0
131 15770 15769 0
132 7977 7977 0
133 2 2 0
134 50 50 1
135 15735 15735 0
136 2130 2131 1
137 4030 4033 0
138 4039 4044 0
139 4077 4083 0
140 4081 4091 0
141 2059 2066 0
142 2069 2077 0
143 84 86 1
144 96 100 0
145 44 48 0
146 82 90 0
147 42 47 0
148 125151 125125 0
149 125177 125140 0
150 125176 125148 0
151 62626 62603 0
152 62641 62624 0
153 125163 125110 0
154 250185 250151 0
155 125147 125101 0
156 125195 125129 0
157 62649 62634 0
158 250160 250118 0
159 125198 125175 0
160 62689 62677 0
161 250176 250102 0
162 250200 250150 0
163 250191 250128 0
164 250189 250103 0
165 250135 250103 0
166 62667 62645 0
167 31442 31440 0
168 250156 250141 0
169 250127 250107 0
170 500166 500138 0
171 500156 500108 0
172 500181 500153 0
173 125142 125127 0
174 250180 250159 0
175 250186 250158 0
176 500132 500107 0
177 125158 125145 0
178 500142 500110 0
179 125169 125154 0
180 500160 500136 0
181 500171 500113 0
182 500164 500133 0
183 500165 500125 0
184 31412 31408 0
185 62692 62681 0
186 250195 250155 0
187 125139 125103 0
188 500134 500118 0
189 500177 500157 0
190 500191 500169 0
191 500130 500145 0
192 125126 125120 0
193 500153 500136 0
194 500189 500175 0
195 31361 31362 0
196 500160 500173 0
197 500121 500132 0
198 500103 500105 0
199 500107 500120 0
200 500166 500169 0
201 500123 500107 0
202 500175 500154 0
203 500193 500177 0
204 250144 250143 0
205 250163 250170 0
206 250166 250170 0
207 500140 500122 0
208 500143 500125 0
209 250189 250194 0
210 250173 250162 0
211 125173 125167 0
212 500157 500154 0
213 125155 125154 0
214 125132 125129 0
215 250137 250131 0
216 250176 250173 0
217 500190 500195 0
218 500139 500116 0
219 125137 125120 0
220 62645 62637 0
221 125133 125103 0
222 250178 250136 0
223 62685 62653 0
224 62658 62644 0
225 125177 125133 0
226 125154 125122 0
227 62653 62628 0
228 125155 125128 0
229 125197 125150 0
230 62684 62674 0
231 500136 500154 0
232 31374 31442 0
233 15734 15815 0
234 15795 15802 0
235 31360 31405 0
236 31373 31438 0
237 31368 31403 0
238 31379 31395 0
239 7913 8005 0
240 7951 7967 0
241 31376 31412 0
242 7980 8007 0
243 31407 31409 0
244 31402 31423 0
245 7948 7989 0
246 31377 31399 0
247 31365 31393 0
248 31398 31436 0
249 7972 7985 0
250 31374 31445 0
251 7918 7981 0
252 31353 31371 0
253 31419 31447 0
254 31381 31415 0
255 31418 31440 0
256 7933 8007 0
257 7963 8001 0
258 7952 8007 0
259 31357 31436 0
260 7923 7937 0
261 31392 31420 0
262 62665 62683 0
263 7936 7977 0
264 7919 7976 0
265 7925 7946 0
266 62622 62627 0
267 7925 7977 0
268 62659 62675 0
269 62642 62667 0
270 62641 62658 0
271 7913 7960 0
272 7926 7957 0
273 7930 7991 0
274 7938 7973 0
275 7941 8011 0
276 7928 7972 0
277 7932 7942 0
278 7939 7954 0
279 4016 4046 0
280 4016 4055 0
281 4019 4080 0
282 62657 62693 0
283 4008 4062 0
284 4027 4086 0
285 4017 4068 0
286 62625 62686 0
287 62625 62661 0
288 15748 15751 0
289 62679 62682 0
290 62628 62673 0
291 62610 62687 0
292 62612 62697 0
293 15727 15728 0
294 62627 62662 0
295 4046 4084 0
296 62610 62697 0
297 62617 62620 0
298 4090 4101 0
299 62614 62637 0
300 125143 125159 0
301 125128 125142 0
302 125136 125147 0
303 4058 4080 0
304 125168 125189 0
305 125152 125199 0
306 125103 125152 0
307 4095 4106 0
308 15772 15776 0
309 125100 125176 0
310 125157 125169 0
311 125124 125185 0
312 15736 15816 0
313 4011 4035 0
314 125138 125173 0
315 4031 4069 0
316 125114 125194 0
317 125166 125192 0
318 125173 125191 0
319 2109 2138 0
320 125113 125171 0
321 125130 125162 0
322 2084 2127 0
323 125118 125132 0
324 125148 125193 0
325 250151 250190 0
326 2072 2108 0
327 2075 2112 0
328 15783 15811 0
329 15795 15814 0
330 2094 2116 0
331 2063 2086 0
332 2128 2145 0
333 250150 250197 0
334 250109 250135 0
335 250120 250130 0
336 2065 2096 0
337 250111 250178 0
338 250151 250193 0
339 250165 250187 0
340 250123 250162 0
341 2079 2140 0
342 2092 2125 0
343 2077 2101 0
344 15761 15820 0
345 2099 2125 0
346 2076 2096 0
347 2077 2109 0
348 2083 2127 0
349 2109 2138 0
350 2089 2108 0
351 250139 250167 0
352 2059 2127 0
353 250133 250187 0
354 2084 2116 0
355 2089 2112 0
356 250114 250154 0
357 250101 250130 0
358 250120 250189 0
359 72 89 0
360 47 99 0
361 8 74 0
362 55 95 0
363 250139 250170 0
364 15780 15786 0
365 250108 250153 0
366 33 81 0
367 250127 250161 0
368 250104 250125 0
369 64 88 0
370 15792 15802 0
371 250173 250194 0
372 10 58 0
373 250106 250171 0
374 34 87 0
375 250159 250194 0
376 58 93 0
377 15763 15772 0
378 36 52 0
379 500124 500176 0
380 500156 500190 0
381 30 97 0
382 4 91 0
383 34 83 0
384 19 42 0
385 500122 500189 0
386 69 100 0
387 500101 500161 0
388 500130 500163 0
389 500127 500197 0
390 15727 15824 0
391 500121 500144 0
392 500115 500197 0
393 500128 500149 0
394 500131 500153 0
395 81 98 0
396 500108 500166 0
397 15739 15796 0
398 15753 15787 0
399 15743 15768 0
--------------
1000000 :c
1003838 :sum(p)
1000000 :sum(w)
