400 :n
id p,w,x
--------------
0 2140 2069 1
1 2135 2088 1
2 94 14 1
3 40 2 1
4 4100 4041 1
5 4091 4014 1
6 4095 4038 1
7 2128 2067 1
8 2146 2106 1
9 76 2 1
10 96 21 1
11 48 5 1
12 70 43 1
13 2137 2057 1
14 92 6 1
15 32 2 1
16 4104 4051 1
17 84 62 1
18 97 78 1
19 52 35 1
20 94 25 1
21 4092 4033 1
22 2130 2067 1
23 4089 4038 1
24 100 62 1
25 2118 2083 1
26 2138 2092 1
27 2136 2057 1
28 2139 2087 1
29 2134 2106 1
30 2126 2090 1
31 2132 2077 1
32 2126 2108 1
33 2145 2127 1
34 8006 7946 1
35 8000 7924 1
36 2111 2096 1
37 4038 4010 1
38 4081 4060 1
39 4095 4063 1
40 4091 4074 1
41 7959 7919 1
42 7972 7920 1
43 2111 2097 1
44 2142 2123 1
45 7975 7921 1
46 4062 4027 1
47 15808 15758 1
48 7962 7938 1
49 4104 4081 1
50 4056 4021 1
51 15805 15726 1
52 4105 4071 1
53 15799 15731 1
54 4055 4037 1
55 15806 15757 1
56 8001 7926 1
57 87 82 1
58 94 89 1
59 87 84 1
60 2095 2083 1
61 2138 2126 1
62 2089 2079 1
63 8009 7985 1
64 15784 15738 1
65 7983 7961 1
66 15812 15769 1
67 7985 7964 1
68 31450 31373 1
69 15813 15775 1
70 15819 15782 1
71 7935 7917 1
72 31438 31367 1
73 7949 7932 1
74 15798 15768 1
75 4105 4098 1
76 15819 15794 1
77 7981 7969 1
78 31403 31357 1
79 15757 15734 1
80 15781 15758 1
81 31424 31379 1
82 2104 2101 1
83 31449 31407 1
84 62700 62617 1
85 31419 31378 1
86 31441 31401 1
87 15754 15735 0
88 31422 31385 1
89 31431 31394 1
90 31417 31381 1
91 62689 62619 1
92 31408 31373 1
93 31431 31397 1
94 38 21 1
95 4025 4015 1
96 15806 15789 1
97 62681 62617 1
98 62662 62601 0
99 62693 62634 0
100 31446 31420 0
101 15 27 0
102 62666 62606 0
103 62680 62621 0
104 62659 62607 0
105 15779 15766 0
106 15792 15779 0
107 15825 15813 0
108 62656 62609 0
109 62660 62615 0
110 62691 62647 0
111 62650 62607 0
112 62654 62613 0
113 62691 62650 0
114 62665 62626 0
115 62646 62610 0
116 62664 62629 0
117 62678 62644 0
118 8002 7998 1
119 62638 62608 0
120 31426 31412 0
121 15757 15751 0
122 15815 15809 0
123 31427 31416 0
124 15760 15756 0
125 8001 7999 0
126 4020 4019 0
127 2106 2106 0
128 4099 4099 0
129 15821 15821 0
130 2061 2061 0
131 4064 4064 1
132 16 16 0
133 7999 8001 0
134 4104 4106 0
135 7988 7992 0
136 7931 7940 0
137 2138 2141 0
138 2103 2111 0
139 20 21 0
140 69 75 0
141 87 98 0
142 38 48 0
143 125178 125141 0
144 62639 62617 0
145 125180 125128 0
146 125198 125130 0
147 125178 125135 0
148 125187 125132 0
149 62681 62662 0
150 62649 62630 0
151 125191 125131 0
152 62676 62648 0
153 125132 125181 0
154 62682 62672 0
155 62637 62687 0
156 125157 125196 0
157 62616 62621 0
158 125107 125152 0
159 125138 125164 0
160 125141 125151 0
161 125147 125135 0
162 31434 31432 0
163 125114 125133 0
164 31433 31445 0
165 125132 125148 0
166 31394 31420 0
167 125116 125182 0
168 31364 31388 0
169 31412 31405 0
170 31366 31376 0
171 125194 125173 0
172 125152 125191 0
173 31378 31385 0
174 125108 125186 0
175 31387 31400 0
176 125128 125127 0
177 125131 125160 0
178 31409 31429 0
179 125151 125184 0
180 31375 31384 0
181 31439 31439 0
182 125156 125150 0
183 125156 125123 0
184 62604 62610 0
185 125112 125143 0
186 31353 31352 0
187 125154 125140 0
188 31417 31446 0
189 125114 125111 0
190 31394 31395 0
191 125108 125194 0
192 125182 125199 0
193 125159 125183 0
194 125183 125154 0
195 125161 125140 0
196 125165 125164 0
197 125114 125186 0
198 31398 31417 0
199 125102 125142 0
200 250155 250191 0
201 250150 250193 0
202 250138 250125 0
203 125196 125174 0
204 250134 250180 0
205 15803 15809 0
206 250118 250169 0
207 250175 250172 0
208 250180 250195 0
209 250183 250159 0
210 250108 250191 0
211 250164 250117 0
212 250158 250157 0
213 250135 250186 0
214 250161 250110 0
215 125170 125174 0
216 250107 250122 0
217 250120 250133 0
218 250198 250150 0
219 250116 250159 0
220 250174 250132 0
221 250151 250183 0
222 250104 250131 0
223 250143 250125 0
224 250113 250196 0
225 250122 250161 0
226 125106 125150 0
227 250116 250155 0
228 62652 62689 0
229 250126 250125 0
230 250146 250183 0
231 250120 250142 0
232 250172 250133 0
233 250123 250197 0
234 250188 250158 0
235 250183 250166 0
236 250161 250128 0
237 250171 250158 0
238 250161 250179 0
239 250164 250168 0
240 250195 250160 0
241 250127 250168 0
242 250190 250153 0
243 250166 250156 0
244 500177 500170 0
245 500147 500181 0
246 500159 500116 0
247 62610 62616 0
248 500176 500181 0
249 500103 500163 0
250 500199 500156 0
251 500193 500145 0
252 500119 500169 0
253 500160 500150 0
254 62613 62624 0
255 500182 500185 0
256 500125 500111 0
257 500111 500121 0
258 62626 62662 0
259 500108 500154 0
260 500160 500173 0
261 500109 500145 0
262 500176 500191 0
263 500181 500152 0
264 500176 500115 0
265 500177 500127 0
266 500127 500166 0
267 500189 500179 0
268 500110 500158 0
269 500155 500173 0
270 62629 62621 0
271 500194 500101 0
272 500191 500198 0
273 500167 500176 0
274 500116 500172 0
275 500144 500197 0
276 500109 500138 0
277 500179 500129 0
278 500143 500122 0
279 500128 500187 0
280 500199 500184 0
281 500160 500148 0
282 62635 62644 0
283 62667 62688 0
284 500110 500194 0
285 500110 500185 0
286 62614 62611 0
287 62676 62658 0
288 500130 500121 0
289 500176 500143 0
290 500153 500128 0
291 500149 500189 0
292 62660 62685 0
293 62651 62693 0
294 125156 125115 0
295 125171 125109 0
296 62628 62610 0
297 250197 250108 0
298 125181 125141 0
299 62656 62638 0
300 4011 4092 0
301 4055 4086 0
302 4022 4089 0
303 4021 4068 0
304 4019 4031 0
305 7931 7955 0
306 7972 7996 0
307 7919 7977 0
308 4039 4096 0
309 4062 4080 0
310 7992 8008 0
311 4017 4062 0
312 4053 4100 0
313 7913 7952 0
314 7914 7946 0
315 4040 4089 0
316 7925 7992 0
317 4019 4044 0
318 7952 8003 0
319 7970 8004 0
320 2075 2117 0
321 7946 7987 0
322 7954 8006 0
323 2084 2127 0
324 7978 7996 0
325 7978 7993 0
326 2120 2133 0
327 7947 7999 0
328 7957 7999 0
329 7936 8008 0
330 7991 8008 0
331 2067 2106 0
332 7972 7987 0
333 2074 2108 0
334 7935 7954 0
335 7974 8012 0
336 2086 2152 0
337 2069 2121 0
338 7918 7999 0
339 7937 7965 0
340 15750 15795 0
341 2113 2136 0
342 15734 15790 0
343 15736 15785 0
344 2072 2114 0
345 2063 2116 0
346 15761 15784 0
347 15756 15796 0
348 4069 4087 0
349 2063 2137 0
350 15775 15807 0
351 15743 15803 0
352 2070 2107 0
353 15736 15820 0
354 15731 15768 0
355 15784 15809 0
356 2081 2106 0
357 4032 4069 0
358 2082 2103 0
359 4 32 0
360 13 33 0
361 21 89 0
362 20 92 0
363 39 100 0
364 15752 15815 0
365 15791 15825 0
366 37 73 0
367 15740 15759 0
368 15765 15791 0
369 15732 15825 0
370 41 64 0
371 4022 4050 0
372 15727 15764 0
373 15740 15809 0
374 15779 15798 0
375 23 60 0
376 37 86 0
377 1 64 0
378 49 73 0
379 31363 31416 0
380 4048 4106 0
381 36 48 0
382 4056 4091 0
383 13 53 0
384 31366 31437 0
385 31370 31446 0
386 31357 31449 0
387 31354 31421 0
388 31375 31432 0
389 31352 31432 0
390 4 55 0
391 31351 31408 0
392 46 68 0
393 2 100 0
394 4041 4106 0
395 11 70 0
396 31361 31448 0
397 31394 31447 0
398 4012 4047 0
399 4052 4096 0
--------------
1000000 :c
1003862 :sum(p)
999999 :sum(w)
