400 :n
id p,w,x
--------------
0 7932 7919 1
1 8004 7978 1
2 55 46 1
3 33 21 1
4 51 18 1
5 89 28 1
6 96 32 1
7 7994 7939 1
8 31422 31352 1
9 55 52 1
10 7961 7915 1
11 16 11 1
12 93 74 1
13 76 60 1
14 100 83 1
15 15810 15760 1
16 31436 31357 1
17 82 7 1
18 86 77 1
19 19 13 1
20 16 10 1
21 70 59 1
22 10 7 1
23 56 41 1
24 39 7 1
25 56 28 1
26 46 17 1
27 88 33 1
28 100 66 1
29 15784 15745 1
30 2134 2085 1
31 2129 2078 1
32 2113 2071 1
33 2142 2097 1
34 2140 2060 1
35 2146 2112 1
36 15820 15785 1
37 2099 2069 1
38 2084 2074 1
39 2139 2107 1
40 2132 2100 1
41 2124 2109 1
42 2128 2088 1
43 2144 2112 1
44 31413 31357 1
45 2094 2069 1
46 2120 2070 1
47 2130 2078 1
48 4100 4085 1
49 4082 4048 1
50 7983 7922 1
51 4065 4055 1
52 4087 4050 1
53 15807 15760 1
54 4046 4029 1
55 4078 4065 1
56 4099 4044 1
57 15810 15734 1
58 15812 15787 1
59 15812 15738 1
60 4071 4020 1
61 4082 4065 1
62 4099 4036 1
63 4069 4039 1
64 4057 4024 1
65 4075 4041 1
66 15824 15755 1
67 4088 4009 1
68 4081 4062 1
69 7979 7944 1
70 4059 4029 1
71 7996 7979 1
72 7973 7939 1
73 7965 7938 1
74 7992 7952 1
75 7984 7963 1
76 7975 7940 1
77 7977 7922 1
78 7989 7975 1
79 7972 7928 1
80 7951 7918 1
81 8003 7975 1
82 46 45 1
83 31443 31394 1
84 31415 31367 1
85 7970 7958 1
86 31443 31399 1
87 62692 62609 1
88 62695 62614 1
89 8005 7995 1
90 8006 7996 1
91 31424 31387 1
92 31402 31371 1
93 15820 15805 1
94 50 46 1
95 31432 31403 1
96 31406 31380 1
97 31423 31398 1
98 31382 31358 1
99 31400 31376 0
100 4048 4040 1
101 15783 15742 1
102 2071 2069 0
103 15801 15780 1
104 31429 31405 1
105 8012 8006 0
106 31439 31445 0
107 15812 15801 0
108 26 79 0
109 4076 4073 0
110 125199 125108 0
111 31401 31379 0
112 15766 15755 0
113 62657 62614 0
114 28 28 1
115 31427 31406 1
116 62674 62634 0
117 125191 125115 0
118 62659 62622 0
119 31395 31377 0
120 4076 4075 0
121 28 28 1
122 4051 4051 0
123 2066 2067 0
124 4089 4092 0
125 4066 4069 0
126 62662 62636 0
127 62657 62626 0
128 125170 125131 0
129 62650 62628 0
130 62673 62658 0
131 125156 125121 0
132 125157 125112 0
133 250191 250105 0
134 62641 62615 0
135 125178 125147 0
136 31384 31367 0
137 31418 31408 0
138 125157 125129 0
139 125171 125132 0
140 125198 125166 0
141 250186 250108 0
142 125145 125118 0
143 125153 125106 0
144 62682 62665 0
145 15788 15786 0
146 125119 125104 0
147 125169 125153 0
148 125182 125157 0
149 31368 31362 0
150 62695 62686 0
151 125135 125118 0
152 250164 250135 0
153 31418 31414 0
154 62700 62689 0
155 250169 250128 0
156 250172 250132 0
157 250168 250134 0
158 250200 250162 0
159 500165 500103 0
160 500196 500135 0
161 500194 500117 0
162 31425 31421 0
163 500182 500120 0
164 15736 15733 0
165 500188 500133 0
166 15737 15734 0
167 62687 62675 0
168 125137 125113 0
169 62695 62660 0
170 250157 250101 0
171 31373 31356 0
172 250200 250134 0
173 31407 31392 0
174 62609 62670 0
175 62608 62676 0
176 31364 31395 0
177 62620 62672 0
178 31389 31411 0
179 62609 62649 0
180 31374 31398 0
181 31418 31433 0
182 62627 62679 0
183 62669 62689 0
184 62638 62676 0
185 62685 62698 0
186 62674 62677 0
187 62625 62651 0
188 31380 31426 0
189 31360 31407 0
190 62668 62664 0
191 31363 31445 0
192 62614 62673 0
193 31398 31396 0
194 62663 62693 0
195 62642 62692 0
196 31371 31440 0
197 31413 31423 0
198 31388 31436 0
199 62636 62649 0
200 15761 15799 0
201 15742 15818 0
202 15801 15815 0
203 62606 62677 0
204 15774 15800 0
205 15736 15822 0
206 62615 62679 0
207 62633 62672 0
208 15751 15792 0
209 15789 15805 0
210 15812 15813 0
211 62626 62642 0
212 15749 15804 0
213 15729 15776 0
214 62630 62626 0
215 15766 15766 0
216 62692 62692 0
217 15797 15809 0
218 125127 125184 0
219 125105 125180 0
220 15776 15786 0
221 15773 15791 0
222 15729 15759 0
223 15778 15816 0
224 15741 15773 0
225 125126 125144 0
226 125178 125190 0
227 15734 15794 0
228 15738 15809 0
229 15777 15784 0
230 15809 15820 0
231 125168 125178 0
232 125104 125116 0
233 15753 15766 0
234 125154 125152 0
235 15752 15821 0
236 125186 125177 0
237 125119 125135 0
238 15743 15766 0
239 7971 7999 0
240 125104 125193 0
241 125100 125181 0
242 125134 125175 0
243 7990 8012 0
244 7952 7982 0
245 7957 7990 0
246 125162 125169 0
247 7971 7993 0
248 125106 125190 0
249 7987 7995 0
250 125108 125127 0
251 7920 7997 0
252 125165 125192 0
253 7956 7987 0
254 7923 7946 0
255 125124 125177 0
256 7929 7988 0
257 125105 125151 0
258 7925 7982 0
259 125142 125190 0
260 125166 125157 0
261 7913 8009 0
262 125120 125182 0
263 7913 7928 0
264 125115 125194 0
265 7920 7947 0
266 125102 125141 0
267 125122 125187 0
268 7926 7980 0
269 250105 250166 0
270 7960 8006 0
271 7942 7960 0
272 250119 250190 0
273 250128 250127 0
274 7933 7985 0
275 8005 8008 0
276 250144 250163 0
277 250200 250173 0
278 250152 250136 0
279 31371 31411 0
280 4039 4071 0
281 4017 4023 0
282 62601 62611 0
283 250132 250184 0
284 250121 250155 0
285 250165 250195 0
286 250106 250115 0
287 4064 4087 0
288 4033 4042 0
289 4069 4074 0
290 250106 250165 0
291 250190 250194 0
292 250148 250185 0
293 4009 4050 0
294 4027 4044 0
295 4057 4076 0
296 250139 250163 0
297 250123 250134 0
298 4009 4039 0
299 250139 250155 0
300 31423 31436 0
301 250164 250182 0
302 250132 250188 0
303 4056 4094 0
304 4033 4080 0
305 250199 250187 0
306 250133 250122 0
307 4025 4069 0
308 250103 250127 0
309 250120 250164 0
310 4034 4074 0
311 4050 4060 0
312 250134 250195 0
313 4045 4051 0
314 4012 4019 0
315 4020 4069 0
316 4055 4104 0
317 250111 250193 0
318 250141 250185 0
319 250122 250122 0
320 2091 2137 0
321 62625 62631 0
322 250138 250148 0
323 2069 2139 0
324 250101 250157 0
325 250155 250180 0
326 250104 250183 0
327 2087 2100 0
328 2148 2153 0
329 2054 2069 0
330 2063 2095 0
331 250127 250168 0
332 2057 2126 0
333 2111 2128 0
334 500144 500185 0
335 500178 500191 0
336 2091 2143 0
337 500175 500159 0
338 2069 2149 0
339 500146 500134 0
340 2113 2125 0
341 500123 500176 0
342 2061 2074 0
343 2123 2133 0
344 500178 500169 0
345 2092 2099 0
346 2126 2139 0
347 2087 2108 0
348 500162 500177 0
349 2092 2153 0
350 500189 500187 0
351 2095 2149 0
352 500138 500122 0
353 500118 500162 0
354 500102 500146 0
355 2099 2139 0
356 2057 2108 0
357 2083 2108 0
358 2059 2129 0
359 32 93 0
360 500120 500115 0
361 500134 500104 0
362 500154 500109 0
363 500182 500133 0
364 24 64 0
365 31373 31400 0
366 500118 500124 0
367 500187 500157 0
368 8 38 0
369 500119 500164 0
370 25 93 0
371 500163 500135 0
372 37 94 0
373 500162 500182 0
374 500120 500108 0
375 40 77 0
376 500111 500187 0
377 500137 500199 0
378 500152 500192 0
379 62604 62666 0
380 500116 500112 0
381 500153 500148 0
382 19 26 0
383 500123 500184 0
384 500105 500103 0
385 500146 500120 0
386 500195 500147 0
387 500114 500178 0
388 34 43 0
389 15 100 0
390 30 59 0
391 500153 500145 0
392 36 79 0
393 17 94 0
394 500128 500119 0
395 64 84 0
396 500127 500134 0
397 500101 500130 0
398 31376 31446 0
399 62626 62697 0
--------------
1000000 :c
1003546 :sum(p)
1000000 :sum(w)
