400 :n
id p,w,x
--------------
0 31422 31359 1
1 31435 31380 1
2 79 5 1
3 15791 15733 1
4 15818 15783 1
5 33 15 1
6 15774 15737 1
7 59 10 1
8 67 18 1
9 92 76 1
10 92 61 1
11 95 75 1
12 81 4 1
13 15766 15738 1
14 86 36 1
15 57 21 1
16 76 3 1
17 93 2 1
18 97 6 1
19 72 43 1
20 94 29 1
21 99 72 1
22 2101 2068 1
23 2137 2102 1
24 2137 2082 1
25 15790 15734 1
26 2129 2107 1
27 2121 2088 1
28 2136 2097 1
29 2150 2061 1
30 15814 15736 1
31 2135 2079 1
32 2115 2077 1
33 2102 2069 1
34 15765 15731 1
35 2122 2076 1
36 2148 2073 1
37 15796 15727 1
38 4076 4013 1
39 4064 4030 1
40 7974 7942 1
41 7964 7925 1
42 7971 7920 1
43 4067 4017 1
44 4067 4012 1
45 4054 4035 1
46 4048 4025 1
47 4085 4025 1
48 7966 7915 1
49 7996 7917 1
50 4083 4028 1
51 4045 4026 1
52 4099 4077 1
53 4075 4035 1
54 7947 7919 1
55 4099 4056 1
56 4097 4053 1
57 4089 4056 1
58 7987 7932 1
59 8010 7982 1
60 7974 7939 1
61 7955 7915 1
62 7967 7933 1
63 7964 7925 1
64 8011 7920 1
65 42 30 1
66 16 14 1
67 90 80 1
68 46 44 1
69 2084 2068 1
70 2138 2126 1
71 4073 4059 1
72 4055 4043 1
73 2124 2118 1
74 4032 4021 1
75 4071 4060 1
76 4100 4089 1
77 7949 7928 1
78 7941 7921 1
79 7978 7960 1
80 4070 4061 1
81 4037 4029 1
82 7991 7977 1
83 15814 15788 1
84 7967 7954 1
85 15801 15776 1
86 7958 7946 1
87 7969 7957 1
88 31428 31382 1
89 2061 2058 1
90 31427 31382 1
91 15760 15738 1
92 8005 7994 1
93 15755 15734 1
94 4013 4008 0
95 31424 31388 1
96 7949 7940 1
97 31392 31361 1
98 15747 15732 1
99 31397 31369 1
100 62699 62627 1
101 45 34 1
102 62693 62635 1
103 15789 15774 0
104 62686 62628 1
105 15774 15760 1
106 125192 125100 0
107 62665 62619 0
108 62698 62695 0
109 62681 62635 1
110 250142 250185 0
111 15790 15779 1
112 31394 31374 0
113 31379 31360 0
114 125186 125108 0
115 62642 62605 0
116 31446 31438 0
117 62690 62653 0
118 8011 8007 0
119 15808 15799 0
120 62669 62634 0
121 31395 31378 0
122 62646 62613 0
123 125174 125109 0
124 125166 125102 0
125 15738 15730 0
126 15777 15769 0
127 15808 15800 0
128 15808 15800 0
129 7974 7970 0
130 15757 15750 0
131 15823 15816 0
132 31387 31374 0
133 31362 31351 0
134 15755 15751 0
135 15792 15790 0
136 4082 4082 0
137 15790 15792 0
138 7960 7962 0
139 7990 7993 0
140 7971 7974 0
141 7914 7917 0
142 2097 2098 0
143 7974 7980 0
144 7960 7967 0
145 7927 7934 0
146 4057 4062 0
147 4047 4052 0
148 2092 2095 0
149 4023 4031 0
150 4021 4029 0
151 4092 4102 0
152 2121 2127 0
153 2075 2083 0
154 2101 2111 0
155 2083 2093 0
156 2095 2106 0
157 83 86 0
158 86 90 1
159 53 59 0
160 87 97 0
161 74 83 0
162 125195 125140 0
163 250189 250110 0
164 31412 31406 0
165 250199 250109 0
166 125179 125159 0
167 125180 125154 0
168 500196 500168 0
169 500164 500103 0
170 250142 250116 0
171 62659 62650 0
172 125171 125115 0
173 500170 500112 0
174 125169 125159 0
175 31405 31403 0
176 31430 31428 0
177 62654 62646 0
178 125153 125107 0
179 62632 62620 0
180 500191 500150 0
181 500158 500124 0
182 500187 500148 0
183 31377 31374 0
184 500186 500155 0
185 250150 250107 0
186 125176 125131 0
187 62640 62620 0
188 62684 62662 0
189 250161 250124 0
190 125167 125147 0
191 62684 62654 0
192 250189 250134 0
193 62690 62662 0
194 62647 62624 0
195 250198 250179 0
196 125188 125176 0
197 62687 62659 0
198 500162 500135 0
199 250165 250150 0
200 62671 62651 0
201 62670 62654 0
202 250187 250110 0
203 62631 62616 0
204 62678 62666 0
205 62629 62604 0
206 250196 250163 0
207 62627 62614 0
208 62648 62634 0
209 125187 125144 0
210 250169 250127 0
211 125140 125120 0
212 250164 250104 0
213 250188 250124 0
214 31376 31372 0
215 125134 125101 0
216 31437 31447 0
217 250169 250170 0
218 15747 15767 0
219 250149 250168 0
220 31410 31430 0
221 62624 62654 0
222 15765 15792 0
223 62617 62694 0
224 15727 15786 0
225 62622 62660 0
226 31375 31376 0
227 15807 15813 0
228 62678 62684 0
229 62658 62699 0
230 250108 250181 0
231 62612 62674 0
232 15779 15799 0
233 15750 15824 0
234 15733 15788 0
235 15761 15822 0
236 62640 62690 0
237 62661 62658 0
238 250102 250171 0
239 7913 7986 0
240 7946 7987 0
241 7968 8011 0
242 62646 62676 0
243 15789 15820 0
244 250127 250193 0
245 7939 7959 0
246 7933 7974 0
247 250152 250181 0
248 250137 250199 0
249 62668 62698 0
250 15789 15824 0
251 62610 62627 0
252 62614 62689 0
253 250131 250172 0
254 250163 250174 0
255 62630 62664 0
256 250169 250172 0
257 62614 62628 0
258 125118 125128 0
259 31401 31433 0
260 7934 7950 0
261 7953 7992 0
262 31374 31437 0
263 250159 250195 0
264 250107 250181 0
265 125153 125173 0
266 15740 15757 0
267 7946 8000 0
268 125100 125175 0
269 125133 125131 0
270 125100 125117 0
271 7918 7985 0
272 125106 125115 0
273 250150 250196 0
274 125144 125170 0
275 15776 15811 0
276 250115 250107 0
277 125163 125193 0
278 250171 250171 0
279 125151 125167 0
280 4010 4096 0
281 125168 125176 0
282 250109 250139 0
283 125115 125172 0
284 4010 4095 0
285 4007 4054 0
286 250121 250145 0
287 250109 250166 0
288 31371 31396 0
289 4014 4039 0
290 125168 125175 0
291 250108 250190 0
292 250111 250136 0
293 4020 4043 0
294 4038 4100 0
295 250117 250151 0
296 250141 250185 0
297 250157 250166 0
298 125153 125195 0
299 250151 250178 0
300 250106 250174 0
301 4022 4102 0
302 125180 125185 0
303 125103 125181 0
304 125119 125152 0
305 250172 250163 0
306 500142 500191 0
307 4017 4050 0
308 31411 31420 0
309 31382 31399 0
310 500123 500129 0
311 4060 4080 0
312 4007 4053 0
313 500129 500182 0
314 4070 4101 0
315 500131 500127 0
316 4068 4094 0
317 15757 15822 0
318 31412 31433 0
319 500134 500193 0
320 2054 2075 0
321 31358 31415 0
322 500117 500154 0
323 2113 2127 0
324 2071 2092 0
325 15747 15818 0
326 125168 125182 0
327 2059 2110 0
328 2055 2137 0
329 2104 2135 0
330 500151 500198 0
331 500112 500145 0
332 125109 125152 0
333 2087 2120 0
334 500114 500129 0
335 31415 31434 0
336 2073 2121 0
337 500123 500135 0
338 31368 31415 0
339 2066 2138 0
340 2056 2083 0
341 2062 2099 0
342 500158 500158 0
343 31358 31379 0
344 500143 500119 0
345 2079 2147 0
346 2105 2122 0
347 125118 125199 0
348 500135 500158 0
349 2055 2118 0
350 500200 500185 0
351 31373 31446 0
352 500190 500194 0
353 2112 2143 0
354 2083 2143 0
355 125106 125171 0
356 31359 31360 0
357 2078 2099 0
358 500126 500153 0
359 500121 500189 0
360 5 73 0
361 500106 500166 0
362 31359 31432 0
363 500103 500150 0
364 2 35 0
365 25 40 0
366 10 86 0
367 11 28 0
368 45 82 0
369 125121 125162 0
370 500156 500139 0
371 500128 500114 0
372 31369 31394 0
373 500168 500151 0
374 500152 500180 0
375 500111 500154 0
376 500150 500157 0
377 31412 31411 0
378 500157 500139 0
379 27 52 0
380 125167 125198 0
381 125102 125112 0
382 23 52 0
383 1 64 0
384 500154 500153 0
385 32 54 0
386 8 35 0
387 500125 500173 0
388 31378 31409 0
389 500121 500180 0
390 23 42 0
391 125114 125146 0
392 500197 500187 0
393 500184 500194 0
394 500117 500136 0
395 47 94 0
396 41 93 0
397 31371 31419 0
398 31386 31400 0
399 31367 31413 0
--------------
1000000 :c
1003855 :sum(p)
1000000 :sum(w)
