400 :n
id p,w,x
--------------
0 4068 4018 1
1 4087 4029 1
2 85 17 1
3 4097 4017 1
4 2100 2069 1
5 100 53 1
6 2137 2059 1
7 2100 2054 1
8 4103 4029 1
9 98 38 1
10 2143 2104 1
11 83 28 1
12 89 45 1
13 7996 7916 1
14 2153 2119 1
15 2137 2096 1
16 2108 2062 1
17 2146 2073 1
18 67 26 1
19 2096 2068 1
20 4098 4041 1
21 2132 2093 1
22 8012 7931 1
23 2101 2055 1
24 4056 4013 1
25 86 19 1
26 8011 7919 1
27 4099 4029 1
28 4098 4008 1
29 15821 15768 1
30 7980 7935 1
31 15803 15749 1
32 8001 7954 1
33 15810 15740 1
34 15810 15743 1
35 7999 7954 1
36 15803 15753 1
37 8001 7942 1
38 4082 4042 1
39 31447 31355 1
40 31444 31362 1
41 62697 62607 1
42 24 10 1
43 21 9 1
44 39 18 1
45 24 16 1
46 53 41 1
47 84 68 1
48 2093 2069 1
49 2130 2108 1
50 2153 2132 1
51 2115 2097 1
52 2150 2136 1
53 4076 4050 1
54 2101 2088 1
55 4102 4081 1
56 2113 2103 1
57 4028 4010 1
58 4097 4080 1
59 4080 4064 1
60 7986 7958 1
61 7964 7939 1
62 7972 7949 1
63 8000 7977 1
64 4077 4066 1
65 4049 4039 1
66 8001 7982 1
67 4080 4071 1
68 4046 4038 1
69 2093 2089 1
70 2137 2076 1
71 31394 31355 1
72 62680 62603 1
73 31449 31407 1
74 31414 31370 1
75 2150 2146 1
76 7958 7945 1
77 7995 7982 1
78 4027 4021 1
79 7946 7937 1
80 31400 31368 1
81 31434 31405 1
82 15758 15744 1
83 15790 15776 1
84 7933 7926 1
85 31424 31401 1
86 31430 31407 1
87 31434 31412 1
88 2105 2101 1
89 62675 62631 1
90 125199 125114 0
91 62646 62604 0
92 62688 62646 1
93 125199 125166 0
94 8001 7999 1
95 15737 15734 0
96 62646 62608 0
97 31442 31424 1
98 31447 31429 1
99 31411 31394 0
100 31371 31356 0
101 31450 31435 0
102 31368 31354 0
103 31443 31432 0
104 7928 7926 0
105 4099 4099 1
106 125187 125131 0
107 62658 62644 0
108 62679 62665 0
109 62628 62615 0
110 31421 31415 0
111 31450 31444 0
112 52 79 0
113 125198 125136 0
114 15754 15751 0
115 62669 62659 0
116 62642 62633 0
117 31371 31367 0
118 15732 15730 0
119 62675 62668 0
120 62677 62670 0
121 15793 15795 0
122 15789 15797 0
123 7990 7995 0
124 7959 7964 0
125 15768 15780 0
126 15759 15773 0
127 15783 15798 0
128 15739 15754 0
129 4087 4091 0
130 7937 7945 0
131 7965 7974 0
132 4094 4100 0
133 4040 4048 0
134 2135 2140 0
135 2057 2062 0
136 7974 7994 0
137 7947 7967 0
138 4085 4096 0
139 4077 4088 0
140 2069 2075 0
141 2059 2065 0
142 4075 4087 0
143 4043 4055 0
144 2077 2084 0
145 4064 4078 0
146 2124 2132 0
147 2113 2121 0
148 4034 4051 0
149 4051 4074 0
150 2061 2073 0
151 2103 2118 0
152 88 89 1
153 75 78 1
154 67 71 0
155 70 77 0
156 86 97 0
157 67 77 0
158 45 53 0
159 73 95 0
160 66 86 0
161 60 80 0
162 26 35 0
163 62 87 0
164 51 76 0
165 11 20 0
166 500186 500150 0
167 125193 125169 0
168 500198 500135 0
169 250199 250123 0
170 125140 125107 0
171 125149 125122 0
172 250179 250112 0
173 125174 125129 0
174 125140 125116 0
175 125183 125146 0
176 250135 250114 0
177 125169 125146 0
178 250172 250117 0
179 125179 125160 0
180 500187 500133 0
181 500173 500117 0
182 250191 250125 0
183 250199 250129 0
184 250167 250104 0
185 250166 250127 0
186 500195 500112 0
187 500189 500157 0
188 31379 31395 0
189 31370 31413 0
190 31415 31431 0
191 62628 62657 0
192 62655 62687 0
193 31369 31431 0
194 31367 31430 0
195 31379 31448 0
196 62613 62609 0
197 62642 62669 0
198 62616 62669 0
199 62659 62695 0
200 15740 15798 0
201 62630 62664 0
202 15741 15787 0
203 15801 15825 0
204 15768 15807 0
205 62638 62692 0
206 15755 15820 0
207 15748 15816 0
208 15729 15796 0
209 15782 15817 0
210 15781 15812 0
211 15753 15794 0
212 15746 15811 0
213 15751 15776 0
214 62609 62663 0
215 31395 31443 0
216 15780 15800 0
217 15741 15794 0
218 62688 62689 0
219 31405 31419 0
220 15769 15794 0
221 62601 62622 0
222 62652 62666 0
223 15771 15792 0
224 125147 125158 0
225 15762 15818 0
226 15739 15821 0
227 125118 125181 0
228 125114 125182 0
229 125100 125176 0
230 125132 125136 0
231 62614 62646 0
232 15780 15823 0
233 125112 125173 0
234 15746 15775 0
235 15794 15810 0
236 125125 125175 0
237 125173 125182 0
238 15743 15792 0
239 125121 125183 0
240 7943 7966 0
241 125146 125181 0
242 125194 125192 0
243 125130 125158 0
244 125163 125198 0
245 125126 125133 0
246 31361 31379 0
247 125120 125168 0
248 125106 125144 0
249 7914 7953 0
250 7951 7975 0
251 125119 125164 0
252 7934 7972 0
253 125118 125119 0
254 125124 125174 0
255 31412 31419 0
256 125108 125143 0
257 7937 7964 0
258 125100 125161 0
259 31354 31370 0
260 250125 250169 0
261 62622 62669 0
262 250138 250195 0
263 250130 250155 0
264 31392 31446 0
265 7979 8009 0
266 250124 250160 0
267 250195 250186 0
268 7984 8007 0
269 250155 250160 0
270 250142 250147 0
271 250131 250121 0
272 7914 7946 0
273 62649 62669 0
274 250104 250187 0
275 250154 250165 0
276 250122 250125 0
277 250143 250175 0
278 250186 250200 0
279 250177 250170 0
280 250137 250130 0
281 250112 250194 0
282 62689 62686 0
283 62690 62688 0
284 250128 250164 0
285 250114 250146 0
286 31376 31390 0
287 250157 250182 0
288 250118 250130 0
289 250162 250153 0
290 250166 250188 0
291 250149 250153 0
292 31436 31446 0
293 62665 62666 0
294 250146 250130 0
295 250106 250109 0
296 62601 62608 0
297 250111 250105 0
298 250191 250191 0
299 31378 31405 0
300 500116 500139 0
301 500197 500179 0
302 500169 500143 0
303 62643 62695 0
304 500153 500127 0
305 500164 500190 0
306 31365 31443 0
307 31374 31394 0
308 62614 62694 0
309 500140 500177 0
310 500195 500171 0
311 500127 500132 0
312 31387 31410 0
313 31353 31389 0
314 500182 500196 0
315 62609 62638 0
316 500120 500125 0
317 500133 500121 0
318 500120 500176 0
319 500134 500122 0
320 500161 500165 0
321 500135 500181 0
322 500140 500111 0
323 500128 500151 0
324 500186 500162 0
325 500158 500139 0
326 500137 500115 0
327 500110 500130 0
328 500103 500147 0
329 500137 500198 0
330 500121 500122 0
331 500189 500198 0
332 500123 500181 0
333 500170 500165 0
334 62622 62694 0
335 62625 62659 0
336 62620 62616 0
337 500121 500134 0
338 500164 500161 0
339 31374 31448 0
340 62642 62641 0
341 62669 62698 0
342 500179 500140 0
343 250135 250110 0
344 125127 125102 0
345 250187 250141 0
346 250134 250112 0
347 250158 250106 0
348 125180 125135 0
349 250195 250163 0
350 125138 125109 0
351 125144 125118 0
352 500184 500104 0
353 125156 125128 0
354 500154 500118 0
355 125148 125137 0
356 500156 500105 0
357 125186 125141 0
358 500176 500122 0
359 1 80 0
360 4028 4071 0
361 4042 4070 0
362 7 35 0
363 4013 4079 0
364 4070 4099 0
365 5 37 0
366 26 85 0
367 16 99 0
368 5 37 0
369 37 66 0
370 4012 4067 0
371 4062 4094 0
372 20 83 0
373 2 71 0
374 7915 7977 0
375 7951 7998 0
376 4046 4085 0
377 7915 7989 0
378 7924 7995 0
379 4040 4076 0
380 22 90 0
381 5 90 0
382 2075 2107 0
383 4036 4097 0
384 2082 2119 0
385 4069 4094 0
386 2074 2140 0
387 7947 8000 0
388 2078 2143 0
389 2079 2134 0
390 7930 7985 0
391 7947 8010 0
392 13 95 0
393 7962 8009 0
394 2079 2111 0
395 15733 15819 0
396 15730 15814 0
397 2088 2139 0
398 2075 2120 0
399 2059 2099 0
--------------
1000000 :c
1003508 :sum(p)
999997 :sum(w)
