400 :n
id p,w,x
--------------
0 31433 31378 1
1 31436 31361 1
2 31421 31364 1
3 31419 31363 1
4 37 2 1
5 85 25 1
6 97 48 1
7 43 10 1
8 91 53 1
9 15791 15735 1
10 87 59 1
11 86 36 1
12 99 4 1
13 15806 15759 1
14 98 22 1
15 89 23 1
16 15791 15744 1
17 97 48 1
18 74 11 1
19 15803 15755 1
20 73 11 1
21 79 38 1
22 2140 2088 1
23 2099 2067 1
24 15778 15732 1
25 2140 2103 1
26 15800 15750 1
27 2135 2070 1
28 2123 2070 1
29 2153 2088 1
30 2098 2066 1
31 15817 15775 1
32 15822 15742 1
33 2101 2057 1
34 7960 7926 1
35 7955 7917 1
36 2146 2106 1
37 2147 2058 1
38 7995 7939 1
39 2151 2064 1
40 2126 2097 1
41 4054 4013 1
42 4074 4044 1
43 4074 4039 1
44 4104 4075 1
45 4072 4010 1
46 4052 4018 1
47 4083 4021 1
48 8010 7974 1
49 7983 7938 1
50 7978 7927 1
51 4104 4055 1
52 8006 7943 1
53 4095 4008 1
54 7981 7943 1
55 7982 7930 1
56 4068 4028 1
57 4074 4030 1
58 4102 4029 1
59 7997 7939 1
60 4061 4018 1
61 36 20 1
62 49 33 1
63 66 47 1
64 31 23 1
65 27 21 1
66 55 51 1
67 4102 4076 1
68 2124 2112 1
69 4078 4058 1
70 2112 2102 1
71 2121 2111 1
72 4068 4049 1
73 4024 4008 1
74 7996 7966 1
75 2153 2145 1
76 7947 7918 1
77 2088 2081 1
78 2145 2139 1
79 8012 7990 1
80 7999 7978 1
81 7967 7949 1
82 4095 4086 1
83 15764 15730 1
84 7974 7958 1
85 15808 15778 1
86 15795 15766 1
87 4071 4064 1
88 31401 31353 1
89 15784 15760 1
90 4020 4014 0
91 4086 4080 1
92 31402 31356 1
93 2113 2110 0
94 15783 15761 1
95 15804 15782 1
96 62693 62606 1
97 62696 62614 1
98 31416 31378 1
99 31407 31370 1
100 31395 31361 1
101 15763 15746 0
102 15748 15732 1
103 7941 7933 1
104 7990 7982 1
105 44 33 1
106 31395 31359 1
107 31408 31377 1
108 31383 31353 1
109 62687 62628 0
110 31440 31439 0
111 8002 8009 0
112 7943 7990 0
113 31413 31384 0
114 62669 62613 0
115 15795 15782 0
116 62667 62619 0
117 62686 62640 0
118 15801 15790 0
119 2088 2089 0
120 62700 62659 0
121 15745 15735 0
122 7934 7929 0
123 125192 125117 0
124 125178 125104 0
125 31380 31363 0
126 31426 31409 0
127 125193 125129 0
128 62638 62606 0
129 7953 7949 0
130 31394 31379 0
131 7965 7963 0
132 7954 7954 0
133 7999 7999 0
134 4067 4071 0
135 4016 4020 0
136 4076 4081 0
137 4069 4074 0
138 4022 4027 0
139 58 63 0
140 16 21 0
141 250147 250113 0
142 500174 500142 0
143 250185 250148 0
144 250196 250134 0
145 500199 500168 0
146 62649 62627 0
147 250192 250151 0
148 62677 62657 0
149 250200 250120 0
150 62699 62685 0
151 125171 125162 0
152 125155 125139 0
153 250192 250130 0
154 250181 250103 0
155 250186 250138 0
156 250165 250117 0
157 250188 250168 0
158 31418 31409 0
159 125151 125119 0
160 250152 250120 0
161 31377 31374 0
162 31426 31424 0
163 250139 250122 0
164 500190 500162 0
165 250178 250142 0
166 125131 125113 0
167 500173 500126 0
168 125146 125115 0
169 250183 250157 0
170 125195 125158 0
171 31407 31393 0
172 125123 125104 0
173 500169 500122 0
174 125166 125120 0
175 31360 31355 0
176 125198 125185 0
177 500193 500104 0
178 250176 250143 0
179 500154 500127 0
180 500191 500113 0
181 62636 62629 0
182 62661 62657 0
183 15817 15814 0
184 62677 62657 0
185 62624 62612 0
186 125158 125150 0
187 500161 500104 0
188 500119 500164 0
189 500183 500163 0
190 500119 500145 0
191 250179 250191 0
192 500107 500157 0
193 500117 500158 0
194 31372 31373 0
195 125159 125166 0
196 31381 31381 0
197 500137 500140 0
198 500144 500191 0
199 250112 250146 0
200 250139 250149 0
201 62606 62607 0
202 500160 500154 0
203 500135 500120 0
204 62625 62631 0
205 500145 500178 0
206 250137 250129 0
207 250144 250173 0
208 250125 250144 0
209 250146 250153 0
210 125161 125161 0
211 500158 500185 0
212 62664 62666 0
213 15790 15792 0
214 62609 62610 0
215 250146 250136 0
216 250148 250155 0
217 62667 62666 0
218 500131 500154 0
219 250167 250182 0
220 500123 500146 0
221 500111 500165 0
222 250123 250158 0
223 125155 125161 0
224 125188 125183 0
225 62644 62643 0
226 500101 500147 0
227 500157 500162 0
228 62673 62676 0
229 15751 15751 0
230 62669 62668 0
231 500130 500160 0
232 250153 250177 0
233 250138 250170 0
234 250188 250181 0
235 500117 500149 0
236 500166 500192 0
237 31418 31419 0
238 125130 125145 0
239 250149 250166 0
240 500159 500140 0
241 500114 500171 0
242 125197 125197 0
243 250121 250154 0
244 125113 125110 0
245 500131 500181 0
246 500101 500117 0
247 500196 500194 0
248 250160 250176 0
249 500135 500192 0
250 500190 500195 0
251 500153 500162 0
252 500159 500189 0
253 125158 125127 0
254 500168 500130 0
255 62635 62615 0
256 250186 250171 0
257 500168 500114 0
258 125138 125128 0
259 125159 125145 0
260 7947 7983 0
261 250121 250186 0
262 7934 7992 0
263 7989 8008 0
264 15749 15808 0
265 7960 7969 0
266 15736 15780 0
267 15796 15802 0
268 15761 15764 0
269 7917 7992 0
270 15781 15796 0
271 250109 250150 0
272 125131 125193 0
273 15764 15819 0
274 15779 15783 0
275 15762 15815 0
276 7955 7984 0
277 125104 125142 0
278 7961 8003 0
279 15747 15771 0
280 4027 4039 0
281 125120 125138 0
282 250125 250196 0
283 4086 4098 0
284 15726 15793 0
285 15764 15776 0
286 4039 4099 0
287 15749 15769 0
288 4043 4103 0
289 4079 4094 0
290 15788 15801 0
291 15778 15800 0
292 4018 4087 0
293 125115 125143 0
294 4058 4070 0
295 4043 4070 0
296 125121 125189 0
297 7962 7982 0
298 250157 250193 0
299 15736 15825 0
300 125139 125190 0
301 4018 4063 0
302 15727 15789 0
303 4051 4076 0
304 250126 250182 0
305 15800 15807 0
306 15738 15781 0
307 125104 125145 0
308 7961 7990 0
309 31414 31422 0
310 7941 7945 0
311 4079 4105 0
312 31434 31447 0
313 31358 31380 0
314 7947 7978 0
315 4031 4101 0
316 250115 250165 0
317 4043 4058 0
318 4020 4095 0
319 31360 31383 0
320 31357 31419 0
321 31359 31404 0
322 31411 31446 0
323 2081 2094 0
324 2059 2102 0
325 2068 2132 0
326 250128 250200 0
327 2110 2125 0
328 31373 31413 0
329 2096 2131 0
330 2099 2126 0
331 31395 31448 0
332 2099 2108 0
333 2086 2125 0
334 2071 2137 0
335 2109 2128 0
336 31419 31424 0
337 31364 31391 0
338 31369 31443 0
339 31389 31428 0
340 2083 2135 0
341 125148 125181 0
342 31362 31384 0
343 2082 2127 0
344 2098 2143 0
345 31364 31398 0
346 125117 125148 0
347 2101 2138 0
348 62654 62684 0
349 62666 62688 0
350 62613 62635 0
351 62607 62618 0
352 62658 62679 0
353 2069 2138 0
354 2078 2097 0
355 2084 2149 0
356 2120 2135 0
357 2076 2097 0
358 2105 2139 0
359 62609 62623 0
360 62628 62663 0
361 63 95 0
362 62602 62692 0
363 15 81 0
364 15 48 0
365 62609 62677 0
366 47 78 0
367 29 77 0
368 62639 62682 0
369 7931 7970 0
370 49 64 0
371 31 80 0
372 24 86 0
373 62604 62696 0
374 62639 62696 0
375 62615 62675 0
376 500107 500188 0
377 62609 62644 0
378 62604 62689 0
379 1 61 0
380 29 74 0
381 62627 62692 0
382 26 96 0
383 7971 7974 0
384 11 85 0
385 125133 125156 0
386 125153 125196 0
387 125105 125192 0
388 125120 125196 0
389 78 90 0
390 46 71 0
391 125146 125166 0
392 2 20 0
393 125126 125170 0
394 125135 125179 0
395 125149 125182 0
396 10 25 0
397 41 87 0
398 7975 7987 0
399 7930 7937 0
--------------
1000000 :c
1004158 :sum(p)
999995 :sum(w)
