400 :n
id p,w,x
--------------
0 2128 2118 1
1 2113 2091 1
2 8005 7968 1
3 8006 7917 1
4 2148 2129 1
5 97 40 1
6 7970 7916 1
7 7960 7924 1
8 7981 7927 1
9 7988 7932 1
10 7995 7956 1
11 71 16 1
12 70 46 1
13 7992 7946 1
14 7980 7924 1
15 8011 7913 1
16 15815 15740 1
17 51 2 1
18 8010 7935 1
19 7980 7917 1
20 2147 2087 1
21 95 47 1
22 70 50 1
23 53 20 1
24 37 25 1
25 7999 7934 1
26 69 23 1
27 50 3 1
28 4102 4066 1
29 4102 4038 1
30 4084 4050 1
31 64 44 1
32 4084 4026 1
33 4097 4072 1
34 4089 4069 1
35 4081 4049 1
36 4088 4022 1
37 4073 4050 1
38 91 69 1
39 80 23 1
40 86 24 1
41 100 5 1
42 87 45 1
43 4096 4008 1
44 4090 4062 1
45 4084 4064 1
46 65 15 1
47 2104 2089 1
48 2150 2074 1
49 2088 2072 1
50 7977 7941 1
51 4090 4027 1
52 2107 2066 1
53 4073 4032 1
54 2120 2108 1
55 2135 2104 1
56 2102 2081 1
57 2099 2059 1
58 2143 2057 1
59 2105 2084 1
60 2120 2064 1
61 31426 31383 1
62 31418 31371 1
63 62700 62626 1
64 15795 15743 1
65 15818 15774 1
66 15825 15763 1
67 4076 4058 1
68 31449 31367 1
69 7993 7957 1
70 7970 7950 1
71 31445 31378 1
72 31449 31381 1
73 7971 7940 1
74 15804 15750 1
75 31416 31366 1
76 7963 7939 1
77 7962 7941 1
78 15758 15728 1
79 15801 15740 1
80 15799 15763 1
81 7982 7948 1
82 15779 15731 1
83 15811 15783 1
84 15793 15746 1
85 62695 62608 1
86 6 4 1
87 35 33 0
88 99 97 1
89 2112 2108 1
90 4100 4093 1
91 7957 7944 1
92 15804 15781 1
93 15818 15797 1
94 15799 15779 1
95 7952 7942 1
96 7958 7949 1
97 31423 31389 1
98 15756 15740 1
99 7964 7956 1
100 62680 62618 0
101 2132 2086 1
102 2070 2058 1
103 2060 2058 0
104 62675 62615 1
105 62694 62634 1
106 62697 62644 0
107 31448 31447 0
108 11 70 0
109 2106 2104 0
110 31410 31382 0
111 62685 62632 0
112 15791 15778 0
113 62657 62606 0
114 62669 62625 0
115 31415 31394 0
116 31427 31406 0
117 31420 31404 0
118 7927 7924 0
119 7966 7963 0
120 4008 4008 0
121 89 89 1
122 4021 4022 0
123 4013 4014 0
124 82 83 0
125 125173 125110 0
126 125166 125118 0
127 62678 62641 0
128 62664 62622 0
129 62626 62603 0
130 62665 62628 0
131 62680 62657 0
132 125146 125102 0
133 125188 125115 0
134 31383 31372 0
135 62674 62654 0
136 62626 62610 0
137 62621 62608 0
138 125183 125162 0
139 125127 125105 0
140 125146 125110 0
141 31368 31360 0
142 500192 500114 0
143 15799 15794 0
144 125158 125139 0
145 250169 250119 0
146 500181 500103 0
147 250156 250113 0
148 31362 31352 0
149 250186 250146 0
150 125186 125163 0
151 125173 125145 0
152 125181 125151 0
153 125171 125130 0
154 125161 125128 0
155 250176 250106 0
156 62615 62601 0
157 31405 31395 0
158 31390 31383 0
159 250152 250119 0
160 250188 250154 0
161 250140 250108 0
162 250150 250114 0
163 500179 500104 0
164 250139 250107 0
165 125183 125172 0
166 250141 250114 0
167 62643 62636 0
168 500169 500114 0
169 250173 250152 0
170 15736 15734 0
171 62672 62639 0
172 31433 31419 0
173 31425 31430 0
174 500157 500196 0
175 62630 62625 0
176 500124 500123 0
177 500113 500195 0
178 500129 500118 0
179 500102 500115 0
180 250119 250131 0
181 500170 500190 0
182 500109 500156 0
183 250132 250132 0
184 250158 250185 0
185 250168 250151 0
186 500106 500139 0
187 500161 500162 0
188 500107 500105 0
189 62683 62686 0
190 62651 62655 0
191 62682 62686 0
192 500174 500181 0
193 500117 500165 0
194 500133 500193 0
195 250106 250109 0
196 62668 62679 0
197 250128 250139 0
198 125168 125169 0
199 125155 125161 0
200 125153 125166 0
201 125127 125124 0
202 125130 125137 0
203 125130 125133 0
204 500181 500151 0
205 15766 15768 0
206 250131 250132 0
207 125113 125105 0
208 125151 125165 0
209 250140 250183 0
210 250115 250121 0
211 125142 125163 0
212 500169 500134 0
213 500120 500178 0
214 125126 125142 0
215 125171 125174 0
216 250159 250143 0
217 250113 250112 0
218 250112 250101 0
219 500117 500131 0
220 500114 500112 0
221 500112 500190 0
222 125168 125190 0
223 250170 250168 0
224 250159 250172 0
225 125161 125168 0
226 250125 250113 0
227 500153 500182 0
228 500154 500120 0
229 500104 500140 0
230 250137 250162 0
231 500192 500194 0
232 250116 250131 0
233 500175 500178 0
234 500125 500124 0
235 250129 250121 0
236 500189 500169 0
237 250160 250168 0
238 500133 500164 0
239 500107 500138 0
240 500129 500114 0
241 500192 500186 0
242 250187 250171 0
243 500186 500196 0
244 250180 250181 0
245 7936 7936 0
246 250107 250118 0
247 250182 250167 0
248 500151 500198 0
249 500158 500168 0
250 500109 500124 0
251 250131 250153 0
252 500187 500168 0
253 31361 31366 0
254 62692 62654 0
255 62680 62653 0
256 7958 7985 0
257 15734 15770 0
258 15773 15788 0
259 15750 15773 0
260 7977 7995 0
261 15785 15803 0
262 15792 15824 0
263 15739 15792 0
264 15737 15783 0
265 15777 15819 0
266 15785 15805 0
267 15768 15775 0
268 15753 15788 0
269 7917 7923 0
270 15771 15794 0
271 15775 15821 0
272 7986 7996 0
273 15762 15789 0
274 15761 15803 0
275 31375 31442 0
276 31352 31426 0
277 31380 31397 0
278 31388 31435 0
279 31354 31440 0
280 31362 31405 0
281 4019 4023 0
282 31385 31429 0
283 31434 31450 0
284 4093 4105 0
285 31357 31395 0
286 31406 31418 0
287 31380 31399 0
288 31433 31441 0
289 31412 31434 0
290 31380 31409 0
291 4079 4082 0
292 31352 31387 0
293 31362 31397 0
294 500103 500197 0
295 31421 31450 0
296 31412 31448 0
297 62608 62657 0
298 15743 15788 0
299 62631 62670 0
300 62629 62681 0
301 62641 62696 0
302 62604 62674 0
303 4016 4019 0
304 62619 62653 0
305 4034 4047 0
306 62626 62646 0
307 4070 4073 0
308 62620 62671 0
309 62635 62647 0
310 62610 62676 0
311 62607 62684 0
312 62635 62694 0
313 62602 62655 0
314 4069 4071 0
315 4012 4022 0
316 7950 7974 0
317 125109 125167 0
318 125115 125178 0
319 125134 125194 0
320 125122 125175 0
321 125107 125167 0
322 125130 125157 0
323 125142 125174 0
324 125109 125185 0
325 125127 125188 0
326 125129 125182 0
327 125106 125144 0
328 125115 125194 0
329 125154 125191 0
330 250117 250194 0
331 2116 2122 0
332 250104 250194 0
333 250136 250196 0
334 250132 250199 0
335 250105 250161 0
336 31383 31423 0
337 7953 7976 0
338 7925 7929 0
339 31426 31412 0
340 2081 2106 0
341 2057 2117 0
342 2074 2133 0
343 2057 2135 0
344 2109 2144 0
345 2109 2145 0
346 2108 2136 0
347 2077 2090 0
348 2080 2104 0
349 4007 4033 0
350 2100 2142 0
351 2082 2102 0
352 2069 2114 0
353 2083 2123 0
354 2064 2136 0
355 4041 4071 0
356 2076 2084 0
357 4054 4070 0
358 2075 2150 0
359 3 95 0
360 4021 4104 0
361 4046 4088 0
362 4014 4037 0
363 36 55 0
364 30 39 0
365 4014 4096 0
366 23 69 0
367 4020 4049 0
368 19 95 0
369 76 95 0
370 4033 4095 0
371 39 67 0
372 45 84 0
373 4038 4101 0
374 4007 4028 0
375 4045 4091 0
376 8 39 0
377 7 64 0
378 10 80 0
379 4082 4100 0
380 7964 8000 0
381 7915 7968 0
382 31 68 0
383 7933 7992 0
384 2116 2134 0
385 68 95 0
386 7927 7959 0
387 49 85 0
388 7967 8007 0
389 7962 7993 0
390 13 56 0
391 15727 15800 0
392 15735 15816 0
393 15740 15814 0
394 25 41 0
395 21 94 0
396 15739 15819 0
397 15742 15796 0
398 2102 2111 0
399 2075 2128 0
--------------
1000000 :c
1004253 :sum(p)
1000000 :sum(w)
