400 :n
id p,w,x
--------------
0 93 1 1
1 18 1 1
2 82 9 1
3 89 10 1
4 93 19 1
5 60 22 1
6 85 37 1
7 99 46 1
8 87 42 1
9 89 46 1
10 93 49 1
11 30 17 1
12 57 37 1
13 89 58 1
14 95 74 1
15 95 83 1
16 48 42 1
17 36 32 1
18 69 65 0
19 2147 2069 1
20 2133 2064 1
21 2151 2084 1
22 2132 2085 1
23 2135 2089 1
24 2153 2109 1
25 2122 2082 1
26 2133 2096 1
27 2087 2054 1
28 2143 2114 1
29 2141 2115 1
30 4101 4053 1
31 4066 4022 1
32 2101 2079 1
33 2092 2071 1
34 8000 7921 1
35 2115 2096 1
36 7999 7935 1
37 7975 7915 1
38 7985 7927 1
39 7974 7918 1
40 2083 2069 1
41 4052 4025 1
42 2128 2115 1
43 2129 2116 1
44 7966 7921 1
45 15822 15740 1
46 4032 4012 1
47 4044 4024 1
48 2114 2104 1
49 7975 7940 1
50 15824 15758 1
51 15821 15758 1
52 15804 15742 1
53 7952 7923 1
54 15797 15741 1
55 7986 7960 1
56 4054 4041 0
57 15789 15739 1
58 8002 7977 1
59 7942 7918 1
60 8010 7986 1
61 4064 4052 1
62 7995 7974 1
63 31442 31363 1
64 7992 7972 1
65 8009 7990 1
66 7965 7947 1
67 7990 7972 1
68 15780 15746 1
69 31417 31353 1
70 15806 15774 1
71 15776 15745 1
72 4089 4081 0
73 31425 31365 1
74 15809 15779 1
75 95 26 1
76 15783 15757 1
77 31449 31404 1
78 31399 31356 1
79 31433 31393 1
80 62686 62608 1
81 31410 31371 1
82 62681 62609 1
83 62695 62623 1
84 2067 2062 1
85 31388 31352 1
86 31406 31371 1
87 7943 7934 1
88 62684 62616 1
89 8008 7993 1
90 7970 7962 0
91 62674 62617 1
92 15798 15784 1
93 62699 62700 0
94 62695 62644 0
95 4025 4022 0
96 31411 31392 0
97 15802 15789 0
98 62669 62618 0
99 31438 31426 0
100 125196 125121 0
101 31424 31399 0
102 15728 15756 0
103 31435 31412 0
104 31436 31414 0
105 62651 62610 0
106 7995 7990 0
107 31374 31355 0
108 62694 62641 0
109 15766 15753 0
110 31408 31390 0
111 15767 15758 0
112 15801 15792 0
113 125199 125129 0
114 62671 62637 0
115 31426 31409 0
116 31433 31416 0
117 31380 31364 0
118 15815 15807 0
119 125173 125112 0
120 31410 31397 0
121 62672 62649 0
122 62643 62624 0
123 31378 31370 0
124 62619 62607 0
125 62633 62621 0
126 31369 31363 0
127 62646 62635 0
128 62613 62604 0
129 62634 62625 0
130 62670 62662 0
131 31434 31430 0
132 62655 62648 0
133 31424 31422 0
134 31359 31358 0
135 4069 4069 0
136 2129 2129 0
137 15815 15815 0
138 15739 15742 0
139 15737 15740 0
140 15733 15740 0
141 15730 15737 0
142 15736 15744 0
143 15740 15750 0
144 4023 4026 0
145 7990 7997 0
146 2098 2100 0
147 7974 7985 0
148 2058 2061 0
149 7987 7999 0
150 4069 4076 0
151 4034 4041 0
152 7993 8009 0
153 2148 2153 0
154 4054 4064 0
155 4085 4096 0
156 4069 4080 0
157 4022 4033 0
158 2066 2073 0
159 2058 2066 0
160 4022 4038 0
161 2139 2149 0
162 4035 4054 0
163 2106 2117 0
164 2119 2131 0
165 88 95 0
166 65 71 0
167 76 84 0
168 84 96 0
169 69 87 0
170 37 51 0
171 34 49 0
172 6 9 0
173 125160 125149 0
174 125149 125142 0
175 125181 125145 0
176 125174 125145 0
177 125142 125117 0
178 125115 125107 0
179 250138 250106 0
180 250177 250101 0
181 250169 250120 0
182 500129 500114 0
183 250174 250142 0
184 250125 250113 0
185 250148 250118 0
186 250172 250104 0
187 250159 250116 0
188 250185 250166 0
189 250169 250155 0
190 250198 250112 0
191 250150 250101 0
192 250154 250140 0
193 500157 500126 0
194 250177 250106 0
195 500153 500116 0
196 500181 500156 0
197 250130 250116 0
198 250190 250172 0
199 500171 500136 0
200 500153 500130 0
201 125155 125137 0
202 500177 500127 0
203 500174 500114 0
204 500138 500120 0
205 500186 500157 0
206 500179 500156 0
207 125193 125140 0
208 125191 125147 0
209 125190 125183 0
210 125127 125105 0
211 125131 125110 0
212 500188 500136 0
213 125190 125165 0
214 125188 125148 0
215 125120 125105 0
216 500161 500118 0
217 62660 62691 0
218 15744 15818 0
219 15782 15797 0
220 15782 15798 0
221 62628 62644 0
222 62622 62693 0
223 62620 62689 0
224 15742 15825 0
225 15730 15770 0
226 125101 125154 0
227 15732 15778 0
228 62628 62636 0
229 125189 125186 0
230 62612 62647 0
231 125114 125194 0
232 15760 15783 0
233 15729 15795 0
234 125107 125194 0
235 125100 125163 0
236 15731 15761 0
237 15791 15819 0
238 15727 15810 0
239 7922 7974 0
240 125139 125190 0
241 125114 125161 0
242 125104 125146 0
243 125120 125159 0
244 125120 125129 0
245 125128 125135 0
246 125133 125183 0
247 7935 8010 0
248 125149 125193 0
249 125122 125187 0
250 7940 7983 0
251 125146 125187 0
252 7957 8008 0
253 7918 7977 0
254 125112 125134 0
255 15761 15808 0
256 7953 7979 0
257 125104 125104 0
258 15754 15791 0
259 125121 125142 0
260 7926 7955 0
261 125106 125119 0
262 125132 125148 0
263 7917 7997 0
264 7920 7985 0
265 7919 7954 0
266 7930 7962 0
267 7942 7963 0
268 125117 125187 0
269 125107 125129 0
270 250115 250127 0
271 31379 31385 0
272 7985 8005 0
273 7967 8009 0
274 250112 250157 0
275 7914 7976 0
276 250124 250138 0
277 250144 250155 0
278 62679 62687 0
279 250132 250149 0
280 4042 4074 0
281 15759 15823 0
282 4068 4090 0
283 4018 4039 0
284 4054 4083 0
285 4029 4106 0
286 4057 4104 0
287 4045 4098 0
288 4009 4040 0
289 4033 4087 0
290 4035 4106 0
291 4060 4098 0
292 15743 15762 0
293 250106 250160 0
294 250156 250166 0
295 4013 4090 0
296 4022 4044 0
297 4021 4057 0
298 62605 62645 0
299 250144 250165 0
300 250130 250147 0
301 4064 4093 0
302 4031 4079 0
303 62611 62671 0
304 4042 4074 0
305 250139 250159 0
306 4067 4099 0
307 4017 4055 0
308 4035 4059 0
309 62612 62666 0
310 62653 62699 0
311 250158 250198 0
312 62639 62664 0
313 250142 250189 0
314 31405 31424 0
315 62616 62628 0
316 4027 4059 0
317 62627 62692 0
318 250199 250194 0
319 2059 2148 0
320 250104 250175 0
321 62684 62696 0
322 62603 62628 0
323 250113 250117 0
324 2055 2119 0
325 250121 250164 0
326 250165 250173 0
327 2112 2141 0
328 62676 62695 0
329 2062 2138 0
330 250120 250165 0
331 250137 250160 0
332 2075 2114 0
333 2115 2151 0
334 250125 250133 0
335 250176 250199 0
336 2058 2133 0
337 250102 250169 0
338 250155 250183 0
339 2064 2129 0
340 2087 2123 0
341 250176 250169 0
342 62602 62646 0
343 31393 31432 0
344 500138 500131 0
345 31362 31408 0
346 2108 2138 0
347 500161 500192 0
348 2081 2118 0
349 500157 500163 0
350 500142 500184 0
351 62675 62678 0
352 500151 500192 0
353 62666 62690 0
354 2092 2138 0
355 500105 500182 0
356 31352 31401 0
357 500148 500196 0
358 500160 500195 0
359 500177 500178 0
360 500102 500155 0
361 31372 31430 0
362 500185 500174 0
363 4 78 0
364 500150 500181 0
365 500140 500134 0
366 500155 500152 0
367 3 95 0
368 29 62 0
369 500162 500180 0
370 33 82 0
371 500145 500165 0
372 31419 31441 0
373 45 99 0
374 14 92 0
375 500127 500189 0
376 500114 500153 0
377 22 61 0
378 500121 500126 0
379 31407 31440 0
380 12 54 0
381 500168 500194 0
382 500135 500156 0
383 31375 31392 0
384 500176 500174 0
385 16 52 0
386 500152 500199 0
387 31366 31412 0
388 31380 31436 0
389 7 36 0
390 1 63 0
391 500140 500194 0
392 500168 500178 0
393 500130 500156 0
394 500107 500171 0
395 31384 31401 0
396 31372 31416 0
397 22 49 0
398 31366 31411 0
399 31365 31421 0
--------------
1000000 :c
1003564 :sum(p)
999999 :sum(w)
