400 :n
id p,w,x
--------------
0 95 66 1
1 72 30 1
2 4093 4022 1
3 4097 4021 1
4 4106 4029 1
5 100 76 1
6 2137 2059 1
7 2144 2109 1
8 2143 2105 1
9 2144 2114 1
10 45 4 1
11 2103 2073 1
12 2126 2063 1
13 2138 2074 1
14 80 11 1
15 2124 2070 1
16 72 41 1
17 46 30 1
18 91 7 1
19 89 58 1
20 52 27 1
21 32 1 1
22 72 8 1
23 44 20 1
24 71 54 1
25 31443 31358 1
26 8003 7923 1
27 7998 7965 1
28 2140 2119 1
29 15817 15745 1
30 2108 2079 1
31 4042 4012 1
32 4091 4070 1
33 2112 2090 1
34 4079 4038 1
35 7990 7930 1
36 15798 15735 1
37 15788 15730 1
38 8008 7940 1
39 7988 7959 1
40 15810 15736 1
41 7957 7918 1
42 4099 4056 1
43 2135 2108 1
44 7990 7925 1
45 4101 4052 1
46 7999 7967 1
47 4045 4014 1
48 7960 7924 1
49 2141 2117 1
50 8003 7915 1
51 4082 4061 1
52 4041 4022 1
53 8010 7925 1
54 15782 15728 1
55 4040 4012 1
56 4055 4019 1
57 60 56 1
58 2094 2083 1
59 4041 4027 1
60 4082 4070 1
61 4092 4080 1
62 2153 2147 0
63 4034 4024 1
64 8002 7983 1
65 15771 15735 1
66 15797 15761 1
67 31436 31370 1
68 31448 31385 1
69 31449 31390 1
70 15822 15793 1
71 31417 31365 1
72 7983 7971 0
73 31438 31392 1
74 15779 15757 1
75 7923 7913 0
76 4082 4077 0
77 62685 62617 1
78 15771 15755 1
79 15804 15788 1
80 2135 2119 1
81 2085 2083 0
82 62673 62613 1
83 62662 62604 1
84 62669 62613 1
85 31449 31421 1
86 61 34 1
87 31412 31368 1
88 31404 31361 1
89 31396 31369 1
90 62664 62612 1
91 7943 7937 0
92 62699 62695 0
93 31449 31428 0
94 15747 15801 0
95 15767 15754 0
96 31412 31389 0
97 62659 62614 0
98 62670 62626 0
99 125187 125105 0
100 2128 2141 0
101 31402 31382 0
102 7983 7978 0
103 31372 31353 0
104 31400 31381 0
105 125187 125112 0
106 62695 62660 0
107 15789 15781 0
108 7970 7966 0
109 4048 4046 0
110 4093 4091 1
111 62650 62620 0
112 62668 62639 0
113 62629 62603 0
114 31375 31365 0
115 31402 31394 0
116 4041 4040 0
117 31375 31370 0
118 31423 31418 0
119 31437 31435 0
120 31442 31440 0
121 15780 15779 0
122 2084 2084 0
123 7921 7921 0
124 90 90 0
125 4043 4043 0
126 7920 7922 0
127 2073 2074 0
128 4079 4083 0
129 7925 7933 0
130 4087 4093 0
131 4048 4055 0
132 2112 2118 0
133 2070 2076 0
134 2098 2109 0
135 2075 2088 0
136 49 53 0
137 60 65 0
138 39 44 0
139 83 94 0
140 47 54 0
141 80 92 0
142 77 89 0
143 9 11 0
144 8 16 0
145 2 10 0
146 125103 125114 0
147 62694 62698 0
148 62688 62671 0
149 125128 125121 0
150 125147 125123 0
151 500118 500136 0
152 125159 125128 0
153 500179 500163 0
154 125190 125180 0
155 62627 62625 0
156 125195 125192 0
157 62626 62624 0
158 62618 62617 0
159 125197 125182 0
160 125120 125100 0
161 125129 125135 0
162 125183 125168 0
163 250197 250111 0
164 250163 250178 0
165 250133 250118 0
166 250156 250179 0
167 500182 500147 0
168 500160 500178 0
169 250173 250134 0
170 250183 250156 0
171 250134 250131 0
172 500147 500155 0
173 250156 250161 0
174 500193 500188 0
175 500200 500131 0
176 250183 250108 0
177 250189 250125 0
178 250151 250107 0
179 250187 250175 0
180 62639 62645 0
181 125148 125122 0
182 500171 500161 0
183 500183 500105 0
184 500195 500153 0
185 250195 250126 0
186 500184 500180 0
187 250123 250120 0
188 500198 500145 0
189 125188 125145 0
190 250192 250109 0
191 250172 250133 0
192 250173 250178 0
193 250149 250139 0
194 250182 250193 0
195 250148 250156 0
196 250158 250113 0
197 500143 500146 0
198 62624 62621 0
199 250175 250158 0
200 500169 500181 0
201 125172 125138 0
202 250145 250154 0
203 500180 500166 0
204 250192 250126 0
205 250155 250134 0
206 250143 250120 0
207 500174 500186 0
208 500171 500111 0
209 500173 500127 0
210 125195 125191 0
211 500182 500169 0
212 500128 500170 0
213 500113 500102 0
214 500164 500192 0
215 500183 500141 0
216 500196 500108 0
217 500194 500149 0
218 500179 500142 0
219 500166 500196 0
220 500134 500154 0
221 125160 125160 0
222 500194 500187 0
223 500136 500161 0
224 125165 125119 0
225 125172 125113 0
226 250198 250106 0
227 62661 62638 0
228 125165 125148 0
229 125125 125133 0
230 500132 500172 0
231 125186 125143 0
232 125162 125171 0
233 500166 500154 0
234 125182 125150 0
235 125195 125198 0
236 62652 62639 0
237 62652 62633 0
238 500158 500143 0
239 62615 62605 0
240 125159 125142 0
241 62610 62602 0
242 125154 125123 0
243 125133 125137 0
244 15756 15768 0
245 15751 15815 0
246 15752 15769 0
247 7921 7974 0
248 15788 15806 0
249 15743 15762 0
250 15726 15813 0
251 7920 8011 0
252 500123 500171 0
253 31355 31381 0
254 31422 31439 0
255 31357 31447 0
256 31368 31405 0
257 31359 31414 0
258 7922 7967 0
259 7932 7967 0
260 7923 7951 0
261 7954 7984 0
262 7955 7989 0
263 7958 7996 0
264 31381 31396 0
265 31379 31445 0
266 7929 7943 0
267 7947 7974 0
268 7948 7972 0
269 31373 31380 0
270 7941 7986 0
271 31404 31449 0
272 31394 31447 0
273 7925 7952 0
274 7936 7982 0
275 7943 7996 0
276 7994 8004 0
277 7986 8008 0
278 7974 7985 0
279 4039 4064 0
280 31400 31424 0
281 4049 4075 0
282 31383 31448 0
283 4052 4090 0
284 7926 7971 0
285 4084 4098 0
286 31434 31438 0
287 4007 4051 0
288 31388 31402 0
289 4008 4063 0
290 31439 31446 0
291 31358 31415 0
292 31353 31375 0
293 31367 31424 0
294 31381 31397 0
295 62633 62672 0
296 15740 15750 0
297 62646 62662 0
298 62667 62693 0
299 4021 4069 0
300 62616 62686 0
301 4021 4086 0
302 4026 4087 0
303 62605 62665 0
304 4042 4072 0
305 7979 7996 0
306 62654 62662 0
307 62673 62683 0
308 62635 62668 0
309 4019 4077 0
310 62627 62639 0
311 62615 62684 0
312 4055 4085 0
313 62645 62658 0
314 62636 62644 0
315 62610 62645 0
316 4020 4087 0
317 4056 4088 0
318 4013 4057 0
319 2064 2086 0
320 62644 62670 0
321 62619 62677 0
322 62633 62642 0
323 125105 125194 0
324 125103 125157 0
325 125104 125124 0
326 2101 2147 0
327 2072 2152 0
328 125111 125142 0
329 2101 2139 0
330 15731 15771 0
331 2070 2093 0
332 15748 15772 0
333 125129 125166 0
334 15746 15791 0
335 125101 125170 0
336 125123 125159 0
337 125129 125192 0
338 2069 2129 0
339 2060 2122 0
340 15767 15774 0
341 125134 125148 0
342 15746 15767 0
343 125142 125185 0
344 2101 2150 0
345 2057 2109 0
346 125143 125184 0
347 2092 2115 0
348 2092 2145 0
349 15727 15758 0
350 2112 2142 0
351 2078 2108 0
352 2067 2149 0
353 125162 125177 0
354 2063 2133 0
355 250112 250160 0
356 250107 250174 0
357 250124 250200 0
358 2107 2153 0
359 33 86 0
360 250110 250155 0
361 19 72 0
362 250137 250185 0
363 250117 250159 0
364 15748 15803 0
365 35 94 0
366 15758 15811 0
367 15734 15807 0
368 26 55 0
369 15767 15824 0
370 250144 250180 0
371 250109 250138 0
372 49 98 0
373 30 64 0
374 12 75 0
375 250124 250187 0
376 15730 15763 0
377 250139 250186 0
378 250158 250199 0
379 250112 250181 0
380 17 48 0
381 15740 15796 0
382 250150 250185 0
383 15760 15763 0
384 500107 500157 0
385 500116 500167 0
386 23 78 0
387 40 99 0
388 29 92 0
389 500112 500188 0
390 500124 500177 0
391 12 64 0
392 500138 500188 0
393 15776 15792 0
394 15781 15804 0
395 500116 500185 0
396 47 91 0
397 15751 15770 0
398 15775 15802 0
399 15762 15816 0
--------------
1000000 :c
1003611 :sum(p)
1000000 :sum(w)
