400 :n
id p,w,x
--------------
0 89 36 1
1 2122 2065 1
2 15819 15739 1
3 2123 2057 1
4 15810 15732 1
5 8007 7963 1
6 7995 7929 1
7 7979 7935 1
8 7978 7942 1
9 7983 7916 1
10 7975 7941 1
11 7963 7923 1
12 7985 7925 1
13 80 34 1
14 7988 7926 1
15 70 15 1
16 4087 4049 1
17 4066 4028 1
18 4093 4045 1
19 4098 4030 1
20 2099 2060 1
21 4060 4028 1
22 94 60 1
23 2125 2088 1
24 4103 4028 1
25 4096 4031 1
26 4104 4061 1
27 4060 4024 1
28 2136 2069 1
29 2122 2054 1
30 2130 2064 1
31 2145 2072 1
32 2151 2089 1
33 2142 2087 1
34 2148 2071 1
35 2144 2079 1
36 2147 2078 1
37 82 54 1
38 15794 15741 1
39 83 21 1
40 98 14 1
41 2103 2071 1
42 2141 2111 1
43 2138 2087 1
44 2136 2070 1
45 74 34 1
46 2108 2054 1
47 86 37 1
48 29 15 1
49 71 58 1
50 99 84 1
51 89 84 1
52 56 53 1
53 94 92 1
54 2081 2059 1
55 2096 2075 1
56 2105 2085 1
57 4035 4013 1
58 4057 4035 1
59 2070 2060 1
60 8003 7975 1
61 4024 4010 1
62 2071 2065 1
63 15784 15739 1
64 4048 4037 1
65 31445 31363 1
66 15803 15762 1
67 31436 31356 1
68 15799 15762 1
69 31450 31379 1
70 15772 15737 1
71 7947 7930 1
72 7975 7958 1
73 31426 31360 1
74 7931 7915 1
75 31416 31355 1
76 15792 15762 1
77 8012 7997 1
78 31418 31360 1
79 15800 15772 1
80 4093 4086 1
81 15792 15766 1
82 7936 7923 1
83 7950 7937 1
84 15816 15791 1
85 62699 62601 1
86 15802 15778 1
87 62697 62602 1
88 15798 15776 1
89 62697 62612 1
90 15764 15743 1
91 7923 7913 1
92 4098 4093 1
93 55 52 1
94 62683 62603 1
95 15761 15733 1
96 31436 31399 0
97 62676 62606 0
98 31401 31368 0
99 62699 62645 0
100 31444 31447 0
101 15730 15804 0
102 31416 31383 0
103 31412 31380 1
104 15778 15762 1
105 15786 15770 1
106 7984 7976 1
107 2131 2138 0
108 62699 62639 0
109 62672 62617 0
110 62665 62612 0
111 4074 4071 1
112 31436 31413 0
113 62691 62646 0
114 15784 15773 0
115 125192 125108 0
116 31408 31388 0
117 31400 31381 0
118 125193 125121 0
119 125190 125121 0
120 31441 31425 0
121 4086 4084 1
122 15777 15770 0
123 62650 62625 0
124 31428 31417 0
125 62632 62612 0
126 31414 31406 0
127 62644 62629 0
128 62646 62632 0
129 15759 15757 0
130 15741 15742 0
131 15792 15794 0
132 7941 7945 0
133 4101 4104 0
134 7974 7981 0
135 7958 7967 0
136 2069 2072 1
137 4089 4096 0
138 4028 4039 0
139 2117 2125 0
140 4064 4083 0
141 4013 4032 0
142 2070 2080 0
143 2063 2076 0
144 2079 2093 0
145 2071 2086 0
146 2121 2140 0
147 35 40 0
148 68 81 0
149 62 78 0
150 75 95 0
151 73 94 0
152 31 40 0
153 68 88 0
154 48 71 0
155 17 26 0
156 500191 500164 0
157 500165 500162 0
158 500150 500108 0
159 62601 62606 0
160 62689 62693 0
161 500103 500102 0
162 500114 500161 0
163 62626 62631 0
164 500127 500131 0
165 500172 500178 0
166 500185 500183 0
167 500187 500199 0
168 500166 500125 0
169 500174 500145 0
170 500196 500156 0
171 500187 500140 0
172 125196 125180 0
173 125195 125186 0
174 500116 500151 0
175 500150 500175 0
176 125154 125164 0
177 500145 500196 0
178 500154 500185 0
179 500193 500120 0
180 500148 500143 0
181 500165 500110 0
182 500145 500200 0
183 500168 500115 0
184 125189 125197 0
185 125183 125180 0
186 500150 500140 0
187 125196 125193 0
188 250125 250104 0
189 250177 250149 0
190 250161 250145 0
191 125170 125177 0
192 500166 500186 0
193 250122 250118 0
194 125108 125117 0
195 250200 250172 0
196 125184 125170 0
197 62682 62674 0
198 250136 250154 0
199 125140 125129 0
200 250158 250146 0
201 250168 250193 0
202 250170 250148 0
203 250123 250107 0
204 250145 250139 0
205 250159 250148 0
206 250176 250174 0
207 500184 500112 0
208 500164 500189 0
209 250147 250167 0
210 250168 250186 0
211 250164 250158 0
212 250187 250159 0
213 250164 250182 0
214 500123 500116 0
215 62672 62669 0
216 500160 500130 0
217 500189 500126 0
218 500128 500146 0
219 125167 125124 0
220 125186 125142 0
221 125144 125119 0
222 125126 125101 0
223 250174 250126 0
224 125150 125101 0
225 250153 250101 0
226 125180 125115 0
227 250161 250123 0
228 250159 250111 0
229 250197 250151 0
230 125140 125116 0
231 250181 250110 0
232 125183 125148 0
233 125189 125168 0
234 125146 125115 0
235 500196 500116 0
236 125154 125107 0
237 125171 125110 0
238 250191 250147 0
239 250163 250126 0
240 500101 500138 0
241 500158 500186 0
242 500199 500159 0
243 62672 62666 0
244 7963 7985 0
245 31412 31435 0
246 31356 31439 0
247 31430 31434 0
248 31394 31443 0
249 31368 31431 0
250 31365 31399 0
251 31411 31421 0
252 7983 8009 0
253 31356 31446 0
254 7951 7993 0
255 31383 31421 0
256 31418 31436 0
257 31413 31437 0
258 31393 31430 0
259 31377 31400 0
260 31427 31435 0
261 7918 7966 0
262 7943 7995 0
263 7924 7994 0
264 7924 7940 0
265 7946 7968 0
266 7948 7985 0
267 7932 8010 0
268 31359 31380 0
269 7920 7956 0
270 7922 7999 0
271 7967 7983 0
272 7928 7975 0
273 7950 7987 0
274 31371 31429 0
275 31399 31408 0
276 7944 8003 0
277 7938 7968 0
278 7945 8002 0
279 4047 4074 0
280 4061 4099 0
281 7946 7963 0
282 31376 31436 0
283 4014 4066 0
284 62649 62695 0
285 4045 4092 0
286 4027 4063 0
287 62624 62690 0
288 4013 4047 0
289 62627 62641 0
290 62623 62680 0
291 62607 62651 0
292 31431 31442 0
293 4068 4091 0
294 62662 62674 0
295 4042 4101 0
296 62625 62645 0
297 4065 4096 0
298 4033 4064 0
299 4050 4088 0
300 62618 62641 0
301 4033 4087 0
302 62654 62692 0
303 4031 4065 0
304 31358 31423 0
305 4010 4052 0
306 15727 15753 0
307 4011 4072 0
308 62616 62669 0
309 31427 31436 0
310 62667 62688 0
311 62628 62636 0
312 62601 62686 0
313 4013 4034 0
314 62633 62692 0
315 4032 4073 0
316 62645 62658 0
317 62607 62650 0
318 4019 4101 0
319 62628 62651 0
320 31404 31412 0
321 62623 62653 0
322 31354 31360 0
323 62653 62674 0
324 62611 62651 0
325 125114 125166 0
326 125113 125186 0
327 125132 125153 0
328 125163 125197 0
329 125101 125138 0
330 125167 125182 0
331 2073 2142 0
332 2103 2152 0
333 15763 15801 0
334 125111 125130 0
335 15774 15818 0
336 125110 125155 0
337 2060 2086 0
338 125100 125189 0
339 125103 125119 0
340 15773 15816 0
341 125142 125183 0
342 125112 125128 0
343 500139 500195 0
344 125122 125144 0
345 2071 2099 0
346 125138 125188 0
347 2082 2123 0
348 2068 2132 0
349 125105 125171 0
350 2073 2143 0
351 2066 2109 0
352 250114 250198 0
353 250159 250195 0
354 250107 250143 0
355 2106 2139 0
356 15726 15768 0
357 250117 250175 0
358 15793 15804 0
359 15773 15822 0
360 15733 15747 0
361 250125 250169 0
362 5 99 0
363 15769 15824 0
364 15788 15823 0
365 15755 15807 0
366 250109 250200 0
367 19 77 0
368 14 88 0
369 58 91 0
370 250141 250191 0
371 28 60 0
372 1 67 0
373 27 90 0
374 7 76 0
375 250121 250180 0
376 250116 250153 0
377 15726 15770 0
378 12 53 0
379 250150 250195 0
380 250121 250160 0
381 250102 250160 0
382 250164 250194 0
383 15734 15780 0
384 250109 250197 0
385 500126 500197 0
386 500123 500182 0
387 500109 500171 0
388 15738 15793 0
389 37 70 0
390 15730 15789 0
391 500110 500186 0
392 66 100 0
393 38 73 0
394 9 53 0
395 500120 500192 0
396 2 30 0
397 21 72 0
398 15745 15825 0
399 15734 15761 0
--------------
1000000 :c
1004146 :sum(p)
999998 :sum(w)
