400 :n
id p,w,x
--------------
0 100 4 1
1 96 16 1
2 99 17 1
3 79 23 1
4 40 14 1
5 44 20 1
6 82 41 1
7 20 10 1
8 67 34 1
9 68 35 1
10 83 44 1
11 93 51 1
12 75 52 1
13 14 10 1
14 68 54 1
15 35 29 1
16 95 84 1
17 42 38 1
18 52 49 1
19 2138 2063 1
20 2149 2075 1
21 2152 2081 1
22 2111 2056 1
23 2130 2082 1
24 2139 2092 1
25 2135 2090 1
26 4098 4022 1
27 4080 4013 1
28 2093 2059 1
29 2130 2098 1
30 4100 4044 1
31 2105 2078 1
32 4071 4019 1
33 2121 2094 1
34 4050 4007 1
35 4062 4020 1
36 2114 2093 1
37 4063 4024 1
38 2082 2063 1
39 2143 2126 1
40 4059 4027 1
41 4062 4031 1
42 4042 4016 1
43 7965 7914 1
44 4036 4012 1
45 2099 2087 1
46 2135 2123 1
47 2079 2068 1
48 7995 7955 1
49 8005 7965 1
50 4103 4083 1
51 4046 4027 1
52 7984 7947 1
53 7971 7937 1
54 4040 4024 1
55 15819 15757 1
56 7954 7923 1
57 7959 7930 1
58 7974 7945 1
59 8003 7975 1
60 15783 15733 1
61 15802 15752 1
62 7961 7937 1
63 15810 15763 1
64 15793 15747 1
65 7951 7928 1
66 31447 31359 1
67 4041 4030 1
68 31434 31359 1
69 31429 31359 1
70 15765 15730 1
71 7967 7950 1
72 15794 15764 1
73 31421 31369 1
74 2118 2098 1
75 31417 31359 1
76 31435 31379 1
77 62700 62626 1
78 62679 62603 1
79 15765 15737 1
80 15768 15741 1
81 4091 4084 1
82 15815 15788 1
83 15759 15733 1
84 15807 15781 1
85 2103 2100 1
86 2117 2114 1
87 2124 2121 1
88 7949 7938 1
89 31449 31411 1
90 15824 15806 1
91 31436 31401 1
92 31417 31383 1
93 31447 31414 1
94 7962 7954 1
95 4081 4077 0
96 2122 2118 1
97 31397 31364 1
98 62689 62632 0
99 62661 62606 0
100 62665 62610 0
101 62690 62656 0
102 31449 31449 0
103 125169 125125 0
104 62680 62627 0
105 31412 31386 1
106 15747 15734 1
107 62688 62637 0
108 31394 31370 1
109 7999 7993 1
110 31402 31384 0
111 31436 31418 0
112 15762 15753 0
113 7965 7961 1
114 7971 7967 1
115 125183 125110 0
116 125195 125119 0
117 62641 62607 0
118 125185 125119 0
119 62642 62603 0
120 125186 125102 0
121 62640 62612 0
122 125161 125109 0
123 62629 62604 0
124 125185 125137 0
125 62681 62658 0
126 22 43 0
127 4066 4098 0
128 62630 62609 0
129 125187 125147 0
130 15795 15790 0
131 125178 125140 0
132 62650 62632 0
133 31443 31434 0
134 62682 62665 0
135 125142 125109 0
136 125162 125129 0
137 125185 125152 0
138 62684 62668 0
139 125138 125110 0
140 125152 125124 0
141 31389 31388 0
142 7991 7991 0
143 31419 31422 0
144 31418 31424 0
145 31416 31424 0
146 15734 15741 0
147 15778 15787 0
148 15745 15757 0
149 15793 15806 0
150 15804 15819 0
151 15767 15782 0
152 7990 7998 0
153 7987 7997 0
154 7942 7952 0
155 15741 15761 0
156 7942 7953 0
157 7995 8011 0
158 7977 7994 0
159 7972 7989 0
160 7947 7970 0
161 2067 2073 0
162 4027 4040 0
163 4016 4029 0
164 4052 4066 0
165 4025 4039 0
166 7926 7955 0
167 4035 4050 0
168 4016 4035 0
169 2083 2097 0
170 2057 2074 0
171 2110 2128 0
172 2128 2150 0
173 74 75 1
174 44 49 0
175 89 100 0
176 48 57 0
177 57 70 0
178 68 90 0
179 43 59 0
180 30 42 0
181 50 72 0
182 6 10 1
183 14 36 0
184 2 19 0
185 250189 250130 0
186 250124 250114 0
187 250177 250143 0
188 250158 250125 0
189 250149 250137 0
190 62648 62640 0
191 62623 62609 0
192 250200 250183 0
193 250151 250121 0
194 250136 250113 0
195 250181 250167 0
196 250161 250143 0
197 500141 500108 0
198 500197 500162 0
199 500185 500153 0
200 500199 500152 0
201 500169 500103 0
202 500131 500105 0
203 125134 125129 0
204 500165 500140 0
205 125152 125140 0
206 500153 500104 0
207 125138 125111 0
208 125174 125160 0
209 125140 125119 0
210 125118 125159 0
211 15729 15791 0
212 250141 250185 0
213 15747 15801 0
214 31360 31402 0
215 250105 250182 0
216 15773 15818 0
217 15729 15808 0
218 250104 250193 0
219 250124 250198 0
220 31363 31389 0
221 250116 250127 0
222 250108 250148 0
223 15733 15802 0
224 31376 31407 0
225 15731 15798 0
226 125156 125185 0
227 15734 15817 0
228 31356 31374 0
229 15782 15821 0
230 250114 250145 0
231 15752 15787 0
232 250145 250163 0
233 31354 31443 0
234 62615 62689 0
235 62643 62669 0
236 15728 15775 0
237 15781 15824 0
238 62667 62686 0
239 15737 15795 0
240 62682 62688 0
241 62658 62661 0
242 250122 250131 0
243 15739 15797 0
244 62675 62682 0
245 62660 62686 0
246 250144 250190 0
247 15768 15803 0
248 62605 62695 0
249 62630 62680 0
250 7959 7990 0
251 31390 31446 0
252 250116 250136 0
253 31375 31419 0
254 250133 250173 0
255 7950 7987 0
256 62674 62685 0
257 7942 7984 0
258 62614 62672 0
259 62615 62664 0
260 250124 250136 0
261 125137 125145 0
262 7940 7972 0
263 250149 250159 0
264 62618 62665 0
265 250187 250188 0
266 62689 62692 0
267 250111 250159 0
268 7945 7978 0
269 250177 250198 0
270 31404 31428 0
271 31404 31432 0
272 31384 31438 0
273 7943 7979 0
274 125115 125180 0
275 250145 250154 0
276 62657 62674 0
277 7955 7985 0
278 31389 31446 0
279 250141 250190 0
280 62612 62675 0
281 250112 250112 0
282 250160 250167 0
283 250130 250187 0
284 31363 31421 0
285 250140 250192 0
286 62608 62649 0
287 31355 31382 0
288 250121 250196 0
289 62652 62655 0
290 500120 500140 0
291 62641 62670 0
292 31389 31398 0
293 500161 500200 0
294 125103 125169 0
295 500151 500195 0
296 125122 125168 0
297 500103 500129 0
298 500197 500191 0
299 500160 500196 0
300 500133 500135 0
301 500124 500140 0
302 500169 500191 0
303 500110 500173 0
304 500154 500152 0
305 500147 500144 0
306 125136 125181 0
307 500158 500158 0
308 500106 500152 0
309 125181 125195 0
310 31355 31386 0
311 31369 31448 0
312 500104 500156 0
313 500187 500194 0
314 125158 125159 0
315 500163 500166 0
316 31391 31408 0
317 500158 500162 0
318 500161 500187 0
319 500193 500192 0
320 125135 125156 0
321 125171 125184 0
322 125110 125148 0
323 500121 500159 0
324 125117 125197 0
325 500132 500141 0
326 125140 125190 0
327 500119 500115 0
328 500172 500181 0
329 125156 125198 0
330 125115 125189 0
331 500131 500183 0
332 500146 500190 0
333 125186 125191 0
334 125115 125167 0
335 15728 15758 0
336 31375 31422 0
337 125167 125183 0
338 31355 31450 0
339 125191 125173 0
340 250149 250106 0
341 62672 62669 0
342 250183 250131 0
343 250186 250135 0
344 250176 250102 0
345 500146 500127 0
346 500132 500113 0
347 500132 500119 0
348 500170 500161 0
349 500121 500115 0
350 62620 62619 0
351 125163 125158 0
352 500149 500131 0
353 250174 250107 0
354 250192 250105 0
355 4010 4100 0
356 4011 4073 0
357 2062 2131 0
358 4015 4049 0
359 4015 4078 0
360 4033 4082 0
361 4041 4092 0
362 4017 4053 0
363 4019 4043 0
364 32 99 0
365 33 78 0
366 4013 4058 0
367 4025 4106 0
368 4025 4055 0
369 2104 2137 0
370 4057 4085 0
371 4031 4061 0
372 4048 4092 0
373 2060 2126 0
374 28 56 0
375 7917 8010 0
376 7969 8012 0
377 2056 2086 0
378 4022 4061 0
379 2 97 0
380 9 58 0
381 59 89 0
382 2098 2139 0
383 7923 7985 0
384 7923 8008 0
385 4051 4097 0
386 2091 2125 0
387 54 97 0
388 7917 7991 0
389 2080 2153 0
390 2086 2133 0
391 2067 2132 0
392 7945 8002 0
393 2113 2149 0
394 15734 15820 0
395 2070 2103 0
396 49 82 0
397 15738 15822 0
398 2119 2144 0
399 2085 2147 0
--------------
1000000 :c
1003515 :sum(p)
999999 :sum(w)
