400 :n
id p,w,x
--------------
0 79 44 1
1 58 14 1
2 2141 2086 1
3 2146 2074 1
4 2135 2057 1
5 2112 2066 1
6 2142 2057 1
7 2144 2083 1
8 97 31 1
9 84 66 1
10 42 21 1
11 67 35 1
12 75 14 1
13 95 22 1
14 84 44 1
15 68 22 1
16 100 67 1
17 90 55 1
18 86 41 1
19 78 45 1
20 7941 7913 1
21 7998 7939 1
22 4035 4012 1
23 8006 7923 1
24 4098 4052 1
25 2113 2086 1
26 2126 2098 1
27 2100 2082 1
28 2104 2077 1
29 2127 2088 1
30 2136 2101 1
31 2106 2072 1
32 2103 2067 1
33 4093 4012 1
34 4061 4021 1
35 4092 4026 1
36 4071 4037 1
37 7986 7925 1
38 4106 4050 1
39 4061 4022 1
40 4056 4022 1
41 7946 7922 1
42 31417 31361 1
43 15791 15757 1
44 31450 31384 1
45 15790 15727 1
46 7985 7949 1
47 7998 7959 1
48 15787 15741 1
49 7959 7935 1
50 15795 15762 1
51 15822 15731 1
52 7951 7928 1
53 15800 15750 1
54 15808 15732 1
55 31423 31359 1
56 8009 7959 1
57 4087 4066 1
58 7985 7938 1
59 15823 15741 1
60 4102 4076 1
61 15783 15733 1
62 15793 15758 1
63 4046 4022 1
64 4047 4022 1
65 47 39 1
66 87 78 1
67 31 29 1
68 2111 2095 1
69 4055 4037 1
70 4098 4080 1
71 4099 4082 1
72 4072 4056 1
73 2132 2124 1
74 4025 4010 1
75 2133 2127 1
76 7992 7970 1
77 2136 2131 1
78 31420 31365 1
79 7947 7934 1
80 7950 7938 1
81 7942 7931 1
82 15814 15793 1
83 62699 62618 1
84 7952 7942 1
85 7974 7964 0
86 62696 62618 1
87 31393 31354 1
88 31406 31367 1
89 4066 4061 1
90 88 87 1
91 15781 15763 1
92 7943 7934 1
93 15824 15808 0
94 31414 31383 1
95 31402 31372 1
96 31429 31399 1
97 83 60 1
98 62695 62617 1
99 15763 15745 1
100 31420 31391 1
101 31382 31354 0
102 31389 31361 1
103 31447 31438 0
104 15808 15818 0
105 15746 15804 0
106 62679 62624 0
107 7980 7973 1
108 62667 62614 0
109 31379 31355 0
110 62684 62637 0
111 31391 31368 0
112 4101 4104 0
113 31440 31418 0
114 62648 62608 0
115 62659 62619 0
116 15802 15792 0
117 62666 62630 0
118 125194 125124 0
119 125183 125119 0
120 7995 7991 0
121 31410 31395 0
122 31416 31402 0
123 15744 15737 0
124 62652 62627 0
125 62660 62635 0
126 125174 125126 0
127 31370 31358 0
128 125150 125105 0
129 31368 31357 0
130 31425 31414 0
131 125173 125130 0
132 125183 125140 0
133 62671 62650 0
134 62693 62672 0
135 7974 7972 0
136 15778 15778 0
137 7991 7994 0
138 2139 2140 1
139 2113 2114 1
140 7986 7991 0
141 4086 4090 0
142 2119 2126 0
143 90 91 0
144 26 33 0
145 39 50 0
146 62665 62654 0
147 500108 500103 0
148 125155 125118 0
149 500191 500198 0
150 62679 62675 0
151 500177 500118 0
152 500148 500103 0
153 125159 125175 0
154 125145 125134 0
155 500157 500167 0
156 125173 125147 0
157 500169 500183 0
158 125142 125117 0
159 125132 125142 0
160 62662 62655 0
161 500155 500132 0
162 31378 31379 0
163 500157 500147 0
164 125187 125172 0
165 500187 500149 0
166 500126 500194 0
167 125146 125105 0
168 500109 500111 0
169 125155 125124 0
170 500101 500120 0
171 125139 125156 0
172 31403 31395 0
173 31424 31418 0
174 500194 500128 0
175 125135 125148 0
176 125142 125135 0
177 125193 125188 0
178 250173 250132 0
179 250156 250171 0
180 250161 250195 0
181 250195 250152 0
182 250171 250118 0
183 31442 31441 0
184 250121 250120 0
185 31393 31385 0
186 250125 250104 0
187 250131 250104 0
188 250190 250140 0
189 250199 250133 0
190 500158 500124 0
191 250150 250167 0
192 500127 500173 0
193 31381 31382 0
194 250148 250163 0
195 31438 31442 0
196 250160 250141 0
197 500189 500187 0
198 250187 250180 0
199 250166 250176 0
200 250194 250194 0
201 250152 250108 0
202 250156 250150 0
203 250199 250117 0
204 250176 250174 0
205 250107 250139 0
206 250133 250149 0
207 500105 500149 0
208 250111 250126 0
209 500130 500192 0
210 250182 250120 0
211 250175 250126 0
212 500182 500144 0
213 250172 250185 0
214 250155 250129 0
215 250187 250128 0
216 250181 250145 0
217 250194 250143 0
218 250181 250173 0
219 250138 250102 0
220 250133 250114 0
221 250160 250161 0
222 500133 500144 0
223 500150 500112 0
224 500172 500108 0
225 500130 500187 0
226 500159 500128 0
227 500156 500178 0
228 500123 500142 0
229 500161 500171 0
230 500178 500116 0
231 500131 500117 0
232 62696 62692 0
233 500123 500134 0
234 500170 500114 0
235 500117 500118 0
236 500129 500144 0
237 500138 500161 0
238 500129 500188 0
239 500174 500105 0
240 62640 62620 0
241 500133 500148 0
242 62693 62700 0
243 500148 500175 0
244 125198 125158 0
245 125138 125126 0
246 500160 500137 0
247 125134 125127 0
248 125136 125122 0
249 125183 125145 0
250 62626 62617 0
251 62690 62685 0
252 125125 125117 0
253 15768 15782 0
254 15741 15749 0
255 15748 15799 0
256 15744 15790 0
257 15754 15775 0
258 7914 7946 0
259 7965 7977 0
260 15755 15789 0
261 7929 7973 0
262 15744 15760 0
263 7947 7966 0
264 7940 7977 0
265 7936 8010 0
266 7969 8009 0
267 15726 15734 0
268 15782 15819 0
269 7923 7979 0
270 15727 15780 0
271 15730 15797 0
272 15729 15739 0
273 7972 8006 0
274 7929 7977 0
275 15775 15786 0
276 15760 15818 0
277 15770 15792 0
278 15740 15773 0
279 15745 15750 0
280 15788 15811 0
281 15757 15821 0
282 4023 4052 0
283 4057 4078 0
284 500129 500200 0
285 31379 31384 0
286 31384 31438 0
287 31427 31442 0
288 4078 4097 0
289 15763 15789 0
290 4043 4078 0
291 4046 4104 0
292 31357 31432 0
293 4080 4106 0
294 4015 4034 0
295 4023 4065 0
296 31361 31385 0
297 31353 31408 0
298 4040 4095 0
299 4036 4100 0
300 31438 31444 0
301 4022 4101 0
302 31417 31443 0
303 31409 31426 0
304 31396 31444 0
305 4033 4088 0
306 4019 4099 0
307 31386 31401 0
308 31383 31447 0
309 62670 62680 0
310 62606 62682 0
311 62651 62663 0
312 4011 4070 0
313 4008 4064 0
314 4014 4063 0
315 62613 62650 0
316 4008 4056 0
317 4033 4081 0
318 4028 4068 0
319 2054 2139 0
320 62631 62660 0
321 15733 15824 0
322 2057 2122 0
323 62621 62688 0
324 62627 62677 0
325 2058 2139 0
326 2082 2115 0
327 2083 2099 0
328 2097 2148 0
329 62653 62694 0
330 2071 2148 0
331 62607 62677 0
332 2060 2089 0
333 2060 2125 0
334 7938 8001 0
335 2062 2126 0
336 2080 2100 0
337 62610 62672 0
338 2087 2142 0
339 62620 62642 0
340 62620 62662 0
341 62633 62655 0
342 62608 62697 0
343 62647 62694 0
344 62637 62700 0
345 62601 62675 0
346 62607 62700 0
347 2080 2128 0
348 62676 62685 0
349 2106 2141 0
350 7970 7999 0
351 2072 2089 0
352 2071 2115 0
353 2060 2144 0
354 125108 125177 0
355 125156 125189 0
356 125167 125187 0
357 2072 2098 0
358 2073 2116 0
359 125136 125181 0
360 125116 125172 0
361 31 46 0
362 125128 125159 0
363 58 85 0
364 125169 125192 0
365 5 76 0
366 125154 125175 0
367 125106 125176 0
368 125106 125145 0
369 24 54 0
370 74 99 0
371 125171 125193 0
372 7968 7976 0
373 48 95 0
374 7990 7999 0
375 125133 125151 0
376 24 65 0
377 125125 125159 0
378 48 82 0
379 12 28 0
380 15 56 0
381 10 96 0
382 125144 125192 0
383 125100 125166 0
384 250122 250180 0
385 7964 7971 0
386 17 89 0
387 24 39 0
388 250111 250171 0
389 250111 250193 0
390 53 80 0
391 250107 250190 0
392 250110 250164 0
393 41 59 0
394 250148 250188 0
395 31 49 0
396 21 49 0
397 45 70 0
398 7927 7961 0
399 7930 7979 0
--------------
1000000 :c
1003781 :sum(p)
999999 :sum(w)
