400 :n
id p,w,x
--------------
0 15818 15744 1
1 31423 31359 1
2 2143 2063 1
3 2136 2094 1
4 2130 2071 1
5 2126 2093 1
6 2100 2057 1
7 2152 2115 1
8 2080 2060 1
9 15807 15759 1
10 2108 2063 1
11 2110 2080 1
12 2140 2109 1
13 15821 15772 1
14 53 13 1
15 2114 2058 1
16 2129 2079 1
17 2078 2058 1
18 2085 2061 1
19 2104 2063 1
20 2133 2083 1
21 4099 4063 1
22 2116 2079 1
23 4035 4014 1
24 4087 4036 1
25 4106 4074 1
26 4091 4052 1
27 4042 4021 1
28 4079 4036 1
29 4084 4029 1
30 91 61 1
31 4101 4041 1
32 68 9 1
33 15774 15740 1
34 4073 4012 1
35 100 79 1
36 4102 4063 1
37 57 15 1
38 76 22 1
39 79 60 1
40 4086 4012 1
41 4067 4019 1
42 4050 4023 1
43 4072 4052 1
44 4068 4013 1
45 54 18 1
46 68 3 1
47 78 34 1
48 96 51 1
49 15810 15732 1
50 8006 7978 1
51 74 45 1
52 8012 7978 1
53 77 51 1
54 8011 7981 1
55 8000 7965 1
56 7971 7915 1
57 7976 7928 1
58 7960 7917 1
59 7998 7976 1
60 7993 7970 1
61 8009 7932 1
62 31425 31374 1
63 8010 7937 1
64 40 15 1
65 89 25 1
66 7977 7935 1
67 7963 7938 1
68 8006 7959 1
69 98 50 1
70 8009 7984 1
71 15816 15757 1
72 62 41 1
73 15778 15729 1
74 91 70 1
75 15782 15733 1
76 15824 15748 1
77 15776 15737 1
78 15817 15746 1
79 15781 15730 1
80 87 79 1
81 61 58 1
82 84 80 1
83 2111 2097 1
84 2071 2058 1
85 2082 2077 0
86 8011 7995 1
87 15761 15735 1
88 15783 15758 1
89 4081 4075 1
90 31427 31381 1
91 2100 2097 0
92 62699 62611 1
93 62691 62605 1
94 31440 31400 1
95 15784 15764 1
96 31408 31369 1
97 4047 4042 1
98 4079 4067 1
99 15792 15774 1
100 7965 7956 0
101 62684 62616 1
102 62682 62615 1
103 2146 2055 1
104 31405 31356 1
105 7950 7928 1
106 31403 31371 1
107 15751 15735 1
108 15749 15734 0
109 31440 31447 0
110 7996 7995 0
111 22 63 0
112 15755 15740 0
113 2125 2123 0
114 62689 62632 0
115 62687 62631 0
116 15805 15798 0
117 31412 31386 0
118 62691 62640 0
119 62656 62608 0
120 62697 62649 0
121 15760 15748 0
122 31435 31412 0
123 15741 15731 0
124 7918 7913 1
125 31379 31361 0
126 15740 15731 0
127 4034 4032 0
128 4062 4060 0
129 2062 2061 0
130 15753 15746 0
131 15774 15767 0
132 15778 15772 0
133 15740 15735 0
134 7957 7955 0
135 4080 4081 0
136 4102 4104 0
137 4081 4083 0
138 4073 4077 0
139 2104 2107 0
140 2146 2150 0
141 24 25 0
142 55 58 0
143 55 62 0
144 58 66 0
145 31419 31405 0
146 125193 125160 0
147 125177 125128 0
148 125146 125102 0
149 250193 250129 0
150 62671 62643 0
151 125162 125109 0
152 125196 125155 0
153 125186 125117 0
154 31434 31423 0
155 62642 62606 0
156 62655 62633 0
157 250194 250112 0
158 125193 125112 0
159 500109 500105 0
160 500139 500123 0
161 250197 250146 0
162 62664 62657 0
163 500154 500156 0
164 62611 62603 0
165 250175 250156 0
166 250148 250144 0
167 500167 500112 0
168 31372 31364 0
169 250173 250135 0
170 250125 250118 0
171 500146 500136 0
172 62617 62601 0
173 500157 500160 0
174 250119 250109 0
175 250123 250107 0
176 250190 250137 0
177 250186 250170 0
178 31405 31397 0
179 250187 250147 0
180 250165 250121 0
181 500139 500104 0
182 31363 31356 0
183 500142 500128 0
184 31417 31417 0
185 500158 500144 0
186 250131 250120 0
187 250144 250126 0
188 500172 500151 0
189 31352 31351 0
190 250175 250155 0
191 62619 62603 0
192 500179 500167 0
193 31439 31438 0
194 500159 500158 0
195 250159 250125 0
196 31396 31392 0
197 500123 500104 0
198 125154 125155 0
199 500172 500129 0
200 125122 125110 0
201 250171 250146 0
202 125193 125164 0
203 125134 125105 0
204 250169 250141 0
205 500183 500146 0
206 125136 125123 0
207 125149 125138 0
208 500193 500163 0
209 500182 500162 0
210 125163 125137 0
211 250172 250139 0
212 500179 500152 0
213 125162 125157 0
214 250187 250183 0
215 500167 500127 0
216 15792 15789 0
217 250178 250138 0
218 500127 500115 0
219 250187 250178 0
220 125164 125152 0
221 500148 500121 0
222 250191 250130 0
223 125189 125169 0
224 250174 250155 0
225 125156 125133 0
226 125190 125174 0
227 250131 250114 0
228 500125 500129 0
229 500193 500134 0
230 500168 500152 0
231 125193 125120 0
232 62641 62603 0
233 125189 125107 0
234 125135 125101 0
235 62668 62643 0
236 62658 62635 0
237 15760 15762 0
238 15733 15763 0
239 7969 7992 0
240 15747 15772 0
241 7990 8007 0
242 7925 7937 0
243 250116 250136 0
244 7973 7991 0
245 7946 7964 0
246 31400 31441 0
247 31389 31450 0
248 250147 250165 0
249 7923 7946 0
250 31365 31445 0
251 250115 250188 0
252 31369 31411 0
253 250143 250176 0
254 250155 250181 0
255 250138 250162 0
256 250108 250159 0
257 31366 31450 0
258 250122 250171 0
259 7960 7975 0
260 31405 31435 0
261 250109 250187 0
262 31397 31422 0
263 7980 7984 0
264 31376 31442 0
265 31399 31413 0
266 31359 31377 0
267 31408 31450 0
268 7926 7944 0
269 15735 15739 0
270 31405 31439 0
271 250116 250139 0
272 31367 31436 0
273 250147 250166 0
274 7985 7988 0
275 250106 250111 0
276 31374 31415 0
277 31380 31401 0
278 250119 250153 0
279 31416 31448 0
280 4077 4082 0
281 31392 31404 0
282 31388 31393 0
283 250128 250168 0
284 62606 62677 0
285 62628 62648 0
286 62644 62654 0
287 125103 125111 0
288 500127 500154 0
289 500109 500120 0
290 62619 62634 0
291 125139 125190 0
292 62614 62683 0
293 62663 62667 0
294 4060 4072 0
295 62674 62692 0
296 125114 125118 0
297 500120 500173 0
298 62676 62696 0
299 500109 500172 0
300 500164 500184 0
301 500112 500143 0
302 4038 4048 0
303 62653 62669 0
304 4035 4044 0
305 62627 62647 0
306 62622 62647 0
307 62615 62680 0
308 62675 62685 0
309 62612 62660 0
310 4054 4063 0
311 15775 15822 0
312 500137 500192 0
313 500102 500118 0
314 500129 500173 0
315 125110 125174 0
316 62643 62667 0
317 4025 4037 0
318 62604 62668 0
319 62637 62639 0
320 62634 62698 0
321 62630 62695 0
322 500116 500130 0
323 500150 500184 0
324 500104 500187 0
325 62631 62685 0
326 500180 500187 0
327 500181 500197 0
328 62643 62662 0
329 125108 125138 0
330 125129 125192 0
331 125132 125155 0
332 125160 125192 0
333 125126 125137 0
334 125108 125193 0
335 125151 125174 0
336 500107 500159 0
337 125120 125132 0
338 125102 125141 0
339 500116 500123 0
340 125117 125196 0
341 125119 125161 0
342 125135 125174 0
343 15774 15776 0
344 15748 15763 0
345 125189 125119 0
346 31401 31388 0
347 125181 125140 0
348 31393 31380 0
349 2116 2123 0
350 2067 2137 0
351 2096 2132 0
352 2054 2120 0
353 2073 2146 0
354 4067 4096 0
355 4012 4051 0
356 2067 2081 0
357 2095 2118 0
358 2061 2139 0
359 18 65 0
360 2069 2144 0
361 26 67 0
362 4029 4092 0
363 4026 4068 0
364 4017 4104 0
365 4013 4055 0
366 27 53 0
367 4018 4045 0
368 9 91 0
369 4058 4090 0
370 4015 4093 0
371 16 55 0
372 16 78 0
373 11 28 0
374 7914 7942 0
375 7932 7995 0
376 28 69 0
377 7913 7968 0
378 33 69 0
379 7916 8001 0
380 7951 7981 0
381 7934 7961 0
382 7946 8006 0
383 7913 8002 0
384 2072 2139 0
385 7930 7990 0
386 31 61 0
387 15735 15802 0
388 15739 15809 0
389 85 96 0
390 78 93 0
391 39 62 0
392 15736 15798 0
393 2085 2129 0
394 48 80 0
395 15730 15784 0
396 2064 2088 0
397 15767 15817 0
398 2113 2127 0
399 2087 2141 0
--------------
1000000 :c
1004286 :sum(p)
999998 :sum(w)
