400 :n
id p,w,x
--------------
0 24 5 1
1 75 10 1
2 89 9 1
3 72 10 1
4 84 61 1
5 8006 7915 1
6 8000 7936 1
7 81 10 1
8 7978 7917 1
9 4056 4022 1
10 93 18 1
11 4099 4024 1
12 4085 4026 1
13 4105 4057 1
14 57 8 1
15 4104 4038 1
16 4094 4041 1
17 4089 4049 1
18 4105 4072 1
19 4058 4023 1
20 64 15 1
21 4075 4039 1
22 4081 4021 1
23 4049 4017 1
24 2153 2109 1
25 2149 2114 1
26 95 54 1
27 2143 2098 1
28 2136 2078 1
29 2108 2075 1
30 83 34 1
31 2153 2066 1
32 2142 2113 1
33 2153 2124 1
34 2128 2069 1
35 2142 2098 1
36 2122 2060 1
37 2139 2072 1
38 38 20 1
39 55 26 1
40 80 2 1
41 31 10 1
42 15817 15729 1
43 7983 7938 1
44 8002 7963 1
45 62695 62601 1
46 62700 62601 1
47 7965 7926 1
48 31450 31375 1
49 8000 7958 1
50 31442 31359 1
51 31437 31358 1
52 7976 7935 1
53 31450 31373 1
54 15802 15753 1
55 31445 31375 1
56 31428 31359 1
57 31433 31364 1
58 15809 15743 1
59 8004 7949 1
60 15820 15772 1
61 55 42 1
62 21 17 1
63 41 36 1
64 97 93 1
65 2151 2136 1
66 2075 2061 1
67 4051 4028 1
68 2082 2072 1
69 2144 2134 1
70 4101 4082 1
71 7957 7921 1
72 4079 4065 1
73 2079 2072 1
74 4041 4028 1
75 4066 4053 1
76 7958 7934 1
77 15774 15731 1
78 15810 15769 1
79 4051 4042 1
80 15792 15760 1
81 4040 4032 1
82 7996 7982 1
83 31406 31355 1
84 15776 15751 1
85 7938 7926 1
86 4071 4065 1
87 31421 31375 1
88 4103 4097 1
89 2094 2091 1
90 31412 31368 1
91 31424 31380 1
92 31435 31391 1
93 15800 15778 1
94 92 67 1
95 31438 31394 1
96 31415 31374 1
97 15780 15760 1
98 31390 31356 0
99 15769 15753 1
100 15803 15787 1
101 31393 31363 0
102 7977 7969 1
103 2094 2092 1
104 62695 62635 0
105 15814 15802 0
106 4106 4104 0
107 15744 15779 0
108 15788 15773 0
109 7921 7921 0
110 31438 31409 0
111 15742 15729 0
112 15741 15729 0
113 31386 31363 0
114 62682 62638 0
115 62694 62653 0
116 62663 62627 0
117 31420 31402 0
118 31420 31403 0
119 15814 15806 0
120 31395 31381 0
121 8001 7998 1
122 15812 15807 0
123 7931 7929 0
124 7932 7930 0
125 31447 31441 0
126 31408 31404 0
127 15727 15726 0
128 7962 7962 0
129 15809 15810 0
130 15742 15743 0
131 15774 15781 0
132 2109 2110 1
133 4078 4080 0
134 4056 4058 0
135 4011 4013 0
136 4063 4067 0
137 4034 4038 0
138 7968 7976 0
139 7962 7970 0
140 7988 8001 0
141 7929 7942 0
142 4094 4103 0
143 4021 4031 0
144 4054 4068 0
145 4061 4077 0
146 2118 2128 0
147 2104 2116 0
148 2123 2139 0
149 2098 2115 0
150 2092 2110 0
151 2126 2148 0
152 58 60 0
153 40 44 0
154 58 65 0
155 29 33 1
156 33 38 0
157 83 97 0
158 29 39 0
159 55 78 0
160 19 37 0
161 21 44 0
162 125198 125134 0
163 62647 62618 0
164 500146 500111 0
165 500127 500129 0
166 500169 500173 0
167 125183 125183 0
168 125135 125121 0
169 125119 125121 0
170 500188 500117 0
171 500175 500101 0
172 125187 125184 0
173 125135 125138 0
174 500117 500109 0
175 500177 500132 0
176 125198 125178 0
177 500195 500183 0
178 500105 500109 0
179 500151 500164 0
180 125128 125120 0
181 125164 125145 0
182 500185 500133 0
183 125182 125137 0
184 250185 250102 0
185 250179 250126 0
186 250119 250106 0
187 31368 31368 0
188 125126 125122 0
189 250174 250127 0
190 250145 250134 0
191 250184 250108 0
192 250118 250120 0
193 500154 500139 0
194 250165 250109 0
195 250187 250146 0
196 250156 250105 0
197 500194 500149 0
198 250134 250146 0
199 500183 500120 0
200 500169 500149 0
201 500196 500165 0
202 250146 250155 0
203 250117 250128 0
204 250123 250107 0
205 250161 250120 0
206 250145 250138 0
207 250177 250182 0
208 250190 250189 0
209 250146 250152 0
210 500182 500112 0
211 125177 125111 0
212 250131 250106 0
213 125192 125146 0
214 250190 250131 0
215 250196 250179 0
216 250152 250113 0
217 250154 250135 0
218 250175 250176 0
219 250159 250137 0
220 250155 250150 0
221 500177 500104 0
222 500169 500138 0
223 500176 500141 0
224 125116 125101 0
225 500146 500149 0
226 125168 125155 0
227 62688 62662 0
228 125173 125144 0
229 500175 500109 0
230 62686 62658 0
231 62674 62661 0
232 500184 500169 0
233 125146 125148 0
234 500118 500140 0
235 125155 125107 0
236 62658 62640 0
237 500103 500127 0
238 125197 125144 0
239 62643 62639 0
240 62672 62669 0
241 62645 62639 0
242 62680 62658 0
243 500170 500129 0
244 62646 62644 0
245 500197 500159 0
246 500192 500192 0
247 62691 62689 0
248 500118 500105 0
249 125196 125139 0
250 62681 62658 0
251 125191 125176 0
252 62672 62653 0
253 125141 125128 0
254 31412 31411 0
255 62631 62630 0
256 7924 7958 0
257 31365 31433 0
258 7917 7940 0
259 7945 7966 0
260 31373 31403 0
261 31358 31390 0
262 31393 31438 0
263 31371 31423 0
264 7953 7986 0
265 31358 31392 0
266 31384 31424 0
267 31404 31445 0
268 31364 31385 0
269 7951 7979 0
270 7940 8002 0
271 31358 31370 0
272 31361 31446 0
273 7942 7997 0
274 7947 7974 0
275 62669 62676 0
276 31355 31431 0
277 7943 7980 0
278 7975 8009 0
279 62660 62684 0
280 31401 31437 0
281 62630 62671 0
282 62620 62681 0
283 62614 62642 0
284 62620 62641 0
285 62628 62635 0
286 62621 62631 0
287 62651 62655 0
288 62669 62690 0
289 31377 31444 0
290 62601 62626 0
291 62653 62687 0
292 62608 62617 0
293 62609 62640 0
294 62625 62661 0
295 7920 7952 0
296 62615 62661 0
297 7953 7978 0
298 7980 7998 0
299 62671 62684 0
300 4036 4093 0
301 4035 4097 0
302 31391 31425 0
303 4033 4075 0
304 4064 4088 0
305 62608 62614 0
306 4044 4093 0
307 62635 62666 0
308 500128 500153 0
309 62630 62636 0
310 4011 4091 0
311 125136 125153 0
312 125138 125196 0
313 4016 4077 0
314 7927 7949 0
315 7954 7985 0
316 125134 125147 0
317 4031 4060 0
318 4055 4095 0
319 125142 125192 0
320 2057 2135 0
321 125145 125154 0
322 125110 125139 0
323 125177 125187 0
324 2086 2150 0
325 125125 125153 0
326 2076 2149 0
327 125100 125175 0
328 15763 15817 0
329 2073 2138 0
330 125152 125169 0
331 2108 2142 0
332 2104 2143 0
333 2079 2107 0
334 125119 125157 0
335 7951 7975 0
336 2056 2089 0
337 2059 2121 0
338 125155 125190 0
339 2105 2149 0
340 7931 7978 0
341 15768 15806 0
342 125156 125165 0
343 125105 125167 0
344 15781 15814 0
345 15730 15746 0
346 125176 125199 0
347 125169 125183 0
348 2112 2146 0
349 125143 125152 0
350 125135 125174 0
351 2086 2121 0
352 2056 2143 0
353 250175 250200 0
354 250124 250158 0
355 250106 250184 0
356 2066 2139 0
357 15786 15804 0
358 250135 250157 0
359 41 90 0
360 15777 15800 0
361 250135 250163 0
362 250111 250169 0
363 250115 250167 0
364 15791 15808 0
365 58 97 0
366 250108 250124 0
367 250159 250195 0
368 45 75 0
369 15736 15821 0
370 15762 15819 0
371 250165 250189 0
372 250150 250174 0
373 250103 250132 0
374 15744 15772 0
375 250143 250195 0
376 500102 500168 0
377 500107 500183 0
378 44 76 0
379 500106 500200 0
380 15738 15813 0
381 500164 500197 0
382 500129 500181 0
383 3 87 0
384 15787 15824 0
385 52 78 0
386 15735 15767 0
387 500115 500186 0
388 500118 500155 0
389 15747 15784 0
390 13 56 0
391 22 61 0
392 15775 15786 0
393 24 70 0
394 500107 500142 0
395 500119 500191 0
396 16 59 0
397 500101 500171 0
398 15763 15789 0
399 15749 15824 0
--------------
1000000 :c
1004179 :sum(p)
1000000 :sum(w)
