400 :n
id p,w,x
--------------
0 2095 2066 1
1 4097 4012 1
2 88 40 1
3 2144 2063 1
4 79 33 1
5 2108 2077 1
6 32 5 1
7 4100 4029 1
8 97 59 1
9 82 11 1
10 60 44 1
11 55 37 1
12 78 41 1
13 83 16 1
14 92 33 1
15 70 18 1
16 70 2 1
17 18 7 1
18 51 22 1
19 27 3 1
20 2129 2084 1
21 4070 4014 1
22 4093 4033 1
23 31433 31355 1
24 31418 31354 1
25 7985 7935 1
26 8012 7941 1
27 2128 2115 1
28 8004 7937 1
29 4032 4014 1
30 8012 7920 1
31 4037 4016 1
32 4074 4035 1
33 4082 4059 1
34 7958 7914 1
35 8010 7918 1
36 7982 7932 1
37 8001 7917 1
38 8000 7928 1
39 7985 7932 1
40 4072 4051 1
41 2110 2081 1
42 15819 15755 1
43 4104 4050 1
44 15825 15735 1
45 15815 15750 1
46 2125 2106 1
47 2091 2069 1
48 4045 4016 1
49 2072 2055 1
50 4069 4040 1
51 8012 7935 1
52 2074 2062 1
53 7968 7928 1
54 2136 2108 1
55 15806 15746 1
56 7972 7940 1
57 15818 15764 1
58 8004 7980 1
59 8005 7976 1
60 15806 15774 1
61 62700 62632 1
62 62682 62613 1
63 31449 31399 1
64 31417 31364 1
65 40 30 1
66 72 67 1
67 2136 2129 1
68 4026 4013 1
69 4034 4022 1
70 7936 7919 1
71 4054 4047 1
72 7995 7982 1
73 15756 15734 1
74 15797 15775 1
75 4074 4069 0
76 31393 31359 1
77 15743 15726 1
78 15755 15739 1
79 4030 4026 1
80 4045 4041 0
81 4079 4075 1
82 62678 62617 1
83 15743 15729 1
84 62697 62643 1
85 31407 31382 1
86 31413 31389 1
87 15774 15763 1
88 15811 15800 1
89 100 23 1
90 62647 62607 0
91 7945 7940 0
92 62679 62641 1
93 62673 62636 0
94 15797 15794 0
95 15787 15804 0
96 20 47 0
97 31424 31405 1
98 125193 125121 0
99 62669 62633 0
100 125177 125112 0
101 125167 125107 0
102 2086 2091 0
103 31432 31417 0
104 62660 62631 0
105 31404 31391 0
106 125163 125112 0
107 62670 62646 0
108 15763 15757 0
109 250194 250102 0
110 62680 62658 0
111 31408 31397 0
112 125145 125102 0
113 31388 31378 0
114 31421 31411 0
115 31448 31438 0
116 62631 62612 0
117 62672 62653 0
118 31367 31359 0
119 2138 2138 0
120 48 48 0
121 15787 15788 0
122 15767 15768 0
123 15785 15788 0
124 7987 7989 0
125 15746 15750 0
126 15779 15784 0
127 8007 8010 0
128 2146 2147 0
129 2064 2065 1
130 4033 4035 0
131 7988 7992 0
132 7937 7941 0
133 7975 7982 0
134 2105 2108 0
135 2134 2138 0
136 2108 2112 0
137 2074 2079 0
138 87 93 0
139 3 5 0
140 250198 250162 0
141 62683 62672 0
142 250190 250162 0
143 500197 500106 0
144 250200 250176 0
145 125162 125125 0
146 125187 125150 0
147 250131 250109 0
148 62679 62671 0
149 62667 62661 0
150 500165 500140 0
151 500133 500107 0
152 500173 500146 0
153 125191 125181 0
154 125123 125113 0
155 250187 250167 0
156 250141 250127 0
157 250171 250151 0
158 500149 500124 0
159 250154 250141 0
160 500164 500136 0
161 250120 250102 0
162 31395 31393 0
163 125115 125106 0
164 500188 500145 0
165 500199 500165 0
166 125163 125137 0
167 250194 250129 0
168 500188 500122 0
169 250192 250150 0
170 250169 250135 0
171 125182 125165 0
172 125191 125179 0
173 62670 62657 0
174 500186 500123 0
175 500199 500112 0
176 250200 250128 0
177 125155 125142 0
178 62618 62602 0
179 125163 125137 0
180 250141 250112 0
181 62632 62690 0
182 62662 62663 0
183 62663 62662 0
184 62604 62641 0
185 31422 31427 0
186 31356 31359 0
187 31389 31410 0
188 62636 62644 0
189 62614 62668 0
190 31356 31377 0
191 62676 62679 0
192 31438 31439 0
193 125136 125167 0
194 125137 125186 0
195 125123 125134 0
196 125129 125156 0
197 31405 31422 0
198 125166 125186 0
199 125180 125177 0
200 125116 125196 0
201 125110 125126 0
202 62644 62659 0
203 62664 62673 0
204 125101 125172 0
205 62603 62664 0
206 125100 125132 0
207 125183 125190 0
208 125165 125171 0
209 125176 125186 0
210 125115 125156 0
211 125121 125183 0
212 125173 125191 0
213 62638 62681 0
214 125103 125158 0
215 125116 125170 0
216 15765 15781 0
217 125130 125156 0
218 62623 62684 0
219 31398 31412 0
220 125176 125174 0
221 125137 125172 0
222 125151 125148 0
223 62622 62697 0
224 125100 125115 0
225 250114 250122 0
226 250103 250172 0
227 250103 250111 0
228 250119 250137 0
229 250125 250176 0
230 31410 31437 0
231 15745 15753 0
232 250160 250187 0
233 250118 250155 0
234 62635 62660 0
235 15762 15770 0
236 250166 250192 0
237 250136 250170 0
238 250139 250154 0
239 500130 500107 0
240 250119 250191 0
241 250103 250123 0
242 250102 250189 0
243 250103 250114 0
244 250146 250139 0
245 250107 250134 0
246 250151 250188 0
247 250192 250190 0
248 31392 31426 0
249 62668 62667 0
250 250184 250184 0
251 250121 250115 0
252 250141 250194 0
253 250134 250182 0
254 250156 250198 0
255 250184 250187 0
256 500171 500189 0
257 500150 500147 0
258 500110 500193 0
259 500120 500148 0
260 500190 500175 0
261 500104 500187 0
262 500103 500129 0
263 500133 500110 0
264 500114 500195 0
265 500129 500167 0
266 500137 500179 0
267 31404 31417 0
268 500149 500197 0
269 500165 500170 0
270 31422 31425 0
271 500135 500177 0
272 500149 500128 0
273 500128 500143 0
274 500196 500176 0
275 500168 500183 0
276 31398 31424 0
277 500124 500137 0
278 500160 500171 0
279 500109 500196 0
280 500166 500190 0
281 500102 500179 0
282 500109 500114 0
283 62697 62696 0
284 500115 500174 0
285 500154 500164 0
286 62604 62652 0
287 62633 62693 0
288 62637 62653 0
289 62652 62674 0
290 125172 125161 0
291 125164 125153 0
292 500175 500112 0
293 250191 250152 0
294 62639 62632 0
295 500196 500110 0
296 4013 4074 0
297 4063 4071 0
298 7943 8008 0
299 7930 7991 0
300 7933 8003 0
301 4008 4047 0
302 7929 8003 0
303 4074 4082 0
304 4047 4072 0
305 7946 7968 0
306 7963 7984 0
307 7933 7975 0
308 7921 7934 0
309 4027 4044 0
310 7960 7975 0
311 4040 4099 0
312 4067 4087 0
313 7959 7983 0
314 4039 4098 0
315 7979 7989 0
316 4059 4073 0
317 4070 4100 0
318 7962 7978 0
319 4054 4076 0
320 2076 2151 0
321 7998 8012 0
322 7917 7964 0
323 4043 4075 0
324 7931 7978 0
325 7935 7983 0
326 2064 2086 0
327 2124 2134 0
328 2115 2123 0
329 2090 2111 0
330 2055 2074 0
331 7952 8004 0
332 4056 4090 0
333 15775 15814 0
334 2114 2124 0
335 2055 2101 0
336 2056 2099 0
337 2081 2135 0
338 15765 15793 0
339 2090 2130 0
340 15734 15802 0
341 2068 2106 0
342 2063 2097 0
343 2067 2126 0
344 15758 15787 0
345 15752 15779 0
346 15745 15793 0
347 15748 15818 0
348 2061 2091 0
349 15728 15769 0
350 2059 2112 0
351 4022 4077 0
352 2077 2092 0
353 15734 15763 0
354 4014 4057 0
355 15751 15785 0
356 2091 2111 0
357 2084 2114 0
358 2072 2101 0
359 15752 15774 0
360 38 79 0
361 15746 15811 0
362 4031 4042 0
363 15741 15761 0
364 47 59 0
365 2 37 0
366 30 100 0
367 44 62 0
368 15731 15776 0
369 15 68 0
370 15734 15767 0
371 4034 4059 0
372 51 74 0
373 15754 15773 0
374 23 89 0
375 31354 31412 0
376 31385 31438 0
377 4 41 0
378 31369 31416 0
379 31366 31411 0
380 31359 31403 0
381 31410 31450 0
382 28 80 0
383 31351 31399 0
384 6 35 0
385 16 78 0
386 31364 31424 0
387 2 64 0
388 31360 31433 0
389 51 98 0
390 31370 31431 0
391 8 28 0
392 6 91 0
393 50 75 0
394 34 55 0
395 31356 31430 0
396 31384 31425 0
397 62606 62696 0
398 4041 4070 0
399 4038 4081 0
--------------
1000000 :c
1003603 :sum(p)
1000000 :sum(w)
