400 :n
id p,w,x
--------------
0 71 2 1
1 86 5 1
2 35 3 1
3 54 8 1
4 77 17 1
5 50 12 1
6 60 16 1
7 34 14 1
8 45 19 1
9 30 13 1
10 71 33 1
11 97 46 1
12 55 29 1
13 44 24 1
14 43 27 1
15 76 49 1
16 46 34 1
17 95 76 1
18 70 59 1
19 62 58 1
20 2143 2060 1
21 2135 2074 1
22 2146 2094 1
23 4106 4012 1
24 2141 2096 1
25 2147 2105 1
26 2132 2093 1
27 2115 2078 1
28 4095 4030 1
29 4069 4007 1
30 2128 2096 1
31 2091 2062 1
32 4079 4024 1
33 4070 4016 1
34 4071 4019 1
35 2128 2103 1
36 8008 7915 1
37 4060 4014 1
38 4076 4034 1
39 2087 2066 1
40 2136 2116 1
41 4095 4057 1
42 7996 7923 1
43 2126 2107 1
44 4066 4035 1
45 7974 7915 1
46 7976 7917 1
47 2114 2099 1
48 4059 4031 1
49 2081 2067 1
50 4102 4077 1
51 4034 4012 1
52 7996 7953 1
53 2153 2142 1
54 4105 4086 1
55 4031 4013 1
56 4100 4082 1
57 15824 15756 1
58 7963 7929 1
59 4083 4066 1
60 4105 4088 1
61 7975 7944 1
62 2101 2093 1
63 4067 4052 1
64 4088 4073 1
65 7945 7917 1
66 7961 7934 1
67 15809 15756 1
68 15779 15727 1
69 15788 15736 1
70 15780 15730 1
71 7950 7926 1
72 7957 7934 1
73 4055 4044 1
74 31444 31364 1
75 15782 15748 1
76 8008 7991 1
77 31431 31368 1
78 31438 31375 1
79 4023 4015 1
80 7993 7978 1
81 8010 7995 1
82 15763 15734 1
83 4104 4097 1
84 15758 15732 1
85 31418 31371 1
86 4038 4032 1
87 15779 15756 1
88 15782 15759 1
89 62689 62601 1
90 15816 15794 1
91 62687 62602 1
92 31402 31360 1
93 62695 62614 1
94 7972 7962 1
95 15745 15726 1
96 15825 15807 1
97 7975 7966 0
98 31390 31355 1
99 31414 31379 1
100 31402 31368 1
101 57 29 1
102 7940 7927 1
103 31391 31358 0
104 62675 62612 1
105 62686 62623 0
106 62700 62651 0
107 31444 31417 0
108 15754 15768 0
109 7961 7953 0
110 2079 2077 1
111 15791 15776 1
112 15795 15780 1
113 7931 7924 0
114 31426 31400 0
115 62694 62645 0
116 62649 62601 0
117 7976 7970 0
118 62697 62653 0
119 31390 31368 0
120 31427 31406 0
121 125184 125103 0
122 125186 125105 0
123 62678 62638 0
124 7997 7992 0
125 7945 7941 0
126 2113 2112 0
127 7964 7962 0
128 4092 4092 0
129 36 36 1
130 2059 2061 0
131 39 42 0
132 29 32 0
133 125131 125105 0
134 125145 125119 0
135 125147 125121 0
136 62655 62642 0
137 125173 125107 0
138 62685 62666 0
139 62640 62624 0
140 15817 15812 0
141 15786 15779 0
142 500181 500121 0
143 250166 250128 0
144 15738 15733 0
145 250187 250123 0
146 250178 250129 0
147 250179 250133 0
148 31423 31408 0
149 31397 31379 0
150 62667 62652 0
151 250194 250102 0
152 62629 62617 0
153 250199 250159 0
154 250197 250150 0
155 125189 125110 0
156 125130 125101 0
157 31434 31420 0
158 125158 125119 0
159 125161 125130 0
160 31412 31402 0
161 125163 125145 0
162 125180 125120 0
163 500184 500117 0
164 125192 125128 0
165 62634 62613 0
166 15752 15746 0
167 62657 62628 0
168 125183 125144 0
169 125190 125164 0
170 62647 62628 0
171 125198 125141 0
172 31386 31436 0
173 31389 31440 0
174 31366 31434 0
175 62620 62682 0
176 31354 31413 0
177 31363 31391 0
178 31376 31390 0
179 31441 31443 0
180 31380 31422 0
181 62606 62696 0
182 62653 62659 0
183 62642 62652 0
184 62604 62641 0
185 62613 62639 0
186 62641 62653 0
187 62655 62661 0
188 31357 31389 0
189 62621 62647 0
190 31359 31372 0
191 31362 31396 0
192 31400 31424 0
193 31397 31447 0
194 31411 31421 0
195 62611 62614 0
196 31357 31421 0
197 62657 62660 0
198 31401 31402 0
199 62604 62646 0
200 62651 62652 0
201 15730 15802 0
202 62631 62697 0
203 62669 62684 0
204 15817 15821 0
205 15743 15791 0
206 15785 15800 0
207 62645 62688 0
208 15764 15791 0
209 15745 15825 0
210 62613 62683 0
211 15734 15771 0
212 15739 15783 0
213 15731 15795 0
214 62615 62650 0
215 62606 62603 0
216 62666 62672 0
217 15777 15816 0
218 15783 15803 0
219 62626 62686 0
220 15746 15804 0
221 62658 62687 0
222 15737 15776 0
223 15748 15807 0
224 125115 125101 0
225 125124 125168 0
226 15801 15822 0
227 125160 125150 0
228 15755 15791 0
229 125107 125167 0
230 125114 125118 0
231 125104 125130 0
232 15800 15822 0
233 15730 15735 0
234 125102 125159 0
235 15781 15784 0
236 15731 15751 0
237 125136 125193 0
238 125152 125155 0
239 125117 125102 0
240 125116 125116 0
241 125117 125140 0
242 7976 7979 0
243 125143 125155 0
244 7962 7988 0
245 125117 125147 0
246 7973 8009 0
247 125100 125116 0
248 7921 7985 0
249 7941 7966 0
250 7948 7976 0
251 7973 7981 0
252 125104 125114 0
253 125126 125141 0
254 125130 125118 0
255 7958 7986 0
256 7923 7965 0
257 125138 125126 0
258 7927 7959 0
259 7967 7990 0
260 125117 125193 0
261 7940 7954 0
262 7921 7949 0
263 125148 125155 0
264 125109 125194 0
265 125128 125154 0
266 8007 8010 0
267 125115 125173 0
268 250135 250176 0
269 250146 250142 0
270 250105 250101 0
271 250107 250106 0
272 7979 8001 0
273 250153 250193 0
274 250122 250101 0
275 7926 7997 0
276 250101 250115 0
277 250146 250191 0
278 7939 7955 0
279 4018 4040 0
280 250126 250168 0
281 4031 4074 0
282 250145 250116 0
283 4027 4054 0
284 250110 250135 0
285 250120 250122 0
286 250135 250106 0
287 250160 250169 0
288 250143 250146 0
289 250135 250184 0
290 250138 250168 0
291 250153 250169 0
292 250123 250172 0
293 250145 250121 0
294 250102 250184 0
295 4082 4086 0
296 250144 250180 0
297 4012 4091 0
298 4018 4021 0
299 250145 250126 0
300 4017 4021 0
301 250183 250157 0
302 4029 4036 0
303 250128 250104 0
304 250184 250188 0
305 4046 4060 0
306 250135 250195 0
307 250117 250167 0
308 250172 250187 0
309 4060 4098 0
310 31369 31385 0
311 250108 250189 0
312 250155 250148 0
313 250132 250127 0
314 4018 4070 0
315 4032 4067 0
316 4007 4101 0
317 4071 4093 0
318 4023 4102 0
319 250123 250193 0
320 500118 500178 0
321 2058 2111 0
322 2056 2068 0
323 500149 500135 0
324 2121 2139 0
325 500130 500121 0
326 500190 500173 0
327 500108 500185 0
328 500199 500146 0
329 2117 2147 0
330 2068 2074 0
331 2076 2131 0
332 500105 500180 0
333 2063 2071 0
334 500161 500200 0
335 2108 2131 0
336 500114 500147 0
337 31372 31440 0
338 2089 2123 0
339 500155 500196 0
340 2128 2148 0
341 2065 2130 0
342 2076 2099 0
343 2079 2148 0
344 500161 500103 0
345 2055 2133 0
346 2063 2090 0
347 500178 500190 0
348 2065 2128 0
349 500146 500169 0
350 500186 500182 0
351 2055 2089 0
352 2057 2132 0
353 500129 500170 0
354 500119 500161 0
355 500168 500186 0
356 2074 2129 0
357 500133 500120 0
358 2074 2079 0
359 500149 500134 0
360 500153 500195 0
361 500111 500152 0
362 18 29 0
363 500121 500165 0
364 500113 500151 0
365 500182 500145 0
366 11 67 0
367 500125 500121 0
368 10 65 0
369 31389 31403 0
370 500152 500172 0
371 500181 500200 0
372 25 79 0
373 83 100 0
374 32 84 0
375 24 74 0
376 500120 500141 0
377 11 69 0
378 500180 500156 0
379 72 90 0
380 500112 500168 0
381 500124 500191 0
382 6 27 0
383 500184 500162 0
384 500110 500191 0
385 18 32 0
386 34 70 0
387 500172 500144 0
388 51 99 0
389 500192 500140 0
390 10 41 0
391 15 76 0
392 31369 31424 0
393 500118 500157 0
394 500111 500167 0
395 31360 31401 0
396 1 89 0
397 500118 500196 0
398 31439 31438 0
399 31361 31449 0
--------------
1000000 :c
1003783 :sum(p)
999999 :sum(w)
