400 :n
id p,w,x
--------------
0 7991 7930 1
1 8011 7969 1
2 7993 7951 1
3 8011 7946 1
4 8000 7957 1
5 8010 7947 1
6 7993 7929 1
7 8010 7934 1
8 4097 4050 1
9 4084 4051 1
10 4050 4029 1
11 4055 4013 1
12 41 27 1
13 4063 4037 1
14 58 41 1
15 4083 4007 1
16 28 2 1
17 4088 4049 1
18 4092 4065 1
19 4081 4022 1
20 4101 4065 1
21 93 83 1
22 4071 4028 1
23 4063 4031 1
24 4082 4041 1
25 4083 4012 1
26 91 63 1
27 4100 4073 1
28 2090 2059 1
29 72 32 1
30 2099 2068 1
31 2149 2123 1
32 2127 2062 1
33 2101 2084 1
34 90 47 1
35 2121 2076 1
36 2127 2073 1
37 2129 2094 1
38 2125 2056 1
39 2117 2077 1
40 2133 2108 1
41 2128 2094 1
42 7984 7913 1
43 2132 2065 1
44 2147 2083 1
45 7978 7938 1
46 21 11 1
47 60 30 1
48 55 49 1
49 67 26 1
50 51 25 1
51 97 80 1
52 97 4 1
53 76 63 1
54 71 36 1
55 51 45 1
56 81 9 1
57 65 29 1
58 89 7 1
59 31437 31372 1
60 7945 7931 1
61 15780 15755 1
62 31424 31380 1
63 31436 31395 1
64 15824 15771 1
65 7987 7950 1
66 15801 15726 1
67 15818 15780 1
68 15811 15752 1
69 15795 15757 1
70 15802 15746 1
71 7959 7930 1
72 31448 31382 1
73 31422 31362 1
74 15790 15727 1
75 15780 15745 1
76 31445 31363 1
77 4066 4050 1
78 4039 4027 1
79 4106 4088 1
80 2125 2116 1
81 2098 2090 1
82 4031 4011 1
83 15802 15730 1
84 29 24 1
85 15 13 0
86 89 85 1
87 76 74 1
88 55 54 0
89 2110 2103 1
90 4018 4009 1
91 4063 4054 1
92 4018 4010 1
93 2075 2071 1
94 2121 2118 1
95 15793 15771 1
96 15799 15779 1
97 62699 62620 1
98 7955 7945 1
99 4022 4017 1
100 62696 62620 1
101 62676 62604 1
102 62693 62622 1
103 44 16 1
104 31403 31366 1
105 15772 15744 1
106 62691 62623 1
107 31448 31414 0
108 15798 15781 1
109 62692 62656 0
110 15813 15808 0
111 15779 15794 0
112 31447 31416 0
113 2153 2151 1
114 62650 62602 0
115 31391 31367 0
116 15797 15785 0
117 7921 7915 0
118 38 38 1
119 4026 4027 0
120 2094 2095 0
121 2116 2118 0
122 2062 2064 0
123 2091 2094 0
124 45 47 0
125 125155 125103 0
126 62668 62646 0
127 62676 62655 0
128 500196 500139 0
129 125167 125142 0
130 500147 500119 0
131 125157 125134 0
132 125174 125151 0
133 500200 500145 0
134 125149 125141 0
135 500162 500144 0
136 500162 500121 0
137 31437 31427 0
138 15787 15782 0
139 125123 125111 0
140 500191 500129 0
141 250182 250105 0
142 250156 250101 0
143 250195 250136 0
144 62621 62613 0
145 125158 125152 0
146 125142 125137 0
147 500185 500175 0
148 125179 125163 0
149 125166 125129 0
150 250197 250192 0
151 125198 125181 0
152 125172 125156 0
153 500127 500117 0
154 62607 62601 0
155 125125 125113 0
156 125172 125151 0
157 250173 250106 0
158 125155 125121 0
159 125180 125148 0
160 250168 250151 0
161 250121 250115 0
162 500142 500115 0
163 250142 250141 0
164 250136 250124 0
165 500192 500168 0
166 250128 250107 0
167 250197 250174 0
168 500181 500176 0
169 500117 500116 0
170 250134 250119 0
171 500122 500119 0
172 500164 500101 0
173 250198 250137 0
174 500200 500185 0
175 31370 31367 0
176 15739 15734 0
177 500196 500123 0
178 250172 250111 0
179 250190 250168 0
180 250179 250103 0
181 250116 250111 0
182 250195 250190 0
183 250188 250135 0
184 15809 15806 0
185 250196 250146 0
186 31399 31396 0
187 250167 250139 0
188 250148 250114 0
189 250198 250135 0
190 62664 62653 0
191 62672 62661 0
192 125168 125112 0
193 125148 125153 0
194 125117 125119 0
195 125175 125183 0
196 250121 250131 0
197 250117 250134 0
198 250199 250199 0
199 250173 250190 0
200 250143 250153 0
201 250175 250182 0
202 250196 250198 0
203 500114 500114 0
204 500104 500116 0
205 500131 500146 0
206 500138 500153 0
207 500161 500188 0
208 500145 500171 0
209 500120 500153 0
210 500176 500196 0
211 500176 500188 0
212 500155 500184 0
213 500145 500150 0
214 500133 500141 0
215 500114 500149 0
216 500117 500119 0
217 500133 500137 0
218 125178 125180 0
219 62628 62632 0
220 125131 125133 0
221 62667 62640 0
222 31376 31358 0
223 31444 31430 0
224 62644 62601 0
225 125195 125147 0
226 62663 62637 0
227 15739 15813 0
228 15732 15816 0
229 15746 15777 0
230 15786 15793 0
231 15790 15804 0
232 15769 15787 0
233 15733 15801 0
234 15778 15806 0
235 15782 15820 0
236 15754 15815 0
237 15730 15774 0
238 15753 15755 0
239 7952 7986 0
240 500113 500148 0
241 31354 31381 0
242 31404 31429 0
243 7965 7975 0
244 31363 31395 0
245 7946 8005 0
246 7916 7943 0
247 31405 31413 0
248 7929 7937 0
249 31357 31399 0
250 7934 7951 0
251 31372 31375 0
252 7944 8004 0
253 31389 31408 0
254 7930 8009 0
255 7955 7972 0
256 7942 7975 0
257 7980 7983 0
258 31372 31410 0
259 7936 7944 0
260 7958 7982 0
261 31414 31434 0
262 7935 7989 0
263 31407 31419 0
264 7924 8008 0
265 31389 31424 0
266 7957 7984 0
267 7962 8007 0
268 7962 8006 0
269 7918 7926 0
270 7939 7981 0
271 7939 8002 0
272 31427 31448 0
273 7922 7938 0
274 7978 8009 0
275 31400 31429 0
276 7942 7956 0
277 31369 31396 0
278 7936 8002 0
279 31422 31440 0
280 31407 31423 0
281 31389 31425 0
282 31366 31401 0
283 31369 31387 0
284 31382 31412 0
285 4036 4050 0
286 4014 4078 0
287 4024 4071 0
288 31373 31435 0
289 4042 4093 0
290 31379 31426 0
291 31365 31438 0
292 4068 4104 0
293 31368 31425 0
294 15742 15776 0
295 4016 4093 0
296 31356 31365 0
297 4076 4085 0
298 62619 62654 0
299 4073 4100 0
300 62653 62664 0
301 4043 4076 0
302 4092 4097 0
303 62654 62665 0
304 62635 62673 0
305 62691 62699 0
306 4077 4095 0
307 4038 4087 0
308 4047 4090 0
309 62658 62676 0
310 62656 62672 0
311 4060 4086 0
312 4018 4058 0
313 62603 62663 0
314 4051 4099 0
315 62613 62629 0
316 62648 62683 0
317 62608 62619 0
318 62601 62651 0
319 2060 2118 0
320 2074 2091 0
321 62662 62667 0
322 62617 62622 0
323 2095 2099 0
324 62615 62641 0
325 2077 2125 0
326 62640 62668 0
327 62618 62658 0
328 62618 62692 0
329 2069 2129 0
330 2101 2122 0
331 2071 2124 0
332 62685 62693 0
333 62638 62664 0
334 62614 62686 0
335 62620 62652 0
336 62667 62679 0
337 125143 125197 0
338 2058 2066 0
339 125103 125149 0
340 125104 125127 0
341 125106 125123 0
342 2091 2122 0
343 2088 2128 0
344 125108 125171 0
345 2131 2151 0
346 125119 125184 0
347 125139 125181 0
348 2055 2076 0
349 2107 2137 0
350 125118 125194 0
351 125101 125125 0
352 15796 15817 0
353 2063 2142 0
354 2119 2124 0
355 15793 15813 0
356 2086 2145 0
357 15739 15741 0
358 15739 15808 0
359 125143 125193 0
360 41 94 0
361 37 47 0
362 61 68 0
363 125145 125187 0
364 42 61 0
365 10 60 0
366 125153 125162 0
367 125126 125185 0
368 125107 125199 0
369 125154 125177 0
370 125158 125176 0
371 125135 125167 0
372 250114 250145 0
373 15763 15767 0
374 250149 250192 0
375 14 69 0
376 250129 250189 0
377 43 63 0
378 250108 250186 0
379 250119 250151 0
380 250141 250189 0
381 33 73 0
382 250105 250149 0
383 250120 250165 0
384 250121 250196 0
385 250162 250195 0
386 500132 500168 0
387 8 28 0
388 500125 500174 0
389 500101 500142 0
390 500133 500169 0
391 38 77 0
392 35 61 0
393 24 63 0
394 500102 500171 0
395 500111 500185 0
396 500120 500157 0
397 500126 500196 0
398 15812 15816 0
399 15744 15797 0
--------------
1000000 :c
1004055 :sum(p)
999999 :sum(w)
