400 :n
id p,w,x
--------------
0 71 1 1
1 93 7 1
2 37 10 1
3 87 26 1
4 72 22 1
5 85 30 1
6 95 49 1
7 75 41 1
8 51 28 1
9 98 57 1
10 64 38 1
11 46 32 1
12 70 57 1
13 58 51 1
14 2139 2056 1
15 2149 2081 1
16 2129 2080 1
17 4101 4009 1
18 2111 2065 1
19 4106 4021 1
20 2136 2095 1
21 4086 4012 1
22 4103 4031 1
23 57 56 1
24 4105 4035 1
25 2139 2104 1
26 4092 4027 1
27 2099 2066 1
28 2107 2080 1
29 82 81 1
30 4071 4024 1
31 2084 2060 1
32 8006 7915 1
33 4088 4042 1
34 4063 4018 1
35 8008 7921 1
36 2148 2126 1
37 4079 4038 1
38 4080 4040 1
39 2095 2075 1
40 7989 7913 1
41 7996 7922 1
42 4101 4064 1
43 4070 4036 1
44 4042 4011 1
45 2094 2080 1
46 7993 7940 1
47 8004 7951 1
48 2143 2129 1
49 8000 7949 1
50 7974 7926 1
51 2076 2064 1
52 4077 4054 1
53 7992 7947 1
54 7978 7934 1
55 15817 15730 1
56 2083 2072 1
57 7971 7929 1
58 2128 2117 1
59 2138 2127 1
60 4100 4080 1
61 7952 7917 1
62 7953 7922 1
63 15787 15726 1
64 4039 4024 1
65 4048 4034 1
66 7977 7950 1
67 15808 15756 1
68 15803 15752 1
69 15804 15756 1
70 8001 7977 1
71 31446 31353 1
72 15817 15771 1
73 2128 2122 1
74 4097 4086 1
75 31434 31353 1
76 15822 15782 1
77 2110 2105 1
78 31441 31372 1
79 31434 31371 1
80 31434 31372 1
81 7933 7918 1
82 2135 2131 1
83 7986 7972 1
84 31413 31358 1
85 15815 15789 1
86 7934 7921 1
87 7991 7978 1
88 31449 31400 1
89 7994 7982 1
90 31442 31395 1
91 31432 31387 1
92 31439 31395 1
93 4035 4030 0
94 15753 15734 0
95 15767 15748 1
96 15796 15778 1
97 15802 15784 1
98 7929 7920 0
99 62685 62617 1
100 15745 15729 1
101 31430 31383 1
102 62683 62619 1
103 15770 15754 0
104 62682 62619 0
105 62694 62631 1
106 31448 31443 0
107 15824 15819 0
108 64 95 0
109 4026 4022 0
110 62685 62624 0
111 2126 2124 0
112 8001 7994 0
113 4070 4073 0
114 31410 31384 0
115 15751 15738 0
116 62688 62640 0
117 15815 15803 0
118 15819 15807 0
119 4010 4007 0
120 4014 4011 0
121 4042 4039 0
122 4057 4054 0
123 31421 31399 0
124 15767 15756 0
125 31408 31388 0
126 15760 15750 0
127 125185 125106 0
128 62689 62653 0
129 7957 7953 0
130 7935 7932 0
131 2094 2094 0
132 43 48 0
133 62634 62609 0
134 125130 125122 0
135 125177 125181 0
136 62693 62682 0
137 125174 125174 0
138 125134 125109 0
139 125139 125145 0
140 125125 125121 0
141 125152 125120 0
142 125173 125112 0
143 125142 125127 0
144 62636 62616 0
145 125173 125115 0
146 62669 62666 0
147 62647 62617 0
148 125180 125148 0
149 125126 125116 0
150 125122 125126 0
151 125176 125152 0
152 125168 125111 0
153 125177 125152 0
154 62671 62673 0
155 125172 125156 0
156 62661 62664 0
157 62633 62629 0
158 125162 125168 0
159 125168 125134 0
160 125162 125150 0
161 125154 125148 0
162 125131 125115 0
163 125132 125101 0
164 125192 125183 0
165 250181 250165 0
166 250183 250195 0
167 250200 250162 0
168 250184 250125 0
169 250170 250156 0
170 250140 250138 0
171 250135 250121 0
172 250187 250177 0
173 62610 62608 0
174 250160 250135 0
175 250186 250189 0
176 31414 31399 0
177 31377 31376 0
178 250114 250106 0
179 250197 250122 0
180 250122 250124 0
181 250110 250126 0
182 250158 250119 0
183 250159 250123 0
184 31400 31396 0
185 31396 31386 0
186 250108 250120 0
187 250191 250149 0
188 250196 250173 0
189 250195 250183 0
190 250175 250118 0
191 250124 250133 0
192 250160 250138 0
193 250182 250166 0
194 250159 250139 0
195 250183 250151 0
196 31388 31378 0
197 31389 31383 0
198 31410 31393 0
199 250144 250107 0
200 250191 250194 0
201 15780 15774 0
202 250170 250152 0
203 250190 250163 0
204 250196 250157 0
205 500165 500115 0
206 500142 500110 0
207 500149 500121 0
208 500112 500125 0
209 500178 500198 0
210 500199 500148 0
211 500193 500193 0
212 500145 500179 0
213 500172 500132 0
214 500151 500155 0
215 500143 500115 0
216 15770 15765 0
217 500173 500128 0
218 500200 500192 0
219 500199 500138 0
220 500136 500115 0
221 500198 500102 0
222 500121 500150 0
223 500137 500111 0
224 500165 500104 0
225 500178 500124 0
226 500194 500153 0
227 500173 500148 0
228 125147 125138 0
229 500177 500166 0
230 500141 500140 0
231 125138 125128 0
232 500176 500152 0
233 500171 500176 0
234 62699 62690 0
235 500122 500112 0
236 500146 500127 0
237 500159 500163 0
238 62655 62643 0
239 15742 15733 0
240 62667 62650 0
241 62688 62692 0
242 62678 62659 0
243 15803 15814 0
244 15727 15737 0
245 7914 7988 0
246 15770 15786 0
247 15762 15815 0
248 15758 15773 0
249 7976 7995 0
250 7937 8005 0
251 15728 15806 0
252 7938 7977 0
253 15749 15812 0
254 7940 8010 0
255 15786 15789 0
256 15781 15805 0
257 7990 7993 0
258 7937 7939 0
259 15728 15757 0
260 15735 15782 0
261 15730 15755 0
262 15737 15775 0
263 15727 15815 0
264 500160 500195 0
265 7960 7982 0
266 31385 31434 0
267 7913 7953 0
268 7970 7971 0
269 31369 31440 0
270 7929 7994 0
271 31373 31390 0
272 31381 31429 0
273 7946 7967 0
274 7921 7955 0
275 31389 31425 0
276 7943 7950 0
277 7953 7978 0
278 31365 31395 0
279 31418 31429 0
280 31368 31396 0
281 31386 31446 0
282 4043 4088 0
283 31389 31429 0
284 4022 4077 0
285 4029 4074 0
286 15783 15810 0
287 31351 31426 0
288 31392 31426 0
289 31355 31433 0
290 31403 31449 0
291 31354 31358 0
292 31382 31420 0
293 4008 4043 0
294 31376 31443 0
295 31378 31421 0
296 4033 4069 0
297 4023 4090 0
298 62621 62673 0
299 4066 4073 0
300 4032 4041 0
301 4020 4045 0
302 62607 62659 0
303 4013 4081 0
304 62623 62690 0
305 62621 62627 0
306 4058 4087 0
307 62620 62632 0
308 62615 62689 0
309 4010 4024 0
310 4012 4088 0
311 62649 62700 0
312 62620 62700 0
313 4041 4050 0
314 62617 62672 0
315 62675 62690 0
316 62616 62695 0
317 62603 62611 0
318 62620 62669 0
319 2087 2129 0
320 2055 2091 0
321 2059 2070 0
322 62621 62650 0
323 62617 62661 0
324 62605 62611 0
325 62611 62680 0
326 2099 2130 0
327 2100 2128 0
328 2082 2087 0
329 2055 2084 0
330 2063 2121 0
331 62620 62676 0
332 2083 2127 0
333 62664 62672 0
334 125169 125185 0
335 125152 125179 0
336 125119 125151 0
337 125138 125198 0
338 125111 125187 0
339 125126 125187 0
340 2078 2127 0
341 2066 2091 0
342 125143 125161 0
343 125157 125189 0
344 125109 125129 0
345 125125 125167 0
346 2085 2101 0
347 2077 2140 0
348 125124 125183 0
349 2084 2090 0
350 125128 125193 0
351 125107 125119 0
352 2102 2133 0
353 250117 250145 0
354 250122 250195 0
355 2068 2122 0
356 250131 250171 0
357 2065 2073 0
358 2064 2099 0
359 43 65 0
360 61 97 0
361 7995 8010 0
362 250162 250195 0
363 19 84 0
364 16 76 0
365 250142 250194 0
366 56 91 0
367 250103 250188 0
368 250129 250192 0
369 250156 250180 0
370 36 87 0
371 25 73 0
372 18 86 0
373 24 54 0
374 20 67 0
375 72 80 0
376 250132 250152 0
377 27 45 0
378 500101 500168 0
379 500142 500181 0
380 56 92 0
381 20 80 0
382 38 70 0
383 62 79 0
384 36 93 0
385 23 65 0
386 4 72 0
387 500131 500185 0
388 500104 500180 0
389 11 78 0
390 500104 500198 0
391 500110 500172 0
392 74 93 0
393 500116 500170 0
394 500102 500165 0
395 67 89 0
396 500117 500159 0
397 500108 500179 0
398 15770 15808 0
399 15774 15781 0
--------------
1000000 :c
1004131 :sum(p)
999998 :sum(w)
