400 :n
id p,w,x
--------------
0 2137 2111 1
1 2122 2090 1
2 8001 7943 1
3 8008 7916 1
4 8011 7945 1
5 2123 2090 1
6 8009 7963 1
7 7981 7933 1
8 7996 7924 1
9 7995 7924 1
10 7998 7923 1
11 8005 7921 1
12 7991 7932 1
13 8005 7958 1
14 4072 4022 1
15 4104 4063 1
16 4092 4066 1
17 2089 2067 1
18 4073 4021 1
19 62 14 1
20 15818 15733 1
21 2100 2069 1
22 83 30 1
23 4081 4047 1
24 89 72 1
25 4083 4035 1
26 2146 2083 1
27 4078 4012 1
28 47 11 1
29 4070 4033 1
30 4059 4011 1
31 2089 2070 1
32 4077 4012 1
33 4100 4021 1
34 2142 2112 1
35 67 34 1
36 2116 2087 1
37 89 7 1
38 80 23 1
39 4096 4045 1
40 4072 4031 1
41 4068 4045 1
42 2138 2118 1
43 2153 2079 1
44 85 54 1
45 25 5 1
46 15820 15764 1
47 15820 15737 1
48 15790 15732 1
49 15799 15753 1
50 31413 31352 1
51 7967 7930 1
52 7972 7943 1
53 31425 31351 1
54 7990 7956 1
55 7986 7958 1
56 7972 7939 1
57 7972 7940 1
58 15822 15765 1
59 15794 15753 1
60 15823 15744 1
61 15790 15750 1
62 15798 15760 1
63 15774 15732 1
64 24 10 1
65 20 10 1
66 32 26 1
67 55 47 1
68 45 39 1
69 99 86 1
70 93 86 1
71 98 95 1
72 4106 4084 1
73 2089 2078 1
74 2103 2092 1
75 4033 4012 1
76 2147 2137 1
77 4089 4072 1
78 2117 2109 1
79 2102 2095 1
80 4068 4056 1
81 2097 2093 1
82 15792 15763 1
83 31433 31376 1
84 31413 31357 1
85 31415 31362 1
86 31442 31390 1
87 15763 15739 1
88 31401 31354 1
89 62700 62608 1
90 31408 31362 1
91 7993 7982 1
92 31433 31393 1
93 62688 62609 1
94 7945 7935 1
95 62695 62622 1
96 56 34 1
97 31398 31364 0
98 15759 15736 1
99 15803 15786 1
100 15760 15744 1
101 15784 15768 1
102 15819 15815 0
103 2147 2149 1
104 15733 15810 0
105 31430 31400 0
106 31442 31412 0
107 62690 62631 0
108 62684 62632 0
109 31441 31417 0
110 15765 15753 0
111 62650 62604 0
112 62672 62626 0
113 62678 62633 0
114 31445 31423 0
115 15798 15788 0
116 7931 7926 0
117 31442 31423 0
118 31397 31379 0
119 15790 15784 0
120 7983 7980 0
121 15761 15756 0
122 15795 15792 0
123 61 61 1
124 4025 4027 0
125 4025 4027 0
126 7971 7976 0
127 4096 4099 0
128 7955 7962 0
129 2112 2114 0
130 4018 4029 0
131 2129 2137 0
132 2066 2075 0
133 2093 2103 0
134 2107 2120 0
135 91 95 0
136 73 78 1
137 82 95 0
138 50 61 0
139 24 36 0
140 8 15 0
141 4 13 0
142 250193 250125 0
143 125192 125131 0
144 250197 250122 0
145 62658 62620 0
146 125182 125141 0
147 62674 62632 0
148 125194 125113 0
149 500160 500108 0
150 250193 250129 0
151 250197 250143 0
152 62650 62650 0
153 500152 500161 0
154 250113 250102 0
155 500119 500123 0
156 250146 250104 0
157 500195 500181 0
158 62639 62629 0
159 125141 125138 0
160 125136 125137 0
161 500157 500161 0
162 500125 500123 0
163 125179 125150 0
164 500150 500132 0
165 250164 250124 0
166 125125 125109 0
167 125158 125149 0
168 31417 31416 0
169 500152 500125 0
170 250121 250103 0
171 500196 500124 0
172 500148 500107 0
173 500160 500126 0
174 125162 125161 0
175 250171 250112 0
176 62695 62680 0
177 250161 250141 0
178 250124 250115 0
179 500135 500106 0
180 500133 500127 0
181 31425 31424 0
182 250168 250137 0
183 500175 500157 0
184 250192 250126 0
185 500199 500160 0
186 250193 250144 0
187 125109 125111 0
188 250196 250148 0
189 500179 500164 0
190 125144 125116 0
191 250190 250187 0
192 250148 250144 0
193 500121 500103 0
194 31370 31369 0
195 31414 31408 0
196 500191 500105 0
197 500109 500119 0
198 125142 125144 0
199 125161 125160 0
200 500147 500103 0
201 500177 500111 0
202 250183 250183 0
203 125162 125148 0
204 125142 125136 0
205 250129 250132 0
206 250160 250161 0
207 250111 250104 0
208 500193 500197 0
209 500177 500138 0
210 62623 62609 0
211 500176 500183 0
212 62683 62640 0
213 62635 62603 0
214 62671 62653 0
215 125159 125110 0
216 250200 250113 0
217 62662 62636 0
218 62682 62658 0
219 62681 62643 0
220 31396 31384 0
221 125148 125100 0
222 125189 125155 0
223 125148 125100 0
224 125153 125115 0
225 62662 62645 0
226 62659 62642 0
227 62657 62624 0
228 62637 62608 0
229 62648 62620 0
230 15736 15749 0
231 31355 31365 0
232 15750 15766 0
233 31436 31438 0
234 31388 31403 0
235 31393 31444 0
236 15738 15760 0
237 31384 31389 0
238 31394 31417 0
239 7930 8004 0
240 31356 31400 0
241 31358 31430 0
242 31417 31448 0
243 7936 7966 0
244 31352 31375 0
245 7937 7993 0
246 31410 31429 0
247 31388 31423 0
248 7961 7988 0
249 62634 62663 0
250 7977 8004 0
251 15740 15796 0
252 7946 7970 0
253 7939 7953 0
254 7929 7960 0
255 7950 8007 0
256 7969 7989 0
257 62657 62677 0
258 62640 62679 0
259 62635 62643 0
260 7965 7983 0
261 7988 8010 0
262 7944 7953 0
263 7953 8004 0
264 62608 62633 0
265 62649 62668 0
266 62608 62668 0
267 62693 62699 0
268 62670 62692 0
269 62617 62659 0
270 62621 62637 0
271 62674 62691 0
272 7938 7978 0
273 62678 62699 0
274 62623 62688 0
275 7922 8008 0
276 7916 7924 0
277 15779 15816 0
278 62673 62676 0
279 125133 125167 0
280 4062 4083 0
281 125117 125123 0
282 125120 125171 0
283 125132 125181 0
284 125179 125184 0
285 4067 4098 0
286 125126 125172 0
287 125135 125194 0
288 125167 125192 0
289 4055 4080 0
290 125118 125140 0
291 125152 125160 0
292 125116 125130 0
293 4056 4074 0
294 4032 4049 0
295 31366 31371 0
296 4013 4084 0
297 4083 4105 0
298 4068 4093 0
299 4022 4064 0
300 4016 4046 0
301 15771 15788 0
302 4017 4087 0
303 125163 125167 0
304 31385 31411 0
305 125133 125136 0
306 125138 125153 0
307 4023 4101 0
308 4038 4056 0
309 125112 125135 0
310 31412 31432 0
311 4021 4058 0
312 4021 4096 0
313 125108 125190 0
314 4085 4104 0
315 125104 125176 0
316 4017 4057 0
317 125190 125199 0
318 4007 4092 0
319 125122 125190 0
320 31375 31390 0
321 2093 2107 0
322 2056 2082 0
323 125112 125186 0
324 250120 250176 0
325 250115 250176 0
326 250101 250115 0
327 250104 250128 0
328 250106 250152 0
329 250124 250174 0
330 31430 31435 0
331 250161 250174 0
332 2090 2147 0
333 2078 2099 0
334 2079 2144 0
335 2125 2141 0
336 2081 2110 0
337 2055 2142 0
338 2078 2122 0
339 250128 250191 0
340 2059 2107 0
341 2101 2125 0
342 250115 250163 0
343 2096 2137 0
344 2080 2101 0
345 31374 31397 0
346 15728 15818 0
347 250187 250193 0
348 15794 15818 0
349 250119 250178 0
350 250146 250153 0
351 250161 250182 0
352 2085 2123 0
353 2091 2113 0
354 2075 2107 0
355 31376 31429 0
356 250167 250175 0
357 2060 2145 0
358 250103 250144 0
359 68 89 0
360 250146 250178 0
361 55 82 0
362 250102 250173 0
363 15733 15790 0
364 250103 250185 0
365 3 56 0
366 16 69 0
367 500114 500138 0
368 3 30 0
369 76 96 0
370 500110 500168 0
371 3 86 0
372 500160 500188 0
373 500184 500195 0
374 500130 500190 0
375 500112 500166 0
376 500106 500166 0
377 500117 500160 0
378 4 69 0
379 500118 500135 0
380 500142 500160 0
381 15781 15793 0
382 5 29 0
383 31 65 0
384 36 68 0
385 15763 15795 0
386 500139 500178 0
387 15816 15825 0
388 45 95 0
389 500114 500147 0
390 500162 500185 0
391 500104 500178 0
392 25 83 0
393 15731 15805 0
394 500112 500172 0
395 500128 500162 0
396 15745 15769 0
397 1 73 0
398 15739 15778 0
399 15729 15743 0
--------------
1000000 :c
1004033 :sum(p)
999999 :sum(w)
