400 :n
id p,w,x
--------------
0 40 3 1
1 92 7 1
2 71 7 1
3 49 6 1
4 69 11 1
5 74 20 1
6 71 23 1
7 88 41 1
8 53 27 1
9 73 46 1
10 22 14 1
11 47 31 1
12 45 30 1
13 45 32 1
14 56 41 1
15 31 25 1
16 80 73 1
17 75 69 1
18 84 78 1
19 2147 2059 1
20 99 95 1
21 2146 2067 1
22 2143 2075 1
23 4105 4011 1
24 2138 2091 1
25 2133 2088 1
26 2118 2074 1
27 2109 2069 1
28 4101 4027 1
29 4083 4011 1
30 2146 2109 1
31 2151 2114 1
32 4102 4032 1
33 4090 4021 1
34 4106 4040 1
35 2093 2060 1
36 2137 2104 1
37 2145 2119 1
38 8004 7921 1
39 4099 4058 1
40 2082 2062 1
41 4071 4032 1
42 4078 4040 1
43 2116 2097 1
44 4088 4054 1
45 7986 7927 1
46 4082 4052 1
47 7978 7921 1
48 4068 4039 1
49 7973 7919 1
50 4041 4015 1
51 7990 7939 1
52 4047 4022 1
53 7962 7916 1
54 4035 4012 1
55 8000 7958 1
56 7969 7928 1
57 15807 15737 1
58 7998 7963 1
59 15802 15734 1
60 8001 7967 1
61 7944 7913 1
62 7967 7936 1
63 4060 4045 1
64 7939 7913 1
65 7947 7921 1
66 15822 15772 1
67 15788 15739 1
68 4026 4014 1
69 15805 15762 1
70 15767 15727 1
71 4049 4039 1
72 4076 4066 1
73 2059 2054 1
74 7985 7966 1
75 15805 15771 1
76 7993 7976 1
77 15769 15737 1
78 7941 7925 1
79 31435 31374 1
80 31411 31351 1
81 15818 15788 1
82 31442 31394 1
83 15755 15731 1
84 31415 31368 1
85 31410 31364 1
86 31411 31365 1
87 62696 62607 1
88 31424 31383 1
89 31447 31406 1
90 31430 31392 1
91 31414 31377 1
92 15755 15738 1
93 15825 15808 1
94 4029 4025 1
95 2086 2084 1
96 31431 31401 1
97 2138 2136 1
98 15802 15788 1
99 34 2 1
100 7925 7914 1
101 62690 62601 1
102 7924 7917 1
103 62694 62640 0
104 31436 31409 1
105 31447 31449 0
106 62693 62669 0
107 15776 15788 0
108 31441 31417 0
109 31443 31419 0
110 7928 7922 1
111 62662 62618 0
112 125195 125108 0
113 2090 2097 0
114 31391 31372 0
115 31404 31385 0
116 15767 15758 1
117 62661 62626 0
118 125199 125130 0
119 62646 62612 0
120 62654 62621 0
121 4015 4013 0
122 125180 125122 0
123 125171 125117 0
124 125191 125139 0
125 31386 31373 0
126 31430 31417 0
127 62677 62653 0
128 31362 31354 0
129 7976 7974 0
130 19 19 1
131 15729 15731 0
132 7969 7971 0
133 15816 15820 0
134 15810 15814 0
135 15727 15734 0
136 4077 4079 0
137 4041 4043 0
138 7995 8002 0
139 4081 4088 0
140 4044 4052 0
141 4016 4025 0
142 2074 2079 0
143 4077 4091 0
144 2128 2137 1
145 2078 2091 0
146 2085 2099 0
147 2126 2145 0
148 85 90 0
149 44 49 0
150 61 72 0
151 69 90 0
152 33 48 0
153 7 24 0
154 250161 250120 0
155 125174 125162 0
156 250158 250110 0
157 250169 250122 0
158 250172 250105 0
159 62624 62608 0
160 500200 500145 0
161 250199 250165 0
162 500140 500127 0
163 62675 62674 0
164 500196 500189 0
165 250160 250157 0
166 31425 31424 0
167 62664 62658 0
168 250164 250160 0
169 500154 500150 0
170 250134 250111 0
171 250164 250147 0
172 500196 500166 0
173 250194 250175 0
174 500180 500173 0
175 31410 31409 0
176 250155 250147 0
177 250142 250127 0
178 125173 125167 0
179 500145 500110 0
180 125195 125186 0
181 500177 500159 0
182 125122 125113 0
183 500197 500183 0
184 125152 125148 0
185 125162 125156 0
186 250117 250108 0
187 250187 250169 0
188 500191 500146 0
189 62676 62671 0
190 125181 125142 0
191 250193 250117 0
192 125167 125133 0
193 250198 250116 0
194 125174 125139 0
195 125180 125135 0
196 250160 250118 0
197 62621 62612 0
198 250184 250125 0
199 125173 125143 0
200 500200 500145 0
201 125195 125182 0
202 500160 500103 0
203 500186 500135 0
204 250169 250144 0
205 500173 500115 0
206 250171 250132 0
207 500185 500101 0
208 250130 250106 0
209 125183 125164 0
210 125140 125119 0
211 250187 250123 0
212 125120 125105 0
213 62675 62666 0
214 31373 31386 0
215 15794 15825 0
216 15764 15797 0
217 15766 15794 0
218 15772 15803 0
219 15763 15819 0
220 15779 15802 0
221 31379 31444 0
222 62622 62694 0
223 15777 15820 0
224 62631 62651 0
225 62635 62662 0
226 15778 15790 0
227 62623 62638 0
228 15739 15796 0
229 62623 62691 0
230 15775 15792 0
231 15753 15781 0
232 62632 62679 0
233 62637 62685 0
234 62617 62675 0
235 15787 15812 0
236 15740 15766 0
237 62644 62684 0
238 31362 31437 0
239 7992 8010 0
240 62647 62650 0
241 7927 7987 0
242 62620 62650 0
243 62681 62687 0
244 62649 62683 0
245 7966 8001 0
246 7959 7995 0
247 62653 62698 0
248 62645 62674 0
249 62643 62699 0
250 62649 62673 0
251 62663 62663 0
252 15737 15777 0
253 7967 8006 0
254 62629 62629 0
255 15800 15808 0
256 7955 7996 0
257 7924 7960 0
258 7938 7971 0
259 62622 62670 0
260 62638 62668 0
261 7935 7997 0
262 62605 62675 0
263 62612 62654 0
264 62628 62642 0
265 62639 62680 0
266 125176 125183 0
267 7941 8000 0
268 7935 8001 0
269 7956 7991 0
270 7967 7983 0
271 125114 125189 0
272 7927 7952 0
273 125108 125195 0
274 7927 7995 0
275 7935 7986 0
276 125144 125147 0
277 125126 125181 0
278 7950 7990 0
279 31422 31448 0
280 4008 4091 0
281 125108 125123 0
282 125105 125181 0
283 4037 4067 0
284 4033 4057 0
285 15740 15799 0
286 125158 125199 0
287 15752 15814 0
288 4014 4040 0
289 125123 125139 0
290 125128 125190 0
291 4014 4091 0
292 4045 4069 0
293 125138 125156 0
294 4019 4039 0
295 125132 125136 0
296 15732 15772 0
297 4030 4102 0
298 125189 125198 0
299 4048 4086 0
300 4046 4092 0
301 125138 125182 0
302 125131 125135 0
303 125108 125191 0
304 125109 125185 0
305 125118 125119 0
306 125113 125190 0
307 4026 4070 0
308 4025 4062 0
309 125110 125156 0
310 15740 15785 0
311 15784 15798 0
312 250101 250149 0
313 250103 250157 0
314 250105 250126 0
315 250173 250174 0
316 250111 250200 0
317 4057 4097 0
318 250115 250151 0
319 2057 2120 0
320 2098 2145 0
321 250138 250145 0
322 2070 2114 0
323 15772 15792 0
324 2081 2150 0
325 250138 250200 0
326 31390 31436 0
327 31407 31420 0
328 31428 31447 0
329 2093 2141 0
330 2062 2150 0
331 250131 250159 0
332 2062 2153 0
333 2057 2141 0
334 2054 2114 0
335 250170 250198 0
336 250159 250161 0
337 250149 250157 0
338 2062 2144 0
339 250110 250140 0
340 250101 250170 0
341 2077 2133 0
342 250138 250193 0
343 250106 250194 0
344 2080 2137 0
345 2063 2115 0
346 250139 250170 0
347 2070 2102 0
348 250131 250190 0
349 2100 2135 0
350 500107 500117 0
351 2080 2148 0
352 500146 500147 0
353 500109 500200 0
354 31370 31426 0
355 500135 500199 0
356 31423 31442 0
357 2072 2141 0
358 500185 500182 0
359 31351 31381 0
360 500181 500191 0
361 23 49 0
362 31358 31390 0
363 500121 500166 0
364 500115 500154 0
365 500126 500146 0
366 500158 500169 0
367 500110 500160 0
368 500130 500147 0
369 500135 500147 0
370 500106 500193 0
371 500109 500114 0
372 55 92 0
373 500122 500121 0
374 24 73 0
375 500110 500139 0
376 46 78 0
377 31395 31422 0
378 4 57 0
379 31379 31426 0
380 31445 31450 0
381 500141 500170 0
382 500140 500189 0
383 43 68 0
384 500151 500176 0
385 500104 500162 0
386 500164 500193 0
387 500101 500111 0
388 21 50 0
389 31369 31378 0
390 16 91 0
391 9 82 0
392 29 83 0
393 42 67 0
394 500110 500132 0
395 8 73 0
396 500123 500161 0
397 31389 31434 0
398 31382 31438 0
399 31427 31445 0
--------------
1000000 :c
1003901 :sum(p)
999998 :sum(w)
