400 :n
id p,w,x
--------------
0 2146 2083 1
1 2117 2070 1
2 15825 15746 1
3 8004 7933 1
4 79 20 1
5 7976 7914 1
6 88 24 1
7 7995 7934 1
8 7991 7937 1
9 7990 7943 1
10 8006 7933 1
11 7999 7943 1
12 7978 7914 1
13 7986 7940 1
14 8011 7937 1
15 2138 2068 1
16 7995 7933 1
17 57 5 1
18 2108 2055 1
19 2151 2108 1
20 4093 4014 1
21 4068 4021 1
22 4096 4018 1
23 4102 4016 1
24 84 2 1
25 4103 4046 1
26 92 14 1
27 2130 2073 1
28 15814 15738 1
29 16 2 1
30 70 39 1
31 26 16 1
32 64 41 1
33 75 51 1
34 76 59 1
35 53 42 1
36 96 82 1
37 2104 2074 1
38 2080 2059 1
39 2135 2115 1
40 4066 4031 1
41 2070 2055 1
42 2073 2058 1
43 2108 2093 1
44 2115 2100 1
45 2078 2068 1
46 2123 2113 1
47 7964 7928 1
48 7949 7914 1
49 2133 2124 1
50 4048 4031 1
51 15820 15754 1
52 8008 7975 1
53 2103 2095 1
54 2117 2109 0
55 2131 2123 0
56 8012 7982 1
57 4072 4057 1
58 15816 15758 1
59 4106 4091 1
60 7954 7927 1
61 15788 15740 1
62 15820 15772 1
63 31449 31354 1
64 15809 15763 1
65 15782 15737 1
66 31437 31351 1
67 15786 15744 1
68 7975 7954 1
69 7987 7968 1
70 8002 7984 1
71 7958 7942 1
72 2095 2091 0
73 15775 15746 1
74 31426 31371 1
75 15799 15776 1
76 2135 2132 0
77 62687 62604 1
78 31423 31383 1
79 7955 7945 1
80 62688 62610 1
81 62678 62603 1
82 4049 4026 1
83 15803 15785 0
84 2114 2112 0
85 62682 62626 1
86 62660 62607 1
87 62676 62623 1
88 4082 4046 1
89 15809 15778 1
90 15750 15729 0
91 31448 31424 1
92 62657 62612 0
93 15808 15805 0
94 31444 31439 0
95 8 98 0
96 125185 125100 0
97 31427 31406 1
98 62656 62618 0
99 62692 62657 0
100 7970 7966 0
101 4084 4105 0
102 7994 7990 0
103 62631 62602 0
104 62652 62623 0
105 62673 62645 0
106 15748 15741 0
107 125159 125106 0
108 31426 31413 0
109 31432 31419 0
110 62638 62614 0
111 62667 62643 0
112 31368 31356 0
113 31431 31419 0
114 31366 31355 0
115 31433 31422 0
116 250189 250106 0
117 125171 125130 0
118 15749 15744 0
119 31444 31435 0
120 62662 62646 0
121 4069 4068 0
122 62638 62623 0
123 62683 62669 0
124 62687 62673 0
125 31378 31371 0
126 62691 62681 0
127 62619 62610 0
128 31428 31424 0
129 7973 7972 0
130 62628 62621 0
131 62604 62601 0
132 7942 7942 0
133 15753 15754 0
134 15730 15731 0
135 31417 31419 0
136 31395 31397 0
137 31440 31444 0
138 15731 15742 0
139 7956 7962 0
140 8004 8011 0
141 7968 7975 0
142 15786 15802 0
143 15775 15793 0
144 4070 4077 0
145 4034 4041 0
146 4037 4045 0
147 4009 4017 0
148 7988 8007 0
149 4081 4091 0
150 7951 7971 0
151 7947 7968 0
152 4041 4052 0
153 7913 7935 0
154 7960 7987 0
155 4071 4090 0
156 4047 4067 0
157 4061 4082 0
158 4042 4064 0
159 4045 4068 0
160 2104 2118 0
161 4068 4096 0
162 4048 4076 0
163 4045 4076 0
164 2061 2078 0
165 2135 2153 0
166 2117 2137 0
167 2113 2136 0
168 2093 2117 0
169 2070 2094 0
170 2080 2105 0
171 2107 2137 0
172 2054 2084 0
173 29 30 0
174 47 53 0
175 50 57 0
176 64 78 0
177 70 90 0
178 49 65 0
179 22 35 0
180 3 5 0
181 31 52 0
182 30 61 0
183 11 30 0
184 1 4 0
185 125155 125146 0
186 500182 500143 0
187 500130 500118 0
188 500188 500109 0
189 500199 500192 0
190 500193 500117 0
191 125159 125127 0
192 500137 500121 0
193 125162 125137 0
194 500121 500108 0
195 125197 125181 0
196 125111 125103 0
197 125131 125115 0
198 500145 500131 0
199 125138 125137 0
200 125164 125147 0
201 125192 125177 0
202 500167 500127 0
203 125177 125142 0
204 125135 125100 0
205 500191 500159 0
206 500178 500114 0
207 250155 250152 0
208 500179 500135 0
209 250167 250131 0
210 250129 250109 0
211 500171 500137 0
212 250173 250132 0
213 250163 250159 0
214 500168 500161 0
215 250198 250168 0
216 500171 500148 0
217 250185 250132 0
218 500158 500124 0
219 500180 500179 0
220 500187 500159 0
221 500161 500109 0
222 500123 500108 0
223 500153 500142 0
224 500198 500156 0
225 250152 250137 0
226 250179 250130 0
227 250173 250145 0
228 250157 250133 0
229 250192 250168 0
230 500140 500133 0
231 250139 250109 0
232 250164 250102 0
233 125120 125110 0
234 500140 500107 0
235 500164 500139 0
236 500164 500102 0
237 15742 15790 0
238 15765 15805 0
239 62604 62684 0
240 62631 62665 0
241 62674 62699 0
242 62633 62640 0
243 62605 62690 0
244 15729 15772 0
245 15738 15793 0
246 62628 62693 0
247 7940 7990 0
248 62623 62666 0
249 62646 62694 0
250 62627 62696 0
251 7931 7979 0
252 62650 62679 0
253 7916 7946 0
254 125182 125194 0
255 7919 7953 0
256 15750 15814 0
257 125129 125195 0
258 7918 8006 0
259 62657 62689 0
260 125104 125149 0
261 125148 125185 0
262 125155 125173 0
263 125127 125128 0
264 125172 125183 0
265 125101 125107 0
266 125120 125168 0
267 125170 125176 0
268 125130 125182 0
269 125168 125169 0
270 7943 7997 0
271 125123 125187 0
272 125169 125184 0
273 62678 62684 0
274 125116 125173 0
275 15730 15757 0
276 125109 125191 0
277 125106 125138 0
278 7938 7981 0
279 15745 15789 0
280 125116 125198 0
281 4024 4074 0
282 4059 4096 0
283 125129 125181 0
284 62631 62639 0
285 62672 62697 0
286 62618 62651 0
287 125128 125157 0
288 15795 15818 0
289 4009 4043 0
290 15742 15818 0
291 125137 125156 0
292 125101 125136 0
293 62638 62687 0
294 4038 4072 0
295 125148 125192 0
296 4010 4047 0
297 15766 15810 0
298 125112 125157 0
299 62621 62698 0
300 4042 4099 0
301 125104 125123 0
302 4013 4087 0
303 4039 4077 0
304 62632 62660 0
305 4012 4066 0
306 250166 250180 0
307 250178 250183 0
308 15758 15819 0
309 31354 31443 0
310 250104 250152 0
311 4063 4095 0
312 31406 31432 0
313 4009 4054 0
314 15760 15806 0
315 250165 250169 0
316 31361 31397 0
317 4043 4106 0
318 4030 4069 0
319 2094 2136 0
320 15726 15812 0
321 15726 15793 0
322 2066 2130 0
323 250134 250194 0
324 250111 250128 0
325 250104 250164 0
326 2064 2124 0
327 250145 250159 0
328 250132 250144 0
329 15757 15825 0
330 250145 250166 0
331 250109 250137 0
332 250114 250153 0
333 250113 250194 0
334 250146 250146 0
335 2094 2137 0
336 250107 250159 0
337 15746 15806 0
338 250131 250161 0
339 31415 31431 0
340 31414 31446 0
341 250154 250175 0
342 15728 15785 0
343 250130 250130 0
344 250108 250152 0
345 250134 250190 0
346 250130 250154 0
347 2097 2145 0
348 250113 250150 0
349 250154 250162 0
350 15754 15798 0
351 250147 250193 0
352 250134 250193 0
353 2111 2146 0
354 2100 2141 0
355 31352 31427 0
356 2105 2152 0
357 500101 500176 0
358 31373 31384 0
359 500139 500195 0
360 500155 500173 0
361 500102 500113 0
362 31405 31441 0
363 39 95 0
364 31379 31391 0
365 22 94 0
366 10 71 0
367 500163 500176 0
368 31425 31439 0
369 31369 31416 0
370 500128 500190 0
371 500107 500184 0
372 500155 500170 0
373 21 66 0
374 53 94 0
375 40 85 0
376 31379 31406 0
377 31372 31450 0
378 6 67 0
379 10 84 0
380 31368 31393 0
381 500155 500187 0
382 31356 31443 0
383 6 97 0
384 500132 500148 0
385 23 78 0
386 9 87 0
387 10 58 0
388 31396 31443 0
389 31389 31434 0
390 31358 31429 0
391 31 66 0
392 500131 500187 0
393 53 93 0
394 500152 500195 0
395 31379 31390 0
396 500164 500193 0
397 500123 500171 0
398 31375 31442 0
399 31362 31375 0
--------------
1000000 :c
1003692 :sum(p)
999999 :sum(w)
