400 :n
id p,w,x
--------------
0 2109 2067 1
1 8011 7941 1
2 68 47 1
3 2147 2101 1
4 66 47 1
5 4094 4048 1
6 89 52 1
7 4080 4045 1
8 64 33 1
9 14 1 1
10 65 30 1
11 49 5 1
12 4104 4023 1
13 4073 4017 1
14 4083 4027 1
15 83 1 1
16 58 44 1
17 50 10 1
18 58 41 1
19 2106 2067 1
20 38 11 1
21 4083 4018 1
22 46 16 1
23 34 19 1
24 94 67 1
25 60 35 1
26 46 33 1
27 8007 7939 1
28 2126 2078 1
29 2142 2126 1
30 2094 2056 1
31 2132 2111 1
32 2136 2074 1
33 2143 2055 1
34 2091 2066 1
35 2138 2054 1
36 4099 4015 1
37 2153 2130 1
38 8001 7937 1
39 8010 7927 1
40 4041 4007 1
41 7997 7916 1
42 4090 4064 1
43 8001 7953 1
44 7948 7931 1
45 4097 4081 1
46 7934 7913 1
47 4068 4043 1
48 4050 4029 1
49 4081 4051 1
50 2099 2084 1
51 4046 4034 1
52 7960 7919 1
53 4031 4014 1
54 15778 15740 1
55 4088 4071 1
56 7939 7919 1
57 4042 4032 1
58 7994 7944 1
59 2111 2102 1
60 15805 15751 1
61 4038 4020 1
62 4097 4084 1
63 8008 7966 1
64 4035 4019 1
65 7982 7932 1
66 15786 15726 1
67 15806 15726 1
68 2086 2078 1
69 15820 15744 1
70 31437 31370 1
71 4017 4007 1
72 7941 7918 1
73 70 68 1
74 94 92 1
75 2140 2135 1
76 31433 31367 1
77 15760 15727 1
78 15772 15739 1
79 15804 15771 1
80 15817 15784 1
81 31443 31378 1
82 15800 15768 1
83 7980 7964 1
84 31420 31363 1
85 15778 15750 1
86 15782 15755 1
87 7947 7934 1
88 31448 31401 1
89 2080 2077 0
90 62691 62610 1
91 31441 31401 1
92 15798 15778 1
93 7980 7970 1
94 4033 4028 1
95 7963 7954 1
96 31406 31372 1
97 15777 15760 1
98 62678 62611 1
99 31423 31390 1
100 4102 4098 0
101 2146 2144 0
102 15770 15756 0
103 7974 7967 1
104 4088 4057 1
105 31405 31352 1
106 62661 62607 1
107 31402 31375 1
108 62683 62630 0
109 62699 62664 0
110 4059 4096 0
111 1 6 0
112 62679 62627 0
113 15774 15763 0
114 125199 125116 0
115 15765 15755 0
116 62697 62658 0
117 31375 31356 0
118 62658 62622 0
119 62674 62639 0
120 31375 31358 0
121 31405 31390 0
122 31430 31416 0
123 62668 62641 0
124 62670 62647 0
125 7918 7916 0
126 4010 4009 0
127 31427 31420 0
128 31431 31424 0
129 31433 31430 0
130 7980 7980 0
131 2092 2092 0
132 2129 2130 0
133 85 86 0
134 74 75 1
135 92 95 1
136 71 78 0
137 8 15 0
138 500183 500120 0
139 250198 250119 0
140 250200 250121 0
141 250168 250121 0
142 125190 125168 0
143 500182 500109 0
144 250182 250140 0
145 500176 500105 0
146 500200 500122 0
147 250155 250103 0
148 250177 250131 0
149 62679 62659 0
150 250166 250120 0
151 250194 250110 0
152 62687 62673 0
153 125194 125168 0
154 250176 250127 0
155 250191 250157 0
156 125145 125116 0
157 125177 125116 0
158 125148 125115 0
159 125142 125125 0
160 125184 125114 0
161 62691 62682 0
162 62686 62675 0
163 31373 31376 0
164 500177 500132 0
165 62630 62688 0
166 31378 31397 0
167 62604 62628 0
168 31375 31390 0
169 31402 31417 0
170 62624 62678 0
171 31426 31446 0
172 62650 62675 0
173 62638 62663 0
174 62606 62664 0
175 62681 62676 0
176 62645 62658 0
177 62634 62678 0
178 62660 62666 0
179 62635 62653 0
180 62670 62690 0
181 62697 62696 0
182 62686 62691 0
183 31358 31383 0
184 31429 31442 0
185 62614 62653 0
186 62609 62632 0
187 125145 125165 0
188 125112 125197 0
189 125174 125198 0
190 31410 31432 0
191 125113 125159 0
192 31376 31381 0
193 125127 125126 0
194 31398 31399 0
195 125108 125172 0
196 125154 125191 0
197 125182 125185 0
198 125165 125190 0
199 125111 125198 0
200 125102 125185 0
201 125125 125175 0
202 15731 15736 0
203 125182 125179 0
204 125178 125189 0
205 125124 125168 0
206 125121 125121 0
207 15801 15802 0
208 125134 125144 0
209 125133 125125 0
210 125151 125147 0
211 125146 125153 0
212 15799 15809 0
213 15780 15780 0
214 125188 125196 0
215 125147 125167 0
216 125162 125155 0
217 125132 125187 0
218 125116 125147 0
219 125131 125121 0
220 125125 125189 0
221 62644 62658 0
222 125109 125101 0
223 125128 125160 0
224 62643 62672 0
225 250123 250153 0
226 15730 15739 0
227 250129 250143 0
228 250129 250154 0
229 15820 15822 0
230 250104 250118 0
231 250116 250132 0
232 250128 250119 0
233 250173 250193 0
234 250142 250154 0
235 250118 250155 0
236 250154 250144 0
237 250135 250145 0
238 250146 250136 0
239 7927 7931 0
240 250192 250187 0
241 250154 250144 0
242 250167 250192 0
243 7953 7959 0
244 250102 250106 0
245 250105 250127 0
246 250185 250170 0
247 250142 250157 0
248 250113 250159 0
249 250145 250125 0
250 250168 250194 0
251 250135 250172 0
252 250126 250148 0
253 250181 250196 0
254 250161 250165 0
255 250183 250198 0
256 250126 250180 0
257 250152 250151 0
258 250147 250175 0
259 500156 500183 0
260 62605 62634 0
261 500123 500192 0
262 500154 500156 0
263 500109 500146 0
264 500104 500108 0
265 500139 500147 0
266 7987 7989 0
267 500111 500103 0
268 500159 500187 0
269 500138 500158 0
270 500119 500164 0
271 500109 500111 0
272 500115 500116 0
273 500185 500149 0
274 500177 500143 0
275 500147 500106 0
276 500176 500132 0
277 500181 500184 0
278 500146 500166 0
279 500185 500149 0
280 500122 500145 0
281 500199 500185 0
282 500105 500154 0
283 500146 500142 0
284 500148 500121 0
285 500168 500199 0
286 500147 500159 0
287 500107 500112 0
288 500196 500155 0
289 500146 500173 0
290 500138 500193 0
291 500159 500195 0
292 500167 500139 0
293 500140 500187 0
294 500115 500114 0
295 62649 62658 0
296 62666 62682 0
297 62632 62689 0
298 62610 62622 0
299 125147 125123 0
300 500173 500124 0
301 125172 125116 0
302 62691 62672 0
303 125185 125122 0
304 7966 7994 0
305 7950 7965 0
306 7960 7981 0
307 4008 4017 0
308 4053 4075 0
309 7954 8003 0
310 4015 4026 0
311 7934 7993 0
312 7997 8012 0
313 4014 4077 0
314 7917 7984 0
315 7938 7984 0
316 4042 4059 0
317 4048 4090 0
318 4009 4102 0
319 7946 7994 0
320 7925 7995 0
321 7944 8007 0
322 7946 7980 0
323 7955 7963 0
324 7971 7997 0
325 2105 2137 0
326 2059 2139 0
327 7931 7947 0
328 2130 2145 0
329 2106 2118 0
330 2114 2136 0
331 2057 2067 0
332 2076 2100 0
333 7929 7947 0
334 15761 15816 0
335 2104 2115 0
336 2085 2111 0
337 15750 15769 0
338 15738 15784 0
339 2071 2088 0
340 2066 2129 0
341 2089 2125 0
342 2092 2098 0
343 15764 15812 0
344 15774 15791 0
345 2089 2101 0
346 2093 2122 0
347 15743 15815 0
348 15769 15809 0
349 2101 2119 0
350 15758 15792 0
351 2054 2146 0
352 15741 15822 0
353 2063 2081 0
354 15801 15825 0
355 15761 15793 0
356 2058 2142 0
357 2088 2143 0
358 15731 15821 0
359 15727 15771 0
360 30 91 0
361 4010 4052 0
362 15796 15820 0
363 5 52 0
364 28 60 0
365 15788 15804 0
366 15758 15791 0
367 15788 15803 0
368 31362 31437 0
369 4021 4076 0
370 15 36 0
371 31354 31388 0
372 31390 31437 0
373 31385 31444 0
374 49 100 0
375 31409 31446 0
376 52 71 0
377 31380 31423 0
378 22 41 0
379 2 59 0
380 31397 31438 0
381 24 81 0
382 19 92 0
383 31370 31436 0
384 31388 31428 0
385 31362 31449 0
386 13 50 0
387 31351 31406 0
388 23 74 0
389 31360 31396 0
390 4013 4096 0
391 31356 31407 0
392 6 96 0
393 4036 4072 0
394 4014 4058 0
395 38 80 0
396 50 94 0
397 62607 62689 0
398 4054 4074 0
399 4018 4048 0
--------------
1000000 :c
1003771 :sum(p)
1000000 :sum(w)
