400 :n
id p,w,x
--------------
0 60 12 1
1 60 15 1
2 85 25 1
3 94 34 1
4 72 29 1
5 96 41 1
6 69 35 1
7 82 45 1
8 23 13 1
9 65 41 1
10 36 28 1
11 69 57 1
12 50 44 1
13 96 85 1
14 22 20 1
15 2150 2063 1
16 2141 2076 1
17 2140 2077 1
18 2132 2075 1
19 46 45 1
20 2132 2088 1
21 2121 2079 1
22 4084 4008 1
23 4103 4030 1
24 2118 2083 1
25 2133 2102 1
26 4086 4028 1
27 4102 4049 1
28 8004 7917 1
29 8007 7922 1
30 4085 4044 1
31 7998 7924 1
32 2101 2082 1
33 4051 4015 1
34 2080 2062 1
35 2083 2065 1
36 2105 2088 1
37 2142 2125 1
38 4081 4049 1
39 4106 4077 1
40 4051 4023 1
41 2073 2059 1
42 2108 2094 1
43 8011 7959 1
44 4081 4058 1
45 4102 4079 1
46 15822 15740 1
47 15822 15746 1
48 15802 15728 1
49 2085 2076 1
50 15799 15731 1
51 15797 15731 1
52 4043 4027 1
53 4082 4066 1
54 2064 2056 1
55 15820 15762 1
56 4101 4086 1
57 7977 7948 1
58 15811 15756 1
59 4050 4037 1
60 7957 7934 1
61 7979 7956 1
62 15814 15769 1
63 7939 7918 1
64 31444 31361 1
65 15793 15752 1
66 7939 7923 1
67 57 16 1
68 31442 31363 1
69 7982 7962 1
70 7992 7973 1
71 31420 31365 1
72 15825 15790 1
73 4095 4086 1
74 15792 15758 1
75 31442 31376 1
76 15788 15760 1
77 31424 31366 1
78 15809 15778 1
79 31443 31384 1
80 62697 62611 1
81 31434 31391 1
82 7984 7971 1
83 31426 31386 1
84 31434 31381 1
85 31434 31383 1
86 31412 31371 1
87 2115 2110 1
88 4035 4027 1
89 4053 4045 1
90 7998 7986 1
91 7954 7945 1
92 31425 31391 1
93 15819 15778 1
94 62675 62601 1
95 15764 15743 1
96 31413 31382 0
97 15783 15768 1
98 31395 31366 0
99 31441 31437 0
100 4063 4069 0
101 62659 62644 0
102 62695 62638 0
103 15783 15769 1
104 15754 15742 0
105 4043 4042 1
106 62695 62649 0
107 62698 62652 0
108 62647 62606 0
109 62685 62644 0
110 62660 62621 0
111 125199 125126 0
112 125198 125138 0
113 62634 62606 0
114 62700 62672 0
115 62632 62606 0
116 31403 31390 0
117 125185 125135 0
118 125180 125131 0
119 31393 31381 0
120 62629 62607 0
121 125157 125117 0
122 15747 15742 0
123 125143 125106 0
124 7993 8002 0
125 125180 125147 0
126 62628 62612 0
127 62671 62623 0
128 15772 15790 0
129 62679 62630 0
130 31360 31355 0
131 62646 62640 0
132 15740 15739 0
133 31433 31432 0
134 31358 31358 0
135 2142 2142 1
136 31352 31353 0
137 31412 31416 0
138 31433 31438 0
139 7913 7915 0
140 15821 15825 0
141 31364 31372 0
142 31362 31374 0
143 31367 31380 0
144 15803 15810 0
145 15737 15744 0
146 31401 31415 0
147 31402 31419 0
148 15783 15792 0
149 31374 31393 0
150 31394 31417 0
151 31401 31425 0
152 2138 2140 0
153 2095 2097 1
154 15767 15783 0
155 15736 15753 0
156 7914 7925 0
157 15774 15796 0
158 15729 15751 0
159 15777 15800 0
160 15740 15764 0
161 4014 4021 0
162 7918 7932 0
163 7976 7991 0
164 15756 15787 0
165 15740 15771 0
166 7943 7959 0
167 7989 8006 0
168 4034 4043 0
169 7944 7962 0
170 7977 7996 0
171 4064 4074 0
172 4063 4074 0
173 7976 7998 0
174 4013 4025 0
175 7987 8012 0
176 7970 7995 0
177 7926 7951 0
178 7921 7946 0
179 4015 4028 0
180 2066 2073 0
181 4075 4089 0
182 7950 7979 0
183 4015 4031 0
184 7955 7987 0
185 4058 4076 0
186 4040 4060 0
187 4037 4057 0
188 7957 7997 0
189 2057 2068 0
190 7925 7969 0
191 7928 7973 0
192 2126 2141 0
193 4062 4093 0
194 2090 2107 0
195 4032 4065 0
196 2062 2080 0
197 4062 4105 0
198 4047 4091 0
199 4029 4073 0
200 4040 4085 0
201 2114 2138 0
202 4026 4072 0
203 2087 2119 0
204 2076 2112 0
205 2059 2097 0
206 2102 2146 0
207 2097 2142 0
208 2059 2105 0
209 2055 2101 0
210 2072 2120 0
211 82 90 0
212 7 8 0
213 77 91 0
214 74 98 0
215 6 8 0
216 68 96 0
217 8 12 1
218 64 96 0
219 27 43 0
220 61 99 0
221 44 72 0
222 55 90 0
223 49 83 0
224 50 92 0
225 13 28 0
226 19 47 0
227 7 26 0
228 3 46 0
229 250178 250121 0
230 500161 500119 0
231 250161 250112 0
232 250148 250107 0
233 500178 500110 0
234 125152 125123 0
235 125151 125129 0
236 500174 500125 0
237 250174 250144 0
238 500200 500120 0
239 250155 250105 0
240 250189 250114 0
241 250177 250112 0
242 250144 250105 0
243 125127 125105 0
244 250196 250169 0
245 500178 500115 0
246 500153 500110 0
247 250116 250181 0
248 250197 250195 0
249 125120 125157 0
250 125136 125128 0
251 7928 7997 0
252 15767 15819 0
253 15754 15810 0
254 125104 125186 0
255 250118 250192 0
256 125110 125139 0
257 250147 250157 0
258 125190 125184 0
259 250130 250162 0
260 125153 125156 0
261 7914 7972 0
262 250158 250173 0
263 125143 125199 0
264 250147 250162 0
265 250101 250177 0
266 125112 125177 0
267 250104 250171 0
268 250143 250190 0
269 7943 7999 0
270 250144 250169 0
271 7948 8012 0
272 62670 62697 0
273 250128 250171 0
274 15730 15797 0
275 7923 7971 0
276 7928 7975 0
277 7920 7997 0
278 15734 15788 0
279 250156 250163 0
280 125183 125179 0
281 125139 125154 0
282 4008 4088 0
283 125107 125119 0
284 15727 15798 0
285 250111 250180 0
286 4022 4085 0
287 250122 250155 0
288 250151 250145 0
289 250103 250108 0
290 125170 125189 0
291 250146 250136 0
292 250113 250199 0
293 125104 125149 0
294 250147 250176 0
295 125149 125180 0
296 250176 250168 0
297 15773 15819 0
298 15736 15817 0
299 125106 125104 0
300 250112 250150 0
301 125150 125168 0
302 250159 250189 0
303 125116 125116 0
304 250148 250141 0
305 250145 250198 0
306 125143 125183 0
307 125111 125153 0
308 125158 125195 0
309 250120 250185 0
310 250190 250174 0
311 250162 250149 0
312 62616 62696 0
313 125102 125160 0
314 250174 250169 0
315 250141 250196 0
316 125119 125192 0
317 125138 125143 0
318 250106 250139 0
319 500160 500147 0
320 500178 500181 0
321 500130 500164 0
322 125114 125149 0
323 500139 500148 0
324 125174 125165 0
325 500102 500115 0
326 125124 125190 0
327 31391 31450 0
328 31362 31388 0
329 125132 125156 0
330 31384 31415 0
331 2093 2146 0
332 31402 31438 0
333 500111 500142 0
334 500166 500165 0
335 31415 31442 0
336 500182 500173 0
337 31366 31410 0
338 500154 500167 0
339 125104 125158 0
340 500145 500156 0
341 500176 500164 0
342 2054 2140 0
343 125144 125154 0
344 2067 2132 0
345 500187 500164 0
346 2063 2147 0
347 31362 31413 0
348 125157 125166 0
349 62674 62695 0
350 500136 500104 0
351 62653 62691 0
352 500172 500165 0
353 500134 500140 0
354 500159 500192 0
355 2061 2125 0
356 500128 500123 0
357 62625 62643 0
358 500106 500185 0
359 62665 62700 0
360 500134 500111 0
361 500157 500184 0
362 500177 500148 0
363 500108 500149 0
364 500156 500148 0
365 500176 500136 0
366 31352 31385 0
367 11 87 0
368 500141 500133 0
369 500176 500159 0
370 62624 62662 0
371 500137 500115 0
372 62638 62699 0
373 62646 62660 0
374 31411 31447 0
375 62613 62624 0
376 500180 500160 0
377 62603 62669 0
378 9 80 0
379 500154 500122 0
380 500112 500132 0
381 500136 500167 0
382 26 89 0
383 62628 62683 0
384 62628 62650 0
385 62613 62628 0
386 62637 62688 0
387 500139 500151 0
388 500124 500181 0
389 500114 500162 0
390 62669 62693 0
391 20 82 0
392 62620 62681 0
393 62650 62673 0
394 62608 62633 0
395 3 84 0
396 62608 62604 0
397 62676 62688 0
398 62616 62690 0
399 62659 62662 0
--------------
1000000 :c
1003700 :sum(p)
999999 :sum(w)
