400 :n
id p,w,x
--------------
0 8006 7969 1
1 8000 7961 1
2 88 13 1
3 78 11 1
4 72 41 1
5 7995 7944 1
6 7994 7924 1
7 83 39 1
8 93 58 1
9 95 15 1
10 7992 7915 1
11 66 12 1
12 4080 4019 1
13 4088 4012 1
14 69 25 1
15 8004 7924 1
16 94 34 1
17 51 21 1
18 59 8 1
19 58 9 1
20 82 42 1
21 2116 2060 1
22 2152 2057 1
23 2138 2106 1
24 2144 2093 1
25 2121 2080 1
26 2138 2056 1
27 2138 2075 1
28 2113 2063 1
29 4104 4052 1
30 2111 2054 1
31 2143 2089 1
32 8004 7931 1
33 2121 2093 1
34 15813 15757 1
35 2138 2098 1
36 4103 4061 1
37 2093 2058 1
38 4095 4027 1
39 2122 2079 1
40 4094 4020 1
41 4075 4011 1
42 4076 4041 1
43 4057 4014 1
44 4088 4028 1
45 15809 15751 1
46 8012 7940 1
47 4061 4030 1
48 15824 15737 1
49 15816 15748 1
50 4047 4015 1
51 23 13 1
52 42 30 1
53 60 44 1
54 74 58 1
55 23 19 1
56 76 71 1
57 2133 2106 1
58 2097 2082 1
59 4105 4078 1
60 4048 4022 1
61 4067 4042 1
62 2131 2118 1
63 4105 4080 1
64 2097 2085 1
65 4066 4046 1
66 4083 4064 1
67 4050 4033 1
68 4022 4007 1
69 8009 7980 1
70 4072 4058 1
71 15814 15761 1
72 4090 4077 1
73 2076 2070 0
74 15816 15772 1
75 15792 15750 1
76 15801 15759 1
77 15803 15761 1
78 31439 31357 1
79 15812 15772 1
80 31429 31351 1
81 15769 15731 1
82 31424 31353 1
83 4066 4057 1
84 4090 4081 1
85 31427 31365 1
86 4089 4081 1
87 31412 31353 1
88 4084 4077 1
89 62699 62601 1
90 62697 62601 1
91 15772 15748 1
92 15797 15773 0
93 7958 7946 1
94 8010 7998 1
95 31445 31398 1
96 31419 31375 1
97 62692 62604 1
98 7939 7928 1
99 7991 7980 1
100 58 18 1
101 62689 62601 1
102 62696 62611 1
103 62685 62601 0
104 31392 31352 0
105 62695 62629 0
106 7931 7922 1
107 15797 15781 0
108 7984 7989 0
109 62674 62603 0
110 62685 62616 0
111 31423 31389 0
112 500187 500111 0
113 15795 15777 0
114 4077 4095 0
115 7949 7941 1
116 4057 4053 1
117 15749 15734 0
118 62690 62633 0
119 62665 62611 0
120 31450 31424 0
121 15815 15803 0
122 125195 125106 0
123 125187 125100 0
124 62689 62647 0
125 31427 31407 0
126 15801 15791 0
127 7945 7940 1
128 62643 62604 0
129 62653 62615 0
130 15740 15731 0
131 15764 15755 0
132 62653 62620 0
133 62677 62647 0
134 31376 31361 0
135 31369 31355 0
136 15793 15787 0
137 7968 7965 0
138 15751 15746 0
139 62649 62630 0
140 62676 62660 0
141 62683 62667 0
142 31449 31441 0
143 15803 15799 0
144 4018 4017 1
145 31395 31388 0
146 31449 31443 0
147 15772 15769 0
148 31372 31368 0
149 62663 62656 0
150 4 4 1
151 7922 7923 0
152 31427 31432 0
153 15822 15825 0
154 31428 31434 0
155 31400 31406 0
156 31361 31369 0
157 15726 15731 0
158 15791 15797 0
159 31436 31449 0
160 31393 31406 0
161 4024 4026 0
162 31426 31444 0
163 7928 7933 0
164 7924 7929 0
165 31428 31449 0
166 31412 31433 0
167 31394 31415 0
168 31381 31402 0
169 31405 31427 0
170 4026 4029 0
171 15765 15777 0
172 31356 31383 0
173 31369 31398 0
174 15808 15823 0
175 4018 4022 0
176 7968 7976 0
177 15802 15818 0
178 15754 15772 0
179 7922 7933 0
180 15734 15759 0
181 15730 15757 0
182 15778 15810 0
183 7925 7944 0
184 7923 7942 0
185 15778 15821 0
186 15777 15822 0
187 15771 15817 0
188 7928 7954 0
189 7917 7944 0
190 7944 7973 0
191 4035 4050 0
192 7952 7985 0
193 4054 4075 0
194 7956 8000 0
195 7962 8008 0
196 2061 2073 0
197 7953 8000 0
198 7951 7998 0
199 4032 4056 0
200 2104 2117 0
201 7954 8004 0
202 4009 4035 0
203 4013 4040 0
204 2102 2117 0
205 2086 2101 0
206 2124 2141 0
207 4036 4069 0
208 7922 7988 0
209 2064 2083 0
210 2107 2128 0
211 2120 2144 0
212 2058 2083 0
213 2091 2119 0
214 2113 2142 0
215 2111 2144 0
216 2092 2126 0
217 2054 2088 0
218 2057 2102 0
219 2079 2127 0
220 2086 2140 0
221 2074 2131 0
222 2071 2132 0
223 2085 2148 0
224 2060 2135 0
225 46 48 0
226 30 34 0
227 86 100 0
228 37 44 0
229 65 78 0
230 62 78 0
231 62 94 0
232 58 89 0
233 28 43 0
234 58 90 0
235 53 83 0
236 31 52 0
237 48 89 0
238 34 71 0
239 14 32 0
240 33 100 0
241 21 85 0
242 13 77 0
243 8 49 0
244 7924 8003 0
245 125181 125153 0
246 125165 125102 0
247 250129 250116 0
248 250183 250198 0
249 125110 125148 0
250 250136 250157 0
251 250156 250175 0
252 15731 15812 0
253 250192 250135 0
254 125116 125191 0
255 125148 125186 0
256 250132 250179 0
257 250192 250169 0
258 250198 250146 0
259 125101 125145 0
260 250133 250159 0
261 250120 250147 0
262 7919 7999 0
263 7914 7991 0
264 125152 125133 0
265 7918 7993 0
266 250127 250162 0
267 125122 125172 0
268 250158 250118 0
269 125163 125149 0
270 7924 8007 0
271 15743 15821 0
272 125142 125122 0
273 250149 250150 0
274 125147 125190 0
275 125161 125140 0
276 125100 125106 0
277 250114 250157 0
278 125127 125179 0
279 250127 250133 0
280 250175 250168 0
281 125113 125121 0
282 250166 250178 0
283 250182 250169 0
284 4008 4096 0
285 250160 250121 0
286 250134 250103 0
287 125151 125139 0
288 250190 250137 0
289 250130 250158 0
290 125173 125168 0
291 250164 250189 0
292 250157 250164 0
293 125131 125121 0
294 62631 62694 0
295 4014 4099 0
296 250182 250131 0
297 15726 15786 0
298 250173 250164 0
299 250161 250194 0
300 125115 125182 0
301 250127 250101 0
302 250197 250164 0
303 250169 250101 0
304 250136 250134 0
305 125135 125127 0
306 31360 31428 0
307 31357 31403 0
308 125157 125111 0
309 250198 250165 0
310 250169 250130 0
311 250198 250173 0
312 250200 250178 0
313 250157 250136 0
314 250190 250121 0
315 250180 250152 0
316 250167 250122 0
317 250116 250196 0
318 500196 500196 0
319 125138 125151 0
320 500183 500150 0
321 31360 31444 0
322 500195 500169 0
323 500196 500137 0
324 31360 31402 0
325 500164 500126 0
326 500112 500144 0
327 31354 31429 0
328 125188 125187 0
329 125168 125144 0
330 31384 31428 0
331 125183 125184 0
332 500147 500155 0
333 500132 500105 0
334 125126 125103 0
335 125146 125136 0
336 500139 500176 0
337 500149 500188 0
338 500118 500141 0
339 500171 500179 0
340 500142 500196 0
341 31390 31446 0
342 500191 500115 0
343 125108 125103 0
344 31369 31434 0
345 125154 125140 0
346 125132 125116 0
347 500184 500180 0
348 500152 500187 0
349 500104 500152 0
350 500156 500124 0
351 31394 31439 0
352 500189 500103 0
353 62653 62673 0
354 62610 62620 0
355 125104 125111 0
356 62679 62675 0
357 62605 62629 0
358 500153 500144 0
359 62604 62667 0
360 62660 62691 0
361 125198 125147 0
362 500198 500155 0
363 125180 125131 0
364 500134 500105 0
365 500106 500145 0
366 125116 125177 0
367 500180 500179 0
368 62642 62686 0
369 62635 62656 0
370 62626 62636 0
371 500101 500198 0
372 500147 500186 0
373 62647 62648 0
374 62665 62697 0
375 500180 500168 0
376 125114 125107 0
377 500187 500122 0
378 500175 500154 0
379 125107 125188 0
380 125184 125165 0
381 62606 62628 0
382 500110 500135 0
383 62653 62695 0
384 62643 62640 0
385 500185 500168 0
386 62628 62632 0
387 500103 500147 0
388 500134 500128 0
389 500145 500147 0
390 500143 500167 0
391 62674 62670 0
392 62602 62630 0
393 500192 500155 0
394 125103 125103 0
395 500137 500116 0
396 500116 500158 0
397 500177 500151 0
398 62622 62693 0
399 62638 62671 0
--------------
1000000 :c
1004522 :sum(p)
1000000 :sum(w)
