400 :n
id p,w,x
--------------
0 4096 4022 1
1 4072 4026 1
2 95 4 1
3 15809 15758 1
4 4078 4041 1
5 15821 15761 1
6 45 22 1
7 15793 15729 1
8 4105 4033 1
9 55 21 1
10 80 12 1
11 15813 15764 1
12 4070 4042 1
13 88 54 1
14 92 56 1
15 38 11 1
16 82 61 1
17 4106 4017 1
18 7991 7939 1
19 79 62 1
20 99 26 1
21 48 3 1
22 4045 4018 1
23 4049 4022 1
24 2130 2068 1
25 7949 7915 1
26 7985 7932 1
27 2150 2082 1
28 8007 7975 1
29 8011 7930 1
30 2143 2124 1
31 8007 7970 1
32 8007 7950 1
33 8003 7978 1
34 8004 7921 1
35 7989 7929 1
36 4078 4023 1
37 4082 4058 1
38 2083 2063 1
39 15802 15754 1
40 2148 2071 1
41 2103 2085 1
42 4083 4037 1
43 4102 4037 1
44 4051 4021 1
45 4069 4017 1
46 2135 2112 1
47 2127 2060 1
48 4088 4007 1
49 2099 2070 1
50 2150 2060 1
51 2132 2100 1
52 4097 4050 1
53 2147 2061 1
54 31428 31370 1
55 15818 15782 1
56 31419 31356 1
57 31450 31363 1
58 31447 31353 1
59 31446 31379 1
60 15771 15738 1
61 31436 31379 1
62 15805 15758 1
63 31431 31370 1
64 31441 31363 1
65 31437 31375 1
66 5 1 1
67 12 7 1
68 44 32 1
69 60 55 1
70 26 24 1
71 2069 2057 1
72 2092 2084 1
73 2112 2104 1
74 4032 4018 1
75 4086 4073 1
76 2110 2104 1
77 7956 7934 1
78 7991 7970 1
79 4091 4081 1
80 7983 7964 1
81 4039 4031 1
82 7946 7932 1
83 15822 15796 1
84 31409 31358 1
85 31436 31385 1
86 15758 15734 1
87 4092 4086 1
88 15823 15800 1
89 31444 31400 1
90 31400 31360 1
91 15771 15751 1
92 7940 7930 1
93 15764 15746 1
94 15801 15783 1
95 4071 4051 1
96 31399 31361 1
97 62676 62607 1
98 62680 62614 0
99 62665 62616 0
100 62699 62636 0
101 31432 31429 0
102 80 85 0
103 15784 15768 1
104 7995 7987 1
105 62676 62617 0
106 62693 62634 0
107 62672 62616 0
108 4087 4096 1
109 7963 7956 0
110 62682 62631 0
111 31418 31394 0
112 31424 31400 0
113 7986 7980 1
114 62659 62613 0
115 31431 31409 0
116 62648 62605 0
117 62651 62608 0
118 7976 7971 0
119 62668 62629 0
120 31390 31374 0
121 15764 15757 0
122 15766 15759 0
123 31397 31389 0
124 31397 31389 0
125 15777 15774 0
126 31394 31390 0
127 31420 31417 0
128 31429 31426 0
129 15727 15726 0
130 15808 15807 0
131 7921 7921 0
132 7928 7932 0
133 7923 7930 0
134 4063 4072 0
135 2134 2139 0
136 4085 4096 0
137 2140 2147 0
138 2077 2087 0
139 2139 2150 0
140 2086 2098 0
141 2071 2083 0
142 2108 2121 0
143 62 67 0
144 89 97 0
145 59 66 0
146 73 85 0
147 64 75 0
148 28 38 0
149 23 34 0
150 125195 125101 0
151 250119 250107 0
152 62652 62632 0
153 125199 125170 0
154 125189 125113 0
155 62670 62645 0
156 125177 125157 0
157 62694 62685 0
158 125172 125148 0
159 500163 500126 0
160 500176 500154 0
161 500168 500132 0
162 62697 62681 0
163 250197 250136 0
164 250193 250118 0
165 125161 125129 0
166 125164 125114 0
167 125169 125116 0
168 500150 500127 0
169 125196 125148 0
170 125156 125150 0
171 62623 62615 0
172 500138 500118 0
173 125180 125164 0
174 125195 125133 0
175 125174 125133 0
176 500147 500113 0
177 125176 125134 0
178 250173 250109 0
179 250163 250128 0
180 125186 125115 0
181 250188 250132 0
182 250179 250127 0
183 250177 250143 0
184 125184 125140 0
185 125174 125135 0
186 500159 500105 0
187 250155 250121 0
188 250167 250153 0
189 250199 250119 0
190 500197 500183 0
191 250189 250168 0
192 250195 250144 0
193 250200 250187 0
194 250150 250129 0
195 250192 250136 0
196 500167 500108 0
197 500184 500139 0
198 125173 125142 0
199 62646 62640 0
200 500153 500110 0
201 500184 500150 0
202 500190 500111 0
203 500184 500168 0
204 500190 500120 0
205 125131 125115 0
206 125199 125104 0
207 62658 62652 0
208 62653 62626 0
209 500133 500113 0
210 125148 125143 0
211 62685 62659 0
212 500174 500119 0
213 250172 250162 0
214 250161 250133 0
215 125195 125148 0
216 500138 500113 0
217 62665 62661 0
218 15774 15806 0
219 31379 31421 0
220 15742 15781 0
221 15730 15822 0
222 31354 31443 0
223 31355 31413 0
224 15735 15776 0
225 31410 31415 0
226 15783 15816 0
227 15803 15803 0
228 15768 15823 0
229 15774 15786 0
230 62647 62664 0
231 62611 62677 0
232 62604 62697 0
233 62637 62658 0
234 62660 62689 0
235 62633 62644 0
236 15734 15739 0
237 15748 15805 0
238 62684 62687 0
239 62662 62681 0
240 62660 62697 0
241 62616 62689 0
242 62617 62683 0
243 7950 7972 0
244 7956 8011 0
245 7919 8007 0
246 62635 62689 0
247 7915 7949 0
248 62624 62690 0
249 7942 8012 0
250 62621 62686 0
251 62688 62694 0
252 62602 62644 0
253 7988 8000 0
254 7924 7972 0
255 7940 8010 0
256 62639 62669 0
257 31359 31420 0
258 7965 7986 0
259 62614 62674 0
260 125100 125174 0
261 7913 7932 0
262 125100 125110 0
263 31389 31397 0
264 7917 7979 0
265 31379 31434 0
266 7961 7976 0
267 7942 7954 0
268 125114 125167 0
269 7980 8002 0
270 125106 125149 0
271 7923 7958 0
272 125117 125164 0
273 7946 7978 0
274 125120 125186 0
275 7997 8012 0
276 7937 7949 0
277 125132 125160 0
278 125136 125159 0
279 125117 125158 0
280 4062 4091 0
281 125123 125125 0
282 125116 125181 0
283 125142 125153 0
284 4025 4068 0
285 125145 125148 0
286 4025 4061 0
287 125180 125185 0
288 4014 4075 0
289 4017 4099 0
290 125138 125186 0
291 4019 4095 0
292 4066 4103 0
293 125124 125126 0
294 4038 4078 0
295 4043 4088 0
296 4055 4099 0
297 4016 4061 0
298 125160 125165 0
299 31387 31402 0
300 125144 125166 0
301 250112 250169 0
302 15744 15789 0
303 250139 250150 0
304 250154 250195 0
305 15726 15775 0
306 250115 250136 0
307 250164 250162 0
308 250105 250181 0
309 250102 250111 0
310 4023 4095 0
311 250156 250174 0
312 4027 4050 0
313 4014 4080 0
314 250126 250185 0
315 250153 250180 0
316 250104 250169 0
317 250102 250163 0
318 4059 4097 0
319 2100 2150 0
320 250135 250152 0
321 2080 2141 0
322 2117 2137 0
323 250111 250190 0
324 250109 250125 0
325 15780 15789 0
326 250121 250186 0
327 2104 2132 0
328 2065 2114 0
329 2054 2146 0
330 250179 250187 0
331 250144 250181 0
332 2075 2111 0
333 250125 250150 0
334 2103 2125 0
335 2092 2148 0
336 2061 2107 0
337 250117 250140 0
338 31421 31449 0
339 250109 250105 0
340 250105 250150 0
341 2077 2121 0
342 500172 500170 0
343 500137 500135 0
344 2061 2126 0
345 2078 2095 0
346 500105 500146 0
347 31367 31447 0
348 2082 2141 0
349 15781 15812 0
350 500179 500170 0
351 2054 2112 0
352 15802 15815 0
353 2084 2112 0
354 500151 500187 0
355 31360 31429 0
356 500125 500127 0
357 15740 15754 0
358 2054 2093 0
359 48 73 0
360 500146 500134 0
361 10 28 0
362 35 63 0
363 29 88 0
364 15794 15812 0
365 500144 500180 0
366 43 65 0
367 52 96 0
368 26 58 0
369 11 88 0
370 500177 500170 0
371 500190 500192 0
372 24 82 0
373 4 23 0
374 500142 500167 0
375 500121 500133 0
376 500149 500195 0
377 500180 500190 0
378 500142 500150 0
379 57 80 0
380 500148 500137 0
381 500106 500153 0
382 25 63 0
383 34 93 0
384 31351 31413 0
385 21 46 0
386 15728 15796 0
387 500173 500171 0
388 15739 15771 0
389 500122 500198 0
390 500111 500161 0
391 500125 500168 0
392 500161 500168 0
393 11 72 0
394 31379 31400 0
395 15762 15773 0
396 31357 31360 0
397 63 79 0
398 31383 31448 0
399 31377 31443 0
--------------
1000000 :c
1004051 :sum(p)
1000000 :sum(w)
