400 :n
id p,w,x
--------------
0 2150 2068 1
1 31450 31381 1
2 7987 7931 1
3 8004 7915 1
4 2152 2071 1
5 2128 2057 1
6 81 36 1
7 2137 2058 1
8 91 16 1
9 2101 2064 1
10 2147 2104 1
11 53 6 1
12 7999 7939 1
13 2146 2074 1
14 31437 31358 1
15 15822 15766 1
16 15816 15727 1
17 31440 31363 1
18 4105 4042 1
19 7982 7940 1
20 2103 2057 1
21 8002 7945 1
22 65 2 1
23 93 48 1
24 31438 31358 1
25 2139 2060 1
26 55 18 1
27 8008 7957 1
28 59 9 1
29 81 25 1
30 93 33 1
31 4069 4024 1
32 4094 4045 1
33 15790 15739 1
34 4081 4041 1
35 22 1 1
36 37 4 1
37 23 7 1
38 73 44 1
39 88 55 1
40 45 30 1
41 65 44 1
42 66 49 1
43 33 25 1
44 73 56 1
45 91 77 1
46 65 58 1
47 13 12 1
48 2089 2061 1
49 2145 2120 1
50 2123 2102 1
51 2096 2077 1
52 4040 4011 1
53 4092 4063 1
54 2083 2071 1
55 2105 2093 1
56 4077 4056 1
57 7990 7950 1
58 7978 7939 1
59 4037 4018 1
60 4091 4072 1
61 4049 4031 1
62 7960 7926 1
63 2135 2126 1
64 7983 7950 1
65 4054 4038 1
66 4039 4024 1
67 4099 4084 1
68 7968 7941 1
69 7978 7952 1
70 4057 4045 1
71 7965 7942 1
72 2098 2092 1
73 15794 15753 1
74 15769 15729 1
75 7963 7943 1
76 4035 4025 1
77 2081 2076 1
78 15805 15771 1
79 7988 7971 1
80 7942 7927 1
81 31434 31378 1
82 7968 7954 1
83 31446 31394 1
84 15752 15726 1
85 15760 15734 1
86 15824 15799 1
87 7934 7922 1
88 7990 7978 1
89 31443 31399 1
90 7934 7923 1
91 62688 62603 1
92 31423 31383 1
93 7959 7939 1
94 15785 15766 1
95 15790 15773 1
96 15822 15805 1
97 31403 31371 0
98 31412 31380 1
99 62688 62609 1
100 62674 62609 1
101 15756 15739 1
102 7971 7963 1
103 15762 15747 1
104 31412 31384 0
105 4105 4105 1
106 50 88 0
107 15817 15812 0
108 62689 62634 0
109 31397 31372 0
110 31431 31406 0
111 15812 15800 1
112 15757 15748 0
113 62658 62622 0
114 62697 62660 0
115 31393 31376 0
116 125181 125113 0
117 125196 125121 0
118 125189 125123 0
119 62660 62627 0
120 4025 4023 0
121 31371 31357 0
122 31395 31381 0
123 62696 62669 0
124 31392 31379 0
125 15756 15750 0
126 15794 15788 1
127 62647 62625 0
128 31432 31423 0
129 31365 31357 0
130 31357 31351 0
131 31442 31437 0
132 31444 31439 0
133 7955 7954 0
134 7970 7969 0
135 15774 15773 0
136 4092 4092 0
137 15742 15743 0
138 4019 4021 0
139 7969 7973 0
140 4043 4046 0
141 4033 4036 0
142 7950 7956 0
143 7930 7936 0
144 7964 7975 0
145 7916 7929 0
146 2130 2134 0
147 4084 4093 0
148 4032 4041 0
149 4023 4032 0
150 4013 4025 0
151 4064 4077 0
152 2142 2150 0
153 4061 4077 0
154 2086 2097 0
155 2087 2099 0
156 2087 2103 0
157 65 66 1
158 51 62 0
159 40 53 0
160 28 43 0
161 125199 125183 0
162 500137 500101 0
163 250141 250116 0
164 250132 250114 0
165 500182 500133 0
166 125187 125131 0
167 125148 125114 0
168 125180 125141 0
169 500167 500129 0
170 500175 500139 0
171 125166 125141 0
172 250163 250114 0
173 125187 125135 0
174 62627 62614 0
175 125161 125101 0
176 500194 500145 0
177 125173 125151 0
178 250170 250101 0
179 125196 125186 0
180 250139 250117 0
181 125180 125121 0
182 250150 250113 0
183 250182 250105 0
184 250196 250160 0
185 250130 250109 0
186 62677 62677 0
187 125156 125153 0
188 125166 125161 0
189 62636 62638 0
190 125119 125121 0
191 125190 125189 0
192 125180 125177 0
193 125192 125194 0
194 125174 125181 0
195 125170 125163 0
196 250187 250182 0
197 250190 250181 0
198 250157 250166 0
199 250157 250170 0
200 250185 250170 0
201 250178 250192 0
202 250146 250152 0
203 250137 250152 0
204 250138 250131 0
205 250179 250192 0
206 500138 500165 0
207 500125 500101 0
208 500176 500180 0
209 500120 500114 0
210 500176 500167 0
211 500185 500195 0
212 500163 500166 0
213 500163 500148 0
214 500200 500197 0
215 500142 500171 0
216 500199 500179 0
217 500194 500165 0
218 500136 500151 0
219 500141 500162 0
220 500135 500125 0
221 500153 500129 0
222 500103 500127 0
223 500188 500186 0
224 500131 500165 0
225 500152 500138 0
226 62626 62625 0
227 500139 500130 0
228 125190 125197 0
229 62670 62671 0
230 62609 62613 0
231 250149 250131 0
232 250164 250104 0
233 62672 62664 0
234 250182 250150 0
235 250198 250105 0
236 250158 250111 0
237 250192 250167 0
238 250160 250107 0
239 62641 62624 0
240 500193 500156 0
241 250189 250172 0
242 62672 62668 0
243 62662 62645 0
244 500190 500130 0
245 500171 500138 0
246 125131 125110 0
247 62626 62620 0
248 250147 250113 0
249 125140 125122 0
250 250166 250113 0
251 500197 500145 0
252 125191 125170 0
253 125193 125156 0
254 7923 7975 0
255 500104 500146 0
256 31366 31416 0
257 7976 7993 0
258 31409 31425 0
259 31410 31428 0
260 7914 7949 0
261 7931 7959 0
262 31400 31450 0
263 31420 31425 0
264 31354 31410 0
265 31368 31444 0
266 31372 31376 0
267 31368 31402 0
268 31419 31439 0
269 7929 7985 0
270 7924 8005 0
271 31378 31429 0
272 7920 7962 0
273 31395 31409 0
274 31368 31392 0
275 31378 31404 0
276 7944 7997 0
277 15791 15815 0
278 15743 15787 0
279 4022 4048 0
280 15737 15751 0
281 4051 4093 0
282 15771 15802 0
283 7914 7934 0
284 31358 31418 0
285 31355 31379 0
286 4023 4095 0
287 7938 7988 0
288 4020 4073 0
289 31409 31445 0
290 31362 31414 0
291 62604 62614 0
292 4031 4065 0
293 62673 62685 0
294 4010 4033 0
295 62652 62667 0
296 15757 15799 0
297 4053 4093 0
298 62625 62637 0
299 15753 15790 0
300 62637 62687 0
301 15732 15803 0
302 62617 62689 0
303 62624 62693 0
304 62631 62700 0
305 62643 62669 0
306 4042 4060 0
307 4014 4043 0
308 15773 15819 0
309 62624 62694 0
310 62640 62676 0
311 62660 62690 0
312 4058 4104 0
313 4012 4079 0
314 7914 8000 0
315 4030 4062 0
316 62643 62694 0
317 4058 4106 0
318 62615 62621 0
319 62669 62691 0
320 62644 62651 0
321 2128 2150 0
322 15765 15789 0
323 2113 2145 0
324 62647 62695 0
325 62619 62664 0
326 2056 2140 0
327 62614 62695 0
328 62611 62653 0
329 125104 125140 0
330 125108 125188 0
331 2108 2135 0
332 2068 2119 0
333 2092 2141 0
334 125113 125187 0
335 125160 125194 0
336 125131 125143 0
337 2055 2129 0
338 2069 2144 0
339 15732 15806 0
340 125100 125129 0
341 125135 125179 0
342 125114 125151 0
343 15730 15801 0
344 15739 15779 0
345 2076 2111 0
346 2086 2114 0
347 15766 15792 0
348 2073 2129 0
349 125164 125177 0
350 2065 2103 0
351 2057 2149 0
352 2066 2137 0
353 2088 2118 0
354 125155 125199 0
355 125131 125176 0
356 2083 2119 0
357 2075 2127 0
358 125107 125119 0
359 125153 125171 0
360 125130 125144 0
361 250125 250196 0
362 250151 250194 0
363 20 42 0
364 30 73 0
365 12 83 0
366 39 93 0
367 250155 250194 0
368 41 71 0
369 250166 250196 0
370 15747 15781 0
371 250147 250176 0
372 250159 250187 0
373 250140 250166 0
374 15761 15778 0
375 250127 250166 0
376 250112 250191 0
377 55 93 0
378 250113 250146 0
379 15729 15772 0
380 250115 250179 0
381 500120 500192 0
382 500107 500178 0
383 500139 500182 0
384 31 78 0
385 34 73 0
386 27 100 0
387 500151 500200 0
388 20 47 0
389 17 56 0
390 500114 500196 0
391 27 55 0
392 500117 500188 0
393 500114 500197 0
394 500122 500186 0
395 500103 500196 0
396 51 99 0
397 15759 15792 0
398 15761 15786 0
399 15772 15800 0
--------------
1000000 :c
1003791 :sum(p)
1000000 :sum(w)
