400 :n
id p,w,x
--------------
0 4035 4015 1
1 4098 4074 1
2 4104 4014 1
3 4084 4044 1
4 4086 4029 1
5 15791 15742 1
6 39 25 1
7 15770 15734 1
8 60 41 1
9 82 33 1
10 2128 2100 1
11 8007 7945 1
12 2135 2061 1
13 4106 4027 1
14 8011 7952 1
15 55 40 1
16 15804 15728 1
17 89 40 1
18 15816 15783 1
19 15782 15741 1
20 7972 7914 1
21 4100 4065 1
22 15809 15772 1
23 2149 2073 1
24 8004 7935 1
25 84 54 1
26 4092 4073 1
27 2113 2086 1
28 31450 31388 1
29 8012 7978 1
30 8011 7931 1
31 4091 4061 1
32 4093 4056 1
33 36 6 1
34 31441 31368 1
35 8007 7975 1
36 2090 2069 1
37 58 10 1
38 100 7 1
39 7965 7933 1
40 7997 7967 1
41 31436 31368 1
42 4095 4055 1
43 31432 31353 1
44 31442 31385 1
45 37 8 1
46 79 42 1
47 8008 7950 1
48 2121 2103 1
49 7978 7925 1
50 31438 31371 1
51 4069 4021 1
52 2146 2126 1
53 2126 2065 1
54 70 14 1
55 2146 2111 1
56 31439 31374 1
57 58 21 1
58 64 13 1
59 4087 4041 1
60 4064 4007 1
61 85 47 1
62 2105 2054 1
63 39 26 1
64 41 36 1
65 2102 2087 1
66 2121 2111 1
67 4085 4069 1
68 4029 4015 1
69 4034 4020 1
70 4029 4017 1
71 2132 2126 1
72 4089 4078 1
73 4019 4009 1
74 4022 4013 1
75 4098 4089 1
76 7971 7954 1
77 7932 7917 1
78 2141 2137 1
79 4092 4085 1
80 7937 7924 1
81 7940 7927 1
82 7996 7983 1
83 15802 15777 1
84 31402 31353 1
85 7927 7915 1
86 2096 2093 1
87 2135 2132 1
88 31416 31374 1
89 15763 15742 1
90 31425 31388 1
91 62688 62616 1
92 15801 15784 1
93 15823 15806 1
94 31419 31386 1
95 7961 7953 0
96 51 28 1
97 62676 62601 1
98 31393 31360 1
99 62664 62602 0
100 31402 31371 1
101 15774 15759 1
102 62696 62665 0
103 8003 8007 0
104 500102 500152 0
105 62685 62627 0
106 62657 62604 0
107 125199 125104 0
108 7937 7931 0
109 62685 62638 0
110 125193 125101 0
111 31433 31410 0
112 125198 125107 0
113 15753 15742 1
114 125197 125110 0
115 125199 125119 0
116 7922 7917 0
117 125199 125120 0
118 62666 62628 0
119 62682 62644 0
120 15814 15805 1
121 31405 31389 0
122 31411 31398 0
123 31447 31434 0
124 15800 15796 0
125 15804 15801 0
126 15817 15814 0
127 15817 15815 0
128 4016 4016 0
129 15822 15822 0
130 15735 15735 0
131 7980 7981 0
132 7926 7927 0
133 2098 2100 0
134 4077 4082 0
135 4061 4066 0
136 4060 4067 0
137 4077 4085 0
138 2101 2106 0
139 2100 2105 0
140 17 23 0
141 14 25 0
142 13 26 0
143 5 11 0
144 125190 125143 0
145 125111 125101 0
146 125190 125177 0
147 62633 62602 0
148 125184 125154 0
149 125143 125146 0
150 250106 250121 0
151 250110 250111 0
152 250168 250170 0
153 62614 62602 0
154 250114 250116 0
155 62684 62685 0
156 250157 250150 0
157 250149 250126 0
158 250150 250157 0
159 250101 250112 0
160 125177 125111 0
161 250186 250143 0
162 250164 250157 0
163 250200 250102 0
164 250178 250102 0
165 250173 250146 0
166 250178 250182 0
167 250141 250101 0
168 250170 250126 0
169 125172 125105 0
170 250120 250114 0
171 31385 31386 0
172 31398 31391 0
173 250150 250122 0
174 250187 250178 0
175 31363 31355 0
176 125194 125149 0
177 31405 31404 0
178 125136 125134 0
179 250157 250136 0
180 250173 250176 0
181 250186 250135 0
182 250165 250114 0
183 250155 250166 0
184 31383 31382 0
185 250155 250143 0
186 250172 250158 0
187 250164 250106 0
188 250192 250122 0
189 250165 250125 0
190 31429 31418 0
191 500146 500154 0
192 500162 500115 0
193 500177 500143 0
194 500200 500191 0
195 500187 500125 0
196 500150 500167 0
197 500188 500120 0
198 500122 500152 0
199 500136 500156 0
200 500188 500117 0
201 500136 500145 0
202 62655 62625 0
203 500126 500145 0
204 500147 500115 0
205 500172 500158 0
206 500179 500164 0
207 500181 500143 0
208 125148 125114 0
209 500186 500107 0
210 500167 500145 0
211 500182 500155 0
212 500184 500145 0
213 500172 500184 0
214 500194 500171 0
215 500192 500150 0
216 500132 500108 0
217 500196 500138 0
218 500163 500151 0
219 500186 500140 0
220 500190 500177 0
221 62664 62646 0
222 500114 500133 0
223 125123 125105 0
224 62628 62617 0
225 62693 62682 0
226 125179 125156 0
227 125166 125126 0
228 125184 125181 0
229 125112 125115 0
230 62627 62623 0
231 62688 62661 0
232 62628 62615 0
233 62641 62638 0
234 125197 125139 0
235 125183 125123 0
236 62643 62628 0
237 62684 62682 0
238 125166 125141 0
239 125165 125167 0
240 125178 125146 0
241 125135 125122 0
242 125187 125152 0
243 15768 15771 0
244 15752 15781 0
245 15738 15758 0
246 15728 15793 0
247 7927 8010 0
248 15729 15749 0
249 15766 15789 0
250 15739 15740 0
251 31361 31410 0
252 31361 31426 0
253 31420 31448 0
254 31353 31423 0
255 7938 7977 0
256 7959 7971 0
257 7979 8000 0
258 31360 31421 0
259 7984 8007 0
260 7938 7966 0
261 31351 31421 0
262 31361 31402 0
263 7950 7978 0
264 15781 15803 0
265 7975 8009 0
266 31399 31402 0
267 7935 8000 0
268 7930 8004 0
269 31357 31449 0
270 31396 31441 0
271 31394 31396 0
272 7954 7962 0
273 7960 8003 0
274 7952 7993 0
275 7947 8011 0
276 15730 15799 0
277 7926 7937 0
278 7945 7980 0
279 31357 31373 0
280 31355 31368 0
281 31368 31409 0
282 31394 31406 0
283 31392 31412 0
284 4017 4092 0
285 31384 31418 0
286 7956 7984 0
287 62610 62622 0
288 62623 62689 0
289 15727 15771 0
290 62670 62683 0
291 4032 4069 0
292 62607 62658 0
293 4028 4042 0
294 4063 4078 0
295 15795 15809 0
296 4037 4060 0
297 62606 62655 0
298 62615 62680 0
299 4024 4071 0
300 62618 62691 0
301 4025 4100 0
302 62601 62664 0
303 4023 4066 0
304 62603 62677 0
305 4050 4097 0
306 62612 62641 0
307 15774 15811 0
308 4009 4069 0
309 62649 62667 0
310 62645 62680 0
311 62605 62648 0
312 62617 62637 0
313 62649 62670 0
314 4059 4094 0
315 4011 4097 0
316 62614 62635 0
317 62624 62656 0
318 62668 62673 0
319 2129 2140 0
320 2089 2117 0
321 125118 125155 0
322 2119 2153 0
323 2055 2116 0
324 125125 125150 0
325 2086 2117 0
326 125109 125175 0
327 2122 2135 0
328 2059 2113 0
329 125102 125141 0
330 125145 125171 0
331 125128 125197 0
332 15775 15813 0
333 15817 15819 0
334 2106 2127 0
335 2095 2135 0
336 125109 125177 0
337 2061 2128 0
338 2072 2141 0
339 2062 2144 0
340 2065 2102 0
341 125113 125177 0
342 2060 2106 0
343 125149 125169 0
344 2080 2133 0
345 2060 2137 0
346 2064 2082 0
347 15731 15746 0
348 125141 125169 0
349 125147 125173 0
350 125102 125183 0
351 2080 2099 0
352 250156 250190 0
353 250150 250180 0
354 2113 2149 0
355 250109 250184 0
356 2105 2149 0
357 250175 250198 0
358 2098 2134 0
359 27 86 0
360 250153 250173 0
361 250128 250195 0
362 250130 250198 0
363 250130 250179 0
364 250106 250179 0
365 250137 250153 0
366 60 90 0
367 35 76 0
368 32 99 0
369 15729 15770 0
370 79 100 0
371 12 68 0
372 26 75 0
373 250132 250160 0
374 7 80 0
375 61 84 0
376 2 26 0
377 18 42 0
378 15805 15814 0
379 3 54 0
380 5 95 0
381 500122 500182 0
382 500109 500163 0
383 15791 15809 0
384 500159 500197 0
385 500119 500162 0
386 2 34 0
387 500146 500189 0
388 35 98 0
389 26 43 0
390 500133 500189 0
391 500103 500170 0
392 500114 500149 0
393 500116 500150 0
394 500136 500183 0
395 8 93 0
396 13 55 0
397 15796 15824 0
398 15823 15825 0
399 15784 15794 0
--------------
1000000 :c
1003690 :sum(p)
999998 :sum(w)
