400 :n
id p,w,x
--------------
0 95 7 1
1 2147 2067 1
2 4097 4008 1
3 4100 4012 1
4 4103 4011 1
5 19 1 1
6 75 5 1
7 74 24 1
8 61 23 1
9 78 33 1
10 82 36 1
11 72 38 1
12 69 38 1
13 30 17 1
14 45 26 1
15 37 24 1
16 93 62 1
17 24 16 1
18 79 53 1
19 98 66 1
20 80 61 1
21 41 32 1
22 85 72 1
23 88 76 1
24 82 71 1
25 54 48 1
26 19 17 1
27 74 67 1
28 2139 2074 1
29 2147 2086 1
30 2140 2081 1
31 2149 2090 1
32 2118 2061 1
33 2109 2060 1
34 2106 2064 1
35 2132 2093 1
36 2150 2112 1
37 2092 2058 1
38 4103 4039 1
39 4070 4007 1
40 2092 2060 1
41 2085 2055 1
42 4064 4008 1
43 4080 4025 1
44 4106 4056 1
45 2082 2057 1
46 2087 2062 1
47 4100 4053 1
48 4084 4039 1
49 4052 4012 1
50 4096 4057 1
51 7991 7920 1
52 7998 7930 1
53 7984 7917 1
54 8011 7953 1
55 4096 4067 1
56 2143 2128 1
57 2150 2135 1
58 4039 4011 1
59 7990 7936 1
60 8004 7951 1
61 8008 7955 1
62 7977 7925 1
63 4081 4055 1
64 4075 4053 1
65 4069 4048 1
66 15813 15734 1
67 15824 15755 1
68 8004 7971 1
69 15798 15735 1
70 4056 4040 1
71 15817 15755 1
72 2119 2111 1
73 4028 4013 1
74 15780 15726 1
75 15818 15766 1
76 15822 15771 1
77 4047 4034 1
78 7945 7921 1
79 7953 7929 1
80 7941 7918 1
81 2072 2066 1
82 2081 2075 1
83 2118 2112 0
84 7985 7964 1
85 31434 31356 1
86 15809 15770 1
87 7997 7978 1
88 15792 15755 1
89 15803 15766 1
90 15824 15787 1
91 15797 15761 1
92 15812 15776 1
93 15764 15729 1
94 31425 31362 1
95 15760 15729 1
96 4086 4078 0
97 31427 31368 1
98 8001 7986 1
99 4042 4035 1
100 15824 15797 1
101 31432 31380 1
102 15811 15787 1
103 7930 7918 0
104 7933 7921 0
105 8012 8000 0
106 62699 62608 1
107 62699 62609 1
108 15772 15751 1
109 31443 31403 1
110 7958 7948 0
111 15763 15745 0
112 34 33 1
113 62696 62624 1
114 62699 62630 1
115 62694 62632 1
116 31408 31378 0
117 62700 62644 0
118 7995 8002 0
119 32 73 0
120 31424 31394 0
121 62675 62618 0
122 15781 15767 0
123 7969 7962 0
124 15786 15774 0
125 31410 31387 0
126 62653 62608 0
127 7985 7996 0
128 31426 31404 0
129 15820 15809 0
130 125196 125109 0
131 125195 125109 0
132 62682 62639 0
133 62684 62641 0
134 62664 62622 0
135 62669 62627 0
136 62671 62629 0
137 31399 31378 0
138 7954 7949 0
139 62671 62634 0
140 31383 31365 0
141 62699 62664 0
142 15761 15753 0
143 125169 125108 0
144 62678 62648 0
145 125176 125117 0
146 125198 125139 0
147 15796 15789 0
148 125156 125101 0
149 62669 62642 0
150 125179 125130 0
151 31399 31388 0
152 31371 31362 0
153 31413 31404 0
154 15809 15806 0
155 15816 15813 0
156 7951 7950 0
157 15 15 0
158 30 30 0
159 4041 4041 0
160 7933 7934 0
161 15776 15778 0
162 7923 7927 0
163 7947 7954 0
164 4021 4025 0
165 7954 7965 0
166 2135 2138 0
167 7953 7965 0
168 2140 2144 0
169 4027 4039 0
170 4057 4070 0
171 2134 2141 0
172 2098 2105 0
173 4030 4044 0
174 2066 2074 0
175 2136 2146 0
176 2092 2102 0
177 2126 2139 0
178 2061 2079 0
179 38 44 0
180 32 52 0
181 62624 62608 0
182 250172 250137 0
183 62640 62626 0
184 125183 125168 0
185 125170 125163 0
186 125160 125148 0
187 125174 125165 0
188 125117 125132 0
189 125164 125157 0
190 125125 125134 0
191 125189 125186 0
192 125143 125147 0
193 125148 125157 0
194 125188 125194 0
195 125153 125148 0
196 125110 125113 0
197 125158 125176 0
198 31396 31397 0
199 250185 250175 0
200 250166 250196 0
201 250163 250144 0
202 250110 250120 0
203 250185 250181 0
204 250167 250197 0
205 250160 250190 0
206 250171 250186 0
207 250122 250118 0
208 250190 250196 0
209 250148 250163 0
210 250115 250147 0
211 250125 250113 0
212 250178 250156 0
213 250127 250152 0
214 250128 250135 0
215 250175 250198 0
216 250152 250177 0
217 250198 250184 0
218 250112 250113 0
219 250166 250150 0
220 250194 250176 0
221 250174 250170 0
222 250151 250172 0
223 500159 500129 0
224 500159 500200 0
225 500192 500176 0
226 500160 500177 0
227 500129 500185 0
228 500141 500157 0
229 500125 500126 0
230 500142 500194 0
231 500126 500111 0
232 500138 500146 0
233 500128 500177 0
234 62645 62640 0
235 500149 500166 0
236 500164 500170 0
237 500171 500183 0
238 500115 500166 0
239 500102 500110 0
240 500106 500151 0
241 500133 500195 0
242 500137 500183 0
243 500164 500151 0
244 500126 500118 0
245 500141 500184 0
246 500104 500133 0
247 500165 500181 0
248 500170 500154 0
249 500173 500172 0
250 500124 500137 0
251 500115 500126 0
252 500137 500164 0
253 62619 62613 0
254 500157 500190 0
255 500121 500101 0
256 500138 500137 0
257 500138 500177 0
258 500162 500198 0
259 500195 500189 0
260 500173 500195 0
261 500122 500171 0
262 500125 500126 0
263 62619 62625 0
264 31440 31442 0
265 62636 62644 0
266 62690 62688 0
267 31394 31390 0
268 31417 31411 0
269 250151 250110 0
270 125175 125156 0
271 250179 250112 0
272 125144 125114 0
273 250200 250161 0
274 15812 15822 0
275 15775 15785 0
276 15743 15757 0
277 31414 31428 0
278 31385 31446 0
279 31368 31379 0
280 31396 31430 0
281 31424 31445 0
282 31382 31411 0
283 31351 31405 0
284 31356 31399 0
285 31422 31450 0
286 31417 31449 0
287 31362 31382 0
288 31430 31445 0
289 31375 31385 0
290 31438 31445 0
291 31424 31429 0
292 31399 31444 0
293 31377 31408 0
294 31363 31386 0
295 62620 62698 0
296 62650 62675 0
297 15786 15807 0
298 62632 62670 0
299 62644 62657 0
300 62654 62693 0
301 62666 62683 0
302 62629 62639 0
303 62620 62671 0
304 62607 62656 0
305 62635 62688 0
306 62612 62622 0
307 125101 125148 0
308 125153 125179 0
309 125100 125131 0
310 125101 125159 0
311 125106 125169 0
312 125159 125181 0
313 125120 125177 0
314 125142 125182 0
315 125149 125198 0
316 125121 125144 0
317 125151 125172 0
318 125124 125164 0
319 125122 125162 0
320 125109 125132 0
321 125171 125192 0
322 125105 125166 0
323 250129 250187 0
324 250131 250182 0
325 250102 250166 0
326 250111 250181 0
327 250121 250199 0
328 15736 15767 0
329 250126 250175 0
330 250132 250180 0
331 250145 250189 0
332 15799 15820 0
333 15769 15798 0
334 15746 15773 0
335 250142 250104 0
336 250186 250152 0
337 250186 250132 0
338 250179 250145 0
339 62675 62661 0
340 62641 62631 0
341 62664 62652 0
342 125193 125147 0
343 500199 500118 0
344 62627 62605 0
345 500200 500122 0
346 62650 62631 0
347 4064 4100 0
348 2093 2119 0
349 2073 2139 0
350 4021 4054 0
351 4015 4038 0
352 4028 4063 0
353 2057 2094 0
354 4026 4095 0
355 2068 2124 0
356 2057 2111 0
357 4041 4085 0
358 4038 4084 0
359 4015 4092 0
360 2059 2094 0
361 4023 4085 0
362 4032 4077 0
363 4045 4093 0
364 4044 4072 0
365 27 69 0
366 4018 4104 0
367 7978 8010 0
368 20 98 0
369 18 58 0
370 1 44 0
371 7 67 0
372 7924 7940 0
373 7975 8000 0
374 7939 7984 0
375 33 57 0
376 7960 7981 0
377 7920 7949 0
378 7933 7956 0
379 7 67 0
380 7956 8004 0
381 7919 7990 0
382 2077 2133 0
383 7958 8006 0
384 3 30 0
385 7922 7947 0
386 7 64 0
387 15768 15810 0
388 1 94 0
389 15727 15809 0
390 15744 15786 0
391 15733 15817 0
392 15726 15757 0
393 31367 31446 0
394 31369 31442 0
395 31379 31441 0
396 31358 31432 0
397 2066 2153 0
398 2054 2144 0
399 2083 2110 0
--------------
1000000 :c
1004393 :sum(p)
1000000 :sum(w)
