400 :n
id p,w,x
--------------
0 4090 4041 1
1 4105 4057 1
2 31423 31352 1
3 87 25 1
4 31436 31367 1
5 31431 31358 1
6 88 69 1
7 85 56 1
8 66 14 1
9 62 3 1
10 69 33 1
11 82 67 1
12 15783 15744 1
13 4077 4008 1
14 38 6 1
15 61 44 1
16 4081 4046 1
17 82 49 1
18 4062 4041 1
19 31443 31366 1
20 84 5 1
21 15820 15739 1
22 62 30 1
23 51 7 1
24 48 18 1
25 87 25 1
26 15812 15766 1
27 2118 2093 1
28 15822 15766 1
29 15812 15753 1
30 15804 15755 1
31 15796 15745 1
32 15789 15756 1
33 15821 15748 1
34 2141 2084 1
35 2140 2080 1
36 2092 2066 1
37 4085 4031 1
38 2087 2060 1
39 4045 4017 1
40 4050 4032 1
41 8008 7924 1
42 8009 7935 1
43 7974 7934 1
44 2152 2121 1
45 8006 7976 1
46 4081 4046 1
47 8005 7954 1
48 8009 7984 1
49 7951 7927 1
50 4068 4049 1
51 4044 4008 1
52 2136 2081 1
53 4073 4044 1
54 31428 31363 1
55 4098 4070 1
56 2147 2115 1
57 2151 2060 1
58 2113 2085 1
59 29 22 1
60 45 38 1
61 53 52 1
62 2082 2068 1
63 2100 2087 1
64 2094 2082 1
65 4037 4024 1
66 2065 2059 1
67 2108 2102 1
68 7950 7932 1
69 31448 31384 1
70 15758 15728 1
71 15806 15776 1
72 7997 7982 0
73 15778 15749 1
74 15800 15771 1
75 15792 15765 1
76 31405 31353 1
77 15822 15796 1
78 62699 62604 1
79 62700 62605 1
80 15765 15742 1
81 2125 2122 1
82 7943 7923 1
83 2127 2124 1
84 15773 15751 0
85 15788 15767 1
86 31449 31410 1
87 15781 15762 0
88 4100 4052 1
89 62684 62606 1
90 62695 62627 1
91 62699 62632 1
92 62664 62602 0
93 62699 62692 0
94 15823 15821 0
95 50 81 0
96 31399 31367 0
97 2123 2121 0
98 62695 62641 0
99 62688 62638 0
100 31393 31369 0
101 4095 4104 0
102 125197 125103 0
103 62649 62602 0
104 31447 31424 0
105 31418 31397 0
106 7933 7928 0
107 4042 4040 0
108 31365 31351 0
109 15760 15753 0
110 7935 7932 0
111 7974 7971 0
112 15748 15744 0
113 15766 15764 0
114 8010 8011 0
115 4040 4041 0
116 2098 2100 0
117 4070 4076 0
118 4061 4069 0
119 4016 4024 0
120 2099 2104 0
121 2060 2066 0
122 2121 2130 0
123 2107 2117 0
124 84 85 0
125 56 58 0
126 79 86 0
127 67 76 0
128 62676 62654 0
129 250146 250115 0
130 250156 250125 0
131 31366 31361 0
132 250158 250128 0
133 125130 125105 0
134 250149 250119 0
135 125197 125165 0
136 62639 62630 0
137 125144 125127 0
138 125138 125104 0
139 250195 250155 0
140 500190 500101 0
141 125122 125107 0
142 250158 250130 0
143 125128 125100 0
144 500197 500107 0
145 125195 125166 0
146 250193 250135 0
147 250179 250153 0
148 250158 250110 0
149 250157 250103 0
150 250185 250124 0
151 250163 250130 0
152 250166 250127 0
153 125123 125104 0
154 250189 250116 0
155 250165 250129 0
156 500186 500126 0
157 62680 62674 0
158 500177 500175 0
159 500184 500136 0
160 250179 250171 0
161 125112 125100 0
162 500156 500130 0
163 125104 125103 0
164 500177 500145 0
165 250132 250120 0
166 500135 500130 0
167 500176 500146 0
168 15804 15804 0
169 31430 31430 0
170 125129 125122 0
171 31430 31430 0
172 125169 125165 0
173 125161 125149 0
174 250151 250144 0
175 250140 250132 0
176 250129 250120 0
177 250139 250124 0
178 250135 250129 0
179 500142 500128 0
180 500189 500153 0
181 500185 500165 0
182 62693 62692 0
183 500170 500141 0
184 62689 62655 0
185 125175 125101 0
186 125189 125141 0
187 125193 125137 0
188 125187 125109 0
189 125198 125127 0
190 62644 62605 0
191 62661 62632 0
192 125198 125141 0
193 62655 62616 0
194 62681 62653 0
195 125174 125106 0
196 62636 62606 0
197 250200 250126 0
198 31379 31398 0
199 31375 31443 0
200 31355 31406 0
201 15766 15825 0
202 31354 31367 0
203 31385 31446 0
204 15731 15756 0
205 15746 15806 0
206 31395 31397 0
207 31358 31428 0
208 62633 62684 0
209 15758 15791 0
210 15769 15820 0
211 15733 15771 0
212 15768 15807 0
213 62605 62675 0
214 62612 62700 0
215 62609 62661 0
216 62672 62686 0
217 62646 62692 0
218 62646 62693 0
219 62618 62618 0
220 62630 62636 0
221 62626 62695 0
222 15760 15771 0
223 15737 15749 0
224 62609 62699 0
225 15730 15791 0
226 15730 15802 0
227 15759 15784 0
228 62626 62683 0
229 62605 62651 0
230 15729 15747 0
231 15726 15789 0
232 62606 62681 0
233 62608 62684 0
234 15758 15795 0
235 62619 62688 0
236 62625 62645 0
237 15759 15803 0
238 62699 62700 0
239 7917 7957 0
240 62635 62676 0
241 7924 7970 0
242 62667 62683 0
243 7926 8010 0
244 7965 7994 0
245 125155 125182 0
246 7918 7990 0
247 125107 125115 0
248 125170 125179 0
249 125130 125160 0
250 7957 7995 0
251 7931 7938 0
252 7946 7953 0
253 7969 7977 0
254 125139 125174 0
255 31419 31433 0
256 7992 8004 0
257 7951 7962 0
258 7953 7980 0
259 125181 125182 0
260 125107 125171 0
261 7964 7994 0
262 7984 8006 0
263 7949 7962 0
264 125144 125199 0
265 7950 7964 0
266 7930 7964 0
267 125111 125155 0
268 125124 125136 0
269 7962 7996 0
270 7978 7996 0
271 7963 7977 0
272 7945 7985 0
273 7959 7985 0
274 7939 8000 0
275 7963 8004 0
276 7934 7995 0
277 125113 125168 0
278 7933 7990 0
279 4043 4069 0
280 125130 125188 0
281 125142 125142 0
282 125125 125160 0
283 4034 4076 0
284 125192 125194 0
285 125107 125141 0
286 4043 4079 0
287 31357 31431 0
288 125165 125193 0
289 125129 125191 0
290 125125 125161 0
291 31379 31444 0
292 4028 4041 0
293 4067 4092 0
294 250153 250163 0
295 250107 250151 0
296 31354 31439 0
297 4027 4068 0
298 31366 31382 0
299 4010 4032 0
300 4016 4042 0
301 4017 4054 0
302 250158 250200 0
303 4066 4084 0
304 250146 250174 0
305 4015 4097 0
306 250118 250188 0
307 250155 250193 0
308 4026 4067 0
309 4024 4063 0
310 4021 4071 0
311 250102 250142 0
312 4015 4091 0
313 4028 4045 0
314 4042 4066 0
315 4021 4035 0
316 31378 31443 0
317 4021 4074 0
318 250105 250178 0
319 250102 250102 0
320 2068 2135 0
321 250140 250162 0
322 2089 2106 0
323 250109 250200 0
324 2110 2123 0
325 2054 2146 0
326 2091 2133 0
327 31418 31420 0
328 250154 250181 0
329 2062 2084 0
330 250109 250115 0
331 250128 250162 0
332 2106 2123 0
333 250166 250175 0
334 250158 250161 0
335 250117 250195 0
336 500167 500177 0
337 2093 2149 0
338 500108 500134 0
339 2137 2151 0
340 2086 2136 0
341 2109 2149 0
342 500101 500190 0
343 31374 31386 0
344 31377 31390 0
345 2071 2119 0
346 500123 500165 0
347 2064 2152 0
348 500131 500143 0
349 500144 500192 0
350 500115 500191 0
351 500139 500147 0
352 500177 500185 0
353 2102 2141 0
354 31363 31424 0
355 2117 2128 0
356 31368 31428 0
357 2089 2141 0
358 2061 2123 0
359 500181 500192 0
360 31357 31446 0
361 11 59 0
362 500124 500175 0
363 500118 500131 0
364 500160 500173 0
365 25 87 0
366 31383 31432 0
367 31363 31377 0
368 25 94 0
369 47 78 0
370 500117 500137 0
371 63 94 0
372 32 65 0
373 2 25 0
374 27 46 0
375 43 90 0
376 500146 500174 0
377 500147 500157 0
378 4 20 0
379 31379 31385 0
380 500122 500125 0
381 500141 500143 0
382 500131 500159 0
383 13 30 0
384 52 94 0
385 22 52 0
386 500142 500148 0
387 500118 500161 0
388 500120 500143 0
389 62 89 0
390 500102 500184 0
391 500144 500171 0
392 500111 500140 0
393 3 16 0
394 500130 500173 0
395 500110 500192 0
396 57 86 0
397 26 90 0
398 31352 31447 0
399 31367 31409 0
--------------
1000000 :c
1003616 :sum(p)
1000000 :sum(w)
