400 :n
id p,w,x
--------------
0 60 37 1
1 82 20 1
2 64 55 1
3 7962 7917 1
4 8005 7963 1
5 15815 15737 1
6 8006 7972 1
7 8006 7933 1
8 15819 15755 1
9 7999 7924 1
10 7979 7946 1
11 8012 7971 1
12 7997 7916 1
13 7960 7914 1
14 7986 7947 1
15 4084 4009 1
16 4090 4064 1
17 64 48 1
18 4096 4014 1
19 4046 4029 1
20 4060 4014 1
21 4088 4061 1
22 70 28 1
23 4046 4019 1
24 4062 4034 1
25 4105 4028 1
26 58 12 1
27 4103 4044 1
28 4091 4065 1
29 2132 2055 1
30 2148 2064 1
31 2144 2081 1
32 2081 2068 1
33 2119 2086 1
34 2136 2121 1
35 2138 2078 1
36 2152 2098 1
37 2145 2114 1
38 2103 2088 1
39 2134 2063 1
40 2146 2123 1
41 2087 2078 1
42 2124 2108 1
43 84 75 1
44 15788 15733 1
45 2143 2088 1
46 2144 2108 1
47 2116 2101 1
48 2110 2083 1
49 2153 2089 1
50 2141 2093 1
51 75 6 1
52 30 9 1
53 59 6 1
54 84 5 1
55 78 57 1
56 99 86 1
57 97 3 1
58 55 12 1
59 41 11 1
60 88 64 1
61 89 42 1
62 53 8 1
63 45 21 1
64 68 13 1
65 31446 31370 1
66 7978 7952 1
67 7989 7967 1
68 7970 7944 1
69 7949 7928 1
70 7997 7975 1
71 7974 7953 1
72 31439 31360 1
73 15769 15733 1
74 7989 7970 1
75 31437 31359 1
76 31424 31358 1
77 31433 31382 1
78 62692 62609 1
79 31445 31404 1
80 15820 15782 1
81 26 20 1
82 4067 4057 1
83 4098 4089 1
84 7951 7936 1
85 7941 7928 1
86 15797 15773 1
87 4071 4065 1
88 15764 15742 1
89 7944 7934 1
90 15800 15781 1
91 15809 15791 1
92 7931 7922 1
93 62686 62618 1
94 7962 7954 1
95 31427 31396 1
96 2090 2088 1
97 15813 15799 0
98 31395 31368 1
99 62689 62638 1
100 31383 31358 1
101 2124 2080 1
102 4032 4017 1
103 31394 31369 1
104 62681 62633 1
105 62687 62651 0
106 62697 62649 0
107 31445 31446 0
108 10 90 0
109 4033 4030 1
110 31378 31357 0
111 125192 125110 0
112 15753 15743 0
113 125179 125102 0
114 125198 125121 0
115 62697 62661 0
116 62644 62609 0
117 125171 125107 0
118 62667 62635 0
119 31444 31428 0
120 7993 7989 0
121 15782 15775 0
122 15793 15786 0
123 125168 125117 0
124 125178 125127 0
125 15798 15792 0
126 62655 62632 0
127 15763 15759 0
128 7953 7951 1
129 15775 15772 0
130 7993 7992 0
131 4096 4099 0
132 44 48 0
133 9 14 0
134 62635 62615 0
135 62668 62650 0
136 250180 250126 0
137 62642 62630 0
138 125176 125141 0
139 250199 250130 0
140 250177 250130 0
141 250179 250110 0
142 125175 125157 0
143 250189 250150 0
144 500196 500127 0
145 31356 31351 0
146 62639 62626 0
147 250189 250136 0
148 250180 250140 0
149 62661 62652 0
150 125166 125150 0
151 125142 125126 0
152 125174 125154 0
153 62691 62675 0
154 31378 31371 0
155 250144 250110 0
156 125150 125125 0
157 125153 125132 0
158 125179 125150 0
159 250190 250137 0
160 500190 500101 0
161 250182 250127 0
162 500194 500107 0
163 250155 250112 0
164 62623 62612 0
165 250190 250125 0
166 62622 62612 0
167 31435 31426 0
168 62683 62677 0
169 500165 500114 0
170 62641 62640 0
171 62679 62676 0
172 62629 62625 0
173 500195 500142 0
174 500185 500148 0
175 500150 500117 0
176 31353 31351 0
177 500166 500151 0
178 15773 15773 0
179 62678 62675 0
180 250197 250196 0
181 500156 500140 0
182 250179 250153 0
183 31364 31362 0
184 250125 250122 0
185 500178 500134 0
186 500193 500182 0
187 250104 250102 0
188 250121 250105 0
189 250183 250153 0
190 250116 250107 0
191 250140 250139 0
192 15817 15816 0
193 500181 500145 0
194 250157 250135 0
195 125111 125104 0
196 250199 250189 0
197 250106 250103 0
198 250107 250105 0
199 125199 125196 0
200 250149 250137 0
201 500194 500135 0
202 500195 500169 0
203 500161 500159 0
204 15740 15739 0
205 500198 500179 0
206 500144 500132 0
207 500167 500195 0
208 500166 500196 0
209 500119 500176 0
210 500152 500172 0
211 500183 500192 0
212 500140 500152 0
213 500131 500184 0
214 500129 500131 0
215 500134 500173 0
216 62679 62681 0
217 500175 500182 0
218 500145 500145 0
219 500157 500172 0
220 62620 62628 0
221 500187 500187 0
222 62668 62673 0
223 500104 500130 0
224 15804 15806 0
225 500145 500181 0
226 500134 500158 0
227 500162 500200 0
228 500137 500190 0
229 62697 62697 0
230 125153 125168 0
231 250157 250174 0
232 125128 125143 0
233 125149 125165 0
234 125117 125126 0
235 250114 250118 0
236 125179 125191 0
237 250167 250167 0
238 125162 125173 0
239 250153 250163 0
240 250124 250154 0
241 250134 250145 0
242 31369 31373 0
243 500102 500105 0
244 250189 250107 0
245 62661 62639 0
246 125148 125111 0
247 7923 7930 0
248 15741 15824 0
249 7919 7963 0
250 15803 15815 0
251 7964 7967 0
252 15735 15792 0
253 15806 15813 0
254 15762 15805 0
255 7932 7938 0
256 7913 7965 0
257 15776 15815 0
258 7926 7986 0
259 7994 7998 0
260 7968 7983 0
261 7945 8001 0
262 15768 15814 0
263 7916 8006 0
264 15734 15794 0
265 15776 15780 0
266 15785 15796 0
267 7913 7986 0
268 15760 15797 0
269 15728 15738 0
270 15748 15755 0
271 15728 15825 0
272 15788 15824 0
273 15744 15755 0
274 15729 15779 0
275 500105 500169 0
276 7929 7950 0
277 7958 7965 0
278 31437 31450 0
279 4033 4105 0
280 4018 4076 0
281 31400 31441 0
282 31359 31450 0
283 4012 4020 0
284 4058 4102 0
285 31410 31425 0
286 4014 4090 0
287 4011 4024 0
288 4089 4097 0
289 31404 31423 0
290 4068 4104 0
291 4059 4074 0
292 4040 4083 0
293 4074 4104 0
294 4019 4042 0
295 31377 31402 0
296 31398 31436 0
297 4035 4078 0
298 4051 4100 0
299 4046 4056 0
300 31396 31447 0
301 31375 31438 0
302 4054 4067 0
303 31395 31431 0
304 31372 31426 0
305 4039 4046 0
306 31364 31427 0
307 31416 31423 0
308 7948 7969 0
309 31384 31434 0
310 4062 4101 0
311 4057 4079 0
312 31360 31444 0
313 4032 4054 0
314 4008 4033 0
315 4035 4101 0
316 31356 31417 0
317 31353 31365 0
318 4044 4069 0
319 31413 31445 0
320 2083 2108 0
321 31419 31424 0
322 31353 31441 0
323 31362 31387 0
324 62640 62662 0
325 62609 62693 0
326 62661 62683 0
327 2068 2104 0
328 62607 62656 0
329 62602 62694 0
330 62659 62674 0
331 62658 62669 0
332 2058 2070 0
333 62604 62695 0
334 62616 62699 0
335 2102 2123 0
336 62610 62621 0
337 2100 2141 0
338 62611 62681 0
339 2134 2143 0
340 62685 62697 0
341 125105 125195 0
342 2133 2146 0
343 2079 2112 0
344 125102 125147 0
345 125145 125163 0
346 2064 2079 0
347 2090 2128 0
348 2063 2137 0
349 2135 2150 0
350 2065 2117 0
351 125104 125125 0
352 125116 125162 0
353 2074 2118 0
354 2065 2095 0
355 2084 2091 0
356 2085 2109 0
357 2055 2071 0
358 125134 125184 0
359 15766 15775 0
360 125142 125193 0
361 125146 125178 0
362 125113 125148 0
363 125110 125153 0
364 39 90 0
365 27 63 0
366 125107 125134 0
367 8 35 0
368 44 73 0
369 125103 125149 0
370 1 63 0
371 15767 15811 0
372 28 94 0
373 125148 125172 0
374 12 96 0
375 125140 125170 0
376 21 65 0
377 125127 125164 0
378 125144 125184 0
379 125103 125141 0
380 250130 250179 0
381 250146 250183 0
382 250121 250182 0
383 250121 250164 0
384 250142 250187 0
385 250131 250171 0
386 52 79 0
387 43 72 0
388 52 60 0
389 250121 250157 0
390 250110 250184 0
391 500111 500180 0
392 45 62 0
393 500109 500195 0
394 13 39 0
395 500132 500200 0
396 52 60 0
397 44 98 0
398 7964 8002 0
399 15780 15817 0
--------------
1000000 :c
1004043 :sum(p)
999998 :sum(w)
