400 :n
id p,w,x
--------------
0 15803 15751 1
1 8001 7926 1
2 92 64 1
3 7994 7919 1
4 83 57 1
5 7986 7943 1
6 27 6 1
7 15822 15782 1
8 15799 15742 1
9 31414 31351 1
10 90 70 1
11 69 29 1
12 36 12 1
13 90 58 1
14 97 8 1
15 7993 7920 1
16 45 21 1
17 100 45 1
18 63 12 1
19 79 31 1
20 15818 15757 1
21 15821 15775 1
22 4098 4040 1
23 87 8 1
24 15817 15773 1
25 2127 2095 1
26 15823 15787 1
27 2129 2054 1
28 2109 2081 1
29 2106 2084 1
30 15781 15741 1
31 2104 2060 1
32 2123 2089 1
33 2152 2112 1
34 2144 2083 1
35 8000 7914 1
36 2140 2073 1
37 4098 4044 1
38 4062 4024 1
39 2120 2086 1
40 2088 2064 1
41 31447 31364 1
42 4099 4037 1
43 2102 2066 1
44 2151 2079 1
45 7990 7930 1
46 31445 31379 1
47 2118 2080 1
48 8002 7962 1
49 2129 2105 1
50 31434 31368 1
51 2117 2094 1
52 31447 31384 1
53 4068 4008 1
54 4065 4017 1
55 7986 7955 1
56 15807 15745 1
57 15809 15749 1
58 4105 4031 1
59 4093 4024 1
60 4057 4010 1
61 4106 4018 1
62 15794 15755 1
63 4091 4022 1
64 4102 4023 1
65 7998 7968 1
66 26 12 1
67 46 35 1
68 85 68 1
69 43 36 1
70 43 37 1
71 27 26 1
72 39 38 1
73 2115 2098 1
74 2131 2119 1
75 2077 2066 1
76 4027 4007 1
77 4086 4066 1
78 4084 4068 1
79 2117 2109 1
80 7959 7933 1
81 7972 7946 1
82 7988 7962 1
83 7988 7964 1
84 7989 7965 1
85 7995 7972 1
86 7983 7963 1
87 7963 7945 1
88 15757 15726 1
89 15802 15772 1
90 7952 7937 1
91 7972 7957 1
92 7984 7970 0
93 4071 4064 0
94 4079 4072 0
95 31418 31366 1
96 7965 7952 1
97 31431 31380 1
98 7994 7982 1
99 31413 31367 1
100 62699 62615 1
101 7999 7934 1
102 2126 2123 0
103 15803 15781 0
104 7929 7919 1
105 7995 7980 1
106 62681 62606 1
107 31430 31390 1
108 31400 31364 1
109 62670 62604 1
110 31389 31356 0
111 62665 62606 0
112 31442 31415 0
113 31398 31369 0
114 15777 15761 0
115 4041 4037 0
116 4053 4049 0
117 15819 15825 0
118 125149 125147 0
119 63 76 0
120 62662 62603 0
121 15766 15752 0
122 7948 7941 0
123 31420 31394 0
124 15763 15750 0
125 62700 62653 0
126 4030 4027 0
127 4065 4062 0
128 125195 125112 0
129 7996 7991 0
130 62671 62634 0
131 62673 62636 0
132 125199 125127 0
133 125182 125112 0
134 31429 31412 0
135 62648 62615 0
136 62691 62658 0
137 62691 62659 0
138 62700 62670 0
139 2150 2149 0
140 125197 125145 0
141 125158 125110 0
142 125192 125146 0
143 125165 125120 0
144 15764 15759 0
145 250195 250117 0
146 125186 125148 0
147 125145 125108 0
148 125142 125107 0
149 62654 62637 0
150 250194 250128 0
151 250193 250128 0
152 62625 62609 0
153 31411 31403 0
154 250185 250122 0
155 125150 125119 0
156 62685 62670 0
157 125164 125136 0
158 125168 125140 0
159 250168 250115 0
160 250177 250129 0
161 15763 15760 0
162 500192 500104 0
163 125143 125122 0
164 500188 500107 0
165 250141 250101 0
166 250195 250155 0
167 500179 500101 0
168 500199 500121 0
169 125156 125138 0
170 62665 62656 0
171 62682 62673 0
172 250168 250134 0
173 125158 125141 0
174 250194 250163 0
175 250131 250101 0
176 500164 500106 0
177 15810 15809 0
178 15748 15748 0
179 15763 15764 0
180 7934 7935 0
181 15791 15793 0
182 15790 15792 0
183 4031 4032 0
184 7948 7950 0
185 7921 7924 0
186 4029 4032 0
187 4071 4075 0
188 4045 4052 0
189 2104 2110 0
190 2087 2094 0
191 2063 2070 0
192 4078 4092 0
193 4030 4044 0
194 48 49 1
195 46 50 0
196 86 99 0
197 66 76 0
198 38 46 0
199 66 82 0
200 62 78 0
201 44 59 0
202 12 30 0
203 15811 15820 0
204 62648 62645 0
205 62647 62673 0
206 62604 62700 0
207 62641 62699 0
208 62660 62688 0
209 62625 62692 0
210 15784 15818 0
211 15735 15754 0
212 15732 15766 0
213 62657 62687 0
214 62610 62653 0
215 15726 15764 0
216 15742 15750 0
217 62646 62699 0
218 15785 15798 0
219 62619 62651 0
220 15771 15800 0
221 62680 62685 0
222 62692 62687 0
223 62619 62612 0
224 62635 62630 0
225 62648 62663 0
226 15792 15823 0
227 15791 15819 0
228 15802 15825 0
229 15744 15825 0
230 15746 15764 0
231 62679 62698 0
232 31375 31379 0
233 15781 15815 0
234 31410 31429 0
235 62675 62696 0
236 15769 15775 0
237 62626 62635 0
238 62602 62628 0
239 62603 62667 0
240 62669 62695 0
241 7941 7979 0
242 7925 7981 0
243 125139 125193 0
244 62605 62639 0
245 7956 7967 0
246 125139 125182 0
247 125127 125138 0
248 125105 125139 0
249 125148 125179 0
250 125174 125168 0
251 125193 125199 0
252 125187 125181 0
253 125113 125186 0
254 125134 125162 0
255 125112 125112 0
256 31377 31450 0
257 125170 125171 0
258 7947 7983 0
259 125117 125136 0
260 7926 7998 0
261 125179 125199 0
262 125164 125188 0
263 7945 7995 0
264 125133 125144 0
265 125119 125161 0
266 31351 31398 0
267 125184 125186 0
268 31374 31401 0
269 125176 125168 0
270 125114 125103 0
271 7924 7969 0
272 125114 125173 0
273 7954 7965 0
274 125174 125193 0
275 125111 125163 0
276 250115 250138 0
277 7988 8002 0
278 7926 7974 0
279 31440 31443 0
280 250185 250194 0
281 250152 250132 0
282 250175 250182 0
283 250108 250140 0
284 250131 250118 0
285 31382 31394 0
286 250107 250153 0
287 250152 250158 0
288 250162 250158 0
289 4053 4104 0
290 4023 4070 0
291 250170 250146 0
292 250164 250146 0
293 4021 4103 0
294 4009 4063 0
295 4051 4097 0
296 31392 31410 0
297 250153 250149 0
298 250116 250199 0
299 250176 250182 0
300 4018 4086 0
301 250141 250123 0
302 4029 4086 0
303 62608 62673 0
304 250133 250196 0
305 4077 4103 0
306 250147 250136 0
307 250147 250195 0
308 4050 4092 0
309 31353 31402 0
310 250142 250151 0
311 250143 250158 0
312 4023 4103 0
313 4011 4074 0
314 4035 4082 0
315 31367 31403 0
316 4012 4095 0
317 250137 250113 0
318 250129 250151 0
319 250141 250177 0
320 250191 250183 0
321 2059 2128 0
322 250124 250168 0
323 250119 250187 0
324 2078 2137 0
325 2076 2106 0
326 250103 250138 0
327 250142 250136 0
328 250140 250135 0
329 500137 500110 0
330 2084 2134 0
331 500122 500144 0
332 2105 2150 0
333 500117 500143 0
334 31353 31372 0
335 31377 31390 0
336 500174 500137 0
337 2114 2151 0
338 500137 500114 0
339 31358 31370 0
340 2054 2124 0
341 2060 2114 0
342 500112 500193 0
343 2068 2108 0
344 500165 500196 0
345 500178 500152 0
346 2054 2114 0
347 500147 500132 0
348 500112 500112 0
349 2069 2112 0
350 500183 500181 0
351 500131 500113 0
352 2098 2119 0
353 2071 2115 0
354 500140 500184 0
355 2075 2137 0
356 500192 500184 0
357 500184 500164 0
358 2058 2128 0
359 500173 500181 0
360 500150 500191 0
361 31431 31440 0
362 31357 31368 0
363 15 53 0
364 500110 500132 0
365 500113 500135 0
366 500123 500148 0
367 500170 500151 0
368 500158 500122 0
369 12 83 0
370 500199 500141 0
371 500165 500160 0
372 31357 31368 0
373 7 49 0
374 500165 500179 0
375 15 68 0
376 31409 31447 0
377 500175 500178 0
378 31428 31442 0
379 31358 31426 0
380 500115 500185 0
381 31410 31440 0
382 31393 31406 0
383 14 49 0
384 31352 31393 0
385 43 98 0
386 12 74 0
387 4 77 0
388 500106 500198 0
389 500137 500135 0
390 500199 500157 0
391 500154 500149 0
392 500138 500152 0
393 500144 500148 0
394 500134 500148 0
395 62 94 0
396 500137 500101 0
397 2 50 0
398 31369 31442 0
399 31358 31410 0
--------------
1000000 :c
1004330 :sum(p)
999999 :sum(w)
