400 :n
id p,w,x
--------------
0 2146 2092 1
1 2104 2056 1
2 55 35 1
3 47 12 1
4 82 32 1
5 7996 7922 1
6 57 19 1
7 7996 7919 1
8 7992 7939 1
9 69 14 1
10 89 31 1
11 2106 2064 1
12 100 39 1
13 54 21 1
14 8003 7942 1
15 89 49 1
16 60 25 1
17 95 27 1
18 7984 7913 1
19 53 18 1
20 69 33 1
21 89 72 1
22 29 13 1
23 7973 7923 1
24 8003 7944 1
25 7973 7914 1
26 85 55 1
27 69 12 1
28 2131 2063 1
29 4084 4045 1
30 4062 4035 1
31 81 41 1
32 4073 4015 1
33 4096 4027 1
34 69 43 1
35 2153 2065 1
36 2143 2115 1
37 4084 4016 1
38 2080 2055 1
39 2148 2130 1
40 4100 4021 1
41 4069 4031 1
42 2120 2055 1
43 2102 2078 1
44 2105 2072 1
45 2118 2069 1
46 2104 2054 1
47 2083 2057 1
48 2151 2055 1
49 96 83 1
50 62 60 1
51 2130 2114 1
52 2084 2070 1
53 7978 7929 1
54 7989 7940 1
55 2125 2112 1
56 15825 15731 1
57 4071 4047 1
58 15822 15731 1
59 4063 4040 1
60 7993 7956 1
61 15824 15753 1
62 7958 7923 1
63 7981 7947 1
64 2126 2117 1
65 15804 15741 1
66 4048 4032 1
67 15803 15748 1
68 2140 2133 1
69 7979 7955 1
70 8004 7980 1
71 8011 7987 1
72 8000 7977 1
73 15807 15766 1
74 31450 31372 1
75 15805 15772 1
76 15820 15787 1
77 4095 4087 1
78 31423 31362 1
79 31427 31368 1
80 2152 2148 1
81 31409 31353 1
82 15786 15760 1
83 31401 31351 1
84 15793 15769 1
85 15801 15778 1
86 31420 31375 1
87 15800 15778 1
88 62691 62605 1
89 31395 31355 1
90 15821 15802 1
91 31419 31383 1
92 62670 62609 1
93 15824 15809 1
94 31401 31373 1
95 15774 15746 1
96 79 20 1
97 62662 62602 1
98 15759 15745 0
99 62656 62603 0
100 31437 31411 1
101 31444 31428 0
102 62700 62687 0
103 15770 15815 0
104 62656 62606 0
105 7991 7985 1
106 125196 125108 0
107 62663 62619 0
108 8007 8002 1
109 62676 62637 0
110 4106 4106 1
111 62697 62660 0
112 62645 62609 0
113 15819 15811 0
114 62635 62604 0
115 62656 62628 0
116 125172 125122 0
117 125186 125136 0
118 125198 125150 0
119 7931 7928 1
120 7937 7934 1
121 62667 62644 0
122 125181 125140 0
123 31371 31361 0
124 15772 15767 0
125 62665 62646 0
126 250192 250122 0
127 250186 250121 0
128 62676 62660 0
129 31366 31358 0
130 62631 62616 0
131 125193 125169 0
132 62631 62619 0
133 31396 31390 0
134 125133 125110 0
135 62648 62641 0
136 62685 62678 0
137 31367 31365 0
138 15733 15732 0
139 4023 4023 0
140 2121 2121 1
141 7950 7950 0
142 4028 4028 0
143 31429 31431 0
144 31390 31393 0
145 7963 7964 0
146 15796 15799 0
147 4022 4023 0
148 31413 31421 0
149 31371 31379 0
150 15762 15767 0
151 31415 31425 0
152 15799 15807 0
153 15795 15804 0
154 15787 15802 0
155 2078 2080 0
156 15793 15810 0
157 7976 7987 0
158 7997 8010 0
159 7938 7951 0
160 7944 7961 0
161 4050 4059 0
162 7913 7933 0
163 4092 4103 0
164 4081 4092 0
165 7945 7967 0
166 4085 4099 0
167 7923 7953 0
168 4077 4094 0
169 4024 4042 0
170 2142 2152 0
171 4048 4067 0
172 4038 4061 0
173 4052 4081 0
174 4058 4089 0
175 4047 4080 0
176 4030 4063 0
177 2075 2093 0
178 2106 2125 0
179 2070 2089 0
180 2101 2129 0
181 2120 2152 0
182 51 53 0
183 84 90 0
184 79 85 0
185 67 73 0
186 36 42 0
187 60 71 0
188 69 82 0
189 58 71 0
190 73 92 0
191 40 51 0
192 24 36 0
193 37 66 0
194 29 60 0
195 4 40 0
196 500192 500164 0
197 500137 500102 0
198 500200 500154 0
199 125150 125134 0
200 500192 500118 0
201 250190 250143 0
202 500173 500122 0
203 250156 250130 0
204 125153 125140 0
205 250130 250101 0
206 250133 250105 0
207 250156 250115 0
208 500189 500116 0
209 125187 125169 0
210 500195 500130 0
211 62605 62601 0
212 500185 500141 0
213 250153 250128 0
214 500178 500131 0
215 125187 125175 0
216 125192 125184 0
217 500159 500130 0
218 500152 500123 0
219 500186 500139 0
220 125151 125140 0
221 500175 500137 0
222 250129 250113 0
223 500173 500129 0
224 125127 125117 0
225 500176 500131 0
226 15756 15811 0
227 15727 15778 0
228 15753 15806 0
229 15763 15789 0
230 15733 15778 0
231 125152 125189 0
232 15742 15823 0
233 15792 15825 0
234 125113 125116 0
235 125179 125197 0
236 15743 15779 0
237 125148 125194 0
238 125133 125177 0
239 125139 125153 0
240 7979 8012 0
241 125102 125190 0
242 125177 125184 0
243 125103 125152 0
244 7923 7979 0
245 125135 125140 0
246 125107 125132 0
247 125118 125158 0
248 125176 125171 0
249 15746 15782 0
250 125155 125148 0
251 125169 125191 0
252 7919 7994 0
253 7936 7989 0
254 7937 8006 0
255 62672 62694 0
256 125131 125137 0
257 125167 125181 0
258 125154 125176 0
259 125124 125196 0
260 125161 125187 0
261 15726 15762 0
262 62615 62628 0
263 125100 125181 0
264 125138 125157 0
265 7919 7998 0
266 125193 125186 0
267 62611 62622 0
268 125128 125142 0
269 15768 15817 0
270 7964 8004 0
271 125147 125157 0
272 7922 7999 0
273 7925 7974 0
274 125104 125111 0
275 7923 7958 0
276 250144 250182 0
277 250111 250119 0
278 250131 250178 0
279 62603 62667 0
280 4029 4065 0
281 31367 31392 0
282 15749 15781 0
283 250119 250200 0
284 4053 4100 0
285 4045 4105 0
286 4008 4101 0
287 250126 250186 0
288 62697 62696 0
289 62635 62637 0
290 62675 62683 0
291 4034 4073 0
292 15792 15825 0
293 250168 250166 0
294 250144 250141 0
295 250170 250180 0
296 4016 4091 0
297 250115 250197 0
298 62624 62662 0
299 62617 62634 0
300 4010 4063 0
301 4024 4082 0
302 62605 62662 0
303 250141 250198 0
304 62604 62664 0
305 250153 250154 0
306 15740 15788 0
307 250146 250145 0
308 62662 62684 0
309 4008 4061 0
310 31359 31401 0
311 4035 4096 0
312 31358 31428 0
313 4019 4083 0
314 250154 250175 0
315 4030 4085 0
316 31402 31421 0
317 4008 4069 0
318 250105 250158 0
319 2105 2144 0
320 250127 250158 0
321 250139 250149 0
322 2092 2141 0
323 250101 250162 0
324 2089 2142 0
325 250139 250158 0
326 62610 62636 0
327 250185 250193 0
328 250119 250166 0
329 250157 250198 0
330 250137 250149 0
331 62612 62642 0
332 31368 31400 0
333 2077 2132 0
334 250130 250171 0
335 62660 62674 0
336 2080 2142 0
337 31355 31414 0
338 250182 250180 0
339 2082 2131 0
340 250118 250121 0
341 250117 250121 0
342 250118 250185 0
343 2064 2127 0
344 250154 250161 0
345 250123 250173 0
346 250130 250121 0
347 2086 2134 0
348 250145 250138 0
349 62666 62690 0
350 500147 500181 0
351 500134 500150 0
352 62641 62684 0
353 62626 62695 0
354 500165 500172 0
355 500127 500117 0
356 2095 2146 0
357 2066 2104 0
358 2101 2145 0
359 500105 500150 0
360 500200 500181 0
361 500145 500186 0
362 500123 500131 0
363 500126 500112 0
364 31416 31439 0
365 29 69 0
366 31386 31441 0
367 62650 62676 0
368 13 98 0
369 31353 31439 0
370 31362 31436 0
371 62677 62679 0
372 31383 31446 0
373 31366 31377 0
374 500135 500115 0
375 500171 500171 0
376 500148 500137 0
377 500165 500169 0
378 31358 31369 0
379 500129 500162 0
380 500158 500133 0
381 500117 500101 0
382 500111 500166 0
383 31379 31437 0
384 23 67 0
385 500125 500186 0
386 31363 31381 0
387 31389 31419 0
388 500147 500191 0
389 500116 500107 0
390 500117 500198 0
391 31427 31441 0
392 31428 31449 0
393 11 71 0
394 500118 500192 0
395 500180 500198 0
396 500148 500163 0
397 500175 500149 0
398 31363 31441 0
399 31410 31448 0
--------------
1000000 :c
1004194 :sum(p)
1000000 :sum(w)
