400 :n
id p,w,x
--------------
0 96 10 1
1 77 13 1
2 19 4 1
3 89 22 1
4 82 22 1
5 82 23 1
6 27 10 1
7 91 34 1
8 12 5 1
9 85 45 1
10 36 21 1
11 38 25 1
12 88 60 1
13 30 24 1
14 35 32 1
15 71 66 1
16 2153 2058 1
17 2148 2076 1
18 2130 2059 1
19 2143 2082 1
20 2117 2061 1
21 2123 2072 1
22 2128 2081 1
23 2129 2086 1
24 2134 2091 1
25 2094 2054 1
26 2097 2058 1
27 2100 2062 1
28 2139 2107 1
29 4082 4025 1
30 4088 4034 1
31 4078 4025 1
32 4088 4035 1
33 2136 2110 1
34 4065 4017 1
35 2119 2094 1
36 8011 7925 1
37 4105 4064 1
38 2128 2107 1
39 4052 4013 1
40 2099 2079 1
41 4052 4014 1
42 2138 2120 1
43 2073 2056 1
44 4091 4059 1
45 4056 4025 1
46 4069 4039 1
47 7979 7928 1
48 4070 4044 1
49 4091 4066 1
50 7986 7938 1
51 7965 7919 1
52 4045 4023 1
53 7982 7939 1
54 2118 2107 1
55 4071 4050 1
56 2076 2066 1
57 2082 2072 1
58 7966 7928 1
59 8009 7973 1
60 15818 15752 1
61 15824 15758 1
62 15820 15758 1
63 7944 7914 1
64 4056 4041 1
65 4106 4092 1
66 15793 15740 1
67 15812 15759 1
68 15824 15773 1
69 7996 7971 1
70 15782 15734 1
71 15788 15740 1
72 7958 7934 1
73 4104 4092 1
74 15825 15779 1
75 2111 2105 0
76 15816 15773 1
77 4062 4051 1
78 15780 15741 1
79 7964 7945 1
80 31437 31366 1
81 15795 15760 1
82 7962 7945 1
83 15801 15768 1
84 31435 31371 1
85 7949 7934 1
86 31443 31384 1
87 31424 31369 1
88 31434 31382 1
89 31445 31394 1
90 8006 7994 1
91 31433 31386 1
92 31441 31397 1
93 31429 31386 1
94 7957 7947 0
95 15755 15736 1
96 15823 15805 0
97 62682 62611 1
98 7992 7983 0
99 31443 31409 1
100 85 39 1
101 31423 31359 1
102 31420 31376 1
103 62670 62604 1
104 31407 31374 1
105 4018 4014 1
106 62700 62655 0
107 8009 8003 1
108 87 100 0
109 4060 4056 0
110 31403 31373 0
111 62672 62616 0
112 7936 7929 0
113 62686 62631 0
114 2074 2082 0
115 31381 31355 0
116 31443 31417 0
117 62681 62634 0
118 7937 7932 0
119 31420 31401 0
120 15756 15747 0
121 15758 15749 0
122 31426 31409 0
123 31383 31370 0
124 31405 31393 0
125 15785 15779 0
126 31428 31418 0
127 4067 4066 0
128 15763 15763 0
129 35 35 1
130 7997 7998 0
131 15734 15736 0
132 4018 4019 0
133 7961 7963 0
134 15762 15769 0
135 2137 2138 0
136 4048 4050 0
137 7990 7994 0
138 7964 7973 0
139 2063 2066 0
140 4091 4102 0
141 2108 2114 0
142 22 24 0
143 39 48 0
144 250186 250195 0
145 250179 250162 0
146 250161 250101 0
147 250157 250139 0
148 125151 125112 0
149 62694 62670 0
150 62614 62613 0
151 250191 250197 0
152 125126 125111 0
153 62627 62611 0
154 250194 250132 0
155 62666 62647 0
156 62660 62651 0
157 62691 62689 0
158 125131 125107 0
159 250170 250137 0
160 250114 250120 0
161 250163 250141 0
162 125168 125168 0
163 250106 250113 0
164 62700 62689 0
165 125186 125179 0
166 250137 250119 0
167 125188 125193 0
168 125174 125180 0
169 125186 125155 0
170 250181 250117 0
171 250126 250133 0
172 125188 125163 0
173 250171 250172 0
174 250176 250159 0
175 250178 250120 0
176 250193 250200 0
177 250189 250114 0
178 250111 250110 0
179 62636 62628 0
180 125176 125154 0
181 250104 250112 0
182 250182 250141 0
183 250153 250131 0
184 250189 250145 0
185 62620 62610 0
186 500125 500136 0
187 500155 500145 0
188 500162 500158 0
189 500200 500143 0
190 500139 500162 0
191 125142 125122 0
192 500176 500137 0
193 500190 500121 0
194 500181 500115 0
195 500170 500186 0
196 500137 500107 0
197 500190 500139 0
198 500164 500111 0
199 500139 500118 0
200 500199 500189 0
201 500177 500106 0
202 500148 500106 0
203 500197 500173 0
204 125155 125158 0
205 500194 500117 0
206 500124 500135 0
207 500170 500159 0
208 500114 500117 0
209 500187 500122 0
210 62664 62658 0
211 125147 125104 0
212 500187 500107 0
213 500111 500106 0
214 500156 500164 0
215 500190 500191 0
216 500143 500149 0
217 500140 500142 0
218 500190 500134 0
219 62662 62649 0
220 500165 500181 0
221 500160 500153 0
222 250178 250174 0
223 62642 62618 0
224 250170 250141 0
225 250199 250189 0
226 125194 125128 0
227 125186 125126 0
228 125187 125138 0
229 125189 125136 0
230 125184 125136 0
231 125199 125142 0
232 62683 62656 0
233 62693 62668 0
234 125172 125104 0
235 125191 125111 0
236 125185 125106 0
237 62641 62603 0
238 31378 31407 0
239 31386 31397 0
240 31394 31431 0
241 7972 7992 0
242 31366 31427 0
243 31369 31432 0
244 31358 31400 0
245 31362 31409 0
246 31362 31386 0
247 31360 31417 0
248 31392 31448 0
249 31369 31387 0
250 31378 31435 0
251 31414 31431 0
252 31362 31400 0
253 31397 31416 0
254 31416 31442 0
255 500101 500125 0
256 31416 31418 0
257 31351 31374 0
258 31352 31386 0
259 15732 15775 0
260 62676 62682 0
261 62622 62694 0
262 62606 62641 0
263 15796 15805 0
264 7924 7944 0
265 62611 62699 0
266 62661 62695 0
267 62660 62664 0
268 62665 62696 0
269 62621 62651 0
270 7918 7937 0
271 7944 7964 0
272 62633 62638 0
273 15731 15762 0
274 62663 62679 0
275 62656 62660 0
276 62630 62650 0
277 62644 62689 0
278 62631 62654 0
279 62611 62689 0
280 62612 62638 0
281 62627 62652 0
282 62665 62674 0
283 125110 125171 0
284 125104 125139 0
285 125116 125180 0
286 125108 125198 0
287 125140 125199 0
288 125120 125136 0
289 125111 125197 0
290 125181 125197 0
291 125133 125174 0
292 125157 125170 0
293 125125 125174 0
294 125105 125196 0
295 125165 125196 0
296 125106 125177 0
297 125169 125192 0
298 125162 125198 0
299 125148 125174 0
300 15757 15786 0
301 250158 250199 0
302 15779 15799 0
303 250127 250187 0
304 250150 250195 0
305 250102 250146 0
306 250158 250189 0
307 250112 250146 0
308 250176 250192 0
309 250114 250192 0
310 250123 250168 0
311 250144 250193 0
312 250147 250187 0
313 250150 250177 0
314 15802 15818 0
315 15740 15774 0
316 250141 250168 0
317 250165 250193 0
318 15746 15764 0
319 500111 500155 0
320 500105 500132 0
321 500123 500180 0
322 500123 500156 0
323 500112 500181 0
324 500132 500178 0
325 500116 500180 0
326 500148 500185 0
327 15753 15776 0
328 15802 15813 0
329 15773 15806 0
330 15746 15775 0
331 125174 125111 0
332 62628 62603 0
333 2056 2070 0
334 4044 4059 0
335 2086 2118 0
336 2114 2153 0
337 2116 2148 0
338 4012 4071 0
339 4034 4090 0
340 4050 4092 0
341 2079 2136 0
342 4056 4083 0
343 2080 2140 0
344 4036 4087 0
345 2116 2141 0
346 4040 4075 0
347 4045 4065 0
348 2078 2150 0
349 2118 2150 0
350 4081 4101 0
351 4011 4042 0
352 4053 4098 0
353 4059 4075 0
354 2055 2135 0
355 4024 4038 0
356 4011 4037 0
357 7963 8006 0
358 7930 8010 0
359 7964 7994 0
360 2075 2120 0
361 7940 7984 0
362 31 89 0
363 9 58 0
364 7919 7948 0
365 7 37 0
366 11 32 0
367 7913 7957 0
368 7964 8004 0
369 7935 7959 0
370 7966 7998 0
371 7919 7963 0
372 14 64 0
373 4015 4052 0
374 18 36 0
375 7944 7979 0
376 7953 7981 0
377 7963 8005 0
378 30 81 0
379 49 68 0
380 20 74 0
381 24 95 0
382 15734 15824 0
383 53 69 0
384 15741 15799 0
385 47 64 0
386 30 93 0
387 15749 15825 0
388 4 92 0
389 37 94 0
390 46 92 0
391 15731 15820 0
392 12 74 0
393 1 75 0
394 15770 15818 0
395 15751 15802 0
396 15747 15793 0
397 43 68 0
398 2072 2091 0
399 2054 2064 0
--------------
1000000 :c
1004016 :sum(p)
1000000 :sum(w)
