400 :n
id p,w,x
--------------
0 7989 7964 1
1 15791 15733 1
2 15820 15744 1
3 8006 7926 1
4 100 74 1
5 98 70 1
6 31440 31374 1
7 86 33 1
8 7979 7933 1
9 7957 7919 1
10 15796 15739 1
11 85 57 1
12 80 33 1
13 48 11 1
14 50 20 1
15 7983 7943 1
16 15804 15726 1
17 100 69 1
18 4104 4043 1
19 66 14 1
20 91 27 1
21 15820 15765 1
22 15821 15784 1
23 4059 4019 1
24 2130 2068 1
25 2144 2057 1
26 2141 2100 1
27 15805 15768 1
28 4100 4076 1
29 15792 15743 1
30 8003 7928 1
31 2123 2099 1
32 2146 2082 1
33 2126 2104 1
34 7983 7947 1
35 2091 2054 1
36 4046 4019 1
37 7961 7925 1
38 2135 2096 1
39 2152 2102 1
40 15818 15786 1
41 2144 2102 1
42 2146 2116 1
43 2119 2060 1
44 2104 2056 1
45 15822 15739 1
46 2145 2118 1
47 4079 4033 1
48 4102 4066 1
49 4069 4046 1
50 15818 15748 1
51 15803 15732 1
52 15785 15734 1
53 8009 7956 1
54 4075 4016 1
55 4105 4007 1
56 15812 15733 1
57 7990 7942 1
58 8001 7948 1
59 48 31 1
60 8 6 1
61 75 66 1
62 94 84 1
63 100 90 1
64 77 72 1
65 94 90 1
66 2092 2077 1
67 2150 2135 1
68 2129 2116 1
69 2081 2069 1
70 2150 2138 1
71 4077 4062 1
72 4055 4043 1
73 4104 4092 1
74 7932 7913 1
75 8008 7989 1
76 7944 7927 1
77 4032 4025 0
78 15799 15773 1
79 15784 15760 1
80 4059 4053 0
81 15785 15762 1
82 2079 2076 0
83 2092 2089 0
84 31443 31400 1
85 31426 31384 1
86 7935 7925 0
87 7985 7975 1
88 15803 15784 1
89 7951 7942 1
90 7959 7950 0
91 8006 7997 1
92 31408 31373 1
93 62688 62619 1
94 15814 15798 1
95 4060 4056 0
96 31447 31417 1
97 62691 62633 1
98 31441 31413 1
99 4082 4018 1
100 31403 31351 1
101 2067 2054 1
102 31444 31417 1
103 62686 62634 1
104 15741 15728 0
105 62699 62693 0
106 31449 31429 0
107 10 27 0
108 31394 31369 1
109 7935 7929 0
110 62696 62650 0
111 62654 62609 0
112 250195 250122 0
113 62664 62621 0
114 31430 31409 0
115 125165 125100 0
116 62675 62645 0
117 15797 15790 0
118 125166 125114 0
119 125187 125137 0
120 125169 125120 0
121 62638 62614 0
122 62649 62626 0
123 62673 62652 0
124 31408 31398 0
125 62649 62633 0
126 62652 62636 0
127 62673 62657 0
128 15729 15726 0
129 62613 62602 0
130 8002 8001 0
131 7962 7964 0
132 2085 2086 0
133 7916 7921 0
134 7926 7933 0
135 2126 2128 0
136 4067 4071 0
137 7965 7974 0
138 4052 4057 0
139 2127 2130 0
140 2065 2069 0
141 2061 2066 0
142 2129 2135 0
143 2106 2112 0
144 4080 4092 0
145 4051 4063 0
146 4072 4085 0
147 81 85 0
148 37 39 0
149 47 53 0
150 72 83 0
151 48 56 0
152 71 88 0
153 45 58 0
154 22 35 0
155 125138 125101 0
156 250164 250131 0
157 500174 500126 0
158 250188 250147 0
159 250144 250114 0
160 250192 250118 0
161 250147 250120 0
162 250179 250111 0
163 250137 250105 0
164 250172 250117 0
165 250156 250127 0
166 500158 500104 0
167 500172 500108 0
168 500192 500114 0
169 500198 500142 0
170 500196 500142 0
171 500180 500118 0
172 125199 125165 0
173 125129 125111 0
174 125141 125114 0
175 250157 250107 0
176 125142 125126 0
177 125193 125171 0
178 125182 125159 0
179 31386 31441 0
180 62616 62699 0
181 31423 31449 0
182 31351 31409 0
183 31369 31416 0
184 31369 31448 0
185 62638 62686 0
186 31382 31388 0
187 62635 62692 0
188 31414 31419 0
189 31413 31410 0
190 31409 31420 0
191 62601 62633 0
192 31368 31405 0
193 31353 31426 0
194 62614 62700 0
195 31404 31450 0
196 62616 62697 0
197 31357 31371 0
198 62607 62632 0
199 62680 62680 0
200 15742 15823 0
201 15734 15806 0
202 15760 15819 0
203 62656 62672 0
204 62614 62635 0
205 62625 62653 0
206 62656 62666 0
207 15781 15792 0
208 62683 62699 0
209 62603 62678 0
210 125119 125137 0
211 125132 125199 0
212 125165 125175 0
213 15782 15823 0
214 15730 15822 0
215 125121 125181 0
216 15730 15783 0
217 125150 125175 0
218 125123 125170 0
219 125116 125161 0
220 15731 15778 0
221 125102 125153 0
222 125121 125193 0
223 15781 15798 0
224 15782 15822 0
225 125109 125135 0
226 15740 15796 0
227 125143 125145 0
228 15811 15824 0
229 125100 125175 0
230 15769 15807 0
231 15745 15757 0
232 15760 15780 0
233 125109 125183 0
234 125122 125170 0
235 125167 125177 0
236 15746 15759 0
237 15771 15781 0
238 15734 15769 0
239 31367 31432 0
240 125151 125189 0
241 125114 125132 0
242 125105 125105 0
243 7963 8009 0
244 125113 125106 0
245 7917 8006 0
246 62661 62672 0
247 125139 125140 0
248 7946 8009 0
249 125118 125176 0
250 125134 125140 0
251 7915 7997 0
252 125110 125145 0
253 7973 7990 0
254 125178 125171 0
255 125150 125182 0
256 7951 7976 0
257 7915 7944 0
258 125162 125155 0
259 125168 125160 0
260 125158 125154 0
261 7919 7941 0
262 125106 125148 0
263 250128 250196 0
264 250101 250148 0
265 7920 7969 0
266 250177 250158 0
267 7936 7951 0
268 7937 7955 0
269 250144 250156 0
270 7933 7979 0
271 7941 7974 0
272 62631 62699 0
273 7930 7976 0
274 250111 250156 0
275 62610 62692 0
276 7916 7975 0
277 250118 250177 0
278 250159 250175 0
279 31393 31402 0
280 4032 4069 0
281 4025 4097 0
282 4009 4080 0
283 4011 4037 0
284 31426 31447 0
285 250181 250167 0
286 4053 4092 0
287 250134 250169 0
288 250193 250179 0
289 31400 31436 0
290 250143 250168 0
291 250141 250133 0
292 250109 250134 0
293 250140 250172 0
294 250172 250155 0
295 4035 4083 0
296 4050 4073 0
297 31353 31404 0
298 4042 4082 0
299 250116 250158 0
300 250125 250115 0
301 4022 4061 0
302 250153 250146 0
303 4051 4087 0
304 250105 250109 0
305 250110 250198 0
306 4050 4090 0
307 4017 4041 0
308 4029 4056 0
309 4043 4057 0
310 4035 4058 0
311 4026 4082 0
312 4008 4069 0
313 4049 4077 0
314 4050 4106 0
315 250193 250181 0
316 250144 250187 0
317 31383 31442 0
318 250133 250150 0
319 2086 2106 0
320 2078 2098 0
321 250163 250183 0
322 250200 250185 0
323 250125 250121 0
324 250145 250147 0
325 31380 31408 0
326 250135 250150 0
327 2059 2151 0
328 250113 250182 0
329 500150 500164 0
330 31399 31406 0
331 500112 500123 0
332 31425 31446 0
333 2067 2147 0
334 500109 500106 0
335 2116 2141 0
336 2069 2089 0
337 2075 2101 0
338 2063 2121 0
339 500172 500187 0
340 500158 500155 0
341 500118 500194 0
342 2089 2112 0
343 500118 500178 0
344 500192 500169 0
345 31365 31442 0
346 31372 31442 0
347 500156 500157 0
348 31356 31387 0
349 500103 500150 0
350 500191 500155 0
351 2090 2134 0
352 500154 500179 0
353 31384 31437 0
354 500123 500175 0
355 2083 2126 0
356 500143 500190 0
357 500122 500107 0
358 500144 500152 0
359 500159 500180 0
360 64 86 0
361 12 57 0
362 1 60 0
363 500163 500123 0
364 31368 31399 0
365 500154 500184 0
366 62618 62625 0
367 500147 500128 0
368 27 50 0
369 31393 31400 0
370 500150 500160 0
371 21 77 0
372 500181 500194 0
373 500118 500153 0
374 35 69 0
375 62621 62697 0
376 62692 62695 0
377 12 97 0
378 500172 500192 0
379 17 56 0
380 42 94 0
381 24 91 0
382 500133 500180 0
383 17 81 0
384 500172 500151 0
385 62660 62689 0
386 40 82 0
387 62650 62653 0
388 500170 500141 0
389 500114 500177 0
390 500168 500153 0
391 500108 500130 0
392 500104 500130 0
393 62667 62663 0
394 9 68 0
395 500147 500120 0
396 500101 500136 0
397 20 69 0
398 62604 62646 0
399 62645 62693 0
--------------
1000000 :c
1003762 :sum(p)
999999 :sum(w)
