400 :n
id p,w,x
--------------
0 4093 4015 1
1 4103 4028 1
2 90 36 1
3 4090 4035 1
4 96 81 1
5 58 23 1
6 52 26 1
7 70 37 1
8 88 56 1
9 31 9 1
10 40 18 1
11 91 59 1
12 13 4 1
13 38 19 1
14 7995 7915 1
15 2101 2054 1
16 2132 2071 1
17 2137 2056 1
18 2110 2057 1
19 2153 2115 1
20 2119 2069 1
21 2147 2113 1
22 4065 4011 1
23 2095 2059 1
24 2138 2090 1
25 2119 2088 1
26 2120 2062 1
27 8001 7919 1
28 2106 2066 1
29 2113 2055 1
30 7995 7920 1
31 8006 7927 1
32 4088 4016 1
33 7994 7933 1
34 7963 7941 1
35 7986 7953 1
36 7968 7939 1
37 7974 7944 1
38 7955 7918 1
39 15805 15730 1
40 7977 7953 1
41 4088 4066 1
42 7970 7946 1
43 4077 4060 1
44 7942 7917 1
45 15793 15730 1
46 7983 7939 1
47 15800 15750 1
48 22 14 1
49 83 76 1
50 4034 4022 1
51 4046 4034 1
52 4079 4067 1
53 4080 4069 1
54 4102 4091 1
55 15771 15730 1
56 7967 7947 1
57 2135 2130 1
58 15809 15773 1
59 15773 15738 1
60 7942 7925 1
61 31443 31378 1
62 31414 31353 1
63 31418 31362 1
64 31423 31367 1
65 4039 4032 1
66 15797 15771 1
67 31404 31354 1
68 31437 31389 1
69 4047 4041 1
70 62695 62605 1
71 31401 31356 1
72 2099 2096 0
73 15759 15738 1
74 15780 15759 1
75 15806 15785 1
76 7931 7921 1
77 31407 31368 1
78 15792 15773 1
79 31404 31367 1
80 2102 2085 1
81 31424 31390 1
82 31411 31378 1
83 15807 15791 0
84 7970 7962 0
85 31381 31351 0
86 43 42 1
87 62692 62624 1
88 62662 62603 1
89 62660 62605 1
90 62698 62643 0
91 62694 62653 0
92 7996 7996 0
93 500111 500102 0
94 15796 15783 0
95 31404 31380 0
96 31404 31380 0
97 15766 15754 0
98 7927 7921 0
99 7984 7978 0
100 4050 4047 1
101 31404 31381 0
102 62678 62633 0
103 62689 62644 0
104 15804 15793 0
105 125194 125109 0
106 62649 62609 0
107 31442 31422 0
108 15752 15742 0
109 62685 62646 0
110 31414 31395 0
111 62665 62628 0
112 125185 125112 0
113 15815 15806 0
114 62680 62645 0
115 62676 62643 0
116 31403 31387 0
117 62678 62647 0
118 4064 4062 1
119 2126 2125 0
120 2127 2126 0
121 125168 125112 0
122 62692 62664 0
123 15789 15782 0
124 125166 125112 0
125 125188 125137 0
126 15783 15777 0
127 15797 15791 0
128 62628 62605 0
129 62651 62629 0
130 31416 31405 0
131 125145 125110 0
132 250188 250126 0
133 250168 250112 0
134 125132 125104 0
135 125181 125153 0
136 125152 125125 0
137 125199 125173 0
138 500194 500105 0
139 250192 250148 0
140 250145 250105 0
141 31360 31355 0
142 31374 31369 0
143 500190 500113 0
144 500186 500111 0
145 250189 250152 0
146 500181 500108 0
147 62616 62607 0
148 500198 500127 0
149 500176 500108 0
150 500179 500115 0
151 250198 250166 0
152 7939 7938 0
153 7981 7980 0
154 7989 7988 0
155 250143 250113 0
156 125163 125150 0
157 250154 250129 0
158 250169 250144 0
159 62689 62683 0
160 31373 31370 0
161 500196 500151 0
162 500151 500109 0
163 500184 500142 0
164 250128 250107 0
165 500190 500151 0
166 500191 500153 0
167 500176 500139 0
168 250185 250167 0
169 500190 500155 0
170 125144 125136 0
171 125176 125168 0
172 250177 250162 0
173 500132 500104 0
174 500138 500110 0
175 250133 250119 0
176 250161 250148 0
177 250155 250143 0
178 500193 500170 0
179 125177 125172 0
180 250155 250146 0
181 500175 500158 0
182 62688 62686 0
183 500134 500119 0
184 500160 500146 0
185 500166 500160 0
186 250195 250192 0
187 500160 500156 0
188 125189 125188 0
189 250184 250183 0
190 500187 500187 0
191 125189 125189 0
192 500126 500128 0
193 500182 500190 0
194 500107 500116 0
195 250176 250181 0
196 250173 250178 0
197 500166 500176 0
198 125116 125120 0
199 125112 125116 0
200 250150 250158 0
201 62618 62621 0
202 250175 250187 0
203 125131 125139 0
204 250122 250138 0
205 250161 250178 0
206 250118 250135 0
207 250137 250155 0
208 250115 250133 0
209 500107 500143 0
210 500157 500194 0
211 62686 62691 0
212 125148 125158 0
213 250154 250174 0
214 500137 500185 0
215 500143 500193 0
216 500117 500167 0
217 250113 250140 0
218 500117 500173 0
219 500110 500173 0
220 125142 125158 0
221 500131 500195 0
222 250119 250152 0
223 250107 250140 0
224 500105 500172 0
225 250122 250157 0
226 250149 250185 0
227 500121 500197 0
228 500105 500182 0
229 500112 500190 0
230 250131 250171 0
231 250132 250178 0
232 62630 62643 0
233 125138 125164 0
234 125108 125135 0
235 250135 250193 0
236 62605 62620 0
237 125105 125135 0
238 250117 250179 0
239 250102 250165 0
240 62649 62665 0
241 250104 250168 0
242 125162 125196 0
243 250110 250179 0
244 31428 31437 0
245 125116 125152 0
246 125149 125186 0
247 125152 125191 0
248 62645 62665 0
249 62622 62642 0
250 125108 125148 0
251 125147 125188 0
252 125146 125187 0
253 125104 125145 0
254 31429 31440 0
255 62635 62657 0
256 7991 7994 0
257 125134 125184 0
258 125132 125183 0
259 31359 31372 0
260 31362 31376 0
261 125136 125193 0
262 2074 2075 0
263 62651 62682 0
264 4039 4041 0
265 15812 15820 0
266 31416 31432 0
267 62660 62692 0
268 125106 125171 0
269 125111 125178 0
270 62636 62670 0
271 31414 31432 0
272 31426 31445 0
273 31397 31416 0
274 31352 31371 0
275 125113 125189 0
276 62632 62671 0
277 125108 125190 0
278 62614 62656 0
279 15776 15787 0
280 31403 31425 0
281 62639 62685 0
282 125101 125194 0
283 4007 4010 0
284 15756 15768 0
285 31424 31448 0
286 62610 62658 0
287 31416 31443 0
288 31359 31388 0
289 2130 2132 0
290 62622 62682 0
291 7989 7997 0
292 7971 7979 0
293 62604 62668 0
294 62615 62685 0
295 62604 62685 0
296 15773 15794 0
297 15728 15749 0
298 62608 62693 0
299 7955 7966 0
300 15734 15756 0
301 2129 2132 0
302 31376 31421 0
303 31367 31415 0
304 15767 15793 0
305 15737 15763 0
306 31351 31406 0
307 7973 7987 0
308 15790 15819 0
309 2136 2140 0
310 4074 4082 0
311 7943 7960 0
312 31375 31443 0
313 31363 31436 0
314 15741 15781 0
315 7931 7952 0
316 4051 4062 0
317 2060 2066 0
318 4076 4088 0
319 4055 4067 0
320 15768 15815 0
321 4052 4065 0
322 7986 8012 0
323 2058 2065 0
324 15740 15799 0
325 2105 2113 0
326 15757 15817 0
327 15747 15810 0
328 7925 7957 0
329 15749 15817 0
330 7926 7961 0
331 15735 15805 0
332 7925 7962 0
333 4052 4071 0
334 15748 15823 0
335 15743 15821 0
336 15728 15806 0
337 15737 15820 0
338 4071 4094 0
339 4017 4040 0
340 4073 4098 0
341 7957 8006 0
342 7944 7994 0
343 2089 2103 0
344 7922 7979 0
345 2101 2117 0
346 4019 4051 0
347 4068 4101 0
348 4045 4082 0
349 7928 8006 0
350 7916 7994 0
351 2082 2103 0
352 4041 4084 0
353 4058 4102 0
354 4018 4062 0
355 4048 4093 0
356 4041 4092 0
357 4049 4103 0
358 2071 2099 0
359 4022 4080 0
360 2115 2149 0
361 4018 4085 0
362 4025 4093 0
363 4011 4080 0
364 2054 2090 0
365 2071 2111 0
366 2093 2135 0
367 2061 2107 0
368 2070 2124 0
369 2061 2115 0
370 2085 2143 0
371 61 63 0
372 2058 2132 0
373 83 86 0
374 2064 2148 0
375 2055 2144 0
376 44 46 0
377 74 78 0
378 52 62 0
379 38 46 0
380 56 75 0
381 50 67 0
382 72 97 0
383 67 96 0
384 53 89 0
385 37 65 0
386 53 97 0
387 47 89 0
388 23 44 0
389 48 98 0
390 23 48 0
391 5 11 0
392 13 39 0
393 25 97 0
394 8 41 0
395 12 99 0
396 6 51 0
397 1 10 0
398 3 58 0
399 2 70 0
--------------
1000000 :c
1003316 :sum(p)
999999 :sum(w)
