400 :n
id p,w,x
--------------
0 87 6 1
1 84 17 1
2 4089 4021 1
3 78 42 1
4 4092 4058 1
5 4045 4008 1
6 2132 2059 1
7 88 26 1
8 7982 7921 1
9 99 27 1
10 49 12 1
11 4080 4027 1
12 55 22 1
13 4095 4034 1
14 51 11 1
15 2107 2082 1
16 7989 7917 1
17 4061 4008 1
18 4068 4024 1
19 4068 4035 1
20 54 10 1
21 2145 2115 1
22 2139 2072 1
23 2140 2062 1
24 2117 2082 1
25 99 44 1
26 2138 2070 1
27 2107 2064 1
28 2143 2073 1
29 2142 2065 1
30 2136 2063 1
31 65 13 1
32 8005 7941 1
33 2140 2117 1
34 2153 2080 1
35 85 57 1
36 89 1 1
37 79 27 1
38 31417 31368 1
39 15806 15753 1
40 31443 31381 1
41 62697 62623 1
42 15813 15728 1
43 7951 7918 1
44 15824 15738 1
45 7952 7915 1
46 15775 15736 1
47 15797 15762 1
48 7985 7951 1
49 31433 31376 1
50 15778 15744 1
51 31440 31365 1
52 31447 31352 1
53 15788 15743 1
54 30 18 1
55 30 19 1
56 28 18 1
57 88 74 1
58 42 36 1
59 91 79 1
60 86 75 1
61 35 33 1
62 2101 2082 1
63 2083 2070 1
64 2133 2120 1
65 4069 4049 1
66 4073 4055 1
67 4044 4027 1
68 4082 4066 1
69 4093 4077 1
70 2123 2115 1
71 4062 4049 1
72 7975 7950 1
73 8009 7986 1
74 7934 7916 1
75 15773 15741 1
76 15780 15748 1
77 15790 15759 1
78 15804 15773 1
79 15786 15762 1
80 7990 7978 1
81 15754 15737 0
82 15790 15773 1
83 31384 31352 1
84 7922 7914 0
85 2098 2091 1
86 31435 31405 1
87 15755 15740 1
88 62673 62616 1
89 62656 62603 1
90 7967 7961 0
91 4092 4054 1
92 62656 62604 1
93 8004 7998 0
94 125192 125105 1
95 62658 62615 0
96 62693 62695 0
97 62686 62652 0
98 11 91 0
99 62684 62644 0
100 125188 125122 0
101 125193 125129 0
102 31435 31419 0
103 7947 7943 0
104 2081 2083 0
105 4010 4008 0
106 4083 4081 0
107 125171 125110 0
108 2060 2059 1
109 125198 125141 0
110 62656 62628 0
111 31365 31351 0
112 15803 15796 0
113 31420 31407 0
114 62647 62622 0
115 62647 62623 0
116 15819 15813 0
117 62637 62615 0
118 31407 31396 0
119 31378 31368 0
120 31420 31411 0
121 15794 15790 0
122 15800 15796 0
123 7960 7958 0
124 31385 31379 0
125 15774 15772 0
126 15823 15821 0
127 15813 15812 0
128 84 84 0
129 4066 4066 1
130 89 89 1
131 15823 15824 0
132 7976 7977 0
133 15823 15825 0
134 8009 8011 0
135 7996 7998 0
136 4098 4100 0
137 7950 7956 0
138 8004 8011 0
139 2142 2144 0
140 4070 4079 0
141 2114 2119 0
142 4037 4047 0
143 2097 2105 0
144 2084 2096 0
145 72 73 0
146 56 57 0
147 82 86 0
148 4 17 0
149 62622 62612 0
150 125174 125152 0
151 62637 62629 0
152 125139 125113 0
153 125159 125125 0
154 125164 125135 0
155 250196 250116 0
156 250185 250106 0
157 31371 31368 0
158 125114 125106 0
159 125112 125114 0
160 125135 125128 0
161 125102 125106 0
162 125185 125179 0
163 250159 250146 0
164 250103 250109 0
165 125150 125141 0
166 250147 250131 0
167 250169 250155 0
168 250190 250184 0
169 250151 250139 0
170 250129 250108 0
171 250132 250114 0
172 250193 250199 0
173 125194 125183 0
174 250163 250171 0
175 250150 250158 0
176 500170 500167 0
177 500105 500104 0
178 500174 500131 0
179 500155 500108 0
180 500153 500109 0
181 500174 500149 0
182 500158 500150 0
183 500127 500114 0
184 500172 500152 0
185 500179 500186 0
186 500183 500140 0
187 500182 500188 0
188 500181 500140 0
189 500112 500112 0
190 125131 125121 0
191 500162 500169 0
192 500133 500120 0
193 500109 500125 0
194 500200 500187 0
195 500179 500144 0
196 31419 31418 0
197 125199 125193 0
198 62655 62652 0
199 62657 62653 0
200 62631 62630 0
201 62665 62644 0
202 250172 250114 0
203 125161 125118 0
204 62662 62642 0
205 125195 125165 0
206 250178 250136 0
207 250133 250106 0
208 250174 250126 0
209 250200 250158 0
210 250183 250141 0
211 250186 250143 0
212 250176 250124 0
213 250155 250108 0
214 500179 500121 0
215 500187 500112 0
216 500170 500120 0
217 500171 500103 0
218 125139 125119 0
219 15812 15817 0
220 31379 31386 0
221 31365 31412 0
222 15730 15754 0
223 15780 15815 0
224 31368 31430 0
225 15754 15778 0
226 31432 31444 0
227 31396 31431 0
228 31369 31408 0
229 31360 31364 0
230 15741 15794 0
231 31378 31407 0
232 31358 31405 0
233 15751 15805 0
234 31390 31408 0
235 31373 31429 0
236 31358 31402 0
237 15783 15801 0
238 15808 15817 0
239 31363 31384 0
240 7944 7969 0
241 7931 7981 0
242 7946 7991 0
243 15791 15818 0
244 62621 62665 0
245 62618 62680 0
246 7923 7986 0
247 62663 62688 0
248 7985 8010 0
249 62618 62626 0
250 31361 31397 0
251 7976 7998 0
252 7939 7950 0
253 62604 62626 0
254 62621 62695 0
255 62621 62637 0
256 31384 31401 0
257 7941 7962 0
258 31379 31396 0
259 7963 7973 0
260 62634 62672 0
261 7918 7990 0
262 62646 62681 0
263 15742 15779 0
264 7934 7976 0
265 62619 62624 0
266 7941 7997 0
267 7927 7941 0
268 62652 62663 0
269 62623 62650 0
270 7996 8006 0
271 7925 7960 0
272 62653 62689 0
273 7942 8004 0
274 7966 8012 0
275 62625 62628 0
276 7943 8010 0
277 7944 8010 0
278 7915 7954 0
279 15758 15769 0
280 62625 62682 0
281 62607 62658 0
282 15740 15755 0
283 62648 62655 0
284 4011 4049 0
285 4017 4102 0
286 62607 62687 0
287 4012 4047 0
288 62683 62690 0
289 62661 62693 0
290 4026 4041 0
291 15733 15756 0
292 4027 4079 0
293 62643 62683 0
294 4020 4050 0
295 125103 125181 0
296 4015 4072 0
297 125166 125184 0
298 4037 4073 0
299 4062 4091 0
300 125116 125144 0
301 125114 125166 0
302 4007 4032 0
303 125111 125189 0
304 125118 125142 0
305 4014 4026 0
306 4062 4105 0
307 4013 4070 0
308 125132 125151 0
309 4061 4074 0
310 4060 4076 0
311 125150 125162 0
312 4007 4028 0
313 4020 4090 0
314 125115 125161 0
315 125104 125130 0
316 4014 4062 0
317 125107 125188 0
318 4041 4054 0
319 125113 125185 0
320 2089 2144 0
321 125105 125199 0
322 2077 2102 0
323 31384 31388 0
324 2080 2149 0
325 125119 125149 0
326 125115 125125 0
327 2106 2144 0
328 15737 15814 0
329 2100 2121 0
330 125145 125152 0
331 2076 2092 0
332 125118 125172 0
333 2116 2151 0
334 2054 2145 0
335 125158 125172 0
336 2128 2143 0
337 125150 125187 0
338 250109 250162 0
339 2068 2098 0
340 250117 250172 0
341 250138 250171 0
342 250137 250196 0
343 250146 250172 0
344 2055 2118 0
345 2085 2140 0
346 250120 250188 0
347 2082 2137 0
348 2087 2129 0
349 2101 2115 0
350 15737 15786 0
351 250117 250138 0
352 31364 31373 0
353 250119 250188 0
354 31423 31426 0
355 2116 2148 0
356 250113 250140 0
357 250111 250175 0
358 250103 250142 0
359 250108 250176 0
360 250173 250182 0
361 250156 250172 0
362 250155 250184 0
363 21 56 0
364 29 90 0
365 31368 31384 0
366 250119 250139 0
367 10 30 0
368 31409 31414 0
369 250102 250155 0
370 250101 250175 0
371 500120 500152 0
372 500169 500188 0
373 500102 500168 0
374 6 94 0
375 7 47 0
376 10 59 0
377 24 81 0
378 37 82 0
379 55 83 0
380 22 54 0
381 500111 500196 0
382 2 80 0
383 500142 500192 0
384 500144 500198 0
385 31392 31444 0
386 500116 500145 0
387 500121 500159 0
388 500120 500138 0
389 500109 500137 0
390 500102 500189 0
391 31389 31444 0
392 500121 500167 0
393 500108 500189 0
394 500126 500193 0
395 500113 500152 0
396 500139 500169 0
397 500144 500162 0
398 31358 31428 0
399 15751 15812 0
--------------
1000000 :c
1003801 :sum(p)
999998 :sum(w)
