400 :n
id p,w,x
--------------
0 65 5 1
1 75 25 1
2 2145 2073 1
3 2135 2083 1
4 2150 2072 1
5 2130 2067 1
6 70 41 1
7 99 7 1
8 71 58 1
9 91 50 1
10 84 21 1
11 77 7 1
12 88 75 1
13 85 59 1
14 60 39 1
15 98 2 1
16 49 21 1
17 92 58 1
18 71 49 1
19 70 36 1
20 7 2 1
21 11 4 1
22 95 90 1
23 2133 2084 1
24 2129 2086 1
25 4096 4016 1
26 2118 2080 1
27 2126 2093 1
28 4095 4033 1
29 2127 2096 1
30 4105 4046 1
31 4089 4038 1
32 4093 4042 1
33 4095 4045 1
34 4058 4010 1
35 2116 2091 1
36 2117 2095 1
37 4052 4011 1
38 7989 7914 1
39 4077 4040 1
40 2075 2057 1
41 2084 2066 1
42 4085 4050 1
43 4102 4067 1
44 2083 2066 1
45 2089 2072 1
46 8006 7942 1
47 7998 7939 1
48 4090 4061 1
49 4056 4028 1
50 4091 4063 1
51 8007 7954 1
52 8012 7959 1
53 7979 7927 1
54 4102 4076 1
55 7978 7928 1
56 2142 2129 1
57 2072 2060 1
58 4087 4065 1
59 7976 7938 1
60 2113 2103 1
61 15813 15741 1
62 15820 15755 1
63 15812 15749 1
64 7985 7955 1
65 15792 15734 1
66 4101 4086 1
67 15825 15769 1
68 2123 2116 1
69 15788 15736 1
70 7960 7934 1
71 15783 15733 1
72 7941 7916 1
73 4042 4030 1
74 4023 4012 1
75 8010 7989 1
76 7934 7914 1
77 15770 15732 1
78 7953 7934 1
79 15819 15783 1
80 15775 15740 1
81 15790 15755 1
82 15810 15776 1
83 15786 15753 1
84 31420 31357 1
85 4097 4089 0
86 15815 15785 1
87 31419 31371 1
88 4095 4089 0
89 2069 2066 0
90 62691 62603 1
91 15801 15779 1
92 7983 7973 1
93 7996 7986 1
94 31447 31410 1
95 62673 62601 1
96 7957 7948 1
97 7990 7981 1
98 62678 62608 1
99 62689 62619 1
100 15799 15783 1
101 4014 4010 0
102 72 6 1
103 31398 31362 1
104 15767 15730 1
105 31405 31375 1
106 62681 62625 1
107 7996 7990 0
108 62697 62654 0
109 31445 31450 0
110 15803 15809 0
111 62686 62636 0
112 125192 125102 0
113 15737 15726 0
114 62670 62627 0
115 125177 125101 0
116 125173 125101 0
117 62656 62622 0
118 31384 31367 0
119 125177 125113 0
120 2142 2141 1
121 62684 62655 0
122 125196 125139 0
123 62683 62659 0
124 7925 7922 0
125 62684 62661 0
126 125151 125106 0
127 250195 250113 0
128 31390 31380 0
129 250189 250110 0
130 250177 250102 0
131 125149 125112 0
132 125186 125150 0
133 250175 250109 0
134 7966 7964 0
135 2071 2071 0
136 7987 7989 0
137 7952 7954 0
138 4086 4090 0
139 2117 2121 0
140 49 52 0
141 76 81 0
142 76 82 0
143 125157 125138 0
144 250151 250109 0
145 500174 500111 0
146 125178 125163 0
147 62641 62631 0
148 125191 125172 0
149 62682 62675 0
150 500179 500149 0
151 500152 500106 0
152 500159 500104 0
153 500171 500117 0
154 500192 500150 0
155 62644 62639 0
156 500170 500133 0
157 500171 500151 0
158 250172 250154 0
159 250128 250102 0
160 250162 250148 0
161 125138 125130 0
162 500167 500131 0
163 250166 250149 0
164 250193 250170 0
165 15772 15771 0
166 250163 250145 0
167 500137 500117 0
168 500152 500129 0
169 500169 500138 0
170 250125 250113 0
171 250166 250145 0
172 500195 500101 0
173 500158 500145 0
174 500102 500106 0
175 125105 125104 0
176 500113 500101 0
177 250183 250182 0
178 250178 250181 0
179 125145 125145 0
180 125112 125111 0
181 500149 500130 0
182 500200 500181 0
183 31383 31382 0
184 250185 250187 0
185 250158 250156 0
186 500154 500155 0
187 31382 31385 0
188 250152 250163 0
189 250107 250129 0
190 31420 31423 0
191 31384 31387 0
192 250153 250168 0
193 250176 250190 0
194 250105 250108 0
195 250156 250175 0
196 250134 250158 0
197 62652 62658 0
198 500102 500147 0
199 500108 500118 0
200 250173 250184 0
201 250142 250153 0
202 62637 62642 0
203 500175 500191 0
204 125130 125134 0
205 500132 500149 0
206 500158 500193 0
207 500152 500175 0
208 500162 500190 0
209 500108 500124 0
210 500144 500195 0
211 62641 62642 0
212 500176 500192 0
213 500155 500169 0
214 62615 62620 0
215 500135 500147 0
216 125150 125163 0
217 15760 15761 0
218 500155 500178 0
219 500157 500167 0
220 125149 125151 0
221 500112 500122 0
222 500102 500114 0
223 500115 500130 0
224 250112 250125 0
225 500137 500167 0
226 250161 250106 0
227 62696 62684 0
228 250197 250139 0
229 31400 31394 0
230 31407 31401 0
231 62645 62634 0
232 62610 62601 0
233 15739 15757 0
234 15741 15747 0
235 15761 15773 0
236 15736 15802 0
237 15774 15801 0
238 15765 15824 0
239 15745 15816 0
240 15747 15753 0
241 15740 15755 0
242 7982 8002 0
243 500124 500177 0
244 15740 15773 0
245 31389 31444 0
246 31394 31442 0
247 7929 7961 0
248 7965 7984 0
249 31366 31371 0
250 31395 31420 0
251 15794 15815 0
252 31443 31448 0
253 7945 8009 0
254 7955 8010 0
255 7921 7996 0
256 31371 31397 0
257 15742 15789 0
258 7930 7936 0
259 7919 8004 0
260 7919 7986 0
261 7914 7945 0
262 31353 31419 0
263 31353 31443 0
264 7913 7976 0
265 31387 31404 0
266 31403 31436 0
267 31364 31429 0
268 7913 7932 0
269 31367 31427 0
270 7958 8010 0
271 7975 8004 0
272 7940 7987 0
273 7962 8005 0
274 7957 7964 0
275 31389 31400 0
276 31388 31445 0
277 31373 31407 0
278 31357 31435 0
279 31369 31432 0
280 31353 31374 0
281 4014 4035 0
282 31408 31428 0
283 31372 31446 0
284 31379 31443 0
285 4056 4068 0
286 4007 4103 0
287 4024 4043 0
288 15809 15820 0
289 31383 31430 0
290 31390 31421 0
291 4065 4096 0
292 4007 4037 0
293 31357 31361 0
294 4010 4041 0
295 4029 4068 0
296 4031 4090 0
297 31370 31400 0
298 31375 31430 0
299 62614 62649 0
300 4063 4092 0
301 4082 4104 0
302 62679 62696 0
303 62636 62643 0
304 4016 4102 0
305 62616 62627 0
306 4018 4024 0
307 4088 4094 0
308 62629 62657 0
309 4009 4041 0
310 62618 62670 0
311 4065 4096 0
312 62684 62691 0
313 62602 62670 0
314 62639 62659 0
315 4034 4062 0
316 62665 62683 0
317 62624 62648 0
318 62605 62641 0
319 62606 62617 0
320 2064 2127 0
321 2075 2089 0
322 62623 62657 0
323 62610 62668 0
324 62604 62623 0
325 62639 62695 0
326 15755 15787 0
327 2067 2150 0
328 2094 2121 0
329 2085 2120 0
330 62601 62620 0
331 2071 2086 0
332 2070 2115 0
333 125111 125175 0
334 125180 125198 0
335 2090 2102 0
336 125102 125180 0
337 125103 125193 0
338 125151 125190 0
339 2073 2152 0
340 125112 125177 0
341 125130 125171 0
342 125107 125137 0
343 125116 125194 0
344 2070 2098 0
345 2069 2095 0
346 2055 2128 0
347 125127 125145 0
348 2059 2105 0
349 125147 125176 0
350 2110 2122 0
351 125132 125193 0
352 125155 125187 0
353 2067 2150 0
354 125115 125188 0
355 2099 2121 0
356 2090 2139 0
357 125169 125191 0
358 125122 125156 0
359 125139 125165 0
360 15821 15824 0
361 15729 15787 0
362 57 79 0
363 34 62 0
364 125102 125181 0
365 125118 125143 0
366 42 54 0
367 27 51 0
368 52 87 0
369 125101 125124 0
370 20 30 0
371 125161 125178 0
372 54 79 0
373 125111 125129 0
374 250118 250181 0
375 76 99 0
376 250128 250185 0
377 250150 250198 0
378 250110 250150 0
379 1 28 0
380 250127 250159 0
381 19 82 0
382 14 30 0
383 250139 250192 0
384 68 90 0
385 29 88 0
386 21 81 0
387 78 99 0
388 250124 250163 0
389 71 87 0
390 15803 15806 0
391 250118 250165 0
392 250102 250172 0
393 250129 250200 0
394 250116 250173 0
395 500112 500191 0
396 20 32 0
397 500136 500191 0
398 15782 15816 0
399 15732 15794 0
--------------
1000000 :c
1004038 :sum(p)
999999 :sum(w)
