400 :n
id p,w,x
--------------
0 71 51 1
1 2111 2068 1
2 4092 4009 1
3 4071 4020 1
4 4066 4014 1
5 2133 2060 1
6 4083 4059 1
7 65 10 1
8 2142 2102 1
9 82 58 1
10 70 44 1
11 4091 4042 1
12 94 20 1
13 8004 7956 1
14 4102 4030 1
15 4093 4050 1
16 2133 2067 1
17 38 8 1
18 90 17 1
19 4081 4043 1
20 4053 4021 1
21 2100 2057 1
22 4063 4038 1
23 2090 2063 1
24 4072 4014 1
25 2145 2060 1
26 2136 2114 1
27 22 3 1
28 94 43 1
29 2142 2086 1
30 7999 7952 1
31 94 27 1
32 15816 15737 1
33 7972 7918 1
34 7987 7939 1
35 2110 2063 1
36 2105 2065 1
37 15808 15732 1
38 8000 7929 1
39 15820 15754 1
40 92 15 1
41 14 2 1
42 30 19 1
43 52 41 1
44 97 85 1
45 2099 2086 1
46 2079 2067 1
47 4026 4007 1
48 2081 2073 1
49 4032 4017 1
50 15787 15729 1
51 4087 4072 1
52 15790 15733 1
53 15809 15754 1
54 15781 15729 1
55 4025 4012 1
56 31449 31351 1
57 15789 15743 1
58 15821 15775 1
59 7946 7924 1
60 31447 31367 1
61 15776 15736 1
62 4051 4041 1
63 8007 7988 1
64 31426 31352 1
65 2131 2126 1
66 4052 4043 1
67 4056 4047 1
68 7959 7942 0
69 31439 31374 1
70 7981 7965 1
71 31448 31385 1
72 7999 7983 1
73 4038 4030 1
74 15758 15727 1
75 31421 31363 1
76 31425 31367 1
77 15795 15766 1
78 31448 31392 1
79 15784 15756 1
80 7950 7936 0
81 31443 31388 1
82 31441 31387 1
83 7991 7953 1
84 31409 31358 1
85 4064 4058 0
86 31424 31378 1
87 31401 31357 1
88 15760 15738 0
89 7973 7962 1
90 4098 4019 1
91 62697 62607 1
92 62687 62602 1
93 62681 62604 1
94 31436 31398 0
95 62700 62658 0
96 15821 15823 0
97 2 22 0
98 62692 62619 0
99 31385 31351 0
100 31391 31359 0
101 7923 7915 0
102 7970 7962 0
103 62673 62613 0
104 125191 125120 0
105 31421 31392 0
106 62663 62606 0
107 15749 15736 0
108 15770 15757 0
109 62663 62613 0
110 31413 31389 0
111 31444 31420 0
112 15772 15760 0
113 15778 15766 0
114 15787 15775 0
115 8004 7999 0
116 125185 125107 0
117 62670 62631 0
118 62681 62643 0
119 62697 62659 0
120 62648 62612 0
121 15745 15736 0
122 15800 15791 0
123 7966 7962 0
124 15734 15727 0
125 15778 15771 0
126 7925 7922 0
127 7930 7927 0
128 7995 7994 0
129 7933 7934 0
130 7927 7929 0
131 4021 4023 0
132 7953 7957 0
133 4052 4055 0
134 2082 2085 0
135 4046 4053 0
136 2144 2148 0
137 4036 4045 0
138 2119 2127 0
139 2125 2136 0
140 43 44 0
141 72 76 0
142 64 68 0
143 45 48 0
144 30 33 0
145 44 50 0
146 25 31 0
147 7 15 0
148 8 19 0
149 62655 62679 0
150 62632 62617 0
151 62629 62613 0
152 62650 62683 0
153 62633 62610 0
154 125159 125154 0
155 62614 62636 0
156 62666 62638 0
157 62606 62699 0
158 62654 62648 0
159 125137 125122 0
160 31380 31368 0
161 125188 125168 0
162 31438 31435 0
163 62690 62700 0
164 125127 125139 0
165 31393 31443 0
166 31399 31448 0
167 125194 125131 0
168 125105 125127 0
169 125144 125115 0
170 31434 31441 0
171 31386 31440 0
172 31403 31411 0
173 31445 31447 0
174 31361 31415 0
175 125146 125127 0
176 125145 125101 0
177 125110 125130 0
178 31392 31433 0
179 31390 31390 0
180 125130 125119 0
181 31385 31388 0
182 125192 125149 0
183 125177 125116 0
184 125180 125125 0
185 31426 31447 0
186 125149 125163 0
187 31440 31426 0
188 31408 31436 0
189 31438 31437 0
190 125183 125176 0
191 31384 31413 0
192 125147 125180 0
193 31367 31387 0
194 31402 31386 0
195 125102 125161 0
196 125172 125139 0
197 31402 31435 0
198 125170 125120 0
199 125175 125110 0
200 125117 125154 0
201 125159 125181 0
202 125193 125139 0
203 125130 125125 0
204 250168 250118 0
205 62629 62657 0
206 250145 250161 0
207 15756 15775 0
208 250127 250188 0
209 250144 250171 0
210 125127 125162 0
211 15811 15823 0
212 250112 250163 0
213 250169 250181 0
214 250135 250145 0
215 62634 62615 0
216 250109 250150 0
217 250142 250129 0
218 250196 250145 0
219 250116 250106 0
220 250182 250124 0
221 250140 250168 0
222 15785 15818 0
223 15812 15819 0
224 125177 125199 0
225 250158 250131 0
226 250168 250162 0
227 250188 250160 0
228 250177 250184 0
229 250200 250171 0
230 15728 15756 0
231 250165 250128 0
232 250132 250125 0
233 250176 250173 0
234 15737 15741 0
235 250175 250155 0
236 250186 250176 0
237 250137 250195 0
238 125135 125146 0
239 62636 62621 0
240 250180 250150 0
241 250121 250117 0
242 250132 250159 0
243 125179 125150 0
244 250151 250183 0
245 250194 250107 0
246 250175 250151 0
247 250177 250133 0
248 250194 250174 0
249 250110 250140 0
250 250192 250120 0
251 250147 250178 0
252 250139 250147 0
253 250127 250153 0
254 250130 250109 0
255 250156 250131 0
256 62606 62666 0
257 250175 250170 0
258 500133 500172 0
259 62602 62662 0
260 125197 125183 0
261 500190 500186 0
262 500172 500126 0
263 62634 62601 0
264 500106 500109 0
265 62629 62665 0
266 500150 500138 0
267 500124 500187 0
268 500105 500132 0
269 500170 500156 0
270 62640 62617 0
271 500148 500161 0
272 500162 500159 0
273 7935 7941 0
274 500142 500198 0
275 500152 500199 0
276 500102 500114 0
277 7940 7956 0
278 125127 125111 0
279 500168 500144 0
280 500124 500113 0
281 500191 500161 0
282 500184 500125 0
283 500147 500101 0
284 500133 500112 0
285 500144 500178 0
286 500179 500158 0
287 500103 500165 0
288 500106 500139 0
289 500135 500152 0
290 500194 500132 0
291 500124 500148 0
292 500194 500122 0
293 500154 500118 0
294 500179 500169 0
295 500158 500197 0
296 500164 500156 0
297 500108 500189 0
298 500179 500190 0
299 62654 62674 0
300 500169 500174 0
301 125125 125148 0
302 500105 500111 0
303 500178 500142 0
304 62619 62635 0
305 500145 500180 0
306 500103 500183 0
307 500137 500134 0
308 500107 500175 0
309 125183 125132 0
310 125138 125149 0
311 125149 125148 0
312 62628 62625 0
313 62660 62681 0
314 62665 62681 0
315 125128 125191 0
316 62686 62660 0
317 62620 62651 0
318 125117 125161 0
319 62699 62686 0
320 125148 125174 0
321 62616 62695 0
322 62647 62678 0
323 4025 4077 0
324 4073 4095 0
325 2062 2090 0
326 2082 2102 0
327 4033 4102 0
328 4018 4080 0
329 4007 4042 0
330 2100 2139 0
331 2086 2117 0
332 2128 2145 0
333 2106 2129 0
334 4020 4087 0
335 2072 2084 0
336 2124 2136 0
337 7928 7976 0
338 7932 7968 0
339 7928 7979 0
340 7977 8009 0
341 2088 2150 0
342 7919 8004 0
343 2066 2093 0
344 7931 7992 0
345 2103 2137 0
346 2057 2079 0
347 2120 2132 0
348 2135 2152 0
349 7962 7985 0
350 2070 2140 0
351 7953 7997 0
352 2071 2083 0
353 2116 2139 0
354 7921 7982 0
355 7953 7971 0
356 2105 2130 0
357 2094 2130 0
358 7914 7968 0
359 57 79 0
360 22 82 0
361 7939 7967 0
362 23 72 0
363 7943 7971 0
364 7930 7994 0
365 7959 7980 0
366 2122 2134 0
367 5 84 0
368 41 71 0
369 38 95 0
370 69 98 0
371 15734 15775 0
372 2117 2131 0
373 15753 15797 0
374 20 48 0
375 4017 4077 0
376 15738 15801 0
377 4015 4047 0
378 30 83 0
379 15726 15813 0
380 4019 4043 0
381 4064 4100 0
382 51 73 0
383 15732 15824 0
384 4009 4089 0
385 15731 15785 0
386 33 100 0
387 14 81 0
388 16 76 0
389 15754 15793 0
390 18 71 0
391 4036 4047 0
392 15726 15823 0
393 4072 4095 0
394 15739 15790 0
395 15759 15793 0
396 31364 31441 0
397 11 77 0
398 4033 4087 0
399 4079 4099 0
--------------
1000000 :c
1003953 :sum(p)
1000000 :sum(w)
