400 :n
id p,w,x
--------------
0 2130 2055 1
1 2152 2066 1
2 97 66 1
3 14 5 1
4 38 21 1
5 67 14 1
6 23 14 1
7 53 10 1
8 2150 2111 1
9 2122 2063 1
10 35 8 1
11 91 7 1
12 70 15 1
13 4104 4025 1
14 4104 4008 1
15 99 24 1
16 31 8 1
17 31 25 1
18 94 46 1
19 85 74 1
20 96 85 1
21 2124 2086 1
22 33 26 1
23 90 30 1
24 52 4 1
25 4024 4007 1
26 8004 7975 1
27 8011 7918 1
28 2127 2103 1
29 2110 2093 1
30 2149 2126 1
31 4063 4051 1
32 2122 2107 1
33 4070 4044 1
34 7996 7964 1
35 2099 2070 1
36 4103 4040 1
37 4103 4073 1
38 4074 4055 1
39 2089 2060 1
40 31444 31366 1
41 31434 31372 1
42 15769 15740 1
43 15813 15735 1
44 4098 4043 1
45 2083 2060 1
46 4067 4011 1
47 2130 2116 1
48 8011 7977 1
49 31449 31393 1
50 2126 2104 1
51 4103 4067 1
52 31430 31367 1
53 15807 15734 1
54 15811 15765 1
55 15774 15740 1
56 4083 4045 1
57 2095 2083 1
58 15812 15733 1
59 7983 7958 1
60 15814 15771 1
61 15793 15768 1
62 15784 15731 1
63 4050 4039 1
64 15777 15741 1
65 4077 4059 1
66 2147 2120 1
67 15798 15742 1
68 15779 15749 1
69 15818 15793 1
70 8008 7970 1
71 7981 7934 1
72 7984 7929 1
73 7965 7948 1
74 2100 2074 1
75 31405 31362 1
76 4086 4029 1
77 15787 15741 1
78 15788 15760 1
79 7998 7937 1
80 62693 62607 1
81 15803 15744 1
82 8003 7977 1
83 8011 7951 1
84 10 7 1
85 7 5 1
86 26 25 1
87 65 64 1
88 4027 4018 1
89 4071 4062 1
90 4020 4013 1
91 7968 7955 1
92 7971 7958 1
93 7970 7959 1
94 7991 7980 1
95 31405 31364 1
96 15778 15758 1
97 15807 15787 1
98 4070 4063 0
99 7958 7948 1
100 31427 31388 1
101 31446 31409 1
102 15794 15776 1
103 7936 7927 0
104 31 30 0
105 15766 15737 1
106 62681 62611 1
107 62679 62610 1
108 62687 62628 0
109 62700 62669 0
110 31448 31447 0
111 21 33 0
112 31422 31388 0
113 62665 62601 0
114 7943 7935 0
115 62699 62636 0
116 4043 4039 0
117 2099 2098 1
118 62693 62631 0
119 15793 15780 0
120 7938 7934 0
121 4021 4021 0
122 83 86 0
123 125128 125100 0
124 500175 500103 0
125 125172 125159 0
126 62659 62606 0
127 125159 125107 0
128 500148 500102 0
129 125181 125170 0
130 15797 15790 0
131 250131 250104 0
132 15810 15806 0
133 62642 62632 0
134 62691 62663 0
135 500175 500101 0
136 15820 15816 0
137 62662 62653 0
138 62674 62618 0
139 62627 62614 0
140 125174 125146 0
141 125162 125112 0
142 250193 250101 0
143 125142 125119 0
144 31405 31385 0
145 62675 62659 0
146 31374 31351 0
147 250191 250136 0
148 250199 250111 0
149 250180 250122 0
150 7961 7958 0
151 500166 500112 0
152 250184 250122 0
153 250160 250134 0
154 250178 250109 0
155 62641 62610 0
156 62672 62652 0
157 500186 500103 0
158 62611 62602 0
159 125170 125128 0
160 500198 500112 0
161 31396 31380 0
162 125186 125146 0
163 500176 500131 0
164 31380 31377 0
165 31417 31390 0
166 250174 250126 0
167 250195 250145 0
168 250182 250111 0
169 125170 125138 0
170 250180 250156 0
171 125192 125181 0
172 125174 125103 0
173 250198 250168 0
174 31414 31406 0
175 31436 31414 0
176 500187 500133 0
177 500177 500103 0
178 250191 250110 0
179 31397 31369 0
180 31438 31424 0
181 15755 15753 0
182 250157 250128 0
183 15774 15762 0
184 125129 125111 0
185 125163 125119 0
186 31398 31386 0
187 500200 500147 0
188 250157 250141 0
189 500193 500165 0
190 500149 500107 0
191 500143 500117 0
192 250120 250106 0
193 500142 500109 0
194 125132 125125 0
195 500143 500118 0
196 500186 500161 0
197 500175 500135 0
198 125179 125110 0
199 31395 31437 0
200 31384 31429 0
201 31388 31402 0
202 31382 31391 0
203 31359 31361 0
204 15763 15767 0
205 31366 31397 0
206 31395 31400 0
207 31411 31435 0
208 31357 31400 0
209 31426 31425 0
210 31359 31394 0
211 31414 31424 0
212 31445 31449 0
213 31422 31445 0
214 15767 15780 0
215 500152 500128 0
216 62610 62612 0
217 15730 15756 0
218 62640 62642 0
219 62618 62630 0
220 62601 62698 0
221 15747 15752 0
222 15752 15774 0
223 62646 62679 0
224 62682 62696 0
225 62664 62700 0
226 62646 62690 0
227 62607 62648 0
228 15816 15818 0
229 62667 62695 0
230 62605 62621 0
231 62678 62679 0
232 62659 62690 0
233 62695 62698 0
234 62674 62691 0
235 62670 62699 0
236 15730 15740 0
237 62643 62684 0
238 62633 62692 0
239 62662 62665 0
240 62674 62676 0
241 62605 62604 0
242 62608 62672 0
243 125160 125167 0
244 125118 125172 0
245 125174 125187 0
246 125151 125162 0
247 125124 125193 0
248 125138 125193 0
249 125122 125117 0
250 7929 7935 0
251 125105 125167 0
252 125151 125180 0
253 125120 125188 0
254 125176 125183 0
255 125166 125181 0
256 125131 125147 0
257 125145 125198 0
258 125116 125199 0
259 125113 125126 0
260 125140 125192 0
261 125101 125110 0
262 125137 125164 0
263 125152 125192 0
264 125111 125138 0
265 125102 125137 0
266 7927 7938 0
267 125115 125124 0
268 250120 250184 0
269 250185 250182 0
270 250128 250151 0
271 250142 250139 0
272 250185 250181 0
273 250117 250194 0
274 250110 250140 0
275 250103 250136 0
276 7987 7996 0
277 250104 250163 0
278 250138 250166 0
279 250148 250155 0
280 250112 250195 0
281 31352 31395 0
282 250111 250109 0
283 250114 250141 0
284 250188 250184 0
285 250121 250190 0
286 250151 250169 0
287 250176 250164 0
288 250136 250148 0
289 250122 250149 0
290 250165 250193 0
291 250112 250154 0
292 250112 250114 0
293 500141 500131 0
294 500148 500172 0
295 500186 500189 0
296 500105 500132 0
297 500106 500145 0
298 500138 500124 0
299 4016 4018 0
300 500130 500173 0
301 500133 500166 0
302 500134 500184 0
303 500118 500200 0
304 500124 500184 0
305 500154 500197 0
306 4076 4079 0
307 500101 500126 0
308 500183 500164 0
309 500110 500178 0
310 500139 500166 0
311 500147 500139 0
312 500137 500178 0
313 500107 500112 0
314 500192 500189 0
315 500132 500196 0
316 2084 2087 0
317 500118 500142 0
318 4095 4102 0
319 31371 31386 0
320 31401 31439 0
321 31380 31390 0
322 125164 125146 0
323 4013 4023 0
324 2088 2121 0
325 4038 4047 0
326 4008 4096 0
327 2065 2079 0
328 4048 4072 0
329 2084 2127 0
330 4058 4093 0
331 4073 4097 0
332 2125 2152 0
333 4061 4072 0
334 4055 4102 0
335 2077 2146 0
336 2062 2152 0
337 2063 2114 0
338 4044 4084 0
339 4087 4096 0
340 2061 2142 0
341 2077 2084 0
342 2100 2147 0
343 4031 4079 0
344 4070 4081 0
345 4030 4048 0
346 2063 2144 0
347 2068 2137 0
348 4013 4089 0
349 2059 2117 0
350 2094 2127 0
351 2096 2128 0
352 4013 4042 0
353 2068 2129 0
354 7933 7986 0
355 2057 2072 0
356 2067 2134 0
357 7918 7955 0
358 2072 2153 0
359 7968 7988 0
360 7930 7949 0
361 5 65 0
362 7918 7990 0
363 7987 8004 0
364 7913 7972 0
365 7917 7980 0
366 7919 7991 0
367 7946 8005 0
368 7980 7995 0
369 7927 7975 0
370 26 37 0
371 24 74 0
372 7938 7988 0
373 7937 7970 0
374 30 65 0
375 23 80 0
376 7986 8007 0
377 7959 8007 0
378 15770 15820 0
379 20 91 0
380 44 69 0
381 52 72 0
382 15753 15800 0
383 38 93 0
384 17 93 0
385 15785 15822 0
386 15744 15789 0
387 15740 15790 0
388 15762 15825 0
389 15727 15754 0
390 45 91 0
391 10 49 0
392 59 97 0
393 31390 31445 0
394 31354 31448 0
395 70 75 0
396 4 54 0
397 2098 2150 0
398 2091 2132 0
399 4049 4072 0
--------------
1000000 :c
1003866 :sum(p)
999999 :sum(w)
