400 :n
id p,w,x
--------------
0 15780 15739 1
1 2129 2108 1
2 2099 2058 1
3 82 62 1
4 2150 2078 1
5 2140 2060 1
6 4074 4037 1
7 2132 2071 1
8 2111 2067 1
9 4093 4055 1
10 40 4 1
11 4061 4025 1
12 4050 4007 1
13 2113 2055 1
14 89 53 1
15 4095 4055 1
16 4092 4017 1
17 31436 31358 1
18 4098 4051 1
19 15800 15743 1
20 53 9 1
21 19 1 1
22 71 7 1
23 15821 15783 1
24 27 8 1
25 8012 7959 1
26 8004 7950 1
27 71 27 1
28 7977 7926 1
29 7992 7917 1
30 71 26 1
31 4084 4039 1
32 8009 7954 1
33 7953 7915 1
34 80 3 1
35 4105 4007 1
36 8005 7944 1
37 48 14 1
38 2152 2074 1
39 81 57 1
40 7967 7920 1
41 2129 2100 1
42 8001 7935 1
43 41 23 1
44 15802 15728 1
45 2153 2081 1
46 2128 2079 1
47 4032 4007 1
48 89 3 1
49 15819 15777 1
50 2137 2088 1
51 4090 4053 1
52 15819 15766 1
53 15803 15727 1
54 7966 7938 1
55 2152 2095 1
56 7969 7916 1
57 63 30 1
58 7980 7932 1
59 2153 2123 1
60 55 2 1
61 2090 2059 1
62 15786 15749 1
63 4080 4048 1
64 31436 31357 1
65 4066 4033 1
66 28 19 1
67 10 7 1
68 54 38 1
69 15 11 1
70 42 32 1
71 41 37 1
72 2095 2077 1
73 2133 2115 1
74 2093 2078 1
75 2147 2132 1
76 2079 2065 1
77 2084 2070 1
78 4034 4013 1
79 4092 4072 1
80 4054 4040 1
81 4029 4016 1
82 4084 4071 1
83 7954 7929 1
84 8001 7978 1
85 7991 7970 1
86 2062 2057 1
87 7986 7968 1
88 7992 7974 1
89 15761 15729 1
90 15810 15778 1
91 4048 4040 0
92 31425 31365 1
93 31414 31355 1
94 8006 7991 1
95 31437 31383 1
96 15786 15760 1
97 15802 15776 1
98 31407 31357 1
99 31413 31364 1
100 31426 31377 1
101 31404 31356 1
102 15802 15778 1
103 31399 31357 1
104 31437 31396 0
105 31415 31377 0
106 15771 15752 1
107 4024 4008 1
108 62700 62602 1
109 7949 7922 1
110 4061 4054 1
111 62681 62606 1
112 31415 31380 0
113 31448 31442 0
114 31446 31445 0
115 25 45 0
116 62673 62605 1
117 31387 31353 0
118 15778 15761 0
119 7962 7954 0
120 4084 4080 0
121 62696 62635 0
122 2121 2119 0
123 31386 31359 0
124 31397 31370 0
125 31392 31366 0
126 62679 62631 0
127 31385 31361 0
128 31392 31368 0
129 62699 62657 0
130 125182 125101 0
131 8004 7999 0
132 31397 31378 0
133 15811 15804 0
134 4090 4090 0
135 7961 7961 0
136 4098 4103 0
137 4070 4077 0
138 2090 2094 0
139 2061 2065 0
140 2054 2058 0
141 4021 4033 0
142 62 63 1
143 62 65 0
144 67 77 0
145 79 94 0
146 47 59 0
147 41 57 0
148 125174 125121 0
149 31372 31361 0
150 62672 62650 0
151 62635 62617 0
152 250188 250110 0
153 31436 31420 0
154 62682 62660 0
155 62658 62641 0
156 62652 62621 0
157 125190 125117 0
158 250189 250112 0
159 62658 62642 0
160 31420 31434 0
161 62641 62663 0
162 62653 62679 0
163 62645 62681 0
164 62602 62619 0
165 62618 62654 0
166 62604 62653 0
167 31371 31371 0
168 62634 62675 0
169 31400 31393 0
170 62612 62645 0
171 62648 62660 0
172 62608 62654 0
173 62637 62669 0
174 62648 62652 0
175 62617 62667 0
176 62653 62640 0
177 125149 125183 0
178 125118 125124 0
179 125107 125174 0
180 31407 31417 0
181 125138 125112 0
182 31364 31391 0
183 125129 125102 0
184 125198 125179 0
185 125116 125172 0
186 125159 125161 0
187 125157 125138 0
188 125104 125139 0
189 125151 125171 0
190 125157 125182 0
191 125149 125179 0
192 125194 125197 0
193 125152 125194 0
194 125100 125126 0
195 125103 125162 0
196 125104 125180 0
197 125177 125175 0
198 125154 125155 0
199 125177 125182 0
200 15804 15807 0
201 125137 125139 0
202 125108 125169 0
203 15742 15749 0
204 125114 125129 0
205 125116 125197 0
206 125125 125135 0
207 125104 125156 0
208 125153 125129 0
209 125116 125158 0
210 125181 125176 0
211 125107 125123 0
212 15781 15790 0
213 125151 125144 0
214 125109 125190 0
215 250104 250143 0
216 15755 15758 0
217 15797 15809 0
218 250132 250166 0
219 250177 250159 0
220 250182 250129 0
221 250139 250137 0
222 250103 250124 0
223 250137 250198 0
224 250103 250131 0
225 15795 15798 0
226 250119 250179 0
227 250117 250169 0
228 250109 250188 0
229 250168 250108 0
230 250162 250124 0
231 15744 15745 0
232 250164 250142 0
233 250153 250193 0
234 250193 250176 0
235 250138 250186 0
236 250151 250136 0
237 15797 15800 0
238 250113 250151 0
239 250158 250122 0
240 250103 250182 0
241 250159 250171 0
242 250185 250159 0
243 250155 250150 0
244 250162 250156 0
245 250163 250144 0
246 250134 250151 0
247 250175 250184 0
248 250152 250141 0
249 250171 250179 0
250 250142 250187 0
251 250176 250198 0
252 250123 250161 0
253 62671 62670 0
254 250160 250127 0
255 250163 250181 0
256 250136 250176 0
257 250163 250181 0
258 500186 500186 0
259 500154 500103 0
260 500104 500112 0
261 500142 500152 0
262 500181 500155 0
263 500139 500133 0
264 500162 500103 0
265 500139 500179 0
266 500187 500184 0
267 500185 500164 0
268 500119 500158 0
269 500135 500107 0
270 500179 500186 0
271 500159 500122 0
272 500132 500148 0
273 500187 500143 0
274 500132 500109 0
275 500119 500138 0
276 500176 500197 0
277 500173 500159 0
278 500146 500165 0
279 62652 62646 0
280 500139 500173 0
281 500160 500146 0
282 500129 500143 0
283 500174 500189 0
284 500177 500167 0
285 500118 500116 0
286 500159 500104 0
287 500161 500196 0
288 500135 500192 0
289 500192 500167 0
290 500175 500186 0
291 500105 500185 0
292 500119 500171 0
293 500164 500133 0
294 500169 500120 0
295 500162 500162 0
296 500158 500190 0
297 500139 500164 0
298 500128 500150 0
299 62623 62631 0
300 62635 62632 0
301 62689 62657 0
302 62639 62616 0
303 31426 31416 0
304 250194 250121 0
305 125174 125139 0
306 7914 7924 0
307 7923 7944 0
308 15736 15770 0
309 15780 15812 0
310 15791 15807 0
311 15737 15780 0
312 15756 15771 0
313 15792 15824 0
314 15801 15818 0
315 15734 15772 0
316 15745 15771 0
317 31391 31428 0
318 31359 31394 0
319 31380 31422 0
320 31399 31440 0
321 31358 31425 0
322 7982 8005 0
323 31381 31433 0
324 31390 31418 0
325 31365 31440 0
326 62604 62697 0
327 62607 62689 0
328 62630 62696 0
329 62607 62694 0
330 62614 62681 0
331 7980 7994 0
332 7943 7953 0
333 7947 7970 0
334 31391 31378 0
335 125186 125132 0
336 62693 62675 0
337 62660 62639 0
338 125185 125138 0
339 125183 125147 0
340 62672 62644 0
341 2076 2122 0
342 2113 2129 0
343 4037 4091 0
344 4087 4103 0
345 4070 4102 0
346 4010 4025 0
347 2116 2146 0
348 4030 4104 0
349 4064 4101 0
350 2116 2146 0
351 2067 2094 0
352 4055 4093 0
353 4033 4098 0
354 4025 4077 0
355 2069 2128 0
356 4052 4065 0
357 4009 4090 0
358 2116 2147 0
359 4056 4092 0
360 4028 4098 0
361 7935 7982 0
362 4049 4098 0
363 7920 7980 0
364 7938 8012 0
365 10 67 0
366 7929 7985 0
367 7921 7972 0
368 7954 7990 0
369 7935 7971 0
370 7937 7968 0
371 37 75 0
372 7915 8007 0
373 18 88 0
374 24 87 0
375 7948 7987 0
376 1 37 0
377 27 51 0
378 22 97 0
379 7966 7994 0
380 37 81 0
381 7913 7957 0
382 2087 2127 0
383 15745 15825 0
384 2079 2131 0
385 14 87 0
386 15751 15819 0
387 15742 15795 0
388 2126 2147 0
389 15745 15817 0
390 9 59 0
391 2064 2112 0
392 15734 15798 0
393 15751 15811 0
394 54 85 0
395 15779 15825 0
396 2134 2149 0
397 31351 31450 0
398 2063 2127 0
399 2071 2140 0
--------------
1000000 :c
1004418 :sum(p)
999999 :sum(w)
