400 :n
id p,w,x
--------------
0 31447 31373 1
1 31430 31364 1
2 2135 2085 1
3 95 25 1
4 2114 2058 1
5 2149 2059 1
6 4096 4019 1
7 2138 2066 1
8 31440 31362 1
9 31449 31372 1
10 31445 31374 1
11 4077 4014 1
12 71 11 1
13 96 52 1
14 85 24 1
15 15797 15733 1
16 15808 15741 1
17 15807 15732 1
18 36 1 1
19 73 9 1
20 69 23 1
21 15809 15751 1
22 15802 15756 1
23 48 7 1
24 7994 7942 1
25 99 63 1
26 67 11 1
27 8010 7934 1
28 4101 4034 1
29 4103 4040 1
30 95 48 1
31 2096 2054 1
32 8003 7950 1
33 7989 7940 1
34 2149 2063 1
35 8000 7932 1
36 2104 2065 1
37 2149 2080 1
38 4087 4050 1
39 2093 2054 1
40 7985 7932 1
41 19 7 1
42 48 18 1
43 56 25 1
44 53 27 1
45 39 31 1
46 66 56 1
47 66 59 1
48 61 58 0
49 83 81 0
50 2144 2111 1
51 2085 2055 1
52 2136 2106 1
53 2084 2056 1
54 2140 2112 1
55 2099 2081 1
56 2141 2123 1
57 4070 4036 1
58 4062 4029 1
59 4073 4040 1
60 4063 4032 1
61 2153 2138 1
62 4057 4029 1
63 4058 4031 1
64 2102 2089 1
65 4100 4075 1
66 2092 2080 1
67 4065 4044 1
68 7957 7920 1
69 4062 4044 1
70 7958 7927 1
71 8002 7971 1
72 2094 2086 1
73 2101 2093 1
74 4054 4039 1
75 7959 7932 1
76 7983 7959 1
77 4067 4055 1
78 15777 15733 1
79 15803 15759 1
80 15808 15764 1
81 15778 15740 1
82 2131 2126 0
83 2136 2131 1
84 15824 15787 1
85 15792 15759 1
86 15778 15747 1
87 15813 15782 1
88 31445 31388 1
89 7959 7945 1
90 31406 31368 1
91 31431 31392 1
92 15766 15740 1
93 31417 31378 1
94 31422 31381 1
95 2117 2107 1
96 4039 4029 1
97 7954 7944 0
98 15763 15746 1
99 15813 15796 1
100 15767 15751 1
101 15819 15803 0
102 7940 7932 0
103 31438 31411 1
104 62663 62610 1
105 31421 31397 1
106 8010 7996 1
107 7933 7920 1
108 2078 2076 1
109 15793 15781 0
110 15823 15811 0
111 4082 4079 0
112 15815 15808 0
113 7999 8002 0
114 62651 62626 0
115 62692 62648 1
116 15787 15776 0
117 7977 7972 0
118 31366 31351 0
119 31416 31401 0
120 2111 2110 0
121 15803 15796 0
122 31389 31376 0
123 72 73 0
124 125190 125127 0
125 62686 62654 0
126 62663 62634 0
127 62692 62664 0
128 62669 62642 0
129 62698 62672 0
130 125184 125112 0
131 125191 125117 0
132 125184 125103 0
133 62644 62620 0
134 62654 62630 0
135 62658 62639 0
136 62692 62673 0
137 31373 31365 0
138 31445 31437 0
139 15755 15751 0
140 62632 62617 0
141 62625 62612 0
142 62683 62670 0
143 7945 7944 0
144 7978 7977 0
145 31366 31363 0
146 31447 31444 0
147 15751 15750 0
148 31434 31433 0
149 31442 31441 0
150 31403 31403 0
151 2148 2148 0
152 7914 7917 0
153 7973 7977 0
154 7971 7975 0
155 7967 7971 0
156 15761 15772 0
157 15758 15769 0
158 15763 15775 0
159 2067 2069 0
160 7960 7968 0
161 7983 7992 0
162 4076 4081 0
163 4018 4024 0
164 7943 7955 0
165 7937 7951 0
166 4088 4096 0
167 4074 4083 0
168 4066 4076 0
169 4061 4071 0
170 4029 4040 0
171 2144 2150 0
172 4040 4052 0
173 4056 4070 0
174 4062 4078 0
175 2099 2108 0
176 4074 4092 0
177 2066 2076 0
178 4077 4097 0
179 4046 4066 0
180 2079 2094 0
181 2056 2072 0
182 90 92 0
183 85 90 0
184 59 68 0
185 58 80 0
186 4 6 0
187 29 47 0
188 6 25 0
189 500178 500121 0
190 500141 500118 0
191 125149 125138 0
192 250149 250126 0
193 250134 250109 0
194 250192 250158 0
195 250165 250107 0
196 250172 250112 0
197 125157 125104 0
198 62661 62650 0
199 125162 125105 0
200 250187 250151 0
201 125135 125100 0
202 62686 62675 0
203 125190 125167 0
204 250159 250105 0
205 250195 250121 0
206 250192 250135 0
207 125147 125117 0
208 125170 125135 0
209 125136 125108 0
210 250132 250123 0
211 250171 250142 0
212 250139 250122 0
213 125125 125159 0
214 31366 31374 0
215 31394 31420 0
216 125145 125152 0
217 15762 15775 0
218 250164 250164 0
219 250109 250116 0
220 250106 250129 0
221 250154 250192 0
222 31357 31391 0
223 250121 250178 0
224 250139 250154 0
225 125125 125185 0
226 31409 31427 0
227 31380 31419 0
228 62613 62641 0
229 62645 62667 0
230 250122 250126 0
231 62621 62668 0
232 250131 250167 0
233 31391 31398 0
234 62619 62671 0
235 62603 62687 0
236 62646 62649 0
237 250101 250188 0
238 15766 15789 0
239 250104 250195 0
240 15760 15789 0
241 250176 250195 0
242 62696 62695 0
243 250134 250161 0
244 31395 31408 0
245 62629 62690 0
246 250107 250112 0
247 250139 250184 0
248 62689 62687 0
249 31405 31449 0
250 15739 15766 0
251 250131 250176 0
252 31356 31387 0
253 62624 62630 0
254 62655 62654 0
255 250123 250182 0
256 250152 250147 0
257 250119 250167 0
258 62697 62700 0
259 62628 62629 0
260 125167 125199 0
261 62602 62651 0
262 250143 250162 0
263 62610 62643 0
264 62605 62643 0
265 250169 250184 0
266 250131 250171 0
267 31425 31439 0
268 125119 125184 0
269 125106 125183 0
270 250165 250167 0
271 250199 250195 0
272 250115 250159 0
273 62644 62644 0
274 62654 62695 0
275 62645 62686 0
276 62613 62680 0
277 500113 500158 0
278 62633 62637 0
279 31443 31448 0
280 62625 62687 0
281 500103 500111 0
282 125102 125110 0
283 125171 125181 0
284 500151 500182 0
285 125145 125151 0
286 500121 500174 0
287 500101 500133 0
288 125154 125154 0
289 125175 125190 0
290 500125 500150 0
291 500147 500141 0
292 125158 125199 0
293 500162 500186 0
294 500146 500132 0
295 500104 500114 0
296 500104 500153 0
297 125170 125170 0
298 500141 500159 0
299 125121 125196 0
300 500162 500198 0
301 500102 500195 0
302 125116 125196 0
303 125181 125181 0
304 500132 500124 0
305 125137 125147 0
306 500138 500149 0
307 500106 500170 0
308 125138 125184 0
309 500109 500125 0
310 125104 125186 0
311 125110 125156 0
312 500112 500102 0
313 500170 500160 0
314 125135 125180 0
315 125148 125156 0
316 125145 125160 0
317 500104 500183 0
318 500153 500181 0
319 31371 31387 0
320 500140 500187 0
321 500126 500154 0
322 125155 125172 0
323 31363 31377 0
324 31424 31441 0
325 500133 500103 0
326 500184 500145 0
327 500180 500147 0
328 500142 500108 0
329 500200 500173 0
330 500174 500146 0
331 500189 500172 0
332 62651 62646 0
333 250176 250156 0
334 500130 500111 0
335 500164 500148 0
336 250169 250136 0
337 500179 500158 0
338 250129 250106 0
339 500192 500174 0
340 125190 125175 0
341 500192 500155 0
342 125126 125120 0
343 250137 250104 0
344 500170 500145 0
345 125122 125114 0
346 125152 125140 0
347 500197 500142 0
348 2076 2132 0
349 4031 4074 0
350 2100 2138 0
351 4009 4097 0
352 7923 7948 0
353 7914 8006 0
354 4020 4050 0
355 7984 8003 0
356 7989 8012 0
357 2067 2110 0
358 2068 2150 0
359 7 70 0
360 4012 4054 0
361 7941 7964 0
362 7914 7938 0
363 7960 7995 0
364 7952 7983 0
365 7941 8008 0
366 7923 8010 0
367 11 66 0
368 7933 7959 0
369 23 60 0
370 7921 7955 0
371 15759 15822 0
372 4064 4090 0
373 34 61 0
374 2110 2139 0
375 15730 15797 0
376 34 99 0
377 43 74 0
378 15734 15768 0
379 15734 15772 0
380 15734 15818 0
381 15754 15792 0
382 15740 15785 0
383 15738 15767 0
384 2103 2135 0
385 11 83 0
386 31376 31439 0
387 31352 31418 0
388 38 97 0
389 9 34 0
390 31356 31440 0
391 31376 31443 0
392 33 82 0
393 20 60 0
394 4056 4083 0
395 4013 4097 0
396 2056 2108 0
397 9 88 0
398 4032 4070 0
399 4049 4096 0
--------------
1000000 :c
1004037 :sum(p)
1000000 :sum(w)
