400 :n
id p,w,x
--------------
0 4098 4020 1
1 4106 4025 1
2 15819 15729 1
3 94 25 1
4 63 40 1
5 4089 4041 1
6 8009 7920 1
7 60 7 1
8 71 31 1
9 8010 7940 1
10 8011 7921 1
11 80 51 1
12 2138 2088 1
13 7999 7941 1
14 7984 7935 1
15 59 42 1
16 8003 7938 1
17 97 45 1
18 17 8 1
19 4080 4029 1
20 83 24 1
21 68 54 1
22 89 54 1
23 58 38 1
24 93 79 1
25 55 40 1
26 36 22 1
27 53 28 1
28 97 6 1
29 4088 4043 1
30 79 2 1
31 70 61 1
32 2153 2058 1
33 2129 2091 1
34 4072 4023 1
35 4064 4043 1
36 4038 4015 1
37 4064 4034 1
38 2153 2092 1
39 2102 2086 1
40 4097 4009 1
41 2123 2075 1
42 4080 4058 1
43 2117 2062 1
44 2143 2126 1
45 4104 4048 1
46 2103 2087 1
47 2109 2083 1
48 2102 2089 1
49 4091 4012 1
50 2143 2124 1
51 2086 2063 1
52 4081 4057 1
53 2123 2100 1
54 4082 4046 1
55 2103 2067 1
56 62700 62623 1
57 31412 31352 1
58 15815 15784 1
59 31447 31383 1
60 7977 7958 1
61 4068 4051 1
62 31435 31353 1
63 31435 31355 1
64 15769 15733 1
65 4105 4090 1
66 7974 7934 1
67 15798 15738 1
68 8009 7985 1
69 7963 7944 1
70 7991 7964 1
71 7945 7920 1
72 7937 7916 1
73 18 14 1
74 61 57 1
75 86 83 1
76 2080 2070 1
77 2067 2060 1
78 4053 4042 1
79 4098 4087 1
80 4077 4067 1
81 7982 7964 1
82 4044 4035 1
83 4098 4089 1
84 7929 7914 1
85 2123 2119 1
86 4048 4041 0
87 15770 15743 1
88 7935 7922 1
89 15773 15748 1
90 15766 15742 1
91 15775 15754 1
92 31405 31365 1
93 7926 7916 1
94 31431 31392 1
95 31415 31379 1
96 62693 62622 1
97 7980 7971 0
98 62698 62632 1
99 31395 31362 1
100 31422 31390 1
101 15763 15747 1
102 15782 15766 0
103 7927 7919 1
104 72 14 1
105 15762 15742 1
106 15758 15728 1
107 7953 7945 1
108 62700 62638 1
109 2153 2151 0
110 31448 31428 0
111 31423 31431 0
112 15808 15818 0
113 62664 62606 0
114 62689 62635 0
115 15793 15780 1
116 62669 62620 0
117 4067 4064 0
118 31422 31399 0
119 15787 15778 0
120 4077 4075 0
121 15789 15782 0
122 7919 7916 0
123 8003 8000 0
124 15752 15747 0
125 4087 4086 0
126 7951 7950 0
127 2117 2117 0
128 4103 4103 0
129 7923 7923 0
130 7952 7955 0
131 4065 4070 0
132 2134 2137 0
133 4069 4075 0
134 2130 2136 0
135 2095 2103 0
136 2130 2139 0
137 59 60 1
138 62 67 0
139 22 26 0
140 25 32 0
141 12 16 0
142 22 33 0
143 11 17 0
144 1 11 0
145 62626 62619 0
146 500184 500120 0
147 500186 500131 0
148 62669 62646 0
149 125146 125104 0
150 125193 125166 0
151 125151 125105 0
152 500185 500105 0
153 500189 500132 0
154 250160 250134 0
155 125197 125187 0
156 62681 62666 0
157 125153 125106 0
158 125152 125128 0
159 500193 500129 0
160 125183 125149 0
161 500179 500112 0
162 125112 125103 0
163 125129 125120 0
164 500191 500150 0
165 500197 500139 0
166 31410 31400 0
167 31388 31378 0
168 500182 500104 0
169 500186 500138 0
170 500185 500153 0
171 125149 125131 0
172 31411 31402 0
173 125117 125106 0
174 500193 500124 0
175 125156 125114 0
176 31411 31405 0
177 250162 250106 0
178 500195 500156 0
179 250181 250157 0
180 250146 250105 0
181 62655 62644 0
182 250142 250108 0
183 250195 250139 0
184 250197 250167 0
185 62686 62647 0
186 62692 62660 0
187 62683 62659 0
188 125175 125125 0
189 125198 125140 0
190 125152 125103 0
191 125184 125100 0
192 62676 62652 0
193 125170 125106 0
194 125150 125101 0
195 62642 62628 0
196 125145 125136 0
197 125185 125149 0
198 500185 500140 0
199 62682 62668 0
200 250200 250149 0
201 125158 125123 0
202 250153 250109 0
203 15730 15780 0
204 15728 15744 0
205 15773 15774 0
206 15792 15811 0
207 15730 15824 0
208 31410 31450 0
209 31363 31417 0
210 15756 15812 0
211 31353 31361 0
212 31359 31431 0
213 15794 15803 0
214 31361 31388 0
215 15776 15814 0
216 15727 15790 0
217 15769 15770 0
218 15743 15806 0
219 15752 15786 0
220 62652 62666 0
221 15750 15782 0
222 15757 15805 0
223 15774 15820 0
224 15762 15765 0
225 62615 62627 0
226 62668 62695 0
227 15738 15819 0
228 15763 15824 0
229 15760 15823 0
230 62603 62695 0
231 15782 15802 0
232 15807 15808 0
233 62604 62645 0
234 62665 62685 0
235 15781 15804 0
236 62644 62657 0
237 62675 62680 0
238 62620 62691 0
239 62622 62629 0
240 7983 8001 0
241 62639 62647 0
242 7930 7974 0
243 62601 62623 0
244 62637 62694 0
245 62623 62659 0
246 62628 62684 0
247 62623 62640 0
248 7946 8012 0
249 7916 7961 0
250 62603 62662 0
251 7948 7985 0
252 7934 7971 0
253 15808 15811 0
254 7963 7991 0
255 62659 62666 0
256 7919 7932 0
257 7974 8007 0
258 62621 62643 0
259 62601 62616 0
260 62624 62631 0
261 62624 62636 0
262 7918 7976 0
263 62614 62687 0
264 7925 7953 0
265 7939 8000 0
266 7921 7952 0
267 125101 125185 0
268 31375 31436 0
269 125140 125168 0
270 125178 125187 0
271 125114 125145 0
272 125118 125137 0
273 125107 125122 0
274 7995 8007 0
275 125161 125179 0
276 125114 125124 0
277 7927 7982 0
278 125141 125155 0
279 31412 31442 0
280 125147 125141 0
281 4017 4106 0
282 4009 4084 0
283 125150 125179 0
284 125167 125171 0
285 4032 4092 0
286 4085 4097 0
287 125148 125174 0
288 125135 125156 0
289 125186 125185 0
290 125152 125167 0
291 125163 125161 0
292 125139 125169 0
293 125140 125196 0
294 4061 4098 0
295 4031 4077 0
296 250167 250171 0
297 4026 4075 0
298 31395 31402 0
299 250159 250158 0
300 250122 250160 0
301 250127 250168 0
302 250171 250176 0
303 250151 250136 0
304 250189 250194 0
305 250157 250151 0
306 250129 250125 0
307 4038 4096 0
308 250137 250135 0
309 250187 250191 0
310 250109 250141 0
311 4055 4070 0
312 250137 250125 0
313 4016 4057 0
314 4061 4075 0
315 31388 31435 0
316 250156 250151 0
317 250154 250198 0
318 250112 250141 0
319 2055 2073 0
320 250154 250156 0
321 31390 31426 0
322 2085 2153 0
323 2113 2126 0
324 250129 250167 0
325 2122 2149 0
326 2065 2083 0
327 250198 250188 0
328 2103 2116 0
329 2093 2128 0
330 250162 250187 0
331 250150 250163 0
332 31361 31414 0
333 250129 250180 0
334 2086 2146 0
335 250110 250171 0
336 250149 250149 0
337 2065 2113 0
338 250184 250199 0
339 250146 250176 0
340 31381 31394 0
341 250154 250178 0
342 2108 2153 0
343 2089 2116 0
344 250105 250164 0
345 2091 2136 0
346 250107 250121 0
347 250101 250166 0
348 31360 31434 0
349 250160 250160 0
350 31353 31363 0
351 2059 2090 0
352 500107 500155 0
353 500153 500195 0
354 500113 500143 0
355 500125 500199 0
356 2127 2142 0
357 2077 2104 0
358 2110 2124 0
359 500119 500197 0
360 73 100 0
361 31404 31447 0
362 500175 500164 0
363 13 50 0
364 500176 500170 0
365 500135 500195 0
366 500112 500137 0
367 31407 31432 0
368 9 88 0
369 500104 500188 0
370 500155 500159 0
371 500167 500155 0
372 500127 500190 0
373 31382 31382 0
374 500157 500155 0
375 31373 31410 0
376 13 49 0
377 500194 500174 0
378 500155 500193 0
379 22 59 0
380 31357 31391 0
381 500159 500177 0
382 500186 500194 0
383 31381 31438 0
384 29 100 0
385 500150 500157 0
386 43 79 0
387 500156 500147 0
388 500120 500200 0
389 500114 500192 0
390 31362 31366 0
391 500151 500134 0
392 36 92 0
393 500134 500160 0
394 500103 500127 0
395 31382 31401 0
396 500159 500156 0
397 46 78 0
398 31376 31426 0
399 31398 31415 0
--------------
1000000 :c
1003905 :sum(p)
999999 :sum(w)
