400 :n
id p,w,x
--------------
0 74 27 1
1 51 4 1
2 84 25 1
3 8009 7917 1
4 58 10 1
5 44 1 1
6 8003 7931 1
7 93 11 1
8 8001 7932 1
9 8001 7953 1
10 85 26 1
11 15821 15747 1
12 99 22 1
13 2137 2086 1
14 15823 15745 1
15 2147 2071 1
16 2094 2055 1
17 15808 15753 1
18 2145 2077 1
19 2121 2061 1
20 8012 7946 1
21 93 9 1
22 15783 15729 1
23 15806 15748 1
24 2121 2056 1
25 2111 2055 1
26 2144 2056 1
27 2153 2064 1
28 15818 15726 1
29 77 2 1
30 2121 2056 1
31 15824 15770 1
32 89 3 1
33 31441 31369 1
34 4075 4008 1
35 4101 4046 1
36 4089 4027 1
37 4103 4022 1
38 4098 4036 1
39 4097 4016 1
40 31436 31363 1
41 31419 31353 1
42 40 23 1
43 49 31 1
44 67 43 1
45 100 65 1
46 32 21 1
47 83 64 1
48 89 70 1
49 19 15 1
50 15 12 1
51 92 77 1
52 90 77 1
53 52 48 1
54 2132 2094 1
55 2145 2109 1
56 2106 2071 1
57 2117 2088 1
58 2119 2091 1
59 2145 2122 1
60 4059 4022 1
61 2149 2130 1
62 2127 2111 1
63 2151 2137 1
64 2074 2061 1
65 4098 4073 1
66 4029 4008 1
67 7960 7925 1
68 4103 4086 1
69 8003 7971 1
70 4090 4074 1
71 2141 2133 1
72 7956 7929 1
73 2151 2144 1
74 4033 4021 1
75 4037 4025 1
76 2075 2069 1
77 15776 15731 1
78 4073 4063 1
79 4085 4075 1
80 7949 7930 1
81 15776 15739 1
82 15823 15786 1
83 7967 7949 1
84 4041 4032 1
85 15811 15777 1
86 15770 15737 1
87 7954 7938 1
88 8006 7990 1
89 4072 4064 1
90 15807 15776 1
91 7960 7945 1
92 7985 7971 1
93 31410 31357 1
94 31411 31360 1
95 31412 31364 1
96 15769 15745 1
97 15813 15789 1
98 2128 2125 1
99 7964 7953 1
100 15766 15747 1
101 15767 15749 1
102 31439 31407 1
103 7988 7980 1
104 4065 4061 1
105 31428 31399 1
106 8004 7997 1
107 31390 31365 1
108 62677 62611 1
109 7946 7940 1
110 7956 7950 1
111 31379 31356 1
112 31388 31366 1
113 2082 2065 1
114 2069 2059 1
115 31424 31402 1
116 15750 15740 0
117 62700 62662 0
118 31435 31431 0
119 7985 7991 0
120 15 39 0
121 7976 7971 0
122 125196 125119 0
123 125186 125110 0
124 31370 31352 0
125 15790 15800 0
126 15778 15769 0
127 125182 125115 0
128 125184 125118 0
129 62661 62629 0
130 7923 7919 0
131 2066 2065 1
132 2078 2077 1
133 62673 62643 0
134 15742 15735 0
135 125161 125107 0
136 31390 31378 0
137 62627 62605 0
138 125199 125156 0
139 250189 250104 0
140 125197 125155 0
141 125153 125115 0
142 125198 125162 0
143 62662 62644 0
144 31378 31369 0
145 250184 250118 0
146 31399 31391 0
147 250184 250121 0
148 4052 4051 1
149 4058 4057 1
150 31407 31400 0
151 125142 125115 0
152 250193 250141 0
153 62690 62678 0
154 250172 250126 0
155 250176 250131 0
156 125163 125141 0
157 125146 125125 0
158 250187 250146 0
159 250191 250152 0
160 125146 125127 0
161 250140 250103 0
162 500178 500108 0
163 7976 7975 0
164 250199 250168 0
165 500196 500136 0
166 500199 500140 0
167 500168 500110 0
168 250144 250116 0
169 250149 250121 0
170 500158 500104 0
171 250132 250105 0
172 125176 125163 0
173 500186 500138 0
174 125195 125183 0
175 500167 500126 0
176 250124 250104 0
177 62639 62634 0
178 250127 250110 0
179 125172 125164 0
180 500181 500151 0
181 250163 250148 0
182 250137 250123 0
183 250156 250142 0
184 125119 125112 0
185 500192 500167 0
186 250189 250177 0
187 250134 250123 0
188 500188 500167 0
189 500192 500175 0
190 500152 500138 0
191 500168 500155 0
192 500122 500110 0
193 250168 250162 0
194 125113 125110 0
195 125193 125190 0
196 500191 500181 0
197 500132 500124 0
198 125111 125109 0
199 62648 62647 0
200 62660 62659 0
201 500187 500181 0
202 250118 250116 0
203 500160 500158 0
204 500173 500172 0
205 125141 125141 0
206 2145 2145 1
207 7914 7914 0
208 7959 7959 0
209 31398 31398 0
210 500147 500147 0
211 56 56 0
212 62627 62627 0
213 500182 500183 0
214 500148 500149 0
215 125107 125108 0
216 500162 500168 0
217 250168 250172 0
218 500148 500160 0
219 31430 31431 0
220 125127 125131 0
221 250152 250161 0
222 500164 500183 0
223 250127 250138 0
224 250108 250119 0
225 62618 62621 0
226 125189 125195 0
227 500163 500190 0
228 500131 500158 0
229 500139 500170 0
230 15763 15764 0
231 250124 250141 0
232 500114 500148 0
233 500155 500191 0
234 62686 62691 0
235 62676 62681 0
236 250177 250198 0
237 250147 250170 0
238 31379 31382 0
239 62694 62700 0
240 62651 62657 0
241 250166 250191 0
242 500137 500187 0
243 500144 500198 0
244 250151 250181 0
245 250137 250167 0
246 500118 500181 0
247 15803 15805 0
248 62631 62639 0
249 500119 500184 0
250 500127 500197 0
251 500116 500190 0
252 4036 4037 0
253 25 26 0
254 22 23 0
255 15740 15781 0
256 15755 15776 0
257 15762 15788 0
258 15761 15806 0
259 15746 15757 0
260 7978 7990 0
261 15745 15758 0
262 15783 15810 0
263 7940 7964 0
264 7930 7946 0
265 15764 15771 0
266 7968 8007 0
267 15741 15783 0
268 15780 15787 0
269 15784 15825 0
270 7960 7994 0
271 15769 15788 0
272 7972 7996 0
273 15780 15804 0
274 15772 15814 0
275 7977 8009 0
276 7938 8007 0
277 7944 7972 0
278 7960 7967 0
279 4026 4071 0
280 4065 4098 0
281 4045 4084 0
282 15730 15798 0
283 4013 4037 0
284 4020 4090 0
285 4040 4075 0
286 4009 4096 0
287 15783 15806 0
288 4066 4106 0
289 15760 15804 0
290 500103 500178 0
291 31366 31425 0
292 4007 4029 0
293 31370 31416 0
294 31373 31400 0
295 4032 4046 0
296 31373 31415 0
297 4077 4097 0
298 4045 4077 0
299 31430 31435 0
300 7913 7986 0
301 31373 31440 0
302 31367 31432 0
303 31387 31425 0
304 31365 31415 0
305 4078 4088 0
306 4044 4088 0
307 31391 31428 0
308 4051 4073 0
309 31412 31424 0
310 4027 4105 0
311 31362 31379 0
312 31392 31427 0
313 4052 4103 0
314 4010 4019 0
315 31365 31406 0
316 4044 4053 0
317 31384 31395 0
318 31367 31400 0
319 31382 31430 0
320 31401 31429 0
321 2092 2145 0
322 31384 31431 0
323 62601 62695 0
324 2068 2129 0
325 62632 62681 0
326 2081 2095 0
327 62644 62688 0
328 62626 62700 0
329 62661 62689 0
330 2077 2084 0
331 2134 2151 0
332 62640 62691 0
333 62629 62672 0
334 62624 62648 0
335 62647 62681 0
336 62627 62695 0
337 62652 62696 0
338 62647 62693 0
339 62605 62634 0
340 62645 62700 0
341 62620 62698 0
342 2104 2132 0
343 62634 62696 0
344 2078 2137 0
345 62641 62695 0
346 2072 2102 0
347 62627 62678 0
348 2090 2106 0
349 62617 62650 0
350 2107 2149 0
351 62618 62643 0
352 62603 62674 0
353 62626 62655 0
354 62635 62691 0
355 2072 2080 0
356 125123 125159 0
357 125137 125163 0
358 125155 125182 0
359 125127 125175 0
360 125129 125184 0
361 8 66 0
362 125139 125190 0
363 125162 125187 0
364 125156 125186 0
365 7973 8002 0
366 56 81 0
367 125132 125197 0
368 125138 125168 0
369 125106 125151 0
370 35 70 0
371 125130 125167 0
372 125118 125153 0
373 125150 125175 0
374 125119 125159 0
375 125134 125155 0
376 22 83 0
377 45 68 0
378 250104 250151 0
379 250108 250166 0
380 250147 250191 0
381 7924 7932 0
382 80 99 0
383 250138 250199 0
384 250140 250184 0
385 3 66 0
386 11 73 0
387 250129 250186 0
388 48 96 0
389 250148 250187 0
390 250128 250195 0
391 500105 500191 0
392 28 60 0
393 500101 500200 0
394 16 29 0
395 57 86 0
396 25 32 0
397 500104 500189 0
398 7915 7976 0
399 7951 7984 0
--------------
1000000 :c
1004366 :sum(p)
999999 :sum(w)
