400 :n
id p,w,x
--------------
0 2141 2074 1
1 2102 2067 1
2 100 23 1
3 15821 15727 1
4 15813 15746 1
5 75 35 1
6 4092 4010 1
7 15825 15735 1
8 7980 7920 1
9 59 21 1
10 90 16 1
11 8012 7944 1
12 4094 4028 1
13 2094 2077 1
14 57 7 1
15 44 28 1
16 7983 7927 1
17 4106 4075 1
18 91 32 1
19 7995 7915 1
20 91 20 1
21 7986 7937 1
22 60 13 1
23 82 61 1
24 2112 2063 1
25 76 26 1
26 7999 7913 1
27 7973 7925 1
28 25 12 1
29 92 6 1
30 82 59 1
31 70 53 1
32 41 9 1
33 2146 2116 1
34 7965 7933 1
35 2115 2095 1
36 2118 2066 1
37 4085 4021 1
38 4095 4068 1
39 4084 4048 1
40 4079 4063 1
41 4065 4026 1
42 2099 2070 1
43 4099 4052 1
44 4045 4028 1
45 2088 2062 1
46 2118 2055 1
47 4078 4015 1
48 2130 2065 1
49 4064 4036 1
50 2139 2075 1
51 4037 4020 1
52 2100 2081 1
53 2142 2093 1
54 4075 4028 1
55 4090 4054 1
56 2111 2085 1
57 15813 15780 1
58 15783 15752 1
59 7999 7977 1
60 31425 31363 1
61 31447 31384 1
62 31443 31365 1
63 31436 31355 1
64 8007 7983 1
65 7993 7962 1
66 15819 15759 1
67 7958 7928 1
68 7963 7935 1
69 15793 15732 1
70 15810 15757 1
71 7999 7968 1
72 7980 7950 1
73 40 35 1
74 31 28 1
75 94 85 1
76 35 33 1
77 66 63 1
78 89 85 1
79 2110 2100 1
80 4041 4026 1
81 4084 4069 1
82 4051 4037 1
83 4089 4077 1
84 2062 2056 0
85 2111 2105 1
86 4018 4008 1
87 7994 7975 1
88 15801 15771 1
89 31423 31364 1
90 31438 31381 1
91 15814 15786 1
92 4064 4057 0
93 4099 4092 1
94 15771 15745 1
95 15790 15764 1
96 7944 7931 1
97 31425 31375 1
98 15765 15740 1
99 31442 31396 1
100 31422 31381 1
101 31410 31370 1
102 4034 4025 1
103 7975 7965 0
104 15746 15727 0
105 31430 31394 0
106 15795 15777 1
107 15818 15755 1
108 62677 62602 1
109 62674 62603 1
110 62693 62625 1
111 62685 62622 0
112 62700 62680 0
113 2133 2146 0
114 46 52 0
115 31446 31415 0
116 62678 62617 0
117 62679 62618 0
118 2084 2082 1
119 31444 31435 0
120 62682 62623 0
121 62696 62638 0
122 15812 15798 0
123 62687 62634 0
124 31449 31423 0
125 62677 62627 0
126 31398 31374 0
127 15752 15741 0
128 31412 31391 0
129 15792 15782 0
130 31435 31416 0
131 15755 15748 0
132 4088 4087 0
133 2082 2082 0
134 7931 7931 0
135 7941 7942 0
136 7956 7958 0
137 7985 7988 0
138 2070 2071 0
139 2123 2125 0
140 4053 4058 0
141 4063 4071 0
142 2065 2070 0
143 2120 2127 0
144 63 66 0
145 63 67 0
146 75 80 0
147 51 61 0
148 62670 62660 0
149 500137 500111 0
150 500200 500103 0
151 62619 62606 0
152 500185 500154 0
153 500176 500101 0
154 62670 62646 0
155 62626 62610 0
156 500161 500117 0
157 125124 125113 0
158 500198 500140 0
159 500194 500166 0
160 125166 125129 0
161 15736 15734 0
162 125165 125137 0
163 500194 500123 0
164 125184 125174 0
165 125183 125161 0
166 125138 125123 0
167 31423 31412 0
168 500198 500146 0
169 125150 125121 0
170 125196 125183 0
171 125193 125147 0
172 250157 250101 0
173 15800 15798 0
174 125133 125105 0
175 250185 250112 0
176 500157 500116 0
177 500174 500132 0
178 250185 250126 0
179 250170 250110 0
180 62697 62684 0
181 250196 250102 0
182 31424 31412 0
183 125173 125146 0
184 125188 125180 0
185 125193 125162 0
186 250173 250144 0
187 250188 250154 0
188 250187 250117 0
189 31385 31382 0
190 250157 250109 0
191 250200 250156 0
192 250164 250117 0
193 250189 250125 0
194 250173 250122 0
195 250146 250104 0
196 500146 500120 0
197 62618 62606 0
198 62674 62657 0
199 62699 62688 0
200 500198 500145 0
201 500179 500129 0
202 125167 125108 0
203 125197 125105 0
204 125177 125115 0
205 62681 62647 0
206 125165 125101 0
207 125182 125105 0
208 62677 62639 0
209 62647 62609 0
210 125167 125115 0
211 125182 125133 0
212 125184 125128 0
213 31367 31352 0
214 125171 125110 0
215 62678 62660 0
216 250200 250103 0
217 31433 31446 0
218 15739 15755 0
219 31438 31442 0
220 15760 15765 0
221 31362 31428 0
222 15799 15815 0
223 15765 15768 0
224 15773 15785 0
225 15744 15782 0
226 31412 31435 0
227 31376 31388 0
228 31431 31445 0
229 31351 31402 0
230 15726 15769 0
231 15767 15769 0
232 31375 31424 0
233 62647 62661 0
234 62651 62658 0
235 15786 15790 0
236 15785 15797 0
237 15743 15804 0
238 62644 62642 0
239 7937 7970 0
240 7942 7965 0
241 7960 7975 0
242 62634 62651 0
243 62661 62672 0
244 62612 62638 0
245 62643 62675 0
246 7962 7973 0
247 62627 62657 0
248 62629 62646 0
249 62689 62689 0
250 7913 7983 0
251 62624 62698 0
252 31354 31384 0
253 7999 8010 0
254 7935 7992 0
255 62668 62686 0
256 62602 62613 0
257 62604 62654 0
258 31366 31432 0
259 62607 62636 0
260 7964 8002 0
261 7915 7950 0
262 7942 7974 0
263 7925 7991 0
264 7914 8011 0
265 62682 62689 0
266 15768 15768 0
267 7980 7993 0
268 62670 62680 0
269 125130 125126 0
270 7948 7958 0
271 7921 7991 0
272 7982 7993 0
273 125142 125138 0
274 7938 8009 0
275 125185 125186 0
276 31361 31444 0
277 125128 125197 0
278 7955 7985 0
279 125112 125144 0
280 4017 4057 0
281 125101 125113 0
282 4093 4103 0
283 125100 125105 0
284 125124 125180 0
285 4021 4099 0
286 125161 125174 0
287 125175 125194 0
288 125141 125149 0
289 125117 125111 0
290 125146 125180 0
291 4036 4078 0
292 4027 4081 0
293 125144 125161 0
294 125164 125181 0
295 4069 4093 0
296 4077 4091 0
297 31394 31418 0
298 125101 125113 0
299 125144 125175 0
300 125100 125134 0
301 250154 250170 0
302 250120 250167 0
303 4011 4067 0
304 4022 4088 0
305 4050 4083 0
306 250103 250152 0
307 250146 250154 0
308 250163 250191 0
309 15753 15813 0
310 250105 250124 0
311 4023 4041 0
312 4060 4074 0
313 250145 250159 0
314 4022 4090 0
315 250162 250171 0
316 4025 4081 0
317 250175 250173 0
318 250173 250191 0
319 2069 2137 0
320 2097 2137 0
321 250113 250182 0
322 250139 250183 0
323 250124 250146 0
324 250148 250187 0
325 250156 250146 0
326 250175 250197 0
327 2056 2133 0
328 250151 250155 0
329 2096 2126 0
330 31411 31419 0
331 250155 250168 0
332 31406 31406 0
333 2063 2077 0
334 250156 250183 0
335 31362 31374 0
336 2063 2085 0
337 2078 2112 0
338 250113 250134 0
339 31393 31445 0
340 2102 2132 0
341 250110 250199 0
342 2096 2125 0
343 15755 15784 0
344 250133 250166 0
345 2067 2121 0
346 2080 2117 0
347 250156 250149 0
348 31368 31404 0
349 250137 250129 0
350 250117 250194 0
351 500146 500177 0
352 500121 500110 0
353 2092 2130 0
354 2054 2149 0
355 2079 2128 0
356 500153 500142 0
357 500145 500182 0
358 2126 2147 0
359 60 92 0
360 500154 500192 0
361 500104 500176 0
362 500142 500171 0
363 500109 500123 0
364 15757 15757 0
365 33 72 0
366 500159 500141 0
367 3 95 0
368 500128 500147 0
369 18 43 0
370 64 100 0
371 14 58 0
372 14 84 0
373 500131 500115 0
374 18 62 0
375 500125 500178 0
376 500105 500145 0
377 15751 15798 0
378 500164 500144 0
379 500134 500140 0
380 15726 15781 0
381 78 99 0
382 32 75 0
383 500118 500195 0
384 500156 500199 0
385 500138 500192 0
386 500106 500181 0
387 24 72 0
388 500138 500154 0
389 500185 500164 0
390 500178 500162 0
391 25 77 0
392 7 91 0
393 500116 500152 0
394 500111 500185 0
395 500183 500186 0
396 31373 31447 0
397 500109 500199 0
398 31354 31391 0
399 15791 15818 0
--------------
1000000 :c
1004270 :sum(p)
1000000 :sum(w)
