400 :n
id p,w,x
--------------
0 19 2 1
1 49 35 1
2 42 16 1
3 92 39 1
4 100 35 1
5 62 33 1
6 93 5 1
7 95 44 1
8 82 36 1
9 43 6 1
10 52 31 1
11 70 37 1
12 58 46 1
13 80 16 1
14 33 1 1
15 72 53 1
16 60 47 1
17 4094 4075 1
18 15802 15747 1
19 7951 7920 1
20 15798 15727 1
21 15804 15772 1
22 4061 4034 1
23 4097 4042 1
24 2143 2075 1
25 2139 2116 1
26 2074 2057 1
27 2132 2105 1
28 7979 7937 1
29 2117 2063 1
30 2102 2068 1
31 8010 7942 1
32 2087 2055 1
33 2140 2087 1
34 2142 2113 1
35 2150 2073 1
36 2149 2063 1
37 7971 7930 1
38 2151 2091 1
39 8008 7921 1
40 2109 2089 1
41 2144 2127 1
42 2120 2061 1
43 2115 2088 1
44 2098 2080 1
45 2114 2074 1
46 2124 2090 1
47 8010 7972 1
48 2104 2081 1
49 4037 4007 1
50 4081 4037 1
51 4101 4022 1
52 4080 4007 1
53 4065 4026 1
54 15816 15737 1
55 4062 4026 1
56 4059 4025 1
57 4098 4049 1
58 4097 4042 1
59 15778 15738 1
60 4028 4009 1
61 31448 31380 1
62 31443 31368 1
63 8003 7970 1
64 31448 31365 1
65 15809 15735 1
66 7996 7973 1
67 15825 15778 1
68 13 4 1
69 32 22 1
70 25 21 1
71 39 34 1
72 60 57 1
73 4104 4086 1
74 4053 4039 1
75 4106 4096 1
76 2089 2084 1
77 7959 7943 1
78 2088 2084 1
79 2118 2114 1
80 15775 15746 1
81 31433 31376 1
82 31436 31379 1
83 15825 15797 1
84 8008 7995 1
85 31437 31386 1
86 31439 31392 1
87 4022 4016 1
88 31421 31377 1
89 7958 7949 1
90 15789 15772 1
91 62668 62604 1
92 62680 62619 1
93 7971 7964 1
94 8008 8001 1
95 15799 15787 1
96 15812 15800 1
97 7980 7974 0
98 4105 4102 1
99 60 11 1
100 31405 31361 1
101 62680 62635 0
102 125195 125107 1
103 62661 62617 0
104 125196 125131 0
105 62700 62658 0
106 15742 15812 0
107 15781 15770 1
108 125191 125107 0
109 62671 62634 0
110 62659 62623 0
111 62696 62660 0
112 2121 2136 0
113 62653 62618 0
114 62691 62658 0
115 31367 31351 1
116 15813 15805 0
117 125162 125100 0
118 2139 2138 1
119 62666 62638 0
120 31407 31393 0
121 62637 62610 0
122 31367 31354 0
123 31376 31363 0
124 31414 31401 0
125 125171 125121 0
126 31381 31369 0
127 15824 15818 0
128 31395 31385 0
129 31407 31397 0
130 31373 31364 0
131 15741 15737 0
132 4014 4013 1
133 15786 15783 0
134 82 82 1
135 4030 4030 0
136 70 70 1
137 15775 15776 0
138 7951 7952 0
139 7980 7982 0
140 7980 7982 0
141 4075 4077 0
142 4036 4039 0
143 4047 4052 0
144 2117 2121 0
145 31372 31369 0
146 500161 500118 0
147 125169 125141 0
148 125153 125135 0
149 500193 500105 0
150 62679 62673 0
151 250187 250118 0
152 125149 125106 0
153 62648 62642 0
154 62663 62652 0
155 250162 250122 0
156 500192 500147 0
157 250169 250136 0
158 250179 250115 0
159 125188 125172 0
160 125160 125117 0
161 62668 62655 0
162 250188 250102 0
163 250179 250147 0
164 125132 125104 0
165 250145 250117 0
166 500191 500137 0
167 125118 125101 0
168 500153 500102 0
169 62623 62603 0
170 500155 500108 0
171 500187 500143 0
172 125130 125110 0
173 62637 62615 0
174 62636 62611 0
175 62642 62618 0
176 125160 125111 0
177 125153 125127 0
178 500119 500198 0
179 500105 500102 0
180 62629 62636 0
181 500189 500152 0
182 500102 500102 0
183 125193 125183 0
184 500143 500128 0
185 500103 500134 0
186 500174 500144 0
187 500112 500130 0
188 31362 31361 0
189 125159 125171 0
190 125159 125163 0
191 31410 31410 0
192 125117 125113 0
193 500164 500178 0
194 125102 125116 0
195 31359 31358 0
196 125182 125177 0
197 500180 500183 0
198 500159 500138 0
199 500139 500193 0
200 125117 125122 0
201 500144 500111 0
202 125124 125121 0
203 62695 62695 0
204 500140 500188 0
205 500198 500184 0
206 500123 500186 0
207 125169 125178 0
208 250110 250136 0
209 250181 250172 0
210 250155 250197 0
211 250148 250127 0
212 62662 62668 0
213 250150 250168 0
214 250157 250191 0
215 250193 250194 0
216 250166 250182 0
217 250116 250134 0
218 250135 250175 0
219 250136 250170 0
220 250137 250165 0
221 250179 250169 0
222 250193 250192 0
223 250125 250132 0
224 250131 250175 0
225 250139 250141 0
226 250136 250123 0
227 250141 250149 0
228 250193 250196 0
229 250130 250126 0
230 250188 250188 0
231 250132 250113 0
232 250146 250158 0
233 250139 250176 0
234 250161 250161 0
235 250137 250124 0
236 250190 250179 0
237 250114 250155 0
238 250116 250161 0
239 500139 500177 0
240 500101 500169 0
241 500180 500137 0
242 500127 500127 0
243 500163 500137 0
244 500180 500161 0
245 500148 500191 0
246 500135 500199 0
247 500116 500172 0
248 500188 500155 0
249 500169 500182 0
250 500187 500178 0
251 500154 500134 0
252 500122 500119 0
253 31444 31446 0
254 62625 62635 0
255 62619 62619 0
256 250174 250113 0
257 62669 62654 0
258 500156 500113 0
259 250187 250133 0
260 250196 250120 0
261 125149 125118 0
262 7967 7996 0
263 7917 7978 0
264 7929 8002 0
265 7960 7990 0
266 7952 8000 0
267 7935 7988 0
268 7959 7977 0
269 7940 8000 0
270 7959 8005 0
271 7975 8012 0
272 7916 7972 0
273 7919 7942 0
274 7930 8003 0
275 7968 8011 0
276 7930 7960 0
277 7914 7953 0
278 15760 15825 0
279 15732 15782 0
280 4048 4065 0
281 7971 7981 0
282 4024 4078 0
283 15733 15780 0
284 4015 4104 0
285 15730 15812 0
286 15728 15751 0
287 4066 4084 0
288 4054 4089 0
289 4020 4053 0
290 15787 15805 0
291 7921 7994 0
292 15744 15793 0
293 4039 4106 0
294 4027 4101 0
295 15764 15814 0
296 15796 15813 0
297 15777 15813 0
298 15750 15819 0
299 4039 4067 0
300 15755 15804 0
301 4016 4077 0
302 4008 4027 0
303 4030 4055 0
304 15770 15796 0
305 4044 4083 0
306 15758 15765 0
307 7919 7956 0
308 15797 15814 0
309 15737 15762 0
310 4061 4081 0
311 4041 4076 0
312 15779 15790 0
313 4055 4070 0
314 15744 15783 0
315 15731 15811 0
316 15745 15819 0
317 15765 15792 0
318 4046 4067 0
319 2112 2125 0
320 500105 500200 0
321 31385 31400 0
322 31379 31450 0
323 31354 31425 0
324 2115 2148 0
325 31381 31390 0
326 31388 31398 0
327 31364 31371 0
328 31397 31406 0
329 2113 2140 0
330 31386 31419 0
331 31406 31440 0
332 2068 2099 0
333 31393 31437 0
334 2086 2116 0
335 2088 2125 0
336 31376 31383 0
337 2069 2142 0
338 31414 31434 0
339 31434 31444 0
340 2110 2153 0
341 31356 31402 0
342 7916 7921 0
343 31381 31425 0
344 31428 31447 0
345 31362 31432 0
346 2074 2086 0
347 7967 7992 0
348 2092 2118 0
349 62677 62690 0
350 62636 62697 0
351 2096 2128 0
352 2086 2126 0
353 62620 62691 0
354 62636 62659 0
355 2091 2153 0
356 62617 62648 0
357 2070 2133 0
358 62626 62659 0
359 49 69 0
360 62669 62694 0
361 62632 62659 0
362 21 40 0
363 1 37 0
364 62650 62696 0
365 15 41 0
366 31 61 0
367 11 87 0
368 62621 62642 0
369 63 86 0
370 62637 62665 0
371 62648 62674 0
372 20 92 0
373 62640 62692 0
374 7 77 0
375 62643 62672 0
376 125142 125170 0
377 66 97 0
378 17 48 0
379 125129 125156 0
380 125111 125197 0
381 48 74 0
382 125111 125171 0
383 79 98 0
384 125141 125190 0
385 9 42 0
386 125159 125197 0
387 125128 125178 0
388 125102 125168 0
389 125105 125169 0
390 125136 125194 0
391 4 25 0
392 125110 125174 0
393 125139 125170 0
394 125141 125190 0
395 125122 125189 0
396 125116 125156 0
397 500105 500200 0
398 7926 8001 0
399 7948 7992 0
--------------
1000000 :c
1003800 :sum(p)
1000000 :sum(w)
