400 :n
id p,w,x
--------------
0 4100 4023 1
1 99 41 1
2 91 26 1
3 2120 2060 1
4 2109 2055 1
5 2123 2071 1
6 7985 7926 1
7 4097 4038 1
8 75 24 1
9 92 8 1
10 2132 2060 1
11 4096 4011 1
12 96 31 1
13 7978 7921 1
14 2119 2072 1
15 7983 7922 1
16 92 19 1
17 4098 4048 1
18 80 2 1
19 2153 2055 1
20 15820 15736 1
21 15816 15731 1
22 22 4 1
23 43 9 1
24 48 20 1
25 50 24 1
26 61 44 1
27 90 66 1
28 91 79 1
29 94 83 1
30 15 14 1
31 82 78 1
32 2114 2070 1
33 2142 2101 1
34 2145 2109 1
35 2136 2101 1
36 2144 2110 1
37 2122 2090 1
38 2104 2073 1
39 2105 2075 1
40 2152 2122 1
41 4081 4037 1
42 2134 2111 1
43 2128 2106 1
44 2088 2070 1
45 4081 4046 1
46 2104 2088 1
47 4045 4015 1
48 4058 4029 1
49 2153 2138 1
50 4059 4031 1
51 7966 7913 1
52 8002 7954 1
53 8008 7960 1
54 8012 7966 1
55 7959 7915 1
56 4032 4010 1
57 7986 7946 1
58 4074 4054 1
59 4093 4075 1
60 7978 7943 1
61 7996 7982 1
62 4065 4058 1
63 4080 4063 1
64 27 2 1
65 2117 2109 1
66 15788 15736 1
67 15798 15749 1
68 31450 31359 1
69 31450 31359 1
70 31441 31352 1
71 31435 31351 1
72 4105 4095 1
73 15781 15743 1
74 15807 15771 1
75 31432 31361 1
76 15805 15772 1
77 8003 7987 1
78 15760 15729 1
79 15802 15772 1
80 15804 15775 1
81 31410 31353 1
82 31443 31395 1
83 31414 31364 1
84 15762 15739 1
85 31405 31368 1
86 62698 62625 1
87 15793 15771 1
88 15786 15767 1
89 15814 15792 1
90 62686 62607 1
91 62683 62606 1
92 2130 2127 1
93 2083 2074 1
94 7968 7937 1
95 7951 7925 1
96 31396 31364 1
97 62674 62614 0
98 2101 2099 1
99 62696 62642 0
100 31439 31440 0
101 67 94 0
102 15791 15776 1
103 62672 62613 0
104 62687 62628 0
105 31417 31388 1
106 7992 7986 1
107 4064 4062 0
108 62668 62611 0
109 62663 62606 0
110 62685 62637 0
111 125194 125101 0
112 15749 15738 0
113 31430 31409 0
114 62690 62650 0
115 31412 31392 0
116 125180 125108 0
117 125184 125115 0
118 125193 125128 0
119 62683 62635 0
120 125187 125126 0
121 125190 125131 0
122 125185 125128 0
123 62695 62668 0
124 62664 62639 0
125 125156 125109 0
126 125149 125103 0
127 62638 62615 0
128 125161 125116 0
129 125172 125130 0
130 125141 125101 0
131 62695 62675 0
132 15807 15802 0
133 62686 62667 0
134 62674 62656 0
135 31434 31425 0
136 125174 125145 0
137 62667 62615 0
138 125164 125135 0
139 125145 125117 0
140 62649 62635 0
141 31403 31396 0
142 31428 31421 0
143 125185 125159 0
144 62658 62645 0
145 31386 31380 0
146 15787 15784 0
147 62626 62615 0
148 125147 125131 0
149 125142 125128 0
150 125115 125104 0
151 125141 125131 0
152 125110 125102 0
153 125127 125119 0
154 62677 62673 0
155 125178 125171 0
156 125197 125191 0
157 125153 125149 0
158 125123 125122 0
159 7947 7947 0
160 7972 7972 0
161 54 54 1
162 125169 125170 0
163 62680 62681 0
164 31434 31435 0
165 62676 62679 0
166 62671 62674 0
167 31360 31362 0
168 31359 31361 0
169 125153 125162 0
170 125149 125158 0
171 62659 62664 0
172 125131 125142 0
173 31406 31409 0
174 31392 31395 0
175 15763 15765 0
176 15734 15736 0
177 7970 7975 0
178 4011 4015 0
179 4086 4091 0
180 4044 4049 0
181 4041 4046 0
182 7979 7989 0
183 7925 7935 0
184 7922 7933 0
185 2100 2103 0
186 7940 7952 0
187 4095 4102 0
188 4073 4081 0
189 7936 7952 0
190 4049 4058 0
191 2066 2072 0
192 4023 4036 0
193 4047 4062 0
194 2134 2144 0
195 4038 4057 0
196 2073 2088 0
197 2085 2107 0
198 81 82 1
199 88 90 1
200 90 96 0
201 24 27 1
202 47 56 0
203 64 77 0
204 68 85 0
205 76 97 0
206 72 94 0
207 6 8 0
208 500105 500128 0
209 500196 500107 0
210 500125 500114 0
211 500124 500144 0
212 500180 500143 0
213 250170 250160 0
214 500168 500184 0
215 500119 500154 0
216 500138 500154 0
217 500143 500157 0
218 500156 500106 0
219 500101 500153 0
220 500164 500140 0
221 250145 250114 0
222 500181 500190 0
223 500181 500153 0
224 250169 250191 0
225 500108 500145 0
226 500144 500125 0
227 500179 500149 0
228 500158 500165 0
229 500133 500174 0
230 500160 500126 0
231 500179 500196 0
232 500171 500185 0
233 250166 250186 0
234 500127 500117 0
235 500128 500180 0
236 500106 500102 0
237 250175 250177 0
238 250165 250167 0
239 500113 500141 0
240 250174 250107 0
241 500154 500188 0
242 500200 500142 0
243 500149 500122 0
244 250156 250125 0
245 250119 250149 0
246 125130 125149 0
247 250178 250199 0
248 250175 250190 0
249 250179 250179 0
250 250187 250199 0
251 250171 250162 0
252 250158 250192 0
253 250199 250126 0
254 250175 250177 0
255 250103 250127 0
256 250188 250163 0
257 250113 250104 0
258 250127 250103 0
259 250167 250181 0
260 250137 250144 0
261 250193 250177 0
262 250182 250139 0
263 250171 250157 0
264 250173 250137 0
265 250138 250102 0
266 250171 250120 0
267 250146 250116 0
268 500178 500175 0
269 500142 500161 0
270 500109 500139 0
271 500154 500176 0
272 500190 500145 0
273 500114 500181 0
274 500184 500163 0
275 500121 500175 0
276 500153 500200 0
277 500122 500160 0
278 7920 7962 0
279 15795 15820 0
280 7946 7971 0
281 15743 15806 0
282 15737 15768 0
283 7914 7951 0
284 4074 4106 0
285 4036 4087 0
286 15740 15819 0
287 15806 15815 0
288 15730 15753 0
289 4035 4070 0
290 4076 4097 0
291 4045 4090 0
292 15740 15805 0
293 15752 15780 0
294 15752 15794 0
295 7953 7987 0
296 15757 15769 0
297 4035 4092 0
298 4014 4103 0
299 15796 15807 0
300 500104 500194 0
301 15739 15774 0
302 4018 4045 0
303 4023 4066 0
304 31366 31378 0
305 4053 4085 0
306 4010 4064 0
307 31393 31412 0
308 31394 31437 0
309 31361 31401 0
310 4043 4094 0
311 15772 15784 0
312 31421 31445 0
313 15742 15821 0
314 4048 4070 0
315 31351 31375 0
316 4010 4060 0
317 7920 7953 0
318 7946 8012 0
319 2086 2142 0
320 2064 2131 0
321 31375 31449 0
322 31364 31427 0
323 31406 31440 0
324 2087 2112 0
325 31374 31383 0
326 2098 2132 0
327 31417 31449 0
328 31374 31411 0
329 31380 31387 0
330 31367 31418 0
331 31353 31450 0
332 31418 31447 0
333 2058 2122 0
334 31411 31421 0
335 2066 2129 0
336 7924 7944 0
337 2061 2141 0
338 62626 62650 0
339 2063 2134 0
340 62625 62672 0
341 62622 62694 0
342 62658 62692 0
343 2078 2121 0
344 62605 62659 0
345 62614 62658 0
346 62601 62638 0
347 62614 62673 0
348 62608 62691 0
349 2078 2123 0
350 15744 15824 0
351 62625 62687 0
352 62607 62656 0
353 62614 62684 0
354 62626 62678 0
355 15727 15802 0
356 15753 15816 0
357 7925 7945 0
358 2082 2112 0
359 125100 125136 0
360 22 64 0
361 125157 125199 0
362 41 90 0
363 125122 125182 0
364 19 79 0
365 15738 15802 0
366 53 81 0
367 7960 7989 0
368 15742 15761 0
369 125130 125193 0
370 125124 125184 0
371 15777 15815 0
372 27 69 0
373 7931 7989 0
374 7961 7979 0
375 18 62 0
376 125107 125177 0
377 125121 125179 0
378 125117 125148 0
379 125113 125185 0
380 7931 7967 0
381 250134 250190 0
382 3 100 0
383 250110 250176 0
384 7913 7991 0
385 4 59 0
386 250123 250195 0
387 7949 7986 0
388 250104 250179 0
389 250110 250174 0
390 33 86 0
391 250122 250187 0
392 250107 250156 0
393 250153 250200 0
394 71 97 0
395 7947 7965 0
396 250106 250169 0
397 250107 250165 0
398 7930 7980 0
399 7934 7976 0
--------------
1000000 :c
1004071 :sum(p)
1000000 :sum(w)
