400 :n
id p,w,x
--------------
0 8011 7920 1
1 89 2 1
2 77 9 1
3 63 13 1
4 52 13 1
5 18 5 1
6 74 22 1
7 83 27 1
8 94 34 1
9 52 21 1
10 41 18 1
11 17 9 1
12 99 53 1
13 61 36 1
14 63 39 1
15 90 66 1
16 79 64 1
17 68 56 1
18 88 73 1
19 70 61 1
20 62 56 1
21 82 75 1
22 91 84 1
23 46 43 1
24 64 60 1
25 2139 2057 1
26 2112 2056 1
27 82 80 0
28 2112 2061 1
29 42 41 0
30 2151 2106 1
31 2102 2060 1
32 4097 4017 1
33 2143 2102 1
34 4080 4013 1
35 4100 4035 1
36 4096 4032 1
37 4106 4043 1
38 4079 4022 1
39 2110 2081 1
40 4100 4051 1
41 4088 4040 1
42 98 97 0
43 2146 2125 1
44 2142 2122 1
45 2146 2126 1
46 4100 4063 1
47 4103 4068 1
48 8000 7936 1
49 4105 4073 1
50 7975 7914 1
51 4073 4042 1
52 4102 4071 1
53 4104 4074 1
54 2133 2118 1
55 2096 2082 1
56 2146 2132 1
57 7997 7947 1
58 7971 7927 1
59 7958 7921 1
60 15796 15726 1
61 15817 15748 1
62 7947 7913 1
63 4035 4018 1
64 7958 7925 1
65 15803 15739 1
66 15822 15760 1
67 8011 7980 1
68 2104 2096 0
69 4061 4047 0
70 31439 31377 1
71 8009 7925 1
72 31448 31353 1
73 31428 31364 1
74 31449 31384 1
75 15791 15758 1
76 15792 15749 1
77 31433 31365 1
78 31445 31366 1
79 62692 62601 1
80 62698 62609 1
81 7961 7937 1
82 4078 4066 1
83 2129 2123 0
84 4091 4080 0
85 4033 4024 1
86 15795 15765 1
87 15763 15737 1
88 15796 15770 1
89 4030 4024 0
90 31431 31387 1
91 15821 15799 1
92 7936 7925 0
93 31442 31401 1
94 4025 4020 0
95 62690 62613 1
96 15751 15732 1
97 7932 7923 0
98 62674 62603 1
99 15818 15770 1
100 31419 31376 1
101 62675 62605 1
102 31412 31379 1
103 62691 62642 0
104 62689 62625 0
105 23 60 0
106 62640 62609 0
107 62674 62610 0
108 15800 15784 0
109 62663 62603 0
110 15747 15733 0
111 62656 62603 0
112 62683 62630 0
113 31379 31353 0
114 15793 15780 0
115 7990 7984 0
116 31405 31384 0
117 31405 31384 0
118 31433 31412 0
119 15750 15740 0
120 15790 15780 0
121 31396 31377 0
122 31375 31358 0
123 15769 15761 0
124 62677 62637 0
125 62650 62611 0
126 62662 62623 0
127 125197 125117 0
128 62652 62615 0
129 62647 62613 0
130 62647 62606 0
131 62659 62615 0
132 62636 62605 0
133 62672 62625 0
134 2128 2148 0
135 62673 62646 0
136 31427 31415 0
137 62671 62650 0
138 62670 62650 0
139 15762 15757 0
140 62637 62618 0
141 31398 31390 0
142 7946 7944 0
143 31423 31416 0
144 15789 15786 0
145 15814 15813 0
146 31386 31385 0
147 31424 31426 0
148 31388 31391 0
149 31422 31427 0
150 31386 31391 0
151 31351 31356 0
152 4030 4031 0
153 15805 15809 0
154 15814 15819 0
155 7938 7941 0
156 7918 7921 0
157 15746 15752 0
158 15790 15798 0
159 7977 7982 0
160 15740 15750 0
161 15778 15792 0
162 15740 15755 0
163 7984 7992 0
164 7948 7957 0
165 4078 4083 0
166 7979 7996 0
167 4090 4099 0
168 4061 4070 0
169 7956 7975 0
170 7923 7942 0
171 4063 4074 0
172 7982 8004 0
173 4054 4066 0
174 7939 7965 0
175 4082 4102 0
176 2067 2078 0
177 4054 4076 0
178 2121 2134 0
179 2072 2085 0
180 2115 2129 0
181 4071 4099 0
182 2066 2081 0
183 4041 4075 0
184 2102 2123 0
185 2107 2139 0
186 2098 2131 0
187 2108 2142 0
188 2103 2137 0
189 51 60 0
190 44 52 0
191 50 62 0
192 78 97 0
193 60 93 0
194 13 23 0
195 125177 125139 0
196 125169 125105 0
197 125182 125150 0
198 125181 125141 0
199 500165 500101 0
200 250133 250104 0
201 500196 500143 0
202 250192 250132 0
203 250175 250152 0
204 500189 500133 0
205 500183 500106 0
206 250191 250143 0
207 125198 125178 0
208 500189 500134 0
209 125183 125155 0
210 250154 250131 0
211 500161 500102 0
212 250167 250139 0
213 500146 500114 0
214 250156 250126 0
215 125129 125113 0
216 250172 250121 0
217 250163 250134 0
218 250194 250160 0
219 125124 125109 0
220 500148 500113 0
221 125135 125109 0
222 250167 250126 0
223 500180 500136 0
224 500193 500101 0
225 62630 62621 0
226 62617 62610 0
227 62624 62613 0
228 62628 62619 0
229 125171 125107 0
230 125165 125102 0
231 125173 125141 0
232 125154 125118 0
233 125187 125124 0
234 125193 125145 0
235 125193 125153 0
236 125171 125103 0
237 15737 15772 0
238 125108 125181 0
239 125130 125189 0
240 7923 7971 0
241 7914 7987 0
242 7941 7980 0
243 125192 125189 0
244 125172 125187 0
245 7955 7988 0
246 15767 15801 0
247 125143 125149 0
248 125191 125183 0
249 125129 125166 0
250 7917 8003 0
251 15764 15809 0
252 7927 8003 0
253 7924 7986 0
254 7953 8003 0
255 125170 125166 0
256 62611 62619 0
257 7918 7977 0
258 125199 125196 0
259 7956 7994 0
260 125117 125157 0
261 7913 7948 0
262 125116 125125 0
263 15731 15804 0
264 125150 125145 0
265 125199 125193 0
266 7964 8012 0
267 125157 125192 0
268 62655 62653 0
269 125129 125168 0
270 125108 125102 0
271 125142 125144 0
272 7925 7988 0
273 15731 15791 0
274 7932 7997 0
275 7962 7995 0
276 62628 62648 0
277 15754 15808 0
278 125158 125161 0
279 62653 62676 0
280 125151 125146 0
281 15735 15787 0
282 125143 125188 0
283 62606 62640 0
284 125150 125163 0
285 125145 125174 0
286 250126 250125 0
287 4037 4104 0
288 4023 4072 0
289 15756 15782 0
290 4018 4076 0
291 250173 250192 0
292 4042 4084 0
293 4041 4082 0
294 62626 62636 0
295 250106 250170 0
296 250195 250194 0
297 250150 250171 0
298 4026 4092 0
299 250135 250122 0
300 250178 250166 0
301 250177 250197 0
302 62628 62687 0
303 250159 250192 0
304 4049 4089 0
305 250134 250158 0
306 15734 15797 0
307 15731 15792 0
308 4022 4084 0
309 250124 250180 0
310 250161 250145 0
311 250165 250167 0
312 250112 250196 0
313 62613 62665 0
314 250187 250183 0
315 4028 4098 0
316 250144 250195 0
317 250102 250161 0
318 62623 62682 0
319 15755 15793 0
320 250124 250149 0
321 250122 250198 0
322 250126 250115 0
323 250126 250117 0
324 62618 62627 0
325 62615 62634 0
326 2057 2138 0
327 250151 250172 0
328 250118 250155 0
329 250186 250198 0
330 2094 2153 0
331 2069 2128 0
332 31383 31427 0
333 250122 250183 0
334 31365 31390 0
335 250176 250187 0
336 2098 2137 0
337 250138 250126 0
338 2065 2137 0
339 2083 2149 0
340 15752 15811 0
341 2088 2145 0
342 250164 250161 0
343 31427 31442 0
344 31352 31366 0
345 250104 250136 0
346 2069 2114 0
347 2067 2141 0
348 500169 500197 0
349 31433 31446 0
350 2072 2127 0
351 2059 2116 0
352 31364 31403 0
353 2079 2127 0
354 2063 2106 0
355 2055 2126 0
356 31405 31447 0
357 500139 500152 0
358 500135 500185 0
359 500122 500115 0
360 1 99 0
361 500170 500192 0
362 7 79 0
363 31352 31440 0
364 500171 500176 0
365 9 100 0
366 500139 500130 0
367 31355 31413 0
368 500166 500157 0
369 26 74 0
370 31353 31429 0
371 500107 500184 0
372 500180 500185 0
373 500134 500123 0
374 500102 500142 0
375 500165 500173 0
376 500124 500113 0
377 31367 31378 0
378 500131 500190 0
379 500144 500139 0
380 500157 500168 0
381 500157 500186 0
382 500127 500156 0
383 500148 500144 0
384 31366 31425 0
385 500141 500138 0
386 500104 500170 0
387 500147 500132 0
388 500111 500127 0
389 500168 500139 0
390 500165 500156 0
391 500117 500142 0
392 41 91 0
393 500137 500149 0
394 500128 500157 0
395 31397 31425 0
396 40 97 0
397 500150 500122 0
398 31372 31435 0
399 31386 31408 0
--------------
1000000 :c
1003918 :sum(p)
1000000 :sum(w)
