400 :n
id p,w,x
--------------
0 7977 7928 1
1 8002 7946 1
2 7986 7915 1
3 98 46 1
4 7998 7940 1
5 7991 7914 1
6 93 41 1
7 79 45 1
8 89 4 1
9 95 17 1
10 7987 7920 1
11 94 32 1
12 7989 7920 1
13 40 8 1
14 94 25 1
15 8000 7921 1
16 70 32 1
17 53 6 1
18 83 46 1
19 4100 4013 1
20 4079 4025 1
21 2125 2090 1
22 2150 2122 1
23 8008 7947 1
24 2105 2072 1
25 4100 4055 1
26 2124 2070 1
27 2131 2076 1
28 15816 15729 1
29 4049 4009 1
30 2152 2081 1
31 4090 4041 1
32 8007 7922 1
33 4075 4022 1
34 4044 4012 1
35 2103 2054 1
36 4070 4036 1
37 15815 15757 1
38 4099 4027 1
39 15812 15728 1
40 4080 4027 1
41 15819 15736 1
42 15798 15753 1
43 15822 15776 1
44 8 1 1
45 6 1 1
46 85 61 1
47 23 18 1
48 34 27 1
49 20 16 1
50 30 29 1
51 35 34 0
52 2101 2076 1
53 2080 2060 1
54 2081 2061 1
55 2120 2104 1
56 2152 2137 1
57 2136 2123 1
58 2086 2076 1
59 2147 2137 1
60 4082 4065 1
61 7946 7913 1
62 7987 7955 1
63 4034 4018 1
64 7993 7963 1
65 7986 7957 1
66 4102 4089 1
67 7984 7959 1
68 4099 4087 1
69 7994 7971 1
70 15802 15758 1
71 15816 15776 1
72 15809 15770 1
73 31442 31366 1
74 2100 2095 1
75 31436 31365 1
76 7930 7913 1
77 31425 31360 1
78 31444 31381 1
79 4024 4016 1
80 15779 15748 1
81 15808 15777 1
82 31427 31366 1
83 31434 31373 1
84 31438 31379 1
85 31437 31380 1
86 31450 31393 1
87 31433 31377 1
88 31395 31351 1
89 62693 62606 1
90 15754 15730 1
91 95 14 1
92 4095 4088 1
93 31407 31367 1
94 7994 7984 1
95 31442 31386 1
96 15754 15729 1
97 4068 4063 1
98 62699 62622 0
99 62680 62604 0
100 31443 31408 0
101 15818 15808 0
102 62671 62607 0
103 15759 15740 1
104 15768 15749 1
105 62675 62601 0
106 15752 15735 1
107 62674 62606 0
108 62700 62668 0
109 15818 15808 0
110 62675 62610 0
111 500145 500143 0
112 62690 62619 0
113 7998 7990 1
114 4068 4064 1
115 31391 31361 0
116 15791 15776 1
117 31411 31382 0
118 15753 15739 0
119 62695 62642 0
120 62675 62624 0
121 31436 31413 0
122 4105 4102 0
123 15752 15742 0
124 15797 15787 0
125 31383 31364 0
126 125176 125102 0
127 62682 62646 0
128 125178 125110 0
129 31440 31423 0
130 125185 125121 0
131 62690 62660 0
132 2097 2096 1
133 62640 62612 0
134 31440 31426 0
135 62674 62648 0
136 125199 125150 0
137 250194 250101 0
138 125153 125107 0
139 62660 62637 0
140 250194 250107 0
141 125151 125108 0
142 62634 62613 0
143 125168 125128 0
144 62635 62615 0
145 62699 62679 0
146 250181 250105 0
147 125162 125125 0
148 250186 250114 0
149 125157 125121 0
150 62669 62651 0
151 250182 250113 0
152 125179 125145 0
153 250191 250130 0
154 250170 250110 0
155 31407 31401 0
156 31426 31420 0
157 125199 125177 0
158 62677 62666 0
159 62643 62634 0
160 7998 7997 0
161 62650 62644 0
162 31415 31412 0
163 125163 125153 0
164 125110 125103 0
165 31408 31407 0
166 2097 2097 0
167 125104 125104 0
168 15759 15759 0
169 2060 2060 0
170 4084 4084 0
171 62651 62651 0
172 125134 125137 0
173 125113 125116 0
174 31351 31352 0
175 62613 62615 0
176 125111 125115 0
177 125121 125129 0
178 125173 125184 0
179 31358 31361 0
180 125131 125144 0
181 62680 62687 0
182 125165 125179 0
183 125164 125178 0
184 31382 31386 0
185 125109 125125 0
186 125158 125175 0
187 125115 125132 0
188 62678 62687 0
189 125169 125187 0
190 125141 125159 0
191 125162 125183 0
192 125165 125187 0
193 125120 125142 0
194 125132 125156 0
195 125153 125180 0
196 125151 125178 0
197 4053 4054 0
198 31416 31424 0
199 125140 125172 0
200 62629 62648 0
201 31377 31388 0
202 125122 125171 0
203 125135 125185 0
204 125107 125158 0
205 31395 31408 0
206 125130 125182 0
207 62604 62631 0
208 15758 15765 0
209 125105 125163 0
210 2148 2149 1
211 15790 15798 0
212 15761 15769 0
213 62610 62644 0
214 62633 62669 0
215 125106 125179 0
216 62641 62679 0
217 7978 7983 0
218 15811 15821 0
219 62636 62679 0
220 15764 15776 0
221 31373 31397 0
222 31398 31423 0
223 31353 31379 0
224 62619 62672 0
225 62606 62661 0
226 2140 2142 0
227 62625 62688 0
228 62619 62683 0
229 62623 62689 0
230 31368 31402 0
231 62619 62688 0
232 62606 62692 0
233 15764 15786 0
234 2072 2075 0
235 7964 7977 0
236 15750 15778 0
237 31383 31439 0
238 15761 15790 0
239 4089 4097 0
240 31380 31442 0
241 31379 31442 0
242 7930 7946 0
243 7947 7964 0
244 15762 15797 0
245 4034 4043 0
246 4015 4024 0
247 31367 31438 0
248 15745 15782 0
249 31358 31434 0
250 4082 4092 0
251 4026 4036 0
252 7917 7937 0
253 4032 4043 0
254 7988 8010 0
255 7945 7967 0
256 4072 4084 0
257 15768 15815 0
258 31351 31445 0
259 7953 7977 0
260 15757 15805 0
261 7983 8009 0
262 15764 15825 0
263 7920 7951 0
264 15753 15818 0
265 7973 8006 0
266 15735 15802 0
267 15735 15805 0
268 7941 7977 0
269 7974 8011 0
270 2077 2087 0
271 4065 4085 0
272 7947 7988 0
273 4032 4053 0
274 15739 15823 0
275 7934 7977 0
276 7917 7960 0
277 7920 7964 0
278 2135 2147 0
279 7916 7968 0
280 2104 2118 0
281 4020 4049 0
282 2075 2091 0
283 7928 7992 0
284 4032 4065 0
285 7915 7982 0
286 4070 4105 0
287 2117 2136 0
288 4009 4045 0
289 2104 2123 0
290 2112 2132 0
291 4017 4056 0
292 2122 2143 0
293 4041 4086 0
294 2102 2129 0
295 2102 2130 0
296 4032 4091 0
297 4015 4074 0
298 2102 2134 0
299 4027 4101 0
300 4018 4093 0
301 2107 2151 0
302 2061 2111 0
303 2090 2145 0
304 2063 2119 0
305 2083 2145 0
306 62 64 0
307 2060 2127 0
308 2056 2136 0
309 87 91 0
310 91 96 0
311 63 67 0
312 46 49 0
313 9 10 0
314 19 25 0
315 15 21 0
316 51 72 0
317 55 83 0
318 30 52 0
319 50 88 0
320 49 89 0
321 31 74 0
322 10 29 0
323 20 67 0
324 8 29 0
325 24 99 0
326 24 100 0
327 5 95 0
328 500194 500148 0
329 500160 500114 0
330 500154 500187 0
331 500110 500190 0
332 500171 500154 0
333 500140 500191 0
334 500142 500102 0
335 500163 500162 0
336 500188 500145 0
337 500169 500137 0
338 500139 500126 0
339 500112 500153 0
340 500191 500176 0
341 500189 500113 0
342 250153 250181 0
343 250170 250196 0
344 250178 250152 0
345 500106 500148 0
346 250124 250150 0
347 250101 250193 0
348 250102 250133 0
349 500156 500184 0
350 500165 500162 0
351 250146 250119 0
352 250147 250195 0
353 250126 250121 0
354 500135 500193 0
355 500132 500196 0
356 250128 250106 0
357 500180 500116 0
358 250121 250123 0
359 500161 500129 0
360 250147 250112 0
361 500120 500196 0
362 500173 500103 0
363 250151 250125 0
364 500132 500198 0
365 500140 500147 0
366 250186 250164 0
367 250144 250178 0
368 500143 500149 0
369 250161 250165 0
370 500149 500110 0
371 500192 500147 0
372 250171 250197 0
373 250166 250146 0
374 500132 500176 0
375 250167 250168 0
376 500183 500127 0
377 500135 500181 0
378 250160 250171 0
379 250129 250193 0
380 500167 500123 0
381 500192 500141 0
382 250150 250183 0
383 250145 250134 0
384 500108 500196 0
385 500185 500125 0
386 500175 500106 0
387 250130 250186 0
388 500154 500194 0
389 250118 250137 0
390 500150 500172 0
391 500174 500174 0
392 250103 250125 0
393 250183 250199 0
394 250136 250178 0
395 250107 250189 0
396 250163 250157 0
397 250162 250124 0
398 250134 250174 0
399 250102 250184 0
--------------
1000000 :c
1004219 :sum(p)
1000000 :sum(w)
