400 :n
id p,w,x
--------------
0 76 36 1
1 31430 31377 1
2 2094 2077 1
3 2099 2075 1
4 2141 2114 1
5 2139 2123 1
6 2152 2096 1
7 2142 2056 1
8 2106 2083 1
9 88 25 1
10 4060 4035 1
11 31450 31384 1
12 4051 4029 1
13 4059 4029 1
14 4101 4079 1
15 4087 4031 1
16 4039 4017 1
17 2125 2110 1
18 4105 4041 1
19 4095 4029 1
20 31418 31364 1
21 2136 2115 1
22 4061 4007 1
23 99 59 1
24 2134 2088 1
25 15766 15735 1
26 4042 4015 1
27 2101 2083 1
28 2118 2083 1
29 4053 4031 1
30 4061 4013 1
31 2138 2093 1
32 4078 4039 1
33 2139 2085 1
34 61 27 1
35 8012 7925 1
36 8012 7962 1
37 8011 7934 1
38 7994 7922 1
39 8005 7942 1
40 2138 2117 1
41 7980 7942 1
42 69 8 1
43 84 62 1
44 54 31 1
45 7976 7930 1
46 7990 7934 1
47 92 3 1
48 7982 7926 1
49 87 34 1
50 15783 15740 1
51 8001 7923 1
52 7958 7931 1
53 80 60 1
54 27 10 1
55 99 34 1
56 15769 15729 1
57 94 44 1
58 68 8 1
59 7954 7928 1
60 7994 7948 1
61 82 49 1
62 7967 7932 1
63 15823 15781 1
64 78 58 1
65 15783 15737 1
66 59 3 1
67 60 12 1
68 15795 15766 1
69 15806 15773 1
70 15800 15766 1
71 15821 15728 1
72 93 44 1
73 15819 15773 1
74 36 26 1
75 77 72 1
76 42 40 1
77 23 22 1
78 72 70 1
79 63 62 1
80 2144 2132 1
81 2066 2057 1
82 4026 4011 1
83 4061 4051 1
84 4094 4085 1
85 7945 7928 1
86 7956 7941 1
87 4063 4056 1
88 15754 15728 1
89 15750 15726 1
90 15794 15770 1
91 15801 15777 1
92 4045 4039 1
93 62693 62601 1
94 62697 62606 1
95 31424 31379 1
96 15824 15803 1
97 62691 62610 1
98 15746 15729 1
99 31405 31375 1
100 15764 15750 1
101 31387 31361 0
102 15740 15727 1
103 4022 4012 1
104 62690 62618 1
105 31414 31377 1
106 62679 62628 0
107 62653 62603 0
108 31450 31439 0
109 4102 4103 0
110 39 80 0
111 31379 31354 0
112 7997 7991 0
113 62681 62635 0
114 31389 31366 0
115 31391 31368 1
116 2137 2136 1
117 15775 15764 0
118 31444 31423 0
119 125193 125111 0
120 7982 7977 0
121 125182 125106 0
122 31431 31412 0
123 62649 62613 0
124 31400 31384 0
125 15784 15777 0
126 15775 15771 0
127 7963 7961 0
128 15750 15747 0
129 7988 7987 0
130 15735 15734 0
131 7936 7936 0
132 4051 4053 0
133 2117 2119 1
134 4033 4037 0
135 2149 2152 0
136 2062 2065 1
137 2099 2104 0
138 2136 2143 0
139 2117 2126 0
140 43 46 0
141 500190 500150 0
142 62668 62653 0
143 500132 500128 0
144 250193 250114 0
145 125194 125185 0
146 250130 250103 0
147 500137 500115 0
148 62655 62644 0
149 62615 62612 0
150 250180 250128 0
151 250157 250156 0
152 500182 500124 0
153 250170 250162 0
154 62675 62662 0
155 250150 250133 0
156 250133 250112 0
157 62647 62637 0
158 500193 500158 0
159 125141 125127 0
160 125174 125164 0
161 250187 250172 0
162 250148 250108 0
163 125187 125185 0
164 250179 250119 0
165 250176 250124 0
166 250131 250116 0
167 125184 125130 0
168 500182 500152 0
169 125176 125121 0
170 500192 500148 0
171 500198 500159 0
172 250112 250103 0
173 500121 500128 0
174 500184 500183 0
175 250146 250147 0
176 125117 125103 0
177 500190 500184 0
178 500164 500127 0
179 125158 125140 0
180 31426 31425 0
181 31408 31397 0
182 125150 125127 0
183 250161 250159 0
184 125168 125120 0
185 31421 31420 0
186 500194 500173 0
187 500199 500103 0
188 500187 500119 0
189 31426 31425 0
190 500168 500121 0
191 250198 250123 0
192 125165 125167 0
193 250189 250169 0
194 125162 125139 0
195 250168 250153 0
196 125167 125143 0
197 250175 250131 0
198 500197 500158 0
199 250177 250124 0
200 62656 62644 0
201 500156 500133 0
202 125156 125158 0
203 62659 62628 0
204 500153 500144 0
205 500195 500121 0
206 500103 500106 0
207 500148 500120 0
208 125136 125116 0
209 125163 125160 0
210 62671 62639 0
211 31410 31419 0
212 250144 250193 0
213 31422 31446 0
214 15760 15774 0
215 31395 31402 0
216 250114 250189 0
217 15751 15768 0
218 250144 250149 0
219 15791 15803 0
220 31353 31403 0
221 250123 250178 0
222 15793 15797 0
223 31366 31371 0
224 15766 15771 0
225 250116 250146 0
226 31374 31387 0
227 250111 250198 0
228 125151 125162 0
229 250143 250156 0
230 31387 31392 0
231 31407 31416 0
232 31364 31371 0
233 31403 31442 0
234 250105 250127 0
235 31364 31403 0
236 31375 31392 0
237 31362 31373 0
238 31366 31393 0
239 7963 7971 0
240 31357 31366 0
241 250103 250183 0
242 31424 31443 0
243 125157 125195 0
244 250187 250192 0
245 31374 31423 0
246 250115 250154 0
247 7987 7994 0
248 125105 125191 0
249 250123 250173 0
250 62647 62681 0
251 62661 62664 0
252 250108 250196 0
253 62682 62687 0
254 250176 250195 0
255 250141 250160 0
256 250185 250196 0
257 250113 250175 0
258 250166 250175 0
259 62611 62667 0
260 7934 7942 0
261 62649 62659 0
262 250108 250126 0
263 62607 62694 0
264 62624 62643 0
265 62623 62672 0
266 250127 250143 0
267 62638 62642 0
268 62613 62682 0
269 500102 500111 0
270 62613 62639 0
271 31356 31371 0
272 62613 62672 0
273 62636 62641 0
274 62637 62668 0
275 62628 62668 0
276 62634 62648 0
277 31382 31408 0
278 500112 500189 0
279 125116 125138 0
280 62613 62633 0
281 62604 62667 0
282 62648 62699 0
283 62601 62690 0
284 62618 62647 0
285 15799 15800 0
286 62623 62660 0
287 500155 500200 0
288 500121 500154 0
289 62687 62690 0
290 500139 500199 0
291 125167 125193 0
292 500115 500124 0
293 125123 125161 0
294 500137 500170 0
295 125159 125180 0
296 125105 125172 0
297 500160 500184 0
298 500154 500193 0
299 500164 500176 0
300 125161 125194 0
301 500129 500161 0
302 125126 125149 0
303 15728 15747 0
304 500116 500188 0
305 125146 125184 0
306 125121 125158 0
307 125137 125198 0
308 500160 500185 0
309 500136 500188 0
310 500178 500188 0
311 500119 500140 0
312 125128 125191 0
313 125170 125186 0
314 125120 125151 0
315 125108 125191 0
316 125116 125142 0
317 125122 125132 0
318 500118 500135 0
319 125110 125143 0
320 15786 15800 0
321 125190 125130 0
322 62673 62667 0
323 125193 125192 0
324 500200 500162 0
325 4011 4071 0
326 4044 4069 0
327 2072 2123 0
328 4040 4074 0
329 2075 2093 0
330 2062 2103 0
331 2095 2113 0
332 2088 2133 0
333 4043 4066 0
334 2104 2140 0
335 4028 4063 0
336 2086 2148 0
337 4013 4062 0
338 2102 2141 0
339 4047 4059 0
340 4069 4078 0
341 4056 4096 0
342 2071 2134 0
343 2091 2118 0
344 4026 4088 0
345 2092 2147 0
346 4067 4080 0
347 2064 2140 0
348 2091 2120 0
349 4036 4094 0
350 4049 4071 0
351 2071 2151 0
352 4045 4102 0
353 2057 2090 0
354 7953 7983 0
355 7922 7967 0
356 7917 7989 0
357 2121 2153 0
358 4061 4082 0
359 7996 8012 0
360 55 84 0
361 21 53 0
362 7923 7987 0
363 26 65 0
364 4024 4046 0
365 36 99 0
366 7939 7962 0
367 39 83 0
368 7916 7947 0
369 7971 7991 0
370 7932 7974 0
371 7938 8009 0
372 7955 8009 0
373 7983 8002 0
374 7930 7970 0
375 7943 7998 0
376 7937 8001 0
377 62 84 0
378 28 81 0
379 7915 7958 0
380 58 85 0
381 15777 15821 0
382 15737 15801 0
383 15745 15802 0
384 15761 15804 0
385 15750 15785 0
386 15755 15795 0
387 15742 15791 0
388 15747 15794 0
389 8 47 0
390 15 28 0
391 10 80 0
392 32 88 0
393 15759 15787 0
394 31352 31411 0
395 31368 31424 0
396 31377 31436 0
397 11 23 0
398 4009 4069 0
399 4081 4096 0
--------------
1000000 :c
1003972 :sum(p)
1000000 :sum(w)
