400 :n
id p,w,x
--------------
0 2126 2067 1
1 2114 2072 1
2 4065 4011 1
3 15813 15726 1
4 70 28 1
5 57 23 1
6 40 15 1
7 93 67 1
8 25 16 1
9 84 41 1
10 15810 15727 1
11 4051 4013 1
12 73 38 1
13 52 7 1
14 89 73 1
15 2139 2092 1
16 2104 2079 1
17 4084 4036 1
18 4089 4056 1
19 96 60 1
20 21 2 1
21 51 2 1
22 58 42 1
23 8007 7955 1
24 63 11 1
25 4085 4013 1
26 4078 4012 1
27 93 65 1
28 73 28 1
29 42 18 1
30 2090 2061 1
31 7978 7925 1
32 2118 2088 1
33 7994 7921 1
34 4105 4085 1
35 2128 2105 1
36 2105 2086 1
37 4069 4037 1
38 7991 7952 1
39 2137 2074 1
40 2135 2102 1
41 2069 2057 1
42 2147 2074 1
43 7979 7918 1
44 7984 7929 1
45 8007 7945 1
46 4047 4018 1
47 15804 15739 1
48 15813 15772 1
49 7992 7976 1
50 31447 31356 1
51 7943 7917 1
52 15823 15746 1
53 62691 62601 1
54 7994 7974 1
55 15793 15752 1
56 7996 7971 1
57 31428 31362 1
58 15794 15732 1
59 15794 15753 1
60 15781 15739 1
61 31407 31363 1
62 7985 7968 1
63 15807 15757 1
64 4103 4086 1
65 15799 15729 1
66 31418 31358 1
67 33 30 1
68 69 63 1
69 80 77 1
70 86 85 1
71 2127 2118 1
72 4027 4019 1
73 4105 4097 1
74 7989 7977 1
75 7993 7981 1
76 15760 15739 1
77 15772 15752 1
78 62691 62615 1
79 31447 31412 1
80 31444 31410 1
81 31408 31376 1
82 62682 62620 1
83 4063 4059 1
84 2079 2075 0
85 4079 4075 0
86 2141 2139 0
87 15784 15770 0
88 15812 15798 1
89 15813 15731 1
90 62673 62608 1
91 62650 62602 0
92 62675 62627 0
93 62676 62628 1
94 62699 62685 0
95 8008 8006 0
96 78 88 0
97 31443 31419 1
98 7966 7960 1
99 62683 62640 0
100 125193 125110 0
101 125186 125107 0
102 7988 7983 0
103 62678 62639 0
104 31398 31379 0
105 125176 125101 0
106 62680 62643 0
107 125174 125102 0
108 125184 125118 0
109 7972 7968 0
110 2059 2058 0
111 7994 7992 0
112 7995 7995 0
113 7953 7953 0
114 4019 4020 0
115 4056 4060 0
116 2076 2079 0
117 56 58 0
118 74 78 0
119 77 84 0
120 30 35 0
121 125181 125124 0
122 15751 15748 0
123 62661 62646 0
124 125194 125142 0
125 250153 250115 0
126 15790 15787 0
127 250174 250141 0
128 31418 31407 0
129 125184 125148 0
130 125181 125123 0
131 125135 125114 0
132 250168 250112 0
133 125177 125117 0
134 31407 31392 0
135 62666 62654 0
136 250147 250109 0
137 62677 62664 0
138 31403 31389 0
139 250151 250115 0
140 31383 31378 0
141 250178 250144 0
142 250182 250149 0
143 62639 62628 0
144 125165 125115 0
145 250160 250105 0
146 31438 31430 0
147 31427 31415 0
148 125187 125123 0
149 62656 62623 0
150 500167 500118 0
151 62689 62683 0
152 500173 500189 0
153 62677 62671 0
154 500115 500133 0
155 500145 500145 0
156 62666 62668 0
157 62668 62664 0
158 250170 250138 0
159 62684 62679 0
160 500107 500121 0
161 500132 500149 0
162 500104 500129 0
163 500140 500164 0
164 125117 125111 0
165 125133 125117 0
166 500178 500135 0
167 125119 125122 0
168 125184 125188 0
169 500101 500114 0
170 125155 125158 0
171 500200 500158 0
172 500144 500149 0
173 500133 500154 0
174 500175 500181 0
175 500128 500123 0
176 31442 31442 0
177 500180 500118 0
178 500156 500164 0
179 125147 125142 0
180 250137 250144 0
181 125176 125168 0
182 500199 500158 0
183 250138 250141 0
184 250191 250161 0
185 250169 250148 0
186 250164 250139 0
187 250140 250139 0
188 500164 500138 0
189 250175 250160 0
190 500110 500101 0
191 250162 250135 0
192 250110 250111 0
193 500119 500115 0
194 31418 31417 0
195 500168 500168 0
196 500102 500124 0
197 500101 500112 0
198 500176 500126 0
199 250153 250136 0
200 500171 500111 0
201 250170 250178 0
202 500162 500117 0
203 500147 500113 0
204 250162 250160 0
205 250120 250118 0
206 250174 250173 0
207 250181 250173 0
208 15816 15816 0
209 250165 250171 0
210 125113 125102 0
211 500141 500145 0
212 500172 500109 0
213 125128 125109 0
214 125160 125137 0
215 125127 125101 0
216 31394 31411 0
217 31410 31442 0
218 31378 31409 0
219 31372 31376 0
220 31381 31389 0
221 15800 15813 0
222 15740 15756 0
223 31379 31425 0
224 31413 31428 0
225 31380 31406 0
226 15746 15770 0
227 31422 31450 0
228 15799 15813 0
229 15737 15741 0
230 31436 31447 0
231 31412 31432 0
232 31366 31401 0
233 31380 31385 0
234 15752 15771 0
235 31407 31439 0
236 31387 31413 0
237 62640 62656 0
238 62615 62642 0
239 62635 62671 0
240 62634 62700 0
241 500159 500185 0
242 62602 62624 0
243 62625 62640 0
244 62626 62671 0
245 7920 7931 0
246 62641 62690 0
247 62609 62660 0
248 62616 62686 0
249 7971 7981 0
250 62626 62688 0
251 62619 62669 0
252 62605 62688 0
253 62630 62678 0
254 62613 62649 0
255 62628 62672 0
256 125120 125128 0
257 125162 125190 0
258 125163 125195 0
259 125147 125184 0
260 125102 125186 0
261 125130 125191 0
262 125124 125164 0
263 125138 125145 0
264 7917 7925 0
265 125121 125194 0
266 125143 125177 0
267 125119 125152 0
268 125104 125168 0
269 125159 125184 0
270 125101 125174 0
271 125118 125145 0
272 250141 250168 0
273 250160 250180 0
274 250102 250123 0
275 250161 250193 0
276 250104 250178 0
277 31364 31381 0
278 250122 250152 0
279 250107 250127 0
280 4043 4049 0
281 250157 250188 0
282 250111 250148 0
283 250116 250198 0
284 250104 250131 0
285 250113 250157 0
286 250101 250152 0
287 250128 250166 0
288 31372 31392 0
289 250127 250192 0
290 500114 500151 0
291 500142 500186 0
292 500118 500164 0
293 500112 500194 0
294 500139 500187 0
295 500109 500194 0
296 500146 500188 0
297 500116 500158 0
298 15733 15736 0
299 500133 500197 0
300 62624 62635 0
301 15756 15771 0
302 15799 15819 0
303 125154 125128 0
304 15736 15732 0
305 62648 62625 0
306 62645 62631 0
307 4049 4057 0
308 4023 4091 0
309 4043 4063 0
310 4069 4082 0
311 4025 4051 0
312 4010 4051 0
313 4007 4061 0
314 4043 4085 0
315 4088 4106 0
316 4069 4102 0
317 4055 4070 0
318 4029 4052 0
319 2070 2131 0
320 2120 2144 0
321 4060 4083 0
322 4038 4064 0
323 4054 4072 0
324 4012 4097 0
325 2122 2137 0
326 4052 4079 0
327 2065 2118 0
328 2070 2095 0
329 7916 8006 0
330 2103 2113 0
331 2085 2153 0
332 2109 2134 0
333 7926 7956 0
334 7937 8010 0
335 2106 2116 0
336 2102 2138 0
337 2067 2099 0
338 7913 7954 0
339 7915 7992 0
340 7916 7988 0
341 2097 2112 0
342 7934 7995 0
343 2062 2093 0
344 2086 2141 0
345 2076 2106 0
346 7957 7981 0
347 2078 2127 0
348 2079 2110 0
349 2104 2141 0
350 7916 8008 0
351 7920 7946 0
352 7943 7984 0
353 2065 2147 0
354 2059 2080 0
355 2070 2113 0
356 2085 2130 0
357 2098 2122 0
358 7954 7983 0
359 23 59 0
360 24 90 0
361 21 73 0
362 4048 4081 0
363 20 94 0
364 7963 7981 0
365 7913 7987 0
366 28 58 0
367 7919 7961 0
368 26 74 0
369 7940 7992 0
370 15768 15797 0
371 38 87 0
372 15726 15822 0
373 20 94 0
374 15763 15798 0
375 15744 15780 0
376 15738 15808 0
377 4020 4103 0
378 4008 4023 0
379 56 85 0
380 15775 15819 0
381 27 80 0
382 22 66 0
383 4012 4105 0
384 15766 15808 0
385 34 98 0
386 15771 15798 0
387 15787 15823 0
388 15774 15821 0
389 44 77 0
390 15729 15753 0
391 31380 31439 0
392 31371 31433 0
393 31372 31447 0
394 34 88 0
395 31360 31418 0
396 31363 31448 0
397 31366 31429 0
398 4015 4101 0
399 4012 4083 0
--------------
1000000 :c
1003499 :sum(p)
999997 :sum(w)
