400 :n
id p,w,x
--------------
0 15801 15728 1
1 15822 15767 1
2 15815 15741 1
3 7983 7916 1
4 62 22 1
5 8000 7941 1
6 59 3 1
7 98 61 1
8 7992 7916 1
9 8008 7921 1
10 7988 7937 1
11 8006 7942 1
12 8002 7921 1
13 77 41 1
14 85 6 1
15 8007 7963 1
16 8007 7916 1
17 7999 7946 1
18 7990 7924 1
19 90 17 1
20 4105 4046 1
21 4074 4028 1
22 4069 4007 1
23 2152 2089 1
24 2108 2069 1
25 4058 4015 1
26 2150 2072 1
27 2107 2069 1
28 4101 4024 1
29 2132 2093 1
30 2142 2076 1
31 2126 2064 1
32 4060 4019 1
33 4065 4022 1
34 4095 4012 1
35 4059 4010 1
36 4102 4058 1
37 2125 2058 1
38 26 1 1
39 26 4 1
40 68 33 1
41 79 51 1
42 70 48 1
43 87 63 1
44 51 40 1
45 24 19 1
46 45 36 1
47 52 46 0
48 2148 2118 1
49 76 75 0
50 80 79 0
51 2106 2080 1
52 2141 2115 1
53 2119 2098 1
54 2109 2091 1
55 2119 2101 1
56 2122 2104 1
57 4059 4026 1
58 2107 2090 1
59 2109 2093 1
60 2077 2062 1
61 4051 4025 1
62 4078 4054 1
63 7999 7957 1
64 4037 4016 1
65 8009 7971 1
66 4040 4022 1
67 7965 7931 1
68 8008 7974 1
69 2136 2127 0
70 8001 7969 1
71 7953 7924 1
72 4073 4059 1
73 4082 4068 1
74 2067 2060 1
75 7999 7973 1
76 15810 15759 1
77 4080 4067 1
78 7973 7948 1
79 8001 7976 1
80 15775 15727 1
81 7945 7921 1
82 15781 15736 1
83 2107 2101 0
84 15779 15739 1
85 31420 31369 1
86 15764 15737 1
87 15770 15743 1
88 15766 15730 1
89 31432 31362 1
90 15799 15764 1
91 16 2 1
92 7966 7949 1
93 31418 31358 1
94 31431 31374 1
95 31428 31372 1
96 7990 7976 1
97 31415 31373 1
98 15793 15769 1
99 15770 15746 1
100 62699 62615 1
101 62691 62617 1
102 2112 2107 0
103 4103 4098 0
104 15808 15791 1
105 62677 62611 1
106 4020 4010 1
107 31409 31372 1
108 7947 7930 1
109 31386 31353 1
110 31432 31400 1
111 15778 15762 0
112 31442 31438 0
113 15818 15817 0
114 125161 125111 0
115 2069 2067 1
116 7950 7945 0
117 4095 4093 0
118 2106 2105 0
119 125198 125103 0
120 62691 62644 0
121 62698 62652 0
122 62685 62641 0
123 15771 15760 0
124 62692 62650 0
125 4091 4092 0
126 31421 31402 0
127 62645 62610 0
128 62686 62653 0
129 125176 125113 0
130 62666 62618 0
131 31384 31369 0
132 62662 62614 0
133 125196 125142 0
134 62651 62625 0
135 250190 250164 0
136 31393 31365 0
137 31371 31359 0
138 62693 62671 0
139 62656 62636 0
140 250182 250103 0
141 125182 125144 0
142 62640 62621 0
143 62687 62668 0
144 125143 125109 0
145 31392 31384 0
146 15761 15757 0
147 15816 15812 0
148 4016 4015 0
149 62659 62644 0
150 31383 31376 0
151 31418 31412 0
152 31434 31428 0
153 31429 31425 0
154 31355 31353 0
155 15813 15812 0
156 7956 7956 0
157 31362 31363 0
158 31355 31356 0
159 15738 15746 0
160 7937 7942 0
161 15750 15762 0
162 15757 15770 0
163 8003 8011 0
164 7985 7995 0
165 7937 7947 0
166 7958 7971 0
167 4047 4054 0
168 2070 2074 0
169 2067 2071 0
170 2081 2086 0
171 2059 2064 0
172 4091 4104 0
173 4082 4095 0
174 7927 7953 0
175 2075 2082 0
176 7967 7994 0
177 4038 4052 0
178 4057 4073 0
179 2068 2077 0
180 4045 4064 0
181 2106 2129 0
182 2086 2109 0
183 2055 2079 0
184 2089 2116 0
185 2081 2108 0
186 2061 2089 0
187 44 49 0
188 17 19 0
189 32 39 0
190 60 74 0
191 59 73 0
192 67 83 0
193 48 65 0
194 36 50 0
195 62 88 0
196 39 73 0
197 15 29 0
198 21 42 0
199 62679 62664 0
200 250182 250125 0
201 250163 250130 0
202 125133 125110 0
203 500189 500125 0
204 62690 62677 0
205 125130 125109 0
206 250151 250104 0
207 250169 250111 0
208 125173 125150 0
209 125164 125138 0
210 500191 500104 0
211 250156 250117 0
212 250171 250126 0
213 125150 125122 0
214 500187 500111 0
215 62632 62695 0
216 15788 15813 0
217 62612 62652 0
218 62690 62686 0
219 15775 15823 0
220 15764 15788 0
221 15761 15823 0
222 15751 15778 0
223 125146 125154 0
224 15733 15776 0
225 15738 15818 0
226 250111 250173 0
227 15753 15817 0
228 15745 15777 0
229 15747 15812 0
230 125139 125174 0
231 125161 125147 0
232 15757 15787 0
233 15731 15765 0
234 125103 125196 0
235 125185 125196 0
236 62672 62681 0
237 15754 15782 0
238 125168 125181 0
239 125114 125121 0
240 62605 62675 0
241 7955 7997 0
242 250157 250191 0
243 15761 15794 0
244 7965 7996 0
245 15785 15809 0
246 125115 125113 0
247 125143 125173 0
248 250118 250191 0
249 250171 250194 0
250 7920 8001 0
251 7924 8007 0
252 250148 250143 0
253 125187 125171 0
254 125148 125137 0
255 250193 250192 0
256 62646 62668 0
257 125121 125163 0
258 250192 250163 0
259 125131 125150 0
260 250128 250147 0
261 125119 125198 0
262 7924 7996 0
263 62640 62636 0
264 125158 125160 0
265 125167 125170 0
266 125102 125119 0
267 250130 250132 0
268 250103 250187 0
269 250195 250188 0
270 250139 250150 0
271 7922 7966 0
272 250130 250126 0
273 250148 250138 0
274 7976 8011 0
275 15747 15811 0
276 250151 250131 0
277 15729 15754 0
278 250110 250166 0
279 250144 250161 0
280 250141 250168 0
281 250166 250153 0
282 250134 250107 0
283 250119 250200 0
284 125130 125138 0
285 250165 250191 0
286 4041 4101 0
287 250186 250172 0
288 125101 125162 0
289 250101 250160 0
290 250154 250196 0
291 125102 125171 0
292 4035 4082 0
293 125132 125151 0
294 62634 62639 0
295 62620 62648 0
296 125122 125196 0
297 4055 4105 0
298 4011 4061 0
299 125149 125144 0
300 31378 31406 0
301 4064 4105 0
302 250166 250177 0
303 4067 4104 0
304 250142 250177 0
305 62616 62663 0
306 4018 4079 0
307 62653 62666 0
308 31383 31431 0
309 250144 250161 0
310 125124 125197 0
311 250187 250191 0
312 4030 4098 0
313 4067 4100 0
314 250174 250193 0
315 4070 4102 0
316 250174 250159 0
317 500108 500125 0
318 4008 4052 0
319 125129 125125 0
320 2075 2139 0
321 31408 31445 0
322 500128 500181 0
323 31398 31425 0
324 31355 31421 0
325 2057 2102 0
326 62636 62670 0
327 31397 31450 0
328 2055 2146 0
329 500187 500192 0
330 500165 500163 0
331 62668 62687 0
332 500180 500151 0
333 500136 500179 0
334 125154 125166 0
335 500170 500164 0
336 31354 31359 0
337 125172 125188 0
338 500119 500174 0
339 500162 500146 0
340 500166 500160 0
341 125123 125155 0
342 31363 31448 0
343 500142 500127 0
344 62616 62650 0
345 500110 500139 0
346 500139 500115 0
347 62678 62682 0
348 2069 2140 0
349 500123 500193 0
350 62615 62670 0
351 500179 500184 0
352 500134 500190 0
353 500111 500194 0
354 125111 125129 0
355 62647 62686 0
356 500181 500125 0
357 500105 500161 0
358 250108 250124 0
359 500183 500157 0
360 500171 500193 0
361 31376 31448 0
362 500197 500154 0
363 8 90 0
364 500157 500105 0
365 1 90 0
366 31423 31444 0
367 22 77 0
368 500112 500187 0
369 31408 31446 0
370 500162 500153 0
371 500137 500171 0
372 38 75 0
373 500121 500167 0
374 7 90 0
375 500194 500148 0
376 500147 500173 0
377 500111 500105 0
378 62674 62673 0
379 22 95 0
380 500114 500110 0
381 62616 62678 0
382 62618 62656 0
383 62610 62652 0
384 500179 500118 0
385 500151 500115 0
386 500110 500169 0
387 31407 31416 0
388 500116 500152 0
389 31385 31432 0
390 500159 500166 0
391 9 75 0
392 31354 31433 0
393 31417 31437 0
394 8 100 0
395 500163 500153 0
396 23 92 0
397 31366 31421 0
398 31352 31443 0
399 31373 31421 0
--------------
1000000 :c
1004235 :sum(p)
999999 :sum(w)
