400 :n
id p,w,x
--------------
0 86 28 1
1 2126 2076 1
2 2138 2077 1
3 2128 2075 1
4 2151 2096 1
5 2145 2072 1
6 2153 2073 1
7 2143 2075 1
8 59 11 1
9 29 4 1
10 51 13 1
11 100 66 1
12 84 1 1
13 75 10 1
14 66 3 1
15 49 24 1
16 53 38 1
17 57 4 1
18 46 23 1
19 81 24 1
20 100 21 1
21 34 14 1
22 76 48 1
23 72 44 1
24 4069 4028 1
25 2139 2092 1
26 4070 4012 1
27 2135 2088 1
28 15810 15748 1
29 4102 4018 1
30 4072 4035 1
31 7985 7925 1
32 7975 7931 1
33 31437 31368 1
34 2140 2093 1
35 15815 15750 1
36 15816 15736 1
37 8008 7947 1
38 15820 15743 1
39 31432 31359 1
40 15816 15747 1
41 4084 4011 1
42 4086 4045 1
43 15815 15757 1
44 2099 2064 1
45 2134 2096 1
46 15813 15736 1
47 31435 31354 1
48 15825 15739 1
49 4085 4035 1
50 7988 7918 1
51 4071 4032 1
52 16 2 1
53 35 21 1
54 15 10 1
55 20 14 1
56 42 34 1
57 94 84 1
58 99 89 1
59 44 43 1
60 2128 2099 1
61 2084 2057 1
62 2108 2085 1
63 2081 2062 1
64 4048 4019 1
65 4052 4023 1
66 4044 4017 1
67 2101 2087 1
68 4033 4008 1
69 4090 4065 1
70 2093 2082 1
71 7955 7918 1
72 7967 7930 1
73 7984 7948 1
74 7993 7957 1
75 4078 4060 1
76 2063 2055 1
77 4052 4038 1
78 4069 4055 1
79 4078 4064 1
80 7946 7919 1
81 7950 7923 1
82 7964 7937 1
83 15821 15777 1
84 15808 15766 1
85 2067 2062 1
86 7979 7961 1
87 7938 7921 1
88 15793 15763 1
89 31437 31380 1
90 15825 15797 1
91 15777 15751 1
92 15752 15728 1
93 15774 15750 1
94 15798 15774 1
95 70 19 1
96 62695 62603 1
97 7964 7953 1
98 31399 31357 1
99 15816 15796 1
100 31406 31369 1
101 31440 31404 1
102 7959 7950 1
103 31399 31352 1
104 62682 62615 1
105 7982 7974 1
106 4013 4009 0
107 15809 15785 1
108 62681 62604 1
109 4088 4084 1
110 62684 62623 0
111 31439 31411 0
112 31433 31423 0
113 15793 15781 0
114 62700 62660 0
115 31377 31351 1
116 7957 7951 0
117 31444 31447 0
118 62681 62629 0
119 31380 31357 0
120 125192 125102 0
121 15793 15788 0
122 31397 31375 0
123 62669 62626 0
124 125194 125114 0
125 41 50 0
126 62688 62635 0
127 62681 62642 0
128 62690 62655 0
129 62658 62624 0
130 31407 31390 0
131 31426 31409 0
132 125183 125117 0
133 62668 62635 0
134 125178 125115 0
135 62641 62610 0
136 125190 125130 0
137 62656 62627 0
138 125189 125134 0
139 62691 62666 0
140 125189 125140 0
141 7919 7916 0
142 31391 31380 0
143 15750 15745 0
144 31376 31367 0
145 7996 7994 0
146 15729 15728 0
147 2067 2067 0
148 15763 15765 0
149 15756 15758 0
150 15787 15790 0
151 15770 15773 0
152 15777 15784 0
153 2141 2142 1
154 2098 2099 1
155 7994 7998 0
156 7982 7988 0
157 7964 7971 0
158 4061 4065 0
159 7952 7961 0
160 4099 4104 0
161 4009 4014 0
162 4009 4014 0
163 7970 7980 0
164 7955 7966 0
165 4025 4031 0
166 2057 2061 0
167 4033 4041 0
168 2069 2076 0
169 2055 2065 0
170 77 78 1
171 53 67 0
172 22 35 0
173 62685 62671 0
174 500198 500105 0
175 250159 250102 0
176 250198 250143 0
177 250170 250103 0
178 250187 250122 0
179 62675 62659 0
180 125140 125115 0
181 62661 62645 0
182 62687 62666 0
183 125179 125148 0
184 62666 62669 0
185 31372 31372 0
186 62700 62694 0
187 31409 31417 0
188 31430 31443 0
189 62613 62636 0
190 31372 31414 0
191 62622 62682 0
192 62647 62697 0
193 62637 62630 0
194 500103 500192 0
195 31352 31360 0
196 62608 62693 0
197 31360 31370 0
198 500150 500165 0
199 500133 500140 0
200 15783 15804 0
201 31405 31441 0
202 62620 62659 0
203 500158 500118 0
204 500120 500153 0
205 62641 62663 0
206 62606 62667 0
207 15791 15802 0
208 62633 62683 0
209 62658 62680 0
210 62633 62653 0
211 62617 62614 0
212 500132 500198 0
213 15748 15760 0
214 125112 125158 0
215 125164 125170 0
216 125124 125127 0
217 15805 15818 0
218 125119 125195 0
219 500113 500112 0
220 125192 125198 0
221 125114 125115 0
222 500145 500169 0
223 125141 125145 0
224 125145 125175 0
225 15773 15789 0
226 125195 125180 0
227 125159 125157 0
228 125144 125165 0
229 62657 62671 0
230 500119 500122 0
231 62630 62699 0
232 125111 125127 0
233 125173 125184 0
234 31374 31386 0
235 125111 125157 0
236 500162 500129 0
237 125100 125140 0
238 15781 15799 0
239 125142 125123 0
240 500187 500161 0
241 125174 125173 0
242 500164 500176 0
243 125100 125145 0
244 500164 500103 0
245 125168 125164 0
246 31352 31379 0
247 500112 500184 0
248 62629 62690 0
249 500153 500160 0
250 500102 500131 0
251 31377 31389 0
252 125148 125154 0
253 125136 125177 0
254 125129 125143 0
255 125175 125174 0
256 125123 125106 0
257 62627 62667 0
258 125198 125199 0
259 62656 62692 0
260 250166 250188 0
261 500122 500184 0
262 62616 62670 0
263 500103 500101 0
264 250195 250179 0
265 250161 250189 0
266 250176 250157 0
267 250198 250189 0
268 250117 250146 0
269 500154 500102 0
270 250167 250162 0
271 500167 500112 0
272 500101 500169 0
273 500147 500195 0
274 250125 250121 0
275 250158 250131 0
276 250151 250147 0
277 250122 250197 0
278 250111 250110 0
279 250149 250129 0
280 250124 250190 0
281 500159 500113 0
282 500118 500164 0
283 250113 250191 0
284 250102 250157 0
285 250104 250190 0
286 250166 250160 0
287 250123 250199 0
288 500190 500133 0
289 250132 250170 0
290 62690 62693 0
291 500162 500165 0
292 250108 250186 0
293 250149 250130 0
294 250105 250177 0
295 250180 250141 0
296 250198 250169 0
297 250153 250161 0
298 250167 250158 0
299 250107 250195 0
300 250166 250173 0
301 250128 250125 0
302 250102 250135 0
303 31413 31433 0
304 250163 250142 0
305 500167 500105 0
306 31372 31393 0
307 250185 250169 0
308 250165 250177 0
309 250106 250169 0
310 500181 500174 0
311 500175 500109 0
312 500159 500190 0
313 31408 31436 0
314 500151 500174 0
315 500125 500171 0
316 500124 500162 0
317 500133 500140 0
318 31379 31387 0
319 500105 500146 0
320 500141 500143 0
321 500187 500195 0
322 31381 31379 0
323 500121 500121 0
324 125199 125167 0
325 125178 125141 0
326 125153 125121 0
327 500187 500104 0
328 125168 125132 0
329 125195 125161 0
330 125181 125156 0
331 250179 250136 0
332 4043 4093 0
333 4027 4046 0
334 2064 2131 0
335 2072 2139 0
336 2106 2144 0
337 4013 4085 0
338 2090 2143 0
339 4083 4106 0
340 4026 4098 0
341 2071 2094 0
342 2066 2090 0
343 4014 4078 0
344 4025 4094 0
345 4048 4069 0
346 4032 4051 0
347 4023 4077 0
348 4010 4063 0
349 4054 4085 0
350 2074 2123 0
351 7916 7956 0
352 2121 2143 0
353 2105 2140 0
354 7924 7943 0
355 7931 7988 0
356 4046 4057 0
357 2084 2104 0
358 2117 2134 0
359 34 51 0
360 7937 8001 0
361 7919 7952 0
362 7914 7977 0
363 7961 8010 0
364 7936 7998 0
365 7949 7984 0
366 7937 7956 0
367 57 75 0
368 7960 8009 0
369 34 80 0
370 7951 7990 0
371 22 53 0
372 53 100 0
373 7928 7978 0
374 7981 8011 0
375 27 53 0
376 7937 7974 0
377 15760 15815 0
378 15732 15767 0
379 2 29 0
380 15738 15801 0
381 15766 15802 0
382 15780 15809 0
383 15764 15799 0
384 4050 4097 0
385 15796 15818 0
386 31375 31425 0
387 31377 31438 0
388 5 91 0
389 2112 2148 0
390 2116 2133 0
391 31380 31445 0
392 31368 31448 0
393 31374 31427 0
394 31401 31446 0
395 31359 31425 0
396 50 84 0
397 34 78 0
398 2069 2109 0
399 4037 4077 0
--------------
1000000 :c
1004356 :sum(p)
999997 :sum(w)
