400 :n
id p,w,x
--------------
0 84 1 1
1 89 2 1
2 54 4 1
3 13 2 1
4 70 14 1
5 67 26 1
6 100 39 1
7 54 22 1
8 87 37 1
9 84 43 1
10 100 53 1
11 90 48 1
12 48 26 1
13 85 60 1
14 39 30 1
15 5 4 1
16 84 69 1
17 46 38 1
18 59 51 1
19 29 27 1
20 92 89 1
21 2143 2076 1
22 2107 2054 1
23 2149 2095 1
24 2135 2086 1
25 2123 2075 1
26 4093 4019 1
27 2112 2074 1
28 2140 2104 1
29 4083 4016 1
30 2141 2106 1
31 4087 4028 1
32 2091 2061 1
33 4085 4027 1
34 4099 4045 1
35 4105 4052 1
36 2125 2098 1
37 4080 4031 1
38 8010 7914 1
39 2143 2119 1
40 4098 4055 1
41 4057 4015 1
42 2133 2111 1
43 2151 2129 1
44 4098 4058 1
45 2083 2063 1
46 4074 4037 1
47 7999 7928 1
48 8009 7939 1
49 4054 4021 1
50 4091 4058 1
51 4039 4007 1
52 4062 4030 1
53 8012 7957 1
54 7982 7933 1
55 15810 15726 1
56 7985 7943 1
57 7968 7928 1
58 7975 7943 1
59 4087 4072 1
60 2114 2107 1
61 15818 15768 1
62 7963 7938 1
63 15801 15752 1
64 15815 15769 1
65 2124 2118 1
66 31447 31363 1
67 7944 7923 1
68 7971 7950 1
69 15810 15772 1
70 31439 31365 1
71 2149 2144 1
72 31446 31379 1
73 31432 31369 1
74 2102 2098 1
75 31421 31364 1
76 31433 31377 1
77 31446 31391 1
78 7940 7928 1
79 7969 7957 1
80 31411 31365 1
81 15822 15799 1
82 2075 2056 1
83 2097 2064 1
84 31445 31402 1
85 2128 2125 1
86 31427 31389 1
87 15750 15732 1
88 15777 15759 1
89 31398 31363 1
90 15804 15787 1
91 62696 62632 1
92 62686 62623 1
93 31435 31404 1
94 62669 62609 0
95 2099 2097 1
96 2097 2094 1
97 31390 31360 1
98 7933 7926 1
99 62674 62622 0
100 62663 62612 0
101 31450 31442 0
102 31446 31427 0
103 31382 31365 0
104 62656 62606 0
105 31391 31366 1
106 31401 31376 1
107 15807 15795 0
108 62669 62622 0
109 31442 31420 1
110 31438 31420 0
111 125188 125108 0
112 125188 125100 0
113 62670 62635 0
114 125191 125122 0
115 62679 62645 0
116 2 70 0
117 31444 31442 0
118 7953 7949 0
119 62635 62605 0
120 62672 62642 0
121 62682 62653 0
122 62660 62634 0
123 125161 125110 0
124 125182 125132 0
125 15824 15818 0
126 62692 62669 0
127 31383 31372 0
128 62638 62622 0
129 15818 15815 0
130 31384 31379 0
131 31438 31433 0
132 15822 15820 0
133 31440 31437 0
134 15794 15793 0
135 2074 2074 1
136 7962 7962 0
137 7960 7960 0
138 2137 2137 1
139 31360 31362 0
140 31375 31378 0
141 31368 31372 0
142 31404 31411 0
143 31383 31390 0
144 8007 8009 0
145 7959 7961 0
146 15748 15752 0
147 15811 15817 0
148 15779 15786 0
149 15767 15774 0
150 4094 4096 0
151 7945 7949 0
152 15749 15757 0
153 4048 4051 0
154 7994 8000 0
155 15751 15766 0
156 2098 2100 1
157 7987 7996 0
158 15768 15786 0
159 7967 7978 0
160 7990 8003 0
161 4062 4073 0
162 2145 2151 0
163 4085 4098 0
164 2057 2064 0
165 4046 4060 0
166 2054 2063 0
167 55 57 0
168 82 92 0
169 74 86 0
170 45 55 0
171 13 22 0
172 5 18 0
173 6 22 0
174 1 18 0
175 250136 250133 0
176 250185 250185 0
177 250115 250108 0
178 250168 250183 0
179 250120 250113 0
180 250141 250119 0
181 125174 125177 0
182 250197 250174 0
183 125171 125159 0
184 250196 250160 0
185 250134 250129 0
186 250155 250136 0
187 250126 250143 0
188 250133 250143 0
189 250181 250187 0
190 250145 250112 0
191 250182 250178 0
192 500175 500128 0
193 500173 500198 0
194 500174 500186 0
195 500135 500113 0
196 500141 500174 0
197 500110 500123 0
198 500155 500157 0
199 500179 500113 0
200 500117 500104 0
201 500155 500193 0
202 500192 500189 0
203 500165 500172 0
204 500174 500190 0
205 500169 500171 0
206 500165 500197 0
207 500138 500105 0
208 500171 500110 0
209 500137 500159 0
210 500131 500148 0
211 500175 500165 0
212 500157 500175 0
213 125147 125128 0
214 500163 500140 0
215 500187 500181 0
216 500192 500168 0
217 500102 500123 0
218 500147 500162 0
219 125199 125194 0
220 500164 500115 0
221 500108 500103 0
222 500153 500141 0
223 500152 500163 0
224 500177 500130 0
225 500138 500150 0
226 62689 62683 0
227 62654 62647 0
228 62643 62642 0
229 500198 500122 0
230 125176 125147 0
231 125137 125109 0
232 250158 250102 0
233 125131 125100 0
234 62692 62680 0
235 250169 250128 0
236 125132 125110 0
237 250178 250105 0
238 125156 125112 0
239 125151 125110 0
240 125168 125127 0
241 125170 125128 0
242 250148 250107 0
243 125150 125117 0
244 62617 62607 0
245 125128 125103 0
246 250178 250129 0
247 125150 125126 0
248 250156 250114 0
249 62649 62671 0
250 62650 62689 0
251 62643 62695 0
252 62606 62696 0
253 62606 62659 0
254 62671 62687 0
255 500122 500164 0
256 62636 62650 0
257 62658 62700 0
258 62629 62694 0
259 62646 62677 0
260 62610 62665 0
261 62642 62658 0
262 62661 62690 0
263 62656 62665 0
264 62617 62692 0
265 62650 62676 0
266 62667 62700 0
267 62669 62683 0
268 62607 62633 0
269 125111 125166 0
270 125109 125155 0
271 125151 125190 0
272 125105 125196 0
273 125160 125186 0
274 125118 125154 0
275 125104 125155 0
276 125106 125131 0
277 125162 125199 0
278 125157 125168 0
279 125115 125176 0
280 125143 125199 0
281 125157 125177 0
282 250154 250189 0
283 250128 250154 0
284 250132 250197 0
285 250119 250177 0
286 250102 250170 0
287 250140 250182 0
288 250160 250189 0
289 250120 250169 0
290 250163 250185 0
291 250129 250199 0
292 250125 250154 0
293 500113 500168 0
294 500122 500183 0
295 500110 500198 0
296 500137 500187 0
297 62604 62678 0
298 500114 500172 0
299 500101 500179 0
300 31406 31421 0
301 31405 31440 0
302 31398 31419 0
303 125148 125132 0
304 125105 125105 0
305 125158 125160 0
306 125121 125116 0
307 125187 125197 0
308 250114 250110 0
309 250192 250198 0
310 250186 250182 0
311 250145 250109 0
312 250186 250153 0
313 250178 250142 0
314 250165 250140 0
315 125104 125113 0
316 250165 250182 0
317 125134 125118 0
318 4069 4103 0
319 4015 4059 0
320 4019 4059 0
321 2077 2124 0
322 4055 4095 0
323 2054 2108 0
324 2071 2126 0
325 4075 4093 0
326 7936 7979 0
327 2077 2132 0
328 7918 7937 0
329 7971 7988 0
330 4007 4036 0
331 4024 4100 0
332 7968 8009 0
333 2055 2091 0
334 4035 4068 0
335 7915 7973 0
336 2062 2143 0
337 7917 7987 0
338 2061 2121 0
339 2063 2114 0
340 7914 8005 0
341 2074 2124 0
342 2096 2140 0
343 7934 8003 0
344 7990 8004 0
345 4052 4087 0
346 7915 7986 0
347 7931 7954 0
348 7984 8004 0
349 7929 7987 0
350 7970 7986 0
351 7964 7985 0
352 7915 7978 0
353 15739 15763 0
354 15736 15778 0
355 2089 2147 0
356 15763 15816 0
357 15745 15809 0
358 15759 15817 0
359 15732 15806 0
360 15739 15780 0
361 4050 4087 0
362 15737 15791 0
363 6 87 0
364 15787 15822 0
365 50 72 0
366 15760 15811 0
367 4008 4064 0
368 5 69 0
369 15749 15772 0
370 15761 15786 0
371 15742 15784 0
372 4030 4104 0
373 43 92 0
374 15743 15795 0
375 15743 15767 0
376 15779 15824 0
377 15745 15820 0
378 4034 4064 0
379 54 91 0
380 61 89 0
381 4037 4092 0
382 15754 15794 0
383 15773 15796 0
384 31353 31415 0
385 35 81 0
386 50 98 0
387 31396 31449 0
388 31352 31401 0
389 66 87 0
390 31354 31409 0
391 4013 4075 0
392 4056 4075 0
393 31351 31428 0
394 4016 4090 0
395 31370 31418 0
396 31357 31416 0
397 74 95 0
398 4019 4077 0
399 4043 4065 0
--------------
1000000 :c
1003794 :sum(p)
1000000 :sum(w)
