400 :n
id p,w,x
--------------
0 15808 15730 1
1 15814 15732 1
2 98 60 1
3 15809 15731 1
4 7999 7926 1
5 92 36 1
6 46 13 1
7 87 18 1
8 92 56 1
9 86 43 1
10 81 4 1
11 63 6 1
12 68 17 1
13 8008 7952 1
14 8004 7961 1
15 7997 7957 1
16 7972 7927 1
17 7972 7932 1
18 7999 7913 1
19 63 34 1
20 2126 2089 1
21 7977 7942 1
22 7996 7949 1
23 2133 2084 1
24 2118 2084 1
25 8007 7942 1
26 2132 2100 1
27 2113 2067 1
28 2091 2055 1
29 4087 4016 1
30 4097 4037 1
31 2107 2055 1
32 2153 2121 1
33 4068 4012 1
34 4062 4028 1
35 15793 15730 1
36 2115 2079 1
37 4105 4056 1
38 4106 4029 1
39 4093 4009 1
40 4097 4036 1
41 4095 4008 1
42 4103 4029 1
43 4091 4059 1
44 42 19 1
45 33 20 1
46 56 34 1
47 96 74 1
48 18 15 1
49 92 80 1
50 69 62 1
51 50 49 1
52 2126 2098 1
53 2125 2099 1
54 2151 2125 1
55 2111 2093 1
56 2091 2074 1
57 4079 4049 1
58 2117 2102 1
59 4059 4033 1
60 4038 4014 1
61 4083 4059 1
62 2119 2107 1
63 4090 4068 1
64 7992 7958 1
65 4046 4029 1
66 7983 7950 1
67 4042 4027 1
68 8001 7972 1
69 7942 7914 1
70 15789 15740 1
71 31448 31353 1
72 4080 4068 1
73 2144 2138 1
74 7936 7914 1
75 4091 4080 1
76 15785 15743 1
77 8007 7987 1
78 15801 15763 1
79 7975 7956 1
80 15804 15767 1
81 2150 2145 1
82 7982 7964 1
83 15821 15786 1
84 15802 15768 1
85 31433 31366 1
86 7964 7948 1
87 15773 15751 1
88 2082 2058 1
89 15807 15776 1
90 15809 15778 1
91 31444 31398 1
92 31421 31366 1
93 31439 31385 1
94 31404 31354 1
95 47 5 1
96 15817 15792 1
97 62699 62604 1
98 31447 31409 1
99 31402 31365 1
100 15791 15769 1
101 31392 31355 1
102 4092 4084 1
103 7977 7966 1
104 7959 7949 0
105 2082 2080 1
106 31399 31371 1
107 15794 15763 1
108 15769 15744 1
109 31406 31378 1
110 31400 31374 0
111 62676 62627 0
112 31447 31446 0
113 15821 15810 0
114 7993 7992 0
115 31380 31356 0
116 7933 7927 0
117 7975 7969 1
118 7984 7978 1
119 8005 8000 1
120 15742 15734 0
121 2073 2072 1
122 62650 62613 0
123 31368 31351 0
124 62674 62642 0
125 31391 31375 0
126 31423 31407 0
127 62697 62658 0
128 125188 125132 0
129 125177 125119 0
130 125197 125139 0
131 62684 62655 0
132 31415 31401 0
133 62650 62622 0
134 62692 62650 0
135 15755 15770 0
136 125183 125130 0
137 125184 125132 0
138 31422 31409 0
139 250195 250103 0
140 125192 125148 0
141 31428 31417 0
142 125186 125143 0
143 125184 125144 0
144 125184 125145 0
145 62632 62615 0
146 62634 62618 0
147 31377 31369 0
148 7985 7983 1
149 62650 62636 0
150 62671 62657 0
151 15747 15744 0
152 62670 62659 0
153 62615 62605 0
154 62699 62689 0
155 31432 31428 0
156 31373 31370 0
157 31400 31401 0
158 7972 7974 0
159 15807 15811 0
160 15768 15772 0
161 15735 15739 0
162 15776 15787 0
163 15755 15768 0
164 15732 15745 0
165 4090 4094 1
166 4075 4082 0
167 4095 4103 0
168 7977 7997 0
169 2077 2084 0
170 4065 4082 0
171 2059 2068 0
172 4079 4100 0
173 2121 2132 0
174 2089 2103 0
175 2087 2106 0
176 77 78 1
177 73 95 0
178 45 63 0
179 57 80 0
180 34 53 0
181 27 46 0
182 11 32 0
183 250168 250117 0
184 250187 250132 0
185 125182 125151 0
186 250182 250146 0
187 250199 250115 0
188 250199 250164 0
189 500194 500110 0
190 250181 250138 0
191 500185 500105 0
192 250184 250117 0
193 250198 250162 0
194 250200 250130 0
195 250192 250122 0
196 500195 500128 0
197 62657 62695 0
198 62652 62667 0
199 250169 250182 0
200 62640 62684 0
201 15771 15817 0
202 15735 15762 0
203 15729 15818 0
204 15755 15806 0
205 62617 62650 0
206 62619 62663 0
207 62624 62684 0
208 62617 62688 0
209 15729 15802 0
210 31361 31378 0
211 15745 15763 0
212 15736 15761 0
213 31355 31375 0
214 62654 62646 0
215 62685 62677 0
216 15750 15793 0
217 62677 62697 0
218 250128 250162 0
219 31351 31361 0
220 15730 15770 0
221 62621 62630 0
222 15746 15807 0
223 62629 62674 0
224 62639 62677 0
225 62633 62682 0
226 15741 15823 0
227 62611 62696 0
228 62669 62664 0
229 125137 125136 0
230 125118 125124 0
231 125116 125151 0
232 250143 250188 0
233 125159 125154 0
234 15732 15798 0
235 125114 125161 0
236 125100 125146 0
237 125152 125164 0
238 15792 15814 0
239 250127 250129 0
240 125164 125176 0
241 125124 125187 0
242 125114 125172 0
243 250135 250156 0
244 125127 125172 0
245 250110 250120 0
246 7921 7986 0
247 31366 31407 0
248 125188 125194 0
249 7942 7975 0
250 7976 8012 0
251 125129 125129 0
252 125188 125187 0
253 62640 62639 0
254 125117 125161 0
255 250145 250118 0
256 125194 125197 0
257 250108 250115 0
258 125110 125192 0
259 125156 125187 0
260 7934 8001 0
261 125143 125176 0
262 125153 125166 0
263 125124 125173 0
264 7927 7985 0
265 7951 7990 0
266 7949 8000 0
267 125143 125151 0
268 125101 125132 0
269 7917 8012 0
270 125144 125159 0
271 7960 7996 0
272 250158 250166 0
273 125150 125179 0
274 7951 7989 0
275 7934 7966 0
276 125116 125137 0
277 31353 31411 0
278 125113 125116 0
279 250158 250193 0
280 250114 250128 0
281 4047 4102 0
282 250186 250159 0
283 62611 62650 0
284 250185 250176 0
285 125157 125177 0
286 4017 4057 0
287 4034 4059 0
288 250155 250160 0
289 125122 125154 0
290 62641 62655 0
291 250147 250194 0
292 62624 62654 0
293 125144 125139 0
294 62626 62636 0
295 62678 62693 0
296 4021 4096 0
297 4019 4070 0
298 4020 4098 0
299 4009 4040 0
300 250169 250142 0
301 4057 4091 0
302 250120 250105 0
303 250169 250144 0
304 4056 4102 0
305 250193 250167 0
306 250129 250127 0
307 250184 250190 0
308 500102 500154 0
309 4047 4097 0
310 4043 4102 0
311 250171 250196 0
312 500185 500161 0
313 500129 500111 0
314 4023 4066 0
315 250168 250143 0
316 250101 250192 0
317 4012 4076 0
318 4052 4101 0
319 2065 2136 0
320 31352 31405 0
321 2075 2126 0
322 2067 2147 0
323 2071 2102 0
324 500171 500149 0
325 2055 2132 0
326 2082 2133 0
327 500186 500122 0
328 2062 2117 0
329 500111 500162 0
330 500158 500105 0
331 500185 500192 0
332 500149 500129 0
333 2075 2134 0
334 62622 62645 0
335 31436 31450 0
336 250125 250123 0
337 31373 31402 0
338 500176 500133 0
339 500111 500102 0
340 250117 250157 0
341 500188 500128 0
342 2079 2114 0
343 2095 2139 0
344 2110 2152 0
345 500182 500161 0
346 500156 500192 0
347 2077 2153 0
348 250104 250143 0
349 500186 500172 0
350 250169 250154 0
351 2057 2088 0
352 2076 2113 0
353 500117 500102 0
354 500136 500115 0
355 500137 500168 0
356 31362 31432 0
357 500129 500122 0
358 500149 500180 0
359 31389 31432 0
360 68 98 0
361 7 46 0
362 62665 62664 0
363 2 80 0
364 39 99 0
365 250159 250168 0
366 500122 500174 0
367 500114 500127 0
368 51 89 0
369 500136 500156 0
370 500150 500163 0
371 500127 500165 0
372 500132 500129 0
373 18 100 0
374 62644 62649 0
375 500127 500196 0
376 32 79 0
377 31403 31407 0
378 500167 500150 0
379 500186 500196 0
380 500196 500161 0
381 31392 31428 0
382 500124 500114 0
383 28 74 0
384 500182 500129 0
385 500127 500150 0
386 19 80 0
387 500137 500117 0
388 18 77 0
389 15 73 0
390 16 84 0
391 500110 500179 0
392 31390 31433 0
393 8 38 0
394 5 36 0
395 500107 500192 0
396 500150 500103 0
397 31404 31414 0
398 31389 31413 0
399 31372 31406 0
--------------
1000000 :c
1004168 :sum(p)
999999 :sum(w)
