400 :n
id p,w,x
--------------
0 4073 4020 1
1 8004 7924 1
2 81 37 1
3 84 36 1
4 93 43 1
5 90 54 1
6 50 23 1
7 71 55 1
8 64 39 1
9 56 28 1
10 97 61 1
11 4052 4028 1
12 72 15 1
13 85 40 1
14 93 65 1
15 80 61 1
16 91 59 1
17 87 5 1
18 95 66 1
19 62 45 1
20 51 15 1
21 2152 2077 1
22 15817 15746 1
23 2127 2065 1
24 4075 4052 1
25 2142 2058 1
26 15823 15726 1
27 7997 7949 1
28 8010 7962 1
29 2117 2082 1
30 2116 2089 1
31 2147 2084 1
32 2108 2063 1
33 2106 2056 1
34 7968 7919 1
35 7990 7917 1
36 2111 2068 1
37 7977 7933 1
38 4097 4048 1
39 7980 7931 1
40 4100 4078 1
41 7995 7952 1
42 7980 7938 1
43 8010 7951 1
44 8006 7955 1
45 4083 4058 1
46 4077 4039 1
47 52 38 1
48 2138 2123 1
49 2074 2060 1
50 2079 2066 1
51 2070 2060 1
52 4028 4009 1
53 4083 4065 1
54 4100 4082 1
55 7970 7936 1
56 7986 7952 1
57 15822 15756 1
58 7987 7954 1
59 4056 4040 1
60 2075 2067 0
61 15805 15746 1
62 15778 15728 1
63 7970 7945 1
64 15799 15750 1
65 7950 7926 1
66 4023 4011 1
67 2095 2089 0
68 15774 15731 1
69 4055 4044 1
70 15792 15753 1
71 15789 15751 1
72 7965 7946 1
73 31439 31365 1
74 15781 15746 1
75 15795 15762 1
76 7967 7951 1
77 31420 31359 1
78 15774 15744 1
79 4095 4088 0
80 31418 31365 1
81 31444 31393 1
82 31400 31354 1
83 8007 7996 0
84 62694 62610 1
85 62699 62615 1
86 31407 31365 1
87 31396 31356 1
88 62691 62612 1
89 7988 7978 0
90 4031 4026 0
91 4066 4061 1
92 4067 4012 1
93 62679 62601 1
94 31394 31352 1
95 7970 7961 0
96 62681 62613 1
97 15794 15777 1
98 31441 31428 0
99 31439 31420 0
100 67 90 0
101 15780 15763 0
102 62672 62606 0
103 62667 62603 0
104 31437 31405 0
105 2127 2150 0
106 62687 62630 0
107 7969 7962 0
108 15743 15730 0
109 15799 15788 0
110 125191 125108 0
111 31435 31415 0
112 7996 7991 0
113 62639 62603 0
114 62659 62624 0
115 125193 125124 0
116 62693 62660 0
117 125178 125118 0
118 2093 2092 0
119 125185 125126 0
120 125186 125128 0
121 62653 62624 0
122 15778 15771 0
123 62635 62608 0
124 125171 125118 0
125 125164 125112 0
126 62673 62647 0
127 125178 125130 0
128 125147 125100 0
129 62648 62625 0
130 62664 62641 0
131 62678 62655 0
132 125186 125146 0
133 250191 250118 0
134 125157 125122 0
135 125147 125113 0
136 250177 250113 0
137 62617 62601 0
138 62633 62617 0
139 31359 31351 0
140 15808 15804 0
141 125160 125130 0
142 125131 125102 0
143 125163 125136 0
144 250170 250124 0
145 250158 250114 0
146 250145 250105 0
147 125141 125124 0
148 250192 250159 0
149 62633 62625 0
150 62695 62687 0
151 31433 31429 0
152 7980 7979 0
153 500178 500118 0
154 4050 4051 0
155 7980 7983 0
156 4065 4067 0
157 4059 4061 0
158 4036 4042 0
159 4008 4015 0
160 4041 4049 0
161 4034 4044 0
162 2085 2093 0
163 2101 2111 0
164 2094 2104 0
165 2124 2137 0
166 50 53 0
167 47 50 0
168 64 74 0
169 81 95 0
170 28 37 0
171 27 38 0
172 31400 31399 0
173 31401 31424 0
174 62633 62692 0
175 31378 31408 0
176 31403 31437 0
177 62607 62637 0
178 62607 62694 0
179 31379 31420 0
180 31379 31399 0
181 62626 62635 0
182 62609 62637 0
183 31354 31419 0
184 62634 62679 0
185 62671 62690 0
186 31357 31409 0
187 31371 31427 0
188 31396 31440 0
189 31387 31450 0
190 62626 62644 0
191 125123 125193 0
192 31357 31386 0
193 31388 31412 0
194 31430 31441 0
195 31354 31436 0
196 125101 125159 0
197 125144 125166 0
198 31437 31438 0
199 125106 125149 0
200 125115 125165 0
201 15787 15813 0
202 125126 125189 0
203 15760 15818 0
204 125165 125150 0
205 15760 15779 0
206 125144 125198 0
207 125117 125112 0
208 15740 15797 0
209 15768 15779 0
210 15755 15805 0
211 125136 125191 0
212 15750 15817 0
213 15737 15762 0
214 125110 125102 0
215 15816 15815 0
216 125146 125179 0
217 125159 125155 0
218 125155 125182 0
219 15762 15805 0
220 15742 15752 0
221 15737 15771 0
222 15735 15825 0
223 125150 125160 0
224 15746 15783 0
225 15749 15795 0
226 125177 125166 0
227 15796 15801 0
228 15784 15787 0
229 15753 15757 0
230 15774 15807 0
231 125137 125146 0
232 125135 125165 0
233 125136 125124 0
234 125136 125169 0
235 125134 125152 0
236 15735 15767 0
237 15781 15813 0
238 15784 15806 0
239 7921 7960 0
240 125156 125161 0
241 125148 125189 0
242 125101 125127 0
243 250182 250165 0
244 250119 250103 0
245 7926 7976 0
246 7980 7989 0
247 7962 8011 0
248 7926 8005 0
249 250113 250149 0
250 7915 7956 0
251 31374 31383 0
252 250175 250148 0
253 7989 8010 0
254 7914 7924 0
255 250141 250140 0
256 250116 250192 0
257 250144 250156 0
258 250173 250191 0
259 7961 8007 0
260 250165 250136 0
261 250194 250196 0
262 250135 250143 0
263 7958 7978 0
264 7947 7966 0
265 7986 8011 0
266 7942 7961 0
267 250181 250181 0
268 250189 250177 0
269 250196 250171 0
270 7916 7946 0
271 250168 250185 0
272 250101 250132 0
273 250163 250133 0
274 250106 250196 0
275 250129 250173 0
276 250135 250191 0
277 250103 250197 0
278 7918 8003 0
279 250115 250191 0
280 4013 4027 0
281 250123 250158 0
282 250105 250119 0
283 4035 4095 0
284 4035 4079 0
285 31356 31385 0
286 250181 250165 0
287 4056 4083 0
288 4029 4088 0
289 4030 4105 0
290 4051 4101 0
291 250131 250140 0
292 62664 62677 0
293 250113 250172 0
294 4033 4079 0
295 31377 31443 0
296 250123 250129 0
297 31352 31448 0
298 250158 250150 0
299 250174 250197 0
300 250108 250157 0
301 4053 4091 0
302 4034 4099 0
303 250140 250141 0
304 250137 250112 0
305 4020 4057 0
306 250142 250173 0
307 4013 4027 0
308 500109 500200 0
309 62613 62643 0
310 31379 31443 0
311 500119 500146 0
312 500189 500192 0
313 31364 31380 0
314 4028 4067 0
315 4019 4101 0
316 4021 4092 0
317 4051 4072 0
318 500127 500178 0
319 2095 2129 0
320 2083 2150 0
321 2110 2140 0
322 2113 2142 0
323 2065 2115 0
324 2090 2148 0
325 500158 500149 0
326 500129 500195 0
327 500143 500127 0
328 2099 2144 0
329 500195 500185 0
330 500127 500141 0
331 500169 500187 0
332 2100 2140 0
333 2065 2116 0
334 500168 500123 0
335 2059 2096 0
336 2117 2149 0
337 500151 500187 0
338 500182 500177 0
339 500121 500109 0
340 2059 2120 0
341 500124 500143 0
342 2071 2135 0
343 62688 62700 0
344 62636 62673 0
345 2054 2124 0
346 2090 2111 0
347 31362 31434 0
348 500184 500180 0
349 31354 31400 0
350 2082 2147 0
351 500141 500108 0
352 31357 31364 0
353 500161 500198 0
354 500149 500150 0
355 2119 2141 0
356 500134 500129 0
357 2100 2115 0
358 2120 2141 0
359 31355 31412 0
360 500149 500106 0
361 500145 500178 0
362 5 48 0
363 500164 500108 0
364 34 97 0
365 500173 500148 0
366 43 78 0
367 500138 500139 0
368 500159 500122 0
369 500195 500183 0
370 62641 62654 0
371 500179 500183 0
372 500112 500157 0
373 74 90 0
374 6 87 0
375 36 71 0
376 75 91 0
377 500178 500161 0
378 500192 500181 0
379 62651 62654 0
380 500137 500145 0
381 7 23 0
382 8 26 0
383 500141 500156 0
384 500193 500153 0
385 25 52 0
386 62603 62644 0
387 62623 62661 0
388 500112 500132 0
389 500168 500200 0
390 23 61 0
391 73 90 0
392 500120 500191 0
393 62650 62655 0
394 500130 500195 0
395 49 92 0
396 7 92 0
397 500165 500138 0
398 62662 62688 0
399 62641 62653 0
--------------
1000000 :c
1003793 :sum(p)
1000000 :sum(w)
