400 :n
id p,w,x
--------------
0 4091 4060 1
1 4077 4012 1
2 4076 4027 1
3 94 25 1
4 59 5 1
5 96 57 1
6 90 5 1
7 95 67 1
8 66 6 1
9 63 6 1
10 81 72 1
11 54 43 1
12 41 19 1
13 94 20 1
14 41 24 1
15 56 7 1
16 7988 7925 1
17 4077 4013 1
18 89 41 1
19 2141 2100 1
20 2124 2065 1
21 4055 4023 1
22 2146 2120 1
23 7994 7920 1
24 7973 7915 1
25 2140 2103 1
26 2110 2064 1
27 8001 7923 1
28 7982 7913 1
29 2145 2073 1
30 2142 2104 1
31 2136 2114 1
32 2126 2077 1
33 8008 7931 1
34 8006 7921 1
35 2146 2068 1
36 2137 2087 1
37 2089 2057 1
38 7985 7926 1
39 7986 7936 1
40 2107 2083 1
41 2117 2074 1
42 2105 2083 1
43 2084 2061 1
44 4087 4013 1
45 4078 4025 1
46 7997 7939 1
47 4073 4037 1
48 4101 4024 1
49 92 84 1
50 37 34 1
51 96 90 1
52 4072 4048 1
53 4047 4024 1
54 4073 4051 1
55 2065 2054 1
56 7955 7913 1
57 15816 15733 1
58 2110 2099 1
59 2116 2105 1
60 7965 7925 1
61 15806 15734 1
62 2092 2083 1
63 2116 2107 1
64 4024 4007 1
65 4024 4007 1
66 2091 2083 1
67 15824 15764 1
68 7965 7935 1
69 15820 15765 1
70 4060 4046 1
71 15797 15747 1
72 15822 15773 1
73 7937 7913 1
74 7951 7928 1
75 31439 31353 1
76 4095 4084 1
77 15818 15777 1
78 7939 7919 1
79 15815 15776 1
80 2062 2057 1
81 31427 31356 1
82 31435 31371 1
83 15823 15794 1
84 15789 15761 1
85 7997 7983 0
86 4024 4017 1
87 31420 31366 1
88 7929 7916 1
89 31450 31399 1
90 31405 31355 1
91 7940 7928 1
92 31440 31393 1
93 4019 4013 1
94 4028 4022 1
95 31410 31364 1
96 2089 2086 0
97 15787 15766 1
98 2148 2129 1
99 7933 7923 1
100 31414 31377 1
101 31426 31389 1
102 31411 31375 1
103 31416 31381 1
104 85 14 1
105 62675 62606 1
106 15772 15737 1
107 62669 62603 1
108 31444 31411 1
109 31442 31410 0
110 62696 62646 0
111 15803 15792 0
112 15772 15772 0
113 31433 31402 0
114 4058 4054 0
115 62685 62626 0
116 15746 15732 0
117 7973 7966 0
118 8011 8011 0
119 62659 62604 0
120 31403 31376 0
121 62671 62620 0
122 62690 62641 0
123 15782 15770 0
124 15791 15779 0
125 62670 62624 0
126 31444 31421 0
127 31381 31359 0
128 31418 31398 0
129 7987 7982 0
130 7960 7956 0
131 15760 15754 0
132 15789 15783 0
133 4045 4044 0
134 7955 7954 0
135 4039 4040 0
136 2116 2117 0
137 4094 4096 0
138 2107 2109 0
139 4070 4074 0
140 4039 4043 0
141 61 66 0
142 42 47 0
143 67 75 0
144 45 53 0
145 4 8 0
146 125195 125144 0
147 250142 250101 0
148 62656 62623 0
149 250194 250103 0
150 62676 62658 0
151 250176 250111 0
152 250155 250105 0
153 125199 125135 0
154 250194 250147 0
155 62627 62604 0
156 250146 250105 0
157 62672 62656 0
158 62688 62653 0
159 500197 500116 0
160 62676 62638 0
161 125194 125106 0
162 125193 125109 0
163 31398 31379 0
164 31382 31363 0
165 125176 125137 0
166 62689 62653 0
167 62686 62650 0
168 62662 62642 0
169 125187 125149 0
170 125178 125148 0
171 125168 125127 0
172 62613 62689 0
173 62634 62628 0
174 31408 31409 0
175 31361 31394 0
176 31421 31432 0
177 62641 62681 0
178 62620 62663 0
179 62634 62666 0
180 62602 62658 0
181 62623 62662 0
182 62690 62693 0
183 62679 62679 0
184 31379 31422 0
185 31386 31432 0
186 31386 31418 0
187 62649 62656 0
188 31425 31431 0
189 62639 62667 0
190 62613 62625 0
191 31402 31411 0
192 62646 62666 0
193 62617 62676 0
194 31375 31410 0
195 62679 62685 0
196 31387 31386 0
197 62616 62681 0
198 62616 62633 0
199 125146 125176 0
200 15772 15800 0
201 15799 15816 0
202 15737 15772 0
203 125110 125181 0
204 15729 15774 0
205 15755 15800 0
206 125117 125114 0
207 125156 125160 0
208 125148 125182 0
209 125106 125181 0
210 125128 125191 0
211 15740 15778 0
212 125100 125161 0
213 15751 15785 0
214 15780 15779 0
215 125144 125143 0
216 125191 125185 0
217 15746 15748 0
218 125156 125137 0
219 125111 125144 0
220 125109 125107 0
221 15738 15816 0
222 15755 15788 0
223 15741 15740 0
224 15771 15774 0
225 15781 15813 0
226 15727 15800 0
227 125168 125196 0
228 15767 15778 0
229 125122 125138 0
230 125133 125168 0
231 15782 15809 0
232 15772 15813 0
233 125173 125183 0
234 125117 125137 0
235 15727 15813 0
236 15739 15811 0
237 125148 125170 0
238 15777 15782 0
239 125146 125182 0
240 7958 8007 0
241 125124 125159 0
242 125181 125196 0
243 7932 8008 0
244 125150 125135 0
245 7985 8012 0
246 125144 125153 0
247 31413 31445 0
248 125158 125181 0
249 125138 125121 0
250 125154 125166 0
251 7922 7960 0
252 7959 8007 0
253 125133 125137 0
254 125106 125119 0
255 125141 125167 0
256 125117 125197 0
257 125130 125129 0
258 7978 8001 0
259 7936 7988 0
260 250136 250170 0
261 250114 250189 0
262 7914 7942 0
263 250116 250136 0
264 250126 250118 0
265 250125 250154 0
266 250184 250192 0
267 7959 8000 0
268 7932 7972 0
269 7983 8010 0
270 7960 7991 0
271 250199 250182 0
272 7919 8006 0
273 250126 250199 0
274 250104 250111 0
275 62668 62694 0
276 250168 250184 0
277 7924 7988 0
278 7951 7998 0
279 250166 250181 0
280 4015 4072 0
281 250136 250126 0
282 4008 4078 0
283 250197 250173 0
284 4068 4095 0
285 31429 31436 0
286 31401 31440 0
287 250164 250131 0
288 250196 250183 0
289 250188 250161 0
290 250171 250167 0
291 4015 4047 0
292 4016 4059 0
293 250155 250198 0
294 4073 4092 0
295 250147 250169 0
296 250120 250171 0
297 31355 31434 0
298 250136 250142 0
299 4032 4041 0
300 4034 4057 0
301 250138 250159 0
302 250144 250125 0
303 4033 4053 0
304 4039 4081 0
305 4070 4088 0
306 250138 250113 0
307 250162 250167 0
308 250194 250162 0
309 250158 250156 0
310 250121 250110 0
311 250130 250135 0
312 31353 31374 0
313 4016 4046 0
314 4042 4102 0
315 250194 250192 0
316 250106 250101 0
317 4044 4064 0
318 4016 4083 0
319 250185 250195 0
320 250167 250198 0
321 250167 250168 0
322 2084 2119 0
323 500162 500183 0
324 2072 2091 0
325 500192 500184 0
326 500156 500159 0
327 500133 500105 0
328 500148 500148 0
329 500164 500108 0
330 2074 2128 0
331 500146 500132 0
332 500163 500163 0
333 2070 2100 0
334 500147 500171 0
335 500141 500162 0
336 500116 500122 0
337 2088 2145 0
338 500123 500123 0
339 500106 500152 0
340 500129 500105 0
341 62632 62676 0
342 500158 500112 0
343 2099 2110 0
344 2061 2070 0
345 500150 500156 0
346 31363 31404 0
347 500127 500138 0
348 500176 500154 0
349 2083 2100 0
350 500188 500176 0
351 2068 2123 0
352 500175 500169 0
353 2078 2099 0
354 2081 2121 0
355 2055 2121 0
356 500193 500196 0
357 500198 500174 0
358 2107 2118 0
359 500200 500193 0
360 43 68 0
361 12 73 0
362 500128 500102 0
363 14 98 0
364 500119 500114 0
365 10 68 0
366 500135 500181 0
367 48 58 0
368 41 96 0
369 8 81 0
370 14 37 0
371 89 99 0
372 32 81 0
373 500166 500123 0
374 500174 500122 0
375 62602 62698 0
376 5 37 0
377 500198 500198 0
378 500173 500164 0
379 45 88 0
380 62674 62686 0
381 500167 500176 0
382 500172 500108 0
383 500104 500175 0
384 500134 500106 0
385 64 95 0
386 31440 31441 0
387 500173 500185 0
388 2 56 0
389 86 95 0
390 8 92 0
391 500189 500110 0
392 500103 500145 0
393 62659 62665 0
394 31357 31366 0
395 500163 500192 0
396 500200 500162 0
397 59 76 0
398 62607 62649 0
399 31352 31385 0
--------------
1000000 :c
1004309 :sum(p)
999997 :sum(w)
