400 :n
id p,w,x
--------------
0 97 6 1
1 49 10 1
2 72 15 1
3 36 3 1
4 56 6 1
5 84 29 1
6 81 9 1
7 96 9 1
8 99 17 1
9 79 11 1
10 15795 15755 1
11 7949 7914 1
12 7988 7937 1
13 2111 2068 1
14 2150 2102 1
15 2117 2085 1
16 2152 2062 1
17 8000 7938 1
18 15821 15759 1
19 15808 15749 1
20 2137 2102 1
21 15811 15736 1
22 15792 15740 1
23 8003 7933 1
24 4092 4056 1
25 7974 7923 1
26 59 21 1
27 7983 7928 1
28 4088 4008 1
29 15802 15756 1
30 4095 4014 1
31 15817 15752 1
32 78 32 1
33 4080 4020 1
34 87 34 1
35 15809 15762 1
36 7961 7926 1
37 7998 7926 1
38 2111 2073 1
39 4064 4021 1
40 4101 4008 1
41 4081 4021 1
42 2119 2079 1
43 7997 7919 1
44 15825 15773 1
45 4099 4028 1
46 4094 4025 1
47 82 49 1
48 7996 7921 1
49 4104 4071 1
50 4057 4020 1
51 4100 4060 1
52 2119 2089 1
53 2091 2056 1
54 2137 2101 1
55 31446 31361 1
56 31417 31351 1
57 23 8 1
58 30 11 1
59 25 12 1
60 12 7 1
61 70 45 1
62 43 28 1
63 50 40 1
64 63 57 1
65 66 65 1
66 2151 2125 1
67 2112 2088 1
68 2145 2124 1
69 2135 2117 1
70 2106 2089 1
71 4056 4028 1
72 2075 2062 1
73 4103 4082 1
74 4078 4058 1
75 7978 7945 1
76 7987 7954 1
77 8010 7981 1
78 7964 7938 1
79 4049 4036 1
80 4076 4063 1
81 7953 7931 1
82 15804 15771 1
83 7991 7975 1
84 31441 31379 1
85 15772 15742 1
86 7990 7975 1
87 31445 31386 1
88 15812 15783 1
89 31402 31370 1
90 15788 15761 1
91 92 6 1
92 15767 15745 1
93 31439 31397 1
94 15783 15763 1
95 15752 15734 1
96 62672 62601 1
97 31442 31407 1
98 15765 15750 1
99 62666 62612 1
100 2105 2103 1
101 2146 2144 1
102 31412 31388 1
103 7962 7956 1
104 31426 31371 1
105 31402 31351 1
106 4018 4015 1
107 62690 62644 0
108 62660 62618 0
109 31428 31429 0
110 31423 31433 0
111 125194 125144 0
112 62643 62602 0
113 7919 7914 1
114 31386 31368 1
115 7918 7914 0
116 62640 62606 0
117 62697 62664 0
118 8002 8006 0
119 62668 62631 0
120 125173 125110 0
121 62633 62602 0
122 125187 125128 0
123 62642 62614 0
124 62645 62618 0
125 125191 125139 0
126 26 80 0
127 125190 125113 0
128 62635 62610 0
129 62692 62668 0
130 31377 31365 0
131 15748 15742 0
132 125151 125104 0
133 62656 62633 0
134 250189 250109 0
135 62677 62657 0
136 15796 15791 0
137 250188 250110 0
138 125142 125103 0
139 125155 125116 0
140 125185 125146 0
141 62658 62639 0
142 62647 62629 0
143 62664 62646 0
144 250183 250112 0
145 250187 250117 0
146 125146 125114 0
147 7916 7914 0
148 125140 125109 0
149 62682 62667 0
150 31371 31364 0
151 250166 250111 0
152 31414 31408 0
153 15809 15806 0
154 250190 250143 0
155 250196 250152 0
156 500199 500112 0
157 500197 500111 0
158 125191 125171 0
159 500198 500120 0
160 125150 125131 0
161 250141 250106 0
162 125128 125111 0
163 500169 500103 0
164 500180 500114 0
165 250191 250158 0
166 250164 250132 0
167 15741 15739 0
168 15751 15749 0
169 15803 15801 0
170 7945 7944 0
171 125118 125103 0
172 500161 500103 0
173 250151 250122 0
174 500177 500121 0
175 250164 250140 0
176 62683 62677 0
177 31356 31353 0
178 31411 31408 0
179 500159 500114 0
180 250145 250124 0
181 250195 250174 0
182 62637 62632 0
183 500189 500152 0
184 250150 250132 0
185 125122 125113 0
186 500196 500164 0
187 15763 15762 0
188 500138 500107 0
189 500167 500137 0
190 250117 250102 0
191 500177 500148 0
192 500152 500124 0
193 125174 125167 0
194 500192 500170 0
195 250181 250170 0
196 250175 250166 0
197 500146 500131 0
198 500127 500117 0
199 500159 500151 0
200 250192 250188 0
201 125167 125165 0
202 62693 62692 0
203 500191 500184 0
204 500182 500176 0
205 500170 500165 0
206 500146 500142 0
207 26 26 1
208 250174 250174 0
209 62638 62638 0
210 2108 2108 0
211 125156 125157 0
212 500146 500150 0
213 500173 500180 0
214 125143 125145 0
215 250190 250195 0
216 250160 250165 0
217 125142 125145 0
218 250140 250147 0
219 500124 500138 0
220 500114 500129 0
221 31417 31418 0
222 250150 250158 0
223 125164 125169 0
224 125137 125142 0
225 500139 500159 0
226 500131 500151 0
227 500145 500167 0
228 62697 62700 0
229 250127 250139 0
230 250150 250163 0
231 250139 250152 0
232 500131 500158 0
233 500147 500175 0
234 500103 500131 0
235 500152 500189 0
236 500106 500149 0
237 250161 250184 0
238 31413 31416 0
239 500125 500174 0
240 250144 250173 0
241 250108 250138 0
242 500119 500179 0
243 250124 250155 0
244 7977 7978 0
245 15816 15818 0
246 31355 31359 0
247 125180 125196 0
248 125155 125171 0
249 7968 7970 0
250 7973 7978 0
251 7918 7923 0
252 2123 2125 0
253 4086 4091 0
254 4053 4058 0
255 4067 4073 0
256 4057 4063 0
257 4051 4058 0
258 2054 2058 0
259 4057 4066 0
260 4021 4032 0
261 2121 2130 0
262 2117 2126 0
263 2076 2089 0
264 2067 2080 0
265 83 84 1
266 47 48 1
267 45 47 0
268 52 66 0
269 29 37 0
270 15771 15788 0
271 7922 7980 0
272 7953 7973 0
273 7967 7981 0
274 15754 15812 0
275 15729 15800 0
276 500102 500166 0
277 31371 31415 0
278 7918 8002 0
279 31405 31433 0
280 15734 15772 0
281 31354 31396 0
282 4054 4081 0
283 4045 4093 0
284 31400 31412 0
285 31390 31404 0
286 4016 4061 0
287 31361 31443 0
288 4018 4062 0
289 7956 7975 0
290 31375 31416 0
291 31358 31405 0
292 4038 4080 0
293 31403 31441 0
294 15783 15807 0
295 7938 7983 0
296 4036 4105 0
297 15794 15813 0
298 31368 31438 0
299 31380 31415 0
300 15735 15791 0
301 31370 31403 0
302 4038 4095 0
303 15742 15792 0
304 7921 7988 0
305 4043 4104 0
306 31373 31383 0
307 4060 4092 0
308 31410 31438 0
309 4044 4080 0
310 31365 31405 0
311 4014 4080 0
312 4082 4097 0
313 4033 4103 0
314 31353 31364 0
315 31395 31433 0
316 4013 4101 0
317 4008 4103 0
318 31355 31379 0
319 31356 31384 0
320 7997 8011 0
321 62652 62686 0
322 7941 7964 0
323 2107 2150 0
324 2094 2130 0
325 2093 2112 0
326 62623 62660 0
327 62653 62668 0
328 2068 2089 0
329 62688 62699 0
330 2096 2111 0
331 15732 15770 0
332 62632 62653 0
333 2059 2074 0
334 15774 15818 0
335 2068 2124 0
336 62643 62679 0
337 2070 2146 0
338 62643 62678 0
339 62636 62671 0
340 62607 62700 0
341 2108 2126 0
342 62615 62682 0
343 62619 62669 0
344 62652 62668 0
345 62610 62638 0
346 62639 62692 0
347 7993 8004 0
348 2056 2087 0
349 62602 62624 0
350 2054 2093 0
351 62623 62696 0
352 2085 2113 0
353 125119 125184 0
354 125140 125182 0
355 2058 2120 0
356 2089 2151 0
357 2131 2153 0
358 7916 7932 0
359 125139 125184 0
360 125109 125149 0
361 125131 125169 0
362 15768 15808 0
363 11 27 0
364 125157 125184 0
365 12 37 0
366 7966 8006 0
367 125112 125149 0
368 125112 125197 0
369 46 80 0
370 11 36 0
371 125130 125167 0
372 125106 125199 0
373 125133 125153 0
374 7925 7936 0
375 24 98 0
376 125155 125180 0
377 125103 125155 0
378 125101 125132 0
379 125134 125158 0
380 250126 250163 0
381 16 64 0
382 250149 250186 0
383 250104 250152 0
384 250102 250199 0
385 250112 250168 0
386 250152 250200 0
387 15788 15815 0
388 250139 250173 0
389 250113 250199 0
390 15758 15779 0
391 250119 250189 0
392 500105 500180 0
393 500109 500186 0
394 23 47 0
395 500105 500177 0
396 11 44 0
397 9 95 0
398 15796 15807 0
399 15776 15790 0
--------------
1000000 :c
1004461 :sum(p)
999998 :sum(w)
