400 :n
id p,w,x
--------------
0 2120 2069 1
1 2128 2095 1
2 15801 15728 1
3 4056 4027 1
4 4094 4058 1
5 4088 4060 1
6 4088 4025 1
7 4090 4021 1
8 85 47 1
9 4029 4011 1
10 7972 7935 1
11 24 10 1
12 4102 4025 1
13 4059 4032 1
14 4082 4043 1
15 4088 4014 1
16 20 6 1
17 15822 15750 1
18 8007 7955 1
19 57 41 1
20 97 3 1
21 28 15 1
22 4103 4034 1
23 4063 4042 1
24 4099 4080 1
25 2121 2085 1
26 2109 2078 1
27 60 34 1
28 65 35 1
29 2140 2061 1
30 2131 2078 1
31 45 26 1
32 90 3 1
33 2132 2109 1
34 40 16 1
35 8009 7930 1
36 7992 7932 1
37 88 36 1
38 39 8 1
39 7998 7921 1
40 2113 2075 1
41 8012 7927 1
42 15825 15729 1
43 2127 2089 1
44 93 38 1
45 31 7 1
46 2114 2077 1
47 8002 7957 1
48 2136 2108 1
49 2136 2086 1
50 2150 2071 1
51 7967 7917 1
52 2103 2083 1
53 8007 7962 1
54 2079 2056 1
55 4048 4030 1
56 15789 15729 1
57 15811 15760 1
58 15791 15740 1
59 15772 15728 1
60 15800 15734 1
61 8010 7978 1
62 15821 15772 1
63 7989 7963 1
64 27 20 1
65 90 80 1
66 81 72 1
67 30 28 1
68 2147 2138 1
69 2150 2141 1
70 4103 4089 1
71 4056 4043 1
72 4043 4031 1
73 4078 4066 1
74 7980 7958 1
75 7961 7940 1
76 8007 7987 1
77 4081 4071 1
78 2066 2061 0
79 31437 31367 1
80 15813 15779 1
81 31441 31377 1
82 15786 15755 1
83 15791 15760 1
84 4087 4079 1
85 31430 31370 1
86 31424 31368 1
87 7987 7975 1
88 62692 62602 1
89 31412 31369 1
90 15777 15756 1
91 7926 7916 1
92 7936 7926 0
93 31405 31370 1
94 31396 31365 1
95 31434 31403 1
96 2075 2057 1
97 31410 31380 1
98 31412 31384 1
99 15797 15783 1
100 31384 31357 1
101 7973 7920 1
102 62672 62609 1
103 31379 31353 1
104 62680 62632 0
105 62665 62620 0
106 31447 31424 0
107 7997 8012 0
108 46 88 0
109 4046 4043 0
110 125195 125106 0
111 15825 15814 1
112 125186 125103 0
113 2114 2115 0
114 125178 125100 0
115 31374 31355 0
116 62664 62628 0
117 125173 125105 0
118 31408 31391 0
119 31413 31396 0
120 125183 125116 0
121 15744 15736 0
122 7987 7983 0
123 4094 4092 0
124 62690 62661 0
125 62662 62635 0
126 31390 31377 0
127 125198 125149 0
128 125156 125108 0
129 125176 125128 0
130 62637 62613 0
131 15821 15815 0
132 125180 125133 0
133 125153 125107 0
134 62632 62609 0
135 250199 250109 0
136 125155 125113 0
137 62659 62638 0
138 31433 31423 0
139 15805 15800 0
140 250179 250101 0
141 250178 250101 0
142 125168 125131 0
143 62671 62653 0
144 125142 125108 0
145 62654 62637 0
146 125168 125136 0
147 7939 7937 0
148 7976 7974 1
149 125192 125162 0
150 125138 125110 0
151 125152 125124 0
152 250193 250141 0
153 250159 250109 0
154 31365 31359 0
155 250158 250112 0
156 500190 500103 0
157 250157 250115 0
158 250182 250140 0
159 125146 125126 0
160 125164 125145 0
161 500177 500108 0
162 500191 500126 0
163 250138 250106 0
164 500189 500126 0
165 250168 250137 0
166 250135 250105 0
167 125115 125100 0
168 500175 500116 0
169 500161 500106 0
170 250191 250165 0
171 250169 250144 0
172 500152 500103 0
173 500166 500118 0
174 500166 500118 0
175 500190 500142 0
176 250142 250118 0
177 500192 500150 0
178 62616 62611 0
179 250187 250169 0
180 250192 250175 0
181 62661 62657 0
182 15811 15810 0
183 500132 500103 0
184 125147 125140 0
185 500169 500144 0
186 250177 250165 0
187 500192 500169 0
188 250190 250181 0
189 31353 31352 0
190 500131 500116 0
191 250181 250174 0
192 500191 500179 0
193 250111 250105 0
194 250179 250173 0
195 125183 125180 0
196 500141 500134 0
197 500158 500152 0
198 500115 500112 0
199 500140 500140 0
200 7924 7924 0
201 62677 62677 0
202 125163 125164 0
203 500168 500173 0
204 500127 500132 0
205 500173 500179 0
206 7932 7933 0
207 4045 4046 0
208 7945 7947 0
209 7991 7995 0
210 4021 4024 0
211 2061 2063 0
212 2084 2087 0
213 2142 2147 0
214 2093 2098 0
215 32 34 0
216 55 61 0
217 15775 15817 0
218 31423 31431 0
219 31358 31419 0
220 31429 31448 0
221 15793 15794 0
222 31389 31446 0
223 15770 15794 0
224 15733 15820 0
225 15762 15796 0
226 31352 31400 0
227 15747 15794 0
228 31385 31432 0
229 15800 15808 0
230 15772 15786 0
231 15762 15822 0
232 31368 31417 0
233 31407 31428 0
234 15766 15821 0
235 31391 31395 0
236 31394 31449 0
237 15753 15805 0
238 31396 31430 0
239 7924 8005 0
240 31389 31398 0
241 31365 31373 0
242 31364 31421 0
243 7971 7978 0
244 15751 15825 0
245 7928 7950 0
246 31358 31383 0
247 31405 31414 0
248 7966 8001 0
249 7989 8009 0
250 62648 62649 0
251 62629 62649 0
252 62622 62698 0
253 62692 62697 0
254 7972 7990 0
255 7924 7987 0
256 7925 7998 0
257 15726 15820 0
258 62626 62652 0
259 62631 62642 0
260 62648 62692 0
261 7937 7972 0
262 7940 7956 0
263 62640 62675 0
264 7983 8001 0
265 62625 62636 0
266 62667 62692 0
267 62607 62661 0
268 15774 15808 0
269 62627 62699 0
270 62612 62672 0
271 7970 7979 0
272 62621 62680 0
273 62616 62639 0
274 62643 62673 0
275 7936 8010 0
276 15782 15821 0
277 62639 62645 0
278 7945 7995 0
279 4012 4021 0
280 4012 4053 0
281 4049 4059 0
282 4083 4096 0
283 4024 4044 0
284 4018 4031 0
285 4068 4100 0
286 62624 62697 0
287 4088 4103 0
288 62635 62659 0
289 62615 62679 0
290 62625 62645 0
291 62660 62666 0
292 4007 4049 0
293 62696 62699 0
294 31359 31413 0
295 62626 62695 0
296 62681 62694 0
297 125102 125170 0
298 125128 125143 0
299 4028 4063 0
300 4051 4090 0
301 4007 4104 0
302 125108 125181 0
303 125110 125176 0
304 125156 125190 0
305 125114 125188 0
306 4052 4083 0
307 125139 125163 0
308 4084 4102 0
309 4011 4106 0
310 125173 125188 0
311 4034 4048 0
312 125116 125146 0
313 125131 125198 0
314 125103 125175 0
315 125135 125183 0
316 15733 15813 0
317 125126 125177 0
318 125119 125179 0
319 2130 2140 0
320 125101 125128 0
321 15760 15788 0
322 2092 2124 0
323 125102 125144 0
324 31362 31417 0
325 125174 125181 0
326 250115 250180 0
327 250109 250129 0
328 250135 250142 0
329 250109 250128 0
330 2069 2133 0
331 31355 31406 0
332 2068 2141 0
333 250181 250193 0
334 2084 2134 0
335 2093 2150 0
336 250109 250160 0
337 31362 31430 0
338 2096 2116 0
339 250114 250126 0
340 2069 2103 0
341 2094 2128 0
342 250101 250163 0
343 15751 15755 0
344 250112 250131 0
345 2078 2122 0
346 250122 250173 0
347 2082 2134 0
348 2071 2133 0
349 250155 250192 0
350 250164 250168 0
351 2078 2136 0
352 250165 250176 0
353 2090 2124 0
354 250153 250188 0
355 2093 2108 0
356 2093 2138 0
357 250119 250135 0
358 250113 250192 0
359 250141 250162 0
360 250102 250124 0
361 250109 250198 0
362 15769 15804 0
363 500103 500184 0
364 500105 500186 0
365 14 44 0
366 500110 500195 0
367 500128 500195 0
368 26 67 0
369 500110 500128 0
370 500106 500177 0
371 500123 500176 0
372 39 59 0
373 24 95 0
374 62 81 0
375 5 93 0
376 500128 500174 0
377 500111 500187 0
378 500112 500195 0
379 500155 500181 0
380 61 92 0
381 42 100 0
382 500117 500190 0
383 36 76 0
384 15750 15811 0
385 500106 500181 0
386 54 70 0
387 3 80 0
388 47 73 0
389 40 56 0
390 500105 500124 0
391 500105 500121 0
392 15 62 0
393 500117 500131 0
394 2 60 0
395 34 90 0
396 19 97 0
397 71 92 0
398 15769 15788 0
399 500154 500160 0
--------------
1000000 :c
1003962 :sum(p)
1000000 :sum(w)
