400 :n
id p,w,x
--------------
0 2117 2081 1
1 2121 2085 1
2 4087 4028 1
3 2138 2073 1
4 4044 4011 1
5 2121 2085 1
6 2100 2055 1
7 4075 4020 1
8 72 21 1
9 2147 2063 1
10 4081 4019 1
11 4100 4024 1
12 2130 2089 1
13 4105 4017 1
14 4044 4011 1
15 4068 4034 1
16 4077 4025 1
17 7993 7935 1
18 79 16 1
19 2147 2079 1
20 89 2 1
21 86 49 1
22 85 48 1
23 53 11 1
24 89 22 1
25 2152 2094 1
26 8007 7927 1
27 87 47 1
28 99 55 1
29 64 8 1
30 8002 7944 1
31 15820 15730 1
32 45 22 1
33 55 38 1
34 74 52 1
35 65 48 1
36 98 76 1
37 90 78 1
38 61 54 1
39 41 39 1
40 80 78 1
41 2126 2097 1
42 2129 2101 1
43 2105 2088 1
44 2140 2123 1
45 4063 4031 1
46 2085 2071 1
47 4096 4069 1
48 4070 4045 1
49 2106 2094 1
50 2129 2117 1
51 7972 7934 1
52 8000 7962 1
53 4072 4053 1
54 7970 7933 1
55 7969 7934 1
56 15811 15742 1
57 8005 7972 1
58 15789 15726 1
59 15824 15762 1
60 2063 2055 1
61 7960 7932 1
62 4043 4029 1
63 15794 15741 1
64 4080 4067 1
65 4095 4082 1
66 4101 4088 1
67 15822 15773 1
68 7974 7950 1
69 4027 4015 1
70 31445 31358 1
71 31430 31359 1
72 15784 15749 1
73 15793 15760 1
74 7937 7921 1
75 7947 7932 1
76 31435 31376 1
77 2153 2149 1
78 62684 62608 1
79 62694 62609 1
80 31439 31389 1
81 62697 62609 1
82 31437 31391 1
83 15 9 1
84 7967 7955 1
85 15765 15745 1
86 15789 15770 1
87 31447 31410 1
88 7930 7921 1
89 62676 62620 1
90 31434 31406 1
91 31447 31421 1
92 31438 31385 1
93 62664 62609 0
94 15749 15736 1
95 62664 62613 0
96 31449 31425 1
97 15823 15813 0
98 125192 125130 0
99 15793 15781 1
100 62656 62609 0
101 62684 62637 0
102 8009 8003 1
103 4013 4010 1
104 31448 31426 0
105 62660 62618 0
106 31430 31409 0
107 31383 31363 0
108 31401 31381 0
109 7988 7983 0
110 62657 62619 0
111 31402 31385 0
112 4098 4102 1
113 125187 125102 0
114 15778 15799 0
115 125179 125114 0
116 62689 62658 0
117 31415 31400 0
118 2104 2103 1
119 15777 15770 0
120 62638 62613 0
121 125196 125147 0
122 7962 7959 0
123 125148 125104 0
124 125150 125110 0
125 125191 125151 0
126 15739 15734 0
127 250186 250109 0
128 250179 250105 0
129 31370 31361 0
130 31446 31437 0
131 62640 62623 0
132 62643 62626 0
133 125136 125105 0
134 125147 125116 0
135 4093 4092 1
136 62623 62608 0
137 250186 250127 0
138 250197 250139 0
139 31398 31391 0
140 125145 125118 0
141 62675 62662 0
142 125144 125119 0
143 31411 31405 0
144 15771 15768 0
145 500199 500111 0
146 125148 125126 0
147 125153 125131 0
148 500192 500109 0
149 500184 500104 0
150 250199 250165 0
151 31409 31405 0
152 15823 15821 0
153 500197 500136 0
154 250177 250149 0
155 250127 250101 0
156 125147 125134 0
157 500167 500122 0
158 250134 250112 0
159 500186 500144 0
160 250152 250133 0
161 500168 500131 0
162 500182 500145 0
163 500155 500120 0
164 250127 250111 0
165 125149 125141 0
166 125174 125166 0
167 500194 500164 0
168 500144 500115 0
169 500145 500116 0
170 500171 500146 0
171 500176 500151 0
172 62675 62672 0
173 250186 250175 0
174 500130 500110 0
175 125176 125171 0
176 500142 500126 0
177 500185 500169 0
178 125169 125165 0
179 250120 250116 0
180 62641 62640 0
181 500173 500166 0
182 250193 250190 0
183 500137 500133 0
184 500138 500134 0
185 125175 125174 0
186 62677 62677 0
187 15765 15765 0
188 45 45 0
189 31395 31395 0
190 15754 15754 0
191 125185 125185 0
192 31401 31401 0
193 31379 31379 0
194 500143 500144 0
195 125188 125189 0
196 125176 125177 0
197 250189 250191 0
198 500169 500173 0
199 7995 7996 0
200 15774 15777 0
201 7924 7926 0
202 15813 15820 0
203 15796 15805 0
204 15773 15782 0
205 7934 7939 0
206 15788 15798 0
207 15778 15788 0
208 2114 2116 1
209 4090 4095 0
210 4070 4075 0
211 7954 7965 0
212 4010 4016 0
213 2139 2143 0
214 7926 7941 0
215 7947 7963 0
216 7945 7961 0
217 4084 4094 0
218 4067 4077 0
219 4049 4059 0
220 2065 2071 0
221 2099 2107 0
222 4029 4045 0
223 66 73 0
224 68 78 0
225 51 60 0
226 74 88 0
227 35 42 0
228 55 67 0
229 50 62 0
230 44 56 0
231 9 12 0
232 33 46 0
233 15771 15802 0
234 62625 62693 0
235 62610 62664 0
236 15761 15808 0
237 15738 15823 0
238 62652 62661 0
239 62656 62661 0
240 7937 8001 0
241 62645 62682 0
242 62620 62690 0
243 15735 15766 0
244 62633 62675 0
245 7966 7998 0
246 7943 7992 0
247 7961 8011 0
248 7942 8007 0
249 62629 62631 0
250 62616 62661 0
251 62601 62651 0
252 7963 8006 0
253 7945 7965 0
254 62626 62688 0
255 7942 7965 0
256 62657 62662 0
257 62656 62665 0
258 7958 7981 0
259 7937 7960 0
260 7917 8011 0
261 62680 62687 0
262 62662 62695 0
263 62638 62660 0
264 62641 62683 0
265 7924 7994 0
266 62613 62631 0
267 7920 7961 0
268 7918 7952 0
269 62682 62700 0
270 62672 62682 0
271 7964 8001 0
272 62662 62672 0
273 125182 125192 0
274 125133 125153 0
275 7921 7941 0
276 125144 125169 0
277 31360 31381 0
278 15798 15822 0
279 4056 4092 0
280 125139 125168 0
281 125136 125176 0
282 125143 125148 0
283 125161 125196 0
284 31418 31421 0
285 125143 125180 0
286 125104 125153 0
287 15759 15799 0
288 125128 125175 0
289 125102 125148 0
290 125102 125161 0
291 4031 4101 0
292 125130 125150 0
293 125176 125198 0
294 125118 125171 0
295 125162 125168 0
296 4040 4069 0
297 31353 31408 0
298 125100 125183 0
299 125106 125197 0
300 250101 250145 0
301 31416 31434 0
302 4038 4082 0
303 250120 250183 0
304 4042 4077 0
305 250138 250183 0
306 31409 31431 0
307 15727 15740 0
308 4017 4104 0
309 15735 15779 0
310 4036 4064 0
311 4021 4048 0
312 4066 4093 0
313 31351 31436 0
314 4055 4106 0
315 4009 4084 0
316 4019 4060 0
317 250162 250196 0
318 250160 250166 0
319 250123 250158 0
320 250125 250159 0
321 250108 250153 0
322 2084 2140 0
323 250104 250198 0
324 2105 2129 0
325 250109 250171 0
326 250124 250196 0
327 2055 2141 0
328 2076 2111 0
329 2071 2108 0
330 250186 250192 0
331 250154 250199 0
332 31405 31448 0
333 2095 2128 0
334 2067 2132 0
335 250134 250172 0
336 250120 250178 0
337 250128 250146 0
338 250110 250163 0
339 250187 250193 0
340 250110 250124 0
341 2118 2144 0
342 2078 2102 0
343 250145 250167 0
344 2099 2149 0
345 2061 2105 0
346 2116 2140 0
347 250139 250145 0
348 2103 2135 0
349 2068 2125 0
350 31405 31437 0
351 250102 250126 0
352 15743 15788 0
353 15732 15787 0
354 2070 2133 0
355 2063 2119 0
356 250110 250131 0
357 2098 2139 0
358 250167 250176 0
359 250121 250169 0
360 250129 250178 0
361 500104 500159 0
362 10 50 0
363 15 87 0
364 500144 500180 0
365 500143 500185 0
366 500109 500152 0
367 500137 500144 0
368 15766 15798 0
369 15742 15773 0
370 31394 31395 0
371 500158 500196 0
372 31368 31385 0
373 500148 500182 0
374 31411 31424 0
375 500142 500200 0
376 500150 500165 0
377 7 75 0
378 500189 500197 0
379 15735 15820 0
380 19 75 0
381 14 93 0
382 31402 31442 0
383 500161 500176 0
384 500101 500196 0
385 500128 500174 0
386 31383 31406 0
387 500157 500164 0
388 32 91 0
389 10 92 0
390 15773 15804 0
391 500115 500171 0
392 13 60 0
393 500126 500160 0
394 500106 500119 0
395 54 97 0
396 500102 500110 0
397 31351 31384 0
398 31375 31409 0
399 31351 31426 0
--------------
1000000 :c
1003713 :sum(p)
999999 :sum(w)
