400 :n
id p,w,x
--------------
0 4058 4021 1
1 4041 4017 1
2 15803 15758 1
3 42 18 1
4 65 38 1
5 19 3 1
6 50 7 1
7 64 4 1
8 37 11 1
9 50 39 1
10 82 6 1
11 97 19 1
12 26 8 1
13 40 14 1
14 68 10 1
15 52 41 1
16 63 16 1
17 69 22 1
18 52 18 1
19 45 29 1
20 15803 15731 1
21 51 9 1
22 54 33 1
23 2088 2056 1
24 7983 7942 1
25 7968 7944 1
26 7986 7938 1
27 2149 2079 1
28 4047 4015 1
29 2153 2065 1
30 4068 4038 1
31 2139 2106 1
32 2115 2069 1
33 2145 2081 1
34 2147 2070 1
35 2115 2071 1
36 4082 4015 1
37 2146 2055 1
38 2123 2105 1
39 4079 4056 1
40 2151 2092 1
41 2113 2090 1
42 2150 2099 1
43 2091 2069 1
44 2141 2097 1
45 2140 2114 1
46 7970 7926 1
47 2140 2072 1
48 2106 2085 1
49 2104 2084 1
50 2108 2073 1
51 7997 7936 1
52 7973 7940 1
53 4037 4018 1
54 4080 4028 1
55 7998 7940 1
56 7984 7915 1
57 7995 7955 1
58 31440 31352 1
59 4046 4017 1
60 8011 7955 1
61 4104 4088 1
62 7995 7920 1
63 4106 4014 1
64 4054 4012 1
65 4052 4010 1
66 4104 4011 1
67 2077 2067 1
68 2073 2065 1
69 2099 2091 1
70 2088 2081 1
71 7972 7950 1
72 4045 4034 1
73 4099 4088 1
74 15794 15752 1
75 4040 4030 1
76 15812 15773 1
77 15773 15736 1
78 2134 2129 1
79 15801 15766 1
80 15809 15774 1
81 15798 15766 1
82 7981 7965 1
83 7997 7982 1
84 15822 15794 1
85 4061 4054 1
86 15795 15768 1
87 15810 15783 1
88 15768 15743 1
89 31421 31373 1
90 7969 7957 1
91 31450 31403 1
92 15772 15750 1
93 15816 15795 1
94 62692 62611 1
95 62680 62604 1
96 62700 62624 1
97 62685 62613 1
98 31432 31396 1
99 7930 7922 1
100 15815 15751 1
101 31415 31370 1
102 62678 62615 0
103 62695 62633 1
104 62686 62625 0
105 62684 62668 0
106 31442 31444 0
107 62 65 0
108 2143 2141 1
109 62675 62620 0
110 31408 31381 1
111 62660 62612 0
112 31434 31410 0
113 31386 31363 0
114 31393 31371 0
115 15779 15768 0
116 62644 62602 0
117 125185 125105 0
118 31381 31361 0
119 7940 7935 0
120 125197 125124 0
121 31428 31411 0
122 31395 31379 0
123 7998 7995 1
124 4031 4030 0
125 4060 4059 0
126 15760 15757 0
127 15764 15761 0
128 7959 7958 0
129 28 28 0
130 7985 7985 0
131 4092 4093 0
132 4015 4017 0
133 2108 2111 0
134 2114 2121 0
135 87 97 0
136 21 25 0
137 31384 31369 0
138 250194 250135 0
139 500186 500105 0
140 125187 125133 0
141 62682 62653 0
142 125165 125146 0
143 125170 125103 0
144 62641 62622 0
145 125188 125136 0
146 62667 62642 0
147 125189 125140 0
148 125187 125152 0
149 62662 62630 0
150 250190 250106 0
151 125186 125129 0
152 62670 62644 0
153 125186 125151 0
154 125187 125137 0
155 125120 125101 0
156 62658 62637 0
157 125193 125131 0
158 250166 250115 0
159 250155 250117 0
160 31400 31394 0
161 250199 250143 0
162 31365 31351 0
163 31394 31384 0
164 125182 125113 0
165 62655 62640 0
166 62683 62648 0
167 125162 125145 0
168 125123 125108 0
169 500163 500114 0
170 125134 125118 0
171 250133 250110 0
172 125150 125137 0
173 250148 250121 0
174 250177 250143 0
175 250180 250152 0
176 500157 500116 0
177 500145 500102 0
178 62677 62668 0
179 62656 62620 0
180 62610 62601 0
181 500183 500101 0
182 31441 31426 0
183 500197 500114 0
184 125141 125109 0
185 125188 125140 0
186 62655 62630 0
187 31387 31389 0
188 31356 31419 0
189 31381 31421 0
190 31364 31402 0
191 31419 31446 0
192 31382 31421 0
193 31359 31442 0
194 31388 31391 0
195 31368 31369 0
196 31385 31420 0
197 31403 31419 0
198 31370 31380 0
199 62617 62613 0
200 62640 62676 0
201 62605 62640 0
202 15802 15815 0
203 62659 62673 0
204 15744 15746 0
205 15772 15778 0
206 62677 62699 0
207 15776 15821 0
208 15731 15765 0
209 62673 62700 0
210 62625 62628 0
211 62605 62623 0
212 62607 62613 0
213 62650 62669 0
214 62632 62667 0
215 15733 15800 0
216 15748 15757 0
217 15729 15757 0
218 15740 15787 0
219 15764 15802 0
220 62661 62698 0
221 62624 62666 0
222 15798 15815 0
223 15807 15812 0
224 62632 62699 0
225 15743 15812 0
226 15745 15756 0
227 15776 15803 0
228 62644 62689 0
229 15738 15817 0
230 15755 15813 0
231 62634 62634 0
232 15730 15731 0
233 15747 15811 0
234 15750 15772 0
235 15770 15808 0
236 62660 62674 0
237 15735 15819 0
238 125123 125188 0
239 7963 8009 0
240 125128 125149 0
241 125142 125178 0
242 125116 125157 0
243 7922 7989 0
244 125117 125198 0
245 7936 7950 0
246 125151 125164 0
247 125111 125120 0
248 7940 7979 0
249 125114 125161 0
250 125109 125125 0
251 31406 31428 0
252 7939 7974 0
253 125122 125161 0
254 7940 7966 0
255 7972 8008 0
256 125124 125137 0
257 125196 125195 0
258 7950 7978 0
259 7949 7972 0
260 7937 7963 0
261 125138 125161 0
262 7915 7965 0
263 7944 7949 0
264 125105 125186 0
265 7943 7975 0
266 7963 7993 0
267 125109 125184 0
268 125132 125181 0
269 125144 125174 0
270 125168 125188 0
271 7930 7977 0
272 125172 125194 0
273 125172 125176 0
274 7967 7972 0
275 8004 8009 0
276 7936 7991 0
277 7946 7951 0
278 7931 8002 0
279 4023 4091 0
280 250159 250143 0
281 250168 250183 0
282 250181 250162 0
283 250113 250172 0
284 250141 250127 0
285 250174 250156 0
286 250200 250186 0
287 250157 250198 0
288 4022 4075 0
289 250115 250147 0
290 250102 250122 0
291 4067 4078 0
292 4018 4087 0
293 4028 4105 0
294 4024 4076 0
295 4039 4103 0
296 250160 250177 0
297 4008 4105 0
298 250158 250191 0
299 4020 4058 0
300 250151 250175 0
301 250111 250122 0
302 250104 250177 0
303 250148 250190 0
304 4013 4044 0
305 4056 4102 0
306 250177 250197 0
307 4028 4046 0
308 250152 250162 0
309 4034 4087 0
310 250137 250180 0
311 4085 4105 0
312 4069 4083 0
313 31423 31434 0
314 4030 4056 0
315 250156 250154 0
316 31372 31433 0
317 4021 4088 0
318 4011 4061 0
319 2093 2131 0
320 250163 250156 0
321 250186 250200 0
322 2142 2152 0
323 250124 250141 0
324 2065 2132 0
325 250121 250121 0
326 250198 250181 0
327 250162 250190 0
328 250112 250152 0
329 250140 250186 0
330 2075 2129 0
331 250124 250200 0
332 250177 250193 0
333 250114 250160 0
334 2099 2145 0
335 500113 500126 0
336 500126 500187 0
337 2118 2147 0
338 500107 500170 0
339 500116 500113 0
340 2081 2118 0
341 500172 500151 0
342 31403 31446 0
343 500130 500155 0
344 500153 500187 0
345 500139 500197 0
346 500113 500137 0
347 500105 500193 0
348 2110 2127 0
349 2089 2118 0
350 500136 500178 0
351 500135 500153 0
352 500189 500148 0
353 2081 2091 0
354 2126 2140 0
355 2056 2138 0
356 500126 500122 0
357 500173 500160 0
358 31361 31442 0
359 11 54 0
360 39 70 0
361 500146 500117 0
362 38 91 0
363 500173 500178 0
364 500135 500170 0
365 500112 500168 0
366 31375 31417 0
367 500137 500183 0
368 500171 500133 0
369 1 41 0
370 17 67 0
371 40 94 0
372 59 85 0
373 500168 500135 0
374 31412 31444 0
375 500189 500169 0
376 500101 500134 0
377 11 81 0
378 39 58 0
379 500157 500158 0
380 500144 500134 0
381 28 59 0
382 500165 500139 0
383 500172 500146 0
384 31395 31437 0
385 500135 500144 0
386 500104 500181 0
387 500162 500141 0
388 6 96 0
389 500194 500179 0
390 33 68 0
391 13 40 0
392 16 43 0
393 500190 500170 0
394 500152 500189 0
395 12 74 0
396 68 88 0
397 5 18 0
398 31379 31447 0
399 31351 31404 0
--------------
1000000 :c
1004123 :sum(p)
999999 :sum(w)
