400 :n
id p,w,x
--------------
0 2119 2068 1
1 2143 2079 1
2 86 16 1
3 71 46 1
4 38 18 1
5 2153 2076 1
6 78 33 1
7 49 16 1
8 95 74 1
9 2126 2057 1
10 33 10 1
11 63 37 1
12 85 9 1
13 96 43 1
14 81 8 1
15 83 62 1
16 2102 2068 1
17 2137 2097 1
18 89 66 1
19 80 26 1
20 2152 2090 1
21 87 35 1
22 76 5 1
23 2140 2081 1
24 4104 4041 1
25 4089 4009 1
26 2147 2116 1
27 2144 2084 1
28 4099 4015 1
29 2107 2060 1
30 4072 4019 1
31 4084 4011 1
32 4096 4026 1
33 4088 4039 1
34 8001 7947 1
35 4073 4027 1
36 7972 7915 1
37 7971 7942 1
38 7992 7963 1
39 15784 15732 1
40 15822 15775 1
41 31426 31358 1
42 2153 2131 1
43 8011 7967 1
44 4102 4068 1
45 7952 7929 1
46 4084 4032 1
47 4047 4012 1
48 15812 15775 1
49 4075 4026 1
50 7990 7937 1
51 8010 7977 1
52 15801 15745 1
53 4072 4050 1
54 15805 15740 1
55 7988 7932 1
56 7964 7925 1
57 4096 4063 1
58 4065 4024 1
59 4071 4043 1
60 7964 7924 1
61 7993 7922 1
62 15800 15762 1
63 4103 4074 1
64 13 7 1
65 79 70 1
66 57 51 1
67 80 74 1
68 46 44 0
69 2119 2101 1
70 2111 2094 1
71 2097 2081 1
72 2095 2081 1
73 2095 2081 1
74 2120 2106 1
75 2101 2088 1
76 4044 4024 1
77 2102 2092 1
78 4094 4084 1
79 4102 4093 1
80 7944 7927 1
81 31441 31375 1
82 31447 31388 1
83 4025 4019 1
84 31406 31361 1
85 31424 31382 1
86 62691 62608 1
87 7951 7941 1
88 62693 62617 1
89 62672 62603 1
90 15780 15764 1
91 62700 62638 1
92 31412 31381 1
93 4080 4076 1
94 2079 2077 1
95 15790 15776 1
96 31392 31367 1
97 89 29 1
98 15772 15730 1
99 7943 7913 1
100 125199 125101 0
101 15808 15796 0
102 4050 4047 1
103 125199 125160 0
104 8012 8011 0
105 500178 500154 0
106 62652 62606 1
107 62666 62620 0
108 31438 31415 1
109 31417 31395 0
110 15787 15781 0
111 15764 15753 0
112 62693 62650 0
113 31408 31387 0
114 31421 31400 1
115 31399 31379 0
116 31442 31422 0
117 125185 125109 0
118 31417 31398 0
119 62649 62612 0
120 62662 62626 0
121 62695 62659 0
122 31424 31406 0
123 62655 62620 0
124 62662 62631 0
125 4078 4076 1
126 62654 62624 0
127 31370 31355 0
128 31369 31355 0
129 62649 62622 0
130 15774 15770 0
131 31395 31392 0
132 7925 7925 0
133 2100 2100 1
134 15822 15824 0
135 15770 15773 0
136 15756 15759 0
137 15743 15746 0
138 15740 15745 0
139 7940 7943 0
140 15752 15759 0
141 15746 15753 0
142 7968 7972 0
143 8000 8005 0
144 4032 4035 0
145 4087 4092 0
146 7923 7933 0
147 7990 8001 0
148 7956 7967 0
149 7975 7988 0
150 7916 7930 0
151 2067 2071 0
152 4083 4094 0
153 2087 2101 0
154 2068 2086 0
155 43 44 0
156 30 31 0
157 77 89 0
158 26 32 0
159 48 62 0
160 58 77 0
161 1 16 0
162 31374 31391 0
163 31403 31428 0
164 31357 31360 0
165 125155 125113 0
166 31443 31450 0
167 62626 62694 0
168 62679 62673 0
169 31409 31433 0
170 31355 31378 0
171 62657 62656 0
172 31365 31370 0
173 62602 62667 0
174 62663 62695 0
175 31410 31421 0
176 31383 31449 0
177 31429 31441 0
178 125173 125101 0
179 31402 31417 0
180 125194 125158 0
181 31395 31409 0
182 31382 31448 0
183 125142 125190 0
184 125129 125119 0
185 31430 31449 0
186 31416 31419 0
187 62636 62695 0
188 125160 125115 0
189 125115 125196 0
190 31357 31440 0
191 31378 31395 0
192 31356 31381 0
193 31352 31395 0
194 31366 31379 0
195 31414 31428 0
196 125142 125186 0
197 31374 31393 0
198 125133 125124 0
199 125169 125184 0
200 62609 62676 0
201 15749 15764 0
202 125194 125171 0
203 15785 15801 0
204 15743 15757 0
205 15764 15777 0
206 15727 15809 0
207 125113 125183 0
208 15762 15783 0
209 125161 125153 0
210 62691 62686 0
211 62639 62676 0
212 15728 15769 0
213 15748 15805 0
214 15762 15812 0
215 15745 15788 0
216 125127 125157 0
217 62602 62603 0
218 62601 62675 0
219 125111 125193 0
220 125173 125155 0
221 15734 15776 0
222 62627 62615 0
223 15748 15793 0
224 125156 125157 0
225 125136 125125 0
226 125162 125184 0
227 125167 125147 0
228 15751 15813 0
229 15758 15808 0
230 15795 15810 0
231 15757 15778 0
232 15757 15797 0
233 125196 125195 0
234 15801 15821 0
235 15807 15822 0
236 125150 125162 0
237 15730 15775 0
238 125136 125189 0
239 125194 125190 0
240 7987 8007 0
241 62625 62602 0
242 7920 8011 0
243 250150 250115 0
244 250133 250150 0
245 7988 8009 0
246 125124 125182 0
247 7917 8003 0
248 7924 7993 0
249 250129 250192 0
250 7915 7937 0
251 250148 250105 0
252 250156 250154 0
253 250126 250163 0
254 62678 62683 0
255 62662 62655 0
256 250196 250116 0
257 125159 125108 0
258 7932 8004 0
259 250139 250148 0
260 62662 62679 0
261 7925 7973 0
262 7925 7950 0
263 250123 250168 0
264 62606 62692 0
265 250110 250111 0
266 7978 7996 0
267 250170 250140 0
268 62630 62612 0
269 62681 62657 0
270 250103 250176 0
271 7940 7993 0
272 7980 8005 0
273 7924 7967 0
274 62609 62611 0
275 250127 250123 0
276 7923 7950 0
277 7917 7943 0
278 250111 250147 0
279 125122 125101 0
280 62698 62693 0
281 250195 250197 0
282 250157 250116 0
283 4011 4069 0
284 250123 250196 0
285 250181 250146 0
286 4064 4086 0
287 62637 62628 0
288 250133 250131 0
289 250135 250146 0
290 250101 250181 0
291 250124 250190 0
292 4078 4100 0
293 62602 62678 0
294 250162 250184 0
295 4014 4072 0
296 4031 4064 0
297 250132 250128 0
298 250146 250151 0
299 250115 250162 0
300 250145 250165 0
301 250159 250147 0
302 250126 250121 0
303 250150 250184 0
304 250145 250142 0
305 4054 4089 0
306 250178 250119 0
307 4044 4091 0
308 4021 4081 0
309 4064 4103 0
310 250114 250198 0
311 250164 250113 0
312 4036 4085 0
313 4033 4077 0
314 250180 250183 0
315 4054 4099 0
316 250197 250110 0
317 250104 250143 0
318 4040 4085 0
319 2122 2144 0
320 250156 250133 0
321 2096 2133 0
322 250177 250165 0
323 250161 250193 0
324 500171 500102 0
325 62632 62621 0
326 500185 500178 0
327 500161 500173 0
328 500185 500130 0
329 500148 500152 0
330 2054 2150 0
331 62613 62646 0
332 2078 2129 0
333 2057 2140 0
334 2074 2105 0
335 500102 500148 0
336 500173 500172 0
337 2058 2099 0
338 2056 2121 0
339 500198 500154 0
340 500143 500151 0
341 500115 500117 0
342 500149 500160 0
343 62641 62650 0
344 2059 2121 0
345 2124 2151 0
346 2060 2152 0
347 2060 2086 0
348 500110 500186 0
349 500158 500102 0
350 500190 500135 0
351 500153 500124 0
352 500110 500179 0
353 500146 500148 0
354 2081 2131 0
355 2116 2150 0
356 2061 2124 0
357 125113 125155 0
358 500112 500113 0
359 500130 500127 0
360 125109 125165 0
361 26 56 0
362 500151 500109 0
363 500195 500133 0
364 500108 500114 0
365 125115 125100 0
366 500110 500116 0
367 33 92 0
368 500176 500196 0
369 500131 500200 0
370 500126 500121 0
371 13 97 0
372 125169 125156 0
373 25 52 0
374 500178 500160 0
375 500123 500113 0
376 500108 500171 0
377 125127 125154 0
378 125148 125193 0
379 125161 125198 0
380 17 75 0
381 500178 500137 0
382 59 96 0
383 4 37 0
384 12 80 0
385 125116 125179 0
386 500191 500105 0
387 9 70 0
388 500103 500182 0
389 500169 500190 0
390 500103 500187 0
391 19 48 0
392 500113 500168 0
393 43 71 0
394 500161 500166 0
395 500186 500135 0
396 500189 500178 0
397 500136 500170 0
398 125103 125181 0
399 125159 125198 0
--------------
1000000 :c
1004070 :sum(p)
1000000 :sum(w)
