400 :n
id p,w,x
--------------
0 8002 7920 1
1 31445 31364 1
2 98 3 1
3 7991 7926 1
4 51 25 1
5 73 44 1
6 4066 4023 1
7 4052 4017 1
8 4064 4014 1
9 50 19 1
10 76 42 1
11 4085 4055 1
12 4074 4022 1
13 4087 4054 1
14 59 3 1
15 7998 7951 1
16 90 13 1
17 7976 7940 1
18 99 74 1
19 4100 4012 1
20 2143 2107 1
21 2124 2077 1
22 2103 2075 1
23 4079 4013 1
24 7980 7915 1
25 2137 2061 1
26 4100 4035 1
27 2147 2097 1
28 4098 4060 1
29 2135 2097 1
30 15787 15736 1
31 15802 15735 1
32 2111 2080 1
33 15791 15737 1
34 4074 4015 1
35 2152 2124 1
36 2146 2056 1
37 2123 2083 1
38 7968 7930 1
39 2143 2107 1
40 2110 2077 1
41 7993 7921 1
42 15822 15770 1
43 15817 15774 1
44 15809 15749 1
45 7996 7918 1
46 8002 7967 1
47 4100 4033 1
48 7995 7924 1
49 4076 4018 1
50 8004 7952 1
51 7994 7913 1
52 20 1 1
53 55 34 1
54 42 29 1
55 76 59 1
56 87 74 1
57 70 60 1
58 61 55 1
59 57 52 1
60 75 72 1
61 40 39 1
62 2139 2117 1
63 2076 2055 1
64 2136 2115 1
65 2134 2114 1
66 2080 2062 1
67 2103 2087 1
68 2069 2054 1
69 4040 4015 1
70 2109 2096 1
71 4048 4024 1
72 2102 2091 1
73 2126 2116 1
74 8009 7978 1
75 2067 2059 1
76 7975 7945 1
77 2127 2119 1
78 4054 4040 1
79 7973 7950 1
80 31440 31367 1
81 31432 31360 1
82 4056 4047 0
83 15820 15785 1
84 4089 4080 0
85 31443 31374 1
86 31449 31380 1
87 15819 15785 1
88 7961 7944 1
89 15808 15775 1
90 7988 7972 1
91 4077 4069 1
92 15800 15771 1
93 15786 15759 1
94 31406 31353 1
95 31409 31356 1
96 15822 15796 1
97 4045 4034 0
98 31408 31357 1
99 31403 31353 1
100 7984 7972 0
101 31401 31359 1
102 15782 15762 0
103 62695 62619 1
104 15815 15748 1
105 7957 7920 1
106 62680 62607 1
107 62686 62613 1
108 62681 62631 0
109 62698 62649 0
110 31443 31431 0
111 16 56 0
112 15792 15774 0
113 31421 31386 1
114 62681 62618 0
115 2056 2054 0
116 62666 62606 0
117 15777 15763 0
118 8003 8012 0
119 15822 15808 0
120 62669 62617 0
121 62686 62639 0
122 31386 31364 0
123 31405 31383 0
124 31422 31400 0
125 31435 31413 0
126 15804 15793 0
127 62694 62651 0
128 31409 31389 0
129 31431 31411 0
130 7938 7933 0
131 31389 31372 0
132 62642 62609 0
133 7948 7944 0
134 62675 62644 0
135 31404 31389 0
136 2141 2140 0
137 15739 15732 0
138 62675 62651 0
139 31391 31381 0
140 15744 15739 0
141 62657 62639 0
142 4039 4038 0
143 4102 4101 0
144 7954 7953 0
145 4023 4023 0
146 53 53 0
147 2079 2080 0
148 7995 8000 0
149 7963 7969 0
150 7920 7929 0
151 7982 7992 0
152 4042 4048 0
153 2146 2151 0
154 4016 4026 0
155 4081 4093 0
156 4021 4033 0
157 4088 4101 0
158 4083 4100 0
159 2108 2117 0
160 2061 2080 0
161 96 97 0
162 71 76 0
163 44 50 0
164 27 31 0
165 63 79 0
166 46 58 0
167 47 60 0
168 68 88 0
169 30 39 0
170 39 57 0
171 41 62 0
172 62632 62621 0
173 500185 500128 0
174 500190 500110 0
175 250178 250111 0
176 125181 125103 0
177 250184 250110 0
178 125197 125158 0
179 125179 125142 0
180 125192 125111 0
181 125165 125106 0
182 250184 250120 0
183 125192 125124 0
184 125168 125135 0
185 125196 125142 0
186 125152 125121 0
187 250153 250119 0
188 250193 250146 0
189 250181 250147 0
190 250191 250162 0
191 125151 125133 0
192 500199 500140 0
193 250181 250121 0
194 125182 125153 0
195 125165 125136 0
196 62697 62682 0
197 250194 250138 0
198 500193 500130 0
199 125120 125100 0
200 125147 125124 0
201 125182 125162 0
202 62647 62661 0
203 15732 15762 0
204 62626 62624 0
205 62642 62639 0
206 15777 15805 0
207 15762 15816 0
208 62623 62665 0
209 62657 62669 0
210 62643 62670 0
211 15800 15823 0
212 62605 62680 0
213 15749 15791 0
214 62644 62644 0
215 15758 15795 0
216 62634 62653 0
217 62601 62697 0
218 62693 62699 0
219 15730 15748 0
220 15739 15784 0
221 15730 15789 0
222 15746 15774 0
223 62654 62682 0
224 62601 62670 0
225 15735 15793 0
226 62630 62689 0
227 125114 125131 0
228 15772 15812 0
229 15771 15794 0
230 15776 15798 0
231 15750 15823 0
232 125100 125133 0
233 15727 15821 0
234 15732 15815 0
235 125175 125172 0
236 15793 15825 0
237 15731 15792 0
238 125107 125181 0
239 125170 125187 0
240 31390 31408 0
241 125118 125153 0
242 7924 7948 0
243 125159 125169 0
244 125130 125139 0
245 125185 125176 0
246 125177 125193 0
247 125158 125151 0
248 125151 125175 0
249 7974 8002 0
250 125118 125117 0
251 62668 62666 0
252 125120 125115 0
253 15774 15792 0
254 62613 62655 0
255 125159 125178 0
256 125173 125185 0
257 7947 8007 0
258 125114 125100 0
259 125126 125161 0
260 125138 125195 0
261 7925 7984 0
262 125119 125176 0
263 7967 7995 0
264 125151 125197 0
265 125120 125151 0
266 7913 7941 0
267 125150 125192 0
268 7925 7944 0
269 7932 7995 0
270 7916 7959 0
271 7969 7997 0
272 62621 62696 0
273 7940 8008 0
274 125176 125179 0
275 7942 7981 0
276 125158 125177 0
277 250117 250165 0
278 7949 7999 0
279 4054 4076 0
280 62633 62626 0
281 31355 31429 0
282 250181 250181 0
283 250177 250151 0
284 250154 250150 0
285 250190 250172 0
286 250112 250140 0
287 4054 4096 0
288 4029 4091 0
289 250124 250156 0
290 250131 250181 0
291 250164 250187 0
292 250167 250198 0
293 4012 4037 0
294 4022 4099 0
295 250195 250176 0
296 250121 250154 0
297 31383 31441 0
298 250173 250192 0
299 4044 4080 0
300 250112 250158 0
301 31380 31388 0
302 250125 250144 0
303 4060 4084 0
304 250105 250179 0
305 250115 250180 0
306 250141 250197 0
307 250199 250190 0
308 4030 4072 0
309 250113 250151 0
310 250109 250101 0
311 250159 250191 0
312 31357 31357 0
313 4028 4070 0
314 4049 4091 0
315 62614 62672 0
316 250135 250120 0
317 4012 4051 0
318 62625 62677 0
319 250114 250127 0
320 250113 250194 0
321 2057 2081 0
322 250119 250185 0
323 250132 250113 0
324 250162 250168 0
325 250118 250136 0
326 250127 250101 0
327 250113 250169 0
328 2083 2105 0
329 2066 2106 0
330 2069 2123 0
331 500104 500119 0
332 500142 500130 0
333 31425 31437 0
334 500174 500127 0
335 500130 500171 0
336 500143 500131 0
337 500185 500144 0
338 2085 2137 0
339 500103 500136 0
340 62625 62668 0
341 31385 31416 0
342 500158 500128 0
343 500175 500195 0
344 2110 2141 0
345 500107 500129 0
346 500108 500164 0
347 500127 500127 0
348 500115 500167 0
349 62623 62700 0
350 500189 500196 0
351 2057 2105 0
352 500197 500165 0
353 2081 2112 0
354 2082 2127 0
355 500105 500123 0
356 500126 500129 0
357 2061 2093 0
358 500115 500155 0
359 500105 500107 0
360 500146 500114 0
361 9 41 0
362 31395 31408 0
363 500143 500102 0
364 500154 500140 0
365 500164 500189 0
366 500196 500177 0
367 500129 500145 0
368 62668 62678 0
369 31424 31433 0
370 31359 31433 0
371 500177 500132 0
372 62684 62686 0
373 33 70 0
374 3 44 0
375 500110 500116 0
376 31367 31373 0
377 31428 31442 0
378 31361 31395 0
379 500152 500149 0
380 500182 500188 0
381 18 42 0
382 500145 500136 0
383 500154 500128 0
384 31353 31433 0
385 4 29 0
386 26 87 0
387 31401 31403 0
388 500184 500135 0
389 27 52 0
390 31365 31442 0
391 500187 500189 0
392 500146 500172 0
393 31 93 0
394 500130 500136 0
395 31355 31442 0
396 14 72 0
397 500120 500126 0
398 31377 31398 0
399 31408 31413 0
--------------
1000000 :c
1004273 :sum(p)
999997 :sum(w)
