400 :n
id p,w,x
--------------
0 4090 4013 1
1 4102 4057 1
2 84 12 1
3 15792 15727 1
4 99 62 1
5 15818 15730 1
6 15779 15731 1
7 90 44 1
8 4045 4018 1
9 15796 15739 1
10 2122 2092 1
11 97 71 1
12 4098 4049 1
13 2136 2058 1
14 15814 15760 1
15 8005 7964 1
16 64 7 1
17 98 27 1
18 4086 4045 1
19 2138 2096 1
20 7995 7942 1
21 4079 4053 1
22 2127 2077 1
23 7965 7913 1
24 69 34 1
25 4076 4014 1
26 8002 7934 1
27 7962 7925 1
28 7984 7929 1
29 74 23 1
30 2102 2071 1
31 4100 4071 1
32 7988 7949 1
33 7969 7922 1
34 7997 7936 1
35 4071 4035 1
36 7986 7924 1
37 7962 7928 1
38 71 40 1
39 2134 2074 1
40 7971 7940 1
41 76 47 1
42 2152 2064 1
43 4101 4059 1
44 7999 7939 1
45 2125 2065 1
46 2086 2059 1
47 4105 4025 1
48 2116 2091 1
49 2136 2062 1
50 2083 2055 1
51 4055 4011 1
52 4102 4040 1
53 15789 15743 1
54 4100 4045 1
55 21 6 1
56 41 21 1
57 52 36 1
58 80 61 1
59 85 65 1
60 81 65 1
61 87 79 1
62 49 46 1
63 34 33 1
64 2141 2118 1
65 2078 2057 1
66 2096 2076 1
67 2103 2084 1
68 2110 2095 1
69 4079 4054 1
70 4081 4056 1
71 4071 4051 1
72 4025 4008 0
73 4040 4023 1
74 4064 4049 1
75 7985 7956 1
76 7978 7952 1
77 7946 7922 1
78 2060 2054 1
79 15818 15772 1
80 7979 7957 1
81 8004 7984 1
82 4080 4070 1
83 15810 15772 1
84 15784 15748 1
85 31448 31377 1
86 7948 7931 1
87 15816 15784 1
88 31416 31355 1
89 2074 2070 0
90 7927 7913 1
91 4086 4079 0
92 15779 15752 1
93 15800 15773 1
94 15801 15774 1
95 31409 31356 1
96 15777 15752 1
97 31410 31361 1
98 62698 62608 1
99 15797 15775 1
100 31403 31360 1
101 31429 31387 1
102 31412 31375 1
103 31426 31390 1
104 34 25 1
105 62682 62606 1
106 15777 15730 1
107 31420 31385 1
108 62696 62628 1
109 31427 31395 0
110 62700 62639 0
111 31446 31437 0
112 15796 15809 0
113 62678 62615 0
114 4029 4025 0
115 62689 62631 0
116 31382 31353 0
117 62677 62624 0
118 15822 15809 0
119 15810 15800 0
120 15824 15812 0
121 125198 125118 0
122 31418 31398 0
123 62700 62662 0
124 62643 62610 0
125 125181 125117 0
126 31426 31410 0
127 7962 7958 0
128 62656 62625 0
129 62674 62643 0
130 31374 31360 0
131 125161 125108 0
132 125186 125140 0
133 62644 62621 0
134 250195 250105 0
135 125188 125143 0
136 62684 62664 0
137 31387 31377 0
138 31414 31404 0
139 125194 125156 0
140 62663 62644 0
141 4104 4104 0
142 15740 15741 0
143 15734 15735 0
144 7972 7973 0
145 7950 7953 0
146 7957 7962 0
147 7939 7945 0
148 7938 7944 0
149 2133 2135 0
150 4031 4036 0
151 7928 7938 0
152 7954 7965 0
153 2058 2063 0
154 4085 4095 0
155 4089 4101 0
156 4091 4104 0
157 2095 2106 0
158 2136 2148 0
159 2074 2087 0
160 2093 2109 0
161 89 92 0
162 86 89 0
163 86 92 0
164 81 98 0
165 69 88 0
166 45 64 0
167 26 42 0
168 22 39 0
169 31361 31353 0
170 250190 250128 0
171 250199 250138 0
172 125164 125143 0
173 250188 250123 0
174 125137 125115 0
175 250196 250137 0
176 125173 125158 0
177 500175 500102 0
178 250142 250103 0
179 250182 250139 0
180 125163 125133 0
181 62665 62648 0
182 500173 500117 0
183 500166 500104 0
184 62657 62656 0
185 500190 500180 0
186 500150 500123 0
187 500146 500116 0
188 500166 500154 0
189 500144 500111 0
190 500138 500119 0
191 250196 250193 0
192 250162 250148 0
193 500161 500149 0
194 125181 125177 0
195 500190 500184 0
196 250121 250117 0
197 250185 250172 0
198 250152 250148 0
199 500146 500134 0
200 125167 125165 0
201 500178 500148 0
202 500193 500190 0
203 62646 62637 0
204 62620 62603 0
205 62649 62642 0
206 500198 500128 0
207 62675 62665 0
208 62629 62617 0
209 250163 250133 0
210 500163 500123 0
211 125185 125159 0
212 125113 125101 0
213 125162 125141 0
214 500175 500130 0
215 500168 500116 0
216 500185 500101 0
217 125140 125107 0
218 62686 62674 0
219 125144 125112 0
220 125149 125122 0
221 31367 31363 0
222 250164 250107 0
223 31384 31376 0
224 500189 500128 0
225 250173 250135 0
226 125124 125107 0
227 250167 250147 0
228 500189 500127 0
229 125156 125133 0
230 15778 15801 0
231 15759 15789 0
232 31356 31397 0
233 31368 31387 0
234 31359 31444 0
235 31372 31381 0
236 31360 31364 0
237 31366 31368 0
238 31365 31412 0
239 7980 8008 0
240 7927 7974 0
241 31355 31449 0
242 31361 31429 0
243 31368 31408 0
244 62673 62680 0
245 7944 7971 0
246 62605 62685 0
247 62655 62665 0
248 15752 15805 0
249 62627 62687 0
250 31388 31399 0
251 31375 31395 0
252 62674 62698 0
253 7937 7994 0
254 15761 15815 0
255 7962 7990 0
256 62632 62663 0
257 31392 31441 0
258 7974 8008 0
259 62664 62677 0
260 7942 7988 0
261 62609 62620 0
262 7928 7973 0
263 7915 7988 0
264 62622 62657 0
265 62612 62620 0
266 62607 62680 0
267 62622 62664 0
268 15796 15806 0
269 7983 7997 0
270 62617 62664 0
271 31379 31411 0
272 62603 62689 0
273 62619 62625 0
274 62631 62699 0
275 62647 62685 0
276 7958 7997 0
277 7918 7946 0
278 62622 62678 0
279 125102 125168 0
280 125112 125165 0
281 125111 125179 0
282 125123 125183 0
283 4016 4063 0
284 4044 4063 0
285 125151 125194 0
286 125156 125177 0
287 125134 125199 0
288 4007 4082 0
289 4059 4103 0
290 125105 125181 0
291 4010 4104 0
292 31362 31400 0
293 125114 125196 0
294 4008 4055 0
295 125122 125198 0
296 125134 125194 0
297 4051 4078 0
298 125191 125196 0
299 4081 4105 0
300 4016 4095 0
301 125127 125159 0
302 125156 125184 0
303 15786 15813 0
304 125131 125162 0
305 125177 125184 0
306 125165 125166 0
307 4035 4102 0
308 125140 125193 0
309 15741 15769 0
310 4010 4083 0
311 4012 4085 0
312 125178 125190 0
313 125132 125198 0
314 250116 250150 0
315 250153 250199 0
316 250140 250158 0
317 250127 250144 0
318 31379 31415 0
319 250163 250163 0
320 2059 2117 0
321 250140 250159 0
322 250177 250188 0
323 250175 250177 0
324 250158 250195 0
325 250123 250139 0
326 2065 2138 0
327 2065 2109 0
328 2090 2117 0
329 250139 250175 0
330 2078 2129 0
331 15748 15807 0
332 2079 2146 0
333 2071 2120 0
334 31354 31373 0
335 2100 2138 0
336 2070 2111 0
337 2086 2131 0
338 250119 250156 0
339 250101 250119 0
340 2081 2152 0
341 250163 250189 0
342 250122 250187 0
343 250112 250193 0
344 250115 250171 0
345 2106 2150 0
346 31370 31379 0
347 31414 31437 0
348 250102 250111 0
349 15755 15792 0
350 2080 2107 0
351 250132 250170 0
352 2081 2124 0
353 31374 31426 0
354 250111 250188 0
355 250166 250199 0
356 250118 250148 0
357 2073 2093 0
358 250170 250187 0
359 250148 250173 0
360 18 98 0
361 14 84 0
362 15739 15795 0
363 500150 500162 0
364 40 78 0
365 500179 500195 0
366 7 69 0
367 500104 500181 0
368 15747 15757 0
369 500115 500182 0
370 18 49 0
371 500151 500197 0
372 15766 15774 0
373 500116 500126 0
374 15805 15819 0
375 500186 500193 0
376 20 93 0
377 15732 15741 0
378 15739 15744 0
379 500148 500169 0
380 500121 500127 0
381 500168 500168 0
382 500105 500119 0
383 500137 500137 0
384 53 93 0
385 500122 500122 0
386 500117 500123 0
387 7 51 0
388 500162 500172 0
389 500118 500123 0
390 500120 500120 0
391 14 57 0
392 500143 500160 0
393 21 56 0
394 500167 500177 0
395 69 96 0
396 18 87 0
397 15765 15801 0
398 15784 15814 0
399 15749 15818 0
--------------
1000000 :c
1004204 :sum(p)
1000000 :sum(w)
