400 :n
id p,w,x
--------------
0 15817 15729 1
1 15803 15730 1
2 7987 7922 1
3 8010 7922 1
4 7995 7925 1
5 84 38 1
6 78 5 1
7 7990 7932 1
8 62 14 1
9 8004 7946 1
10 97 9 1
11 60 1 1
12 51 3 1
13 4102 4029 1
14 4094 4027 1
15 4090 4011 1
16 2124 2069 1
17 2127 2054 1
18 4083 4011 1
19 2150 2063 1
20 4087 4020 1
21 4076 4023 1
22 2152 2074 1
23 2149 2080 1
24 4075 4012 1
25 66 32 1
26 82 42 1
27 91 53 1
28 29 18 1
29 47 32 1
30 74 54 1
31 92 72 1
32 47 41 1
33 2097 2054 1
34 2090 2062 1
35 4090 4044 1
36 4077 4036 1
37 4074 4035 1
38 4095 4058 1
39 2100 2082 1
40 4045 4013 1
41 4040 4012 1
42 4092 4064 1
43 7989 7942 1
44 4084 4061 1
45 8007 7967 1
46 4061 4043 1
47 7964 7930 1
48 7977 7943 1
49 7974 7942 1
50 15794 15731 1
51 15790 15728 1
52 7962 7931 1
53 7948 7918 1
54 7954 7924 1
55 4067 4053 1
56 15817 15765 1
57 4102 4090 1
58 15820 15774 1
59 31444 31354 1
60 15813 15768 1
61 31443 31359 1
62 31443 31359 1
63 15787 15745 1
64 31443 31361 1
65 4036 4026 1
66 2082 2077 1
67 31431 31358 1
68 31429 31357 1
69 62699 62603 1
70 48 38 1
71 31425 31361 1
72 31437 31377 1
73 15761 15731 1
74 62697 62601 1
75 31448 31394 1
76 62700 62607 1
77 7930 7916 1
78 15791 15766 1
79 15793 15769 0
80 15812 15788 1
81 15768 15745 1
82 2057 2054 1
83 15812 15789 1
84 7959 7941 1
85 31422 31372 1
86 15763 15742 0
87 62688 62605 0
88 62689 62606 0
89 31441 31421 0
90 31441 31436 0
91 15779 15769 0
92 62700 62620 1
93 7959 7949 1
94 31440 31402 0
95 31425 31388 0
96 2116 2114 1
97 7933 7931 0
98 31392 31362 0
99 62699 62635 0
100 62699 62641 0
101 31382 31353 0
102 62659 62602 0
103 62675 62618 0
104 125197 125100 0
105 62682 62636 0
106 15793 15809 0
107 62685 62620 0
108 31408 31392 0
109 62650 62620 0
110 31424 31410 0
111 31390 31377 0
112 31399 31386 0
113 62670 62646 0
114 31396 31384 0
115 15809 15803 0
116 62689 62666 0
117 62648 62627 0
118 31426 31418 0
119 15778 15775 0
120 31378 31375 0
121 2107 2107 1
122 2074 2074 1
123 15760 15760 0
124 15760 15762 0
125 15746 15751 0
126 15726 15731 0
127 7979 7986 0
128 7982 7991 0
129 7919 7929 0
130 7982 7993 0
131 4065 4071 0
132 4039 4046 0
133 7995 8010 0
134 2102 2106 0
135 4018 4027 0
136 4024 4034 0
137 4030 4041 0
138 2076 2082 0
139 4029 4041 0
140 2124 2131 0
141 4030 4044 0
142 4035 4056 0
143 2054 2067 0
144 2087 2102 0
145 2126 2143 0
146 2131 2152 0
147 2115 2136 0
148 2115 2136 0
149 2054 2076 0
150 93 94 1
151 2094 2118 0
152 46 47 0
153 68 70 0
154 90 93 0
155 47 50 0
156 84 90 0
157 80 99 0
158 56 78 0
159 39 55 0
160 39 57 0
161 54 82 0
162 24 41 0
163 9 27 0
164 250147 250142 0
165 500150 500144 0
166 250122 250111 0
167 250199 250189 0
168 250190 250184 0
169 125156 125142 0
170 125123 125120 0
171 250183 250173 0
172 125187 125176 0
173 500134 500113 0
174 250197 250127 0
175 62677 62663 0
176 250181 250137 0
177 500159 500160 0
178 500119 500115 0
179 500196 500196 0
180 62609 62610 0
181 500182 500185 0
182 250140 250142 0
183 500195 500199 0
184 250178 250177 0
185 250153 250159 0
186 500181 500188 0
187 250114 250116 0
188 500181 500177 0
189 125133 125135 0
190 125195 125199 0
191 125158 125159 0
192 500106 500109 0
193 250173 250179 0
194 500165 500170 0
195 250101 250103 0
196 250176 250178 0
197 500127 500148 0
198 500173 500198 0
199 500166 500183 0
200 500122 500147 0
201 500124 500142 0
202 500108 500144 0
203 500151 500179 0
204 62642 62646 0
205 500132 500149 0
206 500109 500130 0
207 500108 500134 0
208 500139 500168 0
209 125120 125127 0
210 500118 500144 0
211 250113 250126 0
212 500152 500184 0
213 250153 250172 0
214 250123 250132 0
215 62678 62664 0
216 125148 125115 0
217 125190 125120 0
218 125167 125132 0
219 125157 125116 0
220 125181 125150 0
221 125173 125136 0
222 125189 125143 0
223 125187 125124 0
224 500182 500107 0
225 250178 250103 0
226 125147 125124 0
227 125190 125112 0
228 125179 125110 0
229 125195 125124 0
230 250198 250108 0
231 125170 125143 0
232 250174 250121 0
233 500174 500129 0
234 62670 62665 0
235 250183 250157 0
236 62674 62665 0
237 500174 500134 0
238 500137 500131 0
239 250199 250178 0
240 250109 250102 0
241 250151 250122 0
242 125197 125193 0
243 500197 500155 0
244 125173 125157 0
245 500181 500118 0
246 500147 500121 0
247 250141 250123 0
248 250141 250108 0
249 250157 250131 0
250 250199 250183 0
251 250124 250109 0
252 250130 250115 0
253 125197 125194 0
254 500195 500158 0
255 7926 8005 0
256 7935 7974 0
257 31414 31419 0
258 31428 31443 0
259 31351 31396 0
260 7979 8005 0
261 7926 7991 0
262 250117 250136 0
263 7944 8008 0
264 250114 250161 0
265 31353 31362 0
266 7922 8010 0
267 31369 31412 0
268 7915 7941 0
269 7961 7984 0
270 7959 7984 0
271 7933 7991 0
272 7950 8003 0
273 31372 31436 0
274 31382 31396 0
275 7914 7957 0
276 31384 31426 0
277 31416 31445 0
278 62604 62647 0
279 250116 250174 0
280 500106 500167 0
281 62634 62684 0
282 500120 500178 0
283 7980 8011 0
284 4017 4067 0
285 62601 62691 0
286 62667 62676 0
287 4010 4058 0
288 4026 4052 0
289 500142 500188 0
290 7929 8012 0
291 7936 8003 0
292 4009 4091 0
293 500151 500195 0
294 4022 4074 0
295 62639 62672 0
296 4014 4047 0
297 4020 4089 0
298 62606 62695 0
299 62632 62658 0
300 4022 4103 0
301 4011 4052 0
302 62610 62687 0
303 62615 62684 0
304 4050 4083 0
305 62636 62688 0
306 250169 250199 0
307 31363 31403 0
308 62637 62680 0
309 250138 250197 0
310 31352 31413 0
311 62611 62628 0
312 4012 4050 0
313 7947 7971 0
314 4012 4081 0
315 62626 62632 0
316 62661 62669 0
317 4019 4045 0
318 62608 62686 0
319 500121 500182 0
320 62606 62662 0
321 62637 62644 0
322 2062 2092 0
323 2112 2149 0
324 7941 7994 0
325 2099 2136 0
326 62637 62644 0
327 125106 125196 0
328 2072 2111 0
329 2054 2139 0
330 2071 2101 0
331 7926 7997 0
332 2102 2148 0
333 2074 2131 0
334 125138 125170 0
335 250179 250199 0
336 2105 2150 0
337 2060 2115 0
338 2059 2142 0
339 125146 125157 0
340 2111 2146 0
341 15760 15815 0
342 125101 125158 0
343 125170 125182 0
344 125136 125181 0
345 2062 2151 0
346 31381 31434 0
347 125152 125174 0
348 125122 125155 0
349 2086 2133 0
350 125169 125180 0
351 2069 2138 0
352 15744 15823 0
353 31359 31427 0
354 15747 15794 0
355 2074 2144 0
356 15734 15750 0
357 15756 15777 0
358 15773 15820 0
359 2 45 0
360 125163 125174 0
361 31358 31434 0
362 500112 500189 0
363 125142 125163 0
364 15800 15822 0
365 18 100 0
366 21 70 0
367 125102 125189 0
368 125130 125149 0
369 53 94 0
370 2 83 0
371 26 81 0
372 31365 31404 0
373 500104 500158 0
374 31413 31420 0
375 10 74 0
376 125102 125182 0
377 15800 15811 0
378 125132 125148 0
379 31370 31404 0
380 49 82 0
381 15734 15810 0
382 125115 125152 0
383 11 62 0
384 500118 500193 0
385 15792 15824 0
386 15751 15779 0
387 2 39 0
388 15745 15800 0
389 29 69 0
390 15739 15790 0
391 15740 15795 0
392 250145 250186 0
393 250114 250137 0
394 250112 250152 0
395 15732 15797 0
396 250106 250169 0
397 32 86 0
398 15726 15757 0
399 15772 15797 0
--------------
1000000 :c
1004151 :sum(p)
1000000 :sum(w)
