400 :n
id p,w,x
--------------
0 4079 4015 1
1 4099 4023 1
2 31446 31356 1
3 4093 4018 1
4 4094 4034 1
5 4099 4010 1
6 84 12 1
7 4104 4027 1
8 4082 4019 1
9 4081 4019 1
10 4103 4047 1
11 8011 7919 1
12 8003 7932 1
13 2151 2058 1
14 8010 7921 1
15 7979 7917 1
16 15825 15732 1
17 15802 15727 1
18 2147 2058 1
19 98 30 1
20 15825 15737 1
21 64 12 1
22 46 18 1
23 29 14 1
24 74 36 1
25 33 21 1
26 58 39 1
27 87 60 1
28 89 64 1
29 25 19 1
30 88 73 1
31 86 74 1
32 94 81 1
33 99 92 1
34 61 57 1
35 2111 2058 1
36 2112 2059 1
37 2148 2100 1
38 2140 2093 1
39 49 48 1
40 2136 2093 1
41 2146 2109 1
42 2110 2081 1
43 4079 4027 1
44 4070 4024 1
45 2130 2109 1
46 4063 4028 1
47 4048 4017 1
48 4068 4038 1
49 4073 4043 1
50 2112 2097 1
51 7974 7920 1
52 7999 7950 1
53 4039 4016 1
54 7975 7930 1
55 2107 2096 1
56 2113 2102 1
57 4086 4065 1
58 4083 4064 1
59 2138 2129 1
60 15790 15727 1
61 7990 7961 1
62 15784 15729 1
63 7945 7918 1
64 7969 7942 1
65 7979 7953 1
66 15778 15730 1
67 7998 7974 1
68 15784 15737 1
69 15788 15741 1
70 7965 7944 1
71 2091 2074 1
72 15803 15761 1
73 31443 31367 1
74 15821 15784 1
75 31423 31355 1
76 31446 31378 1
77 15808 15774 1
78 7946 7929 1
79 31449 31389 1
80 62700 62601 1
81 31420 31362 1
82 62698 62621 1
83 62688 62611 1
84 62694 62616 1
85 31441 31399 1
86 2141 2137 0
87 7992 7978 1
88 7966 7953 1
89 15773 15750 1
90 15792 15769 1
91 15793 15774 1
92 31395 31362 1
93 15774 15731 1
94 4047 4042 1
95 4106 4102 1
96 15787 15772 0
97 62675 62616 0
98 15817 15817 0
99 7961 7958 1
100 83 84 1
101 2134 2132 1
102 62661 62607 0
103 62686 62632 0
104 31416 31390 0
105 4032 4029 1
106 15775 15765 0
107 15790 15783 0
108 62681 62633 0
109 125199 125115 0
110 62660 62618 0
111 31440 31419 0
112 31433 31413 0
113 62691 62642 0
114 62677 62641 0
115 31427 31411 0
116 125160 125102 0
117 62666 62637 0
118 15814 15825 0
119 62668 62642 0
120 31392 31379 0
121 62641 62616 0
122 31365 31353 0
123 15808 15802 0
124 4090 4097 0
125 62694 62644 0
126 62657 62636 0
127 62658 62641 0
128 31365 31357 0
129 7982 7980 0
130 4038 4037 1
131 31390 31383 0
132 62623 62611 0
133 62690 62678 0
134 62691 62679 0
135 31406 31400 0
136 31398 31393 0
137 62654 62645 0
138 62633 62625 0
139 62636 62628 0
140 15790 15788 0
141 31366 31365 0
142 31447 31446 0
143 31434 31434 0
144 2146 2146 1
145 7950 7951 0
146 31377 31381 0
147 31353 31357 0
148 15787 15790 0
149 31419 31425 0
150 15787 15794 0
151 15766 15773 0
152 2108 2109 1
153 15757 15768 0
154 4062 4066 0
155 4018 4022 0
156 15772 15789 0
157 15759 15776 0
158 7936 7946 0
159 7973 7984 0
160 7950 7961 0
161 2117 2120 0
162 4015 4021 0
163 7926 7938 0
164 7932 7946 0
165 7941 7956 0
166 4062 4072 0
167 2067 2075 0
168 7942 7973 0
169 4079 4095 0
170 2110 2119 0
171 2088 2100 0
172 2127 2141 0
173 4039 4067 0
174 4029 4059 0
175 2112 2128 0
176 2072 2088 0
177 4032 4064 0
178 2084 2103 0
179 2120 2142 0
180 2114 2137 0
181 2116 2141 0
182 2062 2094 0
183 97 100 1
184 78 84 0
185 60 66 0
186 81 90 0
187 74 87 0
188 42 51 0
189 72 92 0
190 76 100 0
191 69 98 0
192 23 35 0
193 31 54 0
194 32 60 0
195 15 29 0
196 15 31 0
197 25 57 0
198 4 10 0
199 62626 62619 0
200 250181 250155 0
201 125151 125126 0
202 250189 250145 0
203 500200 500154 0
204 250175 250134 0
205 500171 500111 0
206 125194 125172 0
207 250198 250145 0
208 125129 125103 0
209 250160 250105 0
210 500192 500120 0
211 250179 250110 0
212 250169 250128 0
213 125128 125110 0
214 250194 250153 0
215 250161 250104 0
216 500162 500123 0
217 500199 500120 0
218 500195 500141 0
219 500168 500126 0
220 125148 125116 0
221 500149 500105 0
222 250187 250115 0
223 125156 125116 0
224 250191 250117 0
225 125194 125141 0
226 250180 250107 0
227 125175 125138 0
228 125163 125112 0
229 125198 125148 0
230 125183 125143 0
231 500190 500103 0
232 250190 250160 0
233 500161 500121 0
234 250149 250115 0
235 500200 500164 0
236 62616 62610 0
237 62608 62602 0
238 125141 125108 0
239 125119 125102 0
240 7967 8004 0
241 125122 125173 0
242 125127 125122 0
243 7913 8004 0
244 7920 7995 0
245 31391 31432 0
246 7969 8008 0
247 125133 125183 0
248 15745 15798 0
249 15777 15805 0
250 7939 8003 0
251 125123 125134 0
252 125100 125125 0
253 125122 125196 0
254 125107 125153 0
255 125165 125158 0
256 125104 125199 0
257 7920 7963 0
258 125135 125168 0
259 7921 7986 0
260 125108 125104 0
261 7916 7983 0
262 7933 7990 0
263 7937 7999 0
264 7928 7970 0
265 125161 125175 0
266 125149 125194 0
267 125110 125180 0
268 125100 125157 0
269 125120 125175 0
270 7946 7992 0
271 125176 125195 0
272 125132 125168 0
273 125155 125189 0
274 7916 7979 0
275 125152 125173 0
276 125191 125192 0
277 7917 7952 0
278 125100 125176 0
279 15751 15812 0
280 4050 4101 0
281 125148 125143 0
282 250148 250141 0
283 250101 250130 0
284 250124 250168 0
285 4025 4099 0
286 250101 250123 0
287 4054 4092 0
288 125134 125128 0
289 250112 250121 0
290 250147 250159 0
291 15736 15818 0
292 15752 15796 0
293 250164 250192 0
294 15737 15825 0
295 4058 4103 0
296 125152 125172 0
297 4009 4051 0
298 4021 4096 0
299 250103 250198 0
300 250179 250185 0
301 4063 4102 0
302 15779 15817 0
303 4042 4080 0
304 250146 250132 0
305 250121 250134 0
306 4052 4093 0
307 250149 250142 0
308 250112 250110 0
309 250178 250192 0
310 15781 15819 0
311 250105 250131 0
312 250101 250172 0
313 250160 250191 0
314 250196 250181 0
315 250139 250196 0
316 250199 250183 0
317 250154 250194 0
318 31378 31434 0
319 62606 62623 0
320 250182 250172 0
321 2065 2115 0
322 250106 250163 0
323 2093 2150 0
324 62603 62668 0
325 250150 250188 0
326 250135 250142 0
327 250105 250125 0
328 62609 62618 0
329 2057 2149 0
330 500130 500144 0
331 500180 500151 0
332 500149 500150 0
333 62621 62618 0
334 15764 15807 0
335 15766 15800 0
336 500123 500166 0
337 500115 500122 0
338 2091 2136 0
339 2097 2144 0
340 62608 62652 0
341 62610 62696 0
342 15732 15792 0
343 2086 2145 0
344 62619 62670 0
345 62610 62660 0
346 500147 500199 0
347 500146 500116 0
348 2064 2116 0
349 2097 2145 0
350 500119 500173 0
351 62616 62653 0
352 2076 2114 0
353 500156 500178 0
354 500152 500173 0
355 500142 500197 0
356 62665 62664 0
357 15781 15812 0
358 500153 500171 0
359 49 99 0
360 62601 62672 0
361 62624 62644 0
362 500162 500136 0
363 500112 500109 0
364 62615 62663 0
365 62606 62678 0
366 24 85 0
367 500105 500170 0
368 500138 500196 0
369 31381 31425 0
370 31356 31379 0
371 31359 31405 0
372 30 77 0
373 500187 500159 0
374 31401 31449 0
375 500132 500177 0
376 500134 500155 0
377 500133 500125 0
378 500118 500177 0
379 31369 31400 0
380 500105 500193 0
381 18 79 0
382 31356 31400 0
383 500159 500133 0
384 500174 500161 0
385 31388 31432 0
386 31363 31450 0
387 8 81 0
388 31382 31446 0
389 32 79 0
390 31369 31380 0
391 500120 500152 0
392 500141 500193 0
393 500107 500124 0
394 31401 31420 0
395 31366 31444 0
396 500126 500160 0
397 500139 500118 0
398 31368 31419 0
399 31403 31449 0
--------------
1000000 :c
1004135 :sum(p)
1000000 :sum(w)
