400 :n
id p,w,x
--------------
0 2150 2119 1
1 2134 2093 1
2 37 19 1
3 80 36 1
4 2150 2103 1
5 72 56 1
6 79 60 1
7 7994 7917 1
8 88 14 1
9 62 34 1
10 73 55 1
11 2151 2088 1
12 7986 7913 1
13 81 9 1
14 71 17 1
15 4089 4020 1
16 4069 4029 1
17 73 21 1
18 56 11 1
19 49 7 1
20 78 23 1
21 2146 2084 1
22 66 31 1
23 2141 2121 1
24 87 17 1
25 4102 4041 1
26 2092 2054 1
27 4092 4035 1
28 4077 4029 1
29 2100 2059 1
30 4090 4035 1
31 2139 2116 1
32 4084 4033 1
33 2144 2070 1
34 2145 2107 1
35 4060 4019 1
36 2110 2064 1
37 2135 2095 1
38 2095 2072 1
39 15785 15746 1
40 4065 4043 1
41 15779 15735 1
42 15819 15747 1
43 4028 4008 1
44 4049 4024 1
45 7994 7927 1
46 7955 7933 1
47 7946 7916 1
48 7986 7958 1
49 2123 2106 1
50 8007 7944 1
51 15769 15740 1
52 7950 7932 1
53 15801 15748 1
54 15817 15733 1
55 15795 15762 1
56 2080 2065 1
57 15773 15732 1
58 15825 15741 1
59 15757 15726 1
60 2141 2127 1
61 4092 4065 1
62 4101 4065 1
63 4093 4061 1
64 8008 7950 1
65 4101 4068 1
66 7980 7963 1
67 7984 7943 1
68 15817 15733 1
69 25 14 1
70 28 20 1
71 56 49 1
72 86 83 1
73 2138 2126 1
74 2073 2062 1
75 2094 2083 1
76 2096 2089 1
77 4048 4036 1
78 2102 2096 1
79 4061 4050 1
80 7990 7975 1
81 7950 7936 1
82 31423 31368 1
83 31444 31391 1
84 31427 31380 1
85 31430 31384 1
86 15765 15742 1
87 15774 15751 1
88 2119 2116 1
89 7971 7960 1
90 15806 15786 1
91 62693 62616 1
92 15761 15743 1
93 31385 31351 1
94 31420 31386 1
95 31448 31414 1
96 4019 4007 0
97 31442 31409 1
98 2063 2061 1
99 62697 62638 1
100 2144 2142 0
101 31427 31399 1
102 15770 15757 1
103 96 45 1
104 62679 62606 1
105 31383 31357 1
106 4018 4015 0
107 31440 31417 0
108 31420 31399 0
109 8002 8011 0
110 4081 4086 0
111 15746 15745 0
112 31402 31382 0
113 62644 62605 0
114 15763 15754 1
115 125178 125108 0
116 125196 125126 0
117 62649 62614 0
118 7930 7935 0
119 62679 62644 0
120 62696 62661 0
121 15804 15796 0
122 125173 125117 0
123 62649 62621 0
124 62672 62644 0
125 31389 31375 0
126 125171 125120 0
127 125172 125122 0
128 250199 250103 0
129 62656 62632 0
130 15741 15735 0
131 125174 125130 0
132 31378 31367 0
133 62667 62646 0
134 250184 250103 0
135 62690 62670 0
136 31431 31421 0
137 62666 62647 0
138 62623 62605 0
139 31383 31374 0
140 250197 250128 0
141 250186 250118 0
142 125153 125120 0
143 250170 250105 0
144 250173 250108 0
145 125186 125154 0
146 62636 62620 0
147 31376 31368 0
148 31385 31377 0
149 125151 125121 0
150 125157 125127 0
151 125189 125161 0
152 250180 250127 0
153 125139 125113 0
154 125157 125131 0
155 125146 125121 0
156 250171 250123 0
157 15791 15788 0
158 250164 250117 0
159 250176 250132 0
160 125176 125154 0
161 250141 250101 0
162 7989 7988 0
163 95 95 0
164 4031 4033 0
165 4067 4071 0
166 2127 2130 0
167 4064 4070 0
168 2118 2122 0
169 4040 4048 0
170 2067 2072 0
171 2135 2141 0
172 2140 2148 0
173 86 89 0
174 22 23 0
175 76 84 0
176 72 80 0
177 88 98 0
178 45 54 0
179 14 18 0
180 1 8 0
181 250191 250151 0
182 125120 125101 0
183 31377 31372 0
184 500197 500146 0
185 125138 125124 0
186 500192 500115 0
187 31375 31371 0
188 500158 500121 0
189 31396 31391 0
190 500185 500122 0
191 500165 500123 0
192 250192 250166 0
193 250166 250130 0
194 250141 250120 0
195 500160 500111 0
196 500175 500128 0
197 31431 31428 0
198 500197 500162 0
199 62696 62689 0
200 125180 125167 0
201 15732 15817 0
202 62628 62670 0
203 62625 62671 0
204 15745 15822 0
205 15780 15824 0
206 15728 15807 0
207 62666 62677 0
208 15736 15753 0
209 62602 62666 0
210 62635 62666 0
211 62619 62622 0
212 15731 15770 0
213 15740 15793 0
214 15761 15819 0
215 15773 15783 0
216 62620 62667 0
217 62601 62689 0
218 62630 62678 0
219 62660 62691 0
220 15755 15811 0
221 62657 62693 0
222 15739 15756 0
223 62636 62686 0
224 62657 62657 0
225 62624 62626 0
226 15727 15727 0
227 15765 15778 0
228 15751 15811 0
229 15762 15766 0
230 15754 15815 0
231 62691 62699 0
232 62608 62687 0
233 62638 62674 0
234 62674 62677 0
235 62618 62657 0
236 125156 125152 0
237 15778 15791 0
238 15728 15734 0
239 7987 7994 0
240 7920 7993 0
241 31367 31442 0
242 7940 8003 0
243 7915 8002 0
244 125151 125151 0
245 125114 125177 0
246 125166 125158 0
247 7972 7986 0
248 7941 8003 0
249 7962 7993 0
250 7950 7989 0
251 7942 7962 0
252 125126 125143 0
253 125151 125194 0
254 7947 7971 0
255 7950 7956 0
256 125139 125141 0
257 125106 125115 0
258 7958 7988 0
259 7933 7981 0
260 125190 125193 0
261 125123 125132 0
262 125108 125117 0
263 7916 7949 0
264 125109 125181 0
265 7914 8002 0
266 7913 8006 0
267 31381 31409 0
268 7927 7952 0
269 125111 125152 0
270 125170 125166 0
271 7916 7977 0
272 125169 125185 0
273 7967 8009 0
274 7932 7951 0
275 125142 125178 0
276 7952 7976 0
277 7933 7940 0
278 7954 7987 0
279 125114 125196 0
280 4027 4042 0
281 125134 125131 0
282 4015 4056 0
283 15768 15772 0
284 125130 125172 0
285 4029 4078 0
286 125117 125159 0
287 4070 4099 0
288 125115 125181 0
289 4068 4085 0
290 4057 4078 0
291 125140 125184 0
292 250111 250122 0
293 250132 250155 0
294 62617 62689 0
295 4029 4104 0
296 4036 4069 0
297 62661 62667 0
298 62608 62693 0
299 4061 4087 0
300 250125 250168 0
301 4012 4091 0
302 250174 250196 0
303 4031 4084 0
304 250150 250198 0
305 4009 4020 0
306 250137 250150 0
307 250105 250116 0
308 250165 250163 0
309 4056 4088 0
310 4007 4031 0
311 250142 250178 0
312 31417 31426 0
313 250137 250175 0
314 250133 250165 0
315 4030 4042 0
316 250148 250173 0
317 4063 4080 0
318 250104 250179 0
319 250118 250105 0
320 2070 2148 0
321 250126 250124 0
322 250161 250199 0
323 31362 31407 0
324 2080 2103 0
325 2075 2138 0
326 250117 250122 0
327 250109 250123 0
328 250162 250181 0
329 250135 250194 0
330 250197 250190 0
331 250105 250109 0
332 2056 2142 0
333 2055 2152 0
334 250181 250177 0
335 250121 250186 0
336 250125 250188 0
337 2075 2093 0
338 500160 500151 0
339 500133 500183 0
340 500152 500168 0
341 500200 500177 0
342 500101 500173 0
343 2069 2150 0
344 2058 2125 0
345 500103 500121 0
346 500103 500173 0
347 2073 2121 0
348 500174 500199 0
349 31391 31395 0
350 62607 62639 0
351 500138 500134 0
352 2068 2140 0
353 62628 62673 0
354 500112 500141 0
355 500145 500153 0
356 500196 500190 0
357 500118 500109 0
358 31389 31411 0
359 37 71 0
360 500142 500153 0
361 500190 500199 0
362 31397 31406 0
363 31358 31419 0
364 31386 31391 0
365 5 17 0
366 500159 500179 0
367 1 17 0
368 42 73 0
369 31374 31435 0
370 500166 500140 0
371 500149 500176 0
372 500133 500146 0
373 500176 500167 0
374 41 58 0
375 45 93 0
376 31443 31444 0
377 32 91 0
378 27 48 0
379 500172 500169 0
380 74 93 0
381 500150 500130 0
382 500123 500139 0
383 500171 500183 0
384 500190 500161 0
385 500179 500196 0
386 500125 500195 0
387 500151 500132 0
388 500125 500200 0
389 500134 500189 0
390 13 94 0
391 31365 31374 0
392 31443 31443 0
393 500135 500121 0
394 22 55 0
395 500124 500107 0
396 31433 31434 0
397 31362 31368 0
398 31449 31448 0
399 31354 31433 0
--------------
1000000 :c
1003880 :sum(p)
1000000 :sum(w)
