400 :n
id p,w,x
--------------
0 52 27 1
1 77 57 1
2 15815 15753 1
3 15790 15728 1
4 51 8 1
5 15791 15741 1
6 15802 15733 1
7 15812 15746 1
8 15779 15745 1
9 15806 15751 1
10 63 17 1
11 15801 15756 1
12 7969 7928 1
13 7990 7946 1
14 8000 7929 1
15 8012 7913 1
16 88 11 1
17 7982 7926 1
18 7960 7934 1
19 2125 2083 1
20 31449 31355 1
21 8007 7962 1
22 7969 7928 1
23 8006 7965 1
24 88 7 1
25 2129 2093 1
26 4059 4012 1
27 4069 4030 1
28 95 12 1
29 4049 4025 1
30 4051 4009 1
31 4104 4044 1
32 62 24 1
33 4087 4043 1
34 4056 4033 1
35 4093 4039 1
36 2109 2068 1
37 15792 15758 1
38 2139 2115 1
39 2132 2091 1
40 2153 2102 1
41 49 16 1
42 94 44 1
43 73 10 1
44 2142 2114 1
45 54 24 1
46 2105 2069 1
47 23 8 1
48 56 41 1
49 51 38 1
50 56 49 1
51 19 17 1
52 74 70 1
53 2133 2113 1
54 2090 2076 1
55 2087 2074 1
56 2100 2089 1
57 4042 4021 1
58 2149 2141 1
59 4067 4052 1
60 7983 7958 1
61 8004 7981 1
62 7986 7966 1
63 4097 4087 1
64 4092 4083 1
65 31430 31366 1
66 31447 31383 1
67 15784 15753 1
68 31413 31358 1
69 31434 31379 1
70 4079 4072 1
71 31403 31355 1
72 15785 15764 1
73 62696 62614 1
74 2074 2066 1
75 15778 15759 1
76 15778 15759 1
77 62694 62620 1
78 31439 31402 1
79 62694 62624 1
80 62692 62623 1
81 15799 15734 1
82 62672 62609 1
83 15777 15739 1
84 31393 31363 0
85 31408 31378 1
86 31444 31414 0
87 31441 31443 0
88 15822 15809 0
89 8 82 0
90 31421 31392 0
91 15785 15771 0
92 7993 7986 0
93 62668 62617 0
94 62696 62648 0
95 7938 7932 1
96 4066 4089 0
97 7994 7988 1
98 62647 62601 0
99 31379 31357 0
100 15792 15781 0
101 62695 62652 0
102 15817 15807 0
103 31415 31396 0
104 31436 31417 0
105 31403 31385 0
106 125194 125124 0
107 125195 125125 0
108 62672 62637 0
109 31406 31389 0
110 62662 62629 0
111 15768 15760 0
112 4048 4046 1
113 125193 125133 0
114 31414 31399 0
115 31376 31362 0
116 31395 31382 0
117 7943 7940 0
118 7976 7973 0
119 4059 4058 0
120 15784 15781 0
121 7924 7923 0
122 7971 7970 0
123 2089 2089 1
124 15815 15816 0
125 2132 2133 0
126 2065 2066 0
127 4050 4052 0
128 2123 2125 0
129 2064 2068 0
130 34 39 0
131 16 20 0
132 62662 62635 0
133 125149 125109 0
134 125163 125116 0
135 125144 125104 0
136 62636 62616 0
137 125152 125106 0
138 500183 500158 0
139 62620 62618 0
140 500177 500199 0
141 500150 500178 0
142 250114 250127 0
143 62672 62675 0
144 250154 250107 0
145 125195 125164 0
146 62682 62666 0
147 250198 250187 0
148 250132 250133 0
149 250125 250132 0
150 500123 500112 0
151 62684 62682 0
152 500123 500141 0
153 62684 62686 0
154 500178 500139 0
155 250174 250189 0
156 500197 500151 0
157 500133 500169 0
158 500119 500117 0
159 500172 500193 0
160 250161 250152 0
161 500142 500149 0
162 500167 500136 0
163 500187 500200 0
164 31413 31413 0
165 62657 62645 0
166 500178 500116 0
167 125194 125173 0
168 250172 250159 0
169 125135 125124 0
170 500197 500187 0
171 31379 31378 0
172 31431 31432 0
173 125187 125177 0
174 31414 31412 0
175 250166 250164 0
176 31362 31357 0
177 125146 125116 0
178 250179 250191 0
179 125172 125141 0
180 125179 125179 0
181 125183 125188 0
182 250198 250158 0
183 250145 250149 0
184 125124 125100 0
185 500112 500140 0
186 125198 125193 0
187 500133 500133 0
188 500127 500146 0
189 250124 250109 0
190 250170 250113 0
191 125120 125120 0
192 500137 500158 0
193 125188 125173 0
194 500180 500159 0
195 31428 31424 0
196 250197 250175 0
197 125132 125117 0
198 125111 125118 0
199 500115 500123 0
200 500193 500170 0
201 250184 250115 0
202 250130 250147 0
203 500118 500125 0
204 250156 250126 0
205 500181 500124 0
206 500163 500164 0
207 250136 250126 0
208 62681 62675 0
209 250196 250175 0
210 250188 250141 0
211 500157 500142 0
212 500142 500107 0
213 500200 500190 0
214 250163 250142 0
215 500176 500146 0
216 250172 250119 0
217 500153 500191 0
218 250193 250171 0
219 500179 500174 0
220 500124 500166 0
221 500188 500174 0
222 500104 500104 0
223 250160 250136 0
224 500192 500105 0
225 250181 250153 0
226 250164 250185 0
227 250161 250109 0
228 500117 500128 0
229 62623 62611 0
230 250200 250121 0
231 250185 250107 0
232 125143 125104 0
233 62692 62667 0
234 125148 125109 0
235 125148 125107 0
236 125186 125148 0
237 15736 15779 0
238 15754 15822 0
239 7975 8002 0
240 15785 15796 0
241 15733 15774 0
242 15745 15748 0
243 15765 15768 0
244 7948 7975 0
245 7951 7998 0
246 7953 7963 0
247 15729 15815 0
248 7921 7986 0
249 7947 7960 0
250 15753 15780 0
251 500142 500185 0
252 7962 7990 0
253 7963 7983 0
254 31384 31441 0
255 31406 31415 0
256 31410 31442 0
257 7919 7970 0
258 31364 31425 0
259 7950 7953 0
260 31361 31420 0
261 8000 8007 0
262 7974 8006 0
263 31359 31378 0
264 31364 31419 0
265 31369 31449 0
266 7918 8000 0
267 31383 31430 0
268 31374 31428 0
269 7916 7931 0
270 7992 8008 0
271 31411 31444 0
272 31378 31414 0
273 7929 7942 0
274 7982 8000 0
275 7943 7962 0
276 7937 7999 0
277 7947 7956 0
278 7958 7992 0
279 4048 4100 0
280 4059 4070 0
281 4011 4060 0
282 4009 4073 0
283 4020 4062 0
284 4017 4106 0
285 31367 31414 0
286 15744 15791 0
287 31377 31429 0
288 4048 4054 0
289 62645 62697 0
290 4051 4071 0
291 4010 4103 0
292 4029 4041 0
293 4022 4104 0
294 4036 4070 0
295 4040 4101 0
296 62647 62660 0
297 4013 4097 0
298 4037 4053 0
299 4057 4093 0
300 62660 62685 0
301 4010 4093 0
302 62634 62675 0
303 62616 62645 0
304 4038 4070 0
305 4043 4054 0
306 4047 4056 0
307 62603 62677 0
308 4028 4061 0
309 4060 4093 0
310 62608 62615 0
311 15756 15774 0
312 62632 62687 0
313 62603 62677 0
314 4014 4085 0
315 62610 62697 0
316 62630 62700 0
317 62620 62685 0
318 62610 62622 0
319 62606 62686 0
320 62620 62638 0
321 2067 2099 0
322 2077 2133 0
323 62649 62666 0
324 2060 2134 0
325 15752 15780 0
326 62614 62694 0
327 2099 2105 0
328 62609 62639 0
329 125124 125142 0
330 15732 15744 0
331 2054 2110 0
332 125116 125169 0
333 2092 2120 0
334 2071 2111 0
335 2076 2133 0
336 2095 2103 0
337 2136 2153 0
338 2100 2116 0
339 125129 125186 0
340 2122 2129 0
341 125167 125186 0
342 2071 2098 0
343 2106 2131 0
344 2059 2098 0
345 2065 2091 0
346 15734 15779 0
347 15727 15793 0
348 125123 125172 0
349 125104 125172 0
350 2106 2135 0
351 2072 2152 0
352 125152 125169 0
353 125111 125178 0
354 2081 2092 0
355 125169 125182 0
356 2056 2062 0
357 2058 2069 0
358 125130 125162 0
359 25 62 0
360 125127 125193 0
361 37 84 0
362 125103 125146 0
363 15 94 0
364 25 42 0
365 125148 125184 0
366 73 89 0
367 125100 125174 0
368 15747 15798 0
369 15754 15789 0
370 125148 125173 0
371 29 67 0
372 250127 250172 0
373 55 65 0
374 42 78 0
375 10 53 0
376 250145 250175 0
377 8 92 0
378 14 99 0
379 250101 250132 0
380 31 52 0
381 250139 250172 0
382 32 48 0
383 65 90 0
384 10 80 0
385 250135 250165 0
386 3 12 0
387 250129 250181 0
388 45 78 0
389 19 86 0
390 250142 250198 0
391 250162 250191 0
392 250154 250192 0
393 250129 250159 0
394 500139 500188 0
395 500126 500195 0
396 14 81 0
397 500148 500198 0
398 15796 15811 0
399 15744 15767 0
--------------
1000000 :c
1003434 :sum(p)
1000000 :sum(w)
