400 :n
id p,w,x
--------------
0 2140 2060 1
1 2128 2057 1
2 4095 4016 1
3 2136 2055 1
4 4106 4015 1
5 8009 7929 1
6 42 1 1
7 39 3 1
8 44 7 1
9 40 8 1
10 60 22 1
11 17 7 1
12 57 26 1
13 50 23 1
14 66 35 1
15 72 48 1
16 37 25 1
17 69 52 1
18 69 57 1
19 92 77 1
20 78 66 1
21 53 45 1
22 81 76 1
23 81 77 1
24 90 88 1
25 2116 2070 1
26 2103 2058 1
27 2153 2110 1
28 2141 2106 1
29 2142 2113 1
30 2105 2079 1
31 2082 2057 1
32 4101 4057 1
33 2090 2071 1
34 8006 7940 1
35 8007 7947 1
36 8011 7951 1
37 7975 7917 1
38 8003 7946 1
39 7977 7927 1
40 7986 7936 1
41 15801 15731 1
42 15807 15739 1
43 4090 4073 1
44 15825 15761 1
45 4095 4079 1
46 7973 7942 1
47 2141 2133 1
48 7951 7924 1
49 15784 15732 1
50 7964 7938 1
51 15806 15760 1
52 2124 2118 1
53 7969 7947 1
54 8002 7980 1
55 31450 31365 1
56 8004 7983 1
57 8005 7984 1
58 31449 31371 1
59 4038 4028 1
60 2063 2058 1
61 2116 2111 1
62 2130 2125 0
63 2144 2139 1
64 7992 7974 1
65 31430 31360 1
66 31432 31363 1
67 31420 31352 1
68 15761 15727 1
69 15769 15736 1
70 2058 2054 0
71 31436 31377 1
72 31449 31394 1
73 31416 31363 1
74 31447 31395 1
75 15822 15796 1
76 15806 15781 1
77 4035 4029 1
78 31423 31378 1
79 2110 2107 1
80 31423 31379 1
81 31405 31362 1
82 15761 15740 0
83 76 75 0
84 31421 31383 1
85 31432 31394 1
86 31428 31392 1
87 15788 15770 0
88 8005 7997 0
89 4103 4065 1
90 62699 62611 1
91 62680 62605 1
92 4016 4012 1
93 62671 62609 1
94 15765 15751 0
95 15813 15815 0
96 15809 15820 0
97 52 88 0
98 4095 4091 0
99 31400 31370 0
100 15783 15768 0
101 7985 7979 0
102 31404 31382 0
103 125119 125100 0
104 31434 31413 0
105 125184 125103 0
106 125191 125112 0
107 31430 31411 0
108 125191 125117 0
109 31370 31352 0
110 31413 31395 0
111 15784 15775 0
112 62691 62657 0
113 31386 31369 0
114 62639 62606 0
115 7964 7960 0
116 62665 62634 0
117 125167 125107 0
118 31373 31361 0
119 125164 125120 0
120 125174 125131 0
121 15758 15753 0
122 125194 125155 0
123 125175 125138 0
124 125177 125141 0
125 250190 250120 0
126 62682 62665 0
127 125139 125107 0
128 15770 15766 0
129 4024 4023 0
130 4047 4049 0
131 4025 4029 0
132 4024 4030 0
133 2082 2091 0
134 33 34 0
135 67 71 0
136 13 16 0
137 29 36 0
138 62640 62629 0
139 125141 125112 0
140 250156 250109 0
141 250192 250131 0
142 250163 250165 0
143 250129 250138 0
144 500161 500142 0
145 500118 500133 0
146 500157 500116 0
147 250123 250128 0
148 500122 500114 0
149 250140 250136 0
150 62658 62651 0
151 500179 500178 0
152 62662 62663 0
153 500142 500112 0
154 62695 62688 0
155 62681 62681 0
156 500182 500162 0
157 250131 250133 0
158 250119 250109 0
159 250124 250132 0
160 500195 500138 0
161 500195 500162 0
162 500128 500133 0
163 500122 500130 0
164 500173 500114 0
165 500138 500127 0
166 500183 500173 0
167 500174 500123 0
168 500163 500109 0
169 250185 250167 0
170 125135 125117 0
171 31390 31386 0
172 125148 125145 0
173 125120 125121 0
174 125181 125185 0
175 500193 500196 0
176 500172 500165 0
177 31414 31415 0
178 250108 250110 0
179 500176 500109 0
180 31376 31377 0
181 250122 250106 0
182 500197 500150 0
183 125170 125154 0
184 250190 250192 0
185 250175 250163 0
186 250133 250122 0
187 250151 250128 0
188 250180 250182 0
189 250148 250127 0
190 15788 15786 0
191 500116 500127 0
192 125131 125124 0
193 500121 500120 0
194 125104 125100 0
195 500139 500140 0
196 250134 250119 0
197 250199 250187 0
198 500116 500134 0
199 500181 500185 0
200 500108 500119 0
201 500169 500144 0
202 62672 62664 0
203 250170 250112 0
204 125196 125171 0
205 125157 125129 0
206 62643 62632 0
207 62680 62666 0
208 250185 250131 0
209 250150 250105 0
210 125161 125136 0
211 31370 31383 0
212 31404 31433 0
213 15746 15766 0
214 31400 31422 0
215 15737 15802 0
216 15809 15816 0
217 31354 31429 0
218 15732 15802 0
219 15729 15745 0
220 15768 15804 0
221 15735 15752 0
222 31367 31434 0
223 15765 15779 0
224 31422 31448 0
225 15736 15755 0
226 15758 15817 0
227 15726 15777 0
228 31368 31389 0
229 31369 31385 0
230 15788 15795 0
231 62666 62695 0
232 15744 15814 0
233 15738 15793 0
234 15747 15804 0
235 62630 62665 0
236 31369 31391 0
237 15766 15800 0
238 62624 62661 0
239 62638 62658 0
240 62629 62688 0
241 7914 7972 0
242 62657 62666 0
243 62666 62685 0
244 7915 7970 0
245 7941 7991 0
246 62642 62659 0
247 7935 7949 0
248 62612 62699 0
249 7928 7955 0
250 62601 62627 0
251 62661 62687 0
252 62621 62629 0
253 7913 7949 0
254 7958 7975 0
255 7924 7929 0
256 7937 7956 0
257 62646 62667 0
258 62627 62690 0
259 7918 7984 0
260 62601 62675 0
261 62611 62687 0
262 7941 7968 0
263 8001 8010 0
264 62601 62666 0
265 7954 7984 0
266 7930 7993 0
267 7966 7980 0
268 7972 7999 0
269 62653 62659 0
270 62614 62653 0
271 7985 8001 0
272 62615 62619 0
273 62629 62649 0
274 7913 8004 0
275 7927 7973 0
276 62672 62694 0
277 7922 7931 0
278 7918 7982 0
279 4059 4094 0
280 62606 62655 0
281 4009 4062 0
282 62610 62671 0
283 4038 4069 0
284 62658 62661 0
285 4046 4075 0
286 4028 4106 0
287 125155 125185 0
288 125138 125166 0
289 125140 125151 0
290 4043 4104 0
291 4022 4076 0
292 4010 4088 0
293 4042 4064 0
294 4057 4074 0
295 125141 125198 0
296 4027 4083 0
297 125139 125196 0
298 4056 4098 0
299 125130 125165 0
300 4051 4072 0
301 4060 4084 0
302 4008 4087 0
303 4009 4066 0
304 4059 4079 0
305 125145 125197 0
306 4017 4055 0
307 4034 4077 0
308 4047 4103 0
309 4012 4023 0
310 4056 4077 0
311 15779 15792 0
312 125176 125182 0
313 4035 4058 0
314 4028 4074 0
315 4010 4030 0
316 15755 15804 0
317 4043 4075 0
318 31397 31430 0
319 2130 2143 0
320 125115 125176 0
321 2113 2146 0
322 125111 125125 0
323 2081 2094 0
324 2061 2088 0
325 2100 2129 0
326 2091 2105 0
327 2056 2094 0
328 125131 125165 0
329 2099 2139 0
330 2060 2104 0
331 125113 125198 0
332 125107 125116 0
333 2079 2109 0
334 125118 125189 0
335 125151 125176 0
336 31422 31449 0
337 2135 2147 0
338 125136 125169 0
339 2092 2142 0
340 125135 125143 0
341 125142 125157 0
342 2111 2149 0
343 250103 250191 0
344 250168 250196 0
345 2068 2116 0
346 2125 2141 0
347 250128 250143 0
348 250121 250167 0
349 2085 2139 0
350 250102 250122 0
351 250101 250134 0
352 2071 2149 0
353 250131 250188 0
354 250124 250183 0
355 250145 250187 0
356 2084 2131 0
357 2077 2142 0
358 2105 2133 0
359 250129 250155 0
360 250151 250197 0
361 64 79 0
362 33 100 0
363 30 48 0
364 62 75 0
365 62 91 0
366 250162 250175 0
367 250155 250178 0
368 250102 250159 0
369 250143 250190 0
370 28 78 0
371 58 87 0
372 6 71 0
373 15794 15825 0
374 39 58 0
375 11 69 0
376 34 65 0
377 250108 250158 0
378 36 85 0
379 500131 500176 0
380 500129 500191 0
381 31381 31444 0
382 500136 500183 0
383 500158 500189 0
384 500134 500163 0
385 31424 31448 0
386 500163 500194 0
387 500152 500196 0
388 500125 500192 0
389 500127 500170 0
390 46 74 0
391 500128 500195 0
392 15748 15789 0
393 58 78 0
394 500108 500157 0
395 7 20 0
396 500154 500179 0
397 500105 500200 0
398 15730 15745 0
399 31355 31368 0
--------------
1000000 :c
1003376 :sum(p)
1000000 :sum(w)
