400 :n
id p,w,x
--------------
0 2152 2061 1
1 2132 2084 1
2 15815 15762 1
3 76 8 1
4 99 88 1
5 37 3 1
6 15783 15729 1
7 96 39 1
8 71 20 1
9 91 57 1
10 57 39 1
11 15811 15762 1
12 15788 15727 1
13 2107 2062 1
14 15815 15737 1
15 31 16 1
16 15818 15769 1
17 89 61 1
18 2133 2062 1
19 76 43 1
20 7991 7917 1
21 83 55 1
22 71 58 1
23 2135 2103 1
24 75 18 1
25 7999 7925 1
26 66 34 1
27 52 37 1
28 7945 7915 1
29 8010 7944 1
30 91 54 1
31 7979 7952 1
32 7978 7922 1
33 8009 7918 1
34 7965 7919 1
35 8010 7957 1
36 7990 7960 1
37 7999 7935 1
38 2109 2060 1
39 7999 7973 1
40 7989 7943 1
41 4078 4055 1
42 4104 4056 1
43 2151 2100 1
44 4093 4062 1
45 4066 4008 1
46 4034 4014 1
47 2121 2101 1
48 2080 2055 1
49 4067 4040 1
50 2151 2065 1
51 2127 2082 1
52 2126 2101 1
53 15780 15732 1
54 4055 4031 1
55 4088 4051 1
56 2130 2108 1
57 2108 2061 1
58 2138 2114 1
59 4079 4049 1
60 4035 4012 1
61 2132 2119 1
62 2114 2099 1
63 2122 2086 1
64 4086 4052 1
65 4063 4046 1
66 4029 4012 1
67 43 33 1
68 55 48 1
69 10 9 1
70 2089 2079 1
71 2115 2107 1
72 15780 15733 1
73 15801 15754 1
74 15819 15772 1
75 7958 7935 1
76 2083 2077 1
77 7943 7921 1
78 4095 4084 1
79 15810 15768 1
80 15813 15773 1
81 15810 15772 1
82 15798 15762 1
83 15803 15767 1
84 15773 15738 1
85 31433 31368 1
86 31447 31387 1
87 31411 31352 1
88 31410 31352 1
89 15779 15751 1
90 7997 7983 1
91 15824 15797 1
92 7997 7984 1
93 15791 15766 1
94 15770 15747 1
95 62694 62603 1
96 31412 31372 1
97 7969 7959 0
98 4013 4008 1
99 62685 62607 1
100 62693 62620 1
101 15775 15757 0
102 4056 4039 1
103 31402 31354 1
104 7960 7951 0
105 62680 62610 0
106 62687 62620 1
107 31449 31446 0
108 31431 31444 0
109 75 83 0
110 31402 31370 0
111 31417 31385 0
112 15796 15780 0
113 7921 7913 0
114 7969 7961 0
115 31424 31394 0
116 2115 2116 1
117 62692 62633 0
118 62663 62605 0
119 31404 31376 0
120 31415 31387 0
121 31378 31351 0
122 31377 31351 0
123 31402 31378 0
124 62651 62604 0
125 4080 4077 0
126 62683 62638 0
127 31428 31407 0
128 125188 125105 0
129 7967 7962 0
130 62657 62618 0
131 125199 125122 0
132 62648 62612 0
133 15816 15807 0
134 7920 7916 0
135 7974 7970 0
136 4030 4028 0
137 7934 7935 0
138 4042 4043 0
139 4069 4074 0
140 2057 2063 0
141 94 98 0
142 64 69 0
143 8 14 0
144 7 16 0
145 250198 250126 0
146 31374 31359 0
147 62668 62649 0
148 250181 250103 0
149 62679 62661 0
150 250174 250117 0
151 250171 250103 0
152 250169 250111 0
153 250182 250112 0
154 125143 125106 0
155 250194 250109 0
156 62658 62634 0
157 250194 250113 0
158 62666 62632 0
159 31426 31411 0
160 250170 250115 0
161 500196 500102 0
162 500142 500130 0
163 31429 31428 0
164 31387 31387 0
165 500132 500129 0
166 500180 500116 0
167 500161 500167 0
168 62632 62626 0
169 62640 62631 0
170 500199 500150 0
171 125187 125171 0
172 500154 500110 0
173 250135 250114 0
174 500175 500170 0
175 125183 125162 0
176 125144 125127 0
177 125186 125188 0
178 500194 500121 0
179 125180 125167 0
180 250119 250115 0
181 250163 250140 0
182 250198 250173 0
183 125154 125137 0
184 125187 125179 0
185 250199 250193 0
186 250146 250136 0
187 250173 250175 0
188 125160 125148 0
189 125111 125113 0
190 125172 125170 0
191 250157 250145 0
192 15770 15767 0
193 250184 250131 0
194 250145 250135 0
195 250152 250103 0
196 500189 500193 0
197 125113 125109 0
198 500137 500127 0
199 125197 125196 0
200 500192 500150 0
201 15759 15759 0
202 500146 500146 0
203 125198 125192 0
204 250186 250132 0
205 500187 500178 0
206 125154 125137 0
207 500139 500138 0
208 250194 250169 0
209 250174 250142 0
210 250140 250133 0
211 62636 62631 0
212 500194 500167 0
213 62630 62627 0
214 500113 500113 0
215 500165 500116 0
216 62673 62653 0
217 250169 250106 0
218 62683 62649 0
219 125159 125111 0
220 125149 125100 0
221 125165 125136 0
222 125171 125119 0
223 125191 125153 0
224 31380 31405 0
225 15736 15774 0
226 31358 31405 0
227 31360 31405 0
228 31400 31407 0
229 31421 31438 0
230 31360 31362 0
231 15820 15823 0
232 31377 31447 0
233 31383 31393 0
234 15749 15793 0
235 31361 31400 0
236 15788 15820 0
237 31404 31424 0
238 15751 15800 0
239 7986 8012 0
240 7929 7964 0
241 31413 31445 0
242 7931 8010 0
243 31376 31395 0
244 7919 7994 0
245 7923 7981 0
246 7966 8001 0
247 31356 31383 0
248 15779 15786 0
249 7925 7933 0
250 31379 31418 0
251 31376 31410 0
252 7962 7979 0
253 31357 31359 0
254 31384 31390 0
255 31403 31446 0
256 7934 7938 0
257 31360 31394 0
258 7949 7972 0
259 62642 62644 0
260 62624 62685 0
261 62656 62658 0
262 62647 62665 0
263 62636 62641 0
264 62628 62648 0
265 7982 7991 0
266 62680 62682 0
267 62662 62669 0
268 62643 62694 0
269 7919 7972 0
270 62602 62618 0
271 7924 7962 0
272 7929 7983 0
273 62640 62643 0
274 62673 62685 0
275 7919 7978 0
276 62612 62664 0
277 62609 62674 0
278 62644 62670 0
279 4017 4070 0
280 62621 62666 0
281 4062 4104 0
282 4022 4058 0
283 4036 4099 0
284 62624 62640 0
285 15760 15774 0
286 4093 4105 0
287 4012 4024 0
288 62628 62652 0
289 62629 62684 0
290 125163 125187 0
291 125114 125165 0
292 125175 125193 0
293 125148 125160 0
294 125174 125178 0
295 4037 4085 0
296 125155 125197 0
297 4037 4094 0
298 125122 125155 0
299 125107 125137 0
300 4036 4049 0
301 4025 4064 0
302 4043 4089 0
303 4045 4087 0
304 125106 125170 0
305 4051 4064 0
306 125136 125158 0
307 4033 4101 0
308 125137 125177 0
309 4051 4060 0
310 125103 125159 0
311 4040 4075 0
312 15779 15801 0
313 125127 125156 0
314 4023 4103 0
315 4046 4101 0
316 125110 125136 0
317 4012 4064 0
318 4052 4099 0
319 2113 2141 0
320 2074 2127 0
321 125123 125168 0
322 125117 125156 0
323 125152 125174 0
324 15751 15768 0
325 125155 125185 0
326 2066 2134 0
327 2100 2153 0
328 250107 250134 0
329 2101 2145 0
330 2073 2143 0
331 250111 250181 0
332 2073 2117 0
333 250109 250196 0
334 2065 2135 0
335 2074 2151 0
336 2100 2146 0
337 15747 15804 0
338 250104 250153 0
339 250130 250145 0
340 250135 250163 0
341 2058 2146 0
342 2085 2101 0
343 250132 250166 0
344 250140 250171 0
345 250134 250200 0
346 250161 250196 0
347 2121 2139 0
348 250130 250199 0
349 2111 2145 0
350 250133 250180 0
351 2082 2115 0
352 2090 2128 0
353 250120 250131 0
354 250158 250184 0
355 250150 250170 0
356 500144 500188 0
357 500114 500186 0
358 2091 2134 0
359 500119 500184 0
360 15765 15817 0
361 9 74 0
362 13 60 0
363 500133 500167 0
364 500110 500194 0
365 500147 500173 0
366 500159 500183 0
367 45 80 0
368 15734 15789 0
369 500124 500141 0
370 40 55 0
371 39 92 0
372 4 40 0
373 27 83 0
374 48 63 0
375 500114 500175 0
376 500160 500169 0
377 500110 500122 0
378 37 90 0
379 500112 500178 0
380 37 85 0
381 500131 500156 0
382 6 60 0
383 500141 500179 0
384 9 60 0
385 15772 15809 0
386 500130 500187 0
387 72 84 0
388 40 51 0
389 500184 500195 0
390 500134 500143 0
391 500105 500132 0
392 500132 500166 0
393 27 90 0
394 500107 500143 0
395 500121 500171 0
396 500103 500132 0
397 39 68 0
398 15730 15812 0
399 15759 15807 0
--------------
1000000 :c
1003993 :sum(p)
999997 :sum(w)
