400 :n
id p,w,x
--------------
0 4037 4015 1
1 4085 4063 1
2 31419 31375 1
3 51 9 1
4 31423 31377 1
5 31426 31357 1
6 59 26 1
7 70 39 1
8 99 20 1
9 31449 31379 1
10 84 52 1
11 15796 15733 1
12 59 39 1
13 58 51 1
14 42 21 1
15 31447 31368 1
16 84 18 1
17 84 12 1
18 93 23 1
19 66 37 1
20 40 10 1
21 31449 31389 1
22 70 5 1
23 31403 31357 1
24 15820 15788 1
25 15800 15743 1
26 34 14 1
27 69 42 1
28 15794 15732 1
29 2111 2081 1
30 15788 15759 1
31 2131 2101 1
32 15798 15744 1
33 2090 2069 1
34 15795 15760 1
35 2147 2108 1
36 7995 7955 1
37 15825 15772 1
38 2136 2121 1
39 2119 2071 1
40 2102 2068 1
41 2123 2065 1
42 2141 2113 1
43 2139 2055 1
44 2102 2068 1
45 2111 2060 1
46 15810 15761 1
47 15800 15732 1
48 15783 15743 1
49 2131 2121 1
50 2151 2086 1
51 2111 2054 1
52 15791 15739 1
53 2140 2084 1
54 2144 2061 1
55 2142 2118 1
56 2097 2079 1
57 15770 15746 1
58 15813 15767 1
59 4085 4043 1
60 7997 7972 1
61 4042 4011 1
62 15812 15730 1
63 15817 15747 1
64 4074 4025 1
65 7984 7951 1
66 7959 7923 1
67 4103 4048 1
68 7989 7941 1
69 7956 7926 1
70 4096 4027 1
71 7996 7935 1
72 7992 7935 1
73 7947 7934 1
74 7962 7932 1
75 4105 4049 1
76 4099 4061 1
77 7988 7969 1
78 4085 4033 1
79 4031 4020 1
80 4056 4028 1
81 4060 4012 1
82 4075 4038 1
83 7977 7932 1
84 4087 4070 1
85 7997 7949 1
86 4027 4017 1
87 7988 7951 1
88 4033 4015 1
89 4039 4030 1
90 4036 4030 1
91 2082 2079 1
92 7969 7959 0
93 4106 4101 0
94 15821 15802 1
95 4059 4054 1
96 62697 62625 1
97 15765 15747 1
98 15805 15787 1
99 7954 7946 1
100 31429 31401 1
101 62657 62602 1
102 4070 4050 1
103 31387 31353 1
104 31404 31377 1
105 31431 31404 0
106 62690 62637 0
107 31445 31426 0
108 2140 2146 0
109 24 55 0
110 62661 62609 0
111 15751 15738 1
112 15796 15783 0
113 31392 31368 0
114 15795 15783 0
115 4058 4055 0
116 21 21 0
117 62681 62635 0
118 62676 62632 0
119 62687 62647 0
120 7918 7913 0
121 7944 7939 0
122 62656 62618 0
123 62686 62649 0
124 125186 125114 0
125 62679 62643 0
126 62655 62620 0
127 62695 62660 0
128 31405 31389 0
129 4034 4032 0
130 31388 31373 0
131 15751 15744 0
132 125194 125139 0
133 62650 62623 0
134 62660 62633 0
135 62637 62611 0
136 31370 31357 0
137 12 12 0
138 250192 250182 0
139 62650 62630 0
140 250192 250134 0
141 15763 15758 0
142 250134 250115 0
143 250199 250140 0
144 250126 250111 0
145 250186 250101 0
146 62619 62609 0
147 250189 250139 0
148 250157 250127 0
149 250174 250141 0
150 250180 250154 0
151 250191 250109 0
152 500176 500155 0
153 500159 500138 0
154 15747 15744 0
155 500192 500159 0
156 250150 250129 0
157 125145 125128 0
158 500158 500124 0
159 31416 31407 0
160 125160 125127 0
161 125190 125185 0
162 125177 125138 0
163 500153 500106 0
164 500144 500126 0
165 500155 500126 0
166 500193 500140 0
167 31376 31364 0
168 500169 500146 0
169 15794 15788 0
170 15813 15811 0
171 500195 500125 0
172 125158 125124 0
173 500176 500148 0
174 125113 125108 0
175 125141 125115 0
176 125188 125178 0
177 125195 125158 0
178 500195 500146 0
179 500129 500112 0
180 500184 500128 0
181 500172 500148 0
182 31382 31377 0
183 125148 125138 0
184 125166 125140 0
185 125148 125143 0
186 125186 125139 0
187 500168 500108 0
188 250197 250115 0
189 62618 62612 0
190 62641 62635 0
191 62642 62626 0
192 250179 250148 0
193 250195 250144 0
194 31356 31361 0
195 31369 31396 0
196 31375 31380 0
197 31383 31397 0
198 31360 31439 0
199 31407 31415 0
200 15741 15801 0
201 31359 31382 0
202 31361 31372 0
203 31389 31391 0
204 31351 31448 0
205 31392 31393 0
206 31425 31438 0
207 15731 15748 0
208 15743 15754 0
209 31381 31411 0
210 31380 31417 0
211 15730 15744 0
212 15728 15734 0
213 31355 31447 0
214 31355 31412 0
215 62639 62637 0
216 15803 15810 0
217 62648 62673 0
218 62651 62663 0
219 62617 62646 0
220 15735 15808 0
221 62614 62686 0
222 15783 15820 0
223 15738 15812 0
224 62610 62681 0
225 62666 62667 0
226 15779 15823 0
227 62683 62700 0
228 62619 62636 0
229 62623 62672 0
230 62622 62641 0
231 15757 15767 0
232 62611 62622 0
233 15776 15820 0
234 62684 62687 0
235 62667 62676 0
236 15731 15776 0
237 62609 62608 0
238 62661 62673 0
239 7936 7953 0
240 7927 7946 0
241 7923 7961 0
242 7967 7979 0
243 7957 7981 0
244 62621 62679 0
245 7978 8001 0
246 7947 7988 0
247 62663 62699 0
248 7985 8003 0
249 7941 8008 0
250 7931 7958 0
251 7913 7945 0
252 7934 7961 0
253 7934 7943 0
254 8000 8007 0
255 7923 7955 0
256 7971 7986 0
257 62617 62680 0
258 62615 62635 0
259 7924 7961 0
260 125199 125198 0
261 7970 8005 0
262 125113 125195 0
263 125128 125157 0
264 7953 7992 0
265 125114 125197 0
266 125160 125190 0
267 7931 7942 0
268 125123 125134 0
269 125130 125133 0
270 125101 125180 0
271 125162 125198 0
272 125113 125196 0
273 7950 7970 0
274 125113 125126 0
275 125110 125195 0
276 125112 125161 0
277 7930 7946 0
278 125123 125160 0
279 125112 125112 0
280 125119 125117 0
281 4009 4029 0
282 125136 125150 0
283 4092 4098 0
284 125144 125197 0
285 125149 125165 0
286 4031 4076 0
287 125119 125179 0
288 4071 4091 0
289 125136 125134 0
290 125101 125185 0
291 125127 125187 0
292 4028 4039 0
293 4029 4098 0
294 4068 4078 0
295 125133 125135 0
296 125121 125144 0
297 250147 250183 0
298 250153 250177 0
299 250140 250149 0
300 250136 250155 0
301 250167 250192 0
302 4069 4079 0
303 4057 4077 0
304 250110 250163 0
305 4009 4097 0
306 250159 250183 0
307 4027 4099 0
308 250118 250122 0
309 250151 250145 0
310 250134 250167 0
311 4048 4070 0
312 250131 250173 0
313 4019 4036 0
314 250140 250137 0
315 250170 250197 0
316 4031 4046 0
317 4015 4093 0
318 4087 4099 0
319 2077 2149 0
320 250103 250168 0
321 2093 2135 0
322 250127 250184 0
323 2061 2111 0
324 250123 250158 0
325 250130 250186 0
326 2072 2106 0
327 31398 31412 0
328 2129 2140 0
329 2066 2121 0
330 250112 250190 0
331 250152 250176 0
332 250107 250138 0
333 2105 2109 0
334 2083 2127 0
335 250139 250194 0
336 2059 2129 0
337 250135 250184 0
338 250145 250160 0
339 2069 2130 0
340 250130 250154 0
341 250164 250177 0
342 2117 2144 0
343 500110 500127 0
344 2131 2144 0
345 2058 2086 0
346 2096 2151 0
347 2090 2131 0
348 500145 500179 0
349 2094 2110 0
350 500192 500184 0
351 2067 2078 0
352 500110 500113 0
353 500135 500191 0
354 500150 500168 0
355 2126 2152 0
356 500104 500119 0
357 2064 2114 0
358 500124 500195 0
359 500115 500184 0
360 68 91 0
361 31364 31422 0
362 56 72 0
363 500188 500185 0
364 1 80 0
365 500107 500109 0
366 27 91 0
367 500101 500162 0
368 61 68 0
369 11 64 0
370 57 84 0
371 500133 500167 0
372 500102 500159 0
373 31388 31434 0
374 4 46 0
375 4 85 0
376 53 69 0
377 21 55 0
378 20 91 0
379 52 97 0
380 500127 500178 0
381 75 80 0
382 500106 500118 0
383 500117 500141 0
384 17 86 0
385 500102 500175 0
386 500117 500151 0
387 500118 500199 0
388 500151 500195 0
389 500127 500181 0
390 46 56 0
391 500186 500192 0
392 38 46 0
393 12 31 0
394 39 51 0
395 23 60 0
396 2 24 0
397 500118 500170 0
398 31366 31408 0
399 31363 31414 0
--------------
1000000 :c
1004121 :sum(p)
1000000 :sum(w)
