400 :n
id p,w,x
--------------
0 15819 15726 1
1 15817 15735 1
2 15819 15727 1
3 15817 15728 1
4 8009 7947 1
5 4098 4067 1
6 4056 4029 1
7 79 57 1
8 4091 4041 1
9 90 23 1
10 4046 4022 1
11 4097 4024 1
12 4077 4029 1
13 86 2 1
14 2115 2056 1
15 50 20 1
16 2146 2114 1
17 2111 2072 1
18 67 26 1
19 2114 2068 1
20 2128 2069 1
21 2126 2058 1
22 2137 2056 1
23 2109 2058 1
24 2151 2128 1
25 2110 2069 1
26 2098 2073 1
27 2138 2101 1
28 2134 2081 1
29 2097 2075 1
30 2148 2097 1
31 7974 7935 1
32 15783 15727 1
33 15799 15746 1
34 15812 15766 1
35 15818 15772 1
36 31423 31352 1
37 7961 7920 1
38 31450 31359 1
39 34 15 1
40 47 35 1
41 57 45 1
42 49 40 1
43 49 41 1
44 65 57 1
45 71 63 1
46 29 26 1
47 85 77 1
48 79 72 1
49 12 11 0
50 40 37 1
51 92 90 1
52 2103 2091 1
53 4074 4052 1
54 4065 4044 1
55 4043 4023 1
56 7975 7939 1
57 7994 7965 1
58 7971 7945 1
59 7992 7966 1
60 4071 4058 1
61 7939 7914 1
62 7999 7974 1
63 7976 7952 1
64 7994 7970 1
65 4068 4057 1
66 8011 7993 1
67 7970 7954 1
68 31413 31351 1
69 4073 4065 1
70 15800 15772 1
71 7943 7929 1
72 31434 31380 1
73 15797 15770 1
74 15804 15777 1
75 15819 15792 1
76 31401 31352 1
77 7981 7969 1
78 31404 31362 1
79 41 25 1
80 62700 62615 1
81 31449 31405 1
82 2138 2135 1
83 15820 15799 1
84 31427 31387 1
85 31420 31381 1
86 4050 4045 1
87 31418 31380 1
88 15781 15762 1
89 62677 62603 1
90 31443 31407 1
91 4072 4066 1
92 15781 15758 1
93 62684 62616 0
94 31435 31401 1
95 62693 62627 0
96 62700 62639 0
97 15810 15811 0
98 62652 62602 0
99 7921 7913 0
100 7934 7926 0
101 62676 62613 0
102 62686 62624 0
103 4095 4091 1
104 2073 2071 1
105 31422 31392 1
106 2114 2112 1
107 7971 7964 1
108 62684 62628 0
109 62699 62639 0
110 62669 62615 0
111 15729 15803 0
112 2137 2151 0
113 7997 7991 0
114 62646 62601 0
115 15806 15795 0
116 62674 62632 0
117 62684 62644 0
118 62647 62609 0
119 125198 125123 0
120 125183 125109 0
121 31410 31392 0
122 62651 62616 0
123 62681 62646 0
124 62667 62633 0
125 31432 31415 0
126 125192 125128 0
127 4043 4041 0
128 125169 125109 0
129 31417 31402 0
130 31411 31397 0
131 62678 62651 0
132 125187 125134 0
133 62667 62642 0
134 125179 125130 0
135 125187 125139 0
136 31435 31423 0
137 7974 7971 0
138 250199 250105 0
139 125182 125135 0
140 31408 31397 0
141 125190 125147 0
142 125143 125102 0
143 125146 125105 0
144 125158 125117 0
145 125186 125145 0
146 125194 125153 0
147 31381 31371 0
148 250188 250113 0
149 125140 125106 0
150 250172 250108 0
151 15797 15793 0
152 250199 250139 0
153 250190 250132 0
154 125177 125150 0
155 62619 62606 0
156 250190 250142 0
157 125135 125111 0
158 31436 31430 0
159 250163 250120 0
160 250199 250158 0
161 125143 125123 0
162 125161 125141 0
163 125190 125170 0
164 31369 31364 0
165 250186 250149 0
166 250152 250118 0
167 31369 31365 0
168 7963 7962 0
169 250163 250135 0
170 62650 62643 0
171 250142 250116 0
172 250127 250104 0
173 250147 250124 0
174 125163 125153 0
175 250129 250110 0
176 250128 250113 0
177 250146 250132 0
178 125195 125189 0
179 250168 250157 0
180 250114 250105 0
181 250111 250103 0
182 250152 250144 0
183 125149 125145 0
184 62670 62668 0
185 250130 250123 0
186 250136 250132 0
187 250177 250175 0
188 125184 125183 0
189 125157 125157 0
190 31429 31429 0
191 250158 250158 0
192 2089 2089 0
193 250119 250121 0
194 250135 250140 0
195 250102 250107 0
196 7976 7977 0
197 7960 7961 0
198 7943 7944 0
199 4078 4079 0
200 8007 8011 0
201 4094 4097 0
202 2059 2061 1
203 4052 4058 0
204 4083 4092 0
205 2075 2080 0
206 2126 2132 0
207 2108 2115 0
208 2101 2111 0
209 94 95 1
210 75 76 1
211 93 100 0
212 38 43 0
213 64 74 0
214 37 47 0
215 7 15 0
216 500200 500155 0
217 500186 500110 0
218 500179 500101 0
219 500124 500132 0
220 500172 500155 0
221 500183 500160 0
222 500157 500123 0
223 500196 500166 0
224 500194 500188 0
225 500165 500161 0
226 500193 500176 0
227 500176 500106 0
228 500183 500158 0
229 500183 500185 0
230 500131 500140 0
231 500154 500140 0
232 500199 500115 0
233 500181 500142 0
234 500175 500177 0
235 500135 500150 0
236 500188 500174 0
237 500147 500127 0
238 500117 500115 0
239 500180 500171 0
240 7919 7948 0
241 31402 31418 0
242 7955 8002 0
243 31420 31445 0
244 7952 7981 0
245 7941 8009 0
246 250107 250115 0
247 31354 31373 0
248 7925 7947 0
249 31365 31445 0
250 7976 8008 0
251 15748 15806 0
252 15753 15815 0
253 15776 15811 0
254 31430 31437 0
255 31381 31443 0
256 31416 31424 0
257 7929 7952 0
258 7945 7995 0
259 31397 31403 0
260 7950 7968 0
261 31361 31417 0
262 7979 7993 0
263 31356 31439 0
264 31367 31449 0
265 31428 31437 0
266 7956 7992 0
267 7968 8011 0
268 31398 31435 0
269 7963 8009 0
270 31391 31421 0
271 250101 250164 0
272 31384 31387 0
273 7970 7977 0
274 31364 31373 0
275 62638 62651 0
276 62613 62624 0
277 7966 7991 0
278 62609 62621 0
279 250102 250196 0
280 250140 250193 0
281 4023 4051 0
282 62607 62676 0
283 62616 62682 0
284 4040 4086 0
285 4011 4085 0
286 4011 4062 0
287 4008 4024 0
288 62642 62686 0
289 4010 4065 0
290 4051 4105 0
291 62607 62613 0
292 62601 62614 0
293 4022 4043 0
294 4045 4077 0
295 15769 15790 0
296 62615 62699 0
297 62608 62675 0
298 15797 15817 0
299 62664 62682 0
300 15739 15811 0
301 62656 62693 0
302 4057 4099 0
303 4020 4097 0
304 62612 62617 0
305 62611 62666 0
306 4021 4076 0
307 4043 4079 0
308 4077 4094 0
309 4058 4085 0
310 4067 4080 0
311 4035 4046 0
312 4025 4068 0
313 62617 62665 0
314 15783 15795 0
315 4041 4080 0
316 62617 62680 0
317 62622 62654 0
318 4040 4057 0
319 125104 125138 0
320 2070 2098 0
321 125116 125179 0
322 125118 125158 0
323 15743 15810 0
324 500109 500199 0
325 125137 125145 0
326 2078 2137 0
327 125101 125162 0
328 500108 500191 0
329 15791 15802 0
330 125141 125185 0
331 125138 125173 0
332 2100 2133 0
333 125107 125195 0
334 500176 500196 0
335 15734 15763 0
336 15745 15772 0
337 500120 500150 0
338 500120 500180 0
339 125155 125173 0
340 125136 125156 0
341 2074 2093 0
342 2093 2124 0
343 125131 125161 0
344 125120 125172 0
345 125129 125171 0
346 2090 2138 0
347 2091 2146 0
348 2075 2145 0
349 125101 125130 0
350 500139 500167 0
351 2064 2135 0
352 15758 15774 0
353 2112 2151 0
354 2104 2117 0
355 2075 2113 0
356 2081 2140 0
357 15730 15786 0
358 2070 2134 0
359 50 66 0
360 42 95 0
361 15739 15776 0
362 500164 500199 0
363 16 49 0
364 500143 500184 0
365 500166 500184 0
366 250110 250197 0
367 500112 500182 0
368 51 88 0
369 125151 125162 0
370 250113 250195 0
371 250147 250172 0
372 15726 15766 0
373 15745 15771 0
374 500133 500148 0
375 62 98 0
376 15742 15794 0
377 18 87 0
378 41 72 0
379 250105 250127 0
380 74 98 0
381 500103 500164 0
382 250130 250171 0
383 500124 500169 0
384 41 89 0
385 15761 15787 0
386 500138 500189 0
387 20 58 0
388 9 85 0
389 49 98 0
390 250115 250199 0
391 15732 15781 0
392 69 96 0
393 11 50 0
394 250127 250156 0
395 250160 250192 0
396 500129 500186 0
397 500115 500161 0
398 15777 15797 0
399 15759 15769 0
--------------
1000000 :c
1003366 :sum(p)
1000000 :sum(w)
