400 :n
id p,w,x
--------------
0 2123 2061 1
1 2107 2076 1
2 15825 15745 1
3 2119 2076 1
4 98 4 1
5 97 47 1
6 67 4 1
7 15785 15728 1
8 15792 15732 1
9 79 56 1
10 15813 15754 1
11 15792 15726 1
12 8000 7927 1
13 7993 7923 1
14 2122 2101 1
15 8006 7915 1
16 2121 2082 1
17 80 33 1
18 56 27 1
19 95 8 1
20 48 27 1
21 7982 7917 1
22 7952 7922 1
23 8008 7963 1
24 7996 7947 1
25 78 59 1
26 8011 7982 1
27 4057 4025 1
28 26 2 1
29 4096 4052 1
30 4084 4033 1
31 40 23 1
32 4071 4026 1
33 4085 4019 1
34 86 40 1
35 4087 4067 1
36 4068 4019 1
37 4043 4015 1
38 4075 4019 1
39 2099 2070 1
40 4088 4045 1
41 4092 4072 1
42 2128 2078 1
43 15818 15766 1
44 2137 2068 1
45 4060 4023 1
46 4094 4040 1
47 99 77 1
48 92 49 1
49 4106 4087 1
50 4061 4040 1
51 2130 2070 1
52 2150 2093 1
53 2147 2080 1
54 2107 2062 1
55 2137 2114 1
56 2149 2094 1
57 2139 2073 1
58 2124 2081 1
59 2146 2089 1
60 2138 2061 1
61 2109 2085 1
62 31442 31377 1
63 31434 31359 1
64 15798 15748 1
65 33 23 1
66 36 30 1
67 41 36 1
68 27 24 1
69 80 74 1
70 85 81 1
71 2066 2056 1
72 2139 2132 0
73 4038 4026 1
74 4050 4038 1
75 8010 7987 1
76 7950 7928 1
77 7992 7970 1
78 15813 15771 1
79 4076 4066 0
80 15806 15769 1
81 7981 7964 1
82 15801 15769 1
83 7970 7954 1
84 31431 31369 1
85 2086 2082 0
86 31416 31358 1
87 7942 7928 1
88 31405 31351 1
89 4093 4086 1
90 7956 7943 1
91 7974 7961 1
92 31416 31368 1
93 31443 31397 1
94 2083 2080 0
95 31420 31375 1
96 2138 2135 0
97 31445 31401 1
98 31441 31399 1
99 15817 15796 1
100 31402 31361 1
101 31419 31379 1
102 15780 15760 1
103 8010 8000 0
104 4016 4011 0
105 62696 62620 1
106 4080 4059 1
107 31392 31351 1
108 15758 15730 1
109 31395 31357 1
110 31430 31394 1
111 15744 15726 0
112 31443 31449 0
113 15798 15818 0
114 6 61 0
115 15783 15765 0
116 15791 15774 1
117 31408 31378 0
118 62660 62602 0
119 62697 62641 0
120 2128 2145 0
121 62693 62640 0
122 31384 31358 0
123 15763 15750 0
124 62687 62638 0
125 31399 31375 0
126 15753 15741 0
127 62664 62617 0
128 8002 7996 0
129 62665 62621 0
130 31433 31411 0
131 31435 31413 0
132 62673 62634 0
133 62694 62658 0
134 125183 125112 0
135 125197 125126 0
136 7943 7939 0
137 7977 7973 0
138 62634 62603 0
139 4064 4062 0
140 4070 4068 0
141 31392 31377 0
142 125186 125128 0
143 62675 62646 0
144 125172 125115 0
145 62652 62624 0
146 62695 62668 0
147 31378 31365 0
148 62643 62618 0
149 250200 250104 0
150 62670 62646 0
151 15732 15726 0
152 62624 62601 0
153 62667 62644 0
154 125194 125149 0
155 125144 125102 0
156 125177 125136 0
157 250186 250108 0
158 62632 62614 0
159 125147 125112 0
160 125191 125157 0
161 125199 125166 0
162 250181 250116 0
163 62624 62608 0
164 62660 62644 0
165 250196 250133 0
166 250162 250102 0
167 125145 125115 0
168 62660 62645 0
169 250181 250122 0
170 250192 250133 0
171 125127 125101 0
172 125150 125124 0
173 125190 125164 0
174 500200 500101 0
175 250177 250129 0
176 125160 125137 0
177 500196 500108 0
178 125174 125153 0
179 4034 4034 0
180 2099 2101 0
181 4063 4069 0
182 4034 4040 0
183 4090 4097 0
184 4029 4036 0
185 4035 4044 0
186 2121 2132 0
187 76 82 0
188 80 88 0
189 75 84 0
190 32 41 0
191 29 39 0
192 20 31 0
193 4 7 0
194 500175 500117 0
195 250141 250104 0
196 125160 125152 0
197 250139 250136 0
198 250168 250161 0
199 250155 250121 0
200 125128 125113 0
201 500176 500161 0
202 500158 500137 0
203 250136 250125 0
204 250196 250162 0
205 250175 250156 0
206 500162 500158 0
207 500176 500168 0
208 500173 500138 0
209 250133 250114 0
210 250148 250136 0
211 500133 500120 0
212 500187 500169 0
213 500181 500176 0
214 31393 31389 0
215 500168 500121 0
216 500189 500137 0
217 31368 31364 0
218 62695 62689 0
219 500176 500164 0
220 500174 500133 0
221 500195 500132 0
222 250157 250117 0
223 500196 500143 0
224 500130 500123 0
225 500170 500122 0
226 31415 31410 0
227 500190 500172 0
228 500147 500138 0
229 500177 500109 0
230 125161 125145 0
231 500199 500130 0
232 15749 15824 0
233 31418 31444 0
234 31403 31429 0
235 31381 31441 0
236 15766 15796 0
237 31370 31410 0
238 31359 31445 0
239 7968 7980 0
240 31356 31357 0
241 7937 7976 0
242 7925 7961 0
243 31379 31433 0
244 31439 31449 0
245 31377 31387 0
246 31367 31409 0
247 7952 8006 0
248 31431 31448 0
249 15759 15818 0
250 7993 8006 0
251 7943 7961 0
252 31357 31400 0
253 7938 7946 0
254 31377 31450 0
255 7918 7957 0
256 31370 31374 0
257 62624 62624 0
258 62611 62649 0
259 62662 62689 0
260 7966 7991 0
261 62602 62619 0
262 7925 7988 0
263 62618 62664 0
264 7926 8002 0
265 7933 7993 0
266 62652 62691 0
267 7962 7973 0
268 7957 7992 0
269 7962 8003 0
270 7929 7953 0
271 7925 7937 0
272 7919 7950 0
273 62640 62682 0
274 62601 62645 0
275 62669 62677 0
276 62650 62672 0
277 7915 7925 0
278 8006 8012 0
279 62668 62688 0
280 62617 62661 0
281 62636 62686 0
282 62646 62661 0
283 62684 62696 0
284 4029 4099 0
285 4011 4055 0
286 62612 62635 0
287 4010 4091 0
288 15748 15764 0
289 62626 62693 0
290 500106 500105 0
291 4035 4104 0
292 62644 62686 0
293 125122 125187 0
294 125147 125187 0
295 125124 125132 0
296 125104 125117 0
297 125100 125152 0
298 125152 125167 0
299 15787 15824 0
300 15743 15801 0
301 4011 4030 0
302 125153 125164 0
303 4024 4079 0
304 125159 125185 0
305 125118 125153 0
306 4015 4084 0
307 125138 125142 0
308 125145 125149 0
309 125138 125197 0
310 125113 125136 0
311 125100 125163 0
312 15791 15821 0
313 4032 4062 0
314 4031 4048 0
315 4020 4052 0
316 125157 125167 0
317 15727 15783 0
318 4055 4098 0
319 125156 125178 0
320 2101 2128 0
321 125161 125168 0
322 2064 2121 0
323 2110 2151 0
324 125107 125150 0
325 2055 2084 0
326 2114 2152 0
327 2077 2108 0
328 125134 125134 0
329 125124 125135 0
330 125142 125178 0
331 250105 250126 0
332 250123 250184 0
333 250110 250126 0
334 15779 15787 0
335 250122 250168 0
336 250146 250151 0
337 250109 250199 0
338 250116 250142 0
339 2083 2125 0
340 15746 15788 0
341 2106 2152 0
342 250185 250191 0
343 15742 15772 0
344 250117 250172 0
345 250155 250178 0
346 250126 250143 0
347 250156 250182 0
348 250134 250163 0
349 2055 2139 0
350 250104 250159 0
351 2105 2134 0
352 250102 250109 0
353 2076 2096 0
354 2073 2118 0
355 250120 250174 0
356 2073 2129 0
357 250170 250175 0
358 250101 250108 0
359 15757 15795 0
360 250125 250190 0
361 15741 15786 0
362 250102 250115 0
363 250101 250145 0
364 250117 250162 0
365 15729 15773 0
366 15730 15771 0
367 12 78 0
368 11 70 0
369 500172 500185 0
370 30 57 0
371 500163 500173 0
372 15740 15741 0
373 500114 500114 0
374 500109 500190 0
375 9 45 0
376 12 79 0
377 500109 500109 0
378 500126 500197 0
379 500114 500130 0
380 22 75 0
381 500175 500183 0
382 25 96 0
383 24 96 0
384 500103 500141 0
385 500143 500195 0
386 500106 500151 0
387 500115 500195 0
388 20 99 0
389 500142 500180 0
390 500103 500175 0
391 15789 15791 0
392 6 48 0
393 57 99 0
394 500118 500188 0
395 500131 500171 0
396 7 67 0
397 15754 15817 0
398 15743 15746 0
399 15796 15800 0
--------------
1000000 :c
1004208 :sum(p)
1000000 :sum(w)
