400 :n
id p,w,x
--------------
0 8011 7916 1
1 72 9 1
2 55 9 1
3 67 16 1
4 61 21 1
5 52 20 1
6 58 32 1
7 68 38 1
8 61 43 1
9 27 20 1
10 59 45 1
11 58 46 1
12 71 60 1
13 48 42 1
14 22 21 1
15 2138 2054 1
16 2130 2057 1
17 2131 2062 1
18 2146 2080 1
19 2132 2075 1
20 2117 2063 1
21 2110 2062 1
22 4096 4008 1
23 2112 2068 1
24 2114 2073 1
25 4095 4020 1
26 4104 4029 1
27 4102 4038 1
28 4095 4038 1
29 4092 4036 1
30 2130 2102 1
31 4075 4022 1
32 2121 2096 1
33 4089 4043 1
34 2141 2118 1
35 4043 4008 1
36 4071 4036 1
37 4055 4023 1
38 7996 7933 1
39 8008 7949 1
40 7978 7921 1
41 8004 7948 1
42 7992 7939 1
43 4052 4026 1
44 15825 15738 1
45 4048 4026 1
46 2068 2057 1
47 15816 15733 1
48 15824 15742 1
49 4029 4009 1
50 4099 4079 1
51 15817 15740 1
52 15820 15750 1
53 8003 7971 1
54 4084 4068 1
55 4077 4062 1
56 8006 7978 1
57 4106 4093 1
58 15807 15757 1
59 15822 15773 1
60 31441 31352 1
61 8009 7987 1
62 15769 15727 1
63 7938 7917 1
64 15777 15736 1
65 15818 15777 1
66 8010 7990 1
67 31440 31363 1
68 15815 15779 1
69 8011 7993 1
70 7986 7969 1
71 31422 31356 1
72 31450 31384 1
73 31407 31362 1
74 15825 15753 1
75 31448 31390 1
76 31450 31401 1
77 31413 31360 1
78 62682 62611 1
79 8005 7991 1
80 4095 4089 1
81 15794 15771 1
82 2066 2063 1
83 2125 2122 1
84 31394 31361 1
85 62678 62613 1
86 31406 31374 1
87 2061 2059 1
88 2091 2089 0
89 31446 31416 1
90 62678 62621 0
91 15800 15768 1
92 7960 7948 1
93 7971 7964 1
94 7986 7979 1
95 62682 62628 0
96 7995 8008 0
97 26 58 0
98 15808 15814 0
99 31401 31374 1
100 31423 31396 0
101 31445 31418 0
102 62697 62648 0
103 7953 7947 1
104 62675 62630 0
105 31388 31367 0
106 15819 15811 1
107 4103 4101 1
108 125197 125122 0
109 62674 62638 0
110 125180 125113 0
111 125198 125121 0
112 125167 125104 0
113 62642 62613 0
114 125158 125101 0
115 125184 125130 0
116 62668 62629 0
117 125164 125110 0
118 125168 125113 0
119 125176 125124 0
120 31379 31366 0
121 125180 125129 0
122 62650 62626 0
123 125187 125141 0
124 125158 125113 0
125 250197 250115 0
126 125179 125138 0
127 125148 125108 0
128 62691 62671 0
129 31446 31436 0
130 125150 125113 0
131 250181 250108 0
132 250200 250127 0
133 250188 250116 0
134 125177 125141 0
135 62671 62653 0
136 62699 62681 0
137 125157 125123 0
138 62670 62654 0
139 15746 15742 0
140 7965 7963 0
141 4053 4052 1
142 125166 125141 0
143 250196 250147 0
144 250200 250156 0
145 31413 31408 0
146 500180 500108 0
147 250138 250102 0
148 125166 125148 0
149 125194 125178 0
150 62638 62630 0
151 62694 62686 0
152 500191 500130 0
153 250132 250102 0
154 250176 250147 0
155 62608 62601 0
156 500190 500144 0
157 250150 250129 0
158 250155 250134 0
159 250171 250151 0
160 250153 250136 0
161 500183 500151 0
162 31379 31378 0
163 31395 31394 0
164 31449 31448 0
165 24 24 1
166 31351 31351 0
167 4046 4046 0
168 40 40 1
169 15801 15802 0
170 31406 31410 0
171 7922 7924 0
172 15734 15738 0
173 15737 15744 0
174 15805 15815 0
175 15749 15760 0
176 7993 7999 0
177 7913 7920 0
178 15782 15799 0
179 15771 15788 0
180 7914 7926 0
181 2129 2133 0
182 4011 4020 0
183 4047 4057 0
184 4083 4094 0
185 7915 7938 0
186 4089 4102 0
187 2126 2133 0
188 2134 2142 0
189 2079 2087 0
190 4053 4070 0
191 4051 4068 0
192 4022 4044 0
193 2106 2119 0
194 2065 2081 0
195 2075 2092 0
196 2066 2083 0
197 2116 2137 0
198 2093 2114 0
199 2121 2143 0
200 2119 2144 0
201 84 85 1
202 2091 2119 0
203 2088 2117 0
204 2054 2084 0
205 85 88 0
206 89 95 0
207 63 68 0
208 55 61 0
209 6 7 0
210 73 87 0
211 45 55 0
212 75 92 0
213 61 85 0
214 63 93 0
215 48 77 0
216 21 44 0
217 15781 15818 0
218 15751 15795 0
219 15755 15787 0
220 15751 15822 0
221 125132 125162 0
222 125152 125152 0
223 15767 15802 0
224 125175 125191 0
225 15731 15751 0
226 125158 125193 0
227 125166 125194 0
228 125145 125155 0
229 125143 125140 0
230 125165 125189 0
231 125114 125199 0
232 125101 125177 0
233 15727 15818 0
234 15758 15783 0
235 125121 125144 0
236 125146 125174 0
237 15731 15751 0
238 15749 15794 0
239 7914 7995 0
240 7914 7957 0
241 125118 125139 0
242 125136 125184 0
243 7927 7954 0
244 125184 125193 0
245 7920 8007 0
246 125170 125190 0
247 125166 125161 0
248 7925 7986 0
249 125106 125131 0
250 7951 7998 0
251 7926 7982 0
252 125124 125164 0
253 125100 125176 0
254 15730 15798 0
255 250162 250181 0
256 62667 62696 0
257 7949 7989 0
258 250121 250158 0
259 250161 250153 0
260 250156 250140 0
261 7954 7984 0
262 15768 15809 0
263 62646 62682 0
264 7923 7989 0
265 7916 7943 0
266 250119 250113 0
267 250147 250159 0
268 7923 7959 0
269 250108 250162 0
270 250118 250200 0
271 62663 62683 0
272 7914 7975 0
273 250120 250120 0
274 15741 15822 0
275 250102 250111 0
276 250133 250175 0
277 7914 7958 0
278 7941 8007 0
279 4065 4096 0
280 62612 62690 0
281 4033 4106 0
282 250135 250164 0
283 250149 250136 0
284 250199 250192 0
285 250169 250185 0
286 250111 250146 0
287 4011 4088 0
288 4031 4073 0
289 250125 250163 0
290 250135 250177 0
291 31362 31379 0
292 4020 4089 0
293 250129 250155 0
294 4037 4078 0
295 250158 250181 0
296 15726 15814 0
297 250149 250194 0
298 250196 250185 0
299 250151 250175 0
300 250115 250196 0
301 4067 4103 0
302 15763 15812 0
303 15748 15818 0
304 250192 250186 0
305 250125 250166 0
306 250118 250180 0
307 4008 4055 0
308 500141 500178 0
309 62693 62690 0
310 4056 4095 0
311 500187 500179 0
312 500116 500122 0
313 500104 500125 0
314 31382 31407 0
315 62613 62671 0
316 500114 500174 0
317 4009 4058 0
318 4057 4096 0
319 500108 500106 0
320 62660 62668 0
321 31387 31420 0
322 2091 2153 0
323 500169 500200 0
324 500119 500150 0
325 500198 500185 0
326 500146 500138 0
327 2100 2148 0
328 500141 500119 0
329 2068 2124 0
330 500117 500124 0
331 62606 62667 0
332 500107 500198 0
333 62605 62610 0
334 31379 31387 0
335 31409 31423 0
336 62665 62699 0
337 500153 500123 0
338 2086 2153 0
339 31355 31415 0
340 2111 2150 0
341 62605 62699 0
342 31372 31382 0
343 31381 31432 0
344 2068 2135 0
345 62694 62692 0
346 31380 31437 0
347 2055 2134 0
348 500101 500188 0
349 500137 500110 0
350 500125 500106 0
351 500114 500120 0
352 62613 62689 0
353 62668 62684 0
354 500149 500133 0
355 2097 2131 0
356 500120 500158 0
357 500162 500156 0
358 500125 500200 0
359 500168 500139 0
360 38 82 0
361 500189 500200 0
362 500138 500138 0
363 62634 62688 0
364 62624 62700 0
365 32 98 0
366 31359 31412 0
367 500117 500121 0
368 500168 500149 0
369 62618 62621 0
370 2 54 0
371 62652 62669 0
372 62622 62649 0
373 500166 500155 0
374 2 97 0
375 500143 500134 0
376 62605 62656 0
377 12 67 0
378 31356 31450 0
379 62654 62650 0
380 29 99 0
381 500195 500198 0
382 500127 500110 0
383 500171 500147 0
384 31353 31406 0
385 500143 500142 0
386 500124 500156 0
387 30 67 0
388 31375 31381 0
389 500130 500141 0
390 31369 31437 0
391 62624 62685 0
392 500121 500115 0
393 10 53 0
394 28 83 0
395 42 99 0
396 31428 31433 0
397 31378 31428 0
398 62601 62647 0
399 31362 31421 0
--------------
1000000 :c
1003885 :sum(p)
1000000 :sum(w)
