400 :n
id p,w,x
--------------
0 57 28 1
1 2153 2066 1
2 40 1 1
3 95 1 1
4 87 52 1
5 22 1 1
6 36 3 1
7 83 55 1
8 51 33 1
9 66 38 1
10 86 46 1
11 73 5 1
12 51 18 1
13 81 46 1
14 18 9 1
15 17 9 1
16 50 44 1
17 86 41 1
18 4073 4024 1
19 4087 4024 1
20 4043 4022 1
21 4071 4039 1
22 8001 7929 1
23 4095 4055 1
24 8009 7941 1
25 4070 4047 1
26 4037 4015 1
27 4102 4020 1
28 2075 2064 1
29 4078 4033 1
30 4083 4054 1
31 2091 2066 1
32 2102 2078 1
33 2138 2056 1
34 7952 7913 1
35 4038 4016 1
36 2123 2068 1
37 2112 2084 1
38 2106 2094 1
39 2094 2068 1
40 2077 2057 1
41 15825 15739 1
42 4103 4032 1
43 2136 2079 1
44 2142 2074 1
45 2129 2057 1
46 2105 2068 1
47 2135 2078 1
48 31430 31388 1
49 31434 31391 1
50 62685 62606 1
51 31438 31352 1
52 4097 4086 1
53 15792 15748 1
54 31402 31355 1
55 7988 7964 1
56 15811 15781 1
57 4103 4089 1
58 7931 7913 1
59 7951 7932 1
60 4074 4056 1
61 15792 15738 1
62 7960 7921 1
63 4079 4059 1
64 31424 31381 1
65 7963 7924 1
66 15816 15771 1
67 15790 15747 1
68 15788 15738 1
69 15821 15766 1
70 15822 15794 1
71 7999 7968 1
72 8007 7991 1
73 8004 7991 1
74 2067 2057 1
75 31416 31354 1
76 31440 31393 1
77 31425 31381 1
78 15817 15770 1
79 15760 15729 1
80 4059 4043 1
81 2063 2055 1
82 2087 2078 1
83 7965 7951 1
84 7948 7924 1
85 7994 7981 1
86 31449 31410 1
87 31429 31389 1
88 31402 31361 1
89 77 75 1
90 48 47 1
91 89 88 1
92 4043 4036 1
93 4071 4064 1
94 8003 7991 1
95 4046 4040 1
96 4086 4080 1
97 7936 7925 1
98 7958 7947 1
99 15787 15766 1
100 4094 4089 1
101 31404 31369 1
102 82 63 1
103 62680 62609 1
104 31404 31366 1
105 62670 62602 0
106 15784 15768 0
107 31450 31428 0
108 15741 15729 1
109 21 49 0
110 31404 31373 0
111 31405 31375 0
112 15749 15734 0
113 7981 7974 0
114 4018 4015 0
115 4088 4086 0
116 2062 2061 0
117 2068 2068 0
118 62680 62641 0
119 31427 31399 0
120 62691 62653 0
121 62656 62618 0
122 62666 62603 0
123 62658 62617 0
124 62695 62658 0
125 62654 62618 0
126 62635 62601 0
127 125189 125116 0
128 62640 62608 0
129 62697 62661 0
130 125167 125109 0
131 250157 250106 0
132 250184 250140 0
133 250192 250139 0
134 62661 62643 0
135 62637 62612 0
136 62649 62630 0
137 250191 250107 0
138 125183 125156 0
139 125174 125128 0
140 125188 125157 0
141 125186 125128 0
142 62700 62684 0
143 250163 250113 0
144 15787 15784 0
145 125176 125149 0
146 500192 500104 0
147 125182 125145 0
148 125154 125100 0
149 500191 500101 0
150 125166 125118 0
151 62663 62651 0
152 125164 125107 0
153 7982 7979 0
154 250167 250106 0
155 62647 62633 0
156 62665 62620 0
157 62617 62618 0
158 62606 62621 0
159 62697 62688 0
160 62688 62689 0
161 62630 62630 0
162 62675 62683 0
163 62649 62638 0
164 62673 62675 0
165 31419 31424 0
166 62620 62623 0
167 62652 62642 0
168 125165 125157 0
169 125119 125161 0
170 125111 125112 0
171 125143 125129 0
172 125186 125194 0
173 31399 31398 0
174 125105 125109 0
175 125114 125157 0
176 125144 125179 0
177 125175 125186 0
178 125132 125162 0
179 125128 125130 0
180 125119 125104 0
181 125135 125158 0
182 125177 125195 0
183 125103 125130 0
184 62603 62617 0
185 125197 125196 0
186 125119 125114 0
187 125180 125190 0
188 125151 125141 0
189 31423 31424 0
190 125154 125165 0
191 125163 125187 0
192 250134 250153 0
193 250178 250196 0
194 250188 250178 0
195 250109 250118 0
196 250170 250148 0
197 250131 250102 0
198 250104 250141 0
199 250119 250110 0
200 15807 15811 0
201 250146 250112 0
202 250144 250164 0
203 250133 250123 0
204 15769 15768 0
205 250101 250132 0
206 250181 250163 0
207 250111 250150 0
208 250151 250200 0
209 250110 250173 0
210 250121 250137 0
211 15787 15787 0
212 250128 250173 0
213 250102 250193 0
214 250150 250144 0
215 250152 250139 0
216 250156 250146 0
217 250166 250141 0
218 15804 15810 0
219 250171 250144 0
220 250134 250187 0
221 250191 250160 0
222 250148 250123 0
223 15741 15744 0
224 250161 250159 0
225 250114 250184 0
226 250153 250168 0
227 250131 250101 0
228 250146 250159 0
229 250190 250189 0
230 250166 250191 0
231 500161 500153 0
232 500185 500168 0
233 500145 500196 0
234 500118 500111 0
235 500120 500141 0
236 500179 500136 0
237 500199 500144 0
238 500192 500156 0
239 500193 500157 0
240 500109 500155 0
241 500113 500112 0
242 500104 500147 0
243 500173 500162 0
244 500149 500126 0
245 500154 500103 0
246 500105 500170 0
247 500170 500126 0
248 500154 500110 0
249 500131 500160 0
250 500154 500180 0
251 500143 500128 0
252 500162 500168 0
253 500137 500187 0
254 500132 500188 0
255 500177 500200 0
256 500198 500150 0
257 500187 500102 0
258 500165 500158 0
259 4102 4103 0
260 500162 500114 0
261 8002 8003 0
262 500135 500158 0
263 500147 500163 0
264 500172 500135 0
265 500149 500125 0
266 500108 500182 0
267 7998 8000 0
268 500150 500127 0
269 500106 500174 0
270 500110 500148 0
271 500193 500138 0
272 62610 62618 0
273 62671 62682 0
274 7948 7978 0
275 7943 7996 0
276 7943 7972 0
277 7991 8010 0
278 7920 7996 0
279 7962 7984 0
280 7918 7996 0
281 7925 7983 0
282 4059 4090 0
283 7952 7996 0
284 7989 8005 0
285 4016 4045 0
286 4051 4071 0
287 4047 4069 0
288 7978 8009 0
289 7965 8006 0
290 7920 7928 0
291 4024 4099 0
292 4024 4096 0
293 4053 4057 0
294 7938 7942 0
295 4032 4040 0
296 4070 4079 0
297 7976 8008 0
298 7925 7929 0
299 7931 7969 0
300 15749 15780 0
301 4052 4069 0
302 4039 4043 0
303 15735 15796 0
304 15756 15794 0
305 4073 4089 0
306 15733 15760 0
307 4012 4103 0
308 4040 4106 0
309 15793 15820 0
310 15757 15795 0
311 15749 15771 0
312 15765 15825 0
313 4032 4039 0
314 15784 15824 0
315 15746 15788 0
316 15753 15764 0
317 15756 15810 0
318 15734 15824 0
319 2105 2125 0
320 15774 15796 0
321 15742 15779 0
322 2091 2136 0
323 2063 2118 0
324 15800 15809 0
325 15734 15823 0
326 2105 2111 0
327 15776 15824 0
328 15783 15789 0
329 2057 2100 0
330 2064 2093 0
331 31398 31430 0
332 2054 2068 0
333 2059 2087 0
334 31360 31408 0
335 31378 31396 0
336 31359 31419 0
337 31407 31445 0
338 2087 2129 0
339 31355 31374 0
340 2064 2072 0
341 2076 2078 0
342 31390 31429 0
343 31370 31385 0
344 2057 2067 0
345 2085 2149 0
346 31354 31439 0
347 31374 31397 0
348 2109 2150 0
349 2062 2125 0
350 2094 2121 0
351 31366 31443 0
352 2069 2097 0
353 31386 31418 0
354 2089 2144 0
355 31405 31443 0
356 31391 31436 0
357 2082 2146 0
358 2105 2117 0
359 31367 31413 0
360 14 76 0
361 31393 31445 0
362 24 45 0
363 10 76 0
364 31426 31447 0
365 14 98 0
366 31412 31431 0
367 31380 31416 0
368 31358 31433 0
369 62625 62654 0
370 25 71 0
371 62642 62695 0
372 62601 62693 0
373 42 66 0
374 62631 62692 0
375 62631 62698 0
376 62638 62667 0
377 25 70 0
378 62648 62692 0
379 83 90 0
380 125111 125164 0
381 42 55 0
382 125135 125184 0
383 22 63 0
384 45 80 0
385 125104 125162 0
386 22 46 0
387 9 86 0
388 8 78 0
389 29 35 0
390 125112 125180 0
391 39 63 0
392 125118 125182 0
393 75 84 0
394 125102 125194 0
395 125131 125184 0
396 125105 125186 0
397 76 97 0
398 7918 7998 0
399 7962 7983 0
--------------
1000000 :c
1003655 :sum(p)
1000000 :sum(w)
