400 :n
id p,w,x
--------------
0 2150 2106 1
1 2149 2114 1
2 2129 2054 1
3 15814 15732 1
4 15787 15732 1
5 2136 2076 1
6 15798 15726 1
7 2093 2061 1
8 2144 2094 1
9 7981 7931 1
10 93 21 1
11 2143 2079 1
12 8010 7949 1
13 96 5 1
14 8009 7940 1
15 7981 7930 1
16 7965 7919 1
17 64 23 1
18 2152 2115 1
19 76 35 1
20 80 26 1
21 7999 7935 1
22 78 17 1
23 7985 7941 1
24 7969 7924 1
25 2140 2082 1
26 4099 4040 1
27 15795 15748 1
28 4102 4054 1
29 85 17 1
30 4075 4018 1
31 88 30 1
32 66 17 1
33 4043 4007 1
34 4101 4020 1
35 4099 4028 1
36 52 22 1
37 4077 4008 1
38 4100 4030 1
39 4096 4063 1
40 4076 4034 1
41 34 18 1
42 73 45 1
43 58 38 1
44 84 59 1
45 38 29 1
46 59 47 1
47 62 50 1
48 66 55 1
49 71 62 1
50 93 83 1
51 18 17 1
52 47 46 1
53 2109 2079 1
54 2090 2062 1
55 2133 2109 1
56 2095 2073 1
57 2132 2111 1
58 2082 2065 1
59 4070 4042 1
60 2084 2070 1
61 4069 4046 1
62 4098 4075 1
63 4066 4046 1
64 4062 4044 1
65 4094 4076 1
66 7960 7926 1
67 7989 7956 1
68 7991 7959 1
69 2089 2081 1
70 4098 4083 1
71 7961 7934 1
72 7980 7956 1
73 4022 4010 1
74 15779 15734 1
75 7945 7924 1
76 31437 31356 1
77 15812 15773 1
78 31434 31358 1
79 7982 7963 1
80 8000 7981 1
81 2119 2114 1
82 15806 15770 1
83 31431 31360 1
84 4017 4008 1
85 31441 31384 1
86 7989 7975 1
87 15798 15771 1
88 15757 15732 1
89 31450 31401 1
90 15755 15731 1
91 15777 15753 1
92 31411 31366 1
93 7937 7926 1
94 31404 31361 1
95 62700 62615 1
96 62700 62615 1
97 31444 31405 1
98 15765 15746 1
99 15780 15762 1
100 4104 4079 1
101 62690 62605 1
102 62687 62601 1
103 7988 7979 1
104 62696 62630 0
105 2088 2086 0
106 31447 31419 0
107 15825 15822 0
108 33 71 0
109 31432 31403 0
110 62661 62604 0
111 62685 62633 0
112 15739 15726 0
113 15775 15762 0
114 62653 62603 0
115 62649 62603 0
116 62648 62603 0
117 15759 15748 1
118 7941 7936 1
119 62664 62626 0
120 62660 62624 0
121 62691 62655 0
122 31394 31377 0
123 62682 62650 0
124 15742 15734 0
125 31370 31356 0
126 31401 31390 0
127 31414 31404 0
128 31437 31427 0
129 15805 15800 0
130 4016 4015 0
131 31374 31367 0
132 7943 7943 0
133 6 6 1
134 6 6 1
135 68 68 1
136 15794 15795 0
137 7986 7987 0
138 7935 7936 0
139 4103 4104 0
140 7981 7983 0
141 7993 7997 0
142 7973 7977 0
143 4064 4069 0
144 4045 4051 0
145 2092 2097 0
146 2127 2133 0
147 2111 2117 0
148 2059 2065 0
149 2056 2062 0
150 4052 4065 0
151 4086 4100 0
152 4007 4021 0
153 2123 2133 0
154 2122 2132 0
155 42 43 0
156 31 32 1
157 65 68 0
158 75 79 0
159 90 97 0
160 27 45 0
161 250172 250108 0
162 125163 125130 0
163 62645 62639 0
164 500194 500140 0
165 125171 125136 0
166 250165 250101 0
167 125118 125105 0
168 125166 125119 0
169 250168 250119 0
170 250126 250112 0
171 500172 500103 0
172 31405 31403 0
173 62689 62664 0
174 125157 125137 0
175 500153 500110 0
176 250181 250151 0
177 500188 500155 0
178 125153 125136 0
179 250193 250170 0
180 250191 250101 0
181 125199 125161 0
182 500188 500154 0
183 500175 500111 0
184 250200 250105 0
185 250190 250168 0
186 500149 500119 0
187 250162 250132 0
188 500196 500122 0
189 125181 125141 0
190 500188 500111 0
191 62649 62618 0
192 125174 125121 0
193 125189 125130 0
194 125194 125122 0
195 31368 31368 0
196 500159 500163 0
197 500115 500102 0
198 500126 500111 0
199 500124 500116 0
200 500112 500115 0
201 500127 500138 0
202 500148 500122 0
203 500105 500111 0
204 62635 62632 0
205 62622 62622 0
206 500148 500126 0
207 62638 62638 0
208 62631 62628 0
209 125118 125120 0
210 250123 250110 0
211 125195 125198 0
212 500138 500146 0
213 500171 500149 0
214 250116 250103 0
215 125103 125101 0
216 250147 250138 0
217 250101 250104 0
218 250125 250120 0
219 500182 500181 0
220 500133 500116 0
221 125195 125145 0
222 125173 125121 0
223 125153 125103 0
224 62649 62623 0
225 125181 125124 0
226 125170 125114 0
227 500171 500101 0
228 250177 250157 0
229 62686 62676 0
230 250139 250123 0
231 500172 500128 0
232 250143 250122 0
233 250163 250113 0
234 250145 250106 0
235 125193 125147 0
236 250194 250136 0
237 62636 62615 0
238 62629 62612 0
239 62639 62633 0
240 125194 125159 0
241 125178 125147 0
242 500177 500105 0
243 250119 250101 0
244 125173 125149 0
245 500183 500114 0
246 31414 31450 0
247 7914 8006 0
248 31424 31450 0
249 7939 7966 0
250 7982 8001 0
251 31365 31375 0
252 31395 31397 0
253 31396 31397 0
254 7936 7994 0
255 7993 8004 0
256 31397 31441 0
257 7918 8009 0
258 31360 31435 0
259 7945 7991 0
260 31352 31396 0
261 7969 7982 0
262 31394 31444 0
263 7915 7932 0
264 31394 31433 0
265 31380 31398 0
266 31381 31440 0
267 31355 31416 0
268 31380 31412 0
269 31370 31417 0
270 31354 31427 0
271 7927 7959 0
272 31369 31450 0
273 7991 8002 0
274 500143 500156 0
275 7944 8004 0
276 31409 31429 0
277 31357 31421 0
278 7915 7926 0
279 31384 31402 0
280 31361 31378 0
281 31406 31450 0
282 62607 62675 0
283 4016 4044 0
284 62627 62676 0
285 62625 62696 0
286 62646 62674 0
287 15742 15810 0
288 62607 62664 0
289 4059 4099 0
290 4014 4055 0
291 7922 8006 0
292 62608 62623 0
293 4008 4038 0
294 62634 62663 0
295 4026 4076 0
296 4068 4096 0
297 15731 15822 0
298 62626 62679 0
299 4010 4095 0
300 62693 62696 0
301 62604 62611 0
302 4007 4023 0
303 62608 62687 0
304 15779 15815 0
305 15778 15815 0
306 62613 62694 0
307 4037 4078 0
308 62622 62660 0
309 15779 15800 0
310 4021 4093 0
311 62636 62640 0
312 125147 125198 0
313 4027 4090 0
314 4022 4037 0
315 125122 125184 0
316 125130 125152 0
317 4048 4090 0
318 125124 125138 0
319 125105 125133 0
320 125132 125138 0
321 2128 2148 0
322 125150 125170 0
323 2061 2098 0
324 125116 125197 0
325 125125 125157 0
326 125145 125182 0
327 2112 2149 0
328 2058 2108 0
329 125131 125163 0
330 15748 15817 0
331 15748 15753 0
332 125107 125140 0
333 2097 2115 0
334 125164 125183 0
335 2058 2085 0
336 15783 15817 0
337 125130 125142 0
338 2126 2144 0
339 2126 2148 0
340 125118 125136 0
341 125146 125154 0
342 2061 2120 0
343 125116 125142 0
344 2070 2108 0
345 2089 2145 0
346 15729 15740 0
347 250152 250195 0
348 250107 250149 0
349 15789 15803 0
350 15754 15820 0
351 250110 250125 0
352 15780 15784 0
353 250125 250189 0
354 2121 2145 0
355 250132 250155 0
356 2055 2112 0
357 250112 250177 0
358 2058 2123 0
359 40 91 0
360 15786 15815 0
361 250142 250196 0
362 250114 250190 0
363 250101 250170 0
364 250189 250196 0
365 250155 250184 0
366 250140 250163 0
367 250130 250174 0
368 250156 250184 0
369 250102 250146 0
370 250168 250197 0
371 250157 250171 0
372 250124 250173 0
373 500145 500161 0
374 500121 500192 0
375 500132 500160 0
376 500129 500181 0
377 29 81 0
378 18 38 0
379 500127 500161 0
380 15768 15788 0
381 57 77 0
382 21 79 0
383 500140 500195 0
384 500131 500161 0
385 15739 15793 0
386 500120 500177 0
387 500110 500138 0
388 29 77 0
389 500106 500122 0
390 500122 500154 0
391 15744 15750 0
392 14 41 0
393 15746 15813 0
394 50 83 0
395 500117 500192 0
396 500113 500190 0
397 15757 15804 0
398 15789 15796 0
399 15747 15784 0
--------------
1000000 :c
1004102 :sum(p)
999999 :sum(w)
