400 :n
id p,w,x
--------------
0 7972 7919 1
1 8008 7946 1
2 7995 7935 1
3 52 8 1
4 4102 4056 1
5 7987 7936 1
6 4103 4049 1
7 7995 7918 1
8 4101 4035 1
9 4082 4041 1
10 88 25 1
11 84 5 1
12 92 22 1
13 50 12 1
14 90 40 1
15 70 23 1
16 7995 7934 1
17 15812 15751 1
18 31443 31352 1
19 15789 15735 1
20 15824 15736 1
21 2131 2079 1
22 2118 2066 1
23 2145 2102 1
24 15790 15731 1
25 2097 2055 1
26 2151 2056 1
27 2113 2058 1
28 31426 31355 1
29 31439 31362 1
30 31449 31360 1
31 36 3 1
32 17 8 1
33 96 62 1
34 99 73 1
35 54 40 1
36 80 60 1
37 49 40 1
38 66 56 1
39 90 77 1
40 42 36 1
41 86 74 1
42 48 42 1
43 2091 2054 1
44 2139 2113 1
45 4101 4062 1
46 2105 2085 1
47 4103 4065 1
48 2076 2057 1
49 7977 7933 1
50 8001 7957 1
51 2071 2060 1
52 4096 4076 1
53 7980 7942 1
54 7954 7920 1
55 7990 7957 1
56 7979 7948 1
57 4100 4085 1
58 8003 7976 1
59 4091 4078 1
60 4099 4086 1
61 15796 15748 1
62 4072 4060 1
63 4083 4071 1
64 15808 15762 1
65 2092 2086 1
66 2103 2097 1
67 2146 2140 1
68 2153 2147 1
69 15794 15755 1
70 15825 15786 1
71 4105 4095 1
72 2061 2056 1
73 15802 15765 1
74 4037 4028 1
75 31443 31380 1
76 7993 7977 1
77 62674 62604 1
78 7993 7920 1
79 15802 15776 1
80 7987 7974 1
81 31407 31356 1
82 31410 31359 1
83 31446 31398 1
84 7981 7969 1
85 15756 15733 1
86 15785 15762 1
87 15772 15751 1
88 62694 62619 1
89 31434 31396 1
90 7952 7942 1
91 7979 7970 1
92 62700 62637 1
93 4043 4036 1
94 31387 31355 0
95 4069 4065 1
96 62699 62639 1
97 62660 62605 0
98 31449 31441 0
99 31437 31437 0
100 7927 7940 0
101 15799 15786 0
102 15765 15753 0
103 15768 15756 0
104 4062 4059 1
105 2144 2143 1
106 31377 31352 0
107 31383 31363 0
108 62668 62629 0
109 62647 62615 0
110 31382 31366 0
111 62687 62657 0
112 15766 15755 0
113 15798 15791 0
114 62678 62652 0
115 62656 62631 0
116 62668 62639 0
117 1 14 0
118 15757 15751 0
119 62683 62661 0
120 31425 31415 0
121 15764 15759 0
122 31392 31383 0
123 31429 31421 0
124 15798 15794 0
125 15728 15727 0
126 31407 31408 0
127 31407 31408 0
128 15761 15763 0
129 31419 31424 0
130 7947 7950 0
131 15808 15814 0
132 15760 15766 0
133 2055 2056 1
134 4100 4102 0
135 15779 15788 0
136 15775 15787 0
137 15810 15823 0
138 7947 7954 0
139 15750 15764 0
140 2102 2104 0
141 4090 4094 0
142 4081 4085 1
143 7972 7982 0
144 7913 7923 0
145 15748 15768 0
146 7949 7960 0
147 7945 7956 0
148 4081 4087 0
149 4039 4046 0
150 2090 2094 0
151 2085 2089 0
152 7991 8008 0
153 7917 7934 0
154 7959 7980 0
155 4083 4095 0
156 7972 7996 0
157 7956 7981 0
158 7965 7992 0
159 4041 4058 0
160 2114 2123 0
161 2091 2100 0
162 4061 4083 0
163 2066 2078 0
164 4051 4076 0
165 4051 4077 0
166 2064 2081 0
167 2084 2102 0
168 2081 2100 0
169 2131 2151 0
170 2086 2112 0
171 2120 2151 0
172 68 69 1
173 2066 2098 0
174 2077 2111 0
175 75 82 0
176 10 11 0
177 74 96 0
178 48 67 0
179 35 53 0
180 37 61 0
181 46 77 0
182 22 38 0
183 18 39 0
184 250151 250115 0
185 250169 250102 0
186 250175 250103 0
187 125151 125132 0
188 125166 125136 0
189 125188 125158 0
190 125167 125138 0
191 125143 125125 0
192 62637 62631 0
193 500172 500126 0
194 250177 250150 0
195 250174 250148 0
196 500180 500132 0
197 250195 250104 0
198 125167 125122 0
199 62697 62677 0
200 125158 125102 0
201 125177 125125 0
202 125154 125110 0
203 125172 125132 0
204 250198 250115 0
205 125167 125109 0
206 125176 125125 0
207 62626 62618 0
208 125158 125141 0
209 125171 125150 0
210 125186 125166 0
211 125194 125155 0
212 125161 125147 0
213 250188 250110 0
214 250173 250146 0
215 250150 250113 0
216 62642 62624 0
217 250192 250148 0
218 125156 125137 0
219 250196 250126 0
220 125105 125171 0
221 125105 125111 0
222 125166 125196 0
223 125121 125182 0
224 125102 125195 0
225 125172 125184 0
226 125114 125191 0
227 125140 125180 0
228 125125 125166 0
229 15745 15772 0
230 15744 15774 0
231 15753 15784 0
232 125191 125196 0
233 15745 15784 0
234 125105 125145 0
235 125149 125167 0
236 15726 15783 0
237 125166 125173 0
238 125135 125170 0
239 125137 125171 0
240 125132 125189 0
241 125156 125159 0
242 125111 125198 0
243 7956 7990 0
244 125108 125122 0
245 125183 125186 0
246 15753 15804 0
247 15743 15801 0
248 125132 125161 0
249 125114 125167 0
250 7929 7986 0
251 250123 250140 0
252 15744 15798 0
253 7919 7965 0
254 7962 7994 0
255 15753 15823 0
256 62609 62654 0
257 250146 250152 0
258 250116 250128 0
259 7942 7997 0
260 7953 7985 0
261 250197 250196 0
262 250135 250128 0
263 62641 62661 0
264 62638 62645 0
265 250188 250187 0
266 7933 8012 0
267 250127 250120 0
268 250118 250183 0
269 7922 7972 0
270 15758 15822 0
271 250127 250173 0
272 62653 62652 0
273 250164 250168 0
274 250155 250138 0
275 62654 62668 0
276 250147 250174 0
277 31358 31413 0
278 250128 250160 0
279 250134 250120 0
280 4008 4102 0
281 4022 4081 0
282 4043 4093 0
283 4039 4106 0
284 250164 250182 0
285 250157 250174 0
286 250126 250106 0
287 31375 31450 0
288 250144 250177 0
289 31362 31382 0
290 250157 250184 0
291 62625 62632 0
292 250168 250167 0
293 250140 250163 0
294 62606 62603 0
295 250133 250110 0
296 62649 62680 0
297 250175 250179 0
298 250160 250164 0
299 250129 250197 0
300 250124 250137 0
301 62636 62675 0
302 62614 62637 0
303 4042 4103 0
304 250193 250171 0
305 4007 4042 0
306 4058 4106 0
307 4007 4085 0
308 250112 250102 0
309 31380 31445 0
310 4021 4103 0
311 4034 4070 0
312 500137 500169 0
313 31360 31442 0
314 500134 500153 0
315 62602 62660 0
316 4010 4044 0
317 4049 4106 0
318 4027 4074 0
319 62642 62648 0
320 62624 62674 0
321 500113 500128 0
322 2102 2153 0
323 2082 2131 0
324 500156 500171 0
325 2065 2116 0
326 62639 62695 0
327 500112 500184 0
328 62621 62691 0
329 31359 31406 0
330 500172 500150 0
331 500108 500109 0
332 31354 31405 0
333 500103 500102 0
334 2071 2148 0
335 500167 500200 0
336 500136 500158 0
337 500135 500194 0
338 500120 500168 0
339 31352 31437 0
340 500120 500157 0
341 500116 500147 0
342 2069 2140 0
343 2056 2093 0
344 2063 2152 0
345 31413 31446 0
346 500123 500190 0
347 500126 500144 0
348 62670 62689 0
349 31360 31427 0
350 500110 500150 0
351 62620 62652 0
352 31359 31440 0
353 62664 62668 0
354 31401 31416 0
355 2085 2145 0
356 500165 500162 0
357 31365 31376 0
358 500142 500124 0
359 31357 31367 0
360 31408 31421 0
361 62625 62677 0
362 500187 500157 0
363 22 75 0
364 29 78 0
365 35 88 0
366 31363 31422 0
367 500164 500183 0
368 500163 500159 0
369 8 88 0
370 22 86 0
371 500175 500176 0
372 62626 62661 0
373 500127 500152 0
374 500140 500149 0
375 62655 62689 0
376 19 93 0
377 26 91 0
378 500179 500137 0
379 500151 500161 0
380 500126 500116 0
381 500192 500148 0
382 500104 500138 0
383 500152 500144 0
384 500181 500169 0
385 500158 500175 0
386 62621 62652 0
387 500143 500111 0
388 500103 500150 0
389 500120 500193 0
390 500128 500185 0
391 44 91 0
392 31406 31435 0
393 31362 31405 0
394 500158 500175 0
395 46 95 0
396 8 73 0
397 62603 62695 0
398 62669 62690 0
399 31421 31437 0
--------------
1000000 :c
1003618 :sum(p)
999998 :sum(w)
