400 :n
id p,w,x
--------------
0 74 11 1
1 89 10 1
2 91 10 1
3 66 10 1
4 4077 4016 1
5 2125 2055 1
6 2147 2091 1
7 2140 2066 1
8 2131 2060 1
9 4089 4038 1
10 2112 2067 1
11 90 8 1
12 2134 2057 1
13 4085 4035 1
14 94 34 1
15 4073 4007 1
16 4066 4013 1
17 4088 4021 1
18 4091 4041 1
19 2152 2080 1
20 86 29 1
21 4074 4012 1
22 37 12 1
23 65 31 1
24 79 44 1
25 94 59 1
26 81 51 1
27 91 66 1
28 47 39 1
29 58 50 1
30 91 85 1
31 2109 2066 1
32 2129 2089 1
33 2106 2069 1
34 2124 2097 1
35 2089 2064 1
36 2129 2108 1
37 4080 4044 1
38 4050 4017 1
39 4051 4019 1
40 4095 4063 1
41 7995 7940 1
42 2116 2102 1
43 7997 7946 1
44 4082 4056 1
45 4087 4062 1
46 4043 4019 1
47 8010 7964 1
48 7986 7942 1
49 7970 7927 1
50 15810 15727 1
51 7972 7934 1
52 8004 7966 1
53 7997 7960 1
54 8000 7963 1
55 15795 15726 1
56 15807 15739 1
57 4104 4088 1
58 8010 7980 1
59 15803 15747 1
60 2084 2077 1
61 7999 7974 1
62 15820 15771 1
63 15818 15770 1
64 2095 2089 1
65 4106 4095 1
66 7928 7916 1
67 15798 15756 1
68 15810 15769 1
69 31445 31368 1
70 2143 2138 1
71 31441 31369 1
72 15791 15756 1
73 31430 31362 1
74 15764 15730 1
75 15763 15730 1
76 31430 31365 1
77 22 5 1
78 2074 2070 1
79 7932 7917 1
80 15791 15766 1
81 15747 15731 1
82 31448 31413 1
83 31434 31389 1
84 15798 15776 1
85 7991 7980 1
86 7955 7945 1
87 15815 15798 1
88 62691 62621 1
89 62673 62618 1
90 4068 4063 1
91 62690 62642 0
92 15789 15747 1
93 62659 62601 1
94 31424 31363 1
95 31379 31355 1
96 31382 31358 1
97 15812 15801 1
98 31448 31428 0
99 5 99 0
100 62616 62603 0
101 15815 15805 1
102 125192 125116 0
103 125177 125108 0
104 62694 62662 0
105 125169 125108 0
106 15802 15815 0
107 62662 62635 0
108 62627 62601 0
109 125172 125123 0
110 125181 125132 0
111 125187 125142 0
112 31382 31372 0
113 31413 31403 0
114 15749 15744 0
115 125164 125125 0
116 250185 250108 0
117 31438 31429 0
118 250178 250108 0
119 125185 125150 0
120 62687 62670 0
121 125191 125160 0
122 250169 250108 0
123 250178 250117 0
124 125197 125167 0
125 125158 125130 0
126 125191 125111 0
127 62651 62609 0
128 62634 62621 0
129 250166 250115 0
130 125166 125142 0
131 31396 31390 0
132 250164 250117 0
133 125158 125135 0
134 250200 250157 0
135 125154 125133 0
136 31436 31431 0
137 250153 250117 0
138 250171 250139 0
139 125147 125131 0
140 125156 125140 0
141 62649 62641 0
142 250151 250120 0
143 250151 250121 0
144 125144 125129 0
145 250145 250116 0
146 125148 125134 0
147 250166 250140 0
148 125159 125146 0
149 250159 250134 0
150 250139 250115 0
151 250185 250163 0
152 125117 125106 0
153 15783 15782 0
154 125138 125132 0
155 62614 62611 0
156 62686 62684 0
157 250152 250145 0
158 62643 62642 0
159 125151 125150 0
160 31388 31388 0
161 2065 2065 0
162 4080 4080 1
163 60 60 1
164 7988 7988 0
165 250109 250109 0
166 250180 250181 0
167 125168 125169 0
168 125157 125159 0
169 31367 31368 0
170 62624 62626 0
171 125144 125148 0
172 125150 125157 0
173 125110 125117 0
174 31391 31394 0
175 31385 31388 0
176 31383 31386 0
177 15734 15736 0
178 31405 31409 0
179 31436 31441 0
180 15801 15807 0
181 15762 15768 0
182 31405 31418 0
183 31366 31381 0
184 4058 4060 1
185 7985 7989 0
186 7930 7934 0
187 31359 31376 0
188 4093 4096 0
189 8005 8011 1
190 7995 8001 0
191 15737 15750 0
192 15799 15813 0
193 15741 15755 0
194 15763 15778 0
195 15795 15811 0
196 7971 7980 0
197 4075 4080 0
198 15790 15811 0
199 15755 15776 0
200 15732 15755 0
201 4029 4035 0
202 8000 8012 0
203 7934 7946 0
204 7965 7978 0
205 7936 7949 0
206 15745 15771 0
207 2054 2058 0
208 4062 4070 0
209 4027 4036 0
210 4039 4049 0
211 4079 4090 0
212 7981 8004 0
213 7951 7974 0
214 4079 4091 0
215 7972 7999 0
216 4050 4065 0
217 7924 7955 0
218 7954 7987 0
219 4040 4060 0
220 4012 4032 0
221 2060 2072 0
222 4013 4038 0
223 2078 2092 0
224 2089 2106 0
225 2128 2146 0
226 2081 2102 0
227 2074 2096 0
228 2062 2085 0
229 2056 2082 0
230 2055 2083 0
231 2088 2117 0
232 2096 2132 0
233 2087 2126 0
234 2068 2107 0
235 77 83 0
236 67 76 0
237 55 66 0
238 77 94 0
239 70 88 0
240 52 69 0
241 58 79 0
242 51 72 0
243 54 83 0
244 48 75 0
245 46 81 0
246 45 82 0
247 28 69 0
248 17 49 0
249 5 23 0
250 4 38 0
251 500144 500171 0
252 250122 250129 0
253 250113 250126 0
254 250124 250134 0
255 250186 250194 0
256 500192 500117 0
257 250158 250171 0
258 500199 500152 0
259 500133 500153 0
260 500192 500158 0
261 500190 500120 0
262 500125 500155 0
263 500142 500171 0
264 500184 500139 0
265 500200 500150 0
266 500191 500154 0
267 500129 500129 0
268 500191 500197 0
269 500138 500166 0
270 500170 500161 0
271 500166 500199 0
272 500188 500176 0
273 500194 500157 0
274 500121 500146 0
275 500167 500139 0
276 500186 500185 0
277 250148 250155 0
278 500136 500127 0
279 500137 500138 0
280 500123 500121 0
281 500119 500126 0
282 500180 500139 0
283 500137 500163 0
284 500118 500117 0
285 500191 500140 0
286 500173 500166 0
287 250128 250132 0
288 500106 500128 0
289 500160 500179 0
290 500167 500128 0
291 500149 500105 0
292 62611 62665 0
293 62621 62649 0
294 62658 62687 0
295 4035 4098 0
296 62639 62693 0
297 62647 62657 0
298 4030 4088 0
299 62633 62670 0
300 4025 4077 0
301 62627 62660 0
302 62618 62643 0
303 4042 4085 0
304 62617 62684 0
305 62603 62668 0
306 62603 62611 0
307 62623 62644 0
308 62608 62656 0
309 4022 4093 0
310 4020 4072 0
311 4017 4077 0
312 4027 4089 0
313 62620 62687 0
314 62611 62692 0
315 62656 62699 0
316 31412 31435 0
317 62626 62678 0
318 62611 62656 0
319 7936 7996 0
320 62608 62683 0
321 62631 62697 0
322 62660 62698 0
323 7959 8012 0
324 62655 62688 0
325 2064 2151 0
326 7916 7983 0
327 2067 2142 0
328 2063 2121 0
329 2068 2150 0
330 31410 31430 0
331 62611 62642 0
332 62603 62674 0
333 31400 31439 0
334 125119 125191 0
335 125145 125162 0
336 2075 2153 0
337 125111 125124 0
338 2055 2152 0
339 125125 125193 0
340 31361 31399 0
341 2065 2139 0
342 7921 7974 0
343 31420 31442 0
344 7943 7999 0
345 31364 31436 0
346 125136 125150 0
347 125124 125141 0
348 125126 125199 0
349 31368 31408 0
350 125100 125149 0
351 125125 125172 0
352 125134 125156 0
353 125172 125184 0
354 125101 125119 0
355 250104 250168 0
356 7930 7981 0
357 31354 31424 0
358 7970 8008 0
359 7973 8011 0
360 250138 250196 0
361 250176 250199 0
362 250134 250194 0
363 2 73 0
364 7955 7994 0
365 31351 31436 0
366 250179 250196 0
367 250124 250187 0
368 250138 250166 0
369 31411 31447 0
370 7954 8004 0
371 250127 250186 0
372 31409 31440 0
373 250112 250199 0
374 250130 250188 0
375 31390 31448 0
376 15768 15810 0
377 35 94 0
378 31353 31437 0
379 6 65 0
380 250154 250187 0
381 15729 15794 0
382 11 63 0
383 31388 31407 0
384 250106 250162 0
385 250137 250155 0
386 31416 31435 0
387 250146 250173 0
388 15736 15779 0
389 500147 500180 0
390 24 82 0
391 15749 15818 0
392 15728 15762 0
393 500110 500144 0
394 500116 500149 0
395 500136 500200 0
396 500155 500200 0
397 500149 500198 0
398 15778 15821 0
399 15735 15783 0
--------------
1000000 :c
1003934 :sum(p)
1000000 :sum(w)
