400 :n
id p,w,x
--------------
0 79 3 1
1 100 9 1
2 70 11 1
3 95 15 1
4 92 21 1
5 11 3 1
6 97 31 1
7 87 32 1
8 32 12 1
9 85 37 1
10 97 49 1
11 57 32 1
12 84 51 1
13 66 44 1
14 71 52 1
15 99 74 1
16 82 63 1
17 95 87 1
18 2149 2073 1
19 2146 2078 1
20 2138 2081 1
21 2148 2093 1
22 4088 4013 1
23 4104 4029 1
24 2151 2113 1
25 2132 2095 1
26 4096 4027 1
27 2150 2114 1
28 4091 4024 1
29 4069 4014 1
30 2148 2120 1
31 4087 4038 1
32 87 86 0
33 4096 4054 1
34 2094 2073 1
35 4088 4048 1
36 2099 2079 1
37 4049 4011 1
38 7990 7917 1
39 7995 7922 1
40 4093 4056 1
41 2115 2096 1
42 4090 4055 1
43 2151 2133 1
44 4053 4020 1
45 4074 4041 1
46 4106 4073 1
47 2124 2107 1
48 7999 7936 1
49 7979 7919 1
50 7985 7929 1
51 7993 7938 1
52 8002 7947 1
53 7997 7944 1
54 2132 2118 1
55 8005 7954 1
56 7995 7949 1
57 4046 4023 1
58 4043 4022 1
59 2119 2108 1
60 15822 15740 1
61 15813 15734 1
62 7985 7947 1
63 15803 15728 1
64 15803 15729 1
65 2147 2137 1
66 15810 15741 1
67 8009 7976 1
68 4054 4038 1
69 4055 4039 1
70 15808 15747 1
71 2097 2089 1
72 2129 2121 0
73 2146 2138 1
74 15805 15748 1
75 15810 15753 1
76 15807 15758 1
77 7985 7961 1
78 8004 7981 1
79 15771 15729 1
80 31444 31361 1
81 31444 31361 1
82 15775 15734 1
83 31449 31401 1
84 31 4 1
85 15807 15768 1
86 15764 15726 1
87 15767 15729 1
88 31443 31391 1
89 31411 31358 1
90 15770 15739 1
91 15767 15735 1
92 31409 31362 1
93 31398 31353 1
94 4028 4019 1
95 4030 4021 1
96 8010 7993 1
97 4016 4008 0
98 8001 7989 1
99 31397 31359 1
100 31420 31383 1
101 8002 7993 0
102 7930 7922 1
103 7990 7970 1
104 62695 62608 1
105 31390 31356 0
106 62674 62613 1
107 62685 62627 1
108 31423 31394 0
109 62699 62650 0
110 31441 31448 0
111 62658 62628 0
112 62671 62615 0
113 31383 31359 0
114 15763 15751 1
115 7979 7973 0
116 62684 62638 0
117 62698 62653 0
118 15746 15735 0
119 15755 15744 0
120 31433 31414 0
121 15747 15738 0
122 15789 15781 0
123 4053 4051 0
124 2068 2067 0
125 125184 125109 0
126 62650 62616 0
127 62690 62657 0
128 62646 62608 0
129 62653 62611 0
130 62676 62633 0
131 7941 7972 0
132 15807 15812 0
133 31385 31372 0
134 31409 31397 0
135 31376 31366 0
136 31440 31432 0
137 31405 31399 0
138 15758 15755 0
139 31429 31426 0
140 4080 4080 0
141 15792 15792 0
142 7954 7954 0
143 4017 4017 0
144 15775 15779 0
145 15746 15751 0
146 7913 7916 0
147 15782 15789 0
148 2137 2138 0
149 7974 7978 0
150 7927 7938 0
151 7938 7950 0
152 4021 4028 0
153 7947 7961 0
154 4034 4042 0
155 7939 7955 0
156 4094 4103 0
157 7937 7955 0
158 2064 2069 0
159 4049 4060 0
160 2125 2131 0
161 2130 2138 0
162 4069 4088 0
163 2094 2104 0
164 2109 2120 0
165 2069 2080 0
166 2126 2139 0
167 2061 2082 0
168 2067 2089 0
169 80 83 0
170 77 80 0
171 78 84 0
172 32 38 0
173 66 79 0
174 66 80 0
175 4 5 0
176 36 48 0
177 41 62 0
178 23 46 0
179 250191 250156 0
180 500170 500157 0
181 500175 500119 0
182 250185 250118 0
183 125178 125127 0
184 500200 500148 0
185 250186 250137 0
186 250188 250146 0
187 500169 500161 0
188 125196 125159 0
189 500197 500143 0
190 500147 500141 0
191 250145 250104 0
192 500191 500174 0
193 500192 500135 0
194 125161 125123 0
195 250184 250181 0
196 125176 125164 0
197 500134 500112 0
198 250159 250115 0
199 125181 125123 0
200 250147 250148 0
201 125193 125182 0
202 250180 250181 0
203 125186 125146 0
204 125199 125198 0
205 62667 62653 0
206 62633 62612 0
207 500192 500138 0
208 500177 500140 0
209 500198 500127 0
210 500108 500140 0
211 31414 31415 0
212 500171 500188 0
213 250192 250196 0
214 250129 250139 0
215 250110 250116 0
216 62639 62643 0
217 500173 500196 0
218 500139 500152 0
219 500155 500188 0
220 500175 500199 0
221 250113 250130 0
222 500112 500134 0
223 250104 250117 0
224 125127 125132 0
225 125104 125109 0
226 125163 125171 0
227 125132 125135 0
228 500104 500115 0
229 500137 500169 0
230 31384 31386 0
231 250123 250132 0
232 500182 500196 0
233 500171 500115 0
234 62629 62630 0
235 125125 125136 0
236 250137 250179 0
237 250114 250192 0
238 500145 500197 0
239 500122 500163 0
240 250137 250174 0
241 500118 500177 0
242 500107 500193 0
243 125141 125150 0
244 250112 250140 0
245 250121 250198 0
246 250160 250179 0
247 31363 31366 0
248 250105 250141 0
249 500157 500194 0
250 62675 62697 0
251 62610 62616 0
252 62686 62694 0
253 62674 62683 0
254 62614 62635 0
255 62613 62631 0
256 62623 62633 0
257 62667 62684 0
258 250121 250146 0
259 125129 125143 0
260 250155 250173 0
261 500121 500194 0
262 125122 125157 0
263 250123 250178 0
264 125132 125174 0
265 125144 125163 0
266 125136 125171 0
267 125134 125158 0
268 250111 250198 0
269 125162 125172 0
270 125131 125144 0
271 125163 125196 0
272 500105 500153 0
273 125121 125145 0
274 125101 125142 0
275 250105 250130 0
276 250123 250194 0
277 250133 250153 0
278 500139 500182 0
279 250126 250185 0
280 125162 125124 0
281 250105 250101 0
282 125156 125103 0
283 125172 125128 0
284 62665 62653 0
285 62671 62663 0
286 250196 250108 0
287 500168 500134 0
288 62629 62604 0
289 250129 250130 0
290 500196 500115 0
291 250161 250111 0
292 250172 250114 0
293 125150 125144 0
294 250182 250169 0
295 62642 62618 0
296 125163 125142 0
297 500197 500118 0
298 125155 125147 0
299 500171 500176 0
300 250163 250137 0
301 500144 500149 0
302 250131 250116 0
303 250149 250136 0
304 62648 62621 0
305 125164 125146 0
306 500129 500101 0
307 500171 500133 0
308 125189 125135 0
309 500140 500112 0
310 500184 500116 0
311 62623 62622 0
312 250150 250118 0
313 15733 15752 0
314 4026 4083 0
315 15802 15822 0
316 15783 15806 0
317 15784 15814 0
318 15764 15812 0
319 7964 8009 0
320 2079 2115 0
321 15792 15810 0
322 2098 2146 0
323 125153 125197 0
324 7924 7994 0
325 15759 15771 0
326 15735 15779 0
327 15732 15821 0
328 7935 7972 0
329 125126 125184 0
330 125127 125193 0
331 2062 2097 0
332 15797 15821 0
333 7927 7984 0
334 2082 2147 0
335 2067 2116 0
336 7917 7961 0
337 15739 15786 0
338 2060 2146 0
339 7939 7968 0
340 15758 15813 0
341 2060 2107 0
342 15731 15778 0
343 31367 31449 0
344 2087 2141 0
345 2113 2149 0
346 31389 31430 0
347 31354 31368 0
348 31361 31425 0
349 31389 31427 0
350 7933 7960 0
351 2100 2149 0
352 31413 31442 0
353 4042 4081 0
354 31375 31420 0
355 31351 31383 0
356 31371 31393 0
357 31358 31422 0
358 4010 4043 0
359 31415 31437 0
360 31407 31429 0
361 4032 4062 0
362 31407 31430 0
363 31384 31423 0
364 4007 4092 0
365 17 51 0
366 7923 7986 0
367 31394 31444 0
368 26 74 0
369 31353 31429 0
370 31372 31446 0
371 62608 62684 0
372 4009 4091 0
373 21 87 0
374 62609 62657 0
375 7919 7939 0
376 7923 7995 0
377 4033 4076 0
378 5 58 0
379 62609 62644 0
380 62624 62650 0
381 62603 62634 0
382 62649 62688 0
383 4051 4083 0
384 62605 62691 0
385 13 89 0
386 26 87 0
387 7 99 0
388 62614 62689 0
389 62601 62629 0
390 125131 125190 0
391 21 72 0
392 42 72 0
393 56 97 0
394 125114 125187 0
395 4020 4099 0
396 125115 125163 0
397 4019 4068 0
398 7928 7962 0
399 4061 4091 0
--------------
1000000 :c
1004444 :sum(p)
1000000 :sum(w)
