400 :n
id p,w,x
--------------
0 31423 31358 1
1 31449 31380 1
2 66 31 1
3 81 24 1
4 73 45 1
5 22 6 1
6 45 12 1
7 46 20 1
8 98 69 1
9 69 40 1
10 34 17 1
11 89 56 1
12 31425 31351 1
13 31426 31356 1
14 15825 15793 1
15 49 34 1
16 85 33 1
17 68 52 1
18 15823 15771 1
19 31448 31368 1
20 2135 2063 1
21 2126 2075 1
22 15800 15751 1
23 2151 2056 1
24 15784 15729 1
25 2150 2117 1
26 2103 2055 1
27 2137 2079 1
28 2150 2073 1
29 2145 2088 1
30 2138 2097 1
31 2149 2116 1
32 2147 2128 1
33 2095 2062 1
34 2133 2091 1
35 15812 15749 1
36 4081 4041 1
37 4079 4017 1
38 15808 15774 1
39 4101 4054 1
40 4084 4040 1
41 4068 4013 1
42 4102 4026 1
43 4081 4007 1
44 15789 15757 1
45 4087 4063 1
46 4066 4013 1
47 4101 4070 1
48 4094 4072 1
49 4095 4032 1
50 4070 4026 1
51 4091 4013 1
52 8006 7958 1
53 7997 7964 1
54 7990 7956 1
55 7974 7924 1
56 7997 7920 1
57 8003 7951 1
58 8008 7914 1
59 7989 7961 1
60 8005 7950 1
61 8008 7956 1
62 8009 7982 1
63 7984 7959 1
64 7992 7922 1
65 7970 7926 1
66 7954 7930 1
67 15806 15771 1
68 31 18 1
69 87 74 1
70 27 24 1
71 2149 2133 1
72 2120 2108 1
73 4100 4083 1
74 4071 4056 1
75 4093 4079 1
76 2100 2094 0
77 2116 2111 1
78 31416 31354 1
79 2099 2095 0
80 2121 2117 0
81 7995 7980 1
82 15771 15742 1
83 15811 15782 1
84 7973 7959 1
85 31423 31368 1
86 15776 15751 1
87 31440 31391 1
88 62698 62603 1
89 31436 31390 1
90 2061 2058 0
91 31422 31378 1
92 7929 7918 1
93 7964 7953 1
94 7967 7956 1
95 7967 7957 1
96 7995 7985 1
97 15785 15766 1
98 31435 31399 1
99 53 24 1
100 62695 62624 1
101 15768 15731 1
102 31431 31395 1
103 15748 15731 1
104 31427 31395 0
105 31443 31429 0
106 4102 4103 0
107 500197 500112 0
108 62664 62612 0
109 62660 62612 0
110 15801 15789 0
111 31418 31395 0
112 31432 31409 0
113 15819 15808 0
114 62657 62615 0
115 62644 62603 0
116 31371 31351 0
117 15825 15816 0
118 125181 125111 0
119 125173 125104 0
120 125190 125124 0
121 8012 8008 0
122 31413 31399 0
123 15737 15730 0
124 15742 15739 0
125 9 9 1
126 2109 2109 0
127 15747 15748 0
128 15775 15777 0
129 15749 15752 0
130 15736 15739 0
131 7945 7947 0
132 7977 7980 0
133 4056 4058 0
134 8005 8009 0
135 7930 7934 0
136 4013 4016 0
137 7948 7955 0
138 7977 7988 0
139 4084 4095 0
140 2143 2149 0
141 4020 4033 0
142 4010 4023 0
143 2105 2112 0
144 2083 2092 0
145 2059 2068 0
146 56 58 1
147 92 97 0
148 87 96 0
149 47 53 0
150 73 90 0
151 70 87 0
152 61 78 0
153 32 44 0
154 18 31 0
155 7 17 0
156 7 25 0
157 62601 62638 0
158 62645 62642 0
159 250121 250168 0
160 31407 31448 0
161 31358 31371 0
162 125138 125172 0
163 31380 31369 0
164 31416 31415 0
165 31363 31355 0
166 125164 125116 0
167 125150 125154 0
168 250118 250199 0
169 250196 250122 0
170 125185 125138 0
171 125197 125146 0
172 31351 31365 0
173 125149 125149 0
174 125161 125169 0
175 31384 31403 0
176 125144 125190 0
177 31362 31397 0
178 31364 31421 0
179 31420 31411 0
180 31432 31443 0
181 31418 31446 0
182 31410 31412 0
183 31422 31436 0
184 250190 250143 0
185 62612 62675 0
186 31356 31380 0
187 250113 250145 0
188 125112 125105 0
189 125160 125176 0
190 31376 31450 0
191 31353 31425 0
192 125104 125129 0
193 31375 31418 0
194 31361 31388 0
195 31373 31439 0
196 125148 125165 0
197 31362 31370 0
198 31367 31373 0
199 250191 250182 0
200 15779 15801 0
201 15733 15752 0
202 15779 15821 0
203 15768 15819 0
204 15728 15732 0
205 15756 15807 0
206 15744 15764 0
207 15743 15807 0
208 62642 62672 0
209 250119 250148 0
210 250132 250143 0
211 15771 15778 0
212 15790 15806 0
213 125129 125139 0
214 15773 15779 0
215 62644 62614 0
216 125133 125150 0
217 62636 62656 0
218 62648 62690 0
219 15741 15816 0
220 15727 15782 0
221 250108 250145 0
222 250110 250117 0
223 125121 125186 0
224 250170 250191 0
225 250106 250133 0
226 125198 125145 0
227 125106 125108 0
228 125118 125108 0
229 15821 15824 0
230 15784 15811 0
231 250164 250175 0
232 62601 62639 0
233 62665 62673 0
234 125138 125154 0
235 250185 250156 0
236 125113 125150 0
237 15789 15804 0
238 15791 15816 0
239 125102 125162 0
240 7921 8004 0
241 125142 125135 0
242 7960 7992 0
243 62629 62661 0
244 250155 250166 0
245 125174 125191 0
246 7914 7953 0
247 125137 125137 0
248 62685 62690 0
249 250184 250114 0
250 7916 7980 0
251 125159 125108 0
252 250133 250102 0
253 250127 250153 0
254 250128 250148 0
255 250105 250180 0
256 125176 125158 0
257 250127 250141 0
258 250163 250159 0
259 7923 7982 0
260 7972 8004 0
261 7951 7990 0
262 7929 7955 0
263 7958 8005 0
264 7931 7954 0
265 250128 250160 0
266 125108 125194 0
267 62657 62646 0
268 62645 62668 0
269 250151 250197 0
270 62630 62698 0
271 250152 250192 0
272 250138 250135 0
273 7930 7943 0
274 250140 250199 0
275 125173 125140 0
276 250101 250132 0
277 62679 62700 0
278 250128 250158 0
279 250193 250114 0
280 250104 250128 0
281 62650 62668 0
282 250124 250113 0
283 250106 250166 0
284 250114 250167 0
285 4045 4085 0
286 4009 4031 0
287 250149 250163 0
288 4052 4079 0
289 250142 250194 0
290 4010 4039 0
291 4073 4102 0
292 4046 4095 0
293 4013 4095 0
294 4024 4046 0
295 62671 62696 0
296 62659 62695 0
297 250131 250139 0
298 250116 250115 0
299 250172 250168 0
300 250164 250177 0
301 500101 500145 0
302 125137 125159 0
303 4033 4062 0
304 4014 4055 0
305 4014 4058 0
306 500122 500119 0
307 4042 4065 0
308 125189 125185 0
309 4027 4081 0
310 500141 500190 0
311 4054 4085 0
312 4018 4065 0
313 4017 4097 0
314 500166 500139 0
315 500146 500143 0
316 62693 62661 0
317 500171 500130 0
318 4016 4096 0
319 500114 500107 0
320 2068 2102 0
321 2078 2149 0
322 125144 125132 0
323 2057 2133 0
324 500192 500107 0
325 500126 500185 0
326 500126 500108 0
327 500133 500116 0
328 500102 500140 0
329 2127 2150 0
330 500158 500108 0
331 2108 2130 0
332 2090 2141 0
333 500176 500161 0
334 500131 500153 0
335 500135 500114 0
336 2109 2153 0
337 62621 62694 0
338 500112 500194 0
339 500104 500158 0
340 2085 2150 0
341 500121 500147 0
342 62680 62693 0
343 2066 2142 0
344 125120 125115 0
345 500163 500170 0
346 500132 500106 0
347 500170 500137 0
348 500141 500133 0
349 2097 2139 0
350 2106 2141 0
351 2064 2123 0
352 125199 125150 0
353 62642 62666 0
354 2098 2138 0
355 62631 62622 0
356 2114 2139 0
357 62629 62605 0
358 2100 2125 0
359 25 90 0
360 22 59 0
361 62616 62640 0
362 500144 500106 0
363 125179 125114 0
364 4 63 0
365 3 96 0
366 500172 500122 0
367 62625 62626 0
368 500141 500194 0
369 26 91 0
370 500157 500147 0
371 500124 500120 0
372 48 89 0
373 500108 500139 0
374 13 91 0
375 500159 500185 0
376 500179 500178 0
377 500131 500105 0
378 125135 125102 0
379 500145 500167 0
380 62637 62693 0
381 62637 62670 0
382 500166 500134 0
383 8 63 0
384 62632 62629 0
385 500177 500140 0
386 500170 500164 0
387 500191 500159 0
388 62657 62630 0
389 125118 125147 0
390 61 95 0
391 45 97 0
392 62601 62651 0
393 125147 125101 0
394 47 90 0
395 62619 62632 0
396 500188 500154 0
397 500104 500111 0
398 62605 62688 0
399 62695 62664 0
--------------
1000000 :c
1004045 :sum(p)
999997 :sum(w)
