400 :n
id p,w,x
--------------
0 4073 4038 1
1 4096 4044 1
2 99 63 1
3 2092 2058 1
4 15824 15743 1
5 2085 2056 1
6 15822 15779 1
7 2148 2083 1
8 15825 15758 1
9 15820 15778 1
10 4074 4025 1
11 15800 15755 1
12 2136 2099 1
13 67 32 1
14 4100 4050 1
15 40 4 1
16 4100 4052 1
17 7963 7923 1
18 15798 15744 1
19 80 6 1
20 4069 4026 1
21 15807 15750 1
22 7962 7914 1
23 7985 7943 1
24 4054 4017 1
25 15809 15736 1
26 7966 7914 1
27 84 56 1
28 15802 15734 1
29 91 50 1
30 32 5 1
31 89 32 1
32 62693 62602 1
33 31407 31351 1
34 4094 4034 1
35 2149 2104 1
36 2136 2067 1
37 31431 31360 1
38 100 73 1
39 2153 2095 1
40 4099 4063 1
41 4103 4027 1
42 7995 7938 1
43 31421 31359 1
44 7980 7931 1
45 31449 31366 1
46 2135 2071 1
47 2108 2055 1
48 4046 4007 1
49 8003 7955 1
50 69 19 1
51 4047 4009 1
52 31432 31354 1
53 4089 4040 1
54 4106 4018 1
55 32 14 1
56 49 33 1
57 63 44 1
58 44 31 1
59 41 32 1
60 97 76 1
61 83 67 1
62 79 69 1
63 64 60 1
64 2111 2087 1
65 2150 2133 1
66 2100 2084 1
67 2129 2113 1
68 4098 4069 1
69 2074 2060 1
70 2132 2118 1
71 2086 2073 1
72 2096 2083 1
73 4101 4076 1
74 4089 4067 1
75 4094 4073 1
76 2134 2125 1
77 4084 4068 1
78 8004 7973 1
79 2122 2114 0
80 4085 4070 1
81 7999 7971 1
82 4077 4064 1
83 7991 7967 1
84 7998 7975 1
85 7983 7961 1
86 4085 4074 1
87 15807 15767 1
88 15811 15780 1
89 31426 31373 1
90 15768 15743 1
91 15810 15786 1
92 2125 2122 0
93 62689 62605 1
94 8006 7988 1
95 15815 15794 1
96 31426 31392 0
97 62692 62627 1
98 8003 7995 0
99 4061 4057 1
100 4094 4079 1
101 62674 62611 1
102 31404 31352 1
103 15772 15757 0
104 31432 31404 0
105 31442 31414 0
106 15821 15814 0
107 8007 8006 0
108 30 38 0
109 7968 7961 1
110 31432 31405 0
111 62682 62630 0
112 31391 31365 0
113 31430 31404 0
114 125151 125102 0
115 31449 31423 0
116 62653 62602 1
117 62697 62646 0
118 62691 62641 0
119 62648 62602 0
120 62673 62628 0
121 62678 62637 0
122 31429 31409 0
123 62682 62643 0
124 62663 62625 0
125 62699 62666 0
126 7962 7958 0
127 2128 2127 0
128 31423 31409 0
129 31445 31431 0
130 31364 31352 0
131 7977 7974 0
132 7979 7976 0
133 31402 31393 0
134 15731 15728 0
135 7914 7914 0
136 7932 7932 0
137 2134 2134 0
138 7993 7993 0
139 15772 15772 0
140 7967 7967 0
141 15801 15803 0
142 7938 7941 0
143 4082 4085 0
144 4045 4048 0
145 7928 7936 0
146 4049 4057 0
147 4041 4049 0
148 2143 2148 0
149 4065 4080 0
150 2115 2123 0
151 2065 2078 0
152 2064 2079 0
153 2110 2126 0
154 2106 2123 0
155 44 45 0
156 83 87 0
157 56 62 0
158 43 48 0
159 53 70 0
160 29 45 0
161 9 14 0
162 8 16 0
163 12 30 0
164 62620 62612 0
165 250165 250105 0
166 250155 250149 0
167 250169 250182 0
168 250106 250102 0
169 62605 62604 0
170 250153 250103 0
171 250181 250166 0
172 250136 250148 0
173 250200 250149 0
174 250190 250132 0
175 250131 250137 0
176 250145 250147 0
177 250153 250101 0
178 250157 250146 0
179 125188 125186 0
180 31393 31390 0
181 125189 125191 0
182 125160 125146 0
183 31402 31401 0
184 125150 125128 0
185 250152 250119 0
186 250173 250131 0
187 125158 125143 0
188 125192 125186 0
189 125159 125145 0
190 250182 250170 0
191 500197 500139 0
192 62662 62656 0
193 500172 500151 0
194 250146 250161 0
195 125143 125149 0
196 500190 500186 0
197 500156 500131 0
198 500198 500198 0
199 500190 500190 0
200 500122 500104 0
201 500151 500174 0
202 500127 500117 0
203 500137 500140 0
204 250148 250121 0
205 500147 500159 0
206 500173 500147 0
207 500190 500106 0
208 125171 125140 0
209 125168 125141 0
210 62630 62623 0
211 500108 500105 0
212 125135 125111 0
213 500179 500144 0
214 62642 62632 0
215 125146 125136 0
216 500104 500104 0
217 500149 500152 0
218 500187 500175 0
219 500112 500117 0
220 500188 500177 0
221 500169 500166 0
222 500131 500155 0
223 500188 500186 0
224 500128 500106 0
225 250200 250166 0
226 125193 125190 0
227 500111 500116 0
228 500177 500164 0
229 500148 500157 0
230 500192 500177 0
231 500187 500170 0
232 250168 250175 0
233 125185 125177 0
234 250190 250143 0
235 250189 250149 0
236 250191 250116 0
237 250194 250104 0
238 125166 125119 0
239 62686 62660 0
240 125187 125144 0
241 125178 125143 0
242 62628 62607 0
243 62675 62656 0
244 62672 62652 0
245 250198 250136 0
246 15736 15770 0
247 7930 7968 0
248 7988 8000 0
249 15794 15823 0
250 15751 15776 0
251 15774 15793 0
252 7922 7955 0
253 15756 15799 0
254 15806 15816 0
255 15727 15787 0
256 15784 15806 0
257 7944 7963 0
258 7952 7982 0
259 7958 7995 0
260 15810 15822 0
261 15766 15803 0
262 15742 15785 0
263 31438 31443 0
264 7915 7927 0
265 31373 31394 0
266 7941 7960 0
267 15739 15773 0
268 31364 31449 0
269 7932 7962 0
270 31353 31376 0
271 31416 31444 0
272 31362 31371 0
273 31414 31436 0
274 31366 31391 0
275 31356 31409 0
276 31436 31447 0
277 31386 31422 0
278 31399 31419 0
279 31381 31419 0
280 500118 500150 0
281 31360 31423 0
282 31353 31373 0
283 31383 31408 0
284 15744 15822 0
285 31403 31409 0
286 31354 31424 0
287 62651 62666 0
288 62607 62632 0
289 62627 62662 0
290 62622 62636 0
291 62637 62688 0
292 15754 15822 0
293 62625 62632 0
294 62606 62653 0
295 7966 7995 0
296 62607 62653 0
297 62623 62647 0
298 62648 62657 0
299 62631 62697 0
300 62656 62682 0
301 62649 62680 0
302 62608 62694 0
303 62621 62632 0
304 62611 62671 0
305 15748 15791 0
306 125142 125159 0
307 15737 15813 0
308 125117 125156 0
309 125105 125172 0
310 125120 125166 0
311 125109 125175 0
312 125138 125173 0
313 125116 125166 0
314 125105 125136 0
315 125151 125185 0
316 125109 125147 0
317 125110 125146 0
318 125132 125184 0
319 125146 125197 0
320 125121 125186 0
321 125176 125197 0
322 125108 125195 0
323 250122 250143 0
324 250141 250174 0
325 250140 250160 0
326 250133 250169 0
327 15808 15819 0
328 250114 250179 0
329 250103 250179 0
330 250120 250165 0
331 250167 250198 0
332 250103 250176 0
333 500119 500193 0
334 500152 500194 0
335 500114 500191 0
336 500123 500190 0
337 500121 500175 0
338 500149 500192 0
339 500110 500161 0
340 500121 500189 0
341 15733 15795 0
342 500114 500158 0
343 500114 500154 0
344 31405 31425 0
345 15776 15820 0
346 15747 15792 0
347 125193 125154 0
348 125188 125120 0
349 125194 125113 0
350 125186 125112 0
351 62692 62664 0
352 125198 125153 0
353 250172 250110 0
354 125163 125131 0
355 250158 250162 0
356 250174 250172 0
357 250168 250176 0
358 250165 250162 0
359 250142 250151 0
360 2110 2152 0
361 14 58 0
362 4043 4100 0
363 2099 2147 0
364 2097 2137 0
365 4016 4073 0
366 19 55 0
367 4035 4061 0
368 2115 2147 0
369 4046 4102 0
370 4016 4067 0
371 30 62 0
372 2062 2150 0
373 4058 4081 0
374 10 95 0
375 4013 4093 0
376 2064 2093 0
377 2124 2149 0
378 4050 4087 0
379 2056 2136 0
380 7 36 0
381 40 83 0
382 4035 4082 0
383 4008 4061 0
384 3 54 0
385 24 63 0
386 4037 4074 0
387 7927 7971 0
388 15 72 0
389 7956 8003 0
390 23 53 0
391 29 99 0
392 2094 2129 0
393 7917 7996 0
394 7922 7988 0
395 7951 7995 0
396 15731 15814 0
397 2072 2153 0
398 2055 2122 0
399 2078 2107 0
--------------
1000000 :c
1003967 :sum(p)
1000000 :sum(w)
