400 :n
id p,w,x
--------------
0 2108 2062 1
1 2152 2126 1
2 15823 15744 1
3 79 41 1
4 15803 15730 1
5 7976 7920 1
6 7982 7916 1
7 56 37 1
8 8011 7960 1
9 7951 7914 1
10 95 44 1
11 8008 7941 1
12 7984 7942 1
13 7994 7938 1
14 25 2 1
15 7948 7914 1
16 2137 2116 1
17 34 2 1
18 7980 7944 1
19 8002 7943 1
20 7995 7953 1
21 4079 4052 1
22 98 35 1
23 4084 4059 1
24 4097 4020 1
25 4097 4023 1
26 4051 4024 1
27 4068 4011 1
28 4041 4010 1
29 70 3 1
30 4076 4042 1
31 4083 4039 1
32 4085 4020 1
33 2139 2054 1
34 2119 2101 1
35 2112 2057 1
36 2148 2097 1
37 2132 2091 1
38 45 10 1
39 2081 2059 1
40 15793 15726 1
41 86 34 1
42 2153 2078 1
43 2117 2073 1
44 2090 2064 1
45 2133 2061 1
46 2101 2065 1
47 84 45 1
48 58 2 1
49 97 13 1
50 54 42 1
51 2123 2061 1
52 2116 2088 1
53 61 1 1
54 79 58 1
55 2130 2085 1
56 2153 2065 1
57 2132 2119 1
58 31435 31389 1
59 31431 31381 1
60 31410 31359 1
61 7957 7927 1
62 15802 15737 1
63 8003 7971 1
64 15808 15753 1
65 31446 31378 1
66 15811 15777 1
67 15796 15762 1
68 15801 15770 1
69 4082 4067 1
70 31413 31354 1
71 15818 15761 1
72 15811 15754 1
73 15802 15774 1
74 15776 15747 1
75 31407 31351 1
76 31449 31394 1
77 31412 31357 1
78 85 75 1
79 62 61 1
80 2114 2104 1
81 4054 4040 1
82 4053 4041 1
83 4029 4018 1
84 2088 2083 1
85 7963 7946 1
86 4069 4061 1
87 15813 15785 1
88 4053 4046 0
89 4040 4034 1
90 4057 4051 1
91 7981 7971 1
92 4056 4051 0
93 31415 31377 1
94 31445 31410 1
95 15788 15771 1
96 31396 31363 1
97 15771 15755 1
98 62 58 1
99 62691 62606 1
100 62690 62625 1
101 31448 31411 1
102 62675 62616 0
103 15793 15779 1
104 31448 31422 0
105 15806 15822 0
106 15795 15808 0
107 62685 62635 0
108 31418 31394 0
109 31439 31417 0
110 7918 7913 1
111 31380 31361 0
112 125182 125113 0
113 2146 2145 1
114 62678 62646 0
115 31405 31389 0
116 4079 4077 1
117 2130 2129 0
118 8007 8007 0
119 7990 7990 0
120 4072 4073 0
121 4099 4101 0
122 4063 4066 0
123 4007 4010 0
124 2071 2077 0
125 94 95 0
126 69 78 0
127 37 43 0
128 42 50 0
129 125195 125140 0
130 125162 125135 0
131 62676 62660 0
132 62657 62644 0
133 125172 125121 0
134 125170 125116 0
135 125154 125108 0
136 125183 125141 0
137 250200 250149 0
138 250148 250105 0
139 62700 62679 0
140 62685 62654 0
141 62694 62675 0
142 250170 250103 0
143 31371 31357 0
144 250189 250105 0
145 250200 250125 0
146 62694 62685 0
147 250186 250107 0
148 250188 250144 0
149 62647 62631 0
150 62636 62605 0
151 31361 31354 0
152 125173 125155 0
153 250161 250116 0
154 31390 31375 0
155 62646 62631 0
156 62682 62676 0
157 500181 500135 0
158 500151 500156 0
159 500179 500142 0
160 500197 500195 0
161 500186 500181 0
162 500103 500121 0
163 500122 500114 0
164 62684 62679 0
165 500175 500121 0
166 500116 500104 0
167 500187 500122 0
168 62631 62623 0
169 500180 500118 0
170 500129 500155 0
171 31370 31371 0
172 125149 125136 0
173 500200 500181 0
174 125178 125174 0
175 500104 500118 0
176 500104 500124 0
177 250162 250128 0
178 500168 500185 0
179 250190 250161 0
180 500147 500143 0
181 250122 250113 0
182 250145 250135 0
183 250158 250142 0
184 31414 31411 0
185 31366 31362 0
186 125184 125185 0
187 500132 500112 0
188 125151 125153 0
189 500161 500142 0
190 31380 31378 0
191 125149 125155 0
192 125129 125112 0
193 125175 125176 0
194 125153 125140 0
195 125140 125141 0
196 125112 125111 0
197 62691 62691 0
198 250121 250101 0
199 125182 125187 0
200 125101 125104 0
201 125158 125151 0
202 125162 125169 0
203 500132 500132 0
204 250162 250167 0
205 500102 500117 0
206 15758 15758 0
207 500159 500129 0
208 500125 500150 0
209 500176 500121 0
210 250140 250109 0
211 250191 250167 0
212 500176 500117 0
213 250146 250157 0
214 500120 500121 0
215 250175 250168 0
216 250155 250140 0
217 250170 250183 0
218 250159 250161 0
219 250189 250172 0
220 250143 250120 0
221 250157 250137 0
222 125175 125162 0
223 500121 500142 0
224 500180 500118 0
225 500185 500188 0
226 31432 31418 0
227 125169 125145 0
228 500179 500110 0
229 31425 31412 0
230 62676 62663 0
231 31423 31411 0
232 125169 125137 0
233 62696 62677 0
234 125159 125123 0
235 15776 15805 0
236 15731 15754 0
237 15770 15788 0
238 15750 15783 0
239 7962 7989 0
240 15758 15820 0
241 7913 7968 0
242 15769 15789 0
243 7926 7943 0
244 7932 8007 0
245 15729 15738 0
246 7949 7975 0
247 15798 15808 0
248 7931 8010 0
249 7917 7978 0
250 15730 15821 0
251 15767 15784 0
252 7975 7986 0
253 7926 7975 0
254 7959 8002 0
255 7924 7944 0
256 7928 7966 0
257 7918 8001 0
258 7957 7966 0
259 500105 500133 0
260 7955 7973 0
261 31390 31445 0
262 31428 31438 0
263 31394 31444 0
264 7924 7992 0
265 7940 8012 0
266 31376 31450 0
267 31364 31407 0
268 7921 7959 0
269 31366 31430 0
270 7947 7983 0
271 31383 31427 0
272 31360 31407 0
273 7936 7961 0
274 7918 7941 0
275 31364 31385 0
276 31353 31382 0
277 31381 31419 0
278 7981 8005 0
279 31372 31394 0
280 31361 31397 0
281 4013 4057 0
282 4046 4074 0
283 4038 4089 0
284 62634 62675 0
285 4015 4084 0
286 62671 62691 0
287 62636 62650 0
288 4013 4033 0
289 62603 62677 0
290 4007 4060 0
291 4056 4093 0
292 4041 4079 0
293 62623 62693 0
294 62612 62671 0
295 4008 4067 0
296 62635 62672 0
297 4036 4058 0
298 15736 15772 0
299 62605 62634 0
300 4053 4061 0
301 62638 62674 0
302 62646 62700 0
303 62645 62691 0
304 4044 4060 0
305 15751 15777 0
306 4025 4042 0
307 4008 4036 0
308 62637 62690 0
309 4020 4057 0
310 62628 62644 0
311 62644 62690 0
312 15748 15770 0
313 62604 62613 0
314 4067 4080 0
315 62605 62682 0
316 62607 62630 0
317 62649 62686 0
318 15743 15792 0
319 2091 2115 0
320 2077 2150 0
321 2104 2134 0
322 2078 2144 0
323 62616 62622 0
324 62628 62665 0
325 125105 125170 0
326 125155 125181 0
327 125102 125146 0
328 15746 15766 0
329 2076 2091 0
330 125133 125178 0
331 125106 125118 0
332 2097 2149 0
333 2098 2114 0
334 2057 2111 0
335 2068 2107 0
336 2081 2128 0
337 2075 2102 0
338 125115 125199 0
339 125115 125132 0
340 2094 2133 0
341 125112 125173 0
342 2090 2118 0
343 2086 2101 0
344 125111 125133 0
345 125108 125191 0
346 125119 125161 0
347 125114 125137 0
348 2133 2146 0
349 2100 2132 0
350 125110 125161 0
351 125102 125180 0
352 250108 250190 0
353 250128 250187 0
354 250124 250158 0
355 250161 250186 0
356 250124 250187 0
357 250121 250188 0
358 250113 250196 0
359 4 86 0
360 26 75 0
361 39 87 0
362 6 25 0
363 250163 250190 0
364 250102 250144 0
365 250139 250174 0
366 250126 250152 0
367 27 40 0
368 15752 15787 0
369 250117 250196 0
370 5 73 0
371 250111 250133 0
372 1 71 0
373 62 100 0
374 250145 250161 0
375 250101 250157 0
376 19 47 0
377 15792 15801 0
378 500137 500168 0
379 500101 500169 0
380 500131 500190 0
381 15744 15800 0
382 13 87 0
383 500130 500187 0
384 53 78 0
385 80 97 0
386 20 78 0
387 500113 500142 0
388 33 60 0
389 34 45 0
390 17 100 0
391 15736 15759 0
392 500106 500173 0
393 500109 500166 0
394 500145 500187 0
395 500126 500185 0
396 40 75 0
397 11 71 0
398 15772 15802 0
399 15779 15788 0
--------------
1000000 :c
1004128 :sum(p)
999999 :sum(w)
