400 :n
id p,w,x
--------------
0 75 22 1
1 92 14 1
2 2153 2055 1
3 87 18 1
4 2133 2060 1
5 2142 2073 1
6 2145 2101 1
7 2100 2054 1
8 2137 2071 1
9 2143 2088 1
10 2140 2077 1
11 2152 2075 1
12 84 21 1
13 2130 2072 1
14 95 57 1
15 61 8 1
16 85 39 1
17 37 3 1
18 63 27 1
19 77 23 1
20 81 33 1
21 84 24 1
22 15800 15731 1
23 2105 2066 1
24 7982 7919 1
25 15820 15752 1
26 7980 7943 1
27 7992 7914 1
28 7978 7926 1
29 2117 2088 1
30 2123 2089 1
31 7996 7916 1
32 2115 2086 1
33 7994 7953 1
34 4045 4007 1
35 4090 4024 1
36 4084 4007 1
37 7967 7920 1
38 4068 4010 1
39 4066 4008 1
40 4077 4041 1
41 4089 4044 1
42 4100 4019 1
43 4094 4069 1
44 4071 4017 1
45 8005 7949 1
46 8002 7940 1
47 22 2 1
48 24 8 1
49 46 42 1
50 93 89 1
51 98 96 1
52 2087 2069 1
53 2131 2113 1
54 4031 4010 1
55 4048 4028 1
56 15815 15752 1
57 2098 2090 1
58 15811 15752 1
59 4024 4009 1
60 15810 15754 1
61 2086 2079 1
62 15825 15776 1
63 7975 7952 1
64 2097 2091 1
65 15790 15745 1
66 7954 7932 1
67 15779 15736 1
68 7948 7927 1
69 15808 15768 1
70 15812 15775 1
71 15802 15766 1
72 15812 15776 1
73 15800 15768 1
74 15814 15782 1
75 31445 31384 1
76 15783 15753 1
77 31404 31351 1
78 31401 31351 1
79 31439 31391 1
80 31422 31375 1
81 31445 31399 1
82 2133 2130 1
83 2148 2145 1
84 7982 7971 1
85 31408 31366 1
86 7927 7917 1
87 62700 62622 1
88 4101 4096 0
89 31438 31400 1
90 15805 15786 1
91 31441 31408 1
92 31403 31371 1
93 15763 15747 1
94 7977 7969 1
95 31400 31367 1
96 23 21 1
97 62697 62641 0
98 62700 62644 1
99 62676 62623 0
100 62662 62610 0
101 62696 62647 0
102 31447 31446 0
103 15760 15813 0
104 15816 15803 1
105 4053 4050 1
106 62655 62611 0
107 62693 62653 0
108 2129 2147 0
109 7999 7994 1
110 125196 125118 0
111 62644 62605 0
112 62684 62645 0
113 125197 125122 0
114 31428 31411 0
115 31430 31413 0
116 15774 15766 0
117 7999 7995 1
118 31387 31372 0
119 2103 2102 1
120 125196 125138 0
121 125156 125102 0
122 125173 125121 0
123 62687 62661 0
124 62693 62668 0
125 15762 15756 0
126 8010 8007 0
127 125180 125138 0
128 125180 125140 0
129 31377 31367 0
130 250197 250119 0
131 62624 62606 0
132 31438 31429 0
133 125174 125141 0
134 31409 31401 0
135 7940 7938 0
136 7977 7975 1
137 250180 250118 0
138 250183 250122 0
139 250178 250118 0
140 62673 62658 0
141 62662 62648 0
142 250179 250125 0
143 62661 62648 0
144 250155 250105 0
145 250151 250103 0
146 125133 125110 0
147 250190 250146 0
148 250198 250155 0
149 125156 125136 0
150 125178 125160 0
151 62688 62679 0
152 62680 62673 0
153 125113 125104 0
154 125149 125140 0
155 125184 125176 0
156 125172 125166 0
157 62603 62601 0
158 62631 62629 0
159 62688 62686 0
160 31354 31353 0
161 31371 31370 0
162 125112 125109 0
163 125142 125139 0
164 125138 125136 0
165 73 73 1
166 2106 2106 0
167 31375 31375 0
168 125154 125154 0
169 15789 15789 0
170 62604 62605 0
171 125115 125117 0
172 125126 125131 0
173 125125 125130 0
174 62678 62681 0
175 62608 62611 0
176 8008 8010 0
177 4070 4072 0
178 7963 7967 0
179 7956 7960 0
180 4043 4046 0
181 7992 7998 0
182 7984 7990 0
183 2082 2085 0
184 4015 4022 0
185 2060 2065 0
186 2127 2135 0
187 2062 2070 0
188 2129 2138 0
189 82 86 0
190 66 73 0
191 88 98 0
192 28 32 0
193 48 57 0
194 69 82 0
195 64 77 0
196 1 2 0
197 500156 500150 0
198 500119 500101 0
199 500180 500103 0
200 250176 250181 0
201 500194 500126 0
202 500154 500151 0
203 500200 500177 0
204 500110 500113 0
205 250123 250102 0
206 500148 500156 0
207 500110 500118 0
208 500134 500131 0
209 500151 500174 0
210 500172 500156 0
211 500196 500150 0
212 500196 500183 0
213 500181 500178 0
214 500155 500165 0
215 500177 500105 0
216 500181 500166 0
217 500198 500200 0
218 500194 500106 0
219 500132 500137 0
220 500175 500148 0
221 500127 500116 0
222 500187 500157 0
223 500198 500189 0
224 250124 250110 0
225 250138 250117 0
226 500187 500147 0
227 500168 500150 0
228 250191 250149 0
229 250157 250116 0
230 250184 250144 0
231 250140 250149 0
232 250186 250176 0
233 250200 250182 0
234 250116 250123 0
235 500145 500119 0
236 250145 250125 0
237 500161 500118 0
238 250113 250102 0
239 250162 250165 0
240 500125 500122 0
241 250138 250127 0
242 250139 250133 0
243 250175 250151 0
244 31382 31399 0
245 7944 7981 0
246 31366 31417 0
247 31351 31355 0
248 31390 31416 0
249 31372 31385 0
250 7936 7985 0
251 31363 31423 0
252 7916 7977 0
253 7987 8000 0
254 31352 31432 0
255 31367 31371 0
256 31359 31424 0
257 31356 31413 0
258 31351 31390 0
259 7939 7987 0
260 31379 31436 0
261 7918 7964 0
262 7925 7971 0
263 7989 7996 0
264 7944 8004 0
265 7948 7986 0
266 31371 31421 0
267 31361 31392 0
268 7938 7970 0
269 7995 8009 0
270 7949 8003 0
271 7917 7950 0
272 31384 31428 0
273 31417 31432 0
274 31425 31444 0
275 31390 31441 0
276 31408 31415 0
277 7930 7989 0
278 62654 62690 0
279 4088 4103 0
280 500144 500168 0
281 62629 62666 0
282 4010 4075 0
283 4059 4088 0
284 4023 4033 0
285 4057 4104 0
286 4078 4091 0
287 4024 4073 0
288 62643 62665 0
289 62619 62667 0
290 4040 4067 0
291 4018 4106 0
292 4038 4091 0
293 4014 4034 0
294 62613 62684 0
295 62620 62699 0
296 62622 62636 0
297 4023 4041 0
298 4073 4096 0
299 15738 15751 0
300 62617 62643 0
301 62602 62660 0
302 4020 4083 0
303 4057 4092 0
304 62649 62682 0
305 62666 62673 0
306 4039 4065 0
307 15787 15797 0
308 4052 4073 0
309 4032 4059 0
310 62615 62661 0
311 4033 4084 0
312 62637 62695 0
313 62646 62656 0
314 4023 4056 0
315 4077 4089 0
316 62623 62627 0
317 62631 62686 0
318 4056 4089 0
319 125136 125181 0
320 125102 125116 0
321 125116 125148 0
322 15804 15815 0
323 125125 125147 0
324 125164 125176 0
325 15729 15749 0
326 2064 2139 0
327 2111 2147 0
328 15760 15766 0
329 125107 125186 0
330 125120 125177 0
331 125172 125185 0
332 2072 2148 0
333 125105 125123 0
334 125177 125187 0
335 125169 125196 0
336 125143 125181 0
337 2124 2150 0
338 15731 15740 0
339 125136 125148 0
340 125140 125189 0
341 125157 125191 0
342 125171 125185 0
343 125138 125199 0
344 2083 2112 0
345 2068 2147 0
346 2097 2145 0
347 125127 125191 0
348 2090 2111 0
349 2086 2136 0
350 2074 2136 0
351 15789 15821 0
352 250104 250189 0
353 250139 250154 0
354 15772 15804 0
355 2112 2151 0
356 250129 250188 0
357 250124 250174 0
358 250137 250191 0
359 36 55 0
360 17 34 0
361 15741 15760 0
362 15764 15803 0
363 250151 250172 0
364 5 33 0
365 250172 250200 0
366 15798 15804 0
367 15736 15795 0
368 250129 250182 0
369 250132 250171 0
370 15730 15769 0
371 250115 250174 0
372 15 82 0
373 250106 250174 0
374 250124 250182 0
375 30 89 0
376 250115 250181 0
377 17 84 0
378 250140 250170 0
379 32 83 0
380 500101 500197 0
381 500151 500196 0
382 15796 15802 0
383 33 87 0
384 40 82 0
385 500111 500158 0
386 500115 500148 0
387 500111 500140 0
388 500105 500168 0
389 500135 500177 0
390 27 75 0
391 17 47 0
392 15745 15773 0
393 500110 500170 0
394 21 63 0
395 500136 500176 0
396 44 73 0
397 15809 15822 0
398 15807 15816 0
399 15732 15773 0
--------------
1000000 :c
1004103 :sum(p)
1000000 :sum(w)
