400 :n
id p,w,x
--------------
0 2142 2072 1
1 2140 2076 1
2 77 27 1
3 97 65 1
4 89 6 1
5 85 27 1
6 79 44 1
7 80 50 1
8 78 32 1
9 85 9 1
10 2136 2083 1
11 48 23 1
12 36 22 1
13 36 13 1
14 71 2 1
15 47 28 1
16 53 6 1
17 90 54 1
18 58 16 1
19 89 29 1
20 94 82 1
21 2137 2054 1
22 2151 2075 1
23 2133 2065 1
24 2149 2097 1
25 2151 2104 1
26 2141 2100 1
27 2096 2058 1
28 4085 4017 1
29 2103 2069 1
30 4089 4026 1
31 4099 4036 1
32 4088 4026 1
33 2083 2054 1
34 2096 2067 1
35 2120 2092 1
36 4101 4047 1
37 4089 4040 1
38 2117 2093 1
39 2109 2087 1
40 2076 2056 1
41 8002 7927 1
42 7991 7918 1
43 4053 4017 1
44 4085 4052 1
45 4069 4039 1
46 7992 7934 1
47 8012 7954 1
48 2147 2132 1
49 4068 4040 1
50 7974 7922 1
51 7982 7930 1
52 7996 7947 1
53 7993 7947 1
54 4047 4024 1
55 4094 4071 1
56 2149 2138 1
57 15813 15738 1
58 4061 4042 1
59 7959 7922 1
60 7998 7962 1
61 7993 7958 1
62 7970 7936 1
63 15792 15726 1
64 15793 15728 1
65 15802 15737 1
66 15806 15742 1
67 4096 4080 1
68 4023 4008 1
69 15793 15737 1
70 15823 15768 1
71 7967 7940 1
72 2125 2118 1
73 2151 2144 1
74 8000 7975 1
75 2148 2142 0
76 7938 7916 1
77 31444 31359 1
78 31449 31365 1
79 15777 15736 1
80 31438 31359 1
81 8008 7988 1
82 4081 4071 0
83 7951 7932 1
84 8011 7993 1
85 4067 4058 1
86 15772 15738 1
87 31419 31356 1
88 31420 31358 1
89 31441 31383 1
90 31418 31365 1
91 15776 15750 1
92 31450 31400 1
93 15774 15751 1
94 2136 2133 0
95 31424 31383 1
96 15823 15803 1
97 4031 4026 0
98 4069 4064 0
99 62686 62611 1
100 31429 31392 1
101 15782 15764 1
102 7993 7984 1
103 62692 62622 1
104 23 20 1
105 31415 31367 1
106 2076 2071 1
107 31400 31365 1
108 15761 15744 1
109 15802 15785 1
110 31435 31408 0
111 8010 8006 0
112 38 40 0
113 62673 62612 0
114 62661 62601 0
115 15796 15781 0
116 62696 62639 0
117 7998 8012 0
118 62683 62631 0
119 15754 15741 0
120 31413 31389 0
121 7925 7919 0
122 7984 7978 0
123 31412 31389 0
124 15788 15777 0
125 125189 125107 0
126 62677 62636 0
127 7920 7915 0
128 15772 15763 0
129 15825 15817 0
130 7990 7986 0
131 2107 2106 0
132 15791 15784 0
133 15809 15803 0
134 15738 15734 0
135 4071 4070 0
136 7981 7981 0
137 2080 2081 0
138 2103 2113 0
139 35 41 0
140 68 81 0
141 55 69 0
142 28 38 0
143 125193 125137 0
144 62654 62615 0
145 250167 250121 0
146 31422 31417 0
147 31399 31392 0
148 250198 250108 0
149 62662 62643 0
150 250199 250157 0
151 125197 125174 0
152 31376 31368 0
153 250182 250138 0
154 250161 250120 0
155 62669 62654 0
156 250184 250122 0
157 31429 31423 0
158 125141 125100 0
159 125178 125147 0
160 125173 125139 0
161 250193 250146 0
162 125151 125129 0
163 500182 500106 0
164 31366 31355 0
165 62650 62634 0
166 62629 62609 0
167 31381 31376 0
168 250115 250111 0
169 250185 250152 0
170 250183 250163 0
171 62623 62617 0
172 250192 250161 0
173 250162 250140 0
174 500179 500151 0
175 250187 250170 0
176 250167 250161 0
177 62699 62691 0
178 500180 500112 0
179 62640 62631 0
180 125182 125168 0
181 125119 125106 0
182 500144 500115 0
183 62608 62601 0
184 500147 500134 0
185 500197 500187 0
186 500162 500120 0
187 31429 31426 0
188 500155 500119 0
189 62671 62667 0
190 250158 250148 0
191 62700 62696 0
192 500149 500125 0
193 125191 125179 0
194 250124 250111 0
195 250151 250140 0
196 250124 250106 0
197 250133 250107 0
198 500190 500168 0
199 500190 500174 0
200 125145 125141 0
201 500187 500139 0
202 125157 125140 0
203 500190 500125 0
204 500152 500137 0
205 500134 500105 0
206 500200 500162 0
207 125162 125159 0
208 250197 250189 0
209 500186 500142 0
210 250127 250111 0
211 125158 125139 0
212 31409 31393 0
213 500199 500193 0
214 250188 250191 0
215 250192 250188 0
216 250113 250112 0
217 500186 500189 0
218 250181 250181 0
219 62605 62604 0
220 62629 62629 0
221 125144 125142 0
222 500121 500118 0
223 500125 500119 0
224 500170 500171 0
225 500105 500110 0
226 62682 62645 0
227 62689 62650 0
228 15744 15817 0
229 15767 15783 0
230 15768 15793 0
231 15761 15789 0
232 15740 15742 0
233 15750 15774 0
234 15767 15785 0
235 15792 15814 0
236 15753 15820 0
237 15771 15825 0
238 31359 31437 0
239 31355 31394 0
240 31404 31415 0
241 31352 31380 0
242 7978 7998 0
243 7915 7923 0
244 31352 31412 0
245 31376 31410 0
246 7956 7966 0
247 31351 31366 0
248 31385 31407 0
249 15812 15820 0
250 31426 31436 0
251 31370 31429 0
252 500135 500142 0
253 31377 31425 0
254 31370 31440 0
255 31356 31449 0
256 31365 31427 0
257 7935 7964 0
258 31405 31443 0
259 7940 7971 0
260 31431 31433 0
261 62640 62695 0
262 62637 62693 0
263 7971 8006 0
264 7969 7995 0
265 62613 62655 0
266 62648 62656 0
267 62638 62684 0
268 62607 62644 0
269 62691 62697 0
270 62638 62645 0
271 62627 62660 0
272 62621 62674 0
273 62620 62643 0
274 62641 62655 0
275 7952 7983 0
276 7949 7979 0
277 62624 62695 0
278 7954 7967 0
279 4064 4077 0
280 62629 62638 0
281 62681 62698 0
282 62618 62647 0
283 62616 62638 0
284 125117 125171 0
285 125123 125143 0
286 4042 4058 0
287 125105 125108 0
288 125154 125192 0
289 125125 125145 0
290 125166 125187 0
291 125104 125175 0
292 125126 125139 0
293 125114 125172 0
294 125160 125185 0
295 125128 125186 0
296 125114 125167 0
297 125114 125125 0
298 125100 125181 0
299 125142 125158 0
300 125126 125194 0
301 125141 125178 0
302 125182 125192 0
303 4069 4085 0
304 125110 125153 0
305 125102 125131 0
306 4043 4062 0
307 125125 125174 0
308 125133 125160 0
309 4068 4084 0
310 250120 250175 0
311 250151 250189 0
312 250149 250169 0
313 250136 250176 0
314 250173 250185 0
315 250112 250157 0
316 250162 250171 0
317 250161 250176 0
318 250108 250200 0
319 250107 250157 0
320 250108 250119 0
321 250129 250175 0
322 250153 250170 0
323 250160 250190 0
324 250103 250200 0
325 500126 500141 0
326 500158 500181 0
327 500118 500181 0
328 500160 500193 0
329 500138 500184 0
330 500176 500193 0
331 500112 500119 0
332 500131 500164 0
333 500109 500130 0
334 15754 15764 0
335 500112 500185 0
336 500134 500167 0
337 15800 15817 0
338 500107 500179 0
339 500120 500150 0
340 500163 500175 0
341 500141 500174 0
342 500160 500168 0
343 31358 31422 0
344 15752 15780 0
345 15782 15814 0
346 125188 125112 0
347 125189 125109 0
348 62685 62658 0
349 125177 125117 0
350 2098 2152 0
351 2058 2148 0
352 2054 2075 0
353 2069 2136 0
354 2095 2152 0
355 4054 4092 0
356 4012 4060 0
357 2112 2152 0
358 2067 2085 0
359 51 95 0
360 28 74 0
361 4047 4076 0
362 4014 4042 0
363 4058 4093 0
364 4047 4089 0
365 4009 4090 0
366 63 97 0
367 5 93 0
368 4028 4071 0
369 2064 2087 0
370 5 28 0
371 2060 2119 0
372 2110 2130 0
373 26 51 0
374 4012 4041 0
375 4048 4068 0
376 65 97 0
377 2077 2091 0
378 4033 4066 0
379 4038 4104 0
380 4022 4050 0
381 4018 4102 0
382 4041 4096 0
383 55 80 0
384 7929 8009 0
385 7945 7999 0
386 33 59 0
387 65 94 0
388 30 63 0
389 7935 8009 0
390 12 100 0
391 49 83 0
392 80 99 0
393 7929 7982 0
394 41 97 0
395 15730 15815 0
396 51 83 0
397 15726 15802 0
398 2062 2092 0
399 2058 2092 0
--------------
1000000 :c
1004401 :sum(p)
1000000 :sum(w)
