400 :n
id p,w,x
--------------
0 31425 31365 1
1 7977 7932 1
2 99 71 1
3 7944 7920 1
4 34 5 1
5 31449 31353 1
6 7995 7950 1
7 42 16 1
8 8009 7963 1
9 8011 7981 1
10 74 24 1
11 68 10 1
12 100 26 1
13 66 38 1
14 32 7 1
15 78 13 1
16 60 19 1
17 94 21 1
18 100 24 1
19 31447 31370 1
20 63 17 1
21 15807 15756 1
22 34 7 1
23 97 20 1
24 74 52 1
25 2147 2054 1
26 2126 2090 1
27 4067 4007 1
28 4043 4021 1
29 15804 15749 1
30 2130 2086 1
31 2129 2054 1
32 15797 15726 1
33 4098 4014 1
34 2116 2065 1
35 4038 4010 1
36 7996 7968 1
37 15787 15749 1
38 15768 15731 1
39 2141 2107 1
40 2153 2072 1
41 15804 15770 1
42 15802 15765 1
43 2087 2067 1
44 7988 7957 1
45 2107 2070 1
46 8010 7968 1
47 2130 2054 1
48 2078 2059 1
49 4073 4011 1
50 15825 15764 1
51 15817 15782 1
52 4105 4032 1
53 15804 15764 1
54 4036 4012 1
55 15806 15774 1
56 4091 4049 1
57 7944 7918 1
58 4106 4084 1
59 4095 4010 1
60 4090 4007 1
61 4052 4013 1
62 7967 7930 1
63 18 4 1
64 27 16 1
65 64 51 1
66 79 73 1
67 2138 2121 1
68 2115 2099 1
69 2113 2101 1
70 2138 2126 1
71 2082 2073 1
72 2109 2100 1
73 4094 4077 1
74 4072 4059 1
75 4064 4054 1
76 4091 4082 1
77 7965 7948 1
78 7995 7978 1
79 7992 7976 1
80 15777 15746 1
81 15783 15753 1
82 7962 7947 1
83 7972 7957 1
84 31431 31372 1
85 7927 7913 1
86 31448 31398 1
87 15770 15745 1
88 31435 31386 1
89 15765 15741 1
90 31419 31372 1
91 31448 31403 1
92 7996 7985 1
93 8005 7994 1
94 31444 31403 1
95 31399 31359 1
96 7934 7924 1
97 7962 7952 0
98 4051 4046 1
99 31420 31383 1
100 81 57 1
101 62688 62606 1
102 62682 62604 1
103 62669 62606 0
104 62681 62620 0
105 62692 62635 0
106 15816 15822 0
107 15756 15787 0
108 62675 62615 0
109 62663 62613 0
110 31403 31378 0
111 31445 31420 0
112 62662 62613 0
113 31415 31391 1
114 2134 2145 0
115 4055 4052 1
116 62677 62637 0
117 15785 15775 0
118 125177 125100 0
119 31396 31377 0
120 31439 31421 0
121 125185 125117 0
122 4076 4074 0
123 2115 2114 1
124 125168 125109 0
125 62672 62643 0
126 62679 62650 0
127 125194 125137 0
128 125169 125113 0
129 125179 125123 0
130 31406 31392 0
131 31442 31428 0
132 125194 125142 0
133 15760 15754 0
134 125156 125109 0
135 125171 125124 0
136 250196 250104 0
137 62636 62613 0
138 125178 125139 0
139 125198 125160 0
140 125160 125124 0
141 250190 250119 0
142 250198 250127 0
143 62656 62639 0
144 15800 15796 0
145 7999 7997 0
146 8012 8010 0
147 15738 15735 0
148 15784 15781 0
149 15729 15727 0
150 4059 4059 0
151 86 86 1
152 4033 4034 0
153 4101 4103 0
154 4080 4089 0
155 2087 2094 0
156 2132 2140 0
157 2068 2076 0
158 2064 2074 0
159 59 61 0
160 31 44 0
161 250144 250120 0
162 250173 250124 0
163 500131 500105 0
164 250129 250103 0
165 125173 125159 0
166 500179 500135 0
167 250185 250163 0
168 250168 250120 0
169 125188 125169 0
170 250198 250174 0
171 125130 125119 0
172 125131 125109 0
173 250137 250104 0
174 31364 31362 0
175 250192 250142 0
176 125132 125116 0
177 125150 125136 0
178 125159 125143 0
179 125140 125131 0
180 62684 62678 0
181 62673 62661 0
182 250176 250147 0
183 250174 250154 0
184 250185 250139 0
185 250148 250114 0
186 500181 500136 0
187 62666 62660 0
188 500153 500112 0
189 500182 500103 0
190 125136 125107 0
191 62628 62615 0
192 62626 62619 0
193 500185 500123 0
194 500200 500147 0
195 31387 31414 0
196 31365 31435 0
197 31389 31438 0
198 31395 31433 0
199 31361 31433 0
200 31447 31449 0
201 15765 15795 0
202 62660 62684 0
203 15748 15766 0
204 62681 62698 0
205 15774 15808 0
206 62622 62668 0
207 62631 62678 0
208 62628 62641 0
209 15730 15819 0
210 15806 15814 0
211 62632 62645 0
212 15783 15821 0
213 31351 31353 0
214 62659 62686 0
215 15730 15818 0
216 62609 62608 0
217 15755 15813 0
218 15741 15798 0
219 15770 15793 0
220 15776 15789 0
221 15800 15802 0
222 62623 62630 0
223 62618 62645 0
224 62633 62670 0
225 15749 15818 0
226 15793 15820 0
227 15744 15818 0
228 62652 62687 0
229 62623 62675 0
230 62665 62681 0
231 62610 62655 0
232 62624 62679 0
233 62613 62667 0
234 15726 15763 0
235 15768 15769 0
236 62637 62692 0
237 62683 62686 0
238 62615 62640 0
239 62615 62654 0
240 7930 8009 0
241 7976 8005 0
242 7955 7981 0
243 62610 62679 0
244 7926 7994 0
245 125107 125139 0
246 7961 7995 0
247 125154 125197 0
248 125146 125140 0
249 125119 125197 0
250 125139 125173 0
251 125114 125173 0
252 7967 7989 0
253 125138 125147 0
254 125114 125113 0
255 7928 7936 0
256 7917 7978 0
257 125118 125136 0
258 7959 7977 0
259 125149 125179 0
260 7991 8003 0
261 7925 7964 0
262 125131 125169 0
263 7921 7988 0
264 125173 125182 0
265 125116 125172 0
266 125111 125124 0
267 125143 125193 0
268 7945 8011 0
269 125170 125165 0
270 125107 125184 0
271 7932 7986 0
272 7979 8001 0
273 125143 125174 0
274 125122 125162 0
275 7934 7948 0
276 250130 250119 0
277 7961 8011 0
278 7971 8001 0
279 250186 250173 0
280 4059 4091 0
281 4082 4096 0
282 250118 250180 0
283 250136 250198 0
284 31369 31405 0
285 250142 250157 0
286 4047 4082 0
287 4058 4091 0
288 250154 250198 0
289 250168 250165 0
290 4026 4105 0
291 250133 250170 0
292 4033 4053 0
293 250133 250152 0
294 31373 31443 0
295 4071 4094 0
296 250114 250188 0
297 250136 250141 0
298 4010 4101 0
299 250121 250196 0
300 4023 4075 0
301 250123 250133 0
302 4066 4080 0
303 250131 250172 0
304 250146 250151 0
305 4017 4059 0
306 31432 31436 0
307 250193 250190 0
308 250114 250171 0
309 4022 4096 0
310 4084 4098 0
311 250145 250150 0
312 4011 4097 0
313 4008 4021 0
314 4059 4074 0
315 4077 4106 0
316 31395 31423 0
317 250102 250200 0
318 250112 250186 0
319 250149 250155 0
320 2059 2104 0
321 250119 250185 0
322 31358 31410 0
323 2064 2105 0
324 250117 250162 0
325 250146 250150 0
326 31426 31439 0
327 2094 2135 0
328 250142 250197 0
329 2080 2143 0
330 2114 2138 0
331 31379 31400 0
332 2105 2123 0
333 500136 500146 0
334 500109 500130 0
335 2092 2129 0
336 500110 500196 0
337 2093 2140 0
338 500128 500127 0
339 2087 2121 0
340 500129 500139 0
341 2070 2108 0
342 2063 2106 0
343 500188 500197 0
344 2055 2146 0
345 2092 2118 0
346 2059 2131 0
347 500140 500193 0
348 500153 500195 0
349 500111 500163 0
350 500111 500138 0
351 500134 500171 0
352 31394 31413 0
353 31358 31416 0
354 2103 2128 0
355 500116 500155 0
356 2117 2135 0
357 2068 2149 0
358 500109 500188 0
359 500135 500121 0
360 500137 500116 0
361 500107 500155 0
362 24 74 0
363 67 98 0
364 500170 500159 0
365 31 50 0
366 500138 500122 0
367 500134 500160 0
368 500123 500197 0
369 35 78 0
370 3 39 0
371 5 74 0
372 500185 500189 0
373 500134 500185 0
374 500177 500199 0
375 15 41 0
376 31 53 0
377 500192 500182 0
378 16 75 0
379 500143 500179 0
380 500112 500166 0
381 500127 500151 0
382 54 79 0
383 15 60 0
384 500166 500200 0
385 500143 500123 0
386 500103 500197 0
387 31378 31408 0
388 10 92 0
389 500153 500159 0
390 31386 31385 0
391 27 51 0
392 500112 500113 0
393 13 43 0
394 50 66 0
395 500143 500122 0
396 31375 31408 0
397 48 88 0
398 31364 31418 0
399 31421 31438 0
--------------
1000000 :c
1004000 :sum(p)
999998 :sum(w)
