400 :n
id p,w,x
--------------
0 8005 7959 1
1 8004 7956 1
2 4052 4021 1
3 46 9 1
4 4091 4075 1
5 4080 4058 1
6 60 3 1
7 70 23 1
8 80 5 1
9 66 24 1
10 4078 4021 1
11 87 43 1
12 49 8 1
13 88 62 1
14 4103 4080 1
15 4028 4011 1
16 99 80 1
17 2121 2077 1
18 4095 4032 1
19 86 14 1
20 66 7 1
21 83 51 1
22 79 67 1
23 100 77 1
24 91 74 1
25 74 8 1
26 2122 2075 1
27 80 49 1
28 4039 4016 1
29 2144 2123 1
30 7963 7914 1
31 90 12 1
32 2138 2099 1
33 7997 7959 1
34 4074 4041 1
35 2153 2090 1
36 2142 2106 1
37 4024 4009 1
38 7950 7920 1
39 15814 15726 1
40 8008 7932 1
41 15818 15739 1
42 89 3 1
43 4102 4033 1
44 15788 15736 1
45 2144 2081 1
46 2109 2095 1
47 98 33 1
48 2145 2093 1
49 15819 15745 1
50 15811 15730 1
51 7953 7914 1
52 2153 2103 1
53 2114 2066 1
54 2125 2086 1
55 2144 2055 1
56 2135 2105 1
57 15811 15760 1
58 7947 7923 1
59 2125 2054 1
60 7979 7931 1
61 7989 7953 1
62 2152 2056 1
63 2141 2088 1
64 7958 7917 1
65 7980 7947 1
66 31420 31361 1
67 15785 15750 1
68 15811 15776 1
69 31418 31364 1
70 15798 15759 1
71 31450 31369 1
72 31439 31367 1
73 31421 31360 1
74 31443 31369 1
75 31449 31393 1
76 15788 15741 1
77 5 3 0
78 83 77 1
79 2085 2080 1
80 2115 2110 1
81 7988 7971 1
82 15799 15766 1
83 15813 15781 1
84 4076 4068 1
85 4076 4068 1
86 2094 2090 1
87 15825 15797 1
88 7941 7927 1
89 7979 7965 1
90 15776 15750 1
91 31448 31399 1
92 31408 31360 1
93 7955 7943 1
94 4032 4026 1
95 31436 31390 1
96 7940 7929 0
97 31419 31378 1
98 7950 7940 1
99 31391 31352 1
100 31412 31377 1
101 4076 4025 1
102 62699 62624 1
103 62674 62609 1
104 62690 62627 0
105 31431 31400 0
106 62689 62643 0
107 90 91 1
108 72 84 0
109 2092 2090 1
110 15802 15787 0
111 62668 62612 0
112 31438 31410 0
113 7991 7984 0
114 15747 15734 0
115 31392 31367 0
116 62676 62628 0
117 4101 4098 0
118 125198 125112 0
119 31435 31415 0
120 7959 7954 0
121 62658 62622 0
122 62669 62637 0
123 4063 4061 1
124 4106 4104 0
125 2115 2114 1
126 31371 31357 0
127 125199 125145 0
128 31449 31436 0
129 62640 62616 0
130 7966 7964 0
131 4105 4104 0
132 4045 4046 0
133 4063 4066 0
134 4013 4016 0
135 4073 4077 0
136 76 81 0
137 24 29 0
138 15741 15737 0
139 250139 250115 0
140 125132 125111 0
141 500181 500122 0
142 125173 125160 0
143 62643 62636 0
144 500151 500101 0
145 500178 500118 0
146 62659 62651 0
147 125179 125156 0
148 125185 125143 0
149 250138 250107 0
150 500193 500125 0
151 250190 250145 0
152 250175 250151 0
153 250155 250110 0
154 125188 125141 0
155 500181 500115 0
156 250141 250107 0
157 125185 125144 0
158 250188 250127 0
159 250142 250109 0
160 125155 125121 0
161 31446 31436 0
162 250149 250101 0
163 125171 125125 0
164 125176 125152 0
165 31424 31415 0
166 250177 250125 0
167 250176 250123 0
168 62643 62626 0
169 500174 500124 0
170 500192 500168 0
171 500153 500115 0
172 62609 62607 0
173 500174 500150 0
174 62635 62629 0
175 500170 500153 0
176 31427 31425 0
177 500190 500188 0
178 125128 125125 0
179 125186 125183 0
180 250113 250105 0
181 250179 250161 0
182 62632 62631 0
183 500137 500111 0
184 250173 250170 0
185 500142 500122 0
186 250160 250149 0
187 125197 125193 0
188 250129 250128 0
189 250163 250152 0
190 250138 250134 0
191 125170 125169 0
192 250144 250123 0
193 125118 125115 0
194 125175 125171 0
195 250112 250101 0
196 500152 500128 0
197 250189 250173 0
198 250188 250180 0
199 500152 500149 0
200 250120 250111 0
201 62687 62669 0
202 31402 31414 0
203 31445 31449 0
204 31403 31422 0
205 31407 31427 0
206 31381 31392 0
207 31377 31383 0
208 15755 15762 0
209 62604 62608 0
210 62635 62650 0
211 62677 62678 0
212 62610 62620 0
213 62657 62667 0
214 62677 62697 0
215 62685 62685 0
216 62631 62631 0
217 62657 62695 0
218 62670 62671 0
219 62656 62678 0
220 62619 62648 0
221 62664 62686 0
222 62613 62617 0
223 62626 62659 0
224 62639 62648 0
225 62632 62657 0
226 62648 62661 0
227 125119 125195 0
228 125161 125162 0
229 125151 125187 0
230 125116 125161 0
231 125143 125189 0
232 125171 125173 0
233 125151 125168 0
234 125103 125170 0
235 125156 125180 0
236 125134 125198 0
237 125115 125169 0
238 125151 125173 0
239 7966 7970 0
240 125162 125178 0
241 125105 125191 0
242 125182 125197 0
243 125139 125176 0
244 125119 125129 0
245 125142 125146 0
246 125112 125187 0
247 125125 125188 0
248 7937 7940 0
249 250120 250159 0
250 250159 250193 0
251 250125 250172 0
252 250123 250163 0
253 250112 250180 0
254 250129 250129 0
255 250111 250176 0
256 250109 250181 0
257 7939 7942 0
258 250124 250149 0
259 250126 250163 0
260 250142 250142 0
261 250132 250193 0
262 250113 250182 0
263 250119 250129 0
264 250124 250197 0
265 250140 250151 0
266 250109 250161 0
267 500101 500148 0
268 500116 500116 0
269 500184 500200 0
270 500108 500139 0
271 500137 500184 0
272 500102 500183 0
273 500124 500196 0
274 500119 500168 0
275 500172 500172 0
276 500112 500196 0
277 500177 500200 0
278 500122 500193 0
279 500192 500194 0
280 500118 500160 0
281 500146 500160 0
282 500183 500183 0
283 500152 500174 0
284 500156 500189 0
285 31359 31369 0
286 500101 500128 0
287 500161 500180 0
288 500137 500165 0
289 500190 500193 0
290 500110 500122 0
291 500103 500158 0
292 31383 31384 0
293 31421 31432 0
294 31371 31372 0
295 125143 125122 0
296 15825 15823 0
297 125173 125130 0
298 125193 125157 0
299 500154 500106 0
300 4038 4058 0
301 4048 4080 0
302 4045 4071 0
303 4043 4050 0
304 4016 4046 0
305 4073 4095 0
306 4027 4049 0
307 4043 4054 0
308 4017 4040 0
309 7921 7928 0
310 7942 8000 0
311 4017 4068 0
312 7991 8008 0
313 4028 4064 0
314 7950 7978 0
315 4029 4070 0
316 7913 8010 0
317 7938 7992 0
318 7963 7989 0
319 2088 2108 0
320 2137 2147 0
321 7934 7973 0
322 2068 2125 0
323 7941 7985 0
324 2077 2110 0
325 2068 2132 0
326 7947 8001 0
327 7963 7983 0
328 7964 7973 0
329 7938 7948 0
330 7982 7989 0
331 7931 7979 0
332 7971 8008 0
333 2063 2125 0
334 15749 15811 0
335 15728 15797 0
336 15792 15818 0
337 15742 15792 0
338 2081 2131 0
339 15742 15817 0
340 2097 2126 0
341 2059 2099 0
342 2101 2152 0
343 15752 15798 0
344 2067 2092 0
345 2081 2089 0
346 15726 15808 0
347 2089 2127 0
348 15730 15774 0
349 15744 15769 0
350 2065 2129 0
351 2105 2132 0
352 15735 15779 0
353 2092 2131 0
354 2108 2136 0
355 15754 15787 0
356 15742 15798 0
357 2082 2091 0
358 15727 15809 0
359 15754 15778 0
360 15781 15819 0
361 15729 15800 0
362 15772 15786 0
363 56 92 0
364 15729 15755 0
365 4029 4085 0
366 54 100 0
367 15758 15818 0
368 65 96 0
369 4071 4092 0
370 15730 15788 0
371 15790 15801 0
372 16 31 0
373 4082 4095 0
374 31363 31421 0
375 31394 31442 0
376 31364 31403 0
377 31415 31449 0
378 31367 31437 0
379 27 86 0
380 50 89 0
381 31352 31390 0
382 63 93 0
383 31368 31449 0
384 41 64 0
385 31393 31429 0
386 26 53 0
387 9 66 0
388 62610 62695 0
389 62608 62699 0
390 62626 62671 0
391 14 87 0
392 62616 62691 0
393 46 59 0
394 70 82 0
395 66 83 0
396 62645 62690 0
397 62618 62693 0
398 4021 4048 0
399 4077 4092 0
--------------
1000000 :c
1004380 :sum(p)
1000000 :sum(w)
