400 :n
id p,w,x
--------------
0 15793 15728 1
1 15806 15742 1
2 15818 15749 1
3 7980 7937 1
4 49 23 1
5 8000 7932 1
6 59 31 1
7 95 32 1
8 7974 7920 1
9 49 17 1
10 81 47 1
11 96 75 1
12 74 14 1
13 79 25 1
14 76 5 1
15 100 63 1
16 55 10 1
17 7965 7923 1
18 2081 2061 1
19 8003 7940 1
20 2132 2092 1
21 2126 2057 1
22 2112 2061 1
23 2144 2107 1
24 2076 2054 1
25 7962 7913 1
26 7990 7929 1
27 2148 2065 1
28 4066 4010 1
29 2136 2065 1
30 2153 2091 1
31 2107 2078 1
32 2141 2089 1
33 4092 4024 1
34 4067 4021 1
35 4102 4014 1
36 2084 2056 1
37 4044 4015 1
38 4072 4044 1
39 4066 4025 1
40 4075 4024 1
41 4098 4026 1
42 4104 4071 1
43 4094 4028 1
44 4042 4012 1
45 4045 4010 1
46 4071 4048 1
47 4080 4014 1
48 4050 4022 1
49 14 1 1
50 33 19 1
51 57 50 1
52 75 73 1
53 89 88 1
54 2149 2132 1
55 2077 2063 1
56 2122 2109 1
57 2145 2132 1
58 2111 2100 1
59 4055 4035 1
60 4026 4008 1
61 4073 4055 1
62 2063 2054 1
63 2130 2121 1
64 4081 4064 1
65 7963 7932 1
66 15792 15732 1
67 4077 4062 1
68 7993 7964 1
69 15792 15738 1
70 7973 7946 1
71 7998 7971 1
72 7998 7972 1
73 15820 15769 1
74 15815 15765 1
75 31449 31364 1
76 7938 7919 1
77 31427 31364 1
78 31432 31369 1
79 4106 4098 1
80 2127 2123 1
81 31411 31352 1
82 31421 31363 1
83 15781 15752 1
84 15765 15737 1
85 31447 31395 1
86 15803 15778 1
87 31435 31387 1
88 15762 15738 1
89 7952 7941 1
90 7986 7975 1
91 62689 62605 1
92 62697 62617 1
93 15812 15792 1
94 7965 7955 1
95 31403 31367 1
96 62697 62628 1
97 61 33 1
98 62684 62615 1
99 31402 31362 1
100 15792 15775 0
101 31419 31386 0
102 7975 7967 0
103 15820 15821 0
104 4088 4104 0
105 250150 250193 0
106 62689 62627 0
107 62683 62625 0
108 31442 31414 0
109 62653 62603 0
110 62680 62631 0
111 15766 15754 0
112 31404 31384 0
113 8006 8001 1
114 31392 31374 0
115 31401 31384 0
116 31444 31428 0
117 7993 7989 1
118 31371 31357 0
119 15778 15771 0
120 31380 31367 0
121 7993 7990 0
122 31449 31438 0
123 31373 31364 0
124 15764 15760 0
125 7995 7993 0
126 31438 31431 0
127 31444 31439 0
128 15759 15757 0
129 15770 15769 0
130 15803 15804 0
131 15755 15756 0
132 7965 7966 0
133 15736 15739 0
134 15801 15806 0
135 15808 15815 0
136 4082 4084 1
137 15786 15794 0
138 7955 7960 0
139 7918 7924 0
140 2102 2104 0
141 2081 2083 0
142 4048 4052 0
143 7949 7957 0
144 4072 4077 0
145 7945 7955 0
146 7954 7967 0
147 4054 4061 0
148 4025 4032 0
149 7945 7962 0
150 2058 2064 0
151 4074 4087 0
152 2128 2135 0
153 2111 2118 0
154 2085 2092 0
155 2096 2104 0
156 4053 4069 0
157 4071 4089 0
158 2126 2137 0
159 4057 4078 0
160 4054 4076 0
161 2133 2145 0
162 2106 2118 0
163 2085 2098 0
164 2104 2122 0
165 2064 2082 0
166 2062 2081 0
167 42 45 0
168 91 100 0
169 73 85 0
170 62 73 0
171 62 76 0
172 71 98 0
173 30 42 0
174 23 34 0
175 26 40 0
176 15 32 0
177 62668 62660 0
178 250189 250160 0
179 31445 31443 0
180 250131 250116 0
181 62657 62631 0
182 62660 62631 0
183 62648 62617 0
184 500146 500132 0
185 62675 62676 0
186 250170 250175 0
187 250176 250162 0
188 250176 250179 0
189 500153 500145 0
190 500152 500166 0
191 500140 500128 0
192 500103 500165 0
193 500153 500132 0
194 250107 250126 0
195 500140 500118 0
196 500199 500198 0
197 250164 250175 0
198 500129 500164 0
199 250141 250170 0
200 500178 500196 0
201 250151 250147 0
202 500144 500174 0
203 62638 62643 0
204 500163 500174 0
205 500184 500157 0
206 250137 250138 0
207 250134 250126 0
208 500126 500125 0
209 500112 500120 0
210 62677 62674 0
211 500102 500164 0
212 125170 125180 0
213 250136 250126 0
214 125160 125173 0
215 500120 500104 0
216 500162 500137 0
217 125142 125139 0
218 500118 500169 0
219 125141 125152 0
220 500121 500173 0
221 125164 125180 0
222 125132 125140 0
223 250194 250185 0
224 125152 125149 0
225 125170 125172 0
226 500121 500118 0
227 125126 125137 0
228 500150 500173 0
229 250133 250158 0
230 31393 31396 0
231 250124 250112 0
232 500149 500157 0
233 500141 500194 0
234 125140 125154 0
235 125187 125198 0
236 250197 250198 0
237 125130 125128 0
238 500109 500103 0
239 500171 500188 0
240 250108 250113 0
241 250173 250186 0
242 250179 250171 0
243 250113 250126 0
244 500117 500147 0
245 250139 250138 0
246 250167 250184 0
247 250150 250137 0
248 62659 62660 0
249 500156 500184 0
250 31430 31434 0
251 500168 500189 0
252 125153 125109 0
253 250193 250108 0
254 125193 125114 0
255 125192 125109 0
256 125188 125110 0
257 125184 125111 0
258 125170 125101 0
259 250200 250154 0
260 250148 250114 0
261 125149 125119 0
262 250175 250118 0
263 125178 125153 0
264 250185 250139 0
265 250157 250118 0
266 125152 125112 0
267 62631 62614 0
268 62623 62613 0
269 500193 500104 0
270 125153 125112 0
271 250178 250137 0
272 125133 125106 0
273 62646 62636 0
274 62691 62659 0
275 125183 125126 0
276 250166 250133 0
277 500181 500152 0
278 500184 500121 0
279 500170 500104 0
280 500190 500153 0
281 500176 500145 0
282 62626 62621 0
283 62621 62616 0
284 250144 250115 0
285 250143 250122 0
286 250183 250165 0
287 500192 500141 0
288 500185 500121 0
289 250180 250147 0
290 125137 125121 0
291 125177 125169 0
292 250164 250132 0
293 500191 500138 0
294 62689 62684 0
295 500167 500103 0
296 31424 31448 0
297 31398 31432 0
298 31405 31431 0
299 250134 250198 0
300 31373 31399 0
301 31376 31396 0
302 31383 31425 0
303 31398 31415 0
304 31358 31409 0
305 31370 31386 0
306 15733 15766 0
307 4049 4096 0
308 4017 4106 0
309 31378 31410 0
310 31384 31411 0
311 31398 31448 0
312 4016 4067 0
313 4021 4058 0
314 4029 4063 0
315 31389 31428 0
316 4012 4059 0
317 15782 15816 0
318 4039 4103 0
319 7933 8006 0
320 15783 15816 0
321 31353 31394 0
322 2080 2115 0
323 31389 31410 0
324 31420 31428 0
325 62646 62671 0
326 62673 62689 0
327 62640 62666 0
328 2067 2140 0
329 62647 62687 0
330 62621 62668 0
331 15765 15809 0
332 62656 62684 0
333 2088 2141 0
334 62631 62681 0
335 62628 62689 0
336 62637 62698 0
337 62607 62698 0
338 62646 62660 0
339 15742 15764 0
340 7954 7995 0
341 62617 62649 0
342 62630 62657 0
343 62632 62660 0
344 2057 2126 0
345 15796 15815 0
346 62621 62686 0
347 62630 62649 0
348 15751 15775 0
349 15753 15804 0
350 2069 2141 0
351 15744 15797 0
352 15771 15818 0
353 7953 8004 0
354 15730 15744 0
355 62608 62622 0
356 7956 7992 0
357 500126 500200 0
358 2099 2133 0
359 125149 125174 0
360 125113 125155 0
361 7936 7976 0
362 31 74 0
363 125125 125160 0
364 125122 125148 0
365 15745 15811 0
366 7917 7942 0
367 7982 8008 0
368 15787 15811 0
369 3 35 0
370 15 76 0
371 1 92 0
372 125129 125184 0
373 7916 7966 0
374 125112 125176 0
375 125105 125167 0
376 24 68 0
377 27 61 0
378 38 86 0
379 125117 125152 0
380 125135 125177 0
381 125107 125167 0
382 34 80 0
383 17 85 0
384 125155 125179 0
385 4 42 0
386 55 86 0
387 15759 15819 0
388 125104 125131 0
389 125154 125182 0
390 68 97 0
391 15730 15794 0
392 125107 125196 0
393 7928 7951 0
394 250110 250171 0
395 250106 250163 0
396 20 64 0
397 7913 7940 0
398 7950 7983 0
399 7934 7959 0
--------------
1000000 :c
1003966 :sum(p)
999997 :sum(w)
