400 :n
id p,w,x
--------------
0 15782 15742 1
1 15804 15736 1
2 96 14 1
3 73 15 1
4 15784 15737 1
5 63 50 1
6 26 10 1
7 62 17 1
8 31 17 1
9 76 9 1
10 49 21 1
11 83 26 1
12 15811 15755 1
13 94 48 1
14 72 3 1
15 86 55 1
16 99 48 1
17 15784 15742 1
18 80 18 1
19 64 29 1
20 71 36 1
21 73 32 1
22 87 28 1
23 30 8 1
24 53 12 1
25 2121 2088 1
26 2153 2061 1
27 2102 2056 1
28 2144 2115 1
29 2130 2116 1
30 2147 2124 1
31 2137 2089 1
32 2092 2062 1
33 2120 2107 1
34 2103 2059 1
35 2118 2077 1
36 2137 2125 1
37 15823 15772 1
38 4103 4037 1
39 4079 4045 1
40 4053 4034 1
41 4102 4040 1
42 4044 4030 1
43 4105 4013 1
44 4101 4080 1
45 4090 4047 1
46 4060 4037 1
47 4077 4059 1
48 4089 4053 1
49 4104 4062 1
50 15811 15737 1
51 4093 4034 1
52 4045 4009 1
53 4077 4061 1
54 7981 7944 1
55 8011 7925 1
56 7976 7943 1
57 15764 15726 1
58 7983 7946 1
59 8012 7982 1
60 8003 7979 1
61 8011 7944 1
62 8002 7952 1
63 7993 7935 1
64 7996 7955 1
65 15810 15758 1
66 15811 15734 1
67 15824 15764 1
68 15815 15752 1
69 15778 15741 1
70 31438 31363 1
71 31431 31361 1
72 31440 31369 1
73 18 12 1
74 33 31 1
75 71 67 1
76 2142 2133 1
77 4028 4017 1
78 7991 7972 1
79 7982 7964 1
80 4047 4038 1
81 15800 15765 1
82 8004 7987 1
83 15803 15774 1
84 31433 31385 1
85 7960 7949 1
86 31445 31402 1
87 62689 62605 1
88 31426 31384 1
89 15822 15801 1
90 31435 31394 1
91 62695 62614 1
92 31443 31403 1
93 15772 15752 0
94 8009 7999 1
95 4066 4061 1
96 31392 31355 1
97 31414 31378 1
98 8008 7999 1
99 65 35 1
100 7960 7917 1
101 31416 31382 1
102 31449 31416 1
103 62669 62607 0
104 31443 31434 0
105 15808 15809 0
106 15726 15755 0
107 4083 4079 1
108 2072 2070 0
109 62673 62613 0
110 62700 62642 0
111 7998 7995 0
112 31381 31355 0
113 15777 15764 0
114 15795 15782 0
115 62665 62615 0
116 62678 62633 0
117 15757 15746 0
118 62655 62613 0
119 4031 4029 1
120 31367 31352 0
121 2141 2140 1
122 31384 31370 0
123 31402 31388 0
124 31384 31373 0
125 15757 15754 0
126 4079 4082 0
127 2117 2119 0
128 2058 2060 0
129 2104 2108 0
130 2102 2107 0
131 2071 2076 0
132 52 53 0
133 71 75 0
134 5 12 0
135 62643 62626 0
136 62667 62634 0
137 250188 250129 0
138 125191 125123 0
139 125176 125114 0
140 62628 62602 0
141 125196 125136 0
142 250190 250132 0
143 250154 250116 0
144 250179 250118 0
145 125163 125139 0
146 125192 125100 0
147 62636 62604 0
148 250171 250118 0
149 62643 62607 0
150 125199 125110 0
151 62680 62652 0
152 250193 250119 0
153 125156 125118 0
154 125184 125110 0
155 125198 125160 0
156 125167 125114 0
157 250194 250147 0
158 62616 62615 0
159 250129 250133 0
160 500192 500119 0
161 62672 62675 0
162 500140 500143 0
163 250195 250186 0
164 500195 500193 0
165 62694 62693 0
166 500150 500138 0
167 500148 500127 0
168 500149 500138 0
169 500177 500117 0
170 500172 500117 0
171 250151 250142 0
172 500180 500183 0
173 500132 500134 0
174 31431 31432 0
175 31406 31405 0
176 250155 250150 0
177 62694 62685 0
178 62618 62613 0
179 500136 500128 0
180 62652 62647 0
181 250115 250119 0
182 31354 31352 0
183 500196 500189 0
184 500142 500118 0
185 500149 500155 0
186 500178 500148 0
187 500125 500132 0
188 500186 500158 0
189 125126 125118 0
190 500130 500106 0
191 31377 31377 0
192 500138 500150 0
193 125189 125185 0
194 500170 500148 0
195 250191 250176 0
196 500190 500176 0
197 125151 125141 0
198 500194 500153 0
199 250156 250152 0
200 500173 500191 0
201 500178 500169 0
202 125184 125175 0
203 125142 125132 0
204 250198 250179 0
205 500105 500132 0
206 500190 500180 0
207 500141 500141 0
208 250193 250164 0
209 500115 500126 0
210 125130 125121 0
211 250197 250163 0
212 500105 500108 0
213 250159 250132 0
214 500191 500123 0
215 125191 125181 0
216 250135 250138 0
217 15771 15770 0
218 500153 500136 0
219 250173 250145 0
220 500108 500134 0
221 250182 250146 0
222 62677 62676 0
223 250161 250174 0
224 62636 62630 0
225 125198 125136 0
226 125193 125122 0
227 125194 125105 0
228 250185 250132 0
229 62676 62665 0
230 125154 125132 0
231 250193 250125 0
232 250200 250149 0
233 125183 125154 0
234 15731 15738 0
235 15729 15823 0
236 15732 15781 0
237 15752 15819 0
238 250174 250191 0
239 15802 15811 0
240 7915 7952 0
241 7967 8000 0
242 15765 15818 0
243 15767 15801 0
244 31383 31413 0
245 7926 7949 0
246 7937 7956 0
247 7980 8007 0
248 7926 7992 0
249 31410 31418 0
250 7943 7960 0
251 31366 31402 0
252 31408 31418 0
253 31392 31447 0
254 7917 7954 0
255 7927 7977 0
256 250166 250186 0
257 7969 7994 0
258 7935 7975 0
259 250139 250189 0
260 7919 8000 0
261 7929 7980 0
262 7982 7984 0
263 7935 7961 0
264 31442 31449 0
265 7946 7983 0
266 31419 31447 0
267 7977 7996 0
268 7945 7998 0
269 7943 7991 0
270 250140 250167 0
271 31373 31394 0
272 31383 31437 0
273 31357 31392 0
274 31358 31434 0
275 7948 7997 0
276 7966 8005 0
277 31387 31413 0
278 7978 7991 0
279 31383 31388 0
280 4025 4032 0
281 31384 31442 0
282 250152 250200 0
283 4037 4051 0
284 31358 31366 0
285 4032 4087 0
286 31396 31449 0
287 4027 4079 0
288 4036 4044 0
289 250144 250196 0
290 4049 4102 0
291 250139 250200 0
292 4065 4094 0
293 31364 31420 0
294 4026 4096 0
295 4056 4100 0
296 250115 250174 0
297 31420 31424 0
298 62678 62687 0
299 4066 4078 0
300 62649 62688 0
301 4044 4069 0
302 4026 4039 0
303 4025 4056 0
304 250109 250188 0
305 250103 250132 0
306 4020 4070 0
307 250161 250175 0
308 62647 62659 0
309 15734 15821 0
310 4070 4099 0
311 62612 62671 0
312 4015 4042 0
313 500122 500195 0
314 4018 4085 0
315 4039 4077 0
316 62619 62686 0
317 62646 62669 0
318 4036 4051 0
319 500104 500182 0
320 62630 62656 0
321 15731 15797 0
322 2093 2146 0
323 2106 2125 0
324 62601 62694 0
325 2054 2142 0
326 500104 500145 0
327 15753 15767 0
328 62645 62683 0
329 2080 2135 0
330 62634 62675 0
331 15771 15810 0
332 2066 2078 0
333 62606 62673 0
334 2058 2143 0
335 2082 2143 0
336 2057 2153 0
337 2117 2131 0
338 2074 2104 0
339 62644 62698 0
340 2113 2129 0
341 2070 2082 0
342 15781 15792 0
343 2101 2147 0
344 500119 500157 0
345 62646 62677 0
346 62647 62653 0
347 250153 250167 0
348 62623 62684 0
349 2075 2114 0
350 2104 2150 0
351 2088 2137 0
352 62619 62649 0
353 500111 500188 0
354 2080 2126 0
355 2123 2147 0
356 2097 2112 0
357 2097 2153 0
358 62612 62659 0
359 60 87 0
360 125114 125166 0
361 125123 125135 0
362 125148 125172 0
363 125106 125132 0
364 53 84 0
365 63 74 0
366 125107 125145 0
367 13 53 0
368 11 22 0
369 43 92 0
370 125149 125178 0
371 125111 125144 0
372 500103 500149 0
373 15757 15791 0
374 44 73 0
375 125127 125180 0
376 125115 125164 0
377 25 91 0
378 125106 125136 0
379 72 83 0
380 250104 250188 0
381 125109 125166 0
382 125138 125190 0
383 125102 125194 0
384 125130 125190 0
385 125163 125190 0
386 11 45 0
387 125139 125169 0
388 500129 500185 0
389 39 54 0
390 15738 15802 0
391 125108 125168 0
392 125102 125161 0
393 250145 250159 0
394 58 79 0
395 500109 500160 0
396 35 86 0
397 250112 250150 0
398 15727 15770 0
399 15764 15815 0
--------------
1000000 :c
1004073 :sum(p)
999997 :sum(w)
