400 :n
id p,w,x
--------------
0 2140 2065 1
1 2153 2120 1
2 2127 2106 1
3 8004 7951 1
4 4079 4014 1
5 57 3 1
6 31436 31354 1
7 31443 31353 1
8 4083 4066 1
9 4051 4038 1
10 4059 4014 1
11 31430 31374 1
12 73 42 1
13 45 29 1
14 4068 4018 1
15 2128 2078 1
16 58 47 1
17 2153 2091 1
18 88 72 1
19 2147 2091 1
20 2140 2086 1
21 7998 7917 1
22 2134 2107 1
23 93 11 1
24 2152 2131 1
25 4076 4031 1
26 2120 2067 1
27 4104 4075 1
28 4074 4037 1
29 2131 2091 1
30 15805 15727 1
31 4105 4035 1
32 2136 2080 1
33 15781 15739 1
34 2098 2056 1
35 4095 4056 1
36 2112 2072 1
37 77 59 1
38 4095 4013 1
39 15804 15774 1
40 71 38 1
41 4091 4021 1
42 15765 15733 1
43 7996 7953 1
44 4046 4033 1
45 85 66 1
46 15800 15731 1
47 4052 4039 1
48 4080 4033 1
49 86 28 1
50 7998 7980 1
51 40 5 1
52 15821 15756 1
53 7985 7933 1
54 7954 7919 1
55 2151 2086 1
56 2153 2134 1
57 7988 7927 1
58 15812 15726 1
59 45 26 1
60 89 27 1
61 90 67 1
62 7989 7923 1
63 7966 7927 1
64 89 16 1
65 2087 2070 1
66 7992 7962 1
67 7950 7918 1
68 25 14 1
69 8010 7914 1
70 2125 2062 1
71 8006 7927 1
72 21 12 1
73 54 51 1
74 2066 2057 1
75 2134 2125 1
76 4022 4010 1
77 4059 4047 1
78 4077 4066 1
79 7967 7953 1
80 4051 4044 1
81 31426 31374 1
82 62695 62601 1
83 31437 31392 1
84 2121 2118 1
85 15822 15803 1
86 31448 31413 1
87 31448 31414 1
88 31433 31400 1
89 62698 62636 1
90 70 68 1
91 4077 4073 1
92 15804 15789 1
93 31395 31367 1
94 7954 7947 1
95 31405 31379 0
96 7995 7914 1
97 62659 62606 1
98 31385 31357 1
99 62680 62629 1
100 31403 31378 0
101 31431 31408 0
102 62699 62690 0
103 7998 7999 0
104 14 34 0
105 62663 62618 0
106 15818 15807 1
107 15822 15811 1
108 15772 15762 0
109 62690 62652 0
110 2106 2105 1
111 31397 31378 0
112 31415 31397 0
113 62645 62611 0
114 125167 125102 0
115 7928 7924 1
116 31407 31394 0
117 7961 7958 0
118 7987 7984 0
119 15800 15795 0
120 7919 7917 0
121 7963 7961 0
122 4062 4061 0
123 4098 4097 0
124 4093 4094 0
125 2143 2145 0
126 2145 2150 0
127 29 35 0
128 125172 125115 0
129 125194 125132 0
130 250189 250115 0
131 62676 62657 0
132 62671 62642 0
133 125141 125105 0
134 31421 31412 0
135 125182 125123 0
136 250193 250111 0
137 62681 62660 0
138 62670 62638 0
139 125151 125134 0
140 250200 250137 0
141 62685 62675 0
142 15788 15785 0
143 250161 250132 0
144 250155 250114 0
145 500180 500131 0
146 250139 250123 0
147 500138 500105 0
148 250137 250105 0
149 250139 250108 0
150 500156 500125 0
151 62650 62638 0
152 500199 500141 0
153 15734 15732 0
154 62635 62624 0
155 125151 125132 0
156 500198 500142 0
157 250149 250125 0
158 250154 250116 0
159 250196 250148 0
160 500166 500118 0
161 125152 125119 0
162 250180 250135 0
163 31364 31361 0
164 125126 125100 0
165 250145 250108 0
166 31364 31360 0
167 500199 500118 0
168 31401 31394 0
169 125114 125106 0
170 500192 500111 0
171 250167 250105 0
172 125124 125101 0
173 250165 250116 0
174 500192 500130 0
175 31439 31436 0
176 250159 250117 0
177 500152 500105 0
178 500191 500111 0
179 62634 62618 0
180 500196 500133 0
181 62672 62640 0
182 125147 125110 0
183 31354 31392 0
184 31413 31420 0
185 31409 31422 0
186 31404 31431 0
187 31373 31406 0
188 31400 31401 0
189 31387 31408 0
190 31368 31383 0
191 31370 31412 0
192 31364 31382 0
193 31376 31423 0
194 31355 31387 0
195 31357 31374 0
196 500139 500109 0
197 62637 62697 0
198 62646 62692 0
199 62640 62644 0
200 62660 62683 0
201 62669 62685 0
202 62660 62698 0
203 62624 62639 0
204 62601 62673 0
205 62616 62673 0
206 62666 62689 0
207 15778 15799 0
208 62608 62618 0
209 62604 62669 0
210 62627 62695 0
211 62640 62641 0
212 62682 62691 0
213 62657 62661 0
214 62651 62655 0
215 62667 62686 0
216 15776 15785 0
217 15775 15784 0
218 62694 62697 0
219 15811 15818 0
220 15801 15818 0
221 15776 15804 0
222 15792 15816 0
223 62604 62689 0
224 15766 15774 0
225 62606 62644 0
226 125145 125184 0
227 15799 15817 0
228 125133 125143 0
229 125183 125194 0
230 125123 125187 0
231 125187 125193 0
232 125124 125160 0
233 125116 125163 0
234 125131 125145 0
235 125117 125196 0
236 125145 125162 0
237 125112 125122 0
238 15748 15768 0
239 125141 125134 0
240 125140 125147 0
241 125148 125178 0
242 125121 125173 0
243 7946 7952 0
244 125106 125127 0
245 7978 7986 0
246 125177 125185 0
247 125136 125138 0
248 125128 125197 0
249 125119 125133 0
250 125139 125173 0
251 125177 125193 0
252 125158 125162 0
253 125159 125168 0
254 125112 125161 0
255 7951 7959 0
256 125174 125167 0
257 125135 125170 0
258 250173 250159 0
259 7948 7956 0
260 250115 250198 0
261 31389 31428 0
262 250116 250140 0
263 250128 250173 0
264 7996 8005 0
265 250126 250120 0
266 250157 250149 0
267 250113 250163 0
268 250116 250125 0
269 250116 250149 0
270 250121 250183 0
271 250152 250183 0
272 250141 250132 0
273 7971 7976 0
274 250117 250154 0
275 250141 250168 0
276 250144 250187 0
277 250128 250113 0
278 250174 250176 0
279 250113 250178 0
280 250103 250137 0
281 250115 250158 0
282 250189 250176 0
283 250145 250187 0
284 250120 250148 0
285 250106 250135 0
286 500138 500174 0
287 500179 500169 0
288 31400 31424 0
289 500174 500164 0
290 500133 500146 0
291 500106 500159 0
292 500111 500101 0
293 500127 500108 0
294 500129 500193 0
295 500122 500159 0
296 500125 500118 0
297 500131 500111 0
298 500154 500141 0
299 500102 500164 0
300 500117 500190 0
301 500110 500145 0
302 500178 500177 0
303 500189 500182 0
304 500158 500147 0
305 500134 500165 0
306 500191 500182 0
307 500144 500178 0
308 31412 31446 0
309 500128 500129 0
310 500178 500159 0
311 500173 500182 0
312 500112 500163 0
313 500115 500153 0
314 500154 500186 0
315 62642 62688 0
316 31352 31368 0
317 31403 31443 0
318 62636 62607 0
319 125178 125126 0
320 4067 4091 0
321 2058 2082 0
322 2096 2107 0
323 4056 4082 0
324 4011 4064 0
325 4019 4057 0
326 4071 4086 0
327 4016 4055 0
328 4065 4074 0
329 4007 4071 0
330 4015 4029 0
331 2108 2152 0
332 4034 4063 0
333 2091 2150 0
334 4040 4088 0
335 4037 4068 0
336 4016 4036 0
337 4008 4080 0
338 2064 2140 0
339 7953 8003 0
340 2062 2139 0
341 7950 7982 0
342 2085 2097 0
343 7922 7948 0
344 2095 2128 0
345 7944 7976 0
346 7922 7990 0
347 7925 7941 0
348 2059 2075 0
349 2126 2150 0
350 2077 2153 0
351 2087 2135 0
352 2069 2097 0
353 2089 2120 0
354 7915 7998 0
355 7915 7950 0
356 2074 2129 0
357 2069 2135 0
358 7921 7960 0
359 7957 7985 0
360 7936 8009 0
361 7 53 0
362 7979 8009 0
363 15764 15823 0
364 27 62 0
365 15741 15778 0
366 15739 15820 0
367 16 59 0
368 29 78 0
369 15771 15801 0
370 15740 15823 0
371 27 44 0
372 47 57 0
373 23 57 0
374 15762 15801 0
375 11 91 0
376 15740 15822 0
377 13 92 0
378 15750 15780 0
379 15737 15796 0
380 24 81 0
381 68 87 0
382 9 94 0
383 15760 15811 0
384 4053 4086 0
385 15735 15794 0
386 46 66 0
387 69 87 0
388 76 99 0
389 52 75 0
390 15729 15798 0
391 13 65 0
392 36 50 0
393 15729 15789 0
394 15742 15795 0
395 19 51 0
396 15748 15777 0
397 31357 31420 0
398 4054 4065 0
399 4014 4035 0
--------------
1000000 :c
1004061 :sum(p)
999997 :sum(w)
