400 :n
id p,w,x
--------------
0 31445 31353 1
1 31437 31354 1
2 15791 15727 1
3 83 27 1
4 15824 15759 1
5 15797 15730 1
6 77 6 1
7 15817 15735 1
8 94 7 1
9 8003 7943 1
10 8002 7938 1
11 4062 4007 1
12 4104 4053 1
13 78 26 1
14 91 42 1
15 68 15 1
16 73 19 1
17 4096 4026 1
18 4105 4034 1
19 4081 4030 1
20 4096 4017 1
21 2140 2058 1
22 2146 2072 1
23 2129 2058 1
24 16 1 1
25 42 5 1
26 36 12 1
27 55 26 1
28 21 11 1
29 84 54 1
30 72 54 1
31 34 28 1
32 75 67 1
33 42 40 1
34 2122 2086 1
35 2139 2103 1
36 2100 2073 1
37 4082 4033 1
38 2148 2126 1
39 4060 4019 1
40 2101 2080 1
41 2138 2117 1
42 2142 2123 1
43 4090 4058 1
44 2122 2107 1
45 4097 4069 1
46 4074 4047 1
47 2098 2085 1
48 7999 7954 1
49 7964 7920 1
50 2091 2080 1
51 7989 7947 1
52 4072 4051 1
53 2114 2105 1
54 7995 7965 1
55 4055 4040 1
56 4057 4043 1
57 15815 15764 1
58 15805 15755 1
59 7949 7925 1
60 7992 7968 1
61 4037 4025 1
62 7979 7959 1
63 4032 4022 1
64 4044 4034 1
65 4090 4080 1
66 8001 7982 1
67 7995 7977 1
68 15815 15780 1
69 31430 31363 1
70 7981 7964 1
71 15811 15779 1
72 15819 15787 1
73 4016 4008 1
74 31414 31354 1
75 15819 15789 1
76 15807 15778 1
77 31444 31387 1
78 15800 15772 1
79 31433 31378 1
80 31419 31365 1
81 31439 31385 1
82 2071 2068 0
83 15764 15742 1
84 31413 31370 1
85 15794 15773 1
86 31395 31355 1
87 31406 31369 1
88 15773 15756 1
89 62686 62620 1
90 2085 2083 1
91 15812 15797 1
92 31390 31361 1
93 85 51 1
94 31385 31351 1
95 7935 7922 1
96 7943 7936 1
97 62698 62645 0
98 15749 15736 1
99 62698 62669 0
100 31450 31442 0
101 125146 125170 0
102 15804 15791 1
103 15822 15809 1
104 62657 62606 0
105 62675 62624 0
106 8003 8012 0
107 62688 62637 0
108 15740 15728 0
109 4023 4020 1
110 15747 15736 0
111 31390 31369 0
112 125182 125100 0
113 125184 125105 0
114 31439 31420 0
115 62680 62645 0
116 125178 125112 0
117 125188 125123 0
118 4080 4078 1
119 62692 62665 0
120 31427 31414 0
121 62671 62646 0
122 7950 7947 0
123 62640 62617 0
124 31448 31438 0
125 7917 7915 0
126 7965 7963 0
127 7974 7972 0
128 15761 15759 0
129 15806 15805 0
130 7941 7941 0
131 4016 4016 0
132 2130 2130 1
133 4080 4082 0
134 4092 4097 0
135 2056 2060 0
136 2109 2116 0
137 50 56 0
138 125153 125134 0
139 250184 250110 0
140 62649 62633 0
141 62658 62642 0
142 125154 125116 0
143 250176 250107 0
144 62630 62617 0
145 250168 250117 0
146 125191 125172 0
147 62637 62619 0
148 250148 250105 0
149 250150 250105 0
150 62674 62654 0
151 500177 500109 0
152 62616 62608 0
153 500187 500102 0
154 250179 250144 0
155 125194 125164 0
156 250173 250105 0
157 62684 62672 0
158 125185 125150 0
159 500187 500125 0
160 250130 250117 0
161 500159 500101 0
162 250187 250171 0
163 500170 500129 0
164 125134 125124 0
165 250195 250165 0
166 500156 500115 0
167 500145 500106 0
168 125117 125109 0
169 250194 250181 0
170 500194 500159 0
171 250135 250118 0
172 125183 125176 0
173 500189 500164 0
174 250140 250120 0
175 250157 250139 0
176 500128 500104 0
177 500180 500120 0
178 500173 500133 0
179 62606 62602 0
180 250117 250106 0
181 500160 500149 0
182 500119 500106 0
183 250151 250140 0
184 500112 500101 0
185 125158 125155 0
186 250133 250122 0
187 250163 250153 0
188 500153 500132 0
189 62682 62680 0
190 250151 250101 0
191 125167 125137 0
192 62688 62669 0
193 500109 500104 0
194 250176 250176 0
195 500167 500158 0
196 500116 500125 0
197 500108 500151 0
198 500134 500166 0
199 250136 250153 0
200 62692 62697 0
201 500137 500181 0
202 500102 500111 0
203 62612 62614 0
204 250175 250197 0
205 62614 62616 0
206 500177 500199 0
207 500117 500131 0
208 500158 500159 0
209 500153 500177 0
210 125114 125127 0
211 125185 125196 0
212 250109 250130 0
213 500114 500173 0
214 125176 125175 0
215 250174 250175 0
216 125101 125112 0
217 500128 500164 0
218 500175 500172 0
219 250190 250187 0
220 250144 250165 0
221 500131 500127 0
222 500101 500139 0
223 500134 500160 0
224 125154 125157 0
225 500185 500187 0
226 250185 250189 0
227 125155 125166 0
228 500130 500152 0
229 500154 500149 0
230 250188 250200 0
231 31367 31367 0
232 250164 250178 0
233 250145 250141 0
234 62629 62607 0
235 125128 125101 0
236 125131 125114 0
237 250147 250107 0
238 125157 125116 0
239 15781 15808 0
240 7943 7962 0
241 15774 15784 0
242 7923 7969 0
243 7980 7990 0
244 7922 7930 0
245 250129 250200 0
246 7997 8002 0
247 250153 250199 0
248 7940 7961 0
249 15733 15754 0
250 7952 7982 0
251 15796 15810 0
252 15791 15812 0
253 250125 250178 0
254 7923 7974 0
255 7931 7992 0
256 7920 7963 0
257 7920 7930 0
258 7918 8007 0
259 7989 8006 0
260 15737 15794 0
261 15790 15794 0
262 7951 7995 0
263 7925 7929 0
264 15737 15768 0
265 7964 7979 0
266 15731 15805 0
267 250114 250174 0
268 7968 8007 0
269 7990 8007 0
270 31366 31439 0
271 7988 7992 0
272 7948 7964 0
273 250156 250197 0
274 31371 31412 0
275 15755 15766 0
276 31387 31448 0
277 31377 31404 0
278 250101 250196 0
279 4023 4099 0
280 4067 4095 0
281 4007 4015 0
282 250145 250198 0
283 15758 15776 0
284 31375 31387 0
285 31376 31432 0
286 4032 4100 0
287 31427 31448 0
288 250160 250197 0
289 31398 31442 0
290 31368 31434 0
291 31351 31422 0
292 31391 31396 0
293 4074 4103 0
294 31395 31444 0
295 4059 4106 0
296 31375 31422 0
297 4073 4097 0
298 4068 4086 0
299 4061 4071 0
300 250105 250163 0
301 4033 4087 0
302 31372 31431 0
303 31421 31426 0
304 31370 31448 0
305 15753 15802 0
306 500136 500198 0
307 4016 4029 0
308 31407 31421 0
309 31404 31450 0
310 31364 31429 0
311 4034 4071 0
312 4032 4043 0
313 31373 31414 0
314 31397 31442 0
315 4021 4028 0
316 4011 4035 0
317 4034 4069 0
318 62644 62667 0
319 2065 2076 0
320 2074 2112 0
321 2079 2107 0
322 62635 62691 0
323 15771 15798 0
324 2112 2121 0
325 62609 62627 0
326 2094 2141 0
327 2081 2092 0
328 62628 62638 0
329 62603 62663 0
330 62603 62692 0
331 2092 2131 0
332 62657 62699 0
333 62602 62698 0
334 62644 62668 0
335 15753 15789 0
336 2093 2126 0
337 62666 62678 0
338 2057 2067 0
339 2084 2128 0
340 62612 62699 0
341 2085 2141 0
342 500117 500177 0
343 2097 2134 0
344 62613 62673 0
345 2076 2118 0
346 62659 62668 0
347 2066 2098 0
348 2077 2129 0
349 2069 2081 0
350 2069 2083 0
351 2073 2087 0
352 500101 500167 0
353 62608 62632 0
354 2068 2153 0
355 62665 62694 0
356 2092 2136 0
357 2090 2120 0
358 62624 62636 0
359 21 41 0
360 33 45 0
361 15 85 0
362 54 73 0
363 63 76 0
364 39 57 0
365 15732 15743 0
366 125123 125191 0
367 125114 125139 0
368 125134 125156 0
369 26 83 0
370 32 52 0
371 125152 125172 0
372 8 29 0
373 10 41 0
374 125142 125169 0
375 43 80 0
376 500112 500195 0
377 56 67 0
378 125145 125160 0
379 48 60 0
380 63 87 0
381 13 24 0
382 3 56 0
383 45 82 0
384 18 65 0
385 125112 125168 0
386 76 89 0
387 50 75 0
388 125148 125171 0
389 11 57 0
390 125103 125184 0
391 125127 125199 0
392 125103 125141 0
393 125120 125144 0
394 125106 125127 0
395 125144 125163 0
396 125124 125199 0
397 125135 125150 0
398 15727 15785 0
399 15735 15770 0
--------------
1000000 :c
1003625 :sum(p)
999995 :sum(w)
