400 :n
id p,w,x
--------------
0 90 8 1
1 84 64 1
2 78 61 1
3 7973 7931 1
4 7980 7946 1
5 7996 7940 1
6 7998 7957 1
7 7998 7942 1
8 98 86 1
9 7965 7928 1
10 7976 7938 1
11 7946 7915 1
12 8012 7950 1
13 7986 7950 1
14 7958 7923 1
15 15824 15748 1
16 15800 15736 1
17 15791 15740 1
18 7974 7914 1
19 15816 15749 1
20 7995 7951 1
21 7973 7921 1
22 15818 15740 1
23 15809 15747 1
24 15776 15729 1
25 8009 7965 1
26 4047 4012 1
27 31450 31358 1
28 56 43 1
29 4045 4008 1
30 4087 4054 1
31 4097 4012 1
32 4077 4027 1
33 75 7 1
34 4093 4055 1
35 4099 4054 1
36 4072 4016 1
37 32 24 1
38 4071 4059 1
39 4095 4009 1
40 4062 4040 1
41 62 29 1
42 4100 4040 1
43 4024 4010 1
44 2106 2080 1
45 65 48 1
46 2147 2078 1
47 2110 2059 1
48 2139 2126 1
49 2104 2056 1
50 2103 2067 1
51 93 29 1
52 2147 2100 1
53 2111 2092 1
54 2137 2089 1
55 15769 15726 1
56 92 77 1
57 59 16 1
58 2124 2058 1
59 2079 2066 1
60 2097 2078 1
61 2083 2056 1
62 2148 2093 1
63 19 4 1
64 56 27 1
65 2133 2091 1
66 2146 2091 1
67 2153 2083 1
68 2114 2091 1
69 87 69 1
70 47 7 1
71 57 31 1
72 31421 31366 1
73 15822 15779 1
74 31422 31372 1
75 31420 31351 1
76 31444 31382 1
77 7976 7955 1
78 15801 15764 1
79 7947 7926 1
80 15771 15735 1
81 15772 15742 1
82 31435 31386 1
83 31442 31381 1
84 31447 31379 1
85 80 76 1
86 42 40 1
87 4021 4011 1
88 7966 7951 1
89 4089 4082 1
90 4091 4084 1
91 15800 15778 1
92 15808 15786 1
93 7939 7928 0
94 31415 31372 1
95 8005 7995 1
96 4025 4020 1
97 2139 2133 0
98 31429 31392 1
99 15746 15728 1
100 15804 15786 1
101 7968 7959 1
102 31408 31373 0
103 7981 7917 1
104 62680 62608 1
105 31437 31398 1
106 62681 62613 1
107 15790 15773 0
108 31448 31439 0
109 15820 15817 0
110 35 86 0
111 4065 4061 1
112 15770 15755 0
113 62668 62610 0
114 62670 62612 0
115 31416 31390 0
116 2132 2134 0
117 62657 62607 0
118 62696 62647 0
119 31399 31375 0
120 4019 4016 0
121 31439 31417 0
122 15808 15797 0
123 7970 7965 0
124 15741 15732 0
125 15742 15734 0
126 15739 15734 0
127 7949 7947 0
128 60 60 0
129 4048 4048 0
130 4055 4056 0
131 2125 2128 0
132 2111 2115 0
133 47 48 0
134 67 69 0
135 56 59 0
136 70 76 0
137 73 80 0
138 250190 250162 0
139 250182 250172 0
140 62657 62637 0
141 250168 250103 0
142 250127 250126 0
143 125193 125177 0
144 125180 125112 0
145 125133 125100 0
146 250160 250147 0
147 125163 125159 0
148 62635 62624 0
149 250110 250109 0
150 62639 62606 0
151 62651 62610 0
152 500185 500104 0
153 62677 62629 0
154 250153 250138 0
155 62694 62678 0
156 62700 62657 0
157 125129 125105 0
158 62652 62635 0
159 31417 31405 0
160 125173 125144 0
161 500194 500124 0
162 125153 125124 0
163 31392 31380 0
164 125195 125136 0
165 500198 500142 0
166 500189 500123 0
167 125199 125186 0
168 250132 250126 0
169 250137 250121 0
170 31443 31425 0
171 31438 31418 0
172 31376 31373 0
173 125186 125139 0
174 125194 125141 0
175 62647 62642 0
176 250158 250128 0
177 62700 62661 0
178 500156 500143 0
179 125148 125143 0
180 31382 31361 0
181 125171 125111 0
182 500165 500101 0
183 500106 500106 0
184 500154 500148 0
185 31372 31370 0
186 500190 500155 0
187 250197 250148 0
188 62663 62654 0
189 250154 250124 0
190 125152 125121 0
191 250196 250115 0
192 125154 125128 0
193 500184 500148 0
194 250194 250150 0
195 500104 500103 0
196 31437 31417 0
197 500176 500159 0
198 500112 500108 0
199 500120 500119 0
200 15814 15812 0
201 250199 250163 0
202 62688 62670 0
203 250193 250143 0
204 125193 125131 0
205 125152 125130 0
206 250132 250105 0
207 125139 125103 0
208 31353 31356 0
209 500138 500149 0
210 500182 500191 0
211 500120 500120 0
212 500107 500162 0
213 31428 31428 0
214 500178 500194 0
215 500115 500138 0
216 500101 500131 0
217 500157 500188 0
218 500130 500187 0
219 500186 500189 0
220 62697 62699 0
221 62646 62648 0
222 250109 250109 0
223 250153 250161 0
224 250179 250193 0
225 125100 125107 0
226 500101 500115 0
227 500142 500179 0
228 125181 125182 0
229 125189 125199 0
230 250138 250148 0
231 125145 125150 0
232 250159 250170 0
233 125176 125190 0
234 500103 500152 0
235 250184 250195 0
236 500146 500198 0
237 125176 125190 0
238 500140 500184 0
239 125184 125186 0
240 125117 125119 0
241 250169 250187 0
242 500162 500176 0
243 250118 250144 0
244 500153 500176 0
245 250125 250151 0
246 500167 500168 0
247 500141 500193 0
248 500114 500115 0
249 62696 62692 0
250 62662 62616 0
251 250168 250166 0
252 250178 250119 0
253 62684 62657 0
254 250187 250102 0
255 62679 62638 0
256 250176 250110 0
257 15775 15824 0
258 15779 15789 0
259 8002 8009 0
260 7921 7926 0
261 15756 15809 0
262 7979 8000 0
263 15747 15784 0
264 7961 7974 0
265 15736 15749 0
266 15750 15765 0
267 7961 7973 0
268 7940 7982 0
269 15763 15794 0
270 7978 7994 0
271 15805 15809 0
272 7914 8012 0
273 15731 15773 0
274 15734 15800 0
275 15782 15788 0
276 15765 15786 0
277 500131 500192 0
278 7943 7959 0
279 4014 4055 0
280 31408 31423 0
281 31366 31377 0
282 31394 31415 0
283 31353 31370 0
284 31410 31433 0
285 4043 4106 0
286 4078 4098 0
287 4024 4046 0
288 4060 4080 0
289 4034 4081 0
290 31407 31433 0
291 31354 31395 0
292 31374 31389 0
293 4089 4102 0
294 4061 4099 0
295 4013 4019 0
296 15755 15789 0
297 31428 31440 0
298 31372 31403 0
299 4048 4100 0
300 31375 31419 0
301 4072 4086 0
302 4044 4052 0
303 4100 4104 0
304 4013 4056 0
305 4058 4092 0
306 4010 4068 0
307 4057 4100 0
308 31381 31416 0
309 31351 31395 0
310 31403 31436 0
311 4034 4102 0
312 62633 62657 0
313 4042 4094 0
314 62611 62689 0
315 62622 62689 0
316 62617 62652 0
317 62657 62680 0
318 62634 62664 0
319 62611 62622 0
320 62621 62667 0
321 15741 15765 0
322 2066 2124 0
323 2111 2124 0
324 62609 62698 0
325 62605 62673 0
326 2106 2146 0
327 2122 2140 0
328 2078 2131 0
329 62616 62641 0
330 62626 62666 0
331 62602 62626 0
332 2093 2129 0
333 2109 2140 0
334 62632 62679 0
335 2089 2103 0
336 2079 2124 0
337 62616 62688 0
338 2087 2146 0
339 62673 62700 0
340 125149 125198 0
341 125140 125164 0
342 125116 125188 0
343 2083 2125 0
344 125142 125173 0
345 2065 2140 0
346 2078 2141 0
347 125104 125173 0
348 2062 2103 0
349 125155 125190 0
350 7945 8006 0
351 125176 125194 0
352 125105 125171 0
353 2105 2132 0
354 2066 2099 0
355 125153 125177 0
356 2101 2139 0
357 7938 7998 0
358 2108 2151 0
359 125122 125147 0
360 125104 125198 0
361 86 100 0
362 25 52 0
363 125130 125155 0
364 125144 125193 0
365 125150 125178 0
366 250136 250184 0
367 14 35 0
368 8 43 0
369 23 90 0
370 250145 250187 0
371 250120 250168 0
372 15732 15767 0
373 34 57 0
374 250110 250197 0
375 15781 15800 0
376 250127 250195 0
377 4 69 0
378 47 77 0
379 250141 250179 0
380 3 30 0
381 250140 250188 0
382 14 91 0
383 7933 8008 0
384 7935 7983 0
385 250104 250162 0
386 250112 250183 0
387 250108 250148 0
388 500118 500190 0
389 29 91 0
390 7952 7970 0
391 500133 500195 0
392 25 55 0
393 500127 500189 0
394 500105 500175 0
395 1 49 0
396 500123 500194 0
397 4 74 0
398 7946 7983 0
399 7960 7983 0
--------------
1000000 :c
1004145 :sum(p)
999999 :sum(w)
