400 :n
id p,w,x
--------------
0 94 50 1
1 74 17 1
2 4081 4010 1
3 4096 4019 1
4 4085 4020 1
5 2151 2092 1
6 2151 2054 1
7 2139 2059 1
8 2145 2077 1
9 2143 2067 1
10 2147 2114 1
11 2126 2089 1
12 2121 2073 1
13 2153 2112 1
14 67 33 1
15 62 19 1
16 64 19 1
17 52 34 1
18 87 64 1
19 56 45 1
20 53 27 1
21 93 6 1
22 93 58 1
23 67 29 1
24 76 18 1
25 82 74 1
26 97 28 1
27 88 47 1
28 95 73 1
29 93 66 1
30 95 57 1
31 15818 15730 1
32 2152 2125 1
33 4061 4009 1
34 4088 4033 1
35 2150 2122 1
36 2145 2117 1
37 4076 4021 1
38 4083 4025 1
39 7977 7939 1
40 7969 7927 1
41 7986 7914 1
42 2151 2134 1
43 2146 2127 1
44 8000 7934 1
45 7974 7932 1
46 7997 7942 1
47 2130 2113 1
48 4068 4042 1
49 4069 4030 1
50 4077 4056 1
51 7993 7936 1
52 7980 7916 1
53 4089 4045 1
54 2110 2093 1
55 15809 15736 1
56 4032 4008 1
57 7980 7944 1
58 4087 4048 1
59 7962 7927 1
60 24 23 1
61 4042 4026 1
62 7995 7964 1
63 15806 15749 1
64 15820 15765 1
65 15786 15732 1
66 15804 15750 1
67 2082 2075 1
68 15780 15727 1
69 15814 15763 1
70 7973 7948 1
71 15777 15731 1
72 7953 7931 1
73 4061 4050 1
74 31447 31362 1
75 4085 4074 1
76 15804 15762 1
77 7980 7959 1
78 7964 7944 1
79 31442 31380 1
80 15781 15751 1
81 8005 7991 1
82 31405 31351 1
83 15812 15785 1
84 15773 15748 1
85 15821 15797 1
86 4059 4053 1
87 62696 62612 1
88 31397 31355 1
89 31418 31377 1
90 31421 31380 1
91 31432 31392 1
92 15801 15781 1
93 7990 7980 0
94 31397 31358 1
95 31422 31383 1
96 4071 4066 1
97 31434 31396 1
98 31431 31394 1
99 73 69 1
100 62678 62601 1
101 7937 7921 1
102 15768 15752 1
103 31436 31405 1
104 31446 31415 0
105 31446 31434 0
106 15817 15811 0
107 15750 15780 0
108 15812 15797 0
109 62700 62643 0
110 15744 15730 0
111 15791 15779 0
112 31382 31360 0
113 2089 2089 1
114 15813 15802 0
115 62644 62601 0
116 62647 62604 0
117 62655 62613 0
118 62659 62617 0
119 125189 125109 0
120 125190 125119 0
121 125192 125121 0
122 31427 31410 0
123 125196 125129 0
124 62655 62627 0
125 62661 62633 0
126 31422 31408 0
127 62634 62609 0
128 125193 125147 0
129 250189 250102 0
130 125166 125124 0
131 62669 62649 0
132 125138 125100 0
133 62687 62668 0
134 125155 125119 0
135 31361 31352 0
136 250198 250134 0
137 31368 31360 0
138 250174 250120 0
139 250167 250114 0
140 125135 125109 0
141 125144 125121 0
142 250157 250113 0
143 250199 250155 0
144 2137 2137 0
145 4044 4045 0
146 2084 2088 0
147 68 72 0
148 37 42 0
149 2 5 0
150 62668 62658 0
151 125126 125116 0
152 62622 62621 0
153 125141 125124 0
154 500155 500130 0
155 500178 500153 0
156 125182 125180 0
157 500155 500108 0
158 62666 62657 0
159 31390 31389 0
160 500176 500140 0
161 500163 500112 0
162 500151 500143 0
163 125137 125125 0
164 31445 31444 0
165 125121 125121 0
166 500186 500187 0
167 500164 500146 0
168 500173 500122 0
169 500133 500125 0
170 250112 250106 0
171 250186 250180 0
172 500145 500119 0
173 31375 31370 0
174 250117 250118 0
175 250165 250144 0
176 250172 250172 0
177 500179 500177 0
178 250133 250133 0
179 250177 250164 0
180 250179 250179 0
181 250162 250141 0
182 250197 250189 0
183 250169 250160 0
184 500188 500181 0
185 250140 250108 0
186 500188 500173 0
187 500182 500105 0
188 500147 500125 0
189 500153 500110 0
190 125163 125157 0
191 62666 62662 0
192 500195 500194 0
193 62669 62678 0
194 500130 500157 0
195 62631 62632 0
196 500101 500169 0
197 500145 500147 0
198 62611 62620 0
199 500125 500184 0
200 62607 62610 0
201 500164 500198 0
202 125174 125176 0
203 500131 500161 0
204 125128 125145 0
205 125161 125170 0
206 125141 125142 0
207 125184 125196 0
208 500160 500187 0
209 125152 125168 0
210 500137 500199 0
211 500113 500178 0
212 125134 125151 0
213 125161 125171 0
214 15754 15755 0
215 250131 250156 0
216 250112 250134 0
217 500163 500177 0
218 500129 500139 0
219 250149 250159 0
220 250122 250154 0
221 250129 250152 0
222 500129 500182 0
223 500115 500144 0
224 500136 500181 0
225 250149 250161 0
226 250152 250187 0
227 250138 250162 0
228 250137 250139 0
229 500145 500160 0
230 250148 250174 0
231 250152 250180 0
232 250174 250189 0
233 250167 250193 0
234 15797 15799 0
235 250119 250122 0
236 500112 500139 0
237 500167 500194 0
238 15785 15786 0
239 500116 500134 0
240 62654 62660 0
241 62678 62674 0
242 62640 62634 0
243 500136 500101 0
244 125183 125170 0
245 125171 125155 0
246 7926 7996 0
247 7964 7984 0
248 15732 15735 0
249 15763 15800 0
250 7926 7943 0
251 15768 15797 0
252 7914 7996 0
253 15792 15808 0
254 7914 8005 0
255 7925 7997 0
256 15776 15806 0
257 15728 15761 0
258 7940 7989 0
259 15731 15770 0
260 7949 7975 0
261 15776 15808 0
262 7916 7966 0
263 15788 15798 0
264 7938 8009 0
265 7958 7986 0
266 7955 7978 0
267 7926 8007 0
268 15806 15819 0
269 7967 7992 0
270 15774 15817 0
271 7942 8002 0
272 15732 15798 0
273 500120 500193 0
274 7983 8011 0
275 31409 31440 0
276 7923 7943 0
277 7921 7991 0
278 31395 31421 0
279 31408 31431 0
280 4023 4080 0
281 4071 4096 0
282 31357 31372 0
283 31356 31410 0
284 4042 4090 0
285 4045 4083 0
286 31356 31366 0
287 4046 4106 0
288 31372 31390 0
289 31404 31440 0
290 31387 31415 0
291 31431 31449 0
292 31360 31365 0
293 31391 31415 0
294 31356 31418 0
295 15726 15781 0
296 4018 4087 0
297 31402 31431 0
298 31363 31370 0
299 4027 4061 0
300 4022 4029 0
301 4035 4056 0
302 4036 4099 0
303 4035 4059 0
304 31394 31416 0
305 4026 4092 0
306 4026 4091 0
307 31367 31373 0
308 31408 31424 0
309 4090 4103 0
310 62631 62686 0
311 4042 4055 0
312 4039 4092 0
313 4098 4101 0
314 4039 4101 0
315 4057 4098 0
316 4056 4073 0
317 62628 62681 0
318 4024 4101 0
319 2100 2132 0
320 62628 62682 0
321 2075 2120 0
322 62632 62649 0
323 62606 62657 0
324 62653 62683 0
325 2067 2076 0
326 62634 62652 0
327 2068 2118 0
328 2081 2132 0
329 2100 2116 0
330 62629 62647 0
331 2064 2138 0
332 2075 2139 0
333 2056 2082 0
334 2056 2150 0
335 62636 62699 0
336 2069 2084 0
337 2095 2150 0
338 2112 2144 0
339 2078 2149 0
340 15777 15811 0
341 62605 62683 0
342 62602 62676 0
343 62613 62689 0
344 2081 2139 0
345 62631 62665 0
346 62631 62670 0
347 62629 62672 0
348 2135 2148 0
349 2083 2106 0
350 62623 62682 0
351 62619 62693 0
352 2080 2085 0
353 125107 125148 0
354 125119 125142 0
355 125104 125157 0
356 125107 125157 0
357 2115 2122 0
358 2075 2092 0
359 55 92 0
360 125142 125199 0
361 125160 125179 0
362 125130 125149 0
363 125103 125123 0
364 125159 125191 0
365 125124 125180 0
366 5 26 0
367 125123 125143 0
368 125103 125168 0
369 11 96 0
370 125156 125177 0
371 28 96 0
372 36 56 0
373 14 97 0
374 10 40 0
375 125154 125199 0
376 6 73 0
377 250124 250183 0
378 250152 250189 0
379 250119 250160 0
380 5 23 0
381 7936 7963 0
382 250106 250185 0
383 250112 250159 0
384 4 36 0
385 250105 250160 0
386 250104 250147 0
387 18 74 0
388 40 61 0
389 7966 7992 0
390 250132 250177 0
391 500101 500189 0
392 22 31 0
393 15737 15746 0
394 500116 500195 0
395 30 96 0
396 3 88 0
397 49 94 0
398 7932 7971 0
399 7987 7995 0
--------------
1000000 :c
1004181 :sum(p)
999997 :sum(w)
