400 :n
id p,w,x
--------------
0 4104 4064 1
1 4046 4011 1
2 31450 31353 1
3 4072 4019 1
4 4066 4035 1
5 99 70 1
6 56 26 1
7 57 8 1
8 64 2 1
9 55 2 1
10 73 41 1
11 80 28 1
12 78 41 1
13 4044 4018 1
14 4058 4035 1
15 55 33 1
16 31434 31351 1
17 4084 4010 1
18 8009 7924 1
19 15814 15745 1
20 50 23 1
21 15822 15756 1
22 90 23 1
23 31442 31372 1
24 15820 15764 1
25 2107 2076 1
26 2131 2105 1
27 2134 2079 1
28 2101 2067 1
29 2119 2061 1
30 31422 31352 1
31 2152 2066 1
32 4068 4027 1
33 15823 15783 1
34 2150 2061 1
35 4088 4033 1
36 2125 2095 1
37 15818 15755 1
38 15798 15753 1
39 2146 2067 1
40 2152 2072 1
41 15801 15753 1
42 2146 2119 1
43 7967 7928 1
44 7981 7942 1
45 2112 2062 1
46 7977 7943 1
47 8005 7961 1
48 7989 7948 1
49 2129 2079 1
50 2145 2096 1
51 7966 7916 1
52 2149 2069 1
53 2113 2067 1
54 4076 4010 1
55 2136 2082 1
56 7975 7942 1
57 4082 4035 1
58 7994 7917 1
59 7984 7954 1
60 8009 7975 1
61 8004 7929 1
62 8009 7940 1
63 7988 7934 1
64 4085 4042 1
65 7978 7916 1
66 7998 7916 1
67 4079 4032 1
68 4054 4018 1
69 43 27 1
70 56 43 1
71 25 20 1
72 70 58 1
73 85 71 1
74 52 44 1
75 47 43 1
76 2131 2114 1
77 4052 4031 1
78 4054 4036 1
79 4100 4083 1
80 4043 4030 1
81 4097 4084 1
82 7940 7920 1
83 2062 2057 0
84 8011 7992 1
85 15801 15766 1
86 4070 4061 1
87 31430 31361 1
88 31443 31375 1
89 15806 15772 1
90 7955 7938 1
91 31432 31365 1
92 15823 15790 1
93 7959 7943 1
94 8003 7987 1
95 7933 7918 1
96 2130 2126 0
97 31422 31363 1
98 31440 31383 1
99 31445 31395 1
100 4075 4069 0
101 2064 2061 0
102 2105 2102 0
103 31412 31368 1
104 62693 62618 1
105 31425 31389 1
106 15815 15798 0
107 86 42 1
108 31394 31357 1
109 15793 15773 1
110 31444 31411 0
111 15814 15798 0
112 4025 4021 0
113 31445 31440 0
114 2144 2146 0
115 15741 15799 0
116 4043 4039 0
117 62694 62632 0
118 2088 2086 0
119 15807 15792 0
120 8003 8012 0
121 31380 31351 1
122 31407 31378 0
123 62685 62629 0
124 7941 7934 0
125 31385 31358 1
126 62671 62618 0
127 62666 62615 0
128 62675 62624 0
129 8000 7994 0
130 62696 62649 0
131 31414 31391 0
132 62677 62635 0
133 125189 125107 0
134 31392 31372 0
135 125183 125104 0
136 125177 125101 0
137 62673 62636 0
138 62665 62629 0
139 15748 15739 0
140 31392 31375 0
141 62662 62629 0
142 62646 62614 0
143 15788 15780 0
144 15777 15770 0
145 15799 15792 0
146 15823 15819 0
147 4023 4022 0
148 15729 15726 0
149 15749 15746 0
150 7939 7942 0
151 4102 4104 0
152 8001 8005 0
153 8001 8006 0
154 4007 4012 0
155 2131 2134 0
156 4026 4033 0
157 2138 2142 0
158 2079 2084 0
159 4021 4032 0
160 93 94 0
161 41 42 0
162 81 84 0
163 57 60 0
164 38 42 0
165 39 47 0
166 3 15 0
167 250168 250129 0
168 500189 500157 0
169 250134 250103 0
170 62665 62660 0
171 500148 500101 0
172 250188 250137 0
173 125132 125102 0
174 250177 250146 0
175 500170 500124 0
176 250129 250103 0
177 250174 250114 0
178 125145 125124 0
179 250178 250150 0
180 500135 500110 0
181 250149 250106 0
182 31364 31361 0
183 500179 500140 0
184 250188 250127 0
185 250168 250123 0
186 62631 62624 0
187 125116 125101 0
188 125139 125124 0
189 125180 125155 0
190 500162 500122 0
191 62627 62623 0
192 62693 62680 0
193 125168 125137 0
194 500168 500130 0
195 125172 125118 0
196 62641 62619 0
197 62672 62650 0
198 62625 62606 0
199 62630 62602 0
200 62660 62636 0
201 125199 125140 0
202 125196 125142 0
203 250198 250128 0
204 250188 250119 0
205 125165 125134 0
206 31423 31415 0
207 250186 250116 0
208 125154 125108 0
209 500194 500163 0
210 250172 250149 0
211 500199 500161 0
212 31359 31402 0
213 62609 62655 0
214 62664 62674 0
215 15735 15786 0
216 62628 62687 0
217 15790 15792 0
218 15772 15812 0
219 15755 15813 0
220 62641 62651 0
221 15731 15775 0
222 15804 15808 0
223 62614 62645 0
224 15733 15765 0
225 62620 62654 0
226 62607 62697 0
227 62604 62699 0
228 15756 15798 0
229 15769 15814 0
230 15808 15818 0
231 15748 15796 0
232 62613 62641 0
233 15793 15802 0
234 62648 62662 0
235 62631 62685 0
236 62647 62680 0
237 15756 15802 0
238 62601 62671 0
239 62607 62657 0
240 62618 62672 0
241 62617 62689 0
242 62639 62685 0
243 62660 62664 0
244 62625 62656 0
245 125169 125177 0
246 125111 125172 0
247 31353 31424 0
248 7961 8000 0
249 31356 31445 0
250 7946 7978 0
251 7956 8010 0
252 125151 125157 0
253 125117 125135 0
254 7988 8009 0
255 7920 7938 0
256 125110 125196 0
257 7919 7937 0
258 7922 7944 0
259 7916 7955 0
260 125123 125120 0
261 15741 15817 0
262 7972 8002 0
263 125111 125189 0
264 125119 125180 0
265 125145 125169 0
266 125100 125197 0
267 125163 125193 0
268 125125 125151 0
269 125183 125189 0
270 125116 125120 0
271 7961 8007 0
272 125165 125184 0
273 7967 7984 0
274 125145 125163 0
275 31385 31426 0
276 125114 125161 0
277 125135 125143 0
278 7945 7979 0
279 4013 4040 0
280 125117 125152 0
281 15761 15820 0
282 4047 4075 0
283 125115 125152 0
284 125103 125106 0
285 125115 125170 0
286 4040 4087 0
287 125144 125141 0
288 4016 4043 0
289 125142 125136 0
290 4023 4061 0
291 125118 125166 0
292 4034 4097 0
293 125133 125157 0
294 250167 250189 0
295 15786 15798 0
296 250103 250177 0
297 250137 250181 0
298 4027 4050 0
299 250135 250149 0
300 250133 250129 0
301 250105 250104 0
302 250138 250141 0
303 15788 15798 0
304 250109 250181 0
305 4032 4064 0
306 4032 4083 0
307 15777 15821 0
308 250134 250124 0
309 250127 250139 0
310 4036 4100 0
311 250149 250138 0
312 250126 250180 0
313 4021 4104 0
314 250122 250176 0
315 250109 250127 0
316 250110 250195 0
317 4040 4055 0
318 250140 250142 0
319 250134 250178 0
320 31382 31381 0
321 250131 250147 0
322 250194 250182 0
323 2063 2118 0
324 2056 2108 0
325 250122 250117 0
326 250101 250169 0
327 250177 250170 0
328 2057 2124 0
329 250134 250177 0
330 250132 250171 0
331 250143 250166 0
332 250136 250178 0
333 500179 500166 0
334 31375 31432 0
335 500126 500137 0
336 500119 500136 0
337 2085 2121 0
338 2068 2093 0
339 2068 2140 0
340 2068 2109 0
341 2074 2124 0
342 500180 500166 0
343 500106 500120 0
344 2070 2113 0
345 2054 2075 0
346 2056 2139 0
347 500152 500165 0
348 500151 500160 0
349 2111 2151 0
350 31362 31365 0
351 500190 500199 0
352 500136 500176 0
353 2109 2126 0
354 500148 500167 0
355 500142 500160 0
356 500129 500167 0
357 31354 31390 0
358 500146 500178 0
359 15 71 0
360 500143 500174 0
361 500187 500185 0
362 500128 500139 0
363 500138 500183 0
364 31361 31404 0
365 55 84 0
366 500176 500198 0
367 39 72 0
368 19 65 0
369 11 95 0
370 31379 31416 0
371 5 85 0
372 31377 31417 0
373 61 95 0
374 31371 31427 0
375 500133 500187 0
376 500197 500179 0
377 500116 500175 0
378 500114 500146 0
379 500157 500160 0
380 500104 500134 0
381 60 92 0
382 41 83 0
383 500162 500138 0
384 31422 31424 0
385 500174 500163 0
386 30 56 0
387 44 97 0
388 500112 500188 0
389 500198 500188 0
390 29 78 0
391 500148 500130 0
392 14 54 0
393 31354 31439 0
394 28 69 0
395 500164 500193 0
396 500114 500122 0
397 31359 31365 0
398 31394 31422 0
399 31374 31384 0
--------------
1000000 :c
1004623 :sum(p)
1000000 :sum(w)
