400 :n
id p,w,x
--------------
0 2139 2061 1
1 8002 7938 1
2 81 44 1
3 2136 2061 1
4 43 4 1
5 90 29 1
6 4094 4031 1
7 4106 4017 1
8 93 29 1
9 70 11 1
10 4078 4046 1
11 2134 2101 1
12 4087 4008 1
13 4100 4026 1
14 4104 4045 1
15 4067 4014 1
16 4080 4026 1
17 54 26 1
18 86 29 1
19 84 35 1
20 4089 4041 1
21 62 28 1
22 4106 4022 1
23 65 28 1
24 2152 2083 1
25 2111 2054 1
26 2145 2091 1
27 72 41 1
28 2109 2066 1
29 2137 2099 1
30 2124 2076 1
31 2114 2054 1
32 79 48 1
33 8003 7921 1
34 2147 2073 1
35 15793 15745 1
36 15793 15739 1
37 15822 15758 1
38 15823 15731 1
39 15816 15739 1
40 7966 7926 1
41 9 2 1
42 90 70 1
43 78 73 1
44 29 28 1
45 82 81 1
46 2101 2078 1
47 2103 2080 1
48 2076 2061 1
49 2105 2091 1
50 4058 4032 1
51 4073 4047 1
52 7961 7922 1
53 4059 4040 1
54 4062 4045 1
55 7994 7961 1
56 2142 2134 1
57 7947 7918 1
58 2083 2076 1
59 2096 2089 1
60 2148 2141 1
61 7994 7969 1
62 7967 7944 1
63 4066 4055 1
64 4073 4062 1
65 15813 15771 1
66 31448 31368 1
67 31444 31366 1
68 31431 31355 1
69 7943 7924 1
70 2152 2147 1
71 31423 31354 1
72 4103 4094 1
73 8006 7989 1
74 15773 15738 1
75 4022 4014 1
76 15775 15747 1
77 7997 7983 1
78 31440 31387 1
79 15822 15796 1
80 31435 31385 1
81 4065 4059 1
82 84 49 1
83 15818 15795 1
84 31442 31398 1
85 31433 31392 1
86 31434 31395 1
87 31418 31378 1
88 31416 31380 1
89 62700 62627 1
90 31414 31379 1
91 8007 7997 1
92 15790 15772 1
93 15793 15761 1
94 62700 62622 1
95 31414 31368 1
96 15757 15740 1
97 62663 62602 0
98 31450 31420 1
99 31446 31422 0
100 31437 31408 0
101 15787 15779 0
102 7927 7921 1
103 53 54 1
104 62698 62647 0
105 31388 31365 0
106 125199 125110 0
107 7981 7983 0
108 31374 31352 0
109 31431 31409 0
110 62686 62644 0
111 125182 125102 0
112 15741 15731 0
113 62658 62619 0
114 62683 62644 0
115 62637 62602 0
116 62659 62625 0
117 62637 62604 0
118 62645 62612 0
119 62696 62663 0
120 15744 15736 0
121 62663 62606 0
122 62700 62690 0
123 62654 62623 0
124 2078 2077 0
125 62646 62617 0
126 125161 125105 0
127 15766 15759 0
128 15774 15767 0
129 15778 15771 0
130 125189 125135 0
131 62664 62637 0
132 62667 62640 0
133 125190 125137 0
134 125198 125145 0
135 31435 31423 0
136 7983 7980 1
137 250193 250106 0
138 125155 125113 0
139 125190 125148 0
140 125147 125107 0
141 15822 15817 0
142 250189 250110 0
143 250193 250119 0
144 31408 31399 0
145 250188 250120 0
146 250199 250134 0
147 250165 250102 0
148 250184 250125 0
149 250165 250107 0
150 31379 31372 0
151 250194 250140 0
152 250156 250104 0
153 31410 31404 0
154 15749 15746 0
155 250156 250110 0
156 250176 250130 0
157 250153 250108 0
158 250176 250136 0
159 31424 31419 0
160 250159 250125 0
161 250133 250101 0
162 62617 62610 0
163 62699 62692 0
164 250143 250117 0
165 250179 250153 0
166 62635 62629 0
167 125182 125172 0
168 125178 125169 0
169 15786 15786 0
170 7963 7965 0
171 2080 2081 0
172 7919 7923 0
173 4086 4090 0
174 4095 4100 0
175 7952 7962 0
176 4092 4098 0
177 4063 4069 0
178 4026 4033 0
179 4092 4100 0
180 4072 4082 0
181 2139 2146 0
182 2119 2129 0
183 2130 2141 0
184 2124 2137 0
185 2127 2142 0
186 41 42 1
187 82 87 1
188 38 41 0
189 64 70 0
190 67 75 0
191 19 22 1
192 36 48 0
193 20 29 0
194 38 57 0
195 62659 62700 0
196 62679 62691 0
197 62635 62700 0
198 62657 62690 0
199 62654 62653 0
200 62661 62663 0
201 15734 15749 0
202 62662 62668 0
203 62650 62686 0
204 62615 62665 0
205 62617 62625 0
206 62601 62612 0
207 125164 125175 0
208 125105 125101 0
209 125193 125194 0
210 125123 125125 0
211 125127 125141 0
212 15763 15790 0
213 15764 15780 0
214 125112 125191 0
215 15736 15752 0
216 125139 125160 0
217 125174 125199 0
218 125190 125193 0
219 31396 31401 0
220 125109 125136 0
221 125127 125158 0
222 125106 125106 0
223 125127 125126 0
224 125134 125154 0
225 125107 125153 0
226 15777 15799 0
227 125150 125182 0
228 125161 125185 0
229 125162 125196 0
230 125135 125189 0
231 125168 125167 0
232 125132 125196 0
233 125173 125184 0
234 125161 125185 0
235 125105 125186 0
236 125131 125133 0
237 15796 15819 0
238 125134 125133 0
239 125129 125161 0
240 125127 125143 0
241 125156 125151 0
242 62640 62670 0
243 250195 250191 0
244 250117 250145 0
245 250104 250197 0
246 250104 250193 0
247 250198 250194 0
248 250116 250189 0
249 250108 250195 0
250 250104 250167 0
251 250114 250164 0
252 250136 250151 0
253 250105 250157 0
254 250124 250179 0
255 31372 31414 0
256 250113 250115 0
257 250191 250192 0
258 250109 250154 0
259 250105 250110 0
260 62669 62682 0
261 250182 250167 0
262 250166 250175 0
263 250101 250133 0
264 250181 250183 0
265 250169 250200 0
266 250181 250175 0
267 31361 31375 0
268 500181 500147 0
269 62662 62691 0
270 500165 500162 0
271 500196 500183 0
272 500149 500189 0
273 500184 500191 0
274 500150 500152 0
275 500126 500158 0
276 500141 500137 0
277 500136 500105 0
278 500133 500143 0
279 500141 500178 0
280 500157 500185 0
281 500170 500163 0
282 31364 31369 0
283 31400 31404 0
284 500170 500169 0
285 500145 500127 0
286 500121 500164 0
287 500125 500190 0
288 31426 31437 0
289 500123 500147 0
290 500140 500181 0
291 500117 500175 0
292 500147 500187 0
293 500184 500165 0
294 500162 500146 0
295 500124 500171 0
296 500171 500196 0
297 31356 31360 0
298 500144 500118 0
299 500126 500148 0
300 500192 500166 0
301 500178 500172 0
302 62675 62691 0
303 31369 31376 0
304 31383 31415 0
305 500168 500121 0
306 500196 500121 0
307 500185 500107 0
308 500179 500123 0
309 500200 500116 0
310 500200 500163 0
311 500194 500110 0
312 500182 500128 0
313 500165 500121 0
314 500189 500108 0
315 500141 500106 0
316 31428 31436 0
317 62606 62610 0
318 62617 62671 0
319 31420 31439 0
320 62656 62656 0
321 62630 62695 0
322 2072 2092 0
323 2086 2143 0
324 7925 7973 0
325 7966 8010 0
326 2078 2111 0
327 2117 2148 0
328 7955 7994 0
329 2077 2101 0
330 2079 2139 0
331 7926 7957 0
332 2084 2145 0
333 7963 7993 0
334 2102 2136 0
335 4049 4101 0
336 7942 8005 0
337 7962 8004 0
338 2095 2141 0
339 7944 7965 0
340 7936 7957 0
341 7924 7986 0
342 7925 7967 0
343 4054 4099 0
344 7943 7990 0
345 7949 7995 0
346 7928 7948 0
347 2081 2101 0
348 7922 7936 0
349 7918 7991 0
350 7936 7971 0
351 2054 2147 0
352 7940 7978 0
353 2066 2087 0
354 7928 7985 0
355 4015 4076 0
356 2087 2139 0
357 7938 8003 0
358 7939 8006 0
359 7913 7972 0
360 4044 4091 0
361 33 91 0
362 39 70 0
363 15740 15781 0
364 51 78 0
365 1 55 0
366 15738 15808 0
367 15757 15807 0
368 4054 4097 0
369 50 81 0
370 46 86 0
371 15778 15817 0
372 15775 15820 0
373 15754 15825 0
374 19 79 0
375 43 93 0
376 42 90 0
377 15742 15802 0
378 15736 15776 0
379 15730 15806 0
380 15748 15789 0
381 15751 15813 0
382 15730 15757 0
383 32 57 0
384 4007 4094 0
385 4037 4085 0
386 31366 31438 0
387 31374 31431 0
388 4020 4081 0
389 4043 4099 0
390 4024 4068 0
391 31365 31432 0
392 27 60 0
393 31362 31450 0
394 22 59 0
395 4033 4056 0
396 4064 4085 0
397 31363 31425 0
398 4043 4069 0
399 4023 4066 0
--------------
1000000 :c
1003919 :sum(p)
999999 :sum(w)
