400 :n
id p,w,x
--------------
0 15823 15759 1
1 15822 15761 1
2 99 53 1
3 81 16 1
4 15821 15734 1
5 94 62 1
6 81 31 1
7 99 14 1
8 77 1 1
9 48 19 1
10 87 36 1
11 65 16 1
12 15815 15732 1
13 57 34 1
14 27 7 1
15 41 12 1
16 85 30 1
17 8001 7916 1
18 8000 7946 1
19 7989 7942 1
20 39 19 1
21 7995 7963 1
22 88 53 1
23 2135 2107 1
24 2142 2105 1
25 2147 2089 1
26 2102 2059 1
27 7989 7929 1
28 2119 2057 1
29 2142 2074 1
30 4044 4027 1
31 2150 2064 1
32 2082 2055 1
33 2102 2077 1
34 2145 2095 1
35 2129 2088 1
36 2116 2067 1
37 2095 2076 1
38 2083 2061 1
39 2118 2076 1
40 2098 2076 1
41 4057 4027 1
42 2076 2059 1
43 4086 4043 1
44 4077 4032 1
45 4075 4041 1
46 4076 4045 1
47 4104 4076 1
48 4076 4010 1
49 4082 4017 1
50 4061 4009 1
51 4106 4067 1
52 4068 4050 1
53 4056 4028 1
54 4067 4031 1
55 4104 4087 1
56 4103 4024 1
57 15818 15783 1
58 7955 7932 1
59 7992 7966 1
60 8002 7978 1
61 15798 15754 1
62 15806 15770 1
63 15815 15780 1
64 31424 31367 1
65 7991 7967 1
66 15789 15743 1
67 31421 31371 1
68 15784 15751 1
69 31416 31357 1
70 15798 15769 1
71 8 1 1
72 13 2 1
73 16 4 1
74 62 53 1
75 65 58 1
76 54 53 0
77 2128 2115 1
78 2134 2123 1
79 2109 2100 1
80 4029 4013 1
81 4036 4020 1
82 4080 4065 1
83 4083 4071 1
84 4055 4044 1
85 7955 7937 1
86 4047 4038 1
87 7932 7920 1
88 15823 15800 1
89 2149 2146 0
90 15816 15795 1
91 31404 31364 1
92 15799 15779 1
93 7977 7967 1
94 31419 31383 1
95 15820 15802 1
96 7960 7951 0
97 31387 31352 1
98 31420 31385 1
99 31432 31397 1
100 31391 31359 1
101 62694 62638 1
102 7952 7945 0
103 31402 31375 1
104 15763 15750 0
105 31422 31398 1
106 70 22 1
107 62677 62624 1
108 7951 7945 0
109 62665 62618 0
110 125198 125176 0
111 31433 31414 0
112 15813 15813 0
113 15767 15817 0
114 4017 4014 1
115 62680 62634 1
116 125192 125112 0
117 62652 62612 0
118 15805 15795 0
119 4096 4100 0
120 62643 62604 0
121 125194 125117 0
122 31386 31367 0
123 31425 31406 0
124 15762 15753 0
125 62667 62633 0
126 62680 62648 0
127 15798 15790 0
128 7918 7914 0
129 7938 7934 0
130 2084 2083 0
131 125181 125121 0
132 2133 2132 0
133 62666 62640 0
134 125191 125144 0
135 62687 62665 0
136 31425 31414 0
137 125163 125120 0
138 62640 62619 0
139 125169 125128 0
140 125153 125113 0
141 125167 125127 0
142 31410 31400 0
143 31421 31411 0
144 250188 250112 0
145 62676 62657 0
146 125154 125118 0
147 62651 62633 0
148 250169 250103 0
149 31388 31380 0
150 125167 125137 0
151 62678 62663 0
152 250174 250116 0
153 125135 125107 0
154 250193 250139 0
155 125196 125169 0
156 125127 125102 0
157 62616 62604 0
158 62659 62647 0
159 31385 31379 0
160 250187 250143 0
161 250143 250101 0
162 125196 125176 0
163 500199 500121 0
164 250169 250130 0
165 250171 250133 0
166 125136 125117 0
167 250188 250154 0
168 250134 250104 0
169 62616 62609 0
170 62693 62686 0
171 500166 500115 0
172 500174 500123 0
173 250158 250134 0
174 500171 500124 0
175 500199 500152 0
176 250170 250150 0
177 250187 250169 0
178 125195 125186 0
179 500196 500166 0
180 250118 250103 0
181 250178 250165 0
182 500164 500140 0
183 250126 250119 0
184 125119 125116 0
185 250187 250182 0
186 500145 500137 0
187 500149 500145 0
188 125154 125153 0
189 500148 500145 0
190 500119 500117 0
191 500154 500152 0
192 500164 500163 0
193 250159 250159 0
194 72 72 1
195 125127 125127 0
196 500185 500185 0
197 500164 500165 0
198 250128 250130 0
199 250126 250128 0
200 500173 500179 0
201 62659 62660 0
202 500191 500200 0
203 500170 500179 0
204 500180 500191 0
205 250106 250112 0
206 500101 500113 0
207 250115 250122 0
208 31408 31409 0
209 500135 500153 0
210 500132 500151 0
211 500102 500122 0
212 250159 250170 0
213 250133 250146 0
214 250133 250147 0
215 500128 500157 0
216 500121 500151 0
217 62627 62631 0
218 125163 125171 0
219 125149 125157 0
220 500135 500167 0
221 500151 500186 0
222 500126 500161 0
223 125100 125109 0
224 250127 250145 0
225 250119 250139 0
226 500133 500173 0
227 500157 500199 0
228 31353 31356 0
229 62649 62655 0
230 500141 500189 0
231 500124 500172 0
232 250142 250167 0
233 250128 250153 0
234 500102 500152 0
235 125137 125150 0
236 125133 125146 0
237 250110 250137 0
238 7937 7939 0
239 4023 4028 0
240 4088 4096 0
241 4033 4041 0
242 2081 2090 0
243 61 62 0
244 63 66 0
245 15726 15807 0
246 7942 7993 0
247 7941 8002 0
248 15775 15783 0
249 15776 15787 0
250 15777 15812 0
251 15740 15772 0
252 15734 15825 0
253 15757 15777 0
254 15731 15756 0
255 250105 250172 0
256 7942 7981 0
257 7966 7995 0
258 7929 7945 0
259 7929 7956 0
260 7915 8006 0
261 15742 15746 0
262 7914 8004 0
263 7922 7933 0
264 7968 7975 0
265 7925 7952 0
266 15787 15792 0
267 7932 7989 0
268 7949 7986 0
269 250154 250188 0
270 7970 7986 0
271 15784 15825 0
272 7933 7970 0
273 7961 8000 0
274 7979 7992 0
275 7918 7938 0
276 15805 15817 0
277 15778 15780 0
278 15742 15765 0
279 15740 15801 0
280 4052 4090 0
281 4050 4092 0
282 31351 31393 0
283 4030 4068 0
284 15736 15746 0
285 4008 4073 0
286 4058 4071 0
287 4055 4089 0
288 7946 7980 0
289 31352 31423 0
290 4018 4085 0
291 4079 4098 0
292 250116 250162 0
293 4055 4088 0
294 4022 4054 0
295 31399 31405 0
296 250153 250190 0
297 31422 31431 0
298 7930 7963 0
299 4007 4092 0
300 250158 250193 0
301 4055 4091 0
302 31355 31407 0
303 31386 31450 0
304 31359 31433 0
305 31360 31429 0
306 250134 250197 0
307 250116 250159 0
308 31351 31356 0
309 31379 31431 0
310 250134 250172 0
311 31411 31423 0
312 31367 31409 0
313 31362 31397 0
314 31374 31398 0
315 7974 8004 0
316 4014 4099 0
317 31358 31440 0
318 31356 31422 0
319 31354 31382 0
320 250119 250159 0
321 31371 31400 0
322 500113 500178 0
323 2054 2089 0
324 31355 31364 0
325 2078 2117 0
326 2098 2144 0
327 2133 2152 0
328 7917 7945 0
329 62605 62640 0
330 2108 2137 0
331 2073 2128 0
332 62605 62668 0
333 2071 2116 0
334 62603 62664 0
335 62604 62630 0
336 2090 2148 0
337 2082 2137 0
338 62643 62662 0
339 62684 62700 0
340 2072 2110 0
341 2059 2140 0
342 2077 2102 0
343 62682 62691 0
344 62632 62669 0
345 62611 62669 0
346 62660 62668 0
347 62620 62687 0
348 62604 62632 0
349 62628 62670 0
350 62672 62700 0
351 62626 62647 0
352 2091 2150 0
353 2118 2142 0
354 2079 2104 0
355 500127 500192 0
356 2083 2099 0
357 62633 62681 0
358 62609 62648 0
359 62639 62673 0
360 62683 62694 0
361 125127 125146 0
362 82 98 0
363 39 97 0
364 47 80 0
365 125126 125184 0
366 125113 125133 0
367 125111 125145 0
368 500101 500186 0
369 125101 125155 0
370 500104 500193 0
371 125160 125178 0
372 20 43 0
373 125164 125180 0
374 2 84 0
375 125100 125192 0
376 125145 125186 0
377 56 93 0
378 125106 125148 0
379 125108 125145 0
380 31 59 0
381 125147 125188 0
382 29 96 0
383 15741 15820 0
384 125121 125166 0
385 125134 125155 0
386 19 92 0
387 125160 125191 0
388 500117 500189 0
389 50 85 0
390 500136 500196 0
391 5 74 0
392 17 58 0
393 32 90 0
394 15728 15743 0
395 250104 250164 0
396 6 98 0
397 60 78 0
398 15740 15742 0
399 500145 500200 0
--------------
1000000 :c
1003829 :sum(p)
999996 :sum(w)
