400 :n
id p,w,x
--------------
0 59 4 1
1 65 10 1
2 96 19 1
3 25 5 1
4 46 11 1
5 53 13 1
6 90 30 1
7 75 25 1
8 73 27 1
9 97 40 1
10 21 10 1
11 43 22 1
12 81 53 1
13 44 31 1
14 83 59 1
15 27 22 1
16 6 5 1
17 90 77 1
18 59 52 1
19 2133 2061 1
20 2128 2060 1
21 2136 2077 1
22 2133 2080 1
23 2137 2089 1
24 2105 2059 1
25 2133 2088 1
26 2145 2106 1
27 2097 2059 1
28 4101 4029 1
29 2105 2069 1
30 4086 4018 1
31 4104 4037 1
32 2145 2115 1
33 4072 4016 1
34 2147 2119 1
35 4104 4051 1
36 4076 4024 1
37 2142 2118 1
38 2095 2073 1
39 4106 4064 1
40 7985 7913 1
41 2114 2095 1
42 2135 2117 1
43 4073 4039 1
44 2118 2102 1
45 7997 7937 1
46 4082 4053 1
47 7995 7944 1
48 4032 4010 1
49 4061 4039 1
50 7999 7956 1
51 7969 7928 1
52 7987 7952 1
53 15815 15747 1
54 4059 4043 1
55 2104 2096 0
56 7943 7916 1
57 7953 7926 1
58 2108 2101 0
59 4042 4029 1
60 7945 7920 1
61 15789 15742 1
62 15818 15774 1
63 15780 15737 1
64 31446 31361 1
65 4106 4095 1
66 15789 15747 1
67 7952 7931 1
68 7963 7942 1
69 4019 4009 0
70 15802 15765 1
71 31448 31377 1
72 31446 31376 1
73 15793 15758 1
74 15790 15758 1
75 15812 15780 1
76 15817 15785 1
77 31438 31378 1
78 31448 31398 1
79 62690 62601 1
80 7949 7938 0
81 62688 62605 1
82 31421 31380 1
83 62692 62612 1
84 15787 15767 0
85 15822 15802 1
86 7999 7989 0
87 31401 31363 1
88 31445 31412 1
89 31430 31398 1
90 31417 31383 1
91 4083 4062 1
92 31399 31363 1
93 62673 62607 1
94 15770 15732 1
95 31413 31382 1
96 4096 4092 0
97 31433 31403 0
98 15812 15811 0
99 31449 31433 0
100 15802 15787 0
101 15 87 0
102 62683 62626 0
103 62694 62637 0
104 62692 62645 0
105 31433 31405 0
106 31402 31375 0
107 31388 31363 0
108 31401 31376 0
109 15800 15788 0
110 31444 31421 0
111 62646 62603 0
112 125199 125117 0
113 62659 62618 0
114 62691 62651 0
115 62663 62624 0
116 62666 62627 0
117 62675 62639 0
118 62647 62615 0
119 7917 7913 0
120 62690 62662 0
121 31433 31419 0
122 15743 15736 0
123 62632 62605 0
124 62648 62621 0
125 31371 31358 0
126 31397 31384 0
127 15811 15807 0
128 7972 7970 0
129 4049 4048 0
130 31427 31422 0
131 7991 7990 0
132 65 65 0
133 15804 15804 0
134 81 81 0
135 7924 7924 0
136 7928 7929 0
137 15781 15783 0
138 15747 15749 0
139 15803 15808 0
140 7932 7935 0
141 15782 15790 0
142 7960 7972 0
143 7947 7960 0
144 4078 4085 0
145 7919 7933 0
146 2120 2124 0
147 7919 7935 0
148 4070 4080 0
149 4042 4053 0
150 4042 4055 0
151 2093 2102 0
152 4076 4094 0
153 4021 4039 0
154 2135 2146 0
155 2110 2125 0
156 2117 2133 0
157 2123 2140 0
158 2066 2085 0
159 2117 2139 0
160 2125 2149 0
161 59 60 0
162 75 81 0
163 72 81 0
164 40 46 0
165 24 28 0
166 34 48 0
167 35 53 0
168 38 58 0
169 18 31 0
170 2 27 0
171 500134 500111 0
172 500193 500171 0
173 250156 250104 0
174 500178 500178 0
175 125188 125158 0
176 62664 62657 0
177 125196 125187 0
178 125187 125167 0
179 250184 250140 0
180 250198 250150 0
181 250172 250108 0
182 250198 250156 0
183 500160 500161 0
184 500174 500146 0
185 500137 500105 0
186 250146 250101 0
187 250147 250146 0
188 500200 500192 0
189 500119 500117 0
190 500134 500125 0
191 500145 500120 0
192 125193 125142 0
193 500199 500165 0
194 250112 250108 0
195 125129 125113 0
196 250191 250106 0
197 250188 250146 0
198 500147 500105 0
199 500200 500170 0
200 250184 250109 0
201 125158 125118 0
202 500171 500131 0
203 125121 125119 0
204 500193 500189 0
205 500183 500120 0
206 250145 250120 0
207 62684 62665 0
208 62632 62628 0
209 125185 125126 0
210 125188 125120 0
211 125127 125101 0
212 62669 62646 0
213 250192 250159 0
214 250150 250144 0
215 250172 250156 0
216 250193 250145 0
217 62699 62696 0
218 250199 250109 0
219 250188 250117 0
220 125147 125125 0
221 250193 250163 0
222 250148 250105 0
223 250171 250142 0
224 250197 250195 0
225 500160 500150 0
226 250127 250108 0
227 250166 250163 0
228 125155 125103 0
229 250181 250150 0
230 62644 62640 0
231 250194 250111 0
232 125125 125104 0
233 125198 125178 0
234 500168 500160 0
235 500151 500151 0
236 250196 250185 0
237 125169 125132 0
238 500182 500120 0
239 250183 250103 0
240 125176 125146 0
241 125176 125163 0
242 500190 500134 0
243 500146 500116 0
244 7926 7980 0
245 31443 31450 0
246 7951 7993 0
247 31374 31441 0
248 7920 7960 0
249 7940 7975 0
250 7941 7977 0
251 7985 8006 0
252 7917 7954 0
253 7948 8005 0
254 31377 31442 0
255 31377 31420 0
256 31388 31423 0
257 31371 31400 0
258 62604 62700 0
259 7959 7995 0
260 7916 7994 0
261 7916 7998 0
262 62604 62656 0
263 62674 62676 0
264 31389 31396 0
265 7914 7973 0
266 62674 62679 0
267 62678 62699 0
268 7956 7978 0
269 7960 8005 0
270 62638 62639 0
271 7952 7993 0
272 7913 7993 0
273 62605 62670 0
274 31411 31430 0
275 62607 62626 0
276 62616 62655 0
277 7937 7965 0
278 62614 62648 0
279 62684 62694 0
280 4012 4069 0
281 62650 62655 0
282 4058 4088 0
283 4007 4042 0
284 62629 62692 0
285 4077 4103 0
286 62639 62668 0
287 15746 15779 0
288 62628 62632 0
289 62610 62699 0
290 4022 4095 0
291 4016 4048 0
292 4011 4045 0
293 62606 62640 0
294 4008 4049 0
295 4017 4090 0
296 15756 15809 0
297 125148 125168 0
298 125139 125141 0
299 4049 4087 0
300 31352 31399 0
301 31358 31402 0
302 125131 125153 0
303 125127 125193 0
304 125173 125192 0
305 4016 4082 0
306 125108 125170 0
307 4035 4097 0
308 125140 125144 0
309 4018 4054 0
310 125116 125178 0
311 31413 31430 0
312 125192 125198 0
313 125106 125151 0
314 4010 4080 0
315 31392 31398 0
316 125116 125199 0
317 4009 4050 0
318 4037 4074 0
319 15763 15786 0
320 2065 2109 0
321 125134 125192 0
322 15730 15821 0
323 2087 2150 0
324 125101 125138 0
325 125172 125192 0
326 31389 31438 0
327 15728 15761 0
328 125160 125171 0
329 2058 2089 0
330 15732 15764 0
331 125179 125192 0
332 125169 125173 0
333 125107 125183 0
334 2066 2119 0
335 125149 125151 0
336 15760 15824 0
337 2067 2119 0
338 2062 2111 0
339 125132 125173 0
340 125141 125148 0
341 2083 2111 0
342 125110 125159 0
343 2057 2082 0
344 250119 250162 0
345 250124 250134 0
346 15800 15820 0
347 2105 2150 0
348 2104 2134 0
349 15747 15818 0
350 250112 250192 0
351 250102 250165 0
352 250104 250198 0
353 2088 2136 0
354 250118 250130 0
355 250114 250141 0
356 15737 15816 0
357 2074 2114 0
358 250183 250186 0
359 250159 250198 0
360 28 79 0
361 27 62 0
362 250142 250185 0
363 17 56 0
364 250119 250138 0
365 31381 31415 0
366 250134 250148 0
367 15780 15807 0
368 500117 500161 0
369 15777 15814 0
370 500163 500173 0
371 500141 500185 0
372 31376 31402 0
373 500130 500143 0
374 500119 500149 0
375 31420 31441 0
376 31355 31360 0
377 500144 500145 0
378 500168 500170 0
379 500144 500181 0
380 500123 500158 0
381 32 65 0
382 41 77 0
383 500107 500165 0
384 500145 500153 0
385 15745 15820 0
386 500181 500188 0
387 500147 500187 0
388 16 97 0
389 15732 15749 0
390 500108 500178 0
391 500168 500181 0
392 500109 500126 0
393 500107 500129 0
394 60 94 0
395 17 44 0
396 500167 500183 0
397 15769 15789 0
398 15778 15817 0
399 15747 15775 0
--------------
1000000 :c
1003648 :sum(p)
999999 :sum(w)
