400 :n
id p,w,x
--------------
0 4083 4027 1
1 4072 4033 1
2 99 59 1
3 4105 4007 1
4 63 39 1
5 31446 31376 1
6 31413 31358 1
7 31409 31352 1
8 31441 31359 1
9 15809 15743 1
10 65 20 1
11 31442 31364 1
12 31433 31365 1
13 85 58 1
14 15774 15746 1
15 29 18 1
16 51 27 1
17 87 24 1
18 41 8 1
19 15765 15726 1
20 47 3 1
21 85 20 1
22 79 56 1
23 4074 4036 1
24 15801 15745 1
25 4054 4032 1
26 91 42 1
27 31434 31351 1
28 54 32 1
29 15785 15754 1
30 15778 15744 1
31 4064 4031 1
32 15822 15783 1
33 15811 15777 1
34 2102 2057 1
35 2104 2056 1
36 2090 2056 1
37 15778 15736 1
38 15806 15738 1
39 2094 2062 1
40 2119 2068 1
41 2101 2063 1
42 7992 7955 1
43 2113 2099 1
44 8000 7960 1
45 2110 2068 1
46 7978 7948 1
47 2141 2064 1
48 7993 7955 1
49 4050 4035 1
50 7941 7914 1
51 2135 2054 1
52 2131 2064 1
53 7974 7947 1
54 2153 2132 1
55 31410 31356 1
56 7983 7917 1
57 4100 4033 1
58 2147 2120 1
59 7996 7958 1
60 2118 2086 1
61 8000 7971 1
62 2132 2103 1
63 8001 7944 1
64 7941 7921 1
65 2111 2069 1
66 4104 4008 1
67 7972 7945 1
68 7990 7918 1
69 4101 4015 1
70 4090 4063 1
71 4095 4069 1
72 4091 4041 1
73 30 22 1
74 82 74 1
75 99 93 1
76 65 62 1
77 2096 2085 1
78 2112 2104 1
79 2150 2143 1
80 4062 4051 1
81 7953 7935 1
82 4069 4062 1
83 15786 15759 1
84 31418 31365 1
85 31422 31369 1
86 7933 7920 1
87 7955 7942 1
88 31447 31396 1
89 7959 7947 1
90 4069 4063 1
91 7945 7934 1
92 7963 7952 1
93 7954 7944 1
94 15816 15797 1
95 7982 7973 0
96 7984 7975 1
97 15811 15794 1
98 31385 31352 1
99 55 45 1
100 62693 62602 1
101 62665 62604 0
102 62696 62638 1
103 62668 62611 0
104 62696 62670 0
105 8000 8007 0
106 15732 15823 0
107 62673 62616 0
108 31420 31394 0
109 31426 31401 0
110 62684 62636 0
111 31400 31376 0
112 4014 4011 1
113 2111 2112 1
114 62664 62618 0
115 62694 62649 0
116 62664 62620 0
117 15780 15769 1
118 62669 62626 0
119 31389 31369 0
120 7976 7971 0
121 31402 31384 0
122 62664 62630 0
123 62654 62621 0
124 31409 31393 0
125 15779 15771 0
126 125173 125110 0
127 125195 125133 0
128 4085 4083 0
129 4103 4101 0
130 125171 125111 0
131 31403 31388 0
132 62695 62668 0
133 125179 125127 0
134 62635 62609 0
135 125185 125134 0
136 125189 125139 0
137 62629 62604 0
138 31417 31405 0
139 125152 125106 0
140 125165 125119 0
141 125185 125140 0
142 62630 62608 0
143 31445 31434 0
144 62642 62621 0
145 250194 250111 0
146 125176 125136 0
147 31404 31394 0
148 250199 250121 0
149 250192 250119 0
150 62622 62604 0
151 62666 62648 0
152 250191 250124 0
153 125172 125140 0
154 15737 15733 0
155 7927 7925 0
156 125184 125154 0
157 125192 125163 0
158 125161 125133 0
159 125182 125155 0
160 250160 250107 0
161 250194 250144 0
162 31401 31395 0
163 15762 15759 0
164 500192 500105 0
165 54 54 0
166 4064 4065 0
167 4038 4039 0
168 4083 4087 0
169 2077 2081 0
170 2063 2068 0
171 68 71 0
172 59 62 0
173 19 25 0
174 125165 125144 0
175 250200 250168 0
176 500170 500149 0
177 250168 250158 0
178 250159 250124 0
179 31392 31388 0
180 500142 500113 0
181 500152 500127 0
182 250174 250151 0
183 250192 250165 0
184 500185 500153 0
185 250165 250126 0
186 250127 250102 0
187 500166 500147 0
188 500181 500118 0
189 250196 250158 0
190 125180 125159 0
191 500141 500102 0
192 250196 250158 0
193 500165 500146 0
194 125152 125143 0
195 125106 125101 0
196 250163 250146 0
197 15780 15778 0
198 500155 500117 0
199 500186 500155 0
200 500141 500108 0
201 500173 500136 0
202 62654 62651 0
203 500180 500116 0
204 500144 500123 0
205 62693 62690 0
206 500150 500110 0
207 500156 500128 0
208 500156 500119 0
209 250181 250155 0
210 15736 15786 0
211 31426 31444 0
212 15744 15795 0
213 15808 15813 0
214 15758 15759 0
215 15776 15787 0
216 31395 31443 0
217 15732 15756 0
218 31374 31434 0
219 31382 31420 0
220 15727 15738 0
221 31367 31396 0
222 15769 15819 0
223 31435 31444 0
224 15727 15734 0
225 15735 15797 0
226 15747 15825 0
227 31395 31423 0
228 15750 15808 0
229 31388 31425 0
230 15747 15762 0
231 62659 62677 0
232 62614 62636 0
233 62657 62659 0
234 62608 62633 0
235 15799 15811 0
236 62688 62697 0
237 15733 15816 0
238 15755 15792 0
239 7957 8007 0
240 7914 7953 0
241 62666 62681 0
242 7949 7987 0
243 62676 62690 0
244 62618 62671 0
245 62627 62659 0
246 7943 7967 0
247 7949 7968 0
248 62627 62680 0
249 62665 62685 0
250 62644 62671 0
251 7978 7998 0
252 7924 8001 0
253 62625 62626 0
254 62603 62691 0
255 31410 31421 0
256 62625 62670 0
257 62623 62697 0
258 7977 8004 0
259 62625 62660 0
260 62637 62653 0
261 125162 125194 0
262 125158 125174 0
263 7926 7983 0
264 125122 125150 0
265 125122 125145 0
266 7971 7982 0
267 125125 125170 0
268 125181 125184 0
269 125167 125182 0
270 7967 7981 0
271 125101 125193 0
272 125108 125136 0
273 125100 125103 0
274 7946 7964 0
275 7939 8007 0
276 7928 7969 0
277 7918 7979 0
278 125100 125147 0
279 125105 125163 0
280 125113 125162 0
281 4037 4067 0
282 4038 4063 0
283 125127 125131 0
284 4078 4086 0
285 125177 125188 0
286 125118 125166 0
287 4056 4072 0
288 125106 125165 0
289 4043 4081 0
290 4042 4104 0
291 125135 125180 0
292 31387 31433 0
293 125106 125168 0
294 4019 4045 0
295 125185 125185 0
296 125103 125120 0
297 4046 4056 0
298 4019 4098 0
299 4046 4072 0
300 250124 250131 0
301 250133 250182 0
302 31413 31446 0
303 250115 250200 0
304 31417 31425 0
305 4032 4101 0
306 4013 4097 0
307 4025 4064 0
308 4009 4096 0
309 4016 4051 0
310 4008 4023 0
311 4040 4100 0
312 250163 250177 0
313 250179 250190 0
314 250107 250141 0
315 250112 250179 0
316 4034 4078 0
317 250151 250188 0
318 250135 250150 0
319 2069 2146 0
320 250124 250193 0
321 2078 2148 0
322 15811 15811 0
323 250110 250178 0
324 250138 250135 0
325 2079 2122 0
326 250123 250141 0
327 250119 250136 0
328 250192 250190 0
329 250144 250137 0
330 250101 250108 0
331 2067 2153 0
332 2059 2136 0
333 2112 2135 0
334 250173 250198 0
335 2070 2108 0
336 250153 250154 0
337 250104 250135 0
338 2088 2097 0
339 250102 250169 0
340 250161 250154 0
341 2083 2141 0
342 2054 2146 0
343 2079 2150 0
344 2080 2106 0
345 31374 31446 0
346 250112 250164 0
347 500141 500125 0
348 500129 500153 0
349 2055 2101 0
350 2065 2143 0
351 500197 500188 0
352 2093 2111 0
353 500176 500196 0
354 500107 500183 0
355 2090 2138 0
356 2113 2145 0
357 15779 15791 0
358 2127 2152 0
359 500146 500147 0
360 500190 500181 0
361 71 92 0
362 26 52 0
363 14 45 0
364 74 99 0
365 500170 500180 0
366 12 97 0
367 500181 500190 0
368 500114 500197 0
369 500143 500162 0
370 29 97 0
371 15746 15780 0
372 7 86 0
373 76 100 0
374 9 79 0
375 3 47 0
376 500113 500121 0
377 69 82 0
378 500185 500199 0
379 25 43 0
380 2 69 0
381 58 84 0
382 31422 31426 0
383 500199 500198 0
384 500128 500173 0
385 500115 500190 0
386 9 44 0
387 500176 500184 0
388 500130 500170 0
389 49 68 0
390 24 58 0
391 15732 15751 0
392 500113 500146 0
393 500125 500108 0
394 31376 31439 0
395 500179 500197 0
396 500147 500138 0
397 2 65 0
398 31450 31449 0
399 15807 15820 0
--------------
1000000 :c
1003892 :sum(p)
1000000 :sum(w)
