400 :n
id p,w,x
--------------
0 15803 15731 1
1 15825 15745 1
2 4105 4016 1
3 91 1 1
4 4075 4016 1
5 8009 7922 1
6 15808 15733 1
7 8002 7934 1
8 8009 7938 1
9 8009 7929 1
10 8000 7935 1
11 70 2 1
12 46 1 1
13 18 3 1
14 43 11 1
15 64 19 1
16 71 25 1
17 98 45 1
18 53 26 1
19 98 52 1
20 33 19 1
21 34 21 1
22 54 34 1
23 66 52 1
24 87 69 1
25 96 90 1
26 2127 2071 1
27 2139 2083 1
28 2140 2094 1
29 2104 2064 1
30 2152 2115 1
31 67 66 0
32 2130 2100 1
33 2099 2070 1
34 2143 2114 1
35 2147 2118 1
36 4106 4054 1
37 2148 2125 1
38 2123 2101 1
39 4072 4032 1
40 4048 4011 1
41 4044 4010 1
42 4067 4036 1
43 7984 7926 1
44 4077 4048 1
45 4037 4011 1
46 7983 7941 1
47 2130 2119 1
48 7985 7946 1
49 4096 4076 1
50 4077 4059 1
51 4086 4068 1
52 4087 4069 1
53 7980 7945 1
54 4059 4042 1
55 15795 15737 1
56 7961 7932 1
57 7972 7943 1
58 4054 4040 1
59 2113 2106 1
60 2118 2111 1
61 15800 15750 1
62 7983 7958 1
63 7989 7966 1
64 7958 7936 1
65 7966 7944 1
66 31448 31366 1
67 4027 4017 1
68 7933 7914 1
69 15764 15739 1
70 7982 7945 1
71 31426 31355 1
72 15819 15785 1
73 7949 7932 1
74 7999 7982 1
75 62700 62605 1
76 15791 15761 1
77 7937 7922 1
78 7960 7945 1
79 31438 31380 1
80 7986 7972 1
81 15784 15758 1
82 62693 62609 1
83 31401 31355 1
84 62666 62603 1
85 62681 62621 1
86 15777 15757 1
87 4103 4095 1
88 4073 4067 1
89 4085 4079 1
90 4092 4086 1
91 15817 15799 1
92 15765 15728 1
93 62663 62603 1
94 31391 31353 1
95 7935 7928 1
96 62686 62639 0
97 31447 31427 1
98 31450 31448 0
99 31442 31425 0
100 250200 250143 0
101 31376 31355 0
102 7940 7936 1
103 4031 4029 1
104 2133 2132 1
105 125194 125121 0
106 62662 62624 0
107 62641 62605 0
108 15816 15815 0
109 62663 62631 0
110 62688 62658 0
111 125196 125132 0
112 125189 125133 0
113 125185 125131 0
114 62633 62606 0
115 62638 62612 0
116 62698 62672 0
117 250199 250105 0
118 62655 62632 0
119 31401 31390 0
120 125177 125137 0
121 31396 31386 0
122 62686 62669 0
123 125173 125140 0
124 31405 31397 0
125 250172 250110 0
126 250167 250110 0
127 19 76 0
128 125194 125128 0
129 62653 62639 0
130 62659 62645 0
131 31390 31383 0
132 125129 125102 0
133 125148 125125 0
134 125175 125154 0
135 62663 62654 0
136 125185 125169 0
137 15739 15737 0
138 125182 125171 0
139 125114 125104 0
140 125136 125127 0
141 125170 125162 0
142 31364 31362 0
143 31367 31365 0
144 125110 125103 0
145 31400 31399 0
146 57 57 1
147 62658 62658 0
148 31419 31419 0
149 62689 62690 0
150 7930 7931 0
151 15784 15786 0
152 31407 31411 0
153 31421 31426 0
154 15778 15781 0
155 4007 4008 0
156 31390 31398 0
157 31366 31374 0
158 15765 15770 0
159 31422 31433 0
160 7928 7931 0
161 4092 4094 0
162 31354 31371 0
163 31400 31418 0
164 31412 31433 0
165 31367 31388 0
166 7953 7959 0
167 7978 7985 0
168 2116 2118 1
169 2114 2116 0
170 31362 31392 0
171 4088 4092 0
172 31368 31399 0
173 15777 15793 0
174 15776 15793 0
175 15794 15813 0
176 15726 15745 0
177 15801 15821 0
178 15785 15806 0
179 2134 2137 0
180 4084 4090 0
181 15784 15809 0
182 15741 15766 0
183 15797 15823 0
184 15751 15777 0
185 15733 15762 0
186 7963 7978 0
187 7938 7953 0
188 4077 4085 0
189 15764 15797 0
190 15732 15765 0
191 15730 15764 0
192 15748 15783 0
193 7932 7952 0
194 15781 15823 0
195 4047 4058 0
196 4039 4050 0
197 2127 2133 0
198 2061 2067 0
199 7925 7949 0
200 4060 4074 0
201 7959 7989 0
202 4060 4077 0
203 2135 2144 0
204 4024 4041 0
205 7946 7980 0
206 7922 7957 0
207 7963 7999 0
208 4085 4104 0
209 2122 2132 0
210 2107 2117 0
211 7941 7980 0
212 2134 2145 0
213 7952 7999 0
214 2122 2135 0
215 2073 2086 0
216 4070 4096 0
217 2105 2120 0
218 4058 4093 0
219 2057 2076 0
220 4042 4091 0
221 2093 2119 0
222 4044 4095 0
223 2077 2110 0
224 2074 2114 0
225 2086 2127 0
226 2080 2121 0
227 2095 2137 0
228 2058 2100 0
229 2085 2128 0
230 2086 2139 0
231 40 54 0
232 21 29 0
233 67 95 0
234 9 13 0
235 33 56 0
236 55 97 0
237 49 91 0
238 51 97 0
239 30 58 0
240 34 71 0
241 21 65 0
242 7 54 0
243 500200 500149 0
244 250159 250129 0
245 500165 500139 0
246 250194 250174 0
247 500195 500129 0
248 250153 250101 0
249 500152 500101 0
250 250199 250164 0
251 500134 500117 0
252 250159 250134 0
253 250190 250164 0
254 250187 250167 0
255 250197 250177 0
256 250140 250126 0
257 250198 250166 0
258 250186 250151 0
259 250157 250135 0
260 500179 500111 0
261 500170 500118 0
262 500157 500144 0
263 500133 500107 0
264 250187 250166 0
265 125176 125194 0
266 125134 125151 0
267 7926 8007 0
268 125140 125153 0
269 125148 125151 0
270 125156 125185 0
271 125158 125178 0
272 125102 125125 0
273 125162 125184 0
274 125104 125125 0
275 125177 125184 0
276 125135 125184 0
277 125126 125143 0
278 250179 250186 0
279 125104 125144 0
280 250146 250141 0
281 4043 4098 0
282 250111 250166 0
283 250147 250198 0
284 125147 125151 0
285 125121 125126 0
286 250173 250194 0
287 250192 250189 0
288 4029 4084 0
289 250159 250171 0
290 125121 125186 0
291 250153 250186 0
292 250177 250194 0
293 125116 125151 0
294 250105 250178 0
295 250112 250198 0
296 125128 125126 0
297 7914 7998 0
298 250103 250113 0
299 250127 250161 0
300 250176 250170 0
301 250108 250156 0
302 4007 4063 0
303 250108 250163 0
304 125108 125147 0
305 125184 125197 0
306 250111 250123 0
307 250120 250131 0
308 125118 125184 0
309 125119 125146 0
310 250113 250185 0
311 125179 125177 0
312 250146 250188 0
313 125137 125194 0
314 250156 250184 0
315 4014 4089 0
316 62653 62689 0
317 250107 250188 0
318 62662 62699 0
319 250107 250190 0
320 62605 62623 0
321 500107 500136 0
322 500173 500186 0
323 500125 500158 0
324 15766 15822 0
325 62613 62653 0
326 500106 500115 0
327 15738 15805 0
328 62642 62685 0
329 500137 500164 0
330 2097 2152 0
331 500103 500141 0
332 15750 15806 0
333 15733 15786 0
334 62608 62693 0
335 62635 62692 0
336 500127 500155 0
337 62606 62643 0
338 2066 2129 0
339 15731 15815 0
340 500145 500149 0
341 15727 15797 0
342 500106 500178 0
343 500103 500115 0
344 500121 500139 0
345 62603 62682 0
346 15758 15815 0
347 62601 62632 0
348 62628 62679 0
349 62678 62693 0
350 500178 500180 0
351 500190 500187 0
352 31364 31436 0
353 62624 62700 0
354 2095 2152 0
355 31398 31437 0
356 500183 500187 0
357 62608 62635 0
358 31361 31444 0
359 62648 62677 0
360 31351 31384 0
361 36 94 0
362 500151 500198 0
363 15 83 0
364 31363 31445 0
365 31359 31403 0
366 62637 62655 0
367 62630 62692 0
368 500132 500193 0
369 500148 500146 0
370 62606 62678 0
371 7 63 0
372 62646 62699 0
373 500177 500190 0
374 500148 500199 0
375 2 74 0
376 500169 500183 0
377 500104 500167 0
378 500172 500163 0
379 500124 500129 0
380 500187 500178 0
381 62616 62691 0
382 31378 31446 0
383 24 96 0
384 500119 500156 0
385 12 97 0
386 500177 500169 0
387 500104 500164 0
388 500193 500198 0
389 3 79 0
390 31354 31400 0
391 500130 500154 0
392 31399 31444 0
393 500144 500199 0
394 4 76 0
395 500103 500161 0
396 6 80 0
397 31353 31442 0
398 31385 31449 0
399 31356 31399 0
--------------
1000000 :c
1003555 :sum(p)
1000000 :sum(w)
