400 :n
id p,w,x
--------------
0 2094 2056 1
1 2150 2065 1
2 93 7 1
3 35 9 1
4 53 5 1
5 39 14 1
6 86 45 1
7 81 7 1
8 76 17 1
9 95 11 1
10 2107 2072 1
11 32 7 1
12 61 7 1
13 98 49 1
14 38 17 1
15 75 61 1
16 46 13 1
17 74 23 1
18 2148 2073 1
19 98 35 1
20 2115 2060 1
21 4091 4035 1
22 58 33 1
23 98 18 1
24 4073 4018 1
25 2131 2094 1
26 2149 2095 1
27 2119 2056 1
28 8003 7921 1
29 7991 7916 1
30 2150 2082 1
31 8006 7931 1
32 2146 2093 1
33 2151 2115 1
34 2098 2063 1
35 4086 4036 1
36 4096 4030 1
37 2115 2054 1
38 4065 4024 1
39 4104 4039 1
40 4089 4018 1
41 4094 4041 1
42 8003 7935 1
43 4074 4036 1
44 7961 7922 1
45 8003 7951 1
46 8009 7961 1
47 7960 7927 1
48 7994 7959 1
49 8003 7935 1
50 15820 15755 1
51 15825 15755 1
52 15812 15728 1
53 15815 15756 1
54 15814 15734 1
55 15791 15729 1
56 4070 4038 1
57 7953 7924 1
58 4065 4037 1
59 8007 7954 1
60 7994 7958 1
61 8005 7941 1
62 8001 7972 1
63 8002 7963 1
64 7962 7917 1
65 5 2 1
66 37 32 1
67 80 72 1
68 71 64 1
69 75 71 1
70 2147 2129 1
71 2148 2130 1
72 2097 2083 1
73 2118 2105 1
74 2153 2140 1
75 2130 2118 1
76 4076 4054 1
77 4064 4044 1
78 4042 4023 1
79 4077 4058 1
80 4033 4016 1
81 2086 2078 1
82 2093 2085 1
83 7953 7929 1
84 7976 7952 1
85 4030 4018 1
86 15797 15751 1
87 2086 2080 1
88 31446 31358 1
89 15820 15776 1
90 15782 15740 1
91 31437 31354 1
92 31444 31363 1
93 31438 31359 1
94 2095 2090 1
95 15779 15743 1
96 8012 7994 1
97 15769 15734 1
98 31435 31372 1
99 2131 2127 1
100 31423 31366 1
101 31425 31368 1
102 15804 15779 1
103 7928 7916 1
104 4034 4028 1
105 15791 15768 1
106 31409 31365 1
107 2149 2146 1
108 15782 15760 1
109 7977 7966 1
110 7924 7914 0
111 7962 7952 1
112 15781 15762 1
113 31414 31375 1
114 4104 4099 1
115 84 48 1
116 62689 62607 1
117 62680 62609 1
118 7984 7975 1
119 62684 62619 0
120 15744 15728 0
121 15815 15815 0
122 15797 15782 1
123 62671 62613 0
124 2074 2072 1
125 31436 31421 0
126 15736 15764 0
127 62675 62614 0
128 4074 4072 0
129 31423 31394 0
130 7956 7949 1
131 62691 62637 0
132 31419 31393 0
133 31403 31378 0
134 31424 31400 0
135 125195 125100 0
136 62685 62641 0
137 31409 31387 0
138 62680 62638 0
139 8010 8005 1
140 62692 62653 0
141 62688 62650 0
142 62688 62651 0
143 62692 62662 0
144 31393 31379 0
145 15806 15799 0
146 4040 4039 0
147 31369 31363 0
148 31417 31413 0
149 15730 15730 0
150 15775 15776 0
151 15753 15754 0
152 15768 15776 0
153 15767 15775 0
154 7990 7995 0
155 7929 7934 0
156 4087 4090 0
157 8003 8010 0
158 2056 2059 1
159 4093 4099 0
160 4043 4052 0
161 4031 4040 0
162 4077 4088 0
163 2133 2140 0
164 2097 2105 0
165 4064 4081 0
166 2117 2129 0
167 2077 2096 0
168 2110 2132 0
169 47 48 1
170 55 59 0
171 42 48 0
172 69 88 0
173 4 14 0
174 250150 250101 0
175 250179 250134 0
176 125166 125106 0
177 125187 125159 0
178 62678 62659 0
179 62666 62656 0
180 125178 125159 0
181 125141 125106 0
182 125194 125142 0
183 250154 250109 0
184 250189 250128 0
185 125186 125127 0
186 250188 250140 0
187 62649 62631 0
188 500185 500123 0
189 62672 62647 0
190 250153 250115 0
191 125196 125116 0
192 62692 62673 0
193 250183 250127 0
194 125187 125128 0
195 62685 62674 0
196 250171 250115 0
197 125163 125143 0
198 125144 125117 0
199 250181 250148 0
200 250191 250160 0
201 62693 62664 0
202 250195 250157 0
203 500193 500134 0
204 125173 125135 0
205 250199 250110 0
206 62698 62669 0
207 125136 125117 0
208 125198 125147 0
209 250189 250153 0
210 125186 125141 0
211 15805 15819 0
212 15761 15808 0
213 31414 31440 0
214 15782 15797 0
215 15742 15816 0
216 62632 62628 0
217 15770 15795 0
218 62617 62681 0
219 15727 15766 0
220 62636 62698 0
221 62637 62651 0
222 62629 62647 0
223 15770 15803 0
224 62620 62647 0
225 15776 15811 0
226 62607 62654 0
227 62674 62681 0
228 15777 15823 0
229 62659 62676 0
230 15769 15788 0
231 15729 15776 0
232 15757 15785 0
233 31381 31436 0
234 62645 62657 0
235 62638 62686 0
236 62622 62687 0
237 62646 62669 0
238 31362 31410 0
239 62614 62621 0
240 62636 62691 0
241 62641 62658 0
242 62669 62699 0
243 7920 8003 0
244 7937 7998 0
245 62642 62685 0
246 7935 7983 0
247 62623 62625 0
248 62621 62626 0
249 125121 125181 0
250 125112 125149 0
251 15795 15807 0
252 125145 125157 0
253 125150 125195 0
254 125145 125138 0
255 125168 125182 0
256 125102 125150 0
257 125164 125170 0
258 125179 125171 0
259 7970 7993 0
260 125142 125163 0
261 7913 7993 0
262 125170 125163 0
263 125178 125179 0
264 125145 125195 0
265 125121 125113 0
266 7933 7993 0
267 15768 15806 0
268 125105 125161 0
269 7957 8007 0
270 7927 7991 0
271 15774 15807 0
272 7913 7994 0
273 125142 125182 0
274 125140 125142 0
275 125167 125186 0
276 125104 125159 0
277 125127 125144 0
278 7950 7990 0
279 31423 31435 0
280 4024 4095 0
281 125102 125168 0
282 31363 31397 0
283 125110 125158 0
284 125121 125162 0
285 125108 125185 0
286 4017 4061 0
287 125126 125192 0
288 4030 4094 0
289 31362 31410 0
290 250107 250104 0
291 4017 4106 0
292 250109 250157 0
293 4009 4042 0
294 4019 4080 0
295 4055 4093 0
296 31371 31402 0
297 250197 250173 0
298 4014 4053 0
299 250152 250125 0
300 250149 250186 0
301 250107 250105 0
302 250145 250177 0
303 4043 4078 0
304 250143 250138 0
305 31374 31391 0
306 250115 250104 0
307 4048 4089 0
308 250182 250191 0
309 250135 250158 0
310 250136 250123 0
311 250168 250199 0
312 4057 4106 0
313 31365 31431 0
314 250192 250193 0
315 250149 250172 0
316 4014 4074 0
317 250124 250118 0
318 4022 4072 0
319 250160 250147 0
320 250127 250136 0
321 2075 2109 0
322 250114 250197 0
323 250177 250167 0
324 250102 250122 0
325 250130 250149 0
326 250109 250171 0
327 2073 2134 0
328 2092 2136 0
329 31364 31391 0
330 250126 250138 0
331 250139 250141 0
332 250168 250179 0
333 2083 2149 0
334 250138 250126 0
335 500112 500152 0
336 500156 500174 0
337 31359 31372 0
338 500145 500152 0
339 500159 500114 0
340 500147 500169 0
341 500122 500133 0
342 500143 500182 0
343 31415 31430 0
344 500132 500116 0
345 500107 500140 0
346 500104 500177 0
347 2057 2101 0
348 500138 500107 0
349 31364 31439 0
350 2067 2152 0
351 31366 31443 0
352 500118 500103 0
353 2070 2110 0
354 2101 2134 0
355 500135 500187 0
356 500168 500149 0
357 31352 31414 0
358 500148 500167 0
359 13 62 0
360 500193 500142 0
361 500152 500142 0
362 500110 500134 0
363 31359 31363 0
364 500174 500188 0
365 500176 500135 0
366 500193 500195 0
367 28 75 0
368 23 72 0
369 500171 500140 0
370 500172 500191 0
371 31364 31417 0
372 44 93 0
373 500102 500171 0
374 500190 500154 0
375 71 97 0
376 31386 31391 0
377 500187 500181 0
378 31 82 0
379 500103 500125 0
380 15 74 0
381 500120 500150 0
382 6 36 0
383 12 63 0
384 500182 500163 0
385 500185 500176 0
386 500156 500193 0
387 14 84 0
388 500110 500129 0
389 31373 31441 0
390 500127 500110 0
391 3 72 0
392 500121 500196 0
393 500117 500143 0
394 500127 500168 0
395 500165 500153 0
396 500138 500173 0
397 31363 31365 0
398 31353 31442 0
399 31353 31406 0
--------------
1000000 :c
1004872 :sum(p)
1000000 :sum(w)
