400 :n
id p,w,x
--------------
0 2079 2066 1
1 15802 15750 1
2 4079 4048 1
3 2132 2082 1
4 4094 4007 1
5 92 30 1
6 4069 4007 1
7 97 46 1
8 79 3 1
9 7992 7964 1
10 95 68 1
11 8002 7954 1
12 4085 4056 1
13 4088 4062 1
14 7993 7924 1
15 4088 4025 1
16 4093 4066 1
17 8012 7947 1
18 100 10 1
19 4061 4031 1
20 8003 7965 1
21 87 76 1
22 92 66 1
23 79 57 1
24 4091 4061 1
25 7968 7924 1
26 96 77 1
27 100 20 1
28 2118 2104 1
29 51 30 1
30 8010 7982 1
31 7949 7920 1
32 7997 7949 1
33 100 45 1
34 7996 7966 1
35 7984 7915 1
36 7977 7927 1
37 7987 7950 1
38 15817 15748 1
39 83 2 1
40 4066 4012 1
41 2095 2073 1
42 2149 2080 1
43 2093 2076 1
44 2147 2106 1
45 2127 2109 1
46 2114 2056 1
47 15808 15756 1
48 15799 15734 1
49 2147 2059 1
50 2144 2097 1
51 2131 2075 1
52 2120 2057 1
53 2135 2076 1
54 15777 15728 1
55 15805 15730 1
56 2102 2083 1
57 15812 15745 1
58 31445 31364 1
59 7967 7949 1
60 15786 15742 1
61 31426 31360 1
62 15801 15763 1
63 31418 31366 1
64 15802 15768 1
65 15783 15745 1
66 15785 15757 1
67 15770 15736 1
68 15769 15726 1
69 15802 15775 1
70 79 73 1
71 39 37 1
72 2151 2141 1
73 2147 2139 1
74 4034 4022 1
75 4101 4089 1
76 4019 4011 1
77 4038 4030 1
78 4083 4075 1
79 4091 4083 1
80 7984 7971 1
81 31439 31389 1
82 31415 31366 1
83 31430 31383 1
84 4018 4012 0
85 62699 62609 1
86 31448 31406 1
87 15807 15786 1
88 7923 7913 1
89 4069 4064 1
90 31433 31397 1
91 31440 31411 1
92 31438 31410 1
93 2137 2110 1
94 62668 62601 1
95 62670 62618 0
96 62680 62628 0
97 31404 31380 1
98 62685 62680 0
99 8007 8012 0
100 5 64 0
101 31426 31400 1
102 7975 7969 0
103 7994 7988 1
104 62647 62603 0
105 31437 31415 0
106 125197 125118 0
107 7976 7971 0
108 125180 125103 0
109 125186 125111 0
110 15809 15801 0
111 7995 7991 0
112 62634 62604 0
113 31440 31425 0
114 62648 62620 0
115 62653 62628 0
116 125199 125150 0
117 125158 125111 0
118 62666 62644 0
119 15804 15800 0
120 7917 7915 0
121 4025 4024 0
122 4083 4082 1
123 7958 7957 0
124 79 79 0
125 4024 4025 0
126 2110 2114 0
127 31 36 0
128 20 26 0
129 125190 125147 0
130 62654 62642 0
131 62663 62692 0
132 125138 125171 0
133 62652 62651 0
134 125114 125106 0
135 62650 62641 0
136 62643 62649 0
137 125143 125142 0
138 62615 62654 0
139 62634 62668 0
140 125153 125172 0
141 62672 62651 0
142 125124 125108 0
143 62628 62660 0
144 125106 125109 0
145 62638 62636 0
146 62621 62622 0
147 125181 125180 0
148 62625 62664 0
149 62665 62683 0
150 62604 62628 0
151 62672 62661 0
152 62663 62670 0
153 62613 62610 0
154 62602 62616 0
155 125156 125146 0
156 125130 125136 0
157 62634 62616 0
158 62667 62696 0
159 31374 31369 0
160 125195 125159 0
161 125130 125149 0
162 125167 125190 0
163 125133 125102 0
164 31424 31425 0
165 125144 125194 0
166 125149 125141 0
167 31429 31428 0
168 125136 125187 0
169 125107 125174 0
170 125125 125123 0
171 125117 125103 0
172 125183 125151 0
173 31389 31400 0
174 125104 125151 0
175 125137 125123 0
176 125102 125160 0
177 31421 31425 0
178 31374 31370 0
179 125140 125153 0
180 31388 31382 0
181 125138 125192 0
182 125119 125194 0
183 31401 31396 0
184 125100 125184 0
185 250136 250123 0
186 250198 250132 0
187 31372 31386 0
188 250180 250109 0
189 250179 250104 0
190 31434 31448 0
191 250155 250132 0
192 250144 250188 0
193 250171 250138 0
194 31395 31406 0
195 250132 250163 0
196 250134 250102 0
197 250189 250170 0
198 250183 250191 0
199 250131 250154 0
200 250151 250141 0
201 250182 250166 0
202 250127 250165 0
203 250127 250150 0
204 250171 250142 0
205 250176 250114 0
206 250158 250110 0
207 250133 250179 0
208 250119 250176 0
209 15761 15762 0
210 15762 15765 0
211 250126 250137 0
212 15753 15761 0
213 15811 15808 0
214 250133 250129 0
215 15811 15811 0
216 250102 250153 0
217 250105 250144 0
218 250160 250139 0
219 62639 62661 0
220 250160 250154 0
221 250147 250114 0
222 250115 250153 0
223 250191 250142 0
224 250103 250171 0
225 250136 250119 0
226 250104 250195 0
227 15729 15742 0
228 250146 250129 0
229 250166 250161 0
230 250145 250129 0
231 250144 250126 0
232 15731 15737 0
233 250191 250155 0
234 250181 250193 0
235 250198 250123 0
236 500146 500128 0
237 500110 500107 0
238 500184 500108 0
239 500189 500171 0
240 500136 500190 0
241 500112 500152 0
242 500182 500141 0
243 500160 500101 0
244 500148 500154 0
245 500161 500117 0
246 500135 500153 0
247 500152 500164 0
248 500141 500147 0
249 500177 500199 0
250 7953 7959 0
251 500126 500122 0
252 500111 500150 0
253 500176 500184 0
254 500193 500153 0
255 500152 500132 0
256 500182 500107 0
257 500132 500165 0
258 500177 500186 0
259 500135 500162 0
260 500131 500106 0
261 62604 62630 0
262 500199 500158 0
263 62654 62643 0
264 500144 500193 0
265 125190 125155 0
266 500143 500106 0
267 7929 7934 0
268 500120 500103 0
269 125186 125199 0
270 7986 7990 0
271 500141 500128 0
272 500134 500134 0
273 500194 500169 0
274 500199 500103 0
275 62653 62700 0
276 125149 125126 0
277 500150 500116 0
278 500166 500157 0
279 500183 500144 0
280 500101 500178 0
281 500103 500173 0
282 500184 500166 0
283 500181 500140 0
284 500120 500138 0
285 125188 125188 0
286 125168 125133 0
287 125106 125132 0
288 125147 125107 0
289 62628 62662 0
290 4076 4089 0
291 7927 8003 0
292 7955 8007 0
293 7934 7951 0
294 4013 4042 0
295 7963 7973 0
296 4022 4037 0
297 7928 7970 0
298 4015 4043 0
299 4026 4043 0
300 4020 4054 0
301 7922 7981 0
302 4044 4102 0
303 7970 7993 0
304 4028 4067 0
305 4017 4027 0
306 7921 7961 0
307 7973 7997 0
308 4027 4053 0
309 7953 7994 0
310 7927 7981 0
311 7948 7988 0
312 4024 4053 0
313 4038 4056 0
314 7983 8010 0
315 4064 4097 0
316 4052 4063 0
317 7917 7966 0
318 15768 15825 0
319 2091 2122 0
320 2060 2137 0
321 15791 15821 0
322 15783 15815 0
323 15749 15778 0
324 2106 2131 0
325 2070 2142 0
326 4013 4094 0
327 15768 15789 0
328 15743 15789 0
329 15736 15767 0
330 2081 2093 0
331 2127 2135 0
332 2074 2086 0
333 15732 15767 0
334 15754 15809 0
335 2058 2109 0
336 2081 2106 0
337 15771 15785 0
338 2075 2108 0
339 2066 2081 0
340 2089 2136 0
341 2055 2141 0
342 15739 15761 0
343 15739 15791 0
344 2059 2070 0
345 15765 15804 0
346 2061 2125 0
347 2057 2098 0
348 2067 2105 0
349 15804 15819 0
350 2066 2112 0
351 2097 2108 0
352 15781 15795 0
353 31359 31424 0
354 31364 31397 0
355 2108 2125 0
356 2107 2141 0
357 31404 31445 0
358 31376 31441 0
359 29 42 0
360 21 32 0
361 21 48 0
362 31357 31403 0
363 4062 4081 0
364 12 96 0
365 24 51 0
366 42 71 0
367 31376 31406 0
368 31374 31405 0
369 31392 31445 0
370 23 73 0
371 31384 31433 0
372 31398 31449 0
373 31354 31387 0
374 31375 31439 0
375 23 54 0
376 16 99 0
377 31366 31417 0
378 31384 31429 0
379 31376 31405 0
380 10 23 0
381 43 62 0
382 62602 62690 0
383 67 77 0
384 62613 62696 0
385 58 80 0
386 11 41 0
387 4026 4074 0
388 16 32 0
389 62623 62690 0
390 1 25 0
391 18 43 0
392 27 40 0
393 62606 62682 0
394 48 60 0
395 1 99 0
396 11 29 0
397 62637 62700 0
398 4008 4094 0
399 4017 4077 0
--------------
1000000 :c
1003861 :sum(p)
999999 :sum(w)
