400 :n
id p,w,x
--------------
0 97 68 1
1 95 57 1
2 4069 4028 1
3 4081 4017 1
4 4090 4019 1
5 4098 4008 1
6 4100 4010 1
7 4105 4060 1
8 4099 4022 1
9 4075 4014 1
10 4096 4043 1
11 2110 2072 1
12 2131 2066 1
13 2119 2078 1
14 2136 2093 1
15 2142 2093 1
16 2148 2099 1
17 2122 2074 1
18 2125 2088 1
19 2146 2125 1
20 2141 2065 1
21 75 16 1
22 2097 2054 1
23 2110 2060 1
24 84 39 1
25 68 7 1
26 7985 7914 1
27 100 7 1
28 51 25 1
29 88 33 1
30 98 53 1
31 90 30 1
32 60 10 1
33 70 11 1
34 90 51 1
35 64 3 1
36 31 22 1
37 58 43 1
38 82 68 1
39 25 21 1
40 23 22 1
41 80 79 1
42 2138 2118 1
43 4087 4056 1
44 2088 2073 1
45 2145 2130 1
46 7972 7918 1
47 7998 7945 1
48 7972 7921 1
49 4070 4044 1
50 4061 4038 1
51 7986 7941 1
52 4091 4070 1
53 15817 15744 1
54 15803 15735 1
55 7959 7925 1
56 7966 7934 1
57 8004 7974 1
58 2148 2140 1
59 7995 7967 1
60 4105 4091 1
61 2138 2131 1
62 15780 15730 1
63 7989 7964 1
64 7964 7940 1
65 15778 15733 1
66 2112 2106 1
67 2143 2137 1
68 15816 15772 1
69 15793 15751 1
70 4086 4076 1
71 7987 7968 1
72 15817 15780 1
73 31432 31363 1
74 15784 15752 1
75 15791 15759 1
76 31412 31353 1
77 4084 4077 1
78 31395 31352 1
79 62685 62602 1
80 62698 62618 1
81 4041 4036 1
82 4074 4069 1
83 31411 31373 1
84 7964 7955 1
85 62685 62617 1
86 7965 7957 1
87 31403 31375 1
88 31400 31376 1
89 4010 4007 1
90 22 8 1
91 31399 31376 0
92 31407 31384 1
93 7937 7913 1
94 62683 62620 1
95 62671 62627 0
96 62673 62629 0
97 31416 31394 1
98 62695 62695 0
99 29 36 0
100 31445 31425 1
101 31417 31395 1
102 62647 62604 0
103 31447 31449 0
104 31417 31398 1
105 125185 125110 0
106 2131 2146 0
107 15768 15759 1
108 62653 62620 0
109 2118 2117 1
110 125179 125120 0
111 125160 125103 0
112 62634 62606 0
113 62644 62616 0
114 62687 62659 0
115 125190 125135 0
116 62680 62653 0
117 125169 125116 0
118 62685 62659 0
119 7948 7945 0
120 125199 125155 0
121 62647 62626 0
122 15772 15767 0
123 31375 31366 0
124 31427 31418 0
125 31416 31408 0
126 31433 31425 0
127 62611 62601 0
128 31414 31409 0
129 15729 15727 0
130 2125 2125 1
131 7934 7935 0
132 31366 31370 0
133 15795 15800 0
134 15741 15748 0
135 2118 2119 1
136 15751 15759 0
137 15732 15740 0
138 4079 4082 1
139 4031 4034 0
140 7943 7949 0
141 15798 15813 0
142 2097 2099 0
143 4082 4086 0
144 4066 4070 0
145 4049 4053 0
146 7948 7958 0
147 4040 4047 0
148 7913 7928 0
149 7918 7936 0
150 7937 7956 0
151 7935 7954 0
152 4082 4099 0
153 4050 4067 0
154 2071 2083 0
155 2088 2104 0
156 2085 2101 0
157 51 54 0
158 52 59 0
159 77 90 0
160 83 98 0
161 67 80 0
162 46 59 0
163 49 63 0
164 32 45 0
165 29 44 0
166 27 41 0
167 23 38 0
168 250129 250134 0
169 500185 500155 0
170 500162 500161 0
171 500121 500170 0
172 62652 62661 0
173 500117 500125 0
174 31421 31428 0
175 125127 125181 0
176 125149 125184 0
177 125113 125144 0
178 500175 500194 0
179 125135 125124 0
180 125153 125195 0
181 500199 500129 0
182 31425 31434 0
183 500139 500158 0
184 31370 31382 0
185 500139 500152 0
186 31426 31441 0
187 125135 125196 0
188 125197 125188 0
189 125125 125127 0
190 125102 125159 0
191 125107 125100 0
192 500132 500161 0
193 125189 125176 0
194 125118 125155 0
195 31373 31387 0
196 125141 125149 0
197 125181 125184 0
198 31414 31428 0
199 500152 500139 0
200 500158 500181 0
201 500110 500191 0
202 125155 125156 0
203 500121 500114 0
204 125170 125184 0
205 125171 125169 0
206 125132 125177 0
207 125108 125153 0
208 500175 500103 0
209 500170 500173 0
210 250118 250161 0
211 500160 500186 0
212 500185 500135 0
213 62629 62658 0
214 500106 500139 0
215 500126 500101 0
216 500177 500149 0
217 125149 125163 0
218 250159 250149 0
219 125106 125117 0
220 125110 125107 0
221 500177 500153 0
222 125190 125192 0
223 500175 500105 0
224 500193 500115 0
225 250147 250143 0
226 250146 250196 0
227 500200 500198 0
228 62658 62683 0
229 250145 250168 0
230 500119 500182 0
231 250186 250168 0
232 250160 250136 0
233 250154 250148 0
234 250185 250146 0
235 250136 250157 0
236 250178 250142 0
237 250141 250105 0
238 500101 500103 0
239 500172 500154 0
240 250112 250154 0
241 500122 500186 0
242 250118 250156 0
243 250113 250191 0
244 500120 500124 0
245 250117 250166 0
246 250140 250180 0
247 250193 250169 0
248 250140 250161 0
249 500107 500165 0
250 250152 250150 0
251 250115 250196 0
252 250119 250101 0
253 250140 250198 0
254 250105 250110 0
255 250101 250128 0
256 250115 250153 0
257 250198 250160 0
258 250101 250118 0
259 500138 500132 0
260 250152 250131 0
261 500157 500161 0
262 500146 500163 0
263 500121 500158 0
264 62655 62673 0
265 250177 250110 0
266 250183 250138 0
267 125199 125163 0
268 250186 250138 0
269 125150 125123 0
270 250194 250152 0
271 125166 125133 0
272 125181 125151 0
273 125142 125118 0
274 125164 125137 0
275 250193 250110 0
276 250179 250131 0
277 250167 250118 0
278 250176 250110 0
279 250199 250109 0
280 125146 125123 0
281 250156 250112 0
282 125147 125124 0
283 500198 500110 0
284 62654 62666 0
285 62635 62648 0
286 500101 500132 0
287 62612 62608 0
288 500144 500172 0
289 500195 500199 0
290 62619 62628 0
291 62659 62665 0
292 62661 62676 0
293 500138 500157 0
294 62637 62640 0
295 62640 62634 0
296 500131 500184 0
297 4027 4086 0
298 15768 15800 0
299 15728 15760 0
300 4015 4077 0
301 4027 4082 0
302 4068 4098 0
303 15726 15771 0
304 15742 15789 0
305 4026 4055 0
306 15767 15787 0
307 15745 15809 0
308 15738 15777 0
309 4017 4064 0
310 4025 4105 0
311 15755 15817 0
312 4014 4067 0
313 15771 15803 0
314 4032 4062 0
315 15773 15790 0
316 15733 15761 0
317 4076 4105 0
318 15728 15756 0
319 2085 2142 0
320 2081 2130 0
321 2065 2133 0
322 15766 15798 0
323 2069 2128 0
324 4053 4094 0
325 15767 15815 0
326 2095 2140 0
327 2067 2113 0
328 15739 15815 0
329 15734 15775 0
330 2059 2136 0
331 15744 15812 0
332 4007 4070 0
333 15751 15808 0
334 7952 8012 0
335 2095 2123 0
336 4011 4055 0
337 2083 2133 0
338 15749 15781 0
339 15733 15817 0
340 15754 15778 0
341 15771 15792 0
342 15776 15798 0
343 7935 7971 0
344 7947 7998 0
345 31366 31400 0
346 31371 31438 0
347 31361 31415 0
348 31400 31424 0
349 2070 2139 0
350 31403 31433 0
351 31361 31432 0
352 2062 2101 0
353 31379 31418 0
354 31428 31449 0
355 2060 2116 0
356 7959 7987 0
357 31363 31407 0
358 2081 2127 0
359 31388 31407 0
360 7931 7971 0
361 31406 31437 0
362 31370 31438 0
363 7952 7980 0
364 31405 31430 0
365 31397 31419 0
366 7931 7979 0
367 7943 7969 0
368 7920 8009 0
369 31390 31437 0
370 62609 62676 0
371 62620 62662 0
372 7934 7980 0
373 62611 62667 0
374 48 92 0
375 62612 62656 0
376 62606 62660 0
377 62627 62682 0
378 62624 62698 0
379 7941 7995 0
380 7 52 0
381 47 83 0
382 62646 62679 0
383 42 97 0
384 32 78 0
385 7931 7999 0
386 62625 62700 0
387 7916 7960 0
388 62651 62686 0
389 62601 62648 0
390 20 76 0
391 62653 62698 0
392 125124 125190 0
393 19 84 0
394 125128 125193 0
395 7989 8011 0
396 125119 125194 0
397 7919 7970 0
398 7948 7973 0
399 7930 7995 0
--------------
1000000 :c
1003748 :sum(p)
999999 :sum(w)
