400 :n
id p,w,x
--------------
0 4089 4028 1
1 4098 4061 1
2 4105 4043 1
3 15795 15731 1
4 15786 15729 1
5 72 4 1
6 15825 15731 1
7 15785 15728 1
8 4085 4038 1
9 4066 4031 1
10 2111 2070 1
11 98 13 1
12 4100 4063 1
13 15783 15738 1
14 4093 4014 1
15 15810 15742 1
16 4067 4031 1
17 72 7 1
18 71 7 1
19 15803 15736 1
20 31446 31380 1
21 4084 4046 1
22 4047 4016 1
23 15783 15736 1
24 95 28 1
25 95 13 1
26 57 6 1
27 31422 31359 1
28 4072 4029 1
29 31435 31373 1
30 4100 4020 1
31 2128 2073 1
32 4096 4009 1
33 15821 15745 1
34 2131 2091 1
35 4060 4022 1
36 8005 7931 1
37 96 30 1
38 57 23 1
39 4050 4007 1
40 7979 7921 1
41 8005 7915 1
42 8006 7970 1
43 7995 7940 1
44 2148 2113 1
45 2103 2059 1
46 2112 2061 1
47 7982 7917 1
48 7989 7924 1
49 7986 7936 1
50 2142 2108 1
51 8005 7921 1
52 2092 2060 1
53 5 1 1
54 52 26 1
55 35 18 1
56 32 18 1
57 87 63 1
58 44 35 1
59 36 29 1
60 52 43 1
61 64 53 1
62 73 69 1
63 97 92 1
64 2118 2090 1
65 2093 2073 1
66 2084 2067 1
67 2094 2080 1
68 2097 2083 1
69 2134 2120 1
70 4045 4020 1
71 2112 2100 1
72 7955 7921 1
73 7984 7954 1
74 4087 4072 1
75 2119 2112 1
76 4036 4023 1
77 8005 7980 1
78 2098 2092 1
79 4047 4036 1
80 15807 15765 1
81 4096 4086 1
82 15817 15779 1
83 7955 7936 1
84 7987 7971 1
85 2060 2056 0
86 15821 15793 1
87 31413 31364 1
88 31439 31391 1
89 15767 15743 1
90 15813 15789 1
91 31438 31391 1
92 15791 15768 1
93 7936 7925 1
94 7992 7981 1
95 62691 62609 1
96 15783 15763 1
97 62680 62603 1
98 62698 62628 1
99 15818 15735 1
100 31395 31360 1
101 15757 15731 1
102 62695 62631 0
103 15810 15794 1
104 8003 7995 1
105 62700 62644 0
106 72 86 0
107 62 93 0
108 15761 15746 0
109 31430 31401 1
110 62670 62614 0
111 31420 31393 0
112 31390 31364 0
113 62675 62624 0
114 15788 15776 0
115 62688 62644 0
116 31402 31380 0
117 62645 62604 0
118 7958 7953 1
119 31414 31395 0
120 31374 31357 0
121 62680 62647 0
122 62680 62648 0
123 31373 31358 0
124 31422 31408 0
125 31394 31381 0
126 31366 31356 0
127 15819 15814 0
128 7949 7947 0
129 4021 4020 0
130 15747 15744 0
131 2145 2145 1
132 4036 4036 0
133 7989 7991 0
134 7973 7975 0
135 7960 7962 0
136 7955 7957 0
137 7996 7999 0
138 7929 7932 0
139 4062 4067 0
140 4055 4061 0
141 4032 4039 0
142 2130 2134 0
143 2112 2117 0
144 2136 2146 0
145 66 78 0
146 22 26 0
147 60 71 0
148 45 57 0
149 125194 125184 0
150 62699 62678 0
151 250125 250124 0
152 250135 250102 0
153 125161 125138 0
154 500176 500141 0
155 125177 125154 0
156 250121 250105 0
157 62694 62668 0
158 62679 62651 0
159 31428 31425 0
160 250181 250169 0
161 500144 500112 0
162 500121 500110 0
163 250167 250148 0
164 250194 250167 0
165 62687 62672 0
166 500155 500142 0
167 250198 250126 0
168 500172 500109 0
169 125120 125106 0
170 500191 500141 0
171 500120 500105 0
172 250200 250155 0
173 250142 250101 0
174 500140 500136 0
175 31360 31355 0
176 250195 250149 0
177 125163 125136 0
178 500191 500158 0
179 125113 125104 0
180 62689 62671 0
181 500198 500104 0
182 250147 250139 0
183 500155 500146 0
184 125180 125169 0
185 125133 125101 0
186 125170 125140 0
187 31442 31437 0
188 250198 250105 0
189 500170 500139 0
190 250186 250105 0
191 31445 31444 0
192 125167 125152 0
193 31418 31413 0
194 500161 500139 0
195 250178 250165 0
196 125191 125164 0
197 500185 500114 0
198 500121 500112 0
199 250190 250102 0
200 250163 250107 0
201 250164 250135 0
202 250139 250136 0
203 125171 125109 0
204 125189 125120 0
205 125199 125137 0
206 250189 250187 0
207 125194 125139 0
208 62662 62644 0
209 250198 250143 0
210 500188 500104 0
211 62648 62646 0
212 250177 250163 0
213 500153 500104 0
214 250194 250119 0
215 125169 125151 0
216 250116 250111 0
217 500198 500111 0
218 500193 500114 0
219 31365 31442 0
220 15736 15757 0
221 15738 15806 0
222 31425 31441 0
223 15737 15754 0
224 31361 31407 0
225 15790 15815 0
226 31382 31422 0
227 15794 15817 0
228 31400 31408 0
229 31365 31440 0
230 15760 15793 0
231 31379 31397 0
232 15753 15789 0
233 31379 31388 0
234 31364 31386 0
235 31399 31441 0
236 62656 62671 0
237 62603 62698 0
238 62647 62668 0
239 62612 62687 0
240 62605 62696 0
241 62647 62687 0
242 62661 62696 0
243 62630 62682 0
244 62637 62691 0
245 7948 7955 0
246 15787 15823 0
247 7946 7975 0
248 62629 62690 0
249 7913 7979 0
250 62609 62698 0
251 31381 31437 0
252 31424 31431 0
253 7941 7953 0
254 62647 62648 0
255 7929 7966 0
256 31394 31446 0
257 62613 62619 0
258 62648 62690 0
259 7914 8011 0
260 62604 62674 0
261 7935 7979 0
262 31365 31415 0
263 62609 62612 0
264 7938 8006 0
265 62635 62679 0
266 7926 8012 0
267 7925 7937 0
268 7937 7996 0
269 62608 62679 0
270 7995 8004 0
271 7930 8010 0
272 62651 62655 0
273 7943 7969 0
274 62609 62613 0
275 62626 62678 0
276 31408 31411 0
277 7924 7974 0
278 62628 62670 0
279 4037 4081 0
280 31361 31417 0
281 4007 4066 0
282 125131 125162 0
283 125102 125143 0
284 4013 4088 0
285 125113 125196 0
286 125140 125159 0
287 4043 4105 0
288 125124 125171 0
289 4019 4078 0
290 125103 125122 0
291 125127 125152 0
292 4031 4100 0
293 125108 125156 0
294 125148 125165 0
295 125110 125188 0
296 125111 125156 0
297 4015 4061 0
298 125118 125145 0
299 4037 4091 0
300 4039 4071 0
301 4066 4081 0
302 125110 125159 0
303 4009 4106 0
304 125113 125130 0
305 4017 4050 0
306 4020 4083 0
307 125122 125141 0
308 125109 125119 0
309 15753 15775 0
310 125110 125129 0
311 4031 4053 0
312 125151 125182 0
313 125122 125124 0
314 15731 15825 0
315 125138 125186 0
316 125111 125139 0
317 4013 4024 0
318 125133 125159 0
319 125109 125132 0
320 2082 2096 0
321 2085 2109 0
322 2080 2151 0
323 2055 2139 0
324 2112 2143 0
325 125129 125136 0
326 250110 250162 0
327 250121 250122 0
328 2130 2146 0
329 250112 250167 0
330 2074 2099 0
331 250154 250196 0
332 250120 250134 0
333 250107 250148 0
334 250170 250178 0
335 250128 250191 0
336 250103 250174 0
337 2106 2129 0
338 250159 250188 0
339 31405 31410 0
340 2118 2152 0
341 31396 31443 0
342 500140 500140 0
343 2114 2143 0
344 250107 250154 0
345 250179 250179 0
346 250107 250134 0
347 2075 2090 0
348 2079 2128 0
349 250165 250165 0
350 2097 2122 0
351 250153 250186 0
352 2116 2130 0
353 2060 2100 0
354 2132 2147 0
355 250145 250178 0
356 2079 2111 0
357 250114 250142 0
358 2131 2150 0
359 500106 500109 0
360 22 90 0
361 48 66 0
362 500151 500186 0
363 39 92 0
364 500118 500165 0
365 500124 500178 0
366 15738 15790 0
367 15733 15793 0
368 51 74 0
369 18 35 0
370 500142 500161 0
371 500105 500106 0
372 7 64 0
373 500132 500179 0
374 500134 500139 0
375 500131 500187 0
376 7 41 0
377 500152 500178 0
378 500185 500198 0
379 3 20 0
380 500165 500175 0
381 2 96 0
382 45 68 0
383 500182 500182 0
384 33 57 0
385 23 71 0
386 15771 15788 0
387 500108 500120 0
388 500143 500155 0
389 500104 500141 0
390 15755 15757 0
391 39 66 0
392 29 72 0
393 500131 500178 0
394 15763 15772 0
395 500127 500136 0
396 500120 500141 0
397 500117 500123 0
398 15750 15781 0
399 15802 15824 0
--------------
1000000 :c
1004263 :sum(p)
999996 :sum(w)
