400 :n
id p,w,x
--------------
0 85 17 1
1 95 12 1
2 2146 2063 1
3 2134 2073 1
4 8006 7950 1
5 15801 15728 1
6 2143 2075 1
7 99 50 1
8 2153 2063 1
9 15817 15728 1
10 2116 2066 1
11 50 4 1
12 90 8 1
13 7995 7920 1
14 2144 2097 1
15 89 38 1
16 4104 4033 1
17 15817 15747 1
18 2145 2077 1
19 2135 2086 1
20 2152 2055 1
21 15822 15757 1
22 45 7 1
23 14 3 1
24 37 8 1
25 27 12 1
26 22 12 1
27 57 35 1
28 89 60 1
29 82 57 1
30 96 67 1
31 74 54 1
32 65 50 1
33 87 70 1
34 93 81 1
35 2100 2060 1
36 2116 2079 1
37 2119 2084 1
38 2103 2078 1
39 2137 2114 1
40 2108 2086 1
41 4068 4029 1
42 4086 4047 1
43 2147 2128 1
44 4082 4050 1
45 4054 4023 1
46 4085 4055 1
47 4078 4051 1
48 7974 7924 1
49 7998 7952 1
50 4035 4012 1
51 2120 2108 1
52 4063 4041 1
53 4032 4011 1
54 8004 7964 1
55 4097 4077 1
56 2104 2095 1
57 4075 4059 1
58 15790 15729 1
59 2109 2101 1
60 7962 7936 1
61 2087 2073 1
62 15809 15766 1
63 8004 7983 1
64 15804 15763 1
65 4054 4044 1
66 4037 4028 1
67 4077 4068 1
68 31436 31367 1
69 7968 7951 1
70 7931 7915 1
71 31447 31384 1
72 7998 7982 1
73 31424 31364 1
74 7942 7928 1
75 7960 7946 1
76 31417 31362 1
77 15780 15753 1
78 7928 7915 1
79 62699 62620 1
80 31437 31387 1
81 8001 7989 1
82 31437 31396 1
83 62700 62610 1
84 15821 15799 1
85 31412 31370 1
86 31447 31405 1
87 31435 31394 1
88 4059 4053 1
89 7939 7930 1
90 15750 15733 1
91 8001 7993 1
92 31387 31358 1
93 15803 15760 1
94 62688 62623 1
95 62693 62639 1
96 62671 62618 0
97 62652 62603 0
98 62697 62652 0
99 8007 8011 0
100 62667 62658 0
101 15795 15783 0
102 4058 4055 1
103 15820 15809 0
104 7967 7964 1
105 62639 62602 0
106 62648 62611 0
107 125199 125127 0
108 125193 125123 0
109 125199 125132 0
110 62672 62639 0
111 62694 62661 0
112 125180 125117 0
113 125169 125113 0
114 15772 15765 0
115 31434 31422 0
116 31438 31426 0
117 62646 62607 0
118 125176 125129 0
119 125173 125127 0
120 125185 125140 0
121 125186 125142 0
122 31431 31420 0
123 62650 62630 0
124 62679 62662 0
125 31379 31371 0
126 15801 15797 0
127 15802 15798 0
128 31398 31391 0
129 31368 31362 0
130 62632 62622 0
131 62617 62608 0
132 69 83 0
133 125196 125114 0
134 62674 62666 0
135 7974 7973 1
136 62614 62608 0
137 31449 31446 0
138 31384 31382 0
139 15738 15737 0
140 2058 2058 1
141 31394 31394 0
142 4076 4076 0
143 15812 15812 0
144 31386 31387 0
145 31382 31383 0
146 15820 15822 0
147 15781 15783 0
148 4021 4022 0
149 31378 31387 0
150 15741 15746 0
151 15794 15800 0
152 31381 31393 0
153 2083 2084 1
154 4100 4102 1
155 4088 4090 0
156 15767 15776 0
157 7978 7983 0
158 4037 4040 0
159 7997 8003 0
160 7926 7932 0
161 15811 15823 0
162 4051 4055 0
163 7996 8004 0
164 4030 4035 0
165 15804 15825 0
166 15792 15813 0
167 15788 15811 0
168 15768 15791 0
169 4094 4103 0
170 4086 4095 0
171 4074 4086 0
172 2057 2066 0
173 2060 2072 0
174 2129 2143 0
175 2098 2116 0
176 2111 2132 0
177 2084 2106 0
178 55 57 1
179 87 91 0
180 65 71 0
181 60 69 0
182 69 88 0
183 70 91 0
184 20 31 0
185 4 7 0
186 8 26 0
187 2 21 0
188 125147 125141 0
189 250121 250120 0
190 250134 250124 0
191 250129 250163 0
192 250162 250187 0
193 250194 250188 0
194 250112 250124 0
195 250170 250182 0
196 250160 250174 0
197 125113 125115 0
198 250171 250150 0
199 250123 250142 0
200 250168 250163 0
201 250129 250109 0
202 250149 250131 0
203 250104 250160 0
204 250141 250156 0
205 250190 250195 0
206 250191 250199 0
207 250125 250114 0
208 500103 500152 0
209 500133 500154 0
210 500113 500157 0
211 500160 500185 0
212 500148 500153 0
213 500130 500188 0
214 500125 500177 0
215 125119 125115 0
216 500176 500151 0
217 500148 500200 0
218 500131 500144 0
219 500111 500182 0
220 125103 125134 0
221 500173 500180 0
222 500158 500127 0
223 500179 500142 0
224 500127 500159 0
225 500131 500130 0
226 500166 500178 0
227 500130 500140 0
228 500150 500178 0
229 125109 125103 0
230 500184 500162 0
231 500153 500108 0
232 500165 500184 0
233 500119 500152 0
234 500145 500165 0
235 500171 500133 0
236 62662 62667 0
237 500160 500147 0
238 500161 500148 0
239 500190 500163 0
240 500147 500195 0
241 500118 500107 0
242 500169 500192 0
243 500183 500162 0
244 62682 62685 0
245 62678 62686 0
246 62647 62653 0
247 500174 500112 0
248 500170 500113 0
249 250150 250107 0
250 125143 125130 0
251 250171 250143 0
252 500184 500121 0
253 500165 500102 0
254 250167 250119 0
255 125144 125124 0
256 500181 500129 0
257 500175 500105 0
258 250198 250118 0
259 125156 125128 0
260 250185 250145 0
261 500175 500114 0
262 125164 125137 0
263 250180 250156 0
264 500193 500111 0
265 250155 250119 0
266 125146 125106 0
267 125160 125132 0
268 31375 31410 0
269 62612 62628 0
270 31391 31433 0
271 62630 62674 0
272 62607 62652 0
273 31408 31447 0
274 62621 62693 0
275 62668 62694 0
276 62662 62695 0
277 62623 62648 0
278 62656 62698 0
279 62632 62667 0
280 62632 62697 0
281 62627 62650 0
282 62613 62700 0
283 31391 31421 0
284 62619 62671 0
285 62627 62672 0
286 62607 62679 0
287 62611 62651 0
288 125123 125166 0
289 125137 125194 0
290 125131 125169 0
291 125116 125156 0
292 31396 31431 0
293 125110 125144 0
294 125125 125191 0
295 125101 125188 0
296 31366 31388 0
297 125143 125186 0
298 125131 125169 0
299 31374 31390 0
300 125107 125190 0
301 250125 250194 0
302 250108 250177 0
303 250120 250195 0
304 31389 31416 0
305 250115 250185 0
306 250111 250178 0
307 62618 62668 0
308 31395 31415 0
309 31382 31428 0
310 125181 125158 0
311 125161 125142 0
312 250189 250163 0
313 125130 125136 0
314 125111 125107 0
315 125159 125181 0
316 125123 125119 0
317 125133 125150 0
318 125175 125170 0
319 250154 250192 0
320 250121 250114 0
321 250119 250155 0
322 250162 250188 0
323 250134 250132 0
324 250126 250163 0
325 250156 250188 0
326 250120 250158 0
327 125107 125124 0
328 250187 250174 0
329 7916 7991 0
330 2069 2139 0
331 7916 7972 0
332 2065 2103 0
333 7939 8005 0
334 4054 4094 0
335 2056 2141 0
336 7949 8003 0
337 2062 2130 0
338 7955 7984 0
339 7930 8008 0
340 7931 8010 0
341 7923 7986 0
342 7951 7988 0
343 2114 2140 0
344 7915 7963 0
345 2061 2127 0
346 7933 7966 0
347 2071 2112 0
348 7939 7982 0
349 2069 2096 0
350 7962 7994 0
351 4027 4051 0
352 2066 2153 0
353 7938 7961 0
354 2066 2124 0
355 7922 7959 0
356 7923 7970 0
357 7960 8009 0
358 2091 2120 0
359 15751 15817 0
360 2089 2148 0
361 41 92 0
362 15743 15790 0
363 4036 4061 0
364 15738 15824 0
365 4038 4103 0
366 15733 15810 0
367 15740 15768 0
368 15730 15779 0
369 16 60 0
370 4046 4102 0
371 15737 15811 0
372 15744 15786 0
373 15729 15773 0
374 11 54 0
375 4033 4088 0
376 42 66 0
377 15764 15820 0
378 27 73 0
379 15749 15784 0
380 15769 15793 0
381 31389 31449 0
382 4015 4074 0
383 31354 31407 0
384 15 76 0
385 31379 31429 0
386 50 92 0
387 31355 31423 0
388 31351 31437 0
389 4031 4075 0
390 4049 4087 0
391 4027 4061 0
392 12 80 0
393 20 59 0
394 31370 31446 0
395 31356 31412 0
396 4034 4087 0
397 63 91 0
398 4017 4092 0
399 4032 4067 0
--------------
1000000 :c
1003679 :sum(p)
1000000 :sum(w)
