400 :n
id p,w,x
--------------
0 59 16 1
1 90 27 1
2 7983 7921 1
3 8008 7939 1
4 8003 7919 1
5 7980 7924 1
6 8002 7927 1
7 58 14 1
8 4085 4030 1
9 4091 4052 1
10 98 1 1
11 67 25 1
12 4090 4046 1
13 4072 4030 1
14 4103 4030 1
15 4094 4048 1
16 4087 4025 1
17 4072 4007 1
18 96 61 1
19 52 6 1
20 72 34 1
21 80 25 1
22 2136 2083 1
23 85 17 1
24 2138 2065 1
25 2130 2068 1
26 2149 2097 1
27 2145 2083 1
28 2114 2060 1
29 49 23 1
30 29 14 1
31 47 30 1
32 23 16 1
33 48 34 1
34 84 65 1
35 28 22 1
36 25 20 1
37 39 32 1
38 80 66 1
39 98 83 1
40 74 65 1
41 20 19 1
42 2134 2105 1
43 2151 2125 1
44 2088 2064 1
45 2103 2082 1
46 4094 4062 1
47 4038 4008 1
48 4069 4040 1
49 2079 2065 1
50 4033 4008 1
51 4063 4041 1
52 7995 7957 1
53 15812 15738 1
54 4048 4030 1
55 4053 4035 1
56 15802 15732 1
57 15796 15729 1
58 7977 7946 1
59 7993 7962 1
60 2071 2063 1
61 15816 15755 1
62 7946 7916 1
63 15802 15743 1
64 15794 15736 1
65 7944 7915 1
66 15815 15758 1
67 15793 15737 1
68 15809 15757 1
69 2098 2092 1
70 31439 31357 1
71 15790 15751 1
72 4060 4050 0
73 31449 31373 1
74 2115 2110 0
75 15767 15731 1
76 15786 15750 1
77 15813 15777 1
78 4016 4007 0
79 15814 15779 1
80 4093 4084 0
81 15815 15781 1
82 7938 7923 1
83 7959 7945 1
84 31445 31391 1
85 15791 15764 1
86 8004 7992 0
87 31439 31394 1
88 31444 31399 1
89 2097 2094 0
90 7925 7914 1
91 31417 31376 1
92 62687 62607 1
93 62694 62603 1
94 4105 4100 0
95 31416 31379 1
96 31412 31377 1
97 15744 15727 1
98 31391 31360 1
99 7986 7931 1
100 31382 31352 1
101 62675 62616 1
102 31436 31407 0
103 62644 62614 0
104 62699 62664 0
105 2118 2123 0
106 56 84 0
107 31398 31371 1
108 62699 62647 0
109 62692 62642 0
110 31395 31370 0
111 15792 15780 0
112 15824 15823 0
113 31392 31371 0
114 31409 31388 0
115 125197 125116 0
116 62643 62603 0
117 125196 125120 0
118 125189 125114 0
119 125194 125121 0
120 31402 31385 0
121 125180 125115 0
122 7942 7938 0
123 125196 125133 0
124 62664 62633 0
125 125164 125105 0
126 62684 62655 0
127 125163 125106 0
128 125163 125109 0
129 62657 62632 0
130 62641 62617 0
131 62680 62656 0
132 125167 125123 0
133 31398 31387 0
134 15808 15803 0
135 62634 62616 0
136 31414 31406 0
137 7946 7944 0
138 31365 31359 0
139 31375 31370 0
140 31396 31392 0
141 31393 31391 0
142 7937 7937 0
143 15791 15791 0
144 39 39 0
145 15752 15752 0
146 31397 31397 0
147 15732 15734 0
148 4046 4047 0
149 15814 15819 0
150 15753 15759 0
151 15779 15786 0
152 2073 2074 0
153 7948 7954 0
154 7993 8000 0
155 7975 7983 0
156 7962 7972 0
157 4100 4106 0
158 7959 7973 0
159 7925 7940 0
160 2087 2091 0
161 7967 7984 0
162 7955 7974 0
163 7914 7933 0
164 4033 4043 0
165 7964 7984 0
166 7938 7959 0
167 7920 7941 0
168 4063 4075 0
169 4046 4059 0
170 2070 2077 0
171 2064 2071 0
172 4075 4094 0
173 2095 2105 0
174 4007 4027 0
175 2075 2086 0
176 4032 4054 0
177 4007 4030 0
178 2109 2125 0
179 2109 2125 0
180 2102 2123 0
181 2083 2104 0
182 92 93 0
183 2075 2099 0
184 2072 2097 0
185 45 46 0
186 87 91 0
187 20 23 0
188 44 70 0
189 9 33 0
190 500145 500119 0
191 125188 125187 0
192 500109 500165 0
193 500118 500126 0
194 125161 125166 0
195 500136 500178 0
196 500143 500144 0
197 125196 125198 0
198 500163 500139 0
199 500129 500114 0
200 500126 500111 0
201 500172 500140 0
202 500189 500141 0
203 500194 500173 0
204 125156 125150 0
205 500151 500138 0
206 125138 125144 0
207 500168 500138 0
208 125134 125124 0
209 62603 62605 0
210 125128 125130 0
211 125135 125132 0
212 125169 125184 0
213 250125 250134 0
214 250133 250133 0
215 250194 250195 0
216 250186 250191 0
217 62658 62655 0
218 250159 250155 0
219 250167 250177 0
220 250186 250184 0
221 250112 250113 0
222 250169 250184 0
223 250128 250121 0
224 500180 500176 0
225 250199 250181 0
226 250146 250177 0
227 250153 250145 0
228 250184 250163 0
229 250186 250173 0
230 500135 500171 0
231 250122 250118 0
232 250113 250129 0
233 250158 250156 0
234 500164 500192 0
235 250126 250153 0
236 250163 250162 0
237 500121 500160 0
238 500168 500157 0
239 250185 250177 0
240 500166 500137 0
241 31397 31399 0
242 500172 500175 0
243 62605 62612 0
244 125193 125171 0
245 62658 62646 0
246 250198 250149 0
247 250178 250119 0
248 250194 250144 0
249 250184 250155 0
250 250156 250117 0
251 250165 250128 0
252 250163 250109 0
253 62679 62665 0
254 500174 500107 0
255 125125 125103 0
256 125176 125158 0
257 250185 250128 0
258 250176 250120 0
259 125145 125113 0
260 250176 250128 0
261 500196 500112 0
262 125154 125124 0
263 62618 62603 0
264 500194 500125 0
265 125164 125123 0
266 125167 125138 0
267 125176 125153 0
268 125181 125165 0
269 125190 125151 0
270 500188 500101 0
271 500114 500105 0
272 500111 500105 0
273 500125 500186 0
274 500173 500178 0
275 62613 62620 0
276 500133 500119 0
277 500153 500155 0
278 500170 500151 0
279 500163 500177 0
280 500127 500170 0
281 62675 62681 0
282 500177 500130 0
283 62682 62680 0
284 62672 62668 0
285 500131 500179 0
286 500129 500175 0
287 4012 4071 0
288 31385 31439 0
289 4072 4105 0
290 31362 31448 0
291 31414 31418 0
292 31370 31436 0
293 4023 4097 0
294 4027 4079 0
295 4040 4088 0
296 4024 4070 0
297 4011 4048 0
298 31360 31408 0
299 31361 31444 0
300 4058 4102 0
301 31398 31446 0
302 31404 31416 0
303 4010 4037 0
304 31370 31411 0
305 4017 4054 0
306 31351 31359 0
307 15739 15804 0
308 15741 15771 0
309 31357 31375 0
310 31414 31424 0
311 31389 31402 0
312 7944 7985 0
313 31407 31426 0
314 4014 4049 0
315 31400 31444 0
316 31375 31430 0
317 62643 62664 0
318 4011 4091 0
319 62614 62656 0
320 15733 15818 0
321 2092 2128 0
322 15797 15823 0
323 7916 7963 0
324 15740 15772 0
325 62667 62675 0
326 7947 8008 0
327 2105 2139 0
328 7928 7952 0
329 15740 15757 0
330 62619 62653 0
331 2072 2147 0
332 62609 62687 0
333 7942 7968 0
334 15790 15809 0
335 7941 8000 0
336 2056 2143 0
337 62606 62690 0
338 62629 62683 0
339 15777 15793 0
340 62665 62700 0
341 62678 62690 0
342 2054 2088 0
343 2067 2149 0
344 2111 2152 0
345 62632 62667 0
346 62610 62670 0
347 62604 62661 0
348 2055 2142 0
349 62677 62685 0
350 62670 62698 0
351 2100 2131 0
352 7969 7997 0
353 15771 15817 0
354 2085 2114 0
355 62654 62676 0
356 62636 62680 0
357 2073 2131 0
358 2067 2106 0
359 125135 125184 0
360 125151 125180 0
361 125150 125191 0
362 26 73 0
363 12 96 0
364 125140 125169 0
365 125105 125180 0
366 125109 125196 0
367 19 96 0
368 125107 125149 0
369 125140 125158 0
370 7925 8011 0
371 125131 125155 0
372 125128 125166 0
373 125122 125175 0
374 250134 250188 0
375 250133 250166 0
376 250116 250175 0
377 250153 250188 0
378 250122 250191 0
379 10 46 0
380 15730 15777 0
381 250113 250145 0
382 250115 250192 0
383 60 94 0
384 17 70 0
385 250126 250177 0
386 3 52 0
387 250124 250156 0
388 15739 15807 0
389 500129 500194 0
390 500103 500196 0
391 500107 500194 0
392 7950 8008 0
393 15736 15799 0
394 500118 500198 0
395 11 41 0
396 14 53 0
397 15752 15797 0
398 7927 7976 0
399 15753 15800 0
--------------
1000000 :c
1003915 :sum(p)
999998 :sum(w)
