400 :n
id p,w,x
--------------
0 31448 31377 1
1 31433 31358 1
2 97 38 1
3 61 51 1
4 83 55 1
5 31450 31372 1
6 88 48 1
7 83 68 1
8 31448 31357 1
9 93 56 1
10 49 27 1
11 37 2 1
12 72 35 1
13 53 23 1
14 31436 31351 1
15 67 23 1
16 73 38 1
17 84 62 1
18 98 82 1
19 63 24 1
20 78 16 1
21 2097 2054 1
22 2143 2132 1
23 2146 2086 1
24 2090 2058 1
25 2091 2056 1
26 2126 2063 1
27 2083 2057 1
28 15771 15738 1
29 15811 15747 1
30 2096 2059 1
31 15793 15735 1
32 2146 2127 1
33 2127 2113 1
34 2078 2060 1
35 2099 2074 1
36 2143 2064 1
37 15825 15729 1
38 2153 2072 1
39 2117 2064 1
40 2083 2068 1
41 2148 2103 1
42 2121 2084 1
43 4047 4020 1
44 4052 4013 1
45 4064 4049 1
46 4078 4019 1
47 15820 15781 1
48 4076 4040 1
49 4077 4017 1
50 4096 4062 1
51 4082 4040 1
52 4050 4013 1
53 4103 4052 1
54 7957 7914 1
55 7972 7935 1
56 8000 7976 1
57 8011 7964 1
58 8002 7928 1
59 7946 7924 1
60 8009 7980 1
61 7969 7926 1
62 8004 7935 1
63 7950 7932 1
64 7959 7935 1
65 7955 7927 1
66 7956 7926 1
67 7996 7939 1
68 15784 15739 1
69 15821 15750 1
70 15819 15781 1
71 15798 15750 1
72 15824 15757 1
73 15817 15736 1
74 31443 31381 1
75 31447 31396 1
76 31447 31382 1
77 12 10 1
78 67 63 1
79 81 77 1
80 2086 2078 1
81 2096 2089 1
82 2128 2122 1
83 4065 4055 1
84 2103 2098 1
85 2071 2067 0
86 15795 15765 1
87 15812 15782 1
88 7959 7946 1
89 15799 15777 1
90 31407 31364 1
91 31409 31366 1
92 31407 31367 1
93 31431 31391 1
94 7936 7926 1
95 4033 4028 1
96 4039 4034 1
97 62693 62616 1
98 7925 7916 1
99 31422 31391 1
100 15774 15759 0
101 42 33 1
102 31405 31364 1
103 15763 15740 1
104 7964 7954 1
105 15800 15786 1
106 7937 7930 0
107 7994 7994 0
108 2060 2075 0
109 500132 500119 0
110 62663 62610 0
111 31412 31386 0
112 15778 15765 0
113 62697 62649 0
114 31446 31422 0
115 15786 15774 0
116 7946 7940 0
117 7966 7960 0
118 4060 4057 1
119 4068 4065 0
120 4075 4072 0
121 62672 62628 0
122 62696 62652 0
123 125199 125113 0
124 62695 62653 0
125 62648 62607 0
126 31375 31355 0
127 7928 7923 0
128 62641 62602 0
129 62691 62652 0
130 62692 62656 0
131 31375 31357 0
132 62697 62665 0
133 31405 31391 0
134 31440 31426 0
135 15779 15772 0
136 7928 7926 0
137 80 80 1
138 4054 4055 0
139 4048 4049 0
140 4045 4046 0
141 4087 4089 0
142 4074 4077 0
143 19 20 0
144 74 78 0
145 44 51 0
146 125169 125100 0
147 125198 125133 0
148 125171 125101 0
149 125164 125110 0
150 125177 125120 0
151 125177 125120 0
152 62611 62650 0
153 62607 62700 0
154 62637 62684 0
155 62638 62700 0
156 62630 62646 0
157 62634 62695 0
158 62686 62669 0
159 62646 62630 0
160 62695 62700 0
161 31421 31415 0
162 125130 125100 0
163 62677 62675 0
164 62610 62657 0
165 62640 62641 0
166 125185 125182 0
167 31369 31421 0
168 62618 62638 0
169 62614 62609 0
170 31401 31407 0
171 62616 62676 0
172 125101 125110 0
173 31396 31401 0
174 125145 125112 0
175 125196 125168 0
176 31358 31385 0
177 125149 125151 0
178 31387 31392 0
179 31401 31405 0
180 31398 31449 0
181 31372 31450 0
182 31441 31448 0
183 31368 31368 0
184 31379 31416 0
185 125121 125123 0
186 125123 125160 0
187 31355 31359 0
188 31354 31381 0
189 125196 125163 0
190 31389 31435 0
191 250170 250134 0
192 250165 250195 0
193 31352 31362 0
194 31415 31444 0
195 125169 125123 0
196 31424 31438 0
197 31368 31438 0
198 31368 31432 0
199 250125 250180 0
200 125147 125110 0
201 15756 15776 0
202 15729 15804 0
203 15774 15799 0
204 250132 250157 0
205 125106 125145 0
206 125150 125124 0
207 15791 15817 0
208 250103 250172 0
209 15727 15791 0
210 15772 15815 0
211 15768 15773 0
212 250130 250183 0
213 15739 15781 0
214 250160 250122 0
215 15730 15763 0
216 15749 15792 0
217 15749 15802 0
218 250199 250126 0
219 250112 250125 0
220 15752 15776 0
221 15806 15804 0
222 125194 125144 0
223 15776 15793 0
224 15808 15811 0
225 250174 250164 0
226 125148 125196 0
227 250163 250199 0
228 125126 125154 0
229 15746 15767 0
230 250146 250191 0
231 15744 15802 0
232 250148 250179 0
233 125160 125190 0
234 125109 125132 0
235 15736 15811 0
236 15736 15792 0
237 125148 125140 0
238 15744 15765 0
239 125157 125157 0
240 125141 125118 0
241 250200 250177 0
242 7992 8008 0
243 250134 250169 0
244 250151 250180 0
245 250145 250186 0
246 62684 62687 0
247 7950 7992 0
248 125156 125159 0
249 7973 8012 0
250 7948 7969 0
251 7956 7998 0
252 250187 250180 0
253 125139 125150 0
254 250141 250133 0
255 250188 250163 0
256 250106 250180 0
257 250170 250192 0
258 7963 7976 0
259 7940 7941 0
260 7945 7991 0
261 250165 250147 0
262 125139 125193 0
263 250126 250148 0
264 62645 62692 0
265 7915 7938 0
266 125103 125167 0
267 7913 7968 0
268 125144 125183 0
269 125149 125107 0
270 250111 250107 0
271 7938 7965 0
272 7980 8011 0
273 250106 250147 0
274 7920 7986 0
275 7941 7988 0
276 7956 8004 0
277 7960 7998 0
278 250122 250126 0
279 125115 125152 0
280 250146 250163 0
281 125170 125146 0
282 4011 4057 0
283 125131 125184 0
284 250187 250130 0
285 250186 250181 0
286 4026 4055 0
287 250155 250176 0
288 4060 4068 0
289 250115 250187 0
290 4012 4080 0
291 4048 4087 0
292 250107 250139 0
293 4023 4089 0
294 4050 4075 0
295 250186 250153 0
296 4049 4064 0
297 4009 4087 0
298 125125 125182 0
299 250185 250129 0
300 250107 250155 0
301 4027 4078 0
302 4032 4048 0
303 4059 4105 0
304 62620 62695 0
305 4019 4037 0
306 4027 4096 0
307 250136 250181 0
308 62679 62653 0
309 125181 125164 0
310 4010 4020 0
311 62700 62700 0
312 62636 62674 0
313 62679 62665 0
314 250159 250156 0
315 4047 4076 0
316 4084 4096 0
317 4052 4062 0
318 4011 4041 0
319 2122 2133 0
320 250129 250143 0
321 2068 2146 0
322 250157 250190 0
323 2082 2125 0
324 500132 500141 0
325 500101 500166 0
326 500122 500172 0
327 500112 500138 0
328 500132 500197 0
329 500186 500125 0
330 62607 62668 0
331 500192 500125 0
332 2056 2146 0
333 2101 2121 0
334 2144 2152 0
335 2100 2107 0
336 2078 2111 0
337 500184 500130 0
338 2098 2111 0
339 500104 500170 0
340 500155 500128 0
341 2133 2145 0
342 2064 2146 0
343 2106 2143 0
344 500122 500124 0
345 500171 500195 0
346 500195 500177 0
347 2087 2125 0
348 500177 500107 0
349 2113 2124 0
350 2068 2112 0
351 2127 2148 0
352 500127 500101 0
353 500158 500110 0
354 500127 500198 0
355 500158 500200 0
356 125104 125134 0
357 500112 500126 0
358 500165 500178 0
359 32 43 0
360 66 84 0
361 28 57 0
362 500180 500102 0
363 500139 500167 0
364 64 73 0
365 62650 62690 0
366 500102 500121 0
367 500113 500163 0
368 62665 62700 0
369 26 100 0
370 45 88 0
371 500117 500104 0
372 11 19 0
373 3 19 0
374 500162 500124 0
375 500133 500173 0
376 62674 62668 0
377 500190 500108 0
378 500107 500184 0
379 18 33 0
380 2 46 0
381 14 36 0
382 500132 500122 0
383 62635 62681 0
384 13 72 0
385 47 80 0
386 17 59 0
387 500168 500123 0
388 65 82 0
389 500196 500101 0
390 500121 500185 0
391 500143 500199 0
392 24 100 0
393 500170 500199 0
394 500195 500125 0
395 500177 500197 0
396 500111 500162 0
397 500165 500179 0
398 62609 62652 0
399 62637 62662 0
--------------
1000000 :c
1003931 :sum(p)
1000000 :sum(w)
