400 :n
id p,w,x
--------------
0 7954 7917 1
1 7969 7938 1
2 2133 2105 1
3 31426 31355 1
4 2135 2104 1
5 15800 15744 1
6 70 19 1
7 2095 2059 1
8 31422 31361 1
9 7992 7928 1
10 2140 2081 1
11 2142 2102 1
12 31419 31352 1
13 4094 4070 1
14 2141 2094 1
15 31430 31382 1
16 4083 4015 1
17 15790 15743 1
18 7960 7921 1
19 58 13 1
20 15801 15737 1
21 31449 31377 1
22 4072 4032 1
23 94 44 1
24 4086 4032 1
25 4069 4037 1
26 2095 2056 1
27 2115 2085 1
28 4076 4036 1
29 76 47 1
30 52 4 1
31 56 9 1
32 44 24 1
33 15815 15736 1
34 8005 7932 1
35 64 20 1
36 67 11 1
37 88 48 1
38 4087 4046 1
39 4093 4055 1
40 4078 4047 1
41 15806 15771 1
42 74 5 1
43 4094 4015 1
44 31426 31354 1
45 83 62 1
46 64 30 1
47 87 49 1
48 15802 15756 1
49 15781 15748 1
50 7984 7923 1
51 15814 15742 1
52 7995 7946 1
53 8003 7920 1
54 31443 31386 1
55 77 36 1
56 46 30 1
57 66 55 1
58 45 39 1
59 88 83 1
60 58 56 0
61 2132 2113 1
62 2119 2106 1
63 2143 2136 1
64 2063 2057 1
65 7940 7919 1
66 7935 7915 1
67 4088 4078 1
68 7983 7965 1
69 15797 15765 1
70 15816 15784 1
71 2100 2096 1
72 7930 7915 1
73 7945 7930 1
74 15825 15796 1
75 15788 15760 1
76 15758 15731 1
77 15804 15777 1
78 4098 4091 1
79 15753 15730 1
80 31428 31387 1
81 31434 31393 1
82 7938 7928 1
83 7957 7947 1
84 4070 4065 0
85 4097 4092 0
86 15780 15762 1
87 62695 62625 1
88 62677 62610 1
89 31418 31385 0
90 15800 15784 0
91 62668 62606 1
92 15753 15738 1
93 90 38 1
94 2130 2128 0
95 4027 4019 1
96 7928 7921 0
97 62657 62602 1
98 4089 4087 0
99 4089 4103 0
100 22 34 0
101 62692 62637 0
102 4053 4050 0
103 62691 62647 0
104 15763 15752 0
105 62667 62624 0
106 31448 31437 0
107 7984 7979 0
108 125188 125112 0
109 62669 62633 0
110 31398 31380 0
111 15735 15727 0
112 15773 15765 0
113 7956 7952 0
114 7972 7968 0
115 31366 31351 0
116 62634 62607 0
117 15751 15745 0
118 15753 15748 0
119 15795 15792 0
120 15818 15817 0
121 13 13 1
122 2056 2056 0
123 8008 8008 0
124 7977 7978 0
125 7940 7942 0
126 7974 7980 0
127 7974 7982 0
128 7934 7944 0
129 4055 4061 0
130 4074 4081 0
131 4018 4027 0
132 2118 2123 0
133 2113 2119 0
134 2093 2099 0
135 4078 4091 0
136 4082 4096 0
137 2119 2127 0
138 2119 2128 0
139 79 86 0
140 31 37 0
141 44 53 0
142 32 39 0
143 125179 125158 0
144 62676 62662 0
145 125187 125150 0
146 31400 31394 0
147 250171 250128 0
148 250185 250118 0
149 250169 250115 0
150 250173 250111 0
151 250177 250120 0
152 250188 250137 0
153 250176 250114 0
154 250189 250122 0
155 250179 250113 0
156 250181 250133 0
157 62614 62602 0
158 500199 500114 0
159 500193 500103 0
160 500195 500119 0
161 500193 500122 0
162 31440 31431 0
163 62689 62678 0
164 62663 62647 0
165 62642 62628 0
166 62630 62607 0
167 125192 125148 0
168 125172 125122 0
169 125171 125124 0
170 125167 125129 0
171 125194 125144 0
172 125199 125142 0
173 125198 125151 0
174 62694 62668 0
175 125183 125142 0
176 62661 62638 0
177 62697 62671 0
178 125194 125144 0
179 62661 62635 0
180 125173 125133 0
181 125195 125127 0
182 250198 250117 0
183 250200 250112 0
184 62613 62666 0
185 62699 62695 0
186 31368 31366 0
187 31374 31416 0
188 31366 31368 0
189 31398 31438 0
190 31371 31382 0
191 62647 62640 0
192 31354 31428 0
193 31351 31408 0
194 31382 31422 0
195 62610 62608 0
196 62686 62680 0
197 31400 31431 0
198 62609 62662 0
199 62656 62691 0
200 62611 62671 0
201 31408 31417 0
202 15764 15794 0
203 15732 15742 0
204 62616 62637 0
205 62641 62700 0
206 62609 62673 0
207 62638 62692 0
208 125168 125160 0
209 125109 125175 0
210 15753 15758 0
211 15740 15757 0
212 15787 15795 0
213 125139 125162 0
214 125180 125172 0
215 125132 125177 0
216 125119 125123 0
217 125163 125198 0
218 15739 15783 0
219 125166 125178 0
220 125133 125128 0
221 125118 125156 0
222 125156 125192 0
223 125101 125114 0
224 125196 125186 0
225 125139 125199 0
226 125101 125128 0
227 15758 15792 0
228 15749 15759 0
229 15794 15821 0
230 15753 15768 0
231 125153 125198 0
232 125153 125155 0
233 125132 125134 0
234 125105 125168 0
235 125135 125197 0
236 125114 125135 0
237 15726 15760 0
238 125121 125129 0
239 125123 125140 0
240 125146 125169 0
241 125115 125125 0
242 250177 250180 0
243 250153 250123 0
244 7983 7999 0
245 250112 250109 0
246 250120 250133 0
247 250127 250113 0
248 250159 250175 0
249 250186 250158 0
250 250116 250126 0
251 250173 250158 0
252 250179 250192 0
253 250118 250105 0
254 250162 250155 0
255 250165 250151 0
256 250157 250189 0
257 250135 250194 0
258 250134 250170 0
259 62633 62686 0
260 250147 250161 0
261 7952 7977 0
262 250148 250179 0
263 62643 62663 0
264 250112 250133 0
265 7939 7954 0
266 62649 62656 0
267 250125 250182 0
268 62622 62688 0
269 250193 250189 0
270 250107 250130 0
271 31386 31384 0
272 250151 250184 0
273 7947 7969 0
274 7965 7984 0
275 62609 62661 0
276 250150 250156 0
277 250119 250123 0
278 250197 250200 0
279 250145 250111 0
280 250140 250134 0
281 500114 500151 0
282 500170 500155 0
283 500126 500123 0
284 500158 500135 0
285 500179 500182 0
286 500136 500141 0
287 500161 500195 0
288 31363 31416 0
289 31387 31402 0
290 500125 500149 0
291 62676 62685 0
292 500156 500151 0
293 31412 31444 0
294 31352 31363 0
295 500148 500169 0
296 500108 500158 0
297 500196 500177 0
298 4036 4052 0
299 500116 500125 0
300 31374 31431 0
301 500102 500130 0
302 31420 31446 0
303 500181 500172 0
304 500141 500130 0
305 500138 500163 0
306 500191 500127 0
307 500180 500149 0
308 500109 500147 0
309 500163 500137 0
310 62686 62680 0
311 500115 500167 0
312 500179 500173 0
313 500128 500197 0
314 500124 500109 0
315 31370 31449 0
316 500140 500182 0
317 500170 500116 0
318 500151 500159 0
319 500168 500151 0
320 500155 500184 0
321 500110 500148 0
322 500169 500156 0
323 500187 500153 0
324 500131 500142 0
325 500105 500118 0
326 31363 31414 0
327 31360 31416 0
328 500194 500137 0
329 31362 31447 0
330 31440 31440 0
331 31385 31418 0
332 62629 62605 0
333 125195 125144 0
334 62672 62660 0
335 31438 31431 0
336 31417 31412 0
337 2086 2129 0
338 2119 2130 0
339 2069 2123 0
340 2085 2138 0
341 2091 2115 0
342 2126 2149 0
343 2058 2072 0
344 2111 2138 0
345 4027 4054 0
346 4064 4087 0
347 4015 4101 0
348 2062 2150 0
349 4018 4096 0
350 4035 4065 0
351 2061 2116 0
352 2101 2114 0
353 4008 4085 0
354 4018 4065 0
355 4008 4095 0
356 2054 2074 0
357 2126 2138 0
358 2062 2137 0
359 1 21 0
360 2086 2112 0
361 4027 4078 0
362 50 83 0
363 26 44 0
364 4012 4052 0
365 2070 2081 0
366 4056 4102 0
367 4060 4096 0
368 45 57 0
369 26 85 0
370 4022 4073 0
371 79 96 0
372 4065 4098 0
373 4033 4091 0
374 4011 4092 0
375 65 98 0
376 25 79 0
377 55 97 0
378 2108 2128 0
379 7914 7986 0
380 57 78 0
381 7934 8003 0
382 7956 7997 0
383 7968 8008 0
384 7928 8009 0
385 7935 8003 0
386 7964 8011 0
387 7960 7996 0
388 7935 7990 0
389 7953 7994 0
390 15726 15790 0
391 62 74 0
392 2133 2147 0
393 15730 15822 0
394 15737 15821 0
395 31 49 0
396 24 77 0
397 15759 15822 0
398 2054 2100 0
399 2110 2130 0
--------------
1000000 :c
1003547 :sum(p)
1000000 :sum(w)
