400 :n
id p,w,x
--------------
0 2118 2101 1
1 2115 2072 1
2 15820 15733 1
3 45 16 1
4 71 35 1
5 67 7 1
6 59 21 1
7 100 7 1
8 27 9 1
9 15818 15786 1
10 31439 31368 1
11 94 83 1
12 15780 15729 1
13 15824 15741 1
14 15813 15761 1
15 15807 15773 1
16 31432 31354 1
17 98 11 1
18 98 21 1
19 15789 15755 1
20 28 19 1
21 82 48 1
22 7981 7964 1
23 84 28 1
24 7977 7931 1
25 95 26 1
26 7983 7967 1
27 8004 7940 1
28 8007 7952 1
29 7981 7921 1
30 80 11 1
31 24 5 1
32 7985 7943 1
33 46 23 1
34 7977 7927 1
35 7959 7943 1
36 97 67 1
37 68 1 1
38 7963 7940 1
39 98 80 1
40 2121 2100 1
41 97 86 1
42 2125 2095 1
43 8012 7961 1
44 2099 2064 1
45 2101 2076 1
46 7999 7940 1
47 8012 7920 1
48 2137 2063 1
49 7985 7918 1
50 2118 2100 1
51 2136 2059 1
52 2130 2058 1
53 7979 7929 1
54 2129 2082 1
55 2117 2095 1
56 2142 2090 1
57 4065 4027 1
58 2083 2070 1
59 4097 4027 1
60 2133 2097 1
61 4085 4055 1
62 2141 2101 1
63 4040 4007 1
64 4085 4008 1
65 4097 4066 1
66 4089 4013 1
67 4097 4042 1
68 4086 4048 1
69 4065 4016 1
70 4045 4016 1
71 2109 2063 1
72 60 56 1
73 2108 2098 1
74 2109 2099 1
75 2068 2059 1
76 2090 2082 1
77 2147 2140 1
78 4076 4066 1
79 4026 4018 1
80 4091 4083 0
81 2067 2063 1
82 31429 31369 1
83 7998 7983 1
84 15794 15766 1
85 7973 7959 1
86 15767 15743 1
87 31444 31397 1
88 31404 31358 1
89 2072 2069 1
90 31417 31372 1
91 31431 31386 1
92 8000 7989 1
93 15822 15801 1
94 62696 62613 1
95 7983 7973 1
96 62695 62617 1
97 31396 31362 1
98 15793 15776 1
99 31414 31381 1
100 31385 31353 1
101 15760 15744 1
102 15785 15772 1
103 15809 15765 1
104 62674 62615 1
105 7963 7955 1
106 62654 62603 0
107 62690 62639 0
108 15825 15815 0
109 7998 8004 0
110 38 49 0
111 15817 15805 0
112 62681 62634 0
113 31422 31399 0
114 125189 125103 0
115 15808 15798 0
116 4021 4026 0
117 7960 7955 0
118 15744 15735 0
119 62679 62644 0
120 31380 31364 0
121 15798 15790 1
122 7996 7992 0
123 2152 2151 0
124 31382 31368 0
125 15757 15750 0
126 31364 31351 0
127 31431 31419 0
128 15807 15802 0
129 31374 31367 0
130 31413 31407 0
131 15774 15772 0
132 15777 15777 0
133 15766 15766 0
134 76 76 0
135 7953 7954 0
136 7944 7947 0
137 7926 7929 0
138 4015 4017 0
139 7925 7929 0
140 2112 2114 0
141 4100 4104 0
142 4086 4090 0
143 2117 2120 0
144 4017 4024 0
145 2091 2098 0
146 2091 2100 0
147 69 77 0
148 25 30 0
149 500150 500125 0
150 125196 125185 0
151 250175 250144 0
152 250153 250123 0
153 500154 500103 0
154 125189 125175 0
155 250176 250172 0
156 500171 500149 0
157 500150 500130 0
158 62633 62630 0
159 250152 250127 0
160 125177 125126 0
161 125197 125182 0
162 62693 62665 0
163 31398 31395 0
164 500142 500139 0
165 250143 250148 0
166 500185 500128 0
167 500158 500157 0
168 250150 250121 0
169 500186 500103 0
170 500133 500137 0
171 250193 250156 0
172 31422 31418 0
173 500181 500176 0
174 125141 125111 0
175 250182 250106 0
176 125194 125166 0
177 125171 125133 0
178 250197 250164 0
179 125147 125106 0
180 250193 250168 0
181 125135 125103 0
182 250129 250104 0
183 250113 250113 0
184 500199 500164 0
185 500158 500138 0
186 62624 62606 0
187 62676 62659 0
188 31415 31414 0
189 125135 125119 0
190 250138 250133 0
191 125155 125137 0
192 250186 250186 0
193 250198 250190 0
194 250199 250114 0
195 250137 250124 0
196 62681 62673 0
197 250173 250120 0
198 31374 31369 0
199 125129 125121 0
200 250152 250145 0
201 125140 125138 0
202 125177 125170 0
203 125144 125116 0
204 125163 125150 0
205 250191 250103 0
206 500139 500144 0
207 250156 250151 0
208 500167 500109 0
209 500199 500131 0
210 125129 125123 0
211 62615 62607 0
212 125170 125115 0
213 62678 62649 0
214 250172 250131 0
215 62647 62623 0
216 125132 125108 0
217 500112 500115 0
218 500187 500140 0
219 500177 500119 0
220 15763 15804 0
221 31353 31357 0
222 15734 15741 0
223 15754 15788 0
224 31386 31402 0
225 31382 31445 0
226 31378 31407 0
227 15757 15797 0
228 15727 15782 0
229 31359 31442 0
230 31439 31444 0
231 31360 31380 0
232 15800 15811 0
233 15749 15753 0
234 31387 31446 0
235 15785 15801 0
236 31356 31425 0
237 31372 31449 0
238 62689 62692 0
239 31389 31409 0
240 7931 7960 0
241 62612 62617 0
242 7981 7992 0
243 62633 62671 0
244 31362 31394 0
245 7979 7996 0
246 62616 62630 0
247 62632 62641 0
248 62647 62672 0
249 7924 7989 0
250 15752 15787 0
251 7957 8008 0
252 7933 7962 0
253 7949 7982 0
254 62630 62674 0
255 15758 15769 0
256 62642 62654 0
257 7935 7997 0
258 7916 7927 0
259 62613 62678 0
260 7950 8001 0
261 62676 62688 0
262 7939 7999 0
263 62609 62668 0
264 62672 62694 0
265 62601 62688 0
266 31415 31420 0
267 62654 62697 0
268 62608 62671 0
269 7973 7979 0
270 62622 62651 0
271 62613 62650 0
272 62639 62688 0
273 62631 62633 0
274 62640 62683 0
275 62602 62611 0
276 62656 62678 0
277 7915 7930 0
278 62667 62687 0
279 4007 4079 0
280 31417 31441 0
281 4052 4103 0
282 4031 4081 0
283 4043 4101 0
284 4021 4100 0
285 4013 4088 0
286 4027 4047 0
287 4066 4089 0
288 4044 4078 0
289 4034 4099 0
290 62687 62699 0
291 62648 62666 0
292 125128 125178 0
293 4071 4082 0
294 125135 125146 0
295 125100 125115 0
296 125118 125198 0
297 125150 125180 0
298 4032 4088 0
299 125100 125129 0
300 31372 31414 0
301 4014 4102 0
302 4031 4083 0
303 4009 4021 0
304 125132 125189 0
305 4048 4057 0
306 4048 4071 0
307 4039 4052 0
308 15756 15764 0
309 31364 31395 0
310 125116 125132 0
311 125142 125188 0
312 15740 15781 0
313 125135 125140 0
314 4033 4051 0
315 4027 4097 0
316 125146 125198 0
317 125111 125189 0
318 4018 4040 0
319 2063 2085 0
320 125110 125188 0
321 125129 125143 0
322 125114 125131 0
323 2062 2072 0
324 125135 125158 0
325 15751 15763 0
326 125112 125165 0
327 125121 125152 0
328 125153 125194 0
329 2064 2096 0
330 125115 125185 0
331 2090 2121 0
332 250137 250147 0
333 250145 250200 0
334 250136 250187 0
335 250103 250176 0
336 250121 250162 0
337 250137 250167 0
338 250119 250154 0
339 250136 250178 0
340 250127 250182 0
341 250127 250136 0
342 2092 2144 0
343 2108 2141 0
344 2088 2126 0
345 250136 250197 0
346 250149 250194 0
347 2074 2126 0
348 250121 250165 0
349 250165 250193 0
350 250152 250164 0
351 2065 2119 0
352 31360 31417 0
353 2094 2130 0
354 15743 15783 0
355 250135 250156 0
356 31404 31445 0
357 250123 250182 0
358 2073 2141 0
359 25 62 0
360 80 95 0
361 44 72 0
362 250150 250189 0
363 500139 500153 0
364 500109 500143 0
365 23 76 0
366 500108 500134 0
367 23 64 0
368 500105 500141 0
369 500110 500181 0
370 500149 500179 0
371 500126 500173 0
372 500117 500151 0
373 7 83 0
374 500154 500171 0
375 500117 500172 0
376 500109 500169 0
377 500107 500155 0
378 500134 500195 0
379 4 85 0
380 31407 31415 0
381 47 87 0
382 13 83 0
383 500103 500127 0
384 500105 500134 0
385 500175 500195 0
386 9 25 0
387 40 94 0
388 77 92 0
389 500117 500175 0
390 6 69 0
391 500130 500172 0
392 500114 500187 0
393 61 93 0
394 15765 15808 0
395 500118 500135 0
396 500168 500191 0
397 59 96 0
398 500162 500176 0
399 15767 15807 0
--------------
1000000 :c
1004142 :sum(p)
1000000 :sum(w)
