400 :n
id p,w,x
--------------
0 7998 7928 1
1 7992 7916 1
2 2148 2077 1
3 2135 2070 1
4 4079 4010 1
5 2153 2065 1
6 2133 2057 1
7 2144 2079 1
8 75 4 1
9 2145 2063 1
10 8008 7933 1
11 95 25 1
12 94 10 1
13 4081 4015 1
14 4096 4029 1
15 69 10 1
16 50 8 1
17 17 5 1
18 91 35 1
19 93 46 1
20 100 52 1
21 81 59 1
22 46 34 1
23 19 16 1
24 60 51 1
25 55 47 1
26 72 65 1
27 88 81 1
28 51 47 1
29 72 67 1
30 86 82 1
31 24 23 0
32 2152 2089 1
33 2117 2063 1
34 2143 2091 1
35 2147 2099 1
36 46 45 0
37 2152 2113 1
38 2144 2108 1
39 2109 2077 1
40 4105 4047 1
41 2097 2068 1
42 4068 4015 1
43 4086 4033 1
44 2083 2058 1
45 86 85 0
46 4060 4019 1
47 4057 4020 1
48 4075 4038 1
49 2124 2106 1
50 7991 7927 1
51 7994 7933 1
52 4099 4068 1
53 8002 7950 1
54 7965 7914 1
55 7970 7920 1
56 8006 7960 1
57 2130 2118 1
58 7990 7945 1
59 8000 7955 1
60 4096 4073 1
61 4037 4015 1
62 4064 4042 1
63 7966 7923 1
64 15809 15732 1
65 4040 4021 1
66 4093 4074 1
67 7977 7941 1
68 8009 7973 1
69 15814 15745 1
70 8003 7969 1
71 4061 4045 1
72 2114 2106 1
73 15815 15762 1
74 7995 7969 1
75 15823 15772 1
76 15800 15752 1
77 31446 31352 1
78 4029 4017 1
79 15800 15753 1
80 15797 15753 1
81 7965 7943 1
82 15774 15731 1
83 15791 15754 1
84 15796 15760 1
85 31428 31357 1
86 7979 7961 1
87 4029 4020 0
88 15824 15790 1
89 15788 15755 1
90 31448 31384 1
91 8008 7992 1
92 4049 4041 0
93 15771 15740 1
94 15795 15764 1
95 15779 15750 1
96 15821 15792 1
97 15779 15752 1
98 15773 15746 1
99 4042 4033 1
100 15753 15728 1
101 7941 7929 0
102 15766 15745 0
103 31440 31400 1
104 15809 15789 0
105 31401 31362 1
106 4101 4096 0
107 31428 31390 1
108 62687 62613 1
109 31442 31385 1
110 62677 62602 1
111 31435 31398 1
112 62681 62608 1
113 31396 31360 0
114 31449 31420 0
115 15810 15807 0
116 2127 2137 0
117 31420 31384 0
118 62688 62619 0
119 15755 15739 0
120 15784 15768 0
121 4013 4009 0
122 4092 4088 0
123 62663 62603 0
124 31432 31403 0
125 31414 31385 0
126 31429 31402 0
127 62696 62644 0
128 62699 62648 0
129 44 63 0
130 7984 7998 0
131 31449 31424 0
132 62685 62639 0
133 15791 15781 0
134 62681 62642 0
135 62638 62606 0
136 4041 4039 0
137 31437 31422 0
138 31372 31358 0
139 62649 62622 0
140 62690 62669 0
141 31389 31379 0
142 31414 31405 0
143 62646 62629 0
144 7970 7968 0
145 4042 4041 0
146 4089 4088 0
147 62629 62615 0
148 62680 62666 0
149 15756 15753 0
150 62672 62661 0
151 62661 62652 0
152 7926 7926 0
153 15773 15773 0
154 7941 7942 0
155 4044 4045 0
156 7920 7923 0
157 2085 2086 0
158 7975 7979 0
159 7921 7928 0
160 7913 7923 0
161 4079 4085 0
162 4064 4071 0
163 4077 4086 0
164 4060 4071 0
165 4091 4103 0
166 2086 2093 0
167 2069 2076 0
168 2060 2068 0
169 2110 2122 0
170 2066 2080 0
171 2076 2094 0
172 98 100 0
173 86 98 0
174 78 90 0
175 76 89 0
176 61 74 0
177 60 76 0
178 31365 31363 0
179 500154 500138 0
180 500197 500167 0
181 500189 500174 0
182 250155 250142 0
183 250158 250136 0
184 62616 62612 0
185 500166 500106 0
186 125126 125109 0
187 250111 250104 0
188 500174 500117 0
189 500180 500123 0
190 250114 250101 0
191 125154 125145 0
192 250132 250110 0
193 125180 125166 0
194 500189 500122 0
195 125157 125152 0
196 500172 500118 0
197 500136 500126 0
198 125110 125105 0
199 500130 500114 0
200 250128 250106 0
201 500165 500115 0
202 500170 500110 0
203 500157 500146 0
204 500145 500110 0
205 125190 125116 0
206 125194 125174 0
207 250181 250106 0
208 250196 250162 0
209 250184 250142 0
210 250182 250126 0
211 125158 125100 0
212 62655 62666 0
213 62663 62676 0
214 62698 62697 0
215 62613 62620 0
216 62655 62688 0
217 62672 62682 0
218 62629 62672 0
219 15770 15777 0
220 15810 15821 0
221 62667 62682 0
222 62647 62682 0
223 62618 62658 0
224 62615 62646 0
225 62611 62625 0
226 62651 62686 0
227 62638 62649 0
228 15734 15745 0
229 62660 62684 0
230 62606 62640 0
231 125141 125192 0
232 125124 125148 0
233 125161 125198 0
234 125158 125189 0
235 125169 125175 0
236 125169 125169 0
237 125104 125171 0
238 125127 125136 0
239 125109 125163 0
240 125114 125159 0
241 125122 125163 0
242 125161 125181 0
243 125114 125147 0
244 125161 125173 0
245 125179 125178 0
246 125140 125181 0
247 125114 125168 0
248 125117 125152 0
249 31375 31392 0
250 31392 31410 0
251 125108 125193 0
252 125181 125198 0
253 31406 31414 0
254 125135 125170 0
255 125125 125138 0
256 125151 125179 0
257 250142 250192 0
258 250121 250179 0
259 250120 250166 0
260 250134 250168 0
261 250162 250189 0
262 31358 31359 0
263 250123 250120 0
264 250111 250185 0
265 250131 250175 0
266 250113 250184 0
267 250140 250194 0
268 250121 250141 0
269 250156 250180 0
270 250170 250195 0
271 250146 250148 0
272 250164 250197 0
273 250146 250147 0
274 250145 250186 0
275 31409 31415 0
276 250104 250191 0
277 250154 250193 0
278 250146 250175 0
279 250111 250126 0
280 250118 250157 0
281 250121 250119 0
282 250154 250191 0
283 500138 500181 0
284 500115 500185 0
285 500107 500114 0
286 500155 500200 0
287 500139 500178 0
288 500102 500147 0
289 500112 500134 0
290 500121 500131 0
291 500166 500184 0
292 31373 31388 0
293 500127 500178 0
294 500155 500153 0
295 500181 500193 0
296 500148 500178 0
297 500195 500195 0
298 500174 500193 0
299 500111 500126 0
300 500138 500191 0
301 500155 500170 0
302 500107 500118 0
303 500106 500101 0
304 500106 500154 0
305 500137 500140 0
306 31399 31424 0
307 31356 31374 0
308 31372 31390 0
309 31368 31376 0
310 125163 125107 0
311 125182 125136 0
312 125174 125150 0
313 125162 125140 0
314 125164 125140 0
315 250193 250124 0
316 125143 125111 0
317 125176 125114 0
318 250196 250110 0
319 125149 125103 0
320 125197 125132 0
321 250170 250127 0
322 250184 250117 0
323 250189 250120 0
324 250141 250107 0
325 500150 500133 0
326 500178 500162 0
327 500171 500155 0
328 500128 500118 0
329 2077 2102 0
330 2063 2088 0
331 2122 2149 0
332 7916 7949 0
333 7956 7975 0
334 2088 2132 0
335 7968 8008 0
336 7915 7945 0
337 4029 4092 0
338 2070 2113 0
339 7959 8003 0
340 2080 2139 0
341 7929 7995 0
342 2069 2146 0
343 7944 7996 0
344 2059 2128 0
345 2056 2139 0
346 2067 2095 0
347 7981 8011 0
348 2084 2113 0
349 2077 2108 0
350 7948 8003 0
351 7914 7996 0
352 7919 7982 0
353 15729 15763 0
354 2056 2096 0
355 15754 15825 0
356 15784 15814 0
357 15782 15803 0
358 2098 2125 0
359 15738 15785 0
360 42 69 0
361 64 87 0
362 27 60 0
363 15759 15800 0
364 15732 15745 0
365 15729 15751 0
366 7960 8010 0
367 4010 4060 0
368 15756 15800 0
369 15787 15800 0
370 31365 31437 0
371 31398 31444 0
372 4055 4092 0
373 4033 4053 0
374 31400 31449 0
375 5 96 0
376 31352 31398 0
377 31400 31434 0
378 31389 31439 0
379 18 73 0
380 31356 31412 0
381 33 98 0
382 31373 31435 0
383 31360 31392 0
384 4030 4060 0
385 31354 31414 0
386 29 93 0
387 62631 62687 0
388 62635 62690 0
389 62613 62677 0
390 40 89 0
391 62604 62670 0
392 14 89 0
393 62611 62696 0
394 4007 4089 0
395 62619 62674 0
396 65 88 0
397 29 74 0
398 4019 4066 0
399 4043 4083 0
--------------
1000000 :c
1004385 :sum(p)
999999 :sum(w)
