400 :n
id p,w,x
--------------
0 7966 7915 1
1 68 38 1
2 2138 2124 1
3 2147 2131 1
4 2131 2106 1
5 2073 2059 1
6 2116 2085 1
7 2145 2076 1
8 2132 2063 1
9 2105 2063 1
10 2151 2068 1
11 2153 2123 1
12 67 32 1
13 15787 15726 1
14 2114 2058 1
15 2145 2136 1
16 2104 2096 1
17 15821 15730 1
18 4056 4040 1
19 79 13 1
20 4065 4044 1
21 2084 2072 1
22 2086 2074 1
23 4100 4065 1
24 4050 4030 1
25 91 38 1
26 4098 4045 1
27 4056 4010 1
28 100 22 1
29 4102 4022 1
30 4100 4069 1
31 4091 4066 1
32 4080 4023 1
33 4079 4039 1
34 4046 4033 1
35 4102 4076 1
36 4096 4073 1
37 4104 4038 1
38 4064 4011 1
39 15814 15761 1
40 4077 4024 1
41 4087 4009 1
42 70 10 1
43 4068 4030 1
44 80 34 1
45 4084 4045 1
46 4066 4032 1
47 7986 7945 1
48 8005 7935 1
49 7970 7942 1
50 21 13 1
51 7971 7932 1
52 7988 7920 1
53 7994 7931 1
54 15811 15753 1
55 67 39 1
56 87 54 1
57 80 44 1
58 8010 7973 1
59 7989 7931 1
60 55 4 1
61 30 13 1
62 25 12 1
63 7992 7953 1
64 7993 7935 1
65 31449 31385 1
66 7983 7958 1
67 31443 31380 1
68 31433 31358 1
69 31422 31372 1
70 31449 31366 1
71 15776 15729 1
72 31437 31383 1
73 15819 15780 1
74 31424 31360 1
75 7950 7927 1
76 15797 15762 1
77 31433 31379 1
78 31443 31383 1
79 77 72 1
80 61 58 1
81 24 23 1
82 2131 2124 1
83 7946 7925 1
84 7982 7962 1
85 4026 4016 1
86 4017 4008 1
87 2119 2115 1
88 15811 15785 1
89 31443 31395 1
90 15763 15739 1
91 15749 15726 1
92 2113 2110 0
93 2151 2148 0
94 15805 15783 1
95 62695 62611 1
96 62697 62617 1
97 15786 15766 1
98 31449 31410 1
99 4104 4099 1
100 2105 2081 1
101 62685 62611 1
102 15782 15764 1
103 62682 62614 0
104 31418 31386 0
105 15803 15818 0
106 2136 2138 0
107 38 72 0
108 31414 31382 0
109 7931 7923 0
110 7933 7925 0
111 7954 7946 1
112 31394 31363 0
113 2126 2124 0
114 7967 7960 0
115 62687 62635 0
116 31407 31381 0
117 31413 31387 0
118 31438 31413 0
119 62692 62644 0
120 62657 62610 0
121 4015 4012 0
122 4019 4016 0
123 62693 62651 0
124 62662 62622 0
125 15749 15740 0
126 62666 62632 0
127 62674 62641 0
128 31368 31352 0
129 125167 125104 0
130 125194 125131 0
131 7996 7992 0
132 125178 125116 0
133 125186 125124 0
134 4091 4089 0
135 31428 31413 0
136 2132 2131 0
137 125190 125132 0
138 62650 62622 0
139 125184 125130 0
140 62642 62615 0
141 62686 62660 0
142 7951 7948 0
143 125186 125142 0
144 125198 125157 0
145 125157 125117 0
146 125182 125142 0
147 15796 15791 0
148 250191 250113 0
149 250184 250109 0
150 62662 62645 0
151 250181 250117 0
152 62681 62665 0
153 7922 7920 0
154 8005 8003 0
155 4080 4079 0
156 250172 250112 0
157 62649 62634 0
158 62697 62682 0
159 250168 250110 0
160 125129 125101 0
161 250191 250139 0
162 62655 62642 0
163 125155 125130 0
164 250195 250146 0
165 250155 250108 0
166 250162 250117 0
167 250185 250141 0
168 62648 62637 0
169 250192 250151 0
170 250170 250132 0
171 62648 62639 0
172 62661 62652 0
173 250139 250104 0
174 500181 500114 0
175 7918 7917 0
176 8000 7999 0
177 500171 500109 0
178 250177 250146 0
179 500190 500130 0
180 250150 250126 0
181 125151 125140 0
182 500159 500116 0
183 250197 250176 0
184 500161 500121 0
185 500184 500144 0
186 125114 125104 0
187 125174 125164 0
188 500163 500124 0
189 500166 500127 0
190 500158 500120 0
191 250193 250174 0
192 500197 500160 0
193 500166 500130 0
194 500174 500138 0
195 500190 500154 0
196 500177 500142 0
197 250191 250175 0
198 125142 125134 0
199 125197 125189 0
200 15729 15728 0
201 500171 500147 0
202 62610 62607 0
203 62655 62652 0
204 500142 500120 0
205 500146 500129 0
206 500154 500137 0
207 500189 500172 0
208 500169 500153 0
209 31373 31372 0
210 250123 250117 0
211 250149 250143 0
212 250164 250158 0
213 500122 500112 0
214 250113 250108 0
215 500124 500116 0
216 500199 500191 0
217 500174 500167 0
218 62615 62615 0
219 2114 2114 0
220 31369 31369 0
221 250170 250170 0
222 125166 125166 0
223 500190 500192 0
224 500122 500124 0
225 125181 125183 0
226 500112 500120 0
227 500178 500190 0
228 500170 500183 0
229 500107 500121 0
230 125163 125167 0
231 500147 500165 0
232 500143 500162 0
233 500121 500140 0
234 500102 500121 0
235 250136 250146 0
236 62640 62643 0
237 125146 125152 0
238 125140 125146 0
239 500121 500146 0
240 250121 250134 0
241 31428 31430 0
242 125121 125129 0
243 500116 500152 0
244 62640 62645 0
245 250128 250149 0
246 500142 500188 0
247 500117 500163 0
248 500140 500187 0
249 31369 31372 0
250 500111 500161 0
251 250155 250185 0
252 7938 7939 0
253 62637 62645 0
254 125154 125170 0
255 250120 250153 0
256 250153 250191 0
257 125120 125142 0
258 250136 250180 0
259 250120 250164 0
260 125152 125175 0
261 62619 62632 0
262 250128 250180 0
263 250130 250184 0
264 250128 250185 0
265 250120 250177 0
266 62618 62633 0
267 125112 125142 0
268 4052 4053 0
269 125138 125169 0
270 15792 15796 0
271 250123 250189 0
272 31406 31415 0
273 250109 250183 0
274 62670 62690 0
275 62659 62679 0
276 125146 125186 0
277 250116 250197 0
278 250113 250195 0
279 125153 125196 0
280 31390 31401 0
281 125149 125193 0
282 125116 125161 0
283 250109 250199 0
284 62618 62643 0
285 62616 62641 0
286 125133 125187 0
287 125110 125164 0
288 15737 15744 0
289 31401 31415 0
290 31366 31381 0
291 62633 62663 0
292 4051 4053 0
293 4014 4016 0
294 15799 15807 0
295 62644 62676 0
296 125121 125189 0
297 125110 125182 0
298 125116 125191 0
299 31419 31439 0
300 125114 125194 0
301 125103 125186 0
302 31353 31374 0
303 125104 125191 0
304 15744 15755 0
305 15799 15811 0
306 62643 62691 0
307 31392 31417 0
308 31407 31433 0
309 2092 2094 0
310 31384 31415 0
311 31376 31410 0
312 31355 31390 0
313 15738 15757 0
314 62604 62685 0
315 62607 62691 0
316 62603 62689 0
317 31367 31412 0
318 15766 15790 0
319 15753 15779 0
320 31363 31419 0
321 7914 7929 0
322 31360 31420 0
323 31354 31417 0
324 31363 31427 0
325 15791 15825 0
326 15781 15818 0
327 15762 15799 0
328 7981 8000 0
329 15758 15796 0
330 15748 15786 0
331 4047 4057 0
332 31353 31431 0
333 15726 15767 0
334 2089 2095 0
335 15774 15824 0
336 4063 4076 0
337 15737 15788 0
338 7959 7986 0
339 7924 7951 0
340 4027 4042 0
341 7974 8005 0
342 15726 15788 0
343 33 35 1
344 2107 2146 0
345 2099 2145 0
346 2090 2138 0
347 2077 2098 0
348 2084 2093 0
349 2080 2115 0
350 2082 2145 0
351 2089 2146 0
352 4025 4105 0
353 2081 2139 0
354 2066 2091 0
355 4028 4060 0
356 4023 4080 0
357 2087 2148 0
358 4073 4091 0
359 12 91 0
360 21 36 0
361 4016 4081 0
362 4029 4083 0
363 14 34 0
364 2071 2145 0
365 62 73 0
366 59 83 0
367 7948 8003 0
368 7915 7975 0
369 30 50 0
370 7922 7998 0
371 7924 7998 0
372 7914 7958 0
373 40 100 0
374 7919 7991 0
375 3 19 0
376 91 100 0
377 7949 8001 0
378 9 90 0
379 7932 7986 0
380 7914 7957 0
381 2 49 0
382 4 66 0
383 10 79 0
384 15750 15825 0
385 20 83 0
386 79 88 0
387 4 74 0
388 43 81 0
389 15727 15805 0
390 15733 15818 0
391 15729 15822 0
392 22 76 0
393 49 92 0
394 15735 15817 0
395 11 44 0
396 15760 15823 0
397 69 94 0
398 2073 2116 0
399 2079 2104 0
--------------
1000000 :c
1004014 :sum(p)
999999 :sum(w)
