400 :n
id p,w,x
--------------
0 2146 2064 1
1 2107 2078 1
2 15825 15732 1
3 7992 7941 1
4 50 10 1
5 7989 7950 1
6 72 47 1
7 7995 7931 1
8 7984 7917 1
9 7979 7927 1
10 95 31 1
11 7994 7916 1
12 8009 7940 1
13 7975 7929 1
14 68 35 1
15 2114 2091 1
16 70 51 1
17 93 31 1
18 7961 7914 1
19 4053 4015 1
20 4066 4020 1
21 2137 2067 1
22 4084 4015 1
23 99 23 1
24 4104 4047 1
25 4101 4072 1
26 4064 4010 1
27 4031 4009 1
28 4066 4015 1
29 4092 4039 1
30 4055 4013 1
31 92 7 1
32 90 2 1
33 4084 4054 1
34 4054 4016 1
35 4083 4056 1
36 68 45 1
37 15811 15738 1
38 4092 4057 1
39 2110 2063 1
40 2138 2115 1
41 2099 2059 1
42 2090 2078 1
43 2113 2098 1
44 2140 2091 1
45 96 54 1
46 52 19 1
47 2139 2122 1
48 43 23 1
49 72 48 1
50 2094 2058 1
51 2093 2073 1
52 2152 2097 1
53 2136 2081 1
54 2114 2060 1
55 2144 2071 1
56 2146 2114 1
57 24 18 1
58 23 22 1
59 89 87 0
60 2142 2131 1
61 4062 4045 1
62 4093 4076 1
63 8006 7973 1
64 15808 15744 1
65 7951 7922 1
66 8000 7971 1
67 15816 15759 1
68 4024 4010 1
69 7987 7960 1
70 2075 2068 1
71 8011 7985 1
72 15796 15746 1
73 15804 15754 1
74 31446 31359 1
75 7954 7932 1
76 8001 7981 1
77 2144 2139 1
78 7959 7941 1
79 31437 31373 1
80 31433 31371 1
81 15786 15755 1
82 4077 4069 1
83 4089 4081 1
84 15811 15781 1
85 15812 15782 1
86 2152 2148 0
87 31422 31368 1
88 31447 31396 1
89 31429 31379 1
90 4096 4090 1
91 15749 15726 1
92 15820 15799 1
93 62689 62606 1
94 62700 62624 1
95 15745 15727 1
96 2122 2107 1
97 15789 15773 0
98 7983 7975 0
99 62661 62601 1
100 2116 2114 0
101 4066 4030 1
102 31419 31366 1
103 62670 62612 1
104 62660 62604 1
105 62662 62609 0
106 62698 62644 0
107 31449 31440 0
108 46 59 0
109 15784 15770 0
110 7931 7924 0
111 7947 7940 0
112 62697 62647 0
113 2139 2148 0
114 7930 7924 0
115 8002 7996 1
116 62643 62603 0
117 15789 15779 0
118 125197 125119 0
119 125190 125115 0
120 31411 31393 0
121 125192 125123 0
122 125188 125120 0
123 125186 125121 0
124 7987 7983 0
125 4044 4042 1
126 4090 4088 0
127 4092 4090 0
128 2123 2122 0
129 125159 125103 0
130 31385 31371 0
131 62642 62615 0
132 31373 31360 0
133 31387 31375 0
134 125150 125104 0
135 125181 125135 0
136 125192 125146 0
137 62690 62668 0
138 62655 62634 0
139 125181 125140 0
140 250198 250125 0
141 250172 250103 0
142 62653 62636 0
143 125163 125130 0
144 7916 7914 0
145 250165 250103 0
146 4105 4104 0
147 250196 250137 0
148 250178 250120 0
149 62652 62638 0
150 500199 500102 0
151 62625 62613 0
152 31393 31387 0
153 250163 250116 0
154 125178 125156 0
155 62649 62638 0
156 500188 500102 0
157 500197 500111 0
158 250143 250101 0
159 250168 250126 0
160 125178 125157 0
161 62687 62677 0
162 31392 31387 0
163 31411 31406 0
164 31432 31427 0
165 500178 500104 0
166 125136 125118 0
167 500178 500107 0
168 15751 15749 0
169 500172 500109 0
170 250177 250146 0
171 500161 500102 0
172 500179 500121 0
173 62674 62667 0
174 125132 125119 0
175 500154 500108 0
176 250157 250134 0
177 250194 250171 0
178 500169 500124 0
179 250148 250127 0
180 250144 250125 0
181 125113 125104 0
182 125162 125153 0
183 500167 500134 0
184 500179 500146 0
185 125177 125169 0
186 62667 62663 0
187 500175 500144 0
188 500159 500131 0
189 250173 250159 0
190 500185 500158 0
191 500156 500131 0
192 250177 250166 0
193 500157 500136 0
194 500168 500148 0
195 500194 500174 0
196 250145 250135 0
197 125160 125155 0
198 250198 250190 0
199 500125 500111 0
200 125155 125152 0
201 500130 500120 0
202 500180 500170 0
203 500114 500105 0
204 62636 62635 0
205 250118 250115 0
206 250148 250145 0
207 500193 500188 0
208 250178 250176 0
209 15 15 0
210 4058 4058 0
211 125138 125138 0
212 2118 2118 0
213 500181 500184 0
214 250181 250183 0
215 500139 500144 0
216 2113 2115 0
217 71 75 0
218 70 75 0
219 2 7 0
220 15746 15766 0
221 15757 15815 0
222 15748 15798 0
223 15765 15780 0
224 15799 15821 0
225 15802 15823 0
226 15761 15771 0
227 15741 15813 0
228 15753 15823 0
229 15741 15761 0
230 15728 15776 0
231 15802 15822 0
232 15726 15799 0
233 15738 15770 0
234 15812 15819 0
235 15769 15796 0
236 15786 15812 0
237 500169 500175 0
238 31397 31446 0
239 31413 31429 0
240 31371 31449 0
241 7957 7978 0
242 7943 7958 0
243 31403 31440 0
244 7937 7958 0
245 31389 31397 0
246 7918 7976 0
247 31423 31432 0
248 7935 7972 0
249 7961 7980 0
250 31352 31376 0
251 7961 7990 0
252 7930 7964 0
253 31368 31399 0
254 31377 31432 0
255 31355 31366 0
256 7956 7960 0
257 31372 31450 0
258 31383 31404 0
259 31427 31433 0
260 8006 8010 0
261 31353 31373 0
262 7917 7965 0
263 7958 8010 0
264 7940 8008 0
265 31394 31432 0
266 31357 31429 0
267 31373 31402 0
268 31352 31379 0
269 31365 31387 0
270 31396 31411 0
271 7956 7993 0
272 31432 31436 0
273 31439 31440 0
274 7922 7925 0
275 31357 31421 0
276 7943 7963 0
277 31360 31412 0
278 62631 62646 0
279 62611 62670 0
280 4022 4102 0
281 62616 62657 0
282 62643 62674 0
283 62635 62663 0
284 62625 62652 0
285 4056 4083 0
286 62625 62650 0
287 4031 4090 0
288 62629 62669 0
289 62659 62681 0
290 62610 62655 0
291 62621 62674 0
292 62686 62698 0
293 62634 62683 0
294 4012 4104 0
295 4083 4103 0
296 62613 62681 0
297 4037 4103 0
298 62620 62622 0
299 4079 4098 0
300 4014 4064 0
301 62604 62618 0
302 62628 62630 0
303 62653 62655 0
304 4008 4044 0
305 4039 4063 0
306 4024 4030 0
307 62612 62621 0
308 4029 4086 0
309 4013 4086 0
310 4056 4090 0
311 62639 62700 0
312 125124 125164 0
313 125178 125181 0
314 125140 125180 0
315 125110 125140 0
316 125144 125192 0
317 125108 125116 0
318 125141 125190 0
319 125146 125191 0
320 125135 125139 0
321 125162 125182 0
322 2067 2121 0
323 2056 2081 0
324 125110 125155 0
325 2099 2146 0
326 2120 2132 0
327 125119 125199 0
328 15737 15824 0
329 125120 125198 0
330 2056 2076 0
331 125132 125150 0
332 125146 125193 0
333 125104 125133 0
334 125112 125191 0
335 125166 125189 0
336 125104 125183 0
337 2054 2096 0
338 250108 250199 0
339 250111 250127 0
340 250107 250190 0
341 250190 250197 0
342 250124 250160 0
343 250119 250163 0
344 250136 250188 0
345 15731 15739 0
346 250118 250185 0
347 2065 2106 0
348 2063 2138 0
349 250112 250131 0
350 250116 250145 0
351 250119 250135 0
352 2070 2147 0
353 2087 2144 0
354 250169 250189 0
355 2078 2128 0
356 250154 250185 0
357 2095 2146 0
358 250128 250145 0
359 54 83 0
360 1 38 0
361 250149 250159 0
362 250132 250152 0
363 7 83 0
364 250159 250163 0
365 14 64 0
366 250102 250156 0
367 17 51 0
368 15808 15823 0
369 250161 250193 0
370 500123 500180 0
371 500145 500169 0
372 7 98 0
373 500122 500138 0
374 19 61 0
375 500160 500196 0
376 15748 15749 0
377 500104 500126 0
378 15767 15811 0
379 40 72 0
380 25 97 0
381 500119 500130 0
382 500126 500167 0
383 500132 500150 0
384 4 85 0
385 67 78 0
386 58 94 0
387 26 42 0
388 500127 500156 0
389 500118 500157 0
390 500146 500152 0
391 500126 500134 0
392 63 76 0
393 7 19 0
394 28 39 0
395 8 59 0
396 500133 500187 0
397 60 79 0
398 15740 15778 0
399 15734 15782 0
--------------
1000000 :c
1004127 :sum(p)
1000000 :sum(w)
