400 :n
id p,w,x
--------------
0 83 23 1
1 88 27 1
2 15820 15741 1
3 65 4 1
4 74 17 1
5 2149 2078 1
6 2132 2063 1
7 8003 7931 1
8 8009 7934 1
9 4070 4008 1
10 4086 4022 1
11 4084 4009 1
12 4104 4010 1
13 4095 4023 1
14 4105 4027 1
15 60 5 1
16 50 9 1
17 24 10 1
18 39 18 1
19 45 22 1
20 94 49 1
21 100 53 1
22 69 47 1
23 18 13 1
24 85 62 1
25 75 58 1
26 96 75 1
27 45 37 1
28 70 60 1
29 2141 2090 1
30 2139 2093 1
31 2120 2076 1
32 2134 2090 1
33 2118 2075 1
34 2115 2076 1
35 2098 2061 1
36 4066 4008 1
37 4080 4032 1
38 2118 2095 1
39 2139 2117 1
40 4066 4027 1
41 2129 2109 1
42 4073 4036 1
43 4059 4024 1
44 2131 2113 1
45 4096 4062 1
46 4070 4037 1
47 4090 4059 1
48 4059 4029 1
49 4087 4058 1
50 7964 7913 1
51 4037 4015 1
52 4072 4050 1
53 4095 4073 1
54 4077 4059 1
55 4077 4060 1
56 7985 7953 1
57 8008 7976 1
58 8011 7979 1
59 2096 2088 1
60 4103 4088 1
61 15783 15729 1
62 15786 15733 1
63 8010 7984 1
64 4069 4057 1
65 15775 15735 1
66 15804 15764 1
67 4055 4045 1
68 15777 15739 1
69 31425 31352 1
70 31429 31358 1
71 15777 15742 1
72 4095 4086 1
73 7989 7972 1
74 7994 7977 1
75 15818 15786 1
76 7965 7949 1
77 2091 2087 1
78 15794 15764 1
79 2121 2117 1
80 15775 15746 1
81 15757 15729 1
82 4063 4056 1
83 31423 31369 1
84 15754 15727 1
85 31449 31400 1
86 15784 15760 1
87 7927 7915 1
88 15767 15745 1
89 62698 62611 1
90 31420 31380 1
91 15779 15759 1
92 7926 7916 1
93 62689 62613 1
94 15779 15761 1
95 15787 15770 1
96 62686 62625 1
97 31408 31380 0
98 15767 15753 1
99 31378 31351 0
100 2129 2082 1
101 62682 62617 1
102 7959 7949 1
103 62655 62602 1
104 31400 31375 0
105 7987 8012 0
106 85 88 0
107 60 78 0
108 62650 62603 0
109 4097 4094 0
110 62670 62628 0
111 125188 125106 0
112 62677 62636 0
113 62656 62616 0
114 62657 62620 0
115 125182 125109 0
116 62650 62614 0
117 31411 31393 0
118 31417 31399 0
119 15782 15773 0
120 62676 62642 0
121 62653 62620 0
122 62681 62648 0
123 62639 62607 0
124 62678 62646 0
125 31405 31389 0
126 7920 7916 0
127 7939 7935 0
128 2080 2082 1
129 125189 125127 0
130 31374 31359 0
131 31393 31378 0
132 125166 125107 0
133 2135 2134 0
134 31393 31379 0
135 125194 125139 0
136 62688 62662 0
137 31420 31408 0
138 15754 15748 0
139 7926 7923 0
140 7935 7932 0
141 7935 7932 0
142 31389 31378 0
143 7922 7920 0
144 2066 2066 0
145 4093 4093 0
146 2140 2142 0
147 2130 2132 0
148 125162 125115 0
149 31407 31399 0
150 62636 62621 0
151 250187 250129 0
152 250174 250106 0
153 250174 250110 0
154 31383 31377 0
155 250193 250130 0
156 125138 125108 0
157 250183 250121 0
158 125189 125156 0
159 125170 125145 0
160 125196 125171 0
161 250174 250106 0
162 62635 62622 0
163 62667 62650 0
164 250192 250148 0
165 125176 125140 0
166 15820 15817 0
167 125150 125109 0
168 250189 250113 0
169 125176 125135 0
170 250192 250107 0
171 31381 31405 0
172 31372 31376 0
173 31404 31419 0
174 31351 31373 0
175 125135 125140 0
176 62611 62689 0
177 31402 31432 0
178 31365 31370 0
179 62601 62651 0
180 31381 31425 0
181 31389 31434 0
182 31361 31365 0
183 62639 62678 0
184 31427 31422 0
185 31407 31438 0
186 62611 62637 0
187 31444 31441 0
188 125159 125199 0
189 31378 31391 0
190 31391 31437 0
191 62630 62682 0
192 31352 31413 0
193 62650 62658 0
194 62613 62616 0
195 62669 62688 0
196 125118 125156 0
197 125105 125190 0
198 62604 62624 0
199 125141 125138 0
200 62660 62657 0
201 15743 15775 0
202 125144 125161 0
203 125123 125183 0
204 62652 62675 0
205 62645 62674 0
206 15792 15801 0
207 250121 250120 0
208 62609 62669 0
209 62659 62678 0
210 62603 62668 0
211 62608 62690 0
212 15814 15821 0
213 15749 15783 0
214 250107 250129 0
215 62623 62646 0
216 250115 250140 0
217 15759 15792 0
218 15790 15815 0
219 62601 62666 0
220 15810 15820 0
221 250103 250179 0
222 15744 15772 0
223 250113 250180 0
224 15806 15808 0
225 250131 250137 0
226 250111 250145 0
227 250161 250155 0
228 15728 15756 0
229 125157 125136 0
230 250173 250157 0
231 15755 15768 0
232 125120 125124 0
233 15804 15822 0
234 250185 250199 0
235 125119 125149 0
236 125123 125138 0
237 250120 250182 0
238 250104 250130 0
239 250153 250111 0
240 250144 250128 0
241 250197 250185 0
242 7942 7956 0
243 250138 250129 0
244 125102 125116 0
245 7951 7967 0
246 250161 250137 0
247 7964 7974 0
248 250123 250158 0
249 125107 125105 0
250 250111 250199 0
251 250117 250174 0
252 250101 250152 0
253 250124 250190 0
254 7985 7988 0
255 7974 7979 0
256 250110 250159 0
257 250171 250145 0
258 125175 125183 0
259 125173 125187 0
260 125141 125133 0
261 250183 250171 0
262 125138 125160 0
263 125132 125187 0
264 250138 250127 0
265 125138 125133 0
266 125155 125146 0
267 250121 250108 0
268 7977 7994 0
269 250115 250161 0
270 250109 250161 0
271 125115 125129 0
272 125134 125155 0
273 125106 125126 0
274 250189 250187 0
275 125139 125181 0
276 250126 250112 0
277 500124 500193 0
278 125161 125166 0
279 500111 500150 0
280 125149 125129 0
281 500179 500112 0
282 125157 125167 0
283 4016 4022 0
284 500164 500123 0
285 500188 500103 0
286 500175 500128 0
287 4079 4085 0
288 500184 500170 0
289 500111 500160 0
290 500145 500145 0
291 500154 500192 0
292 500115 500120 0
293 500161 500109 0
294 500146 500124 0
295 500196 500196 0
296 500129 500177 0
297 500127 500110 0
298 500130 500159 0
299 500119 500163 0
300 500185 500129 0
301 500142 500112 0
302 500186 500140 0
303 500179 500186 0
304 500179 500123 0
305 500149 500185 0
306 4087 4090 0
307 62604 62646 0
308 62608 62613 0
309 500118 500145 0
310 500131 500135 0
311 500112 500149 0
312 500193 500147 0
313 500174 500126 0
314 500102 500191 0
315 500122 500143 0
316 500181 500143 0
317 500105 500143 0
318 500104 500120 0
319 500167 500173 0
320 500135 500178 0
321 500124 500124 0
322 500102 500123 0
323 500191 500121 0
324 31406 31433 0
325 500197 500143 0
326 31384 31409 0
327 31399 31450 0
328 31352 31381 0
329 31430 31425 0
330 2066 2102 0
331 2101 2123 0
332 4081 4095 0
333 4022 4098 0
334 2054 2128 0
335 4013 4069 0
336 2089 2150 0
337 2070 2095 0
338 4036 4073 0
339 4015 4037 0
340 2082 2142 0
341 4008 4083 0
342 4050 4084 0
343 4032 4050 0
344 2075 2112 0
345 2073 2080 0
346 7931 7986 0
347 7948 7974 0
348 2090 2133 0
349 2088 2126 0
350 2092 2125 0
351 7913 7984 0
352 2100 2136 0
353 2071 2093 0
354 7929 7988 0
355 7940 7992 0
356 7920 7950 0
357 2068 2087 0
358 2085 2108 0
359 15 85 0
360 7920 7997 0
361 7978 8005 0
362 40 51 0
363 2095 2115 0
364 7930 8008 0
365 7925 7975 0
366 18 70 0
367 7964 7984 0
368 26 45 0
369 7916 7944 0
370 2134 2152 0
371 7965 7985 0
372 7934 7997 0
373 41 55 0
374 6 90 0
375 47 91 0
376 77 89 0
377 15758 15796 0
378 15751 15820 0
379 38 71 0
380 15733 15807 0
381 15768 15825 0
382 26 56 0
383 25 80 0
384 56 84 0
385 33 43 0
386 15751 15814 0
387 5 58 0
388 13 49 0
389 15739 15785 0
390 6 73 0
391 15735 15770 0
392 31358 31445 0
393 16 71 0
394 23 95 0
395 12 80 0
396 32 68 0
397 31364 31449 0
398 4010 4056 0
399 2121 2135 0
--------------
1000000 :c
1003782 :sum(p)
999999 :sum(w)
