400 :n
id p,w,x
--------------
0 4073 4013 1
1 4074 4044 1
2 98 1 1
3 75 2 1
4 82 20 1
5 4068 4038 1
6 4071 4026 1
7 92 34 1
8 98 76 1
9 60 14 1
10 4080 4015 1
11 66 23 1
12 4086 4044 1
13 15806 15728 1
14 52 14 1
15 81 21 1
16 4063 4026 1
17 4065 4023 1
18 98 43 1
19 94 33 1
20 50 20 1
21 2151 2118 1
22 15810 15737 1
23 2118 2093 1
24 2130 2060 1
25 2134 2065 1
26 4072 4007 1
27 2138 2064 1
28 4075 4044 1
29 2130 2080 1
30 2142 2117 1
31 4096 4036 1
32 7977 7915 1
33 7982 7932 1
34 2150 2095 1
35 8001 7913 1
36 2123 2066 1
37 2103 2078 1
38 7993 7945 1
39 8007 7918 1
40 2131 2085 1
41 7954 7920 1
42 2129 2069 1
43 2118 2066 1
44 2133 2079 1
45 2132 2067 1
46 4088 4041 1
47 4087 4059 1
48 4084 4036 1
49 4088 4043 1
50 4077 4013 1
51 7988 7913 1
52 7998 7933 1
53 7973 7926 1
54 7967 7918 1
55 15 8 1
56 86 67 1
57 80 63 1
58 94 82 1
59 39 35 1
60 44 42 1
61 2112 2091 1
62 2094 2074 1
63 2123 2105 1
64 2085 2069 1
65 2110 2097 1
66 2076 2064 1
67 15794 15728 1
68 8000 7967 1
69 7958 7926 1
70 7981 7949 1
71 4035 4019 1
72 8010 7979 1
73 2111 2103 1
74 8003 7974 1
75 15820 15763 1
76 4106 4092 1
77 2153 2146 0
78 4023 4010 1
79 31448 31356 1
80 2112 2106 1
81 2120 2114 1
82 7942 7920 1
83 4086 4075 1
84 15799 15760 1
85 15784 15749 1
86 7951 7934 1
87 15772 15740 1
88 31450 31388 1
89 4090 4082 1
90 7962 7947 1
91 15755 15726 1
92 31416 31361 1
93 7940 7927 1
94 7994 7981 0
95 31422 31372 1
96 31421 31372 1
97 4061 4055 0
98 7958 7947 1
99 8006 7995 0
100 62693 62611 1
101 62682 62605 1
102 15766 15749 1
103 15777 15760 1
104 31449 31417 1
105 15785 15769 0
106 7922 7914 0
107 62680 62624 1
108 31409 31381 1
109 15817 15740 1
110 62670 62609 1
111 7926 7919 0
112 62665 62610 1
113 15797 15790 0
114 15819 15807 0
115 7962 7967 0
116 16 84 0
117 15757 15744 0
118 15776 15763 0
119 62649 62601 0
120 62688 62640 0
121 15758 15746 0
122 31396 31373 0
123 15786 15784 0
124 62661 62616 0
125 62688 62643 0
126 31448 31428 0
127 62640 62602 0
128 62642 62604 0
129 62641 62605 0
130 31429 31411 0
131 125188 125123 0
132 125174 125111 0
133 125174 125119 0
134 62648 62625 0
135 250198 250118 0
136 125186 125146 0
137 62651 62631 0
138 31437 31427 0
139 31446 31436 0
140 62663 62644 0
141 62691 62672 0
142 250177 250102 0
143 250186 250113 0
144 125196 125160 0
145 250185 250119 0
146 125138 125105 0
147 125149 125117 0
148 250193 250136 0
149 125155 125128 0
150 62628 62615 0
151 250167 250116 0
152 250189 250139 0
153 31431 31425 0
154 500192 500104 0
155 500196 500112 0
156 7959 7958 0
157 15778 15778 0
158 15762 15766 0
159 15775 15782 0
160 15750 15757 0
161 7922 7926 0
162 4083 4087 0
163 7939 7947 0
164 2145 2148 0
165 2139 2142 0
166 7921 7933 0
167 4066 4076 0
168 2137 2143 0
169 4093 4105 0
170 2089 2096 0
171 2115 2124 0
172 2136 2147 0
173 2116 2135 0
174 2084 2103 0
175 97 100 0
176 86 92 0
177 69 75 0
178 65 75 0
179 40 47 0
180 72 88 0
181 49 61 0
182 50 65 0
183 44 60 0
184 19 38 0
185 16 33 0
186 31354 31365 0
187 62634 62633 0
188 31416 31413 0
189 31394 31407 0
190 31370 31369 0
191 31366 31427 0
192 31400 31408 0
193 31421 31435 0
194 31387 31407 0
195 62612 62608 0
196 31428 31433 0
197 62641 62634 0
198 31382 31393 0
199 62687 62678 0
200 15750 15814 0
201 15735 15763 0
202 15743 15799 0
203 15756 15786 0
204 15757 15776 0
205 62666 62661 0
206 62648 62644 0
207 15799 15815 0
208 15750 15800 0
209 15796 15812 0
210 125148 125168 0
211 125157 125190 0
212 125100 125102 0
213 15785 15804 0
214 31400 31418 0
215 15758 15803 0
216 15771 15823 0
217 125134 125162 0
218 125129 125117 0
219 15737 15752 0
220 15774 15785 0
221 125106 125128 0
222 125104 125155 0
223 62604 62649 0
224 125132 125118 0
225 125114 125198 0
226 15755 15793 0
227 15788 15810 0
228 62627 62652 0
229 125102 125171 0
230 31379 31421 0
231 125104 125112 0
232 125112 125147 0
233 125113 125121 0
234 125168 125163 0
235 31376 31450 0
236 15740 15760 0
237 15769 15777 0
238 15772 15781 0
239 125108 125119 0
240 7944 7982 0
241 62628 62633 0
242 7947 7991 0
243 125174 125167 0
244 125169 125171 0
245 7957 7984 0
246 125128 125192 0
247 7949 7969 0
248 125122 125115 0
249 125114 125167 0
250 7926 7974 0
251 125138 125146 0
252 7959 7994 0
253 125139 125145 0
254 125158 125154 0
255 125173 125162 0
256 125190 125199 0
257 7959 8011 0
258 125113 125165 0
259 7914 7942 0
260 125150 125183 0
261 125176 125170 0
262 125146 125163 0
263 125175 125190 0
264 125109 125170 0
265 125117 125120 0
266 250174 250162 0
267 7929 7949 0
268 62670 62692 0
269 31386 31397 0
270 31370 31379 0
271 7917 7975 0
272 31359 31407 0
273 250179 250160 0
274 7949 8002 0
275 250194 250161 0
276 250190 250176 0
277 250146 250145 0
278 250183 250185 0
279 62690 62690 0
280 250107 250143 0
281 250154 250135 0
282 250135 250111 0
283 4032 4053 0
284 250178 250171 0
285 4055 4076 0
286 250200 250164 0
287 4018 4038 0
288 250187 250171 0
289 250174 250180 0
290 250135 250179 0
291 250111 250188 0
292 250133 250107 0
293 250181 250199 0
294 4055 4096 0
295 62623 62659 0
296 4041 4073 0
297 250124 250136 0
298 4008 4077 0
299 250133 250198 0
300 4056 4085 0
301 4043 4098 0
302 4032 4088 0
303 4019 4059 0
304 4045 4096 0
305 250101 250172 0
306 250162 250189 0
307 4008 4080 0
308 250101 250120 0
309 250113 250189 0
310 250175 250180 0
311 250156 250150 0
312 250161 250124 0
313 31376 31441 0
314 4045 4080 0
315 4034 4090 0
316 4037 4090 0
317 250117 250157 0
318 250102 250171 0
319 250132 250170 0
320 250200 250170 0
321 250181 250162 0
322 250144 250164 0
323 31385 31389 0
324 2076 2110 0
325 250115 250169 0
326 500172 500187 0
327 500190 500176 0
328 500157 500136 0
329 500162 500194 0
330 2093 2142 0
331 31375 31436 0
332 500198 500117 0
333 500183 500110 0
334 500115 500110 0
335 62685 62680 0
336 2069 2124 0
337 500122 500179 0
338 2100 2133 0
339 500102 500178 0
340 500163 500113 0
341 2059 2079 0
342 500146 500180 0
343 2075 2138 0
344 31362 31392 0
345 500185 500106 0
346 31408 31449 0
347 500123 500199 0
348 62602 62649 0
349 31352 31442 0
350 500173 500183 0
351 62621 62684 0
352 500186 500191 0
353 500137 500195 0
354 500117 500104 0
355 500114 500104 0
356 2091 2134 0
357 500158 500162 0
358 500129 500156 0
359 31387 31430 0
360 500103 500154 0
361 500188 500107 0
362 500114 500149 0
363 34 75 0
364 500146 500102 0
365 62608 62664 0
366 500193 500148 0
367 500192 500149 0
368 31356 31402 0
369 62652 62670 0
370 59 97 0
371 31447 31445 0
372 500179 500151 0
373 27 83 0
374 500142 500103 0
375 500126 500153 0
376 2 25 0
377 62616 62672 0
378 500145 500181 0
379 500145 500136 0
380 500137 500147 0
381 500129 500197 0
382 31373 31432 0
383 31417 31446 0
384 34 96 0
385 2 65 0
386 45 68 0
387 48 83 0
388 62679 62694 0
389 62617 62628 0
390 62625 62646 0
391 500178 500171 0
392 500134 500196 0
393 8 46 0
394 8 80 0
395 500174 500147 0
396 500139 500109 0
397 500162 500178 0
398 62663 62687 0
399 62624 62667 0
--------------
1000000 :c
1004446 :sum(p)
999998 :sum(w)
