400 :n
id p,w,x
--------------
0 93 2 1
1 52 5 1
2 34 6 1
3 37 7 1
4 35 8 1
5 93 25 1
6 99 31 1
7 55 19 1
8 80 33 1
9 63 30 1
10 8 4 1
11 53 27 1
12 87 45 1
13 97 62 1
14 66 53 1
15 30 25 1
16 57 48 1
17 54 51 1
18 2136 2073 1
19 2152 2097 1
20 2120 2069 1
21 2106 2056 1
22 4102 4013 1
23 2116 2078 1
24 2122 2086 1
25 4089 4031 1
26 2087 2058 1
27 2152 2124 1
28 2135 2109 1
29 2097 2074 1
30 8009 7926 1
31 4098 4057 1
32 2120 2099 1
33 8003 7924 1
34 4103 4063 1
35 4061 4023 1
36 2147 2127 1
37 4075 4038 1
38 7992 7923 1
39 7998 7934 1
40 2125 2109 1
41 4062 4034 1
42 4034 4007 1
43 2124 2110 1
44 15825 15728 1
45 2146 2133 1
46 2070 2058 1
47 7975 7930 1
48 7986 7941 1
49 7968 7927 1
50 8006 7967 1
51 4042 4023 1
52 8009 7972 1
53 15804 15731 1
54 7990 7955 1
55 2067 2058 1
56 4073 4057 1
57 15798 15736 1
58 15803 15741 1
59 4094 4078 1
60 15804 15743 1
61 4071 4057 1
62 2065 2058 0
63 7952 7926 1
64 4086 4073 1
65 15806 15757 1
66 15814 15766 1
67 15810 15763 1
68 31442 31351 1
69 7943 7922 1
70 7994 7973 1
71 15823 15786 1
72 4016 4008 0
73 31417 31356 1
74 31445 31384 1
75 31442 31384 1
76 15763 15734 1
77 31415 31360 1
78 31424 31375 1
79 31437 31394 1
80 7970 7960 0
81 31446 31407 1
82 31439 31401 1
83 15784 15767 0
84 31424 31392 1
85 7945 7937 1
86 31411 31380 1
87 15776 15761 1
88 2151 2149 0
89 62663 62606 1
90 31384 31356 1
91 7992 7985 0
92 15769 15754 0
93 15748 15734 0
94 62694 62640 1
95 62684 62631 1
96 62672 62625 1
97 62698 62696 0
98 31442 31427 0
99 93 95 0
100 31402 31379 0
101 62685 62642 0
102 62674 62633 0
103 62684 62644 0
104 31402 31382 0
105 8001 7999 0
106 62657 62618 0
107 125193 125116 0
108 125186 125113 0
109 31373 31355 0
110 15822 15813 0
111 125172 125102 0
112 125169 125105 0
113 15768 15760 0
114 2057 2056 0
115 125191 125133 0
116 62681 62652 0
117 62640 62613 0
118 62665 62638 0
119 62671 62646 0
120 62694 62671 0
121 62645 62624 0
122 62660 62639 0
123 62687 62668 0
124 62679 62663 0
125 15735 15731 0
126 31440 31434 0
127 31429 31424 0
128 62649 62641 0
129 31390 31386 0
130 31380 31377 0
131 7978 7978 0
132 15797 15797 0
133 7955 7957 0
134 15750 15754 0
135 31387 31399 0
136 31365 31377 0
137 15786 15793 0
138 2145 2146 0
139 7959 7963 0
140 15789 15798 0
141 15780 15789 0
142 7956 7961 0
143 4041 4044 0
144 7977 7983 0
145 7962 7968 0
146 7918 7924 0
147 15765 15780 0
148 4094 4098 0
149 15750 15766 0
150 7979 7988 0
151 15747 15768 0
152 7947 7958 0
153 7945 7956 0
154 2118 2121 0
155 4060 4066 0
156 4055 4061 0
157 15739 15763 0
158 15775 15800 0
159 4068 4075 0
160 7973 7988 0
161 2095 2100 0
162 4021 4031 0
163 2139 2145 0
164 7930 7956 0
165 7968 7995 0
166 4058 4072 0
167 4048 4062 0
168 7913 7941 0
169 7936 7965 0
170 7972 8005 0
171 2103 2113 0
172 4054 4075 0
173 4084 4106 0
174 2056 2069 0
175 4033 4062 0
176 4007 4036 0
177 2112 2128 0
178 4028 4060 0
179 4063 4097 0
180 4067 4103 0
181 2062 2083 0
182 2099 2125 0
183 2122 2152 0
184 2063 2098 0
185 90 94 0
186 57 66 0
187 74 86 0
188 32 38 0
189 52 63 0
190 16 21 0
191 25 39 0
192 57 94 0
193 53 88 0
194 26 44 0
195 37 72 0
196 31 67 0
197 21 52 0
198 21 57 0
199 14 45 0
200 10 36 0
201 8 34 0
202 500188 500102 0
203 125121 125111 0
204 125112 125108 0
205 62640 62637 0
206 500195 500105 0
207 500176 500109 0
208 500171 500110 0
209 500143 500109 0
210 250167 250131 0
211 125142 125129 0
212 125158 125135 0
213 500194 500107 0
214 500165 500110 0
215 500171 500116 0
216 500140 500104 0
217 125196 125180 0
218 500176 500159 0
219 500153 500128 0
220 125171 125150 0
221 62627 62624 0
222 250174 250152 0
223 250199 250157 0
224 250182 250147 0
225 125197 125172 0
226 250162 250105 0
227 125162 125124 0
228 250184 250136 0
229 125159 125117 0
230 250171 250105 0
231 250190 250108 0
232 125160 125115 0
233 125172 125119 0
234 125198 125142 0
235 250193 250136 0
236 250156 250146 0
237 250152 250118 0
238 250161 250136 0
239 250121 250110 0
240 250125 250111 0
241 500189 500134 0
242 125161 125152 0
243 125132 125112 0
244 250179 250140 0
245 500160 500146 0
246 250155 250121 0
247 500179 500123 0
248 250197 250169 0
249 7931 7979 0
250 7926 8009 0
251 125157 125164 0
252 125103 125174 0
253 7927 8007 0
254 125124 125156 0
255 125151 125159 0
256 125106 125159 0
257 125115 125145 0
258 125117 125122 0
259 7928 7966 0
260 7919 7984 0
261 125125 125194 0
262 7928 7976 0
263 125118 125143 0
264 125133 125158 0
265 125115 125117 0
266 125140 125139 0
267 125105 125190 0
268 7923 7971 0
269 125153 125196 0
270 125124 125123 0
271 125148 125197 0
272 15784 15825 0
273 15756 15817 0
274 125116 125191 0
275 125163 125172 0
276 15759 15823 0
277 62669 62684 0
278 62627 62683 0
279 125161 125194 0
280 4010 4086 0
281 4015 4072 0
282 62653 62671 0
283 4020 4075 0
284 15755 15804 0
285 15791 15824 0
286 15731 15788 0
287 125154 125181 0
288 4014 4091 0
289 62661 62674 0
290 4032 4093 0
291 125155 125190 0
292 250126 250145 0
293 62668 62673 0
294 250160 250177 0
295 250170 250165 0
296 250125 250175 0
297 15756 15807 0
298 250141 250160 0
299 62643 62643 0
300 250112 250117 0
301 62644 62649 0
302 250195 250200 0
303 62615 62680 0
304 15747 15783 0
305 15749 15789 0
306 4022 4074 0
307 4028 4087 0
308 4007 4060 0
309 250109 250127 0
310 62633 62689 0
311 250124 250193 0
312 4037 4095 0
313 4042 4095 0
314 62641 62672 0
315 250138 250183 0
316 4023 4068 0
317 250188 250190 0
318 62627 62655 0
319 15749 15806 0
320 250119 250183 0
321 2074 2143 0
322 62670 62669 0
323 62616 62696 0
324 15741 15803 0
325 250132 250198 0
326 250173 250166 0
327 62622 62627 0
328 2094 2150 0
329 250123 250142 0
330 2058 2140 0
331 250143 250154 0
332 250123 250182 0
333 2078 2148 0
334 2057 2144 0
335 2073 2151 0
336 15737 15810 0
337 250139 250166 0
338 250110 250119 0
339 2061 2117 0
340 250114 250155 0
341 250167 250190 0
342 250155 250174 0
343 62623 62635 0
344 250131 250133 0
345 500148 500181 0
346 500129 500163 0
347 2072 2151 0
348 500135 500127 0
349 15730 15785 0
350 500122 500120 0
351 500140 500168 0
352 62630 62682 0
353 500172 500192 0
354 2066 2121 0
355 500126 500161 0
356 500104 500179 0
357 62625 62693 0
358 31382 31430 0
359 31361 31410 0
360 31393 31416 0
361 500105 500119 0
362 31407 31445 0
363 500115 500185 0
364 31355 31430 0
365 500129 500166 0
366 62654 62693 0
367 500184 500194 0
368 31402 31420 0
369 500137 500156 0
370 500154 500160 0
371 62646 62691 0
372 500143 500141 0
373 500137 500183 0
374 500117 500174 0
375 31358 31388 0
376 500162 500180 0
377 31390 31427 0
378 8 85 0
379 500144 500185 0
380 31373 31423 0
381 500111 500116 0
382 31385 31446 0
383 31365 31403 0
384 47 89 0
385 31384 31430 0
386 500154 500186 0
387 31364 31379 0
388 500110 500135 0
389 28 84 0
390 500184 500182 0
391 31351 31421 0
392 500127 500141 0
393 31393 31423 0
394 8 85 0
395 500106 500162 0
396 31371 31386 0
397 500118 500157 0
398 31375 31414 0
399 31389 31408 0
--------------
1000000 :c
1003540 :sum(p)
999998 :sum(w)
