400 :n
id p,w,x
--------------
0 66 2 1
1 39 7 1
2 25 5 1
3 68 21 1
4 97 31 1
5 30 10 1
6 97 33 1
7 90 37 1
8 82 38 1
9 23 11 1
10 74 40 1
11 86 55 1
12 94 67 1
13 46 36 1
14 28 22 1
15 64 54 1
16 93 86 1
17 43 41 1
18 2142 2070 1
19 2153 2093 1
20 2111 2059 1
21 4101 4018 1
22 2100 2059 1
23 2150 2110 1
24 56 55 1
25 4098 4026 1
26 4074 4007 1
27 4105 4041 1
28 4095 4032 1
29 4083 4021 1
30 4083 4022 1
31 4105 4046 1
32 2112 2083 1
33 4098 4044 1
34 2095 2068 1
35 2099 2072 1
36 4060 4012 1
37 2131 2106 1
38 4062 4017 1
39 4086 4041 1
40 4057 4013 1
41 8009 7926 1
42 4065 4023 1
43 4066 4025 1
44 2102 2081 1
45 4068 4028 1
46 2144 2123 1
47 2128 2108 1
48 4079 4042 1
49 2129 2110 1
50 4101 4065 1
51 4073 4038 1
52 7995 7929 1
53 7994 7934 1
54 7988 7934 1
55 2083 2069 1
56 15821 15727 1
57 4098 4074 1
58 8011 7965 1
59 15820 15730 1
60 15823 15733 1
61 7962 7918 1
62 15815 15729 1
63 4028 4008 1
64 7959 7920 1
65 7975 7937 1
66 4037 4018 1
67 4064 4045 1
68 4055 4037 1
69 7963 7928 1
70 7949 7917 1
71 4064 4048 1
72 2138 2130 1
73 7983 7954 1
74 2094 2087 1
75 15821 15771 1
76 7943 7918 1
77 15796 15747 1
78 15794 15746 1
79 15784 15737 1
80 15821 15775 1
81 31415 31357 1
82 31445 31385 1
83 15823 15789 1
84 15786 15747 1
85 15790 15751 1
86 31440 31372 1
87 31442 31365 1
88 15795 15757 1
89 15794 15759 1
90 31432 31362 1
91 15777 15742 1
92 80 69 1
93 7966 7946 1
94 4056 4046 1
95 2145 2140 1
96 4055 4046 1
97 4051 4043 1
98 7932 7917 1
99 7994 7980 1
100 15807 15780 1
101 15759 15733 1
102 7931 7918 1
103 15786 15761 1
104 15761 15737 1
105 31421 31374 1
106 31418 31372 1
107 31436 31396 1
108 31436 31398 1
109 31439 31401 1
110 31440 31361 1
111 31410 31368 1
112 7939 7930 1
113 62692 62625 0
114 31381 31351 0
115 31446 31436 0
116 31444 31428 0
117 125160 125125 0
118 62682 62625 0
119 31408 31380 0
120 62678 62624 0
121 8006 8000 1
122 4102 4099 1
123 15745 15734 1
124 4036 4034 1
125 4044 4042 1
126 62698 62651 0
127 62683 62632 0
128 62666 62614 0
129 125184 125103 0
130 62694 62658 0
131 62668 62625 0
132 125191 125103 0
133 62674 62645 0
134 62631 62603 0
135 62694 62666 0
136 31408 31394 0
137 31444 31431 0
138 62692 62667 0
139 31408 31395 0
140 62634 62613 0
141 62669 62645 0
142 125153 125113 0
143 62668 62648 0
144 125170 125131 0
145 250194 250117 0
146 125186 125150 0
147 15750 15755 0
148 15824 15821 0
149 31443 31435 0
150 8002 8000 0
151 31410 31403 0
152 15735 15732 0
153 31399 31395 0
154 31443 31439 0
155 15770 15771 0
156 31433 31436 0
157 31443 31448 0
158 31402 31411 0
159 15801 15806 0
160 15777 15784 0
161 2151 2152 0
162 2066 2067 1
163 4087 4089 0
164 7945 7949 0
165 15809 15817 0
166 15784 15795 0
167 15760 15771 0
168 8001 8007 0
169 15733 15745 0
170 15797 15810 0
171 2118 2120 1
172 8004 8012 0
173 7932 7941 0
174 15803 15823 0
175 15758 15778 0
176 15781 15804 0
177 7983 7996 0
178 7934 7949 0
179 4088 4096 0
180 4073 4081 0
181 7950 7966 0
182 4025 4036 0
183 7923 7945 0
184 7934 7963 0
185 2138 2151 0
186 2097 2110 0
187 2117 2134 0
188 2111 2130 0
189 4034 4072 0
190 2121 2141 0
191 2075 2097 0
192 2127 2153 0
193 2086 2112 0
194 2055 2082 0
195 2073 2102 0
196 2109 2139 0
197 2064 2098 0
198 56 57 1
199 2098 2138 0
200 81 92 0
201 42 51 0
202 36 48 0
203 36 52 0
204 49 72 0
205 9 15 0
206 58 98 0
207 46 82 0
208 23 52 0
209 9 21 0
210 500183 500171 0
211 500151 500143 0
212 500179 500171 0
213 500159 500155 0
214 125172 125151 0
215 250159 250152 0
216 62669 62668 0
217 62672 62656 0
218 250180 250115 0
219 62641 62638 0
220 250194 250137 0
221 250151 250149 0
222 250147 250115 0
223 250197 250170 0
224 500170 500107 0
225 500112 500122 0
226 62672 62662 0
227 62614 62604 0
228 500199 500120 0
229 500169 500113 0
230 62616 62612 0
231 250143 250137 0
232 62665 62651 0
233 500194 500138 0
234 500186 500188 0
235 500115 500118 0
236 250120 250111 0
237 500180 500114 0
238 250148 250105 0
239 500169 500115 0
240 62623 62619 0
241 250172 250110 0
242 250155 250155 0
243 125105 125107 0
244 250154 250128 0
245 125178 125145 0
246 500182 500110 0
247 125160 125126 0
248 500195 500196 0
249 250169 250167 0
250 250162 250150 0
251 500175 500144 0
252 125175 125151 0
253 250169 250126 0
254 250180 250149 0
255 250122 250121 0
256 125164 125162 0
257 500182 500125 0
258 125140 125122 0
259 125187 125155 0
260 62655 62640 0
261 500153 500136 0
262 250167 250142 0
263 250197 250163 0
264 500177 500183 0
265 125169 125151 0
266 125143 125121 0
267 125169 125136 0
268 125141 125117 0
269 500155 500131 0
270 500123 500113 0
271 500162 500165 0
272 7946 8008 0
273 7927 7976 0
274 62632 62659 0
275 62625 62655 0
276 62614 62677 0
277 62669 62674 0
278 62676 62680 0
279 62604 62651 0
280 62609 62674 0
281 62624 62642 0
282 62607 62693 0
283 62606 62639 0
284 62628 62687 0
285 62629 62669 0
286 62622 62688 0
287 62622 62647 0
288 4015 4105 0
289 4013 4086 0
290 62644 62652 0
291 62636 62659 0
292 125101 125184 0
293 125119 125149 0
294 125104 125107 0
295 125179 125199 0
296 125126 125188 0
297 125120 125130 0
298 125113 125168 0
299 4040 4096 0
300 4053 4101 0
301 125113 125150 0
302 7932 7978 0
303 125115 125191 0
304 125191 125195 0
305 125125 125175 0
306 125127 125158 0
307 125116 125166 0
308 125147 125172 0
309 125139 125144 0
310 125105 125110 0
311 7946 7987 0
312 125128 125192 0
313 125109 125162 0
314 125130 125170 0
315 125168 125193 0
316 125130 125199 0
317 125125 125185 0
318 250108 250122 0
319 250125 250144 0
320 31352 31437 0
321 31406 31443 0
322 31361 31387 0
323 31360 31378 0
324 31372 31393 0
325 250142 250192 0
326 250150 250160 0
327 31368 31407 0
328 2058 2117 0
329 250170 250195 0
330 250161 250170 0
331 2076 2122 0
332 7961 8002 0
333 7934 7992 0
334 7931 8009 0
335 250151 250160 0
336 2066 2112 0
337 7923 7964 0
338 250108 250188 0
339 2073 2118 0
340 250120 250179 0
341 31362 31406 0
342 250123 250151 0
343 7946 7999 0
344 7947 7985 0
345 250137 250187 0
346 250116 250131 0
347 2077 2148 0
348 250110 250130 0
349 7925 7996 0
350 31391 31417 0
351 250118 250146 0
352 250118 250200 0
353 250158 250175 0
354 7945 8011 0
355 2056 2126 0
356 250156 250194 0
357 250117 250140 0
358 2093 2140 0
359 250152 250168 0
360 250116 250200 0
361 3 88 0
362 31385 31400 0
363 31385 31403 0
364 6 70 0
365 16 100 0
366 32 84 0
367 31380 31425 0
368 500163 500182 0
369 500114 500175 0
370 11 69 0
371 31360 31435 0
372 500130 500156 0
373 29 79 0
374 31361 31380 0
375 500113 500160 0
376 500157 500199 0
377 500126 500156 0
378 500125 500147 0
379 39 92 0
380 31377 31424 0
381 46 98 0
382 500110 500180 0
383 500126 500152 0
384 500106 500139 0
385 500141 500167 0
386 500122 500156 0
387 15761 15811 0
388 500138 500184 0
389 500137 500187 0
390 500109 500119 0
391 15747 15822 0
392 500123 500150 0
393 15728 15817 0
394 35 80 0
395 15767 15799 0
396 500135 500168 0
397 500104 500155 0
398 15751 15804 0
399 15732 15781 0
--------------
1000000 :c
1004417 :sum(p)
1000000 :sum(w)
