400 :n
id p,w,x
--------------
0 74 11 1
1 95 19 1
2 52 15 1
3 70 41 1
4 86 63 1
5 78 59 1
6 30 23 1
7 52 41 1
8 84 68 1
9 37 33 1
10 2124 2064 1
11 2153 2095 1
12 2110 2054 1
13 2151 2094 1
14 2147 2095 1
15 2131 2082 1
16 44 43 1
17 4092 4012 1
18 4090 4012 1
19 2117 2079 1
20 4089 4018 1
21 4095 4026 1
22 2136 2102 1
23 4086 4021 1
24 2119 2089 1
25 4084 4028 1
26 2101 2073 1
27 2151 2123 1
28 8011 7916 1
29 2124 2099 1
30 4092 4044 1
31 8011 7920 1
32 2109 2086 1
33 8009 7922 1
34 2121 2098 1
35 4081 4037 1
36 4054 4011 1
37 4069 4026 1
38 4095 4054 1
39 4071 4031 1
40 8011 7935 1
41 2132 2114 1
42 2138 2121 1
43 4048 4021 1
44 7973 7920 1
45 7983 7930 1
46 4076 4050 1
47 7980 7935 1
48 8010 7969 1
49 7954 7916 1
50 2092 2083 1
51 4081 4064 1
52 8009 7977 1
53 15818 15759 1
54 7978 7950 1
55 2075 2068 0
56 2139 2132 1
57 4022 4009 1
58 4027 4014 1
59 15776 15731 1
60 15792 15750 1
61 15800 15758 1
62 15776 15737 1
63 15787 15748 1
64 4081 4071 1
65 7980 7961 1
66 31427 31353 1
67 31448 31376 1
68 15779 15743 1
69 15822 15788 1
70 7977 7960 1
71 8000 7983 1
72 15818 15787 1
73 31439 31378 1
74 31416 31356 1
75 7943 7928 1
76 31413 31360 1
77 7959 7946 1
78 31446 31396 1
79 31400 31351 1
80 7952 7940 1
81 15752 15729 1
82 15807 15784 1
83 15781 15759 1
84 31421 31383 1
85 7944 7935 1
86 2137 2073 1
87 7943 7931 1
88 62688 62617 1
89 31438 31407 1
90 62689 62619 1
91 2104 2075 1
92 62670 62602 1
93 31385 31352 1
94 15761 15746 0
95 31439 31411 0
96 31450 31422 1
97 15819 15812 0
98 2119 2133 0
99 62699 62660 0
100 62697 62643 0
101 62679 62628 0
102 15803 15792 0
103 15811 15798 0
104 125191 125104 0
105 15802 15792 0
106 54 79 0
107 62671 62617 0
108 62640 62605 0
109 62667 62635 0
110 62646 62615 0
111 15740 15733 0
112 31422 31409 0
113 62664 62640 0
114 62696 62672 0
115 62639 62618 0
116 62662 62643 0
117 62672 62654 0
118 31398 31389 0
119 4013 4012 0
120 4101 4100 1
121 31376 31369 0
122 15776 15773 0
123 15735 15733 0
124 31389 31386 0
125 31405 31405 0
126 31448 31449 0
127 31392 31393 0
128 31437 31439 0
129 4094 4095 1
130 15783 15787 0
131 15785 15791 0
132 15775 15784 0
133 15732 15743 0
134 4034 4037 1
135 15765 15780 0
136 4095 4099 0
137 7983 7994 0
138 4087 4094 0
139 7976 7990 0
140 7944 7958 0
141 7950 7965 0
142 7970 7986 0
143 7929 7948 0
144 7913 7932 0
145 4091 4101 0
146 4052 4068 0
147 4032 4048 0
148 2076 2085 0
149 2116 2133 0
150 52 53 1
151 86 91 0
152 87 95 0
153 81 89 0
154 29 41 0
155 46 66 0
156 34 56 0
157 20 35 0
158 23 43 0
159 20 42 0
160 125166 125138 0
161 250163 250115 0
162 250157 250136 0
163 250194 250153 0
164 250179 250140 0
165 500170 500109 0
166 250175 250140 0
167 250196 250144 0
168 250167 250128 0
169 250193 250108 0
170 125199 125163 0
171 125178 125117 0
172 125165 125117 0
173 250164 250178 0
174 500154 500183 0
175 500118 500119 0
176 500192 500181 0
177 500146 500126 0
178 250185 250190 0
179 250142 250142 0
180 500150 500156 0
181 250133 250130 0
182 250123 250127 0
183 500115 500107 0
184 250193 250189 0
185 250134 250137 0
186 500175 500146 0
187 250142 250150 0
188 500159 500158 0
189 500191 500162 0
190 500144 500170 0
191 500152 500167 0
192 250147 250131 0
193 250184 250168 0
194 500127 500129 0
195 62699 62697 0
196 250187 250176 0
197 500165 500188 0
198 62676 62673 0
199 500111 500150 0
200 500124 500158 0
201 500147 500125 0
202 250191 250189 0
203 62673 62671 0
204 500130 500129 0
205 500163 500178 0
206 125144 125150 0
207 500155 500170 0
208 500149 500138 0
209 125127 125128 0
210 125176 125184 0
211 500129 500140 0
212 125156 125158 0
213 500102 500106 0
214 500132 500143 0
215 125192 125191 0
216 500175 500193 0
217 500129 500156 0
218 500146 500130 0
219 125114 125107 0
220 250164 250169 0
221 250181 250184 0
222 250103 250111 0
223 125143 125107 0
224 125179 125115 0
225 125139 125106 0
226 250174 250110 0
227 250194 250123 0
228 250195 250113 0
229 125172 125136 0
230 250200 250109 0
231 250182 250111 0
232 500179 500109 0
233 125117 125108 0
234 125176 125159 0
235 500193 500159 0
236 62685 62675 0
237 250167 250127 0
238 62645 62635 0
239 125163 125151 0
240 250190 250135 0
241 125148 125118 0
242 31374 31383 0
243 31367 31423 0
244 31359 31397 0
245 31406 31414 0
246 31368 31393 0
247 31358 31395 0
248 31352 31436 0
249 31381 31434 0
250 31379 31394 0
251 31388 31418 0
252 31399 31444 0
253 31389 31408 0
254 31360 31388 0
255 31358 31437 0
256 7937 7968 0
257 31390 31398 0
258 15764 15786 0
259 31398 31408 0
260 31381 31441 0
261 31397 31444 0
262 500152 500193 0
263 31385 31414 0
264 62648 62669 0
265 62638 62688 0
266 62623 62688 0
267 62610 62683 0
268 7941 7965 0
269 62606 62648 0
270 62603 62623 0
271 15791 15811 0
272 7941 7972 0
273 7940 7966 0
274 7932 7959 0
275 62634 62664 0
276 62641 62656 0
277 62626 62692 0
278 62615 62677 0
279 62654 62663 0
280 62675 62699 0
281 62625 62683 0
282 62605 62646 0
283 62632 62666 0
284 62661 62689 0
285 15727 15779 0
286 62602 62661 0
287 62618 62665 0
288 125100 125176 0
289 125112 125148 0
290 125118 125155 0
291 125170 125194 0
292 125111 125129 0
293 125172 125194 0
294 125121 125178 0
295 125150 125186 0
296 15789 15825 0
297 125121 125154 0
298 125178 125191 0
299 125115 125156 0
300 15735 15753 0
301 125148 125186 0
302 125103 125131 0
303 15739 15757 0
304 15746 15793 0
305 125149 125194 0
306 125128 125165 0
307 125169 125192 0
308 250131 250193 0
309 250105 250193 0
310 250119 250170 0
311 250154 250176 0
312 250106 250152 0
313 15747 15788 0
314 250142 250194 0
315 250101 250141 0
316 15753 15803 0
317 250126 250181 0
318 250116 250139 0
319 500123 500199 0
320 500127 500188 0
321 500129 500179 0
322 500102 500193 0
323 500102 500170 0
324 500145 500198 0
325 31369 31394 0
326 15757 15807 0
327 15761 15822 0
328 15773 15793 0
329 125174 125154 0
330 62683 62678 0
331 500171 500109 0
332 125120 125103 0
333 500176 500125 0
334 500175 500124 0
335 62689 62676 0
336 125180 125167 0
337 500189 500108 0
338 250138 250118 0
339 125174 125159 0
340 125195 125165 0
341 2095 2146 0
342 2090 2147 0
343 4043 4092 0
344 4077 4105 0
345 4026 4098 0
346 4011 4050 0
347 4017 4100 0
348 4065 4100 0
349 2083 2129 0
350 2057 2144 0
351 2085 2114 0
352 2059 2143 0
353 4065 4088 0
354 4027 4049 0
355 4029 4079 0
356 4047 4077 0
357 7939 7995 0
358 2064 2089 0
359 33 63 0
360 45 89 0
361 7929 8006 0
362 8 80 0
363 25 72 0
364 2078 2147 0
365 7967 8001 0
366 16 67 0
367 4033 4065 0
368 12 99 0
369 47 76 0
370 2061 2096 0
371 2 94 0
372 30 59 0
373 4050 4071 0
374 7940 7978 0
375 7918 7965 0
376 47 97 0
377 34 60 0
378 7950 7986 0
379 2058 2120 0
380 4015 4051 0
381 11 71 0
382 4 57 0
383 4 42 0
384 7925 7985 0
385 7919 7969 0
386 2092 2116 0
387 7969 8005 0
388 29 94 0
389 34 87 0
390 2054 2151 0
391 15758 15822 0
392 15749 15815 0
393 29 84 0
394 22 50 0
395 2056 2100 0
396 2113 2147 0
397 15733 15796 0
398 2069 2150 0
399 2064 2153 0
--------------
1000000 :c
1003717 :sum(p)
1000000 :sum(w)
