400 :n
id p,w,x
--------------
0 2109 2064 1
1 2116 2078 1
2 8003 7956 1
3 8009 7944 1
4 8003 7949 1
5 76 64 1
6 7983 7924 1
7 7993 7926 1
8 8008 7954 1
9 2118 2070 1
10 7985 7928 1
11 7962 7919 1
12 56 28 1
13 7954 7915 1
14 4067 4035 1
15 4104 4016 1
16 4086 4053 1
17 4093 4028 1
18 4063 4018 1
19 80 46 1
20 4080 4052 1
21 2135 2117 1
22 94 57 1
23 100 46 1
24 35 13 1
25 4080 4011 1
26 91 32 1
27 4095 4031 1
28 4076 4011 1
29 81 57 1
30 2146 2086 1
31 4082 4011 1
32 55 24 1
33 4073 4023 1
34 2146 2112 1
35 83 66 1
36 4100 4066 1
37 4073 4025 1
38 4036 4015 1
39 15809 15735 1
40 75 31 1
41 4045 4022 1
42 4059 4023 1
43 4097 4059 1
44 80 10 1
45 4105 4030 1
46 77 61 1
47 4106 4085 1
48 2126 2078 1
49 2087 2056 1
50 2147 2090 1
51 2127 2065 1
52 2119 2067 1
53 2071 2055 1
54 2144 2118 1
55 2150 2084 1
56 2138 2098 1
57 2131 2084 1
58 7950 7919 1
59 31442 31384 1
60 31435 31363 1
61 31432 31386 1
62 8011 7976 1
63 31424 31355 1
64 15772 15737 1
65 62687 62604 1
66 31430 31369 1
67 15812 15752 1
68 31434 31351 1
69 15794 15743 1
70 15773 15731 1
71 15805 15742 1
72 7946 7917 1
73 7992 7967 1
74 15804 15758 1
75 26 18 1
76 24 20 1
77 80 70 1
78 55 53 1
79 2131 2121 1
80 2065 2056 1
81 4053 4037 1
82 4101 4087 1
83 7950 7928 1
84 7966 7944 1
85 15810 15784 1
86 4102 4096 1
87 7974 7963 0
88 15825 15804 1
89 7997 7987 1
90 15785 15767 1
91 15809 15791 1
92 7962 7953 0
93 31417 31383 1
94 2142 2128 1
95 31439 31406 1
96 62690 62628 1
97 4078 4074 1
98 15753 15738 0
99 96 42 1
100 62678 62615 1
101 31395 31363 1
102 62684 62627 1
103 31440 31412 1
104 8003 7996 0
105 62700 62683 0
106 75 76 0
107 15799 15823 0
108 62681 62626 0
109 15774 15761 0
110 62657 62607 0
111 62658 62608 0
112 7984 7994 0
113 31427 31402 0
114 7923 7917 0
115 7991 7985 0
116 62669 62623 0
117 125191 125100 0
118 125196 125106 0
119 62648 62603 0
120 62698 62654 0
121 31416 31395 0
122 31429 31408 0
123 62689 62650 0
124 15754 15750 0
125 15820 15816 0
126 15742 15739 0
127 15760 15760 0
128 7961 7961 0
129 7941 7942 0
130 7972 7974 0
131 2112 2113 0
132 4074 4077 0
133 4079 4083 0
134 2081 2084 1
135 4063 4069 0
136 4040 4046 0
137 2134 2141 0
138 2111 2120 0
139 36 46 0
140 9 18 0
141 125150 125139 0
142 62681 62666 0
143 62637 62626 0
144 125178 125126 0
145 125129 125110 0
146 125156 125112 0
147 62644 62615 0
148 250166 250147 0
149 31361 31355 0
150 125195 125170 0
151 125149 125139 0
152 125177 125166 0
153 62622 62605 0
154 500189 500130 0
155 250179 250128 0
156 125187 125169 0
157 500133 500105 0
158 62677 62657 0
159 125144 125104 0
160 250135 250104 0
161 250185 250117 0
162 62653 62621 0
163 500196 500166 0
164 125148 125102 0
165 250147 250101 0
166 250177 250118 0
167 31431 31424 0
168 250180 250157 0
169 250149 250126 0
170 250194 250180 0
171 125179 125124 0
172 31425 31423 0
173 125154 125112 0
174 500194 500159 0
175 250170 250151 0
176 250181 250159 0
177 125197 125150 0
178 125194 125106 0
179 125153 125106 0
180 500194 500113 0
181 500182 500135 0
182 62686 62677 0
183 500190 500152 0
184 62664 62626 0
185 500155 500130 0
186 500126 500124 0
187 250197 250183 0
188 500133 500132 0
189 500147 500141 0
190 500196 500182 0
191 500111 500106 0
192 500149 500130 0
193 500111 500106 0
194 31398 31397 0
195 125119 125116 0
196 31407 31407 0
197 250182 250184 0
198 250196 250195 0
199 250135 250124 0
200 250165 250168 0
201 250200 250186 0
202 250129 250127 0
203 250150 250153 0
204 250128 250126 0
205 250149 250148 0
206 250128 250124 0
207 500163 500167 0
208 31387 31386 0
209 500107 500103 0
210 500163 500147 0
211 500121 500114 0
212 62653 62632 0
213 500194 500116 0
214 62676 62647 0
215 31370 31364 0
216 125194 125149 0
217 500198 500145 0
218 500164 500116 0
219 500199 500107 0
220 125168 125126 0
221 62639 62612 0
222 500163 500128 0
223 125182 125160 0
224 31407 31420 0
225 31375 31445 0
226 31401 31415 0
227 31387 31429 0
228 31383 31408 0
229 15786 15815 0
230 15749 15817 0
231 15726 15785 0
232 15754 15815 0
233 31372 31402 0
234 15739 15744 0
235 15742 15816 0
236 15793 15803 0
237 15736 15822 0
238 15727 15743 0
239 31384 31393 0
240 7965 7980 0
241 31366 31397 0
242 31369 31377 0
243 15755 15785 0
244 7915 7975 0
245 31417 31445 0
246 31355 31447 0
247 31357 31436 0
248 31360 31368 0
249 31392 31399 0
250 31352 31354 0
251 31402 31430 0
252 31359 31380 0
253 7982 7987 0
254 31392 31410 0
255 7928 7954 0
256 62637 62654 0
257 62606 62637 0
258 7927 7964 0
259 7923 7931 0
260 7960 7994 0
261 7926 7968 0
262 62639 62660 0
263 7931 7975 0
264 62664 62696 0
265 7927 7977 0
266 7915 7924 0
267 62605 62695 0
268 62640 62691 0
269 62669 62684 0
270 7946 7997 0
271 62614 62698 0
272 15805 15816 0
273 62616 62639 0
274 15736 15759 0
275 7940 8005 0
276 7929 7971 0
277 62615 62648 0
278 7966 8001 0
279 15766 15767 0
280 62674 62680 0
281 4085 4095 0
282 62671 62686 0
283 62611 62676 0
284 15726 15769 0
285 4036 4060 0
286 62644 62652 0
287 4047 4073 0
288 31367 31447 0
289 4045 4074 0
290 62625 62668 0
291 4034 4052 0
292 4049 4064 0
293 4007 4049 0
294 4040 4100 0
295 4007 4020 0
296 62654 62668 0
297 62612 62667 0
298 125150 125164 0
299 125111 125132 0
300 4016 4040 0
301 125107 125176 0
302 125159 125185 0
303 125180 125190 0
304 15733 15771 0
305 125138 125169 0
306 125109 125150 0
307 4031 4103 0
308 125120 125174 0
309 125146 125195 0
310 125145 125191 0
311 4016 4039 0
312 125191 125198 0
313 125154 125166 0
314 125121 125197 0
315 4042 4099 0
316 125156 125167 0
317 125133 125165 0
318 125140 125195 0
319 125111 125120 0
320 31387 31450 0
321 125135 125143 0
322 2056 2081 0
323 125149 125178 0
324 250118 250159 0
325 2071 2126 0
326 250115 250186 0
327 250151 250180 0
328 2066 2134 0
329 2083 2093 0
330 250140 250164 0
331 250138 250161 0
332 2082 2112 0
333 15741 15755 0
334 250118 250150 0
335 2077 2138 0
336 2061 2096 0
337 2139 2151 0
338 250140 250184 0
339 2089 2133 0
340 15776 15815 0
341 250160 250185 0
342 250131 250147 0
343 2105 2151 0
344 2089 2128 0
345 2071 2135 0
346 250131 250195 0
347 250130 250173 0
348 15745 15803 0
349 2070 2113 0
350 2142 2152 0
351 250146 250172 0
352 250103 250145 0
353 250103 250190 0
354 250118 250148 0
355 2077 2089 0
356 2070 2125 0
357 250131 250185 0
358 2106 2126 0
359 53 92 0
360 12 33 0
361 28 40 0
362 250106 250168 0
363 250157 250199 0
364 22 58 0
365 32 98 0
366 39 69 0
367 500129 500200 0
368 15738 15768 0
369 1 85 0
370 40 55 0
371 15759 15818 0
372 500112 500124 0
373 500116 500200 0
374 10 56 0
375 10 48 0
376 13 92 0
377 15 28 0
378 500102 500138 0
379 36 51 0
380 20 49 0
381 17 31 0
382 500176 500193 0
383 500103 500192 0
384 500172 500183 0
385 500141 500162 0
386 500109 500155 0
387 500150 500156 0
388 12 24 0
389 500120 500148 0
390 500153 500199 0
391 29 73 0
392 500152 500160 0
393 2 70 0
394 29 60 0
395 500166 500200 0
396 500126 500153 0
397 500135 500164 0
398 15763 15794 0
399 15778 15808 0
--------------
1000000 :c
1004084 :sum(p)
1000000 :sum(w)
