400 :n
id p,w,x
--------------
0 52 32 1
1 82 31 1
2 2152 2125 1
3 45 2 1
4 4100 4046 1
5 2140 2092 1
6 4079 4020 1
7 2108 2083 1
8 72 47 1
9 66 13 1
10 4081 4032 1
11 99 31 1
12 76 45 1
13 4105 4064 1
14 4056 4027 1
15 4071 4039 1
16 2145 2080 1
17 70 49 1
18 64 28 1
19 4067 4034 1
20 2130 2056 1
21 4080 4032 1
22 4086 4049 1
23 2147 2100 1
24 4105 4050 1
25 4092 4044 1
26 4083 4010 1
27 71 41 1
28 7983 7918 1
29 4087 4027 1
30 2134 2115 1
31 2136 2071 1
32 2135 2057 1
33 4086 4053 1
34 2141 2069 1
35 4084 4025 1
36 2079 2057 1
37 77 17 1
38 8002 7934 1
39 2144 2088 1
40 82 34 1
41 94 16 1
42 7993 7925 1
43 8002 7929 1
44 77 12 1
45 2132 2070 1
46 7976 7922 1
47 46 37 1
48 86 72 1
49 22 19 1
50 80 74 1
51 35 34 0
52 2152 2134 1
53 2136 2119 1
54 4034 4009 1
55 15813 15727 1
56 7964 7926 1
57 7976 7938 1
58 7998 7962 1
59 4099 4081 1
60 15807 15738 1
61 2132 2123 1
62 2152 2143 1
63 15796 15730 1
64 4094 4077 1
65 4099 4082 1
66 15823 15763 1
67 4027 4013 1
68 4048 4034 1
69 7946 7921 1
70 31450 31354 1
71 7983 7960 1
72 15793 15748 1
73 2124 2118 1
74 15787 15743 1
75 31445 31360 1
76 8001 7983 1
77 15792 15762 1
78 31421 31369 1
79 15820 15794 1
80 7999 7986 1
81 31417 31366 1
82 4024 4018 1
83 31404 31358 1
84 31420 31374 1
85 2111 2108 1
86 15824 15802 1
87 31393 31351 1
88 15793 15774 1
89 62686 62611 1
90 62692 62617 1
91 31388 31351 1
92 62676 62603 1
93 62683 62613 1
94 2124 2092 1
95 31417 31380 1
96 62698 62628 1
97 7959 7951 0
98 62695 62635 0
99 62661 62611 0
100 62683 62633 0
101 15775 15761 0
102 27 40 0
103 31387 31360 0
104 15821 15815 0
105 8012 8008 0
106 31383 31359 0
107 7983 7977 0
108 4105 4103 1
109 125197 125103 0
110 125196 125114 0
111 62657 62617 0
112 15794 15784 0
113 125191 125112 0
114 62672 62633 0
115 31387 31368 0
116 31425 31406 0
117 62647 62610 0
118 31423 31405 0
119 15785 15776 0
120 31429 31413 0
121 7939 7935 1
122 2061 2060 1
123 2098 2097 1
124 15766 15759 0
125 7948 7945 0
126 31423 31416 0
127 31450 31443 0
128 15787 15786 0
129 15727 15728 0
130 7924 7925 0
131 15758 15763 0
132 15805 15811 0
133 15763 15769 0
134 2126 2127 1
135 2091 2092 1
136 4068 4073 0
137 7979 7989 0
138 2126 2129 0
139 7989 8001 0
140 7978 7990 0
141 4028 4035 0
142 7969 7984 0
143 2113 2117 0
144 7948 7965 0
145 7916 7934 0
146 4023 4033 0
147 4083 4094 0
148 4033 4045 0
149 2118 2125 0
150 2115 2122 0
151 2105 2112 0
152 2056 2064 0
153 27 30 0
154 85 98 0
155 73 88 0
156 6 14 0
157 125105 125186 0
158 62689 62666 0
159 125121 125134 0
160 31372 31388 0
161 125104 125123 0
162 125107 125131 0
163 31353 31431 0
164 31370 31392 0
165 31436 31448 0
166 125128 125166 0
167 125121 125149 0
168 125112 125101 0
169 31376 31421 0
170 125184 125199 0
171 31396 31393 0
172 31355 31351 0
173 31432 31429 0
174 31361 31442 0
175 125164 125179 0
176 31420 31449 0
177 31399 31418 0
178 62689 62690 0
179 31395 31438 0
180 125173 125104 0
181 31420 31444 0
182 62667 62638 0
183 31375 31438 0
184 31436 31444 0
185 125180 125193 0
186 31402 31438 0
187 62604 62624 0
188 125196 125180 0
189 31368 31417 0
190 125177 125140 0
191 125151 125110 0
192 31368 31417 0
193 31421 31443 0
194 125118 125182 0
195 31372 31389 0
196 125106 125175 0
197 125111 125162 0
198 31365 31373 0
199 125104 125199 0
200 125146 125198 0
201 125117 125144 0
202 15760 15790 0
203 125198 125160 0
204 62622 62635 0
205 125190 125183 0
206 250143 250141 0
207 15792 15818 0
208 250134 250167 0
209 250143 250123 0
210 15746 15782 0
211 15805 15816 0
212 15737 15756 0
213 125123 125172 0
214 62674 62699 0
215 15730 15769 0
216 250124 250160 0
217 125108 125134 0
218 62640 62625 0
219 250121 250121 0
220 250102 250101 0
221 250172 250130 0
222 250147 250198 0
223 250177 250145 0
224 250120 250200 0
225 15785 15819 0
226 250142 250136 0
227 15739 15754 0
228 15793 15819 0
229 62633 62621 0
230 15748 15767 0
231 125115 125154 0
232 250184 250123 0
233 250153 250194 0
234 250112 250155 0
235 250192 250190 0
236 250196 250168 0
237 15801 15819 0
238 62649 62690 0
239 250154 250155 0
240 125125 125134 0
241 125149 125120 0
242 250157 250148 0
243 250185 250178 0
244 250191 250167 0
245 250182 250102 0
246 250184 250189 0
247 125126 125116 0
248 250141 250194 0
249 62601 62623 0
250 250113 250137 0
251 7932 7951 0
252 250139 250104 0
253 125199 125175 0
254 250174 250107 0
255 250150 250155 0
256 250144 250195 0
257 250144 250181 0
258 250155 250195 0
259 62646 62669 0
260 250128 250194 0
261 250149 250108 0
262 62631 62689 0
263 250127 250178 0
264 62668 62697 0
265 250152 250147 0
266 62681 62649 0
267 250199 250197 0
268 250140 250153 0
269 250115 250137 0
270 250141 250123 0
271 250168 250131 0
272 62603 62684 0
273 250161 250178 0
274 500158 500146 0
275 500112 500169 0
276 125166 125109 0
277 500179 500106 0
278 62667 62687 0
279 500138 500180 0
280 62679 62680 0
281 500187 500116 0
282 500119 500162 0
283 500118 500148 0
284 500189 500117 0
285 125104 125128 0
286 500193 500149 0
287 500195 500187 0
288 500187 500157 0
289 62618 62609 0
290 500168 500141 0
291 500137 500151 0
292 500111 500176 0
293 500164 500145 0
294 500164 500115 0
295 62666 62633 0
296 500104 500176 0
297 62630 62648 0
298 500138 500126 0
299 500193 500115 0
300 500160 500176 0
301 500144 500123 0
302 500131 500134 0
303 500124 500123 0
304 500185 500113 0
305 500173 500138 0
306 500122 500134 0
307 62613 62636 0
308 500123 500155 0
309 500171 500197 0
310 500145 500155 0
311 500163 500156 0
312 500191 500108 0
313 500187 500144 0
314 500118 500145 0
315 500161 500178 0
316 500142 500197 0
317 500107 500154 0
318 500123 500121 0
319 125123 125103 0
320 500197 500192 0
321 125126 125116 0
322 500162 500178 0
323 500197 500135 0
324 125163 125148 0
325 125100 125138 0
326 62688 62689 0
327 62621 62633 0
328 62653 62625 0
329 62694 62674 0
330 62612 62685 0
331 125199 125150 0
332 125141 125156 0
333 62618 62662 0
334 62674 62700 0
335 62630 62687 0
336 4022 4045 0
337 2082 2133 0
338 2111 2129 0
339 2075 2112 0
340 4026 4042 0
341 4065 4100 0
342 4014 4052 0
343 4033 4068 0
344 2089 2132 0
345 2114 2132 0
346 4053 4100 0
347 4040 4098 0
348 2055 2113 0
349 4036 4074 0
350 2083 2145 0
351 7937 7970 0
352 4030 4071 0
353 7975 8000 0
354 7934 7978 0
355 7917 7980 0
356 7928 7961 0
357 7980 8010 0
358 7936 7962 0
359 24 64 0
360 61 89 0
361 10 30 0
362 7954 8012 0
363 15 73 0
364 13 63 0
365 31 97 0
366 10 71 0
367 7951 8004 0
368 3 31 0
369 7936 8009 0
370 7959 7988 0
371 2084 2122 0
372 19 87 0
373 47 96 0
374 23 99 0
375 7927 7993 0
376 7957 7989 0
377 26 90 0
378 7928 7992 0
379 33 76 0
380 7921 7981 0
381 15769 15825 0
382 15731 15801 0
383 4040 4102 0
384 2111 2138 0
385 15732 15783 0
386 53 86 0
387 53 82 0
388 3 42 0
389 4090 4104 0
390 15741 15793 0
391 15735 15783 0
392 15731 15797 0
393 15729 15776 0
394 15758 15815 0
395 15780 15821 0
396 31351 31448 0
397 31353 31449 0
398 4031 4067 0
399 2098 2120 0
--------------
1000000 :c
1004083 :sum(p)
1000000 :sum(w)
