400 :n
id p,w,x
--------------
0 54 22 1
1 91 11 1
2 56 27 1
3 8000 7930 1
4 7982 7925 1
5 8012 7913 1
6 4102 4058 1
7 4103 4009 1
8 4101 4042 1
9 4064 4025 1
10 4077 4028 1
11 4082 4051 1
12 4101 4026 1
13 4083 4023 1
14 4106 4073 1
15 4102 4016 1
16 2107 2084 1
17 98 13 1
18 74 11 1
19 2114 2074 1
20 64 12 1
21 2143 2103 1
22 2149 2085 1
23 2099 2076 1
24 49 22 1
25 2143 2057 1
26 2153 2110 1
27 2132 2102 1
28 2086 2064 1
29 96 38 1
30 2141 2111 1
31 7975 7921 1
32 2115 2060 1
33 2129 2103 1
34 2124 2063 1
35 2151 2130 1
36 2105 2076 1
37 2135 2084 1
38 2121 2098 1
39 15823 15727 1
40 15791 15739 1
41 7957 7914 1
42 15783 15728 1
43 31436 31370 1
44 8005 7955 1
45 15794 15731 1
46 15795 15738 1
47 8010 7965 1
48 31431 31354 1
49 15802 15745 1
50 4048 4022 1
51 7981 7950 1
52 15818 15733 1
53 15786 15729 1
54 15803 15758 1
55 18 4 1
56 20 6 1
57 58 40 1
58 26 18 1
59 44 36 1
60 74 63 1
61 19 17 1
62 27 25 1
63 33 31 1
64 28 27 1
65 93 90 1
66 2081 2063 1
67 2101 2083 1
68 2133 2115 1
69 2137 2120 1
70 2092 2077 1
71 2095 2080 1
72 2107 2096 1
73 4100 4079 1
74 4048 4028 1
75 4040 4023 1
76 4064 4048 1
77 4075 4061 1
78 2081 2074 1
79 7942 7916 1
80 7950 7924 1
81 7982 7962 1
82 2128 2123 0
83 7977 7959 1
84 15783 15750 1
85 7967 7951 1
86 2086 2082 1
87 7964 7950 1
88 4073 4066 1
89 2112 2059 1
90 31438 31385 1
91 31398 31351 1
92 31423 31371 1
93 62683 62604 1
94 7999 7986 1
95 15784 15764 1
96 15790 15770 1
97 7960 7950 0
98 7994 7984 0
99 15808 15791 1
100 31399 31366 1
101 8004 7996 0
102 15802 15787 0
103 62680 62624 1
104 31430 31403 1
105 2107 2093 1
106 31389 31356 1
107 15778 15738 1
108 62655 62602 1
109 62667 62614 1
110 15759 15746 0
111 62699 62698 0
112 31433 31435 0
113 7942 7938 0
114 31398 31376 1
115 15761 15750 0
116 15769 15758 0
117 31382 31361 0
118 62643 62602 0
119 62670 62629 0
120 15761 15751 0
121 31421 31402 0
122 31398 31382 0
123 1 6 0
124 62653 62616 0
125 125191 125118 0
126 125196 125125 0
127 62674 62635 0
128 62654 62615 0
129 125173 125118 0
130 31390 31375 0
131 31407 31392 0
132 62667 62639 0
133 15768 15761 0
134 62631 62605 0
135 62674 62651 0
136 62673 62652 0
137 31375 31367 0
138 7918 7916 0
139 4077 4076 0
140 4095 4094 0
141 31407 31403 0
142 31429 31425 0
143 15785 15784 0
144 15790 15789 0
145 29 29 1
146 15746 15748 0
147 4024 4026 0
148 4063 4066 0
149 7944 7950 0
150 7913 7919 0
151 7950 7957 0
152 7975 7984 0
153 4082 4087 0
154 7931 7942 0
155 4041 4047 0
156 4097 4104 0
157 4066 4073 0
158 4078 4088 0
159 4053 4063 0
160 4065 4079 0
161 2097 2110 0
162 69 70 0
163 60 62 0
164 19 20 1
165 44 48 0
166 53 59 0
167 65 74 0
168 83 100 0
169 33 41 0
170 500190 500124 0
171 250166 250118 0
172 125137 125108 0
173 125143 125110 0
174 62655 62651 0
175 500160 500146 0
176 62624 62624 0
177 500110 500120 0
178 31367 31366 0
179 250142 250117 0
180 500115 500153 0
181 500172 500180 0
182 62639 62638 0
183 500102 500145 0
184 500177 500177 0
185 500131 500127 0
186 500176 500173 0
187 62692 62689 0
188 62618 62622 0
189 500165 500130 0
190 31380 31382 0
191 500143 500154 0
192 500130 500152 0
193 500198 500185 0
194 500168 500164 0
195 31419 31419 0
196 500178 500136 0
197 62693 62696 0
198 500107 500144 0
199 500113 500139 0
200 500146 500165 0
201 125149 125139 0
202 500162 500156 0
203 500132 500169 0
204 500126 500155 0
205 125146 125134 0
206 125123 125117 0
207 125170 125181 0
208 500191 500183 0
209 500136 500170 0
210 500108 500123 0
211 500127 500108 0
212 500163 500169 0
213 125141 125136 0
214 500122 500142 0
215 125114 125103 0
216 125184 125180 0
217 62648 62652 0
218 250153 250135 0
219 125152 125163 0
220 250143 250152 0
221 125189 125189 0
222 125134 125140 0
223 500148 500105 0
224 250172 250190 0
225 250193 250183 0
226 500173 500152 0
227 250200 250192 0
228 250132 250133 0
229 250185 250170 0
230 250155 250156 0
231 250165 250158 0
232 250163 250150 0
233 250110 250116 0
234 250140 250116 0
235 500200 500187 0
236 250185 250198 0
237 250148 250145 0
238 250185 250195 0
239 250111 250107 0
240 250131 250140 0
241 500177 500198 0
242 250117 250121 0
243 250168 250153 0
244 500108 500145 0
245 500107 500120 0
246 500121 500158 0
247 250168 250141 0
248 500172 500117 0
249 125137 125105 0
250 62696 62689 0
251 125180 125166 0
252 125186 125146 0
253 125158 125101 0
254 250175 250138 0
255 62646 62633 0
256 250162 250129 0
257 125177 125148 0
258 125173 125157 0
259 62681 62670 0
260 125157 125133 0
261 250177 250129 0
262 250157 250111 0
263 250140 250107 0
264 250199 250137 0
265 250171 250135 0
266 500163 500110 0
267 62675 62668 0
268 125151 125106 0
269 125176 125125 0
270 62650 62632 0
271 7943 8002 0
272 7942 7977 0
273 7927 7990 0
274 15741 15788 0
275 7983 8001 0
276 15777 15809 0
277 7940 7957 0
278 15775 15786 0
279 15743 15751 0
280 15768 15793 0
281 15757 15766 0
282 15737 15810 0
283 15767 15797 0
284 500145 500192 0
285 31384 31431 0
286 4033 4054 0
287 15734 15747 0
288 7931 7945 0
289 4050 4074 0
290 31413 31431 0
291 15796 15825 0
292 31426 31438 0
293 7961 7989 0
294 31404 31450 0
295 4052 4103 0
296 31380 31405 0
297 4026 4101 0
298 31400 31436 0
299 31361 31439 0
300 4019 4097 0
301 31418 31421 0
302 15742 15797 0
303 31366 31430 0
304 4009 4106 0
305 31377 31440 0
306 31378 31383 0
307 31352 31414 0
308 4013 4062 0
309 4022 4081 0
310 31389 31430 0
311 15742 15748 0
312 4018 4065 0
313 4016 4082 0
314 4035 4064 0
315 7915 8004 0
316 31400 31426 0
317 4024 4070 0
318 7919 7981 0
319 2092 2133 0
320 2055 2085 0
321 31352 31400 0
322 31397 31425 0
323 31387 31450 0
324 31358 31376 0
325 2063 2150 0
326 31363 31390 0
327 62632 62696 0
328 62654 62678 0
329 62634 62663 0
330 62613 62635 0
331 62603 62636 0
332 62680 62699 0
333 62637 62648 0
334 2115 2153 0
335 62652 62677 0
336 2105 2152 0
337 62659 62693 0
338 62647 62681 0
339 62650 62687 0
340 2093 2151 0
341 62616 62684 0
342 62623 62662 0
343 62627 62694 0
344 125158 125181 0
345 125112 125157 0
346 125111 125134 0
347 2094 2127 0
348 2093 2120 0
349 2071 2112 0
350 125121 125145 0
351 125105 125118 0
352 125130 125170 0
353 125150 125175 0
354 7923 7964 0
355 125116 125185 0
356 125174 125186 0
357 2110 2152 0
358 125135 125154 0
359 125158 125197 0
360 125128 125185 0
361 125132 125187 0
362 8 30 0
363 125145 125176 0
364 125125 125138 0
365 5 34 0
366 15733 15761 0
367 125123 125169 0
368 15773 15817 0
369 15779 15820 0
370 250142 250186 0
371 15741 15803 0
372 16 49 0
373 250117 250142 0
374 15801 15820 0
375 25 60 0
376 21 96 0
377 250133 250183 0
378 250126 250188 0
379 250171 250197 0
380 31 52 0
381 250101 250148 0
382 39 73 0
383 8 58 0
384 250114 250173 0
385 250102 250178 0
386 33 69 0
387 7977 7999 0
388 17 100 0
389 38 84 0
390 250123 250180 0
391 7935 7960 0
392 250139 250197 0
393 250136 250180 0
394 500110 500190 0
395 7968 7982 0
396 500126 500195 0
397 500142 500193 0
398 7927 8000 0
399 7926 7990 0
--------------
1000000 :c
1003986 :sum(p)
1000000 :sum(w)
