400 :n
id p,w,x
--------------
0 90 3 1
1 76 12 1
2 89 19 1
3 88 27 1
4 70 25 1
5 49 21 1
6 44 21 1
7 29 14 1
8 62 30 1
9 48 24 1
10 46 24 1
11 65 35 1
12 78 51 1
13 67 46 1
14 95 76 1
15 77 70 1
16 89 83 1
17 2138 2069 1
18 2146 2079 1
19 2148 2085 1
20 2132 2078 1
21 2132 2083 1
22 2112 2064 1
23 2133 2087 1
24 2111 2067 1
25 2139 2099 1
26 4093 4020 1
27 2134 2098 1
28 2106 2074 1
29 4082 4020 1
30 4082 4027 1
31 4083 4033 1
32 4062 4013 1
33 2081 2056 1
34 8012 7916 1
35 4075 4028 1
36 4101 4056 1
37 8000 7916 1
38 7994 7915 1
39 4104 4064 1
40 4055 4018 1
41 8006 7933 1
42 7992 7920 1
43 4062 4027 1
44 2128 2110 1
45 4053 4021 1
46 8001 7942 1
47 4088 4058 1
48 4084 4055 1
49 4071 4043 1
50 4087 4059 1
51 4098 4070 1
52 2120 2107 1
53 4051 4027 1
54 2071 2059 1
55 7960 7915 1
56 2135 2123 1
57 2073 2062 1
58 2112 2101 1
59 2119 2108 1
60 15822 15743 1
61 15804 15727 1
62 7972 7934 1
63 7993 7959 1
64 15793 15730 1
65 7946 7918 1
66 7963 7936 1
67 15824 15773 1
68 4048 4035 1
69 15818 15771 1
70 4045 4033 1
71 31444 31358 1
72 31442 31358 1
73 7962 7941 1
74 15789 15750 1
75 2080 2075 1
76 15806 15771 1
77 15810 15776 1
78 7964 7947 1
79 15793 15761 1
80 31439 31376 1
81 7944 7929 1
82 15778 15749 1
83 7933 7919 1
84 7964 7951 1
85 7981 7968 0
86 15756 15731 1
87 31448 31401 1
88 31402 31356 1
89 31415 31369 1
90 15799 15776 1
91 15802 15779 1
92 2130 2127 0
93 31408 31364 1
94 31400 31359 1
95 31405 31364 1
96 4097 4092 0
97 31418 31380 1
98 31430 31394 1
99 31447 31413 1
100 15750 15733 1
101 15813 15798 0
102 74 52 1
103 4039 4014 1
104 62686 62628 0
105 62688 62630 1
106 62692 62634 1
107 62698 62684 0
108 31440 31446 0
109 7934 7983 0
110 15776 15762 1
111 7982 7975 1
112 31436 31412 0
113 15749 15737 0
114 7953 7947 0
115 2060 2060 0
116 62678 62633 0
117 62673 62630 0
118 31400 31384 0
119 7975 7971 0
120 4009 4007 1
121 31431 31416 0
122 31404 31390 0
123 31426 31412 0
124 31392 31379 0
125 31413 31401 0
126 31438 31427 0
127 15802 15797 0
128 7963 7964 0
129 7950 7952 0
130 4065 4067 0
131 4098 4101 0
132 4054 4061 0
133 2135 2141 0
134 76 82 0
135 53 63 0
136 22 31 0
137 62678 62654 0
138 125179 125103 0
139 125181 125122 0
140 250200 250106 0
141 250193 250113 0
142 62636 62619 0
143 250161 250154 0
144 250181 250134 0
145 500171 500110 0
146 62679 62669 0
147 125126 125110 0
148 250176 250145 0
149 500193 500184 0
150 250175 250134 0
151 62662 62648 0
152 500169 500142 0
153 500185 500105 0
154 500189 500119 0
155 62664 62653 0
156 500117 500113 0
157 500171 500143 0
158 250194 250182 0
159 125193 125175 0
160 125133 125105 0
161 500171 500135 0
162 250157 250150 0
163 250168 250114 0
164 500131 500102 0
165 125180 125144 0
166 125184 125175 0
167 500167 500152 0
168 125143 125108 0
169 500144 500107 0
170 500180 500147 0
171 500180 500176 0
172 500193 500187 0
173 31402 31393 0
174 500168 500124 0
175 250167 250116 0
176 500140 500130 0
177 125130 125123 0
178 31409 31403 0
179 31383 31374 0
180 250176 250104 0
181 125136 125107 0
182 125198 125159 0
183 125195 125157 0
184 250179 250135 0
185 31365 31355 0
186 500199 500133 0
187 250189 250122 0
188 250198 250131 0
189 250185 250180 0
190 250123 250112 0
191 500197 500138 0
192 62681 62653 0
193 125187 125111 0
194 500155 500200 0
195 31392 31401 0
196 125132 125166 0
197 125174 125191 0
198 500117 500161 0
199 31374 31383 0
200 500103 500165 0
201 15811 15812 0
202 125159 125161 0
203 500169 500200 0
204 125178 125179 0
205 250131 250183 0
206 500154 500183 0
207 125106 125130 0
208 500119 500189 0
209 125146 125173 0
210 125136 125173 0
211 500111 500119 0
212 15794 15798 0
213 250101 250166 0
214 250113 250141 0
215 500119 500136 0
216 250132 250199 0
217 15763 15764 0
218 250153 250184 0
219 62622 62634 0
220 250189 250196 0
221 15733 15735 0
222 62606 62610 0
223 250130 250189 0
224 500101 500112 0
225 500135 500142 0
226 500112 500150 0
227 500114 500154 0
228 250103 250115 0
229 62668 62669 0
230 250188 250188 0
231 125172 125176 0
232 250156 250175 0
233 500159 500170 0
234 250114 250131 0
235 62619 62633 0
236 250171 250188 0
237 250115 250148 0
238 250117 250140 0
239 500117 500200 0
240 250136 250161 0
241 62696 62700 0
242 500136 500139 0
243 500105 500128 0
244 500174 500196 0
245 62662 62666 0
246 62664 62672 0
247 500162 500160 0
248 500168 500171 0
249 125159 125164 0
250 125162 125196 0
251 250114 250148 0
252 500132 500168 0
253 125177 125188 0
254 250144 250186 0
255 250157 250198 0
256 250104 250146 0
257 125182 125195 0
258 125174 125198 0
259 125115 125130 0
260 250168 250188 0
261 250135 250136 0
262 250136 250200 0
263 250127 250126 0
264 125137 125165 0
265 500128 500180 0
266 500137 500171 0
267 125189 125140 0
268 125174 125115 0
269 62646 62610 0
270 250190 250104 0
271 62678 62652 0
272 125174 125120 0
273 125182 125128 0
274 7915 7988 0
275 7943 7975 0
276 7936 8004 0
277 7966 7999 0
278 125160 125199 0
279 4034 4094 0
280 4051 4100 0
281 7981 7993 0
282 7938 7947 0
283 4077 4104 0
284 4017 4038 0
285 7982 8001 0
286 7966 7983 0
287 4016 4088 0
288 7966 7984 0
289 7918 7933 0
290 4057 4075 0
291 15793 15809 0
292 15751 15799 0
293 15746 15768 0
294 4041 4104 0
295 4040 4070 0
296 125106 125166 0
297 15805 15811 0
298 15746 15802 0
299 4038 4091 0
300 4059 4070 0
301 15739 15756 0
302 15765 15813 0
303 4064 4096 0
304 4086 4100 0
305 15742 15752 0
306 125103 125143 0
307 15732 15807 0
308 15774 15794 0
309 4009 4086 0
310 15766 15809 0
311 15802 15814 0
312 7927 7970 0
313 15748 15776 0
314 4017 4090 0
315 15768 15801 0
316 4016 4053 0
317 15740 15806 0
318 15790 15808 0
319 15726 15797 0
320 2094 2113 0
321 2075 2149 0
322 2074 2138 0
323 2094 2144 0
324 2089 2119 0
325 15774 15796 0
326 125100 125197 0
327 2076 2115 0
328 31416 31450 0
329 31387 31404 0
330 31357 31447 0
331 7959 8008 0
332 31421 31439 0
333 31394 31436 0
334 2099 2127 0
335 31423 31437 0
336 2063 2099 0
337 2074 2122 0
338 125151 125195 0
339 2092 2101 0
340 2077 2139 0
341 31381 31434 0
342 31372 31437 0
343 2056 2107 0
344 31362 31433 0
345 31356 31381 0
346 31366 31394 0
347 31371 31421 0
348 2064 2101 0
349 2086 2136 0
350 31390 31422 0
351 62623 62656 0
352 62628 62684 0
353 62608 62662 0
354 62622 62647 0
355 2074 2089 0
356 62615 62680 0
357 2056 2117 0
358 2098 2128 0
359 7936 7942 0
360 26 62 0
361 14 83 0
362 62618 62700 0
363 62660 62682 0
364 62655 62700 0
365 25 54 0
366 35 52 0
367 7 67 0
368 31 87 0
369 62646 62669 0
370 62623 62662 0
371 62627 62678 0
372 4 67 0
373 62634 62659 0
374 7922 7935 0
375 62602 62674 0
376 47 64 0
377 62607 62692 0
378 62657 62678 0
379 62612 62700 0
380 2 70 0
381 62607 62629 0
382 48 64 0
383 62637 62672 0
384 62621 62641 0
385 11 34 0
386 7930 7949 0
387 125112 125168 0
388 55 79 0
389 3 40 0
390 59 72 0
391 125119 125159 0
392 21 41 0
393 13 52 0
394 34 53 0
395 49 67 0
396 125141 125188 0
397 14 54 0
398 7980 7994 0
399 7917 8001 0
--------------
1000000 :c
1004044 :sum(p)
999999 :sum(w)
