400 :n
id p,w,x
--------------
0 31435 31353 1
1 31444 31352 1
2 99 3 1
3 55 10 1
4 52 15 1
5 15822 15782 1
6 91 18 1
7 81 17 1
8 29 21 1
9 37 18 1
10 15807 15753 1
11 94 57 1
12 28 9 1
13 62 23 1
14 15782 15739 1
15 78 12 1
16 94 53 1
17 35 12 1
18 93 4 1
19 93 35 1
20 46 18 1
21 72 39 1
22 67 8 1
23 80 20 1
24 48 13 1
25 2105 2066 1
26 2081 2064 1
27 2121 2064 1
28 2150 2054 1
29 2131 2060 1
30 2107 2081 1
31 2137 2099 1
32 2091 2060 1
33 2133 2085 1
34 2147 2057 1
35 2142 2102 1
36 2142 2121 1
37 2132 2111 1
38 2107 2067 1
39 4059 4040 1
40 4097 4040 1
41 4052 4010 1
42 4078 4040 1
43 4094 4067 1
44 4065 4042 1
45 4094 4026 1
46 4050 4013 1
47 4067 4028 1
48 4083 4066 1
49 4101 4027 1
50 4106 4077 1
51 4058 4028 1
52 4077 4044 1
53 4055 4044 1
54 4087 4029 1
55 7996 7927 1
56 7950 7922 1
57 7958 7935 1
58 7989 7958 1
59 7977 7949 1
60 7981 7915 1
61 8010 7955 1
62 7961 7929 1
63 7970 7917 1
64 7999 7941 1
65 8004 7968 1
66 7998 7938 1
67 7975 7923 1
68 7980 7945 1
69 15814 15726 1
70 15820 15760 1
71 22 19 1
72 61 57 1
73 47 46 1
74 2146 2141 1
75 7970 7952 1
76 4081 4072 1
77 7952 7935 1
78 7964 7947 1
79 8009 7992 1
80 31434 31372 1
81 31437 31376 1
82 31445 31385 1
83 2108 2104 1
84 7930 7915 1
85 7978 7963 1
86 31418 31359 1
87 31439 31381 1
88 15769 15741 1
89 31445 31392 1
90 15823 15798 1
91 4092 4086 1
92 31432 31388 1
93 15812 15790 1
94 7955 7944 1
95 7967 7956 1
96 15760 15739 1
97 15770 15750 1
98 62697 62622 1
99 31412 31375 0
100 15746 15728 1
101 15792 15774 1
102 7949 7940 1
103 31427 31392 1
104 15752 15735 0
105 50 21 1
106 62690 62601 1
107 15771 15754 1
108 62693 62626 1
109 62681 62616 0
110 31438 31449 0
111 15780 15782 0
112 15737 15824 0
113 62670 62607 0
114 7969 7961 0
115 2115 2113 1
116 31400 31372 0
117 15774 15760 0
118 31392 31366 0
119 2125 2125 1
120 15767 15754 0
121 62656 62606 0
122 4027 4026 0
123 2056 2056 0
124 86 87 0
125 71 75 0
126 19 24 0
127 500133 500127 0
128 500179 500160 0
129 125169 125160 0
130 250157 250153 0
131 62634 62615 0
132 62699 62697 0
133 62617 62603 0
134 125196 125155 0
135 62675 62637 0
136 125119 125111 0
137 500184 500166 0
138 62693 62666 0
139 500196 500167 0
140 250141 250104 0
141 62659 62640 0
142 500161 500162 0
143 125129 125109 0
144 500171 500147 0
145 500169 500105 0
146 125193 125188 0
147 125176 125116 0
148 500163 500163 0
149 250154 250145 0
150 62677 62642 0
151 250189 250171 0
152 500179 500165 0
153 125179 125176 0
154 62642 62628 0
155 62681 62659 0
156 500128 500101 0
157 500150 500145 0
158 250184 250122 0
159 250198 250187 0
160 250143 250104 0
161 250186 250183 0
162 31391 31390 0
163 31431 31410 0
164 250164 250163 0
165 125161 125127 0
166 250151 250146 0
167 250184 250128 0
168 250168 250163 0
169 500132 500117 0
170 125196 125163 0
171 500196 500148 0
172 125164 125124 0
173 125168 125128 0
174 125104 125104 0
175 250195 250134 0
176 250151 250128 0
177 250135 250120 0
178 125189 125160 0
179 250179 250176 0
180 500129 500102 0
181 250163 250147 0
182 500195 500199 0
183 31390 31385 0
184 250144 250115 0
185 500160 500107 0
186 250199 250120 0
187 31428 31424 0
188 125188 125164 0
189 15737 15729 0
190 125165 125148 0
191 250197 250157 0
192 500159 500122 0
193 125184 125186 0
194 500184 500124 0
195 250174 250154 0
196 500192 500132 0
197 250162 250147 0
198 125137 125134 0
199 125152 125103 0
200 500200 500177 0
201 125187 125175 0
202 31412 31415 0
203 500119 500127 0
204 500116 500134 0
205 62650 62655 0
206 62693 62695 0
207 62644 62646 0
208 500118 500138 0
209 500113 500159 0
210 125188 125198 0
211 250134 250139 0
212 125150 125157 0
213 125113 125120 0
214 15748 15749 0
215 500120 500166 0
216 500141 500174 0
217 125164 125170 0
218 125150 125158 0
219 500158 500189 0
220 250176 250191 0
221 500152 500180 0
222 125166 125178 0
223 500141 500156 0
224 250174 250199 0
225 125159 125163 0
226 500120 500147 0
227 500120 500137 0
228 250150 250167 0
229 250168 250176 0
230 250135 250151 0
231 250179 250196 0
232 62624 62612 0
233 62691 62689 0
234 62665 62657 0
235 15747 15771 0
236 15734 15798 0
237 250111 250167 0
238 15759 15778 0
239 15765 15795 0
240 15728 15765 0
241 15774 15781 0
242 7930 8000 0
243 250167 250199 0
244 15757 15761 0
245 15738 15754 0
246 15754 15823 0
247 15744 15751 0
248 7959 7990 0
249 15731 15749 0
250 7919 7958 0
251 7985 7987 0
252 7947 7976 0
253 7928 8001 0
254 7952 7958 0
255 7913 7998 0
256 15765 15770 0
257 15748 15780 0
258 250127 250177 0
259 7929 7956 0
260 15759 15765 0
261 7979 8010 0
262 250115 250148 0
263 7926 7993 0
264 7990 8007 0
265 31377 31431 0
266 7940 7959 0
267 250119 250187 0
268 7964 7968 0
269 31371 31444 0
270 7932 8011 0
271 31380 31448 0
272 7919 7936 0
273 31419 31424 0
274 31355 31373 0
275 31378 31423 0
276 31355 31365 0
277 31400 31422 0
278 31382 31396 0
279 4038 4091 0
280 4079 4095 0
281 31365 31437 0
282 4034 4079 0
283 4074 4105 0
284 4041 4076 0
285 250129 250170 0
286 250129 250163 0
287 4068 4103 0
288 4008 4018 0
289 4058 4082 0
290 31388 31424 0
291 31370 31433 0
292 31361 31420 0
293 31356 31448 0
294 4035 4079 0
295 4059 4071 0
296 31352 31426 0
297 15727 15765 0
298 4007 4015 0
299 4026 4095 0
300 31374 31408 0
301 4030 4083 0
302 31375 31397 0
303 4083 4091 0
304 4008 4050 0
305 31375 31427 0
306 31359 31429 0
307 250113 250141 0
308 31383 31450 0
309 31402 31407 0
310 4092 4101 0
311 4041 4082 0
312 4060 4097 0
313 4013 4069 0
314 62618 62630 0
315 4015 4097 0
316 4061 4082 0
317 62641 62678 0
318 500146 500199 0
319 2089 2144 0
320 62661 62685 0
321 62637 62667 0
322 2095 2147 0
323 2068 2071 0
324 2136 2141 0
325 2055 2123 0
326 2082 2140 0
327 62613 62628 0
328 62635 62665 0
329 2054 2116 0
330 2122 2146 0
331 2062 2144 0
332 2058 2146 0
333 62649 62682 0
334 62636 62649 0
335 2101 2111 0
336 62643 62695 0
337 2086 2127 0
338 62680 62693 0
339 62613 62665 0
340 62612 62644 0
341 62614 62635 0
342 2058 2103 0
343 2062 2103 0
344 2128 2135 0
345 62642 62697 0
346 62601 62687 0
347 2090 2099 0
348 2062 2108 0
349 62644 62669 0
350 500112 500164 0
351 62617 62667 0
352 2090 2106 0
353 2130 2141 0
354 2095 2098 0
355 500112 500184 0
356 2102 2130 0
357 62641 62667 0
358 500115 500177 0
359 500136 500189 0
360 62612 62653 0
361 125108 125199 0
362 125130 125182 0
363 63 80 0
364 28 63 0
365 500102 500169 0
366 125106 125192 0
367 500126 500197 0
368 125150 125195 0
369 4 83 0
370 125171 125184 0
371 15729 15744 0
372 14 85 0
373 4 87 0
374 42 60 0
375 125124 125186 0
376 78 84 0
377 125120 125176 0
378 125112 125148 0
379 15756 15821 0
380 15760 15817 0
381 51 69 0
382 125107 125186 0
383 125144 125189 0
384 500119 500184 0
385 125105 125120 0
386 125126 125182 0
387 500101 500192 0
388 125152 125189 0
389 125105 125169 0
390 250106 250164 0
391 59 95 0
392 62 97 0
393 73 87 0
394 16 29 0
395 250104 250157 0
396 250113 250162 0
397 32 70 0
398 15753 15779 0
399 15778 15797 0
--------------
1000000 :c
1004276 :sum(p)
1000000 :sum(w)
