400 :n
id p,w,x
--------------
0 7991 7933 1
1 2151 2088 1
2 66 18 1
3 4069 4018 1
4 4074 4013 1
5 4082 4017 1
6 4063 4033 1
7 76 35 1
8 2101 2069 1
9 2150 2078 1
10 84 36 1
11 51 17 1
12 2122 2083 1
13 7991 7941 1
14 97 13 1
15 75 2 1
16 7976 7927 1
17 88 13 1
18 4082 4026 1
19 66 34 1
20 2152 2109 1
21 4076 4036 1
22 2134 2097 1
23 2091 2054 1
24 32 4 1
25 4070 4008 1
26 4049 4010 1
27 75 50 1
28 4103 4015 1
29 64 29 1
30 4071 4012 1
31 4044 4009 1
32 2111 2064 1
33 88 45 1
34 68 41 1
35 4105 4022 1
36 7997 7944 1
37 55 23 1
38 62 6 1
39 2144 2097 1
40 8006 7949 1
41 81 25 1
42 2148 2065 1
43 2145 2117 1
44 16 3 1
45 25 13 1
46 67 45 1
47 77 54 1
48 90 75 1
49 64 62 1
50 2147 2121 1
51 2148 2125 1
52 2084 2065 1
53 2072 2054 1
54 2072 2055 1
55 2153 2138 1
56 4075 4049 1
57 4077 4053 1
58 2066 2054 1
59 4031 4011 1
60 2067 2057 1
61 4038 4019 1
62 15817 15744 1
63 7960 7926 1
64 15794 15729 1
65 2082 2074 1
66 7992 7966 1
67 15819 15773 1
68 15799 15754 1
69 31441 31354 1
70 15772 15729 1
71 15786 15745 1
72 8001 7981 1
73 4046 4036 1
74 4085 4075 1
75 2068 2063 1
76 7944 7925 1
77 7935 7917 1
78 31441 31376 1
79 31433 31371 1
80 2090 2086 1
81 31427 31367 1
82 15812 15784 1
83 8002 7988 1
84 15755 15728 1
85 15818 15792 1
86 31432 31383 1
87 7991 7979 1
88 15758 15735 1
89 62693 62610 1
90 62698 62609 1
91 31433 31391 1
92 31437 31395 1
93 31422 31381 1
94 31395 31355 1
95 31425 31388 1
96 62696 62623 0
97 31393 31351 1
98 62693 62603 1
99 7977 7932 1
100 7937 7928 1
101 8012 8003 1
102 31388 31353 1
103 7993 8007 0
104 4099 4103 0
105 7975 7969 1
106 62692 62623 0
107 31418 31385 0
108 62697 62632 0
109 15811 15795 1
110 31440 31409 0
111 4097 4093 1
112 15769 15757 0
113 15791 15779 0
114 79 85 0
115 31432 31408 0
116 62677 62617 0
117 15815 15817 0
118 4026 4023 1
119 125197 125122 0
120 125177 125104 0
121 62645 62609 0
122 7941 7937 0
123 4013 4011 0
124 4025 4023 1
125 62677 62650 0
126 62687 62660 0
127 31399 31387 0
128 15766 15760 0
129 62632 62609 0
130 62649 62629 0
131 31422 31412 0
132 62632 62613 0
133 31401 31392 0
134 62680 62665 0
135 62630 62617 0
136 7918 7917 0
137 15752 15751 0
138 7935 7935 0
139 2108 2108 0
140 7991 7992 0
141 15814 15816 0
142 15784 15791 0
143 15777 15784 0
144 4048 4051 1
145 7962 7968 0
146 7964 7971 0
147 4085 4090 0
148 7968 7981 0
149 7992 8006 0
150 7961 7975 0
151 7970 7985 0
152 4057 4066 0
153 2069 2075 0
154 4010 4024 0
155 2101 2109 0
156 4044 4064 0
157 2098 2115 0
158 2077 2097 0
159 84 86 1
160 54 61 0
161 43 56 0
162 53 72 0
163 7 19 0
164 250190 250170 0
165 250111 250101 0
166 250198 250188 0
167 250163 250118 0
168 31378 31376 0
169 250162 250158 0
170 250159 250140 0
171 250166 250162 0
172 250121 250108 0
173 250182 250145 0
174 250177 250144 0
175 250143 250130 0
176 500141 500137 0
177 500159 500138 0
178 500162 500142 0
179 500150 500107 0
180 500174 500140 0
181 500191 500186 0
182 500158 500104 0
183 500139 500119 0
184 500190 500163 0
185 31359 31357 0
186 500178 500101 0
187 500137 500109 0
188 500152 500114 0
189 500200 500146 0
190 500150 500120 0
191 31441 31438 0
192 125149 125138 0
193 500183 500165 0
194 500192 500185 0
195 500182 500116 0
196 500135 500121 0
197 500194 500120 0
198 500171 500168 0
199 62658 62650 0
200 125180 125162 0
201 62624 62618 0
202 62696 62684 0
203 125124 125121 0
204 250171 250110 0
205 125192 125150 0
206 250175 250108 0
207 125183 125129 0
208 125195 125146 0
209 125188 125162 0
210 250167 250103 0
211 125162 125127 0
212 125181 125131 0
213 125143 125116 0
214 125140 125112 0
215 125137 125108 0
216 125190 125129 0
217 125179 125153 0
218 125179 125140 0
219 125164 125115 0
220 125137 125112 0
221 250191 250125 0
222 250178 250103 0
223 125142 125119 0
224 125193 125168 0
225 125118 125100 0
226 125137 125113 0
227 125177 125176 0
228 250160 250150 0
229 31360 31354 0
230 15750 15786 0
231 15761 15816 0
232 31395 31445 0
233 15738 15748 0
234 31385 31390 0
235 31358 31404 0
236 15775 15786 0
237 31380 31444 0
238 31384 31435 0
239 31387 31415 0
240 31374 31445 0
241 15744 15791 0
242 7938 7981 0
243 31361 31436 0
244 31385 31401 0
245 7914 7933 0
246 31353 31371 0
247 7924 7999 0
248 7933 8001 0
249 7948 7969 0
250 7960 8008 0
251 62628 62628 0
252 62644 62695 0
253 15746 15763 0
254 62644 62663 0
255 15758 15812 0
256 62683 62699 0
257 62602 62609 0
258 62661 62689 0
259 62620 62681 0
260 7951 8002 0
261 7913 8011 0
262 62645 62679 0
263 15754 15822 0
264 62609 62640 0
265 7950 8000 0
266 31384 31392 0
267 62624 62647 0
268 62622 62637 0
269 62606 62615 0
270 7946 7998 0
271 7927 7989 0
272 62643 62662 0
273 62662 62671 0
274 31393 31394 0
275 7939 7973 0
276 7964 8001 0
277 15744 15779 0
278 62637 62662 0
279 62605 62645 0
280 15726 15810 0
281 62612 62668 0
282 4057 4103 0
283 62632 62681 0
284 62652 62664 0
285 4032 4094 0
286 31387 31409 0
287 4015 4106 0
288 62684 62687 0
289 62610 62617 0
290 4046 4101 0
291 62686 62692 0
292 125126 125199 0
293 125140 125156 0
294 125161 125173 0
295 4041 4069 0
296 125182 125199 0
297 125122 125135 0
298 31363 31407 0
299 4040 4061 0
300 125132 125150 0
301 4008 4062 0
302 4015 4048 0
303 125106 125135 0
304 4049 4076 0
305 15766 15802 0
306 4058 4079 0
307 125112 125195 0
308 125103 125140 0
309 125125 125164 0
310 4017 4093 0
311 125127 125148 0
312 15728 15817 0
313 125100 125123 0
314 125147 125184 0
315 15728 15796 0
316 4030 4059 0
317 125150 125162 0
318 125146 125163 0
319 125113 125149 0
320 250197 250196 0
321 2067 2135 0
322 2070 2140 0
323 250102 250147 0
324 250125 250158 0
325 250129 250195 0
326 250146 250147 0
327 31371 31449 0
328 250147 250199 0
329 250103 250142 0
330 250163 250162 0
331 250154 250180 0
332 2068 2123 0
333 2090 2128 0
334 250105 250115 0
335 2058 2100 0
336 15798 15809 0
337 2063 2152 0
338 250140 250195 0
339 250119 250135 0
340 2067 2149 0
341 250103 250195 0
342 15780 15811 0
343 2085 2133 0
344 2061 2137 0
345 15790 15821 0
346 2067 2111 0
347 250121 250192 0
348 250134 250154 0
349 2073 2107 0
350 250161 250175 0
351 250120 250179 0
352 250117 250149 0
353 250133 250144 0
354 250172 250187 0
355 250171 250200 0
356 2056 2099 0
357 2098 2123 0
358 31360 31449 0
359 250148 250154 0
360 250113 250115 0
361 500130 500146 0
362 500131 500172 0
363 31360 31436 0
364 37 96 0
365 500105 500120 0
366 500163 500180 0
367 33 74 0
368 500129 500135 0
369 13 55 0
370 500176 500187 0
371 16 77 0
372 500111 500164 0
373 19 84 0
374 5 96 0
375 500130 500178 0
376 15731 15796 0
377 500129 500172 0
378 500135 500167 0
379 37 62 0
380 500184 500193 0
381 500133 500140 0
382 15775 15820 0
383 500187 500191 0
384 33 85 0
385 500163 500181 0
386 500139 500137 0
387 15783 15812 0
388 62 90 0
389 500121 500200 0
390 500111 500142 0
391 12 39 0
392 5 53 0
393 500154 500174 0
394 55 89 0
395 500137 500163 0
396 31365 31411 0
397 500154 500179 0
398 15746 15797 0
399 15760 15824 0
--------------
1000000 :c
1004064 :sum(p)
999997 :sum(w)
