400 :n
id p,w,x
--------------
0 15801 15729 1
1 15812 15760 1
2 15813 15741 1
3 15807 15745 1
4 31 10 1
5 8001 7965 1
6 69 1 1
7 97 26 1
8 72 37 1
9 89 66 1
10 89 25 1
11 90 67 1
12 85 35 1
13 97 16 1
14 55 14 1
15 95 12 1
16 8009 7926 1
17 7997 7958 1
18 91 31 1
19 8012 7958 1
20 94 49 1
21 68 34 1
22 7969 7914 1
23 7994 7920 1
24 2104 2059 1
25 2144 2100 1
26 2135 2084 1
27 2143 2079 1
28 7991 7931 1
29 15784 15731 1
30 2122 2076 1
31 2085 2058 1
32 7981 7920 1
33 2107 2057 1
34 2153 2055 1
35 2115 2065 1
36 2143 2064 1
37 2138 2091 1
38 7995 7946 1
39 4077 4033 1
40 4065 4013 1
41 4082 4035 1
42 4059 4011 1
43 4062 4015 1
44 4059 4008 1
45 4095 4066 1
46 4072 4007 1
47 4078 4020 1
48 4072 4015 1
49 4092 4018 1
50 8007 7936 1
51 8003 7967 1
52 13 4 1
53 15 5 1
54 26 11 1
55 32 21 1
56 63 56 1
57 61 60 0
58 77 76 0
59 2127 2110 1
60 2130 2115 1
61 2124 2112 1
62 2103 2094 1
63 2150 2143 1
64 7972 7947 1
65 31449 31353 1
66 15812 15764 1
67 4038 4027 1
68 15821 15778 1
69 15814 15773 1
70 15815 15775 1
71 7970 7950 1
72 7986 7967 1
73 7943 7926 1
74 2068 2064 0
75 15771 15742 1
76 8009 7995 1
77 31425 31374 1
78 4105 4099 0
79 31446 31406 1
80 15745 15727 1
81 15757 15739 1
82 15800 15783 0
83 62681 62615 1
84 2129 2120 1
85 62689 62625 1
86 31408 31376 1
87 31423 31392 1
88 62691 62632 1
89 62700 62641 1
90 31430 31402 1
91 57 11 1
92 62664 62604 1
93 31394 31352 1
94 31389 31363 1
95 31430 31406 0
96 31431 31407 1
97 31444 31422 0
98 8002 8001 0
99 15752 15806 0
100 7941 7935 0
101 62700 62659 0
102 31380 31360 0
103 7945 7940 0
104 62656 62617 0
105 125181 125104 0
106 4085 4097 0
107 62687 62651 0
108 15742 15733 0
109 62673 62638 0
110 125178 125109 0
111 62656 62623 0
112 125199 125135 0
113 15772 15764 0
114 125197 125135 0
115 4047 4045 1
116 31385 31370 0
117 2131 2130 0
118 2140 2139 0
119 125186 125130 0
120 15815 15808 0
121 125178 125125 0
122 31393 31380 0
123 125160 125110 0
124 31368 31356 0
125 7946 7943 0
126 125169 125131 0
127 125184 125146 0
128 250193 250118 0
129 125195 125158 0
130 31399 31390 0
131 250174 250103 0
132 250189 250121 0
133 125196 125162 0
134 250189 250122 0
135 125142 125109 0
136 62677 62661 0
137 15819 15815 0
138 250174 250113 0
139 7958 7957 0
140 15774 15773 0
141 7981 7981 0
142 91 91 0
143 7967 7967 0
144 7953 7958 0
145 4020 4027 0
146 4019 4026 0
147 4053 4063 0
148 2070 2080 0
149 2071 2083 0
150 42 50 0
151 41 52 0
152 3 14 0
153 125178 125159 0
154 250160 250122 0
155 250164 250125 0
156 125123 125114 0
157 125145 125123 0
158 250125 250105 0
159 250178 250131 0
160 250157 250139 0
161 31382 31380 0
162 125139 125124 0
163 500192 500150 0
164 500184 500104 0
165 500197 500113 0
166 500190 500102 0
167 500149 500105 0
168 250174 250158 0
169 500144 500106 0
170 31426 31422 0
171 62628 62622 0
172 500190 500162 0
173 125192 125171 0
174 31408 31402 0
175 125140 125114 0
176 125140 125116 0
177 62664 62650 0
178 250178 250123 0
179 31444 31437 0
180 31408 31402 0
181 62617 62605 0
182 250188 250133 0
183 125161 125131 0
184 125193 125180 0
185 125156 125142 0
186 62602 62609 0
187 31408 31437 0
188 31416 31441 0
189 62613 62693 0
190 31352 31428 0
191 62635 62691 0
192 62603 62604 0
193 31409 31421 0
194 31376 31377 0
195 62663 62681 0
196 31353 31411 0
197 31365 31385 0
198 31360 31389 0
199 250110 250180 0
200 15731 15801 0
201 62613 62626 0
202 62667 62693 0
203 15768 15809 0
204 62662 62668 0
205 15742 15747 0
206 62667 62665 0
207 15730 15745 0
208 15801 15804 0
209 62611 62685 0
210 62640 62697 0
211 15726 15794 0
212 15747 15802 0
213 62653 62693 0
214 62613 62674 0
215 15744 15792 0
216 15742 15748 0
217 15798 15807 0
218 15745 15815 0
219 62608 62695 0
220 250149 250150 0
221 62611 62620 0
222 62616 62632 0
223 250130 250170 0
224 15731 15809 0
225 15773 15823 0
226 15767 15791 0
227 15792 15798 0
228 15757 15795 0
229 15743 15760 0
230 62643 62674 0
231 62613 62615 0
232 15757 15820 0
233 15737 15782 0
234 15730 15740 0
235 250149 250164 0
236 62605 62619 0
237 15797 15812 0
238 62640 62665 0
239 62611 62693 0
240 8001 8011 0
241 7916 7987 0
242 7971 7985 0
243 7965 8010 0
244 62615 62618 0
245 250189 250176 0
246 7933 7963 0
247 125146 125164 0
248 250188 250190 0
249 7915 7943 0
250 125167 125162 0
251 7957 7991 0
252 7958 7980 0
253 125112 125177 0
254 250177 250180 0
255 125169 125187 0
256 7953 7997 0
257 62603 62627 0
258 250151 250159 0
259 7927 7946 0
260 7960 7978 0
261 7918 7975 0
262 250130 250125 0
263 31425 31428 0
264 125140 125143 0
265 125123 125125 0
266 7956 7974 0
267 125111 125147 0
268 250114 250136 0
269 7932 7993 0
270 125173 125195 0
271 31413 31418 0
272 250153 250199 0
273 125150 125198 0
274 7934 8011 0
275 250129 250164 0
276 125116 125139 0
277 7937 7973 0
278 125114 125166 0
279 125110 125178 0
280 4023 4035 0
281 4059 4078 0
282 4058 4075 0
283 4025 4058 0
284 31397 31429 0
285 4009 4084 0
286 4018 4082 0
287 4019 4061 0
288 4060 4088 0
289 125127 125187 0
290 4055 4090 0
291 4060 4102 0
292 250155 250145 0
293 4016 4078 0
294 250112 250158 0
295 250128 250176 0
296 125119 125194 0
297 4013 4065 0
298 4082 4105 0
299 250102 250174 0
300 250185 250196 0
301 4055 4088 0
302 4064 4076 0
303 125108 125147 0
304 250147 250192 0
305 250161 250185 0
306 4018 4103 0
307 500194 500196 0
308 62631 62675 0
309 4017 4071 0
310 4012 4049 0
311 4048 4075 0
312 4064 4082 0
313 125100 125123 0
314 62638 62695 0
315 31389 31401 0
316 125147 125172 0
317 4026 4105 0
318 4042 4061 0
319 2055 2126 0
320 500141 500126 0
321 500113 500182 0
322 31383 31417 0
323 2093 2134 0
324 125117 125191 0
325 500196 500175 0
326 2074 2093 0
327 2054 2143 0
328 500172 500194 0
329 500179 500174 0
330 2089 2142 0
331 500159 500196 0
332 250184 250200 0
333 2133 2153 0
334 250144 250144 0
335 2098 2120 0
336 250181 250191 0
337 2057 2083 0
338 500156 500174 0
339 2074 2139 0
340 2066 2080 0
341 250152 250183 0
342 31386 31407 0
343 500124 500138 0
344 2057 2104 0
345 2095 2117 0
346 500150 500161 0
347 2060 2142 0
348 2071 2121 0
349 500193 500179 0
350 500170 500149 0
351 2081 2119 0
352 500139 500144 0
353 250132 250191 0
354 500129 500105 0
355 2092 2130 0
356 2092 2132 0
357 250117 250131 0
358 2080 2111 0
359 500192 500183 0
360 500126 500136 0
361 31400 31430 0
362 500143 500173 0
363 500132 500145 0
364 21 78 0
365 500138 500113 0
366 17 79 0
367 250122 250127 0
368 62627 62665 0
369 39 91 0
370 500188 500169 0
371 31390 31423 0
372 250172 250195 0
373 500138 500173 0
374 500146 500196 0
375 31351 31446 0
376 500108 500139 0
377 500164 500169 0
378 24 47 0
379 500108 500125 0
380 33 65 0
381 500118 500134 0
382 25 43 0
383 21 60 0
384 500135 500125 0
385 500182 500164 0
386 500135 500187 0
387 44 89 0
388 19 63 0
389 37 99 0
390 5 50 0
391 500134 500133 0
392 23 58 0
393 500104 500156 0
394 500192 500164 0
395 15 45 0
396 500109 500120 0
397 6 44 0
398 31358 31368 0
399 31363 31365 0
--------------
1000000 :c
1003989 :sum(p)
999998 :sum(w)
