400 :n
id p,w,x
--------------
0 2153 2054 1
1 2104 2063 1
2 2107 2063 1
3 15811 15738 1
4 4085 4038 1
5 31429 31354 1
6 15799 15740 1
7 4106 4020 1
8 4103 4052 1
9 15818 15732 1
10 15816 15744 1
11 2102 2063 1
12 2153 2059 1
13 7979 7921 1
14 15814 15754 1
15 2146 2089 1
16 15791 15735 1
17 7966 7916 1
18 7978 7933 1
19 8010 7933 1
20 7998 7933 1
21 2148 2080 1
22 31441 31366 1
23 4104 4052 1
24 4096 4046 1
25 2104 2058 1
26 60 2 1
27 72 33 1
28 81 29 1
29 63 16 1
30 2129 2076 1
31 31448 31353 1
32 63 5 1
33 98 35 1
34 69 31 1
35 4095 4017 1
36 81 34 1
37 25 7 1
38 43 13 1
39 47 16 1
40 42 16 1
41 45 27 1
42 74 45 1
43 98 70 1
44 14 11 1
45 64 51 1
46 97 78 1
47 75 61 1
48 64 54 1
49 2153 2121 1
50 2124 2093 1
51 2143 2126 1
52 4097 4065 1
53 4077 4049 1
54 4082 4057 1
55 2117 2106 1
56 4102 4081 1
57 7952 7918 1
58 7957 7924 1
59 4103 4086 1
60 7984 7953 1
61 8008 7977 1
62 2112 2104 1
63 7955 7925 1
64 8002 7974 1
65 2121 2114 1
66 4046 4033 1
67 4089 4076 1
68 15798 15753 1
69 7967 7945 1
70 15824 15783 1
71 15825 15786 1
72 4073 4063 0
73 31449 31377 1
74 7947 7930 1
75 15767 15735 1
76 31427 31364 1
77 7940 7926 1
78 15805 15778 1
79 8011 7998 0
80 31435 31384 1
81 31400 31351 1
82 7956 7944 0
83 31410 31363 1
84 4069 4063 0
85 4088 4082 0
86 15774 15751 1
87 31397 31352 1
88 31420 31375 1
89 2100 2097 0
90 31404 31361 1
91 62685 62606 1
92 31394 31355 1
93 15748 15729 1
94 31423 31386 0
95 4076 4019 1
96 2097 2092 0
97 62678 62606 1
98 31399 31363 1
99 62679 62610 1
100 62699 62630 0
101 15821 15810 0
102 60 70 0
103 7925 7918 0
104 31417 31391 0
105 31445 31419 0
106 31396 31374 0
107 8008 8010 0
108 15820 15809 0
109 125188 125103 0
110 62660 62618 0
111 31386 31365 0
112 62671 62631 0
113 62691 62651 0
114 125183 125108 0
115 15806 15797 0
116 62651 62616 0
117 62637 62604 0
118 62675 62644 0
119 125182 125122 0
120 2108 2107 0
121 125159 125102 0
122 62633 62605 0
123 125199 125144 0
124 62662 62635 0
125 62696 62669 0
126 62696 62671 0
127 7926 7923 0
128 7965 7962 0
129 250195 250101 0
130 250199 250106 0
131 125170 125125 0
132 31445 31434 0
133 62625 62604 0
134 125199 125158 0
135 62622 62602 0
136 125189 125153 0
137 62626 62608 0
138 125184 125149 0
139 125154 125122 0
140 7950 7948 0
141 125170 125139 0
142 4061 4060 0
143 125160 125130 0
144 125166 125139 0
145 62665 62652 0
146 15740 15737 0
147 15811 15808 0
148 62639 62628 0
149 125167 125146 0
150 62674 62666 0
151 31362 31358 0
152 31399 31395 0
153 7928 7927 0
154 62643 62636 0
155 62643 62637 0
156 125113 125102 0
157 4045 4045 0
158 15739 15740 0
159 4015 4017 0
160 8007 8011 0
161 8002 8007 0
162 7942 7947 0
163 2081 2083 0
164 7964 7974 0
165 2104 2108 0
166 4038 4046 0
167 2105 2111 0
168 2058 2064 0
169 2100 2107 0
170 4070 4084 0
171 4057 4072 0
172 2104 2113 0
173 2140 2152 0
174 2102 2114 0
175 2102 2116 0
176 2076 2091 0
177 2079 2095 0
178 57 58 0
179 54 57 0
180 73 78 0
181 88 96 0
182 17 20 0
183 22 30 0
184 20 35 0
185 500150 500106 0
186 250195 250150 0
187 250175 250123 0
188 250197 250125 0
189 500182 500115 0
190 62655 62696 0
191 31421 31431 0
192 500150 500122 0
193 62619 62641 0
194 62603 62614 0
195 62654 62658 0
196 62660 62667 0
197 31406 31422 0
198 62634 62681 0
199 62644 62685 0
200 62662 62676 0
201 62688 62695 0
202 62603 62647 0
203 125103 125172 0
204 125124 125131 0
205 125133 125129 0
206 125158 125176 0
207 125120 125152 0
208 125109 125114 0
209 125170 125179 0
210 125156 125172 0
211 15797 15807 0
212 125152 125175 0
213 125130 125181 0
214 125134 125160 0
215 125109 125136 0
216 125101 125148 0
217 125134 125172 0
218 15749 15756 0
219 125119 125161 0
220 15771 15781 0
221 125126 125176 0
222 125162 125188 0
223 125113 125163 0
224 125144 125147 0
225 125172 125173 0
226 125124 125172 0
227 125122 125166 0
228 125105 125166 0
229 125117 125116 0
230 125117 125199 0
231 250154 250140 0
232 15783 15789 0
233 250111 250129 0
234 250178 250187 0
235 250140 250141 0
236 250142 250160 0
237 250156 250169 0
238 250108 250175 0
239 250195 250181 0
240 250128 250147 0
241 250136 250147 0
242 250131 250178 0
243 250104 250137 0
244 250117 250164 0
245 250160 250184 0
246 250105 250183 0
247 62660 62680 0
248 250135 250171 0
249 31377 31376 0
250 250177 250177 0
251 500175 500178 0
252 500126 500104 0
253 500197 500200 0
254 500122 500160 0
255 31406 31426 0
256 31431 31440 0
257 500161 500139 0
258 500191 500177 0
259 31353 31353 0
260 500118 500186 0
261 31382 31385 0
262 500199 500194 0
263 500154 500138 0
264 500169 500198 0
265 500165 500181 0
266 500111 500104 0
267 500133 500120 0
268 500106 500119 0
269 500106 500133 0
270 500117 500108 0
271 500134 500196 0
272 500117 500132 0
273 500148 500184 0
274 500173 500176 0
275 500120 500104 0
276 500118 500191 0
277 500144 500170 0
278 500191 500198 0
279 500162 500191 0
280 500192 500172 0
281 500107 500121 0
282 500119 500151 0
283 500119 500183 0
284 500111 500116 0
285 500129 500151 0
286 500122 500171 0
287 500130 500197 0
288 62629 62647 0
289 31415 31426 0
290 31378 31383 0
291 250186 250140 0
292 250146 250109 0
293 250156 250135 0
294 250160 250139 0
295 250171 250111 0
296 500179 500124 0
297 250178 250155 0
298 250180 250141 0
299 250189 250147 0
300 250193 250168 0
301 250149 250116 0
302 500178 500121 0
303 250174 250126 0
304 500170 500103 0
305 250160 250133 0
306 250156 250128 0
307 250171 250148 0
308 250172 250126 0
309 250175 250103 0
310 250169 250123 0
311 250186 250113 0
312 500187 500101 0
313 4056 4091 0
314 7975 8002 0
315 7972 8009 0
316 7955 7973 0
317 4064 4105 0
318 4038 4104 0
319 7976 7999 0
320 2055 2095 0
321 7964 8012 0
322 7962 7982 0
323 7924 7973 0
324 4033 4071 0
325 4015 4047 0
326 4026 4070 0
327 2058 2099 0
328 7954 7992 0
329 2067 2150 0
330 7951 7994 0
331 2054 2100 0
332 15762 15784 0
333 7916 7973 0
334 15793 15814 0
335 15810 15825 0
336 7914 7944 0
337 15741 15771 0
338 2058 2144 0
339 15787 15815 0
340 2055 2104 0
341 2080 2118 0
342 15740 15780 0
343 2078 2121 0
344 4044 4093 0
345 15764 15779 0
346 15806 15819 0
347 7918 8009 0
348 4034 4055 0
349 15747 15816 0
350 15746 15770 0
351 15747 15787 0
352 2102 2140 0
353 15746 15805 0
354 4033 4080 0
355 4044 4075 0
356 2099 2123 0
357 2083 2142 0
358 15752 15781 0
359 15807 15823 0
360 15761 15824 0
361 14 83 0
362 15752 15793 0
363 15733 15745 0
364 31359 31450 0
365 7923 7981 0
366 31373 31413 0
367 37 86 0
368 14 56 0
369 7913 7959 0
370 31381 31441 0
371 4027 4083 0
372 31375 31406 0
373 72 97 0
374 31369 31450 0
375 31352 31443 0
376 4025 4087 0
377 31375 31428 0
378 31400 31427 0
379 31 89 0
380 21 74 0
381 31358 31407 0
382 4042 4102 0
383 31390 31420 0
384 62602 62664 0
385 2 78 0
386 4017 4058 0
387 4055 4100 0
388 62607 62683 0
389 3 40 0
390 62611 62693 0
391 10 62 0
392 62619 62682 0
393 49 83 0
394 62603 62670 0
395 20 84 0
396 52 87 0
397 62623 62673 0
398 4028 4105 0
399 4068 4106 0
--------------
1000000 :c
1003980 :sum(p)
1000000 :sum(w)
