400 :n
id p,w,x
--------------
0 2102 2074 1
1 2137 2078 1
2 2151 2131 1
3 100 70 1
4 100 24 1
5 98 56 1
6 8006 7925 1
7 94 55 1
8 7996 7962 1
9 87 53 1
10 79 49 1
11 64 29 1
12 7979 7944 1
13 59 44 1
14 7969 7930 1
15 70 7 1
16 4023 4008 1
17 48 23 1
18 4096 4026 1
19 4097 4012 1
20 51 43 1
21 4105 4080 1
22 97 51 1
23 4084 4056 1
24 4099 4056 1
25 8005 7962 1
26 7989 7924 1
27 4076 4042 1
28 89 25 1
29 4089 4067 1
30 49 28 1
31 72 53 1
32 77 53 1
33 83 73 1
34 61 41 1
35 82 52 1
36 98 50 1
37 72 36 1
38 33 2 1
39 15790 15734 1
40 2107 2058 1
41 68 7 1
42 2081 2071 1
43 4086 4010 1
44 4076 4007 1
45 8004 7917 1
46 2109 2079 1
47 2137 2114 1
48 4093 4075 1
49 2117 2083 1
50 2135 2072 1
51 2148 2073 1
52 4055 4025 1
53 4080 4064 1
54 15810 15745 1
55 2139 2118 1
56 2114 2089 1
57 2089 2068 1
58 2081 2066 1
59 2113 2091 1
60 2093 2083 1
61 2121 2068 1
62 2081 2057 1
63 2139 2081 1
64 2138 2114 1
65 2126 2115 1
66 2117 2062 1
67 8001 7952 1
68 40 37 1
69 35 33 1
70 61 58 1
71 15801 15745 1
72 15818 15762 1
73 15792 15740 1
74 7961 7935 1
75 4030 4017 1
76 7953 7928 1
77 31444 31358 1
78 4025 4014 1
79 4025 4014 1
80 15787 15745 1
81 7966 7946 1
82 15792 15753 1
83 15794 15756 1
84 7942 7923 1
85 15766 15729 1
86 31429 31358 1
87 7977 7959 1
88 31413 31353 1
89 31416 31357 1
90 2150 2146 1
91 31415 31367 1
92 4020 4014 1
93 31423 31377 1
94 62691 62605 1
95 31440 31399 1
96 15758 15738 1
97 31435 31397 1
98 31432 31398 1
99 31424 31391 1
100 7945 7937 1
101 62668 62606 1
102 31407 31377 1
103 7949 7942 0
104 7975 7933 1
105 31401 31362 1
106 7935 7921 1
107 31406 31379 1
108 62679 62626 1
109 15803 15790 0
110 62697 62652 0
111 31450 31434 0
112 67 91 0
113 62672 62621 0
114 62665 62619 0
115 31441 31419 0
116 125199 125116 0
117 125197 125116 0
118 2080 2079 1
119 31445 31425 0
120 7937 7932 0
121 125191 125113 0
122 31435 31416 0
123 15752 15743 0
124 15742 15734 0
125 15796 15788 0
126 2063 2062 0
127 15775 15768 0
128 8008 8005 0
129 7980 7978 0
130 82 82 1
131 2084 2084 0
132 4058 4058 0
133 7988 7989 0
134 7922 7923 0
135 4021 4022 0
136 92 97 0
137 48 52 1
138 62666 62632 0
139 125166 125106 0
140 125158 125121 0
141 125163 125123 0
142 125169 125150 0
143 125121 125105 0
144 125182 125133 0
145 125186 125174 0
146 125191 125128 0
147 125153 125119 0
148 125141 125100 0
149 125128 125106 0
150 125178 125171 0
151 125152 125132 0
152 62658 62632 0
153 250149 250127 0
154 250181 250129 0
155 250196 250122 0
156 62631 62620 0
157 250177 250107 0
158 250157 250142 0
159 31404 31390 0
160 250143 250121 0
161 250188 250137 0
162 250182 250115 0
163 250148 250126 0
164 250182 250145 0
165 250196 250180 0
166 250184 250118 0
167 250175 250136 0
168 250184 250128 0
169 250183 250146 0
170 62685 62679 0
171 250178 250146 0
172 250198 250134 0
173 250193 250154 0
174 250200 250108 0
175 250140 250111 0
176 62677 62670 0
177 15778 15777 0
178 250146 250103 0
179 250193 250170 0
180 500157 500131 0
181 15783 15778 0
182 500161 500124 0
183 500146 500115 0
184 31397 31388 0
185 500195 500130 0
186 62627 62603 0
187 500185 500109 0
188 500161 500122 0
189 500148 500111 0
190 500196 500157 0
191 500184 500124 0
192 500151 500108 0
193 500195 500147 0
194 500142 500108 0
195 500142 500112 0
196 500191 500142 0
197 500168 500142 0
198 62639 62609 0
199 62697 62668 0
200 31419 31402 0
201 31431 31414 0
202 62695 62663 0
203 62655 62622 0
204 125168 125101 0
205 31447 31429 0
206 31446 31428 0
207 31435 31417 0
208 31411 31436 0
209 15760 15777 0
210 15783 15821 0
211 31352 31429 0
212 31381 31387 0
213 31376 31447 0
214 31364 31389 0
215 15731 15812 0
216 15750 15786 0
217 31418 31448 0
218 31397 31444 0
219 31375 31440 0
220 31388 31404 0
221 15762 15791 0
222 15732 15761 0
223 15773 15778 0
224 15796 15808 0
225 15734 15750 0
226 15735 15762 0
227 15737 15809 0
228 15754 15823 0
229 15757 15817 0
230 31357 31440 0
231 31376 31412 0
232 15772 15790 0
233 62663 62666 0
234 62631 62690 0
235 15751 15755 0
236 15800 15803 0
237 15727 15734 0
238 15755 15816 0
239 7918 7928 0
240 62614 62679 0
241 7921 7986 0
242 62617 62632 0
243 7943 7963 0
244 7970 7980 0
245 7942 7974 0
246 7975 7995 0
247 62629 62653 0
248 15754 15770 0
249 7988 7998 0
250 62637 62697 0
251 7919 7975 0
252 62632 62688 0
253 7918 7997 0
254 62635 62673 0
255 7933 7985 0
256 62642 62673 0
257 62666 62669 0
258 62632 62674 0
259 7949 7986 0
260 62646 62644 0
261 62634 62676 0
262 7963 8002 0
263 62672 62673 0
264 7989 7998 0
265 62647 62678 0
266 62641 62687 0
267 7920 7939 0
268 62676 62687 0
269 62602 62631 0
270 7980 8004 0
271 62608 62654 0
272 7938 8008 0
273 62607 62658 0
274 7923 7968 0
275 7940 7989 0
276 62629 62668 0
277 15731 15791 0
278 62631 62675 0
279 4026 4049 0
280 31392 31442 0
281 4017 4085 0
282 62663 62684 0
283 4073 4106 0
284 4024 4052 0
285 15753 15785 0
286 62629 62665 0
287 125175 125184 0
288 125106 125165 0
289 125168 125182 0
290 125127 125173 0
291 4023 4041 0
292 4015 4103 0
293 4015 4069 0
294 125102 125123 0
295 4068 4085 0
296 4010 4036 0
297 125145 125162 0
298 4012 4089 0
299 4029 4077 0
300 4050 4062 0
301 4025 4081 0
302 125109 125112 0
303 125154 125192 0
304 4010 4036 0
305 4088 4099 0
306 4075 4085 0
307 125126 125149 0
308 125121 125183 0
309 125198 125196 0
310 125119 125175 0
311 125198 125197 0
312 4085 4090 0
313 125155 125171 0
314 4016 4022 0
315 125105 125167 0
316 4067 4078 0
317 4020 4064 0
318 4028 4088 0
319 125139 125198 0
320 125156 125182 0
321 125157 125196 0
322 125162 125183 0
323 125165 125168 0
324 125126 125161 0
325 2094 2117 0
326 2078 2132 0
327 2054 2093 0
328 125181 125192 0
329 125176 125180 0
330 2116 2132 0
331 250128 250176 0
332 250121 250137 0
333 250129 250121 0
334 2055 2099 0
335 250170 250178 0
336 2065 2123 0
337 250141 250141 0
338 2066 2114 0
339 250167 250161 0
340 2112 2153 0
341 2066 2118 0
342 250115 250154 0
343 15773 15783 0
344 250108 250190 0
345 250122 250129 0
346 2088 2122 0
347 250185 250195 0
348 250103 250138 0
349 250118 250186 0
350 2059 2085 0
351 250156 250146 0
352 250165 250165 0
353 2058 2080 0
354 2054 2098 0
355 250123 250190 0
356 250106 250164 0
357 250175 250168 0
358 2101 2138 0
359 250172 250170 0
360 2 75 0
361 500143 500172 0
362 9 46 0
363 500162 500142 0
364 31399 31446 0
365 500110 500199 0
366 500178 500182 0
367 500144 500132 0
368 8 35 0
369 1 63 0
370 500113 500157 0
371 51 60 0
372 500169 500172 0
373 27 76 0
374 500176 500178 0
375 500146 500178 0
376 9 79 0
377 1 77 0
378 500128 500120 0
379 500161 500161 0
380 41 93 0
381 500148 500150 0
382 500123 500129 0
383 500150 500187 0
384 500172 500151 0
385 500176 500168 0
386 13 43 0
387 500170 500150 0
388 500129 500182 0
389 500141 500179 0
390 500166 500182 0
391 15770 15811 0
392 500102 500157 0
393 500179 500177 0
394 500133 500173 0
395 31391 31440 0
396 500110 500160 0
397 500118 500138 0
398 31420 31446 0
399 31364 31370 0
--------------
1000000 :c
1003995 :sum(p)
999998 :sum(w)
