400 :n
id p,w,x
--------------
0 56 11 1
1 58 17 1
2 7998 7957 1
3 7985 7932 1
4 7996 7938 1
5 7994 7915 1
6 7999 7960 1
7 4077 4009 1
8 4049 4016 1
9 4063 4013 1
10 4065 4011 1
11 4056 4036 1
12 4046 4027 1
13 4084 4026 1
14 4080 4040 1
15 4050 4026 1
16 4097 4037 1
17 4100 4056 1
18 4106 4026 1
19 62 27 1
20 4099 4026 1
21 2087 2065 1
22 74 21 1
23 2088 2065 1
24 2140 2082 1
25 2106 2076 1
26 65 27 1
27 84 61 1
28 2132 2081 1
29 2102 2059 1
30 2118 2083 1
31 2119 2083 1
32 2135 2070 1
33 2090 2057 1
34 2145 2115 1
35 2093 2064 1
36 2109 2071 1
37 89 6 1
38 39 9 1
39 2148 2113 1
40 95 33 1
41 15813 15739 1
42 93 18 1
43 58 28 1
44 74 32 1
45 98 56 1
46 68 29 1
47 50 41 1
48 79 69 1
49 16 14 1
50 23 22 1
51 2152 2136 1
52 2097 2085 1
53 2143 2132 1
54 4063 4045 1
55 7953 7918 1
56 7952 7921 1
57 7968 7937 1
58 8012 7981 1
59 7967 7939 1
60 15807 15752 1
61 2120 2113 1
62 31442 31351 1
63 2145 2139 1
64 15787 15743 1
65 31441 31361 1
66 15791 15752 1
67 2121 2116 1
68 7943 7925 1
69 4038 4029 1
70 7974 7957 1
71 31447 31389 1
72 8000 7987 1
73 8007 7994 1
74 31432 31385 1
75 2123 2120 1
76 31423 31379 1
77 31425 31381 1
78 31439 31395 1
79 31410 31367 1
80 7941 7931 1
81 62692 62616 1
82 31409 31371 1
83 31391 31358 1
84 31430 31398 1
85 15742 15726 1
86 31423 31393 1
87 15755 15740 1
88 7992 7985 0
89 31434 31407 1
90 15761 15749 1
91 15787 15775 0
92 4080 4077 1
93 4057 4040 1
94 8009 7927 1
95 62690 62611 1
96 62674 62608 1
97 62660 62616 0
98 15788 15777 1
99 62678 62636 0
100 35 68 0
101 31437 31440 0
102 15811 15814 0
103 125190 125107 0
104 62671 62631 0
105 8007 8002 1
106 2140 2143 0
107 62642 62603 0
108 62676 62637 0
109 125194 125117 0
110 31382 31363 0
111 125176 125104 0
112 62683 62647 0
113 15796 15787 1
114 62641 62608 0
115 125193 125129 0
116 62679 62647 0
117 15762 15754 0
118 125182 125119 0
119 125163 125101 0
120 4096 4094 1
121 62682 62652 0
122 125179 125121 0
123 125198 125143 0
124 31396 31383 0
125 125174 125124 0
126 125198 125149 0
127 31414 31402 0
128 7961 7958 0
129 7962 7959 0
130 62668 62646 0
131 62686 62664 0
132 125180 125138 0
133 62625 62604 0
134 62656 62635 0
135 125174 125134 0
136 125178 125138 0
137 62675 62656 0
138 15766 15762 0
139 4064 4063 1
140 31405 31399 0
141 15768 15767 0
142 15729 15729 0
143 4106 4106 1
144 15772 15772 0
145 15787 15787 0
146 29 29 1
147 2066 2066 1
148 4054 4055 0
149 7922 7926 0
150 4077 4082 0
151 4020 4025 0
152 4031 4037 0
153 2091 2097 0
154 2055 2063 0
155 96 98 0
156 36 38 0
157 2 12 0
158 250181 250150 0
159 125138 125122 0
160 250157 250104 0
161 250178 250152 0
162 500171 500131 0
163 250135 250115 0
164 31423 31419 0
165 250150 250130 0
166 31391 31386 0
167 125152 125115 0
168 62664 62656 0
169 500182 500134 0
170 31368 31364 0
171 250185 250150 0
172 62691 62681 0
173 125179 125144 0
174 125149 125114 0
175 500178 500104 0
176 500171 500127 0
177 62621 62614 0
178 500178 500124 0
179 250169 250120 0
180 500165 500152 0
181 500199 500181 0
182 62655 62657 0
183 500113 500170 0
184 500141 500177 0
185 500110 500163 0
186 500110 500179 0
187 500133 500161 0
188 500162 500124 0
189 500126 500121 0
190 500122 500178 0
191 62676 62681 0
192 250120 250145 0
193 125105 125107 0
194 500125 500178 0
195 250119 250104 0
196 125165 125156 0
197 31407 31408 0
198 250143 250152 0
199 500109 500122 0
200 500164 500178 0
201 250166 250184 0
202 125179 125170 0
203 500107 500148 0
204 125129 125143 0
205 125157 125165 0
206 500187 500159 0
207 125111 125112 0
208 500179 500170 0
209 500181 500173 0
210 250150 250165 0
211 500200 500185 0
212 250141 250149 0
213 500174 500139 0
214 500111 500172 0
215 125178 125175 0
216 125113 125124 0
217 125102 125113 0
218 125104 125116 0
219 125164 125163 0
220 125126 125129 0
221 62641 62636 0
222 125148 125149 0
223 250112 250145 0
224 250166 250180 0
225 500110 500154 0
226 250161 250148 0
227 250110 250118 0
228 500163 500200 0
229 500179 500186 0
230 250141 250126 0
231 250176 250168 0
232 250124 250152 0
233 250169 250185 0
234 500176 500165 0
235 250175 250194 0
236 250163 250186 0
237 500199 500179 0
238 250173 250164 0
239 250129 250124 0
240 250156 250176 0
241 250194 250198 0
242 250104 250124 0
243 250184 250170 0
244 500126 500134 0
245 250135 250169 0
246 31366 31368 0
247 500126 500118 0
248 500124 500118 0
249 500106 500167 0
250 250196 250149 0
251 250181 250141 0
252 125172 125138 0
253 31398 31393 0
254 500176 500104 0
255 125132 125115 0
256 250154 250129 0
257 250190 250119 0
258 62625 62613 0
259 500169 500112 0
260 7931 7958 0
261 15730 15793 0
262 15731 15777 0
263 15733 15743 0
264 7943 7999 0
265 7916 7943 0
266 15746 15800 0
267 7915 7966 0
268 15727 15789 0
269 15811 15823 0
270 15751 15814 0
271 7937 7978 0
272 15765 15778 0
273 15750 15759 0
274 15769 15789 0
275 7971 7989 0
276 7941 8010 0
277 7926 7948 0
278 7913 7988 0
279 4008 4063 0
280 4038 4059 0
281 15789 15808 0
282 15767 15791 0
283 7918 7936 0
284 15746 15770 0
285 4093 4106 0
286 15773 15807 0
287 4036 4046 0
288 4042 4088 0
289 15739 15791 0
290 15729 15764 0
291 4052 4066 0
292 15777 15802 0
293 4007 4048 0
294 4008 4035 0
295 15781 15792 0
296 15740 15792 0
297 7920 7927 0
298 15734 15742 0
299 15763 15824 0
300 4047 4072 0
301 4017 4088 0
302 15757 15786 0
303 500128 500198 0
304 4014 4023 0
305 4028 4102 0
306 4008 4079 0
307 31414 31436 0
308 31361 31368 0
309 15780 15804 0
310 4030 4077 0
311 31364 31430 0
312 4032 4100 0
313 31384 31423 0
314 31380 31409 0
315 31429 31442 0
316 31368 31448 0
317 4039 4072 0
318 31405 31442 0
319 31391 31409 0
320 2062 2090 0
321 2115 2135 0
322 7979 7991 0
323 2088 2117 0
324 31383 31398 0
325 31373 31449 0
326 2073 2152 0
327 31420 31447 0
328 31356 31429 0
329 2099 2139 0
330 2077 2103 0
331 31373 31440 0
332 31382 31390 0
333 31407 31441 0
334 62613 62633 0
335 2058 2070 0
336 62611 62661 0
337 2139 2150 0
338 62639 62673 0
339 2061 2125 0
340 62602 62676 0
341 2060 2095 0
342 62649 62688 0
343 62602 62698 0
344 2065 2146 0
345 2117 2149 0
346 62601 62660 0
347 7938 7998 0
348 7958 7988 0
349 62632 62686 0
350 62639 62651 0
351 62613 62691 0
352 62625 62700 0
353 62659 62691 0
354 62616 62626 0
355 2118 2137 0
356 2058 2103 0
357 2056 2117 0
358 62634 62643 0
359 62620 62648 0
360 62613 62666 0
361 125131 125186 0
362 125101 125177 0
363 125159 125188 0
364 125114 125163 0
365 52 68 0
366 125122 125164 0
367 65 85 0
368 125102 125120 0
369 125124 125154 0
370 125100 125169 0
371 5 70 0
372 250144 250183 0
373 39 88 0
374 7945 8008 0
375 4 60 0
376 7945 8007 0
377 250122 250181 0
378 23 76 0
379 32 76 0
380 41 96 0
381 41 68 0
382 250123 250172 0
383 250105 250148 0
384 9 61 0
385 30 77 0
386 250122 250191 0
387 7915 7978 0
388 250144 250196 0
389 500105 500176 0
390 20 68 0
391 19 82 0
392 79 99 0
393 24 46 0
394 500102 500197 0
395 3 53 0
396 500103 500194 0
397 5 71 0
398 7979 7988 0
399 7946 8003 0
--------------
1000000 :c
1003612 :sum(p)
1000000 :sum(w)
