400 :n
id p,w,x
--------------
0 7971 7949 1
1 4060 4031 1
2 100 3 1
3 89 1 1
4 64 5 1
5 7980 7951 1
6 7964 7922 1
7 37 20 1
8 68 47 1
9 7994 7934 1
10 82 2 1
11 7939 7915 1
12 15816 15746 1
13 93 85 1
14 47 37 1
15 7978 7945 1
16 75 17 1
17 19 3 1
18 7993 7957 1
19 7970 7926 1
20 33 2 1
21 27 1 1
22 15780 15727 1
23 15812 15739 1
24 65 44 1
25 77 24 1
26 15812 15729 1
27 4036 4019 1
28 44 17 1
29 96 79 1
30 7983 7929 1
31 2149 2128 1
32 7973 7917 1
33 8005 7968 1
34 8008 7970 1
35 2142 2091 1
36 2125 2056 1
37 2142 2062 1
38 15819 15732 1
39 2153 2073 1
40 2145 2125 1
41 2140 2070 1
42 7970 7947 1
43 2141 2077 1
44 4046 4031 1
45 4067 4050 1
46 4094 4030 1
47 15813 15734 1
48 2139 2112 1
49 4087 4075 1
50 2100 2088 1
51 2151 2128 1
52 4044 4028 1
53 4093 4043 1
54 2128 2095 1
55 4076 4044 1
56 2078 2062 1
57 15818 15761 1
58 15810 15736 1
59 4096 4068 1
60 2152 2140 1
61 2125 2087 1
62 4045 4012 1
63 4025 4009 1
64 4091 4057 1
65 4089 4041 1
66 4074 4049 1
67 4049 4029 1
68 31416 31366 1
69 15787 15759 1
70 31412 31352 1
71 31433 31373 1
72 31415 31352 1
73 15822 15792 1
74 31435 31371 1
75 7936 7915 1
76 15814 15780 1
77 22 15 1
78 83 82 1
79 2081 2072 1
80 4064 4053 1
81 4034 4024 1
82 7931 7915 1
83 4030 4022 1
84 15802 15778 1
85 15773 15750 1
86 2119 2116 1
87 31428 31384 1
88 31411 31369 1
89 31421 31380 1
90 15765 15745 1
91 15784 15764 1
92 7954 7945 1
93 31449 31414 1
94 15753 15736 1
95 15804 15787 1
96 15781 15765 1
97 62690 62632 0
98 60 36 1
99 62689 62631 1
100 31405 31360 1
101 31394 31365 1
102 31438 31409 1
103 31446 31417 1
104 31427 31404 0
105 4099 4101 0
106 15757 15763 0
107 15782 15768 0
108 62675 62622 0
109 62686 62636 0
110 125197 125101 0
111 125197 125105 0
112 2121 2122 0
113 62652 62607 0
114 62699 62654 0
115 125197 125109 0
116 7966 7961 0
117 8000 7995 0
118 4011 4009 1
119 4083 4081 0
120 15781 15775 0
121 15821 15815 0
122 7951 7950 0
123 7996 7995 0
124 8002 8001 0
125 2110 2110 0
126 4031 4031 0
127 4088 4088 0
128 4090 4090 0
129 7925 7926 0
130 4051 4054 0
131 2120 2122 0
132 2063 2066 1
133 62 64 0
134 69 72 0
135 67 70 0
136 87 93 0
137 31415 31405 0
138 125164 125109 0
139 250185 250112 0
140 31397 31388 0
141 62668 62641 0
142 125193 125125 0
143 250193 250131 0
144 125187 125159 0
145 250155 250109 0
146 250168 250125 0
147 250157 250102 0
148 250157 250111 0
149 62654 62640 0
150 500198 500112 0
151 62692 62678 0
152 15741 15738 0
153 125188 125107 0
154 125169 125100 0
155 125185 125104 0
156 62642 62639 0
157 62688 62684 0
158 62674 62665 0
159 62616 62612 0
160 125193 125182 0
161 125154 125137 0
162 125192 125184 0
163 125149 125135 0
164 125181 125160 0
165 125129 125120 0
166 250185 250154 0
167 250180 250165 0
168 250177 250166 0
169 250124 250111 0
170 250193 250167 0
171 250111 250104 0
172 31370 31366 0
173 250175 250138 0
174 31396 31391 0
175 250134 250125 0
176 250183 250165 0
177 250186 250167 0
178 250181 250159 0
179 250160 250130 0
180 250169 250139 0
181 250197 250183 0
182 500193 500142 0
183 31397 31396 0
184 500177 500135 0
185 500189 500135 0
186 500141 500108 0
187 500165 500142 0
188 500187 500140 0
189 500192 500153 0
190 500188 500133 0
191 500152 500127 0
192 500179 500158 0
193 500184 500118 0
194 500142 500123 0
195 500148 500122 0
196 500197 500143 0
197 500119 500106 0
198 62639 62637 0
199 62641 62637 0
200 62643 62641 0
201 62663 62655 0
202 62646 62621 0
203 125157 125123 0
204 125186 125128 0
205 62696 62671 0
206 125176 125112 0
207 125169 125133 0
208 62695 62669 0
209 250197 250104 0
210 31404 31388 0
211 250200 250112 0
212 62684 62660 0
213 125182 125137 0
214 31393 31400 0
215 31377 31377 0
216 31378 31414 0
217 31391 31424 0
218 15780 15813 0
219 15798 15824 0
220 15758 15803 0
221 15771 15775 0
222 31389 31440 0
223 15781 15806 0
224 31384 31431 0
225 31381 31416 0
226 31424 31429 0
227 15730 15793 0
228 15734 15752 0
229 15807 15820 0
230 31389 31421 0
231 31411 31426 0
232 62670 62694 0
233 15773 15795 0
234 62668 62668 0
235 15729 15764 0
236 15794 15805 0
237 62601 62670 0
238 62637 62656 0
239 62661 62690 0
240 62659 62665 0
241 62603 62639 0
242 7945 8002 0
243 62625 62631 0
244 7916 7992 0
245 7956 7988 0
246 7932 8003 0
247 62632 62681 0
248 62617 62653 0
249 62633 62639 0
250 7916 7948 0
251 62642 62689 0
252 62638 62657 0
253 7979 8002 0
254 62675 62686 0
255 7935 7938 0
256 62660 62689 0
257 7944 7985 0
258 7931 7986 0
259 62602 62606 0
260 7934 7985 0
261 62637 62657 0
262 62610 62641 0
263 7984 7990 0
264 62606 62616 0
265 125128 125147 0
266 7943 7952 0
267 125109 125106 0
268 31394 31428 0
269 125131 125199 0
270 7931 7984 0
271 125141 125144 0
272 7945 8012 0
273 7917 7962 0
274 125149 125166 0
275 7947 7974 0
276 7942 7956 0
277 125103 125133 0
278 7925 7974 0
279 125129 125171 0
280 31395 31412 0
281 125168 125181 0
282 4035 4044 0
283 125130 125158 0
284 4042 4074 0
285 125126 125137 0
286 125156 125161 0
287 4057 4080 0
288 31419 31420 0
289 125120 125122 0
290 31354 31378 0
291 125128 125125 0
292 4033 4044 0
293 125111 125186 0
294 4020 4041 0
295 4069 4079 0
296 31369 31443 0
297 125167 125197 0
298 125109 125166 0
299 125143 125172 0
300 125179 125194 0
301 4075 4086 0
302 4027 4087 0
303 125108 125134 0
304 15779 15824 0
305 4041 4064 0
306 125103 125169 0
307 250180 250197 0
308 250132 250141 0
309 250141 250193 0
310 4092 4103 0
311 4070 4080 0
312 250127 250181 0
313 4049 4102 0
314 4018 4086 0
315 250118 250125 0
316 4058 4086 0
317 250172 250197 0
318 250150 250192 0
319 2084 2103 0
320 2105 2121 0
321 2068 2127 0
322 2065 2080 0
323 250197 250195 0
324 2060 2147 0
325 250131 250192 0
326 250137 250142 0
327 250108 250107 0
328 250129 250174 0
329 2091 2131 0
330 250159 250154 0
331 31394 31442 0
332 2115 2152 0
333 2090 2131 0
334 250104 250196 0
335 2090 2133 0
336 2069 2121 0
337 2099 2149 0
338 250136 250134 0
339 2092 2118 0
340 2086 2105 0
341 2075 2143 0
342 15744 15817 0
343 2127 2138 0
344 250123 250141 0
345 250150 250161 0
346 250152 250195 0
347 500155 500156 0
348 500156 500186 0
349 500166 500173 0
350 15735 15804 0
351 500104 500140 0
352 2056 2085 0
353 2105 2115 0
354 2098 2146 0
355 500175 500163 0
356 500119 500121 0
357 15733 15811 0
358 2084 2101 0
359 500135 500184 0
360 500101 500113 0
361 500131 500158 0
362 500134 500123 0
363 27 93 0
364 31358 31434 0
365 500116 500191 0
366 500199 500195 0
367 500187 500195 0
368 500184 500187 0
369 26 50 0
370 31355 31413 0
371 65 90 0
372 45 70 0
373 3 51 0
374 31361 31369 0
375 17 43 0
376 51 93 0
377 42 75 0
378 31 56 0
379 35 57 0
380 30 80 0
381 500181 500181 0
382 500135 500123 0
383 500125 500142 0
384 500107 500158 0
385 500141 500174 0
386 34 80 0
387 15798 15803 0
388 500125 500151 0
389 500135 500127 0
390 6 53 0
391 500150 500192 0
392 500133 500195 0
393 5 57 0
394 1 49 0
395 500111 500174 0
396 37 98 0
397 37 81 0
398 31366 31386 0
399 15736 15819 0
--------------
1000000 :c
1003771 :sum(p)
1000000 :sum(w)
