400 :n
id p,w,x
--------------
0 82 71 1
1 79 34 1
2 4082 4009 1
3 4095 4018 1
4 4102 4044 1
5 2126 2091 1
6 2116 2075 1
7 2152 2117 1
8 2150 2094 1
9 2132 2064 1
10 2133 2056 1
11 2143 2075 1
12 2142 2068 1
13 2132 2088 1
14 2140 2095 1
15 2142 2112 1
16 87 28 1
17 35 18 1
18 82 35 1
19 85 1 1
20 91 58 1
21 48 34 1
22 44 9 1
23 38 15 1
24 76 35 1
25 72 30 1
26 74 57 1
27 79 11 1
28 87 68 1
29 93 30 1
30 69 54 1
31 49 20 1
32 95 4 1
33 76 28 1
34 75 14 1
35 94 25 1
36 73 59 1
37 31429 31383 1
38 62699 62624 1
39 15817 15760 1
40 8009 7955 1
41 2122 2097 1
42 2096 2076 1
43 2072 2059 1
44 8004 7930 1
45 15801 15757 1
46 2090 2080 1
47 7999 7962 1
48 7971 7918 1
49 7961 7918 1
50 7995 7936 1
51 2079 2065 1
52 15819 15752 1
53 2082 2054 1
54 2095 2077 1
55 8005 7953 1
56 8008 7918 1
57 2121 2107 1
58 7991 7961 1
59 7975 7920 1
60 8003 7942 1
61 2098 2080 1
62 4082 4065 1
63 4038 4017 1
64 4092 4046 1
65 4101 4074 1
66 4081 4069 1
67 7987 7965 1
68 4079 4046 1
69 4092 4040 1
70 4089 4072 1
71 4058 4022 1
72 4056 4042 1
73 7974 7914 1
74 4050 4008 1
75 15785 15733 1
76 15808 15752 1
77 31427 31387 1
78 31441 31372 1
79 15794 15770 1
80 31427 31377 1
81 15787 15760 1
82 7996 7980 1
83 31445 31384 1
84 31438 31381 1
85 31440 31386 1
86 31415 31355 1
87 31420 31369 1
88 31430 31353 1
89 15801 15777 1
90 79 74 1
91 87 83 1
92 2151 2142 1
93 2065 2062 1
94 15776 15755 1
95 15798 15777 1
96 15758 15740 1
97 8009 8000 1
98 4093 4083 0
99 31390 31356 1
100 15775 15758 1
101 7960 7952 1
102 31401 31371 1
103 31432 31402 1
104 15815 15800 0
105 98 15 1
106 62698 62614 1
107 7981 7973 1
108 62689 62631 0
109 31412 31383 1
110 15818 15823 0
111 15813 15802 0
112 15739 15815 0
113 7965 7958 0
114 62666 62612 0
115 31391 31368 0
116 31394 31373 0
117 8004 7999 1
118 125197 125123 0
119 4058 4069 0
120 125181 125108 0
121 62649 62613 0
122 15748 15739 0
123 62669 62634 0
124 62685 62651 0
125 125186 125121 0
126 31407 31392 0
127 62685 62656 0
128 15763 15756 0
129 7990 7990 0
130 4095 4096 0
131 2125 2126 0
132 2147 2150 0
133 2082 2087 0
134 7 14 0
135 62689 62672 0
136 62640 62621 0
137 31427 31417 0
138 125181 125140 0
139 250191 250116 0
140 62699 62684 0
141 125184 125152 0
142 15767 15764 0
143 125180 125155 0
144 250178 250118 0
145 62641 62628 0
146 125186 125157 0
147 250198 250149 0
148 250160 250110 0
149 250199 250145 0
150 31436 31430 0
151 62673 62661 0
152 62662 62647 0
153 15740 15735 0
154 62646 62642 0
155 500101 500131 0
156 500196 500154 0
157 500144 500122 0
158 250161 250117 0
159 500157 500181 0
160 500101 500157 0
161 62624 62617 0
162 500164 500169 0
163 500191 500162 0
164 62622 62616 0
165 500131 500106 0
166 125155 125134 0
167 125157 125151 0
168 125166 125154 0
169 500159 500121 0
170 125124 125137 0
171 500169 500136 0
172 500164 500153 0
173 125185 125182 0
174 500194 500159 0
175 500132 500182 0
176 500144 500128 0
177 125104 125117 0
178 125171 125154 0
179 500161 500122 0
180 500137 500143 0
181 125116 125118 0
182 125147 125151 0
183 500144 500141 0
184 125156 125153 0
185 500109 500169 0
186 125141 125145 0
187 500196 500198 0
188 500112 500131 0
189 125188 125181 0
190 500131 500113 0
191 125124 125138 0
192 500139 500101 0
193 500173 500152 0
194 31423 31425 0
195 500175 500142 0
196 125138 125151 0
197 125134 125125 0
198 31392 31396 0
199 500125 500168 0
200 500108 500133 0
201 125196 125184 0
202 250150 250176 0
203 500179 500117 0
204 250171 250159 0
205 250184 250162 0
206 250155 250131 0
207 250161 250129 0
208 250143 250177 0
209 250166 250146 0
210 250127 250127 0
211 250137 250170 0
212 15763 15761 0
213 250191 250187 0
214 250167 250157 0
215 250166 250132 0
216 250155 250188 0
217 250118 250138 0
218 250138 250135 0
219 500169 500165 0
220 250101 250127 0
221 250179 250167 0
222 500175 500109 0
223 250165 250158 0
224 250124 250141 0
225 250132 250148 0
226 15788 15788 0
227 250172 250148 0
228 250155 250164 0
229 500156 500188 0
230 500152 500162 0
231 500160 500157 0
232 250169 250131 0
233 250103 250108 0
234 250185 250196 0
235 250134 250102 0
236 250123 250141 0
237 250181 250139 0
238 250143 250172 0
239 500159 500103 0
240 62613 62615 0
241 62607 62601 0
242 62638 62629 0
243 500118 500150 0
244 31438 31426 0
245 125192 125152 0
246 62635 62615 0
247 62620 62603 0
248 125161 125119 0
249 7939 8010 0
250 7952 7978 0
251 15749 15809 0
252 15745 15793 0
253 15734 15767 0
254 15736 15761 0
255 7964 8000 0
256 15803 15819 0
257 7915 7933 0
258 7922 7929 0
259 15796 15803 0
260 7935 7956 0
261 8002 8009 0
262 7973 7979 0
263 15761 15795 0
264 7915 7977 0
265 7913 7935 0
266 15726 15772 0
267 15781 15817 0
268 7942 7991 0
269 7941 7983 0
270 7952 7981 0
271 7946 7962 0
272 7923 7990 0
273 7995 8007 0
274 15765 15785 0
275 15769 15801 0
276 15746 15764 0
277 7981 7997 0
278 7987 8001 0
279 4047 4073 0
280 500125 500194 0
281 4069 4085 0
282 31412 31423 0
283 15761 15767 0
284 4072 4079 0
285 4035 4064 0
286 4015 4101 0
287 31374 31411 0
288 4048 4064 0
289 31419 31448 0
290 4052 4102 0
291 4019 4088 0
292 4037 4106 0
293 4060 4086 0
294 4012 4033 0
295 31358 31383 0
296 31383 31438 0
297 31378 31440 0
298 31368 31450 0
299 31389 31434 0
300 31369 31409 0
301 4019 4077 0
302 4058 4076 0
303 4019 4073 0
304 31432 31437 0
305 4048 4092 0
306 31373 31386 0
307 4031 4071 0
308 4037 4072 0
309 4021 4066 0
310 31389 31442 0
311 4032 4056 0
312 15781 15800 0
313 4057 4088 0
314 4043 4061 0
315 31355 31434 0
316 4095 4103 0
317 4008 4067 0
318 31361 31446 0
319 31392 31447 0
320 31364 31446 0
321 31392 31406 0
322 31425 31437 0
323 2074 2095 0
324 2061 2075 0
325 62651 62670 0
326 62629 62675 0
327 2069 2104 0
328 2117 2140 0
329 2075 2100 0
330 62620 62629 0
331 62609 62636 0
332 62603 62621 0
333 2083 2142 0
334 62643 62697 0
335 62615 62640 0
336 2073 2111 0
337 2105 2121 0
338 2076 2099 0
339 62640 62656 0
340 62605 62629 0
341 62606 62693 0
342 2134 2147 0
343 2057 2076 0
344 62666 62698 0
345 2119 2134 0
346 62660 62688 0
347 2077 2137 0
348 15742 15772 0
349 2099 2119 0
350 15743 15815 0
351 62657 62697 0
352 62650 62697 0
353 62609 62670 0
354 62639 62696 0
355 62609 62645 0
356 62674 62692 0
357 2057 2106 0
358 15737 15747 0
359 125103 125133 0
360 16 56 0
361 125135 125183 0
362 39 68 0
363 48 74 0
364 125125 125187 0
365 43 86 0
366 125102 125185 0
367 125117 125142 0
368 125107 125158 0
369 31 44 0
370 125109 125144 0
371 125124 125144 0
372 29 87 0
373 27 92 0
374 125123 125161 0
375 125120 125164 0
376 125162 125192 0
377 125124 125161 0
378 57 83 0
379 20 56 0
380 11 27 0
381 125154 125196 0
382 125129 125186 0
383 125149 125183 0
384 250117 250175 0
385 8 46 0
386 250142 250194 0
387 250113 250183 0
388 250121 250168 0
389 250102 250173 0
390 7953 7992 0
391 24 58 0
392 500126 500198 0
393 500108 500196 0
394 500105 500197 0
395 500130 500200 0
396 1 38 0
397 500109 500199 0
398 15773 15821 0
399 7922 8009 0
--------------
1000000 :c
1004318 :sum(p)
1000000 :sum(w)
