400 :n
id p,w,x
--------------
0 15790 15743 1
1 15802 15740 1
2 2109 2084 1
3 15820 15763 1
4 72 21 1
5 67 23 1
6 2115 2090 1
7 96 32 1
8 15785 15731 1
9 4093 4040 1
10 15798 15729 1
11 15814 15772 1
12 7968 7920 1
13 2124 2054 1
14 7988 7921 1
15 2142 2116 1
16 7984 7933 1
17 98 53 1
18 4102 4030 1
19 2150 2113 1
20 4103 4071 1
21 7966 7927 1
22 31443 31352 1
23 4057 4021 1
24 7973 7922 1
25 15790 15739 1
26 4089 4025 1
27 15804 15747 1
28 2143 2067 1
29 7990 7959 1
30 2129 2078 1
31 7997 7931 1
32 4081 4040 1
33 2111 2075 1
34 4066 4041 1
35 2121 2085 1
36 44 14 1
37 81 37 1
38 15792 15729 1
39 8003 7914 1
40 67 9 1
41 7974 7928 1
42 4079 4026 1
43 56 3 1
44 2097 2058 1
45 15811 15770 1
46 57 21 1
47 4051 4023 1
48 70 42 1
49 8010 7940 1
50 15814 15749 1
51 15780 15732 1
52 2147 2059 1
53 2109 2078 1
54 96 14 1
55 98 46 1
56 8005 7971 1
57 31444 31387 1
58 31434 31353 1
59 31446 31378 1
60 31444 31380 1
61 24 14 1
62 38 28 1
63 76 63 1
64 92 78 1
65 94 81 1
66 28 27 1
67 2127 2112 1
68 2074 2061 1
69 2124 2112 1
70 2132 2123 1
71 4083 4066 1
72 4030 4014 1
73 4104 4089 1
74 7982 7961 1
75 2100 2095 1
76 4064 4055 1
77 4022 4014 1
78 4034 4026 1
79 4064 4056 1
80 15815 15787 1
81 7969 7957 1
82 15808 15785 1
83 2080 2077 1
84 7936 7925 1
85 7946 7935 1
86 4082 4077 1
87 31391 31353 1
88 7975 7966 1
89 31395 31362 1
90 31439 31406 1
91 61 45 1
92 15769 15753 0
93 31410 31381 1
94 31406 31378 1
95 62665 62610 1
96 15768 15741 1
97 7988 7981 1
98 62676 62622 1
99 62678 62626 1
100 62656 62607 0
101 62697 62696 0
102 31443 31420 0
103 7939 7942 0
104 4033 4030 1
105 4065 4062 1
106 62675 62629 0
107 125190 125101 0
108 125159 125106 0
109 4086 4093 0
110 75 81 0
111 125197 125116 0
112 125191 125112 0
113 7928 7923 1
114 8003 7998 0
115 125196 125124 0
116 31380 31362 0
117 125182 125115 0
118 125184 125118 0
119 125185 125119 0
120 62643 62611 0
121 31426 31410 0
122 31449 31433 0
123 4029 4027 0
124 125183 125122 0
125 31390 31375 0
126 31395 31381 0
127 31410 31396 0
128 62657 62630 0
129 125197 125146 0
130 125169 125121 0
131 125181 125133 0
132 62646 62622 0
133 7934 7931 0
134 62683 62661 0
135 62681 62660 0
136 125168 125128 0
137 250197 250124 0
138 250189 250118 0
139 250197 250129 0
140 7975 7973 0
141 125138 125107 0
142 250172 250112 0
143 125158 125129 0
144 250159 250103 0
145 125159 125131 0
146 31408 31401 0
147 250156 250101 0
148 125154 125127 0
149 125190 125164 0
150 62628 62616 0
151 15751 15748 0
152 15815 15812 0
153 250162 250117 0
154 125142 125120 0
155 250185 250145 0
156 31420 31415 0
157 125187 125168 0
158 250173 250136 0
159 125168 125150 0
160 125171 125153 0
161 62630 62621 0
162 250142 250110 0
163 15729 15727 0
164 15754 15752 0
165 250148 250118 0
166 250159 250131 0
167 125164 125150 0
168 250195 250173 0
169 250131 250112 0
170 125148 125139 0
171 62666 62662 0
172 2058 2058 1
173 4009 4010 0
174 7928 7930 0
175 2109 2110 1
176 2107 2108 0
177 2117 2119 0
178 4063 4067 0
179 4076 4081 0
180 2078 2081 0
181 2065 2068 0
182 4043 4049 0
183 2131 2136 0
184 2096 2101 0
185 62 63 0
186 76 79 1
187 90 95 0
188 71 75 0
189 92 98 0
190 28 36 0
191 8 11 0
192 31399 31407 0
193 62614 62611 0
194 31404 31424 0
195 31381 31383 0
196 62642 62643 0
197 62664 62700 0
198 62664 62673 0
199 62663 62678 0
200 62619 62650 0
201 15767 15774 0
202 62615 62657 0
203 62672 62697 0
204 62694 62700 0
205 62648 62664 0
206 62622 62639 0
207 62613 62630 0
208 62602 62621 0
209 62623 62636 0
210 125147 125192 0
211 125135 125184 0
212 125101 125146 0
213 125183 125183 0
214 125111 125148 0
215 125108 125187 0
216 125169 125195 0
217 125153 125186 0
218 125114 125183 0
219 125102 125133 0
220 125107 125127 0
221 125111 125184 0
222 125111 125142 0
223 125161 125184 0
224 125141 125151 0
225 250121 250160 0
226 15784 15788 0
227 250128 250128 0
228 250112 250193 0
229 250122 250185 0
230 15749 15757 0
231 250121 250138 0
232 15767 15768 0
233 250134 250152 0
234 250138 250130 0
235 250135 250167 0
236 250113 250174 0
237 15792 15795 0
238 250174 250189 0
239 250125 250125 0
240 62621 62621 0
241 250153 250199 0
242 250119 250173 0
243 250189 250199 0
244 250117 250133 0
245 250166 250191 0
246 250106 250112 0
247 250135 250183 0
248 250169 250181 0
249 250133 250138 0
250 250182 250177 0
251 250132 250164 0
252 250130 250171 0
253 250133 250198 0
254 250110 250142 0
255 250132 250167 0
256 500135 500165 0
257 500161 500156 0
258 500176 500167 0
259 500115 500106 0
260 500193 500191 0
261 500152 500157 0
262 500141 500167 0
263 62632 62633 0
264 500154 500178 0
265 500104 500116 0
266 500184 500165 0
267 500180 500199 0
268 31411 31427 0
269 500185 500196 0
270 500136 500138 0
271 500107 500196 0
272 500169 500146 0
273 31384 31387 0
274 500116 500164 0
275 500129 500110 0
276 500142 500196 0
277 500113 500142 0
278 500102 500121 0
279 31360 31370 0
280 500112 500171 0
281 500177 500198 0
282 500179 500165 0
283 500193 500198 0
284 500106 500174 0
285 500139 500147 0
286 500170 500153 0
287 500133 500146 0
288 500146 500129 0
289 31375 31377 0
290 31404 31423 0
291 31390 31401 0
292 500166 500110 0
293 500151 500105 0
294 500187 500156 0
295 500179 500109 0
296 500180 500113 0
297 500167 500110 0
298 31352 31380 0
299 31383 31408 0
300 31353 31377 0
301 31395 31442 0
302 31376 31430 0
303 15758 15776 0
304 31361 31390 0
305 31406 31440 0
306 15744 15775 0
307 15742 15760 0
308 31358 31417 0
309 31360 31388 0
310 31390 31412 0
311 62627 62692 0
312 15741 15760 0
313 62631 62694 0
314 62604 62682 0
315 62614 62692 0
316 62641 62686 0
317 62609 62699 0
318 62641 62700 0
319 125104 125197 0
320 15766 15779 0
321 7927 7941 0
322 15765 15785 0
323 500138 500108 0
324 500200 500168 0
325 500140 500103 0
326 500193 500152 0
327 500188 500123 0
328 31386 31400 0
329 62602 62605 0
330 62631 62633 0
331 62620 62652 0
332 2092 2106 0
333 4019 4045 0
334 4010 4073 0
335 4019 4045 0
336 4046 4082 0
337 4029 4082 0
338 4034 4072 0
339 4008 4044 0
340 2103 2136 0
341 4014 4081 0
342 4012 4053 0
343 2072 2084 0
344 4068 4093 0
345 4078 4088 0
346 4029 4059 0
347 7928 7991 0
348 7940 8002 0
349 2060 2127 0
350 2071 2151 0
351 2104 2148 0
352 2056 2087 0
353 7915 7938 0
354 7917 7991 0
355 7919 8002 0
356 7921 7995 0
357 4052 4065 0
358 7933 7991 0
359 7916 7938 0
360 7924 7957 0
361 7940 7976 0
362 7942 7995 0
363 7952 7969 0
364 7944 7991 0
365 48 85 0
366 4021 4102 0
367 2059 2081 0
368 7966 8000 0
369 2103 2152 0
370 29 97 0
371 7920 7937 0
372 3 93 0
373 7935 7999 0
374 42 86 0
375 15762 15808 0
376 20 86 0
377 15730 15804 0
378 34 81 0
379 15746 15787 0
380 41 68 0
381 15738 15807 0
382 2095 2152 0
383 4010 4093 0
384 2090 2142 0
385 1 73 0
386 34 48 0
387 15735 15818 0
388 15779 15815 0
389 15751 15798 0
390 54 83 0
391 15731 15790 0
392 6 53 0
393 18 74 0
394 2076 2113 0
395 15726 15757 0
396 31358 31441 0
397 15 49 0
398 2099 2146 0
399 2084 2150 0
--------------
1000000 :c
1003838 :sum(p)
1000000 :sum(w)
