400 :n
id p,w,x
--------------
0 8006 7918 1
1 4106 4025 1
2 4106 4013 1
3 4103 4015 1
4 2149 2056 1
5 99 28 1
6 39 7 1
7 4 1 1
8 33 9 1
9 83 29 1
10 98 35 1
11 82 30 1
12 57 25 1
13 84 39 1
14 34 17 1
15 12 6 1
16 69 35 1
17 19 14 1
18 51 40 1
19 61 49 1
20 83 69 1
21 65 56 1
22 90 79 1
23 85 80 1
24 85 82 1
25 2151 2083 1
26 2139 2073 1
27 2106 2054 1
28 2137 2086 1
29 2116 2072 1
30 2125 2082 1
31 2140 2097 1
32 2119 2080 1
33 2147 2109 1
34 2130 2093 1
35 2114 2079 1
36 4104 4038 1
37 4061 4011 1
38 4105 4055 1
39 2086 2063 1
40 2091 2070 1
41 4103 4063 1
42 2134 2114 1
43 4049 4012 1
44 4094 4061 1
45 4039 4007 1
46 2078 2062 1
47 8005 7948 1
48 4106 4077 1
49 8005 7954 1
50 7975 7925 1
51 2088 2075 1
52 4047 4023 1
53 7975 7934 1
54 4067 4047 1
55 7950 7915 1
56 15805 15736 1
57 15824 15755 1
58 2067 2058 1
59 7952 7918 1
60 8005 7972 1
61 15818 15755 1
62 2076 2068 1
63 2087 2079 1
64 7964 7934 1
65 15807 15749 1
66 15779 15728 1
67 7999 7975 1
68 4082 4070 1
69 7970 7947 1
70 31448 31358 1
71 4094 4083 1
72 31448 31367 1
73 15792 15754 1
74 82 36 1
75 7965 7947 1
76 15779 15748 1
77 15774 15745 1
78 31420 31365 1
79 4084 4077 1
80 31428 31380 1
81 7931 7920 1
82 8009 7998 1
83 31445 31403 1
84 31447 31405 1
85 62699 62617 1
86 15763 15743 1
87 4044 4039 1
88 31420 31386 1
89 15797 15781 1
90 7947 7939 0
91 62689 62626 1
92 4032 4028 1
93 15788 15773 1
94 62682 62623 1
95 31390 31362 0
96 31439 31411 1
97 7972 7953 1
98 62677 62608 1
99 15816 15802 1
100 62667 62614 0
101 31448 31422 1
102 31450 31434 0
103 15824 15816 0
104 62616 62606 0
105 62656 62605 0
106 62654 62604 0
107 62690 62642 0
108 31428 31406 1
109 62658 62615 0
110 7917 7915 0
111 4013 4012 0
112 4070 4069 1
113 31436 31422 0
114 125173 125110 0
115 125179 125116 0
116 62643 62612 0
117 125163 125105 0
118 62679 62653 0
119 125170 125119 0
120 62651 62631 0
121 125173 125136 0
122 31383 31375 0
123 62640 62606 0
124 62649 62610 0
125 62642 62602 0
126 500189 500132 0
127 4088 4095 0
128 31375 31370 0
129 62647 62639 0
130 31385 31381 0
131 31396 31394 0
132 4039 4039 1
133 2095 2095 1
134 31398 31398 0
135 31397 31398 0
136 62622 62626 0
137 62681 62688 0
138 62654 62661 0
139 7926 7927 0
140 15811 15813 0
141 62607 62616 0
142 31362 31368 0
143 62661 62673 0
144 62658 62671 0
145 15811 15815 0
146 62623 62639 0
147 15784 15789 0
148 31388 31398 0
149 31399 31410 0
150 31372 31383 0
151 15743 15749 0
152 31401 31413 0
153 31408 31423 0
154 4057 4059 0
155 7939 7943 0
156 31431 31447 0
157 31406 31422 0
158 31414 31434 0
159 15793 15804 0
160 7915 7922 0
161 31409 31440 0
162 31358 31397 0
163 4011 4016 0
164 31376 31419 0
165 15740 15762 0
166 15736 15758 0
167 15798 15821 0
168 4084 4090 0
169 4081 4087 0
170 15776 15801 0
171 4055 4062 0
172 7945 7959 0
173 15757 15787 0
174 2072 2076 1
175 4034 4042 0
176 4012 4021 0
177 7938 7956 0
178 15748 15784 0
179 15737 15773 0
180 4077 4087 0
181 4071 4081 0
182 7966 7986 0
183 15758 15804 0
184 15752 15798 0
185 15741 15787 0
186 15727 15776 0
187 7985 8010 0
188 15736 15787 0
189 7979 8005 0
190 15746 15802 0
191 7977 8006 0
192 4077 4092 0
193 7971 8003 0
194 7960 7993 0
195 7947 7981 0
196 2077 2086 0
197 7925 7963 0
198 7924 7963 0
199 7915 7955 0
200 7932 7973 0
201 2073 2084 0
202 2127 2139 0
203 7921 7966 0
204 2133 2146 0
205 4008 4033 0
206 7953 8005 0
207 4052 4079 0
208 7935 7989 0
209 7954 8010 0
210 2121 2137 0
211 2102 2118 0
212 7949 8010 0
213 7930 7992 0
214 4070 4102 0
215 4035 4068 0
216 4059 4093 0
217 2096 2115 0
218 2085 2107 0
219 2074 2099 0
220 4018 4072 0
221 2076 2104 0
222 2117 2147 0
223 2116 2147 0
224 4022 4081 0
225 2062 2102 0
226 2091 2134 0
227 2105 2150 0
228 2054 2112 0
229 2058 2117 0
230 51 53 1
231 71 76 0
232 83 94 0
233 43 54 0
234 12 16 0
235 50 68 0
236 67 94 0
237 43 73 0
238 50 89 0
239 27 68 0
240 34 88 0
241 15 50 0
242 17 57 0
243 9 46 0
244 2 11 0
245 13 75 0
246 12 82 0
247 6 73 0
248 250122 250191 0
249 250131 250125 0
250 250181 250109 0
251 125146 125199 0
252 250145 250165 0
253 250114 250177 0
254 250123 250174 0
255 250134 250121 0
256 15752 15820 0
257 250140 250167 0
258 250168 250123 0
259 250182 250165 0
260 15738 15823 0
261 250178 250197 0
262 250158 250176 0
263 15741 15818 0
264 15734 15802 0
265 250106 250150 0
266 250146 250105 0
267 125170 125139 0
268 250192 250165 0
269 250128 250103 0
270 250107 250156 0
271 15736 15793 0
272 125128 125125 0
273 250108 250130 0
274 250163 250187 0
275 15733 15822 0
276 7930 7994 0
277 250200 250124 0
278 250150 250147 0
279 250111 250145 0
280 250173 250123 0
281 250181 250194 0
282 250157 250195 0
283 250185 250176 0
284 250110 250197 0
285 15732 15812 0
286 15752 15809 0
287 125115 125140 0
288 15752 15810 0
289 125139 125110 0
290 125145 125161 0
291 250128 250113 0
292 125162 125134 0
293 250177 250126 0
294 250174 250120 0
295 31388 31445 0
296 125154 125186 0
297 250150 250134 0
298 250196 250174 0
299 31352 31447 0
300 125180 125179 0
301 31377 31450 0
302 125106 125113 0
303 31382 31429 0
304 250119 250181 0
305 250108 250197 0
306 31353 31397 0
307 31362 31406 0
308 125111 125139 0
309 250180 250124 0
310 125131 125182 0
311 125155 125152 0
312 250122 250150 0
313 250113 250114 0
314 250194 250138 0
315 125125 125129 0
316 250145 250143 0
317 31356 31442 0
318 4014 4083 0
319 250136 250173 0
320 500172 500194 0
321 500161 500164 0
322 500145 500137 0
323 500115 500128 0
324 31351 31405 0
325 500105 500110 0
326 125107 125108 0
327 125111 125172 0
328 500129 500158 0
329 500182 500101 0
330 500157 500129 0
331 125141 125109 0
332 500140 500132 0
333 125138 125149 0
334 31362 31422 0
335 2065 2144 0
336 500180 500148 0
337 500172 500160 0
338 500163 500102 0
339 125159 125189 0
340 125147 125184 0
341 62601 62629 0
342 62622 62681 0
343 500128 500182 0
344 125198 125164 0
345 500175 500144 0
346 62615 62669 0
347 125151 125179 0
348 500149 500175 0
349 62608 62679 0
350 62602 62677 0
351 125175 125183 0
352 500152 500174 0
353 125120 125172 0
354 62652 62686 0
355 500157 500151 0
356 125127 125145 0
357 500142 500174 0
358 500160 500119 0
359 500108 500131 0
360 500109 500168 0
361 62643 62668 0
362 500121 500144 0
363 125136 125123 0
364 125102 125162 0
365 62677 62698 0
366 62618 62656 0
367 500151 500159 0
368 500195 500158 0
369 500200 500127 0
370 500192 500122 0
371 125136 125149 0
372 500125 500159 0
373 500134 500133 0
374 62617 62637 0
375 125118 125172 0
376 500163 500142 0
377 500193 500156 0
378 125134 125113 0
379 500198 500171 0
380 500169 500139 0
381 500185 500164 0
382 500133 500170 0
383 9 97 0
384 500181 500161 0
385 62641 62700 0
386 62630 62688 0
387 125114 125166 0
388 125101 125178 0
389 62662 62682 0
390 62665 62696 0
391 500116 500150 0
392 500120 500162 0
393 62664 62698 0
394 500199 500152 0
395 62629 62667 0
396 125165 125190 0
397 500129 500180 0
398 125161 125126 0
399 125121 125123 0
--------------
1000000 :c
1003691 :sum(p)
999999 :sum(w)
