400 :n
id p,w,x
--------------
0 31417 31365 1
1 31425 31360 1
2 31444 31371 1
3 74 27 1
4 63 47 1
5 86 50 1
6 49 19 1
7 97 64 1
8 71 30 1
9 15807 15769 1
10 41 13 1
11 15763 15736 1
12 60 29 1
13 74 61 1
14 50 7 1
15 53 5 1
16 28 14 1
17 50 40 1
18 97 80 1
19 51 38 1
20 2136 2123 1
21 15812 15782 1
22 2077 2056 1
23 2133 2069 1
24 2132 2064 1
25 2132 2096 1
26 2147 2054 1
27 2152 2076 1
28 2153 2101 1
29 2111 2064 1
30 2097 2064 1
31 2131 2071 1
32 2126 2074 1
33 2095 2079 1
34 15775 15748 1
35 4104 4041 1
36 15763 15733 1
37 15809 15741 1
38 4106 4064 1
39 4042 4023 1
40 4069 4029 1
41 4038 4008 1
42 4099 4026 1
43 4089 4058 1
44 4060 4044 1
45 4104 4025 1
46 4099 4083 1
47 4078 4009 1
48 4106 4080 1
49 15822 15755 1
50 4081 4046 1
51 4075 4048 1
52 7999 7960 1
53 7985 7947 1
54 7949 7925 1
55 7951 7926 1
56 7999 7968 1
57 7993 7945 1
58 7991 7922 1
59 7954 7932 1
60 8005 7935 1
61 7991 7947 1
62 7980 7914 1
63 7972 7920 1
64 7975 7932 1
65 7974 7920 1
66 15782 15741 1
67 15791 15741 1
68 15809 15731 1
69 15786 15734 1
70 15798 15750 1
71 15795 15731 1
72 15815 15728 1
73 15798 15764 1
74 15790 15726 1
75 41 36 1
76 60 56 1
77 97 92 1
78 2138 2130 1
79 4073 4059 1
80 2139 2132 1
81 4075 4063 1
82 4089 4079 1
83 15823 15797 1
84 7930 7917 1
85 7949 7936 1
86 31407 31357 1
87 15825 15800 1
88 31426 31379 1
89 2087 2084 1
90 62697 62607 1
91 31424 31380 1
92 15803 15783 1
93 15818 15798 1
94 31409 31370 1
95 4092 4087 1
96 65 64 0
97 62692 62618 1
98 31397 31352 1
99 31400 31365 1
100 62677 62611 0
101 31412 31379 0
102 62699 62670 0
103 31450 31446 0
104 500184 500114 0
105 4092 4088 1
106 31418 31388 1
107 31425 31395 0
108 62687 62628 0
109 62695 62639 0
110 62671 62616 0
111 7992 7989 1
112 8010 8003 0
113 62695 62646 0
114 15794 15782 0
115 62687 62643 0
116 15768 15757 0
117 31438 31417 0
118 125193 125111 0
119 125187 125107 0
120 62666 62626 0
121 125199 125126 0
122 125199 125128 0
123 125185 125117 0
124 7970 7966 0
125 62632 62604 0
126 15777 15770 0
127 125171 125116 0
128 62630 62604 0
129 62676 62650 0
130 62686 62660 0
131 125167 125117 0
132 125187 125138 0
133 71 71 0
134 60 60 1
135 7999 8000 0
136 4104 4105 0
137 4078 4083 0
138 2104 2109 0
139 2063 2068 0
140 2071 2078 0
141 47 52 0
142 43 50 0
143 44 52 0
144 22 28 0
145 4 13 0
146 62618 62634 0
147 62607 62687 0
148 62625 62612 0
149 62611 62668 0
150 62605 62685 0
151 125139 125101 0
152 125156 125178 0
153 62602 62667 0
154 62640 62694 0
155 125119 125197 0
156 62633 62629 0
157 125155 125124 0
158 62613 62680 0
159 125192 125146 0
160 31440 31433 0
161 125132 125127 0
162 31355 31405 0
163 31374 31391 0
164 31352 31387 0
165 31399 31427 0
166 31400 31429 0
167 125113 125124 0
168 31366 31404 0
169 125173 125136 0
170 125159 125162 0
171 31381 31446 0
172 31398 31388 0
173 31393 31399 0
174 125198 125186 0
175 62632 62667 0
176 125117 125152 0
177 125162 125122 0
178 125152 125119 0
179 31406 31423 0
180 31363 31450 0
181 31374 31406 0
182 31409 31406 0
183 31369 31393 0
184 31376 31390 0
185 125141 125150 0
186 31370 31391 0
187 31427 31442 0
188 31408 31437 0
189 125185 125197 0
190 125100 125178 0
191 31392 31408 0
192 125126 125110 0
193 31384 31424 0
194 31420 31423 0
195 31407 31433 0
196 31382 31409 0
197 31398 31421 0
198 31382 31374 0
199 125184 125162 0
200 15742 15820 0
201 15755 15782 0
202 125158 125124 0
203 15746 15788 0
204 15780 15804 0
205 125195 125179 0
206 250116 250111 0
207 250105 250112 0
208 250183 250189 0
209 250187 250147 0
210 15811 15820 0
211 15729 15748 0
212 15792 15820 0
213 250164 250118 0
214 250200 250150 0
215 15771 15765 0
216 250189 250126 0
217 15779 15813 0
218 250184 250190 0
219 250115 250182 0
220 125146 125134 0
221 15740 15739 0
222 125189 125168 0
223 15820 15818 0
224 15746 15740 0
225 15760 15780 0
226 250185 250197 0
227 250164 250113 0
228 15778 15803 0
229 125142 125136 0
230 125138 125122 0
231 250194 250180 0
232 250163 250190 0
233 15745 15782 0
234 250190 250146 0
235 15734 15755 0
236 15785 15820 0
237 250192 250170 0
238 125112 125196 0
239 250149 250182 0
240 7922 7953 0
241 125154 125154 0
242 250112 250182 0
243 250137 250197 0
244 7913 7922 0
245 7954 7989 0
246 250166 250114 0
247 250181 250198 0
248 7920 7925 0
249 7954 7997 0
250 7963 7983 0
251 7932 7949 0
252 250101 250175 0
253 125159 125136 0
254 250130 250198 0
255 7947 7964 0
256 7913 7943 0
257 250103 250144 0
258 125111 125183 0
259 7968 7999 0
260 250195 250182 0
261 125127 125123 0
262 7926 7967 0
263 250198 250144 0
264 7930 7956 0
265 250179 250129 0
266 7922 8001 0
267 7932 7981 0
268 7932 7937 0
269 7916 7957 0
270 7940 7983 0
271 7954 8011 0
272 250120 250143 0
273 62629 62658 0
274 250133 250143 0
275 7933 7944 0
276 250159 250156 0
277 62626 62674 0
278 8003 8012 0
279 250146 250182 0
280 250160 250192 0
281 4032 4069 0
282 4017 4063 0
283 250142 250198 0
284 250158 250157 0
285 250158 250183 0
286 125150 125197 0
287 4069 4081 0
288 250164 250105 0
289 4070 4103 0
290 4045 4090 0
291 4078 4095 0
292 125154 125152 0
293 4024 4084 0
294 4058 4083 0
295 4055 4063 0
296 250149 250147 0
297 4011 4080 0
298 4081 4106 0
299 250178 250120 0
300 250161 250167 0
301 4021 4090 0
302 250109 250153 0
303 62603 62631 0
304 250118 250132 0
305 500128 500149 0
306 4021 4078 0
307 500104 500184 0
308 500145 500145 0
309 4040 4099 0
310 4034 4043 0
311 4061 4077 0
312 62640 62618 0
313 4044 4079 0
314 4090 4099 0
315 500101 500101 0
316 500181 500145 0
317 500171 500156 0
318 4010 4088 0
319 2076 2085 0
320 500197 500172 0
321 500113 500110 0
322 500111 500136 0
323 500136 500109 0
324 500138 500125 0
325 2062 2075 0
326 2098 2131 0
327 500131 500105 0
328 2096 2114 0
329 2062 2125 0
330 500193 500138 0
331 500150 500179 0
332 2096 2111 0
333 500120 500164 0
334 500170 500192 0
335 2059 2130 0
336 2111 2128 0
337 2064 2078 0
338 500108 500157 0
339 2127 2150 0
340 125180 125196 0
341 62699 62687 0
342 2116 2141 0
343 2100 2116 0
344 2060 2139 0
345 500190 500157 0
346 2070 2127 0
347 2058 2147 0
348 500185 500103 0
349 2068 2140 0
350 2072 2122 0
351 62603 62699 0
352 2064 2093 0
353 500157 500175 0
354 2059 2146 0
355 2076 2107 0
356 62611 62699 0
357 500124 500189 0
358 2096 2119 0
359 32 61 0
360 62662 62669 0
361 40 98 0
362 55 90 0
363 500166 500192 0
364 500167 500157 0
365 40 85 0
366 500138 500123 0
367 500111 500122 0
368 500131 500133 0
369 24 44 0
370 19 94 0
371 29 76 0
372 500141 500186 0
373 500145 500138 0
374 60 90 0
375 62643 62695 0
376 500108 500155 0
377 500138 500101 0
378 62635 62627 0
379 62602 62619 0
380 62647 62651 0
381 62621 62609 0
382 62651 62667 0
383 500118 500127 0
384 12 45 0
385 500144 500180 0
386 500165 500200 0
387 500175 500144 0
388 17 27 0
389 500187 500169 0
390 69 100 0
391 500139 500124 0
392 500125 500108 0
393 2 61 0
394 500156 500106 0
395 14 49 0
396 1 88 0
397 500117 500128 0
398 62611 62624 0
399 62664 62656 0
--------------
1000000 :c
1003888 :sum(p)
1000000 :sum(w)
