400 :n
id p,w,x
--------------
0 4051 4025 1
1 15820 15727 1
2 4065 4013 1
3 89 11 1
4 8002 7916 1
5 8012 7957 1
6 4090 4039 1
7 4103 4040 1
8 4095 4059 1
9 7994 7926 1
10 4052 4026 1
11 4080 4007 1
12 96 6 1
13 2122 2094 1
14 4068 4029 1
15 8012 7956 1
16 59 26 1
17 70 25 1
18 8001 7925 1
19 87 5 1
20 60 36 1
21 7986 7945 1
22 97 46 1
23 2130 2057 1
24 40 8 1
25 2135 2091 1
26 7979 7922 1
27 46 17 1
28 8006 7951 1
29 4056 4022 1
30 2139 2058 1
31 4104 4058 1
32 2151 2076 1
33 2135 2093 1
34 2140 2076 1
35 2107 2065 1
36 2150 2055 1
37 2151 2079 1
38 4101 4021 1
39 4066 4040 1
40 4102 4015 1
41 4104 4013 1
42 4079 4050 1
43 2143 2066 1
44 2153 2078 1
45 15824 15749 1
46 15792 15729 1
47 15821 15757 1
48 31449 31356 1
49 26 5 1
50 42 23 1
51 40 23 1
52 48 30 1
53 60 43 1
54 85 63 1
55 79 65 1
56 68 58 1
57 37 33 1
58 81 75 1
59 2127 2106 1
60 2077 2061 1
61 4103 4079 1
62 2134 2124 1
63 4089 4070 1
64 7994 7960 1
65 7981 7949 1
66 7945 7916 1
67 15817 15762 1
68 15800 15749 1
69 15801 15750 1
70 7999 7977 1
71 4067 4056 1
72 15824 15782 1
73 15794 15755 1
74 31430 31355 1
75 15802 15766 1
76 15787 15753 1
77 15788 15754 1
78 15801 15767 1
79 15752 15726 1
80 4082 4042 1
81 15807 15780 1
82 31431 31392 1
83 31407 31363 1
84 62699 62610 1
85 62695 62622 1
86 4047 4041 1
87 15807 15784 1
88 7961 7950 1
89 7968 7957 1
90 7924 7914 1
91 4050 4045 1
92 31419 31382 1
93 31428 31392 1
94 15807 15789 1
95 31440 31406 1
96 15810 15778 1
97 62694 62607 1
98 31402 31372 1
99 7975 7968 1
100 62663 62609 0
101 31415 31394 0
102 31446 31434 0
103 31433 31448 0
104 125165 125111 0
105 15807 15797 1
106 31411 31392 0
107 31415 31397 0
108 7958 7954 0
109 4051 4049 0
110 15740 15733 1
111 2132 2136 0
112 62698 62662 0
113 125175 125110 0
114 125196 125133 0
115 62682 62645 0
116 62690 62651 0
117 125181 125120 0
118 62639 62610 0
119 62657 62617 0
120 24 38 0
121 62649 62608 0
122 31430 31417 0
123 62680 62655 0
124 62690 62665 0
125 15742 15736 0
126 125188 125141 0
127 125153 125107 0
128 125173 125129 0
129 125182 125144 0
130 62682 62664 0
131 31429 31420 0
132 125146 125111 0
133 125164 125131 0
134 15800 15796 0
135 7946 7944 0
136 31370 31363 0
137 31403 31396 0
138 62653 62641 0
139 15751 15749 0
140 7918 7917 0
141 7946 7945 0
142 4073 4073 0
143 2116 2116 1
144 15765 15765 0
145 15782 15783 0
146 7987 7990 0
147 7913 7916 0
148 7952 7962 0
149 4021 4027 0
150 7946 7958 0
151 4012 4020 0
152 2119 2124 0
153 4093 4103 0
154 2141 2147 0
155 2125 2132 0
156 4034 4048 0
157 4047 4062 0
158 4058 4076 0
159 2142 2152 0
160 2126 2137 0
161 2125 2137 0
162 2134 2147 0
163 2116 2130 0
164 2111 2126 0
165 2056 2074 0
166 84 85 1
167 97 99 1
168 47 64 0
169 11 15 0
170 19 28 0
171 32 48 0
172 500175 500149 0
173 500182 500113 0
174 125184 125178 0
175 125184 125167 0
176 125117 125111 0
177 125177 125164 0
178 125180 125166 0
179 250180 250149 0
180 250145 250110 0
181 250192 250133 0
182 250196 250143 0
183 250194 250129 0
184 250196 250156 0
185 250169 250122 0
186 250199 250122 0
187 250186 250141 0
188 250190 250103 0
189 250196 250128 0
190 250187 250129 0
191 250175 250130 0
192 250171 250142 0
193 500166 500144 0
194 500129 500106 0
195 500198 500108 0
196 500187 500117 0
197 500154 500124 0
198 250196 250158 0
199 500191 500156 0
200 500184 500109 0
201 250187 250106 0
202 500182 500130 0
203 500163 500135 0
204 500184 500152 0
205 500187 500114 0
206 250193 250111 0
207 500134 500112 0
208 125199 125185 0
209 62644 62683 0
210 15733 15788 0
211 62678 62686 0
212 15731 15758 0
213 15779 15806 0
214 62608 62650 0
215 62627 62695 0
216 62607 62630 0
217 62649 62680 0
218 15731 15821 0
219 62620 62641 0
220 62646 62697 0
221 15747 15777 0
222 62673 62686 0
223 62604 62619 0
224 15750 15776 0
225 62619 62700 0
226 62674 62698 0
227 15728 15765 0
228 62628 62658 0
229 15751 15778 0
230 62623 62674 0
231 15787 15817 0
232 62627 62631 0
233 62644 62684 0
234 15766 15810 0
235 62658 62678 0
236 62638 62693 0
237 62634 62670 0
238 62647 62653 0
239 62616 62689 0
240 62638 62678 0
241 62612 62626 0
242 125135 125159 0
243 125141 125199 0
244 125126 125176 0
245 125155 125163 0
246 7936 8005 0
247 125163 125166 0
248 125142 125152 0
249 7949 7996 0
250 125103 125119 0
251 125176 125187 0
252 7945 7969 0
253 7931 7995 0
254 7926 7944 0
255 7921 7998 0
256 7959 8000 0
257 7936 7973 0
258 62630 62671 0
259 125141 125150 0
260 15757 15819 0
261 125130 125131 0
262 7952 7976 0
263 62636 62695 0
264 125124 125136 0
265 7925 7948 0
266 15791 15814 0
267 7919 7953 0
268 7928 7972 0
269 7938 7996 0
270 125116 125185 0
271 7955 7985 0
272 125148 125174 0
273 7930 8001 0
274 125181 125177 0
275 125162 125198 0
276 7921 7983 0
277 125144 125159 0
278 125128 125180 0
279 125102 125131 0
280 15764 15780 0
281 125124 125165 0
282 15742 15761 0
283 125120 125134 0
284 125188 125183 0
285 15784 15811 0
286 125134 125154 0
287 125164 125182 0
288 4058 4096 0
289 125159 125158 0
290 250158 250195 0
291 4029 4099 0
292 250175 250180 0
293 250153 250160 0
294 4028 4102 0
295 250193 250195 0
296 4023 4098 0
297 250101 250189 0
298 250134 250171 0
299 250136 250133 0
300 4051 4102 0
301 250152 250178 0
302 62610 62621 0
303 250107 250180 0
304 4056 4078 0
305 250154 250175 0
306 31369 31436 0
307 4068 4097 0
308 250118 250162 0
309 4048 4079 0
310 250108 250106 0
311 31366 31392 0
312 4057 4086 0
313 250147 250199 0
314 250142 250131 0
315 4033 4060 0
316 31351 31441 0
317 250104 250144 0
318 4011 4033 0
319 31374 31417 0
320 31358 31416 0
321 250115 250136 0
322 250116 250146 0
323 250102 250194 0
324 250106 250142 0
325 31376 31446 0
326 250159 250196 0
327 250139 250190 0
328 2077 2120 0
329 250154 250154 0
330 2065 2107 0
331 31405 31421 0
332 2058 2105 0
333 2069 2108 0
334 31361 31372 0
335 250108 250132 0
336 2077 2130 0
337 2056 2083 0
338 31359 31363 0
339 2066 2104 0
340 2084 2146 0
341 500161 500145 0
342 2071 2094 0
343 500143 500168 0
344 31353 31390 0
345 31389 31393 0
346 500101 500108 0
347 500134 500123 0
348 31381 31384 0
349 31353 31396 0
350 31361 31374 0
351 500105 500197 0
352 2060 2084 0
353 2061 2096 0
354 2068 2110 0
355 31355 31360 0
356 500131 500177 0
357 2082 2134 0
358 500139 500177 0
359 31407 31424 0
360 51 90 0
361 500118 500109 0
362 45 70 0
363 10 90 0
364 38 65 0
365 10 92 0
366 55 94 0
367 21 93 0
368 500151 500143 0
369 500118 500150 0
370 500113 500187 0
371 31373 31416 0
372 15 51 0
373 500168 500173 0
374 31371 31413 0
375 13 44 0
376 31360 31402 0
377 18 70 0
378 500168 500146 0
379 7 61 0
380 500114 500124 0
381 500187 500169 0
382 500146 500189 0
383 500117 500193 0
384 22 62 0
385 500194 500177 0
386 31364 31448 0
387 26 85 0
388 500170 500190 0
389 31359 31391 0
390 500151 500150 0
391 500113 500162 0
392 10 99 0
393 500140 500184 0
394 500176 500187 0
395 500149 500151 0
396 500121 500174 0
397 500189 500186 0
398 31416 31439 0
399 31366 31404 0
--------------
1000000 :c
1004389 :sum(p)
1000000 :sum(w)
