400 :n
id p,w,x
--------------
0 69 34 1
1 85 48 1
2 7988 7929 1
3 8008 7974 1
4 8011 7913 1
5 7994 7929 1
6 7947 7916 1
7 7982 7938 1
8 8001 7957 1
9 7978 7931 1
10 8011 7942 1
11 7982 7944 1
12 15792 15727 1
13 15816 15741 1
14 7993 7927 1
15 7991 7956 1
16 15816 15759 1
17 8000 7974 1
18 7983 7914 1
19 15809 15759 1
20 15825 15762 1
21 8002 7967 1
22 8012 7928 1
23 4053 4028 1
24 4070 4021 1
25 15795 15744 1
26 4080 4058 1
27 4098 4017 1
28 4080 4031 1
29 15817 15744 1
30 31 5 1
31 4104 4056 1
32 4092 4072 1
33 4097 4038 1
34 4078 4035 1
35 4062 4032 1
36 4105 4018 1
37 4079 4015 1
38 4101 4080 1
39 2089 2062 1
40 91 67 1
41 2101 2054 1
42 51 22 1
43 2135 2057 1
44 2094 2068 1
45 2140 2087 1
46 2141 2105 1
47 80 1 1
48 80 14 1
49 80 53 1
50 2143 2093 1
51 2125 2090 1
52 2151 2127 1
53 2134 2083 1
54 90 21 1
55 2147 2126 1
56 2126 2065 1
57 2112 2058 1
58 2131 2069 1
59 2125 2055 1
60 15785 15738 1
61 92 53 1
62 66 35 1
63 96 39 1
64 93 69 1
65 80 5 1
66 90 35 1
67 62 24 1
68 31421 31360 1
69 15794 15749 1
70 15797 15762 1
71 31445 31370 1
72 31447 31378 1
73 15782 15742 1
74 38 27 1
75 52 41 1
76 2115 2102 1
77 2153 2144 1
78 4037 4022 1
79 8008 7985 1
80 7961 7942 1
81 4045 4036 1
82 7972 7955 1
83 7966 7951 1
84 4032 4026 1
85 4054 4048 1
86 62687 62601 1
87 15785 15764 1
88 62690 62609 1
89 31407 31368 1
90 15756 15737 1
91 31441 31404 1
92 62690 62617 1
93 7948 7939 0
94 62699 62629 1
95 2132 2090 1
96 62680 62609 1
97 31385 31353 0
98 62687 62624 0
99 31434 31403 0
100 31438 31407 0
101 15818 15804 1
102 41 91 0
103 15816 15801 1
104 62694 62635 0
105 2148 2146 1
106 31380 31352 0
107 15777 15763 1
108 2059 2060 0
109 31405 31379 0
110 15795 15782 0
111 31407 31382 0
112 7957 7951 1
113 4012 4009 0
114 125192 125100 0
115 62650 62605 0
116 62683 62639 0
117 31392 31370 0
118 125188 125103 0
119 62692 62651 0
120 31376 31356 0
121 15805 15795 0
122 62638 62601 0
123 125173 125101 0
124 125167 125101 0
125 62675 62642 0
126 125176 125111 0
127 62647 62615 0
128 15771 15763 0
129 125168 125108 0
130 125171 125112 0
131 62648 62619 0
132 62635 62608 0
133 62672 62645 0
134 125194 125142 0
135 62635 62609 0
136 125161 125110 0
137 31426 31414 0
138 7978 7975 0
139 62658 62636 0
140 31385 31375 0
141 62690 62671 0
142 250193 250127 0
143 31359 31351 0
144 15777 15773 0
145 250194 250142 0
146 125137 125111 0
147 250171 250120 0
148 125154 125129 0
149 125195 125170 0
150 125194 125170 0
151 15790 15787 0
152 250162 250115 0
153 125144 125121 0
154 125184 125162 0
155 250196 250153 0
156 31373 31368 0
157 500197 500121 0
158 125155 125137 0
159 500193 500122 0
160 125144 125128 0
161 31417 31413 0
162 15779 15777 0
163 7942 7941 0
164 7962 7961 0
165 15813 15812 0
166 7984 7984 0
167 24 24 1
168 7979 7980 0
169 7994 7996 0
170 4055 4057 0
171 4018 4020 0
172 7962 7967 0
173 7958 7965 0
174 2138 2140 1
175 2068 2070 0
176 4030 4035 0
177 2145 2149 0
178 4036 4045 0
179 2069 2076 0
180 2074 2082 0
181 2089 2099 0
182 2085 2096 0
183 2097 2110 0
184 63 64 1
185 47 62 0
186 29 39 0
187 37 51 0
188 500128 500169 0
189 62688 62691 0
190 250155 250191 0
191 500177 500131 0
192 31385 31383 0
193 500191 500189 0
194 500181 500120 0
195 125109 125118 0
196 31390 31387 0
197 125109 125121 0
198 500121 500146 0
199 125178 125185 0
200 125123 125141 0
201 125167 125159 0
202 500118 500113 0
203 125158 125146 0
204 125165 125185 0
205 500181 500159 0
206 125109 125123 0
207 500124 500160 0
208 125105 125103 0
209 500163 500190 0
210 250165 250166 0
211 125129 125116 0
212 500119 500190 0
213 500147 500151 0
214 500107 500171 0
215 500177 500190 0
216 250157 250152 0
217 250183 250158 0
218 500121 500116 0
219 250113 250131 0
220 250159 250140 0
221 500147 500185 0
222 500196 500179 0
223 500103 500110 0
224 250188 250187 0
225 500149 500124 0
226 500183 500122 0
227 125136 125139 0
228 250132 250117 0
229 125115 125100 0
230 250156 250168 0
231 250174 250154 0
232 250178 250156 0
233 500121 500200 0
234 500178 500155 0
235 250114 250112 0
236 500170 500170 0
237 125116 125106 0
238 500191 500162 0
239 500151 500139 0
240 250187 250175 0
241 500111 500102 0
242 250115 250149 0
243 500116 500167 0
244 250165 250196 0
245 250133 250163 0
246 500138 500156 0
247 500144 500186 0
248 250155 250170 0
249 500196 500152 0
250 500143 500173 0
251 250199 250185 0
252 500189 500171 0
253 250164 250169 0
254 250185 250159 0
255 62683 62684 0
256 250151 250177 0
257 250151 250175 0
258 250176 250157 0
259 500116 500139 0
260 250107 250136 0
261 500153 500119 0
262 500174 500160 0
263 250189 250179 0
264 250153 250146 0
265 62615 62609 0
266 62618 62613 0
267 31399 31399 0
268 62623 62616 0
269 500177 500194 0
270 62628 62626 0
271 500136 500138 0
272 250110 250142 0
273 62644 62654 0
274 500149 500178 0
275 62651 62648 0
276 15742 15786 0
277 7961 8004 0
278 15747 15823 0
279 4015 4098 0
280 4068 4100 0
281 4076 4101 0
282 4012 4070 0
283 15751 15765 0
284 4060 4101 0
285 15793 15815 0
286 15748 15759 0
287 15735 15811 0
288 4024 4074 0
289 15758 15761 0
290 4015 4044 0
291 500102 500190 0
292 4047 4073 0
293 15739 15768 0
294 4026 4057 0
295 31401 31418 0
296 31372 31401 0
297 31354 31404 0
298 4066 4095 0
299 31377 31399 0
300 4037 4094 0
301 31424 31430 0
302 31371 31384 0
303 31401 31432 0
304 4031 4043 0
305 31354 31403 0
306 4016 4079 0
307 31356 31442 0
308 15777 15805 0
309 4028 4083 0
310 4037 4098 0
311 31412 31448 0
312 7992 8003 0
313 4034 4059 0
314 4012 4067 0
315 31355 31414 0
316 31412 31440 0
317 4007 4041 0
318 15745 15816 0
319 2098 2137 0
320 7988 8005 0
321 2059 2149 0
322 31364 31433 0
323 2054 2100 0
324 31401 31415 0
325 31368 31415 0
326 31394 31422 0
327 31376 31437 0
328 31398 31445 0
329 15755 15792 0
330 2078 2148 0
331 2069 2129 0
332 15732 15747 0
333 31356 31421 0
334 15798 15806 0
335 62621 62646 0
336 2072 2131 0
337 62627 62690 0
338 2083 2125 0
339 15805 15821 0
340 2059 2113 0
341 2056 2120 0
342 62614 62675 0
343 2066 2101 0
344 62604 62663 0
345 62672 62698 0
346 2058 2150 0
347 62621 62648 0
348 62616 62644 0
349 7987 8004 0
350 62612 62663 0
351 62683 62697 0
352 62675 62699 0
353 7918 7932 0
354 15776 15791 0
355 62643 62687 0
356 2100 2133 0
357 15774 15823 0
358 62602 62683 0
359 62684 62700 0
360 125105 125182 0
361 13 59 0
362 125110 125173 0
363 15790 15805 0
364 10 94 0
365 125139 125192 0
366 125151 125176 0
367 125107 125194 0
368 125159 125199 0
369 125134 125176 0
370 18 63 0
371 125127 125157 0
372 27 64 0
373 7947 7992 0
374 125103 125152 0
375 125109 125151 0
376 53 89 0
377 250106 250159 0
378 37 85 0
379 250101 250169 0
380 250105 250157 0
381 19 40 0
382 64 88 0
383 4 66 0
384 250137 250185 0
385 16 45 0
386 14 46 0
387 8 58 0
388 70 87 0
389 3 20 0
390 7975 8006 0
391 250131 250198 0
392 28 76 0
393 250118 250189 0
394 250123 250168 0
395 250119 250180 0
396 12 68 0
397 7931 8006 0
398 7940 7988 0
399 7939 7988 0
--------------
1000000 :c
1004394 :sum(p)
999999 :sum(w)
