400 :n
id p,w,x
--------------
0 4060 4010 1
1 4097 4041 1
2 4087 4038 1
3 100 62 1
4 69 12 1
5 64 19 1
6 15820 15730 1
7 66 8 1
8 4036 4007 1
9 2144 2107 1
10 2102 2056 1
11 70 8 1
12 43 16 1
13 57 20 1
14 4106 4051 1
15 34 9 1
16 93 28 1
17 4085 4034 1
18 73 15 1
19 4092 4056 1
20 37 12 1
21 4097 4035 1
22 99 4 1
23 74 14 1
24 2111 2059 1
25 60 15 1
26 7985 7931 1
27 2141 2069 1
28 2146 2118 1
29 8004 7923 1
30 2142 2106 1
31 4102 4071 1
32 4073 4015 1
33 2127 2067 1
34 2135 2063 1
35 4073 4043 1
36 2145 2113 1
37 7988 7948 1
38 2140 2068 1
39 2124 2075 1
40 4099 4029 1
41 2089 2058 1
42 4045 4008 1
43 6 3 1
44 18 10 1
45 47 27 1
46 21 14 1
47 73 51 1
48 78 58 1
49 89 68 1
50 75 63 1
51 71 61 1
52 2119 2094 1
53 2086 2067 1
54 2139 2124 1
55 2102 2088 1
56 2118 2106 1
57 8002 7962 1
58 2077 2067 1
59 2100 2090 1
60 7958 7921 1
61 15803 15730 1
62 15811 15741 1
63 7978 7945 1
64 2069 2061 1
65 15817 15762 1
66 15818 15763 1
67 4049 4035 1
68 15810 15756 1
69 7997 7970 1
70 4079 4066 1
71 15814 15764 1
72 7955 7932 1
73 15820 15776 1
74 15801 15758 1
75 31446 31362 1
76 31447 31366 1
77 31440 31361 1
78 4103 4093 1
79 2065 2060 1
80 69 56 1
81 8006 7987 1
82 7963 7945 1
83 15801 15767 1
84 31447 31385 1
85 4102 4094 1
86 7965 7950 1
87 7982 7969 1
88 31403 31353 1
89 31414 31368 1
90 31407 31363 1
91 15787 15765 1
92 15767 15734 1
93 15782 15760 1
94 31433 31395 1
95 62694 62613 1
96 62683 62610 1
97 15820 15802 1
98 31425 31391 1
99 15787 15749 1
100 31394 31351 1
101 31392 31351 1
102 31385 31352 0
103 62691 62626 1
104 4069 4065 1
105 62694 62638 0
106 31436 31446 0
107 125172 125108 0
108 15798 15783 0
109 4102 4099 1
110 62693 62643 0
111 31434 31409 0
112 2110 2153 0
113 62674 62626 0
114 31402 31378 0
115 15743 15731 0
116 125195 125102 0
117 62684 62633 0
118 125198 125111 0
119 62641 62601 0
120 31404 31385 0
121 125189 125117 0
122 125186 125117 0
123 31396 31379 0
124 125196 125130 0
125 62649 62616 0
126 500117 500194 0
127 62685 62632 0
128 62661 62629 0
129 15809 15801 0
130 62663 62633 0
131 62652 62624 0
132 31434 31420 0
133 15738 15731 0
134 125157 125105 0
135 31388 31375 0
136 31393 31380 0
137 31371 31359 0
138 7964 7961 1
139 15805 15800 0
140 31413 31404 0
141 15774 15772 0
142 7963 7962 0
143 7968 7967 0
144 15823 15822 0
145 15801 15801 0
146 15765 15765 0
147 24 24 0
148 4076 4076 1
149 15797 15797 0
150 31433 31435 0
151 7973 7975 0
152 7966 7968 0
153 15804 15808 0
154 31387 31396 0
155 31382 31393 0
156 7928 7931 0
157 15803 15809 0
158 2070 2072 0
159 7970 7980 0
160 15797 15818 0
161 7943 7954 0
162 7923 7934 0
163 7919 7930 0
164 15768 15790 0
165 2092 2095 0
166 2066 2069 1
167 7953 7965 0
168 7977 7990 0
169 7933 7946 0
170 7983 7997 0
171 15783 15813 0
172 15729 15760 0
173 7956 7975 0
174 4051 4061 0
175 4018 4031 0
176 7967 7993 0
177 4022 4038 0
178 7952 7985 0
179 7923 7956 0
180 4035 4053 0
181 7939 7976 0
182 4027 4046 0
183 2059 2069 0
184 7929 7968 0
185 7951 7991 0
186 7934 7974 0
187 2096 2108 0
188 4008 4032 0
189 2086 2099 0
190 4015 4045 0
191 4060 4094 0
192 2092 2112 0
193 4007 4046 0
194 2091 2114 0
195 2090 2117 0
196 2108 2142 0
197 2100 2144 0
198 67 71 0
199 63 71 0
200 73 94 0
201 15 20 0
202 64 86 0
203 7 10 0
204 31 46 0
205 52 80 0
206 54 87 0
207 57 93 0
208 42 76 0
209 11 41 0
210 125146 125110 0
211 125163 125138 0
212 125183 125151 0
213 125166 125147 0
214 125139 125115 0
215 250188 250143 0
216 250199 250145 0
217 250200 250135 0
218 250191 250124 0
219 250190 250132 0
220 250154 250121 0
221 250195 250139 0
222 250171 250114 0
223 62673 62662 0
224 125141 125114 0
225 250146 250103 0
226 250168 250112 0
227 250152 250113 0
228 62671 62657 0
229 62624 62612 0
230 125199 125182 0
231 125173 125126 0
232 500190 500104 0
233 125172 125151 0
234 125139 125117 0
235 500190 500118 0
236 125167 125139 0
237 125124 125138 0
238 125131 125192 0
239 7927 7987 0
240 7924 7981 0
241 125137 125194 0
242 125130 125188 0
243 125161 125176 0
244 7928 7997 0
245 125170 125179 0
246 125181 125189 0
247 125128 125122 0
248 125147 125158 0
249 125133 125149 0
250 125102 125117 0
251 125125 125184 0
252 125106 125116 0
253 125116 125117 0
254 15763 15805 0
255 125131 125166 0
256 15727 15792 0
257 125142 125156 0
258 7950 7992 0
259 15733 15822 0
260 125134 125140 0
261 7922 7978 0
262 125144 125179 0
263 7933 7988 0
264 125169 125197 0
265 62612 62606 0
266 62657 62670 0
267 125151 125151 0
268 125148 125158 0
269 125156 125185 0
270 62640 62648 0
271 250115 250102 0
272 250150 250150 0
273 250118 250187 0
274 62637 62630 0
275 62613 62656 0
276 15738 15792 0
277 15744 15815 0
278 15737 15807 0
279 4057 4105 0
280 250123 250105 0
281 250129 250115 0
282 4022 4082 0
283 15768 15814 0
284 4018 4064 0
285 250168 250167 0
286 250139 250126 0
287 62644 62637 0
288 250102 250185 0
289 62610 62638 0
290 250188 250181 0
291 4012 4062 0
292 4036 4101 0
293 4015 4101 0
294 4011 4078 0
295 15747 15805 0
296 250145 250182 0
297 4024 4076 0
298 250112 250156 0
299 62667 62697 0
300 250115 250139 0
301 250147 250199 0
302 250139 250109 0
303 4029 4075 0
304 15746 15786 0
305 250113 250170 0
306 4023 4093 0
307 62626 62630 0
308 31374 31398 0
309 250169 250155 0
310 250198 250191 0
311 250160 250185 0
312 31360 31448 0
313 250123 250101 0
314 250107 250190 0
315 62665 62699 0
316 250116 250164 0
317 250130 250130 0
318 4022 4080 0
319 250130 250175 0
320 2072 2148 0
321 62613 62665 0
322 62663 62693 0
323 2083 2132 0
324 250161 250195 0
325 250125 250119 0
326 2060 2111 0
327 250149 250162 0
328 250108 250164 0
329 250180 250161 0
330 2056 2106 0
331 250122 250171 0
332 62636 62638 0
333 500112 500173 0
334 500144 500101 0
335 500140 500182 0
336 31352 31445 0
337 62610 62661 0
338 500165 500131 0
339 62653 62685 0
340 2074 2124 0
341 500195 500174 0
342 500136 500109 0
343 500134 500191 0
344 62633 62651 0
345 500174 500124 0
346 500121 500173 0
347 500114 500103 0
348 62651 62647 0
349 31356 31375 0
350 500128 500197 0
351 62623 62670 0
352 500104 500135 0
353 31385 31441 0
354 500161 500188 0
355 2071 2126 0
356 62666 62679 0
357 500194 500135 0
358 2068 2123 0
359 31374 31412 0
360 31372 31415 0
361 31351 31439 0
362 500117 500190 0
363 500111 500148 0
364 62660 62667 0
365 500121 500145 0
366 500102 500161 0
367 500118 500164 0
368 500178 500128 0
369 500134 500184 0
370 31376 31436 0
371 500172 500164 0
372 500126 500174 0
373 500159 500176 0
374 500165 500191 0
375 500160 500121 0
376 31394 31420 0
377 4 75 0
378 31396 31441 0
379 62664 62687 0
380 500169 500116 0
381 20 80 0
382 500123 500167 0
383 500158 500107 0
384 500166 500129 0
385 500123 500128 0
386 62623 62672 0
387 20 100 0
388 500128 500132 0
389 31353 31427 0
390 500103 500137 0
391 62656 62686 0
392 62619 62651 0
393 500153 500112 0
394 31389 31423 0
395 500157 500132 0
396 500109 500169 0
397 500107 500200 0
398 31360 31393 0
399 31411 31433 0
--------------
1000000 :c
1004126 :sum(p)
1000000 :sum(w)
