400 :n
id p,w,x
--------------
0 2116 2060 1
1 2149 2066 1
2 15817 15745 1
3 2111 2056 1
4 15818 15747 1
5 4084 4007 1
6 2115 2055 1
7 15816 15744 1
8 4092 4019 1
9 98 20 1
10 2115 2061 1
11 2136 2068 1
12 4094 4012 1
13 77 10 1
14 69 2 1
15 4085 4009 1
16 7997 7914 1
17 8006 7933 1
18 7995 7922 1
19 7996 7913 1
20 90 15 1
21 92 15 1
22 52 1 1
23 69 26 1
24 51 21 1
25 78 34 1
26 77 36 1
27 57 28 1
28 87 57 1
29 29 23 1
30 89 74 1
31 22 20 1
32 2152 2100 1
33 2113 2064 1
34 2144 2104 1
35 2110 2081 1
36 2080 2055 1
37 2116 2094 1
38 4060 4018 1
39 4047 4007 1
40 4053 4013 1
41 4067 4030 1
42 2142 2123 1
43 4060 4026 1
44 4078 4045 1
45 2085 2069 1
46 7999 7945 1
47 4036 4009 1
48 2105 2091 1
49 4070 4045 1
50 7964 7918 1
51 7984 7942 1
52 2116 2105 1
53 4042 4022 1
54 8008 7969 1
55 7978 7941 1
56 8004 7972 1
57 4089 4074 1
58 4104 4089 1
59 15824 15772 1
60 15791 15742 1
61 7937 7913 1
62 15796 15749 1
63 7999 7977 1
64 4025 4014 1
65 15788 15748 1
66 7956 7936 1
67 15788 15749 1
68 4094 4084 1
69 15822 15785 1
70 15786 15753 1
71 31428 31374 1
72 8012 7999 1
73 4074 4068 0
74 2073 2070 1
75 15751 15730 1
76 31438 31398 1
77 31437 31398 1
78 4072 4067 0
79 15752 15733 1
80 15753 15734 1
81 7934 7925 0
82 62692 62627 1
83 31440 31408 1
84 15756 15740 1
85 15796 15780 0
86 62675 62612 1
87 62697 62634 1
88 62691 62602 1
89 2077 2075 0
90 2088 2086 0
91 15762 15747 0
92 7944 7937 0
93 31438 31411 1
94 94 21 1
95 31406 31355 1
96 62683 62631 1
97 31388 31363 0
98 125173 125112 0
99 62697 62666 0
100 2138 2143 0
101 15755 15757 0
102 31441 31416 0
103 62684 62635 1
104 62654 62606 0
105 31438 31414 0
106 15810 15798 0
107 92 96 0
108 62670 62624 0
109 31433 31410 0
110 4104 4101 0
111 15796 15785 0
112 31416 31396 0
113 7920 7915 0
114 62660 62623 0
115 125174 125104 0
116 62638 62604 0
117 15786 15778 0
118 125196 125134 0
119 62634 62603 0
120 125196 125139 0
121 62648 62620 0
122 31366 31353 0
123 31426 31413 0
124 7975 7972 0
125 62681 62661 0
126 62644 62626 0
127 31438 31430 0
128 31447 31439 0
129 31450 31442 0
130 15748 15744 0
131 4058 4057 0
132 15769 15767 0
133 62639 62632 0
134 62635 62629 0
135 31374 31371 0
136 31384 31381 0
137 15752 15751 0
138 4051 4051 0
139 19 19 0
140 7993 7993 0
141 15778 15779 0
142 7944 7945 0
143 7930 7932 0
144 7954 7957 0
145 7936 7939 0
146 2133 2134 0
147 4064 4067 0
148 7949 7955 0
149 2074 2076 0
150 7965 7973 0
151 2075 2078 0
152 4074 4081 0
153 4056 4067 0
154 2098 2105 0
155 2121 2129 0
156 2112 2125 0
157 89 97 0
158 54 66 0
159 47 59 0
160 25 34 0
161 41 56 0
162 19 31 0
163 4 11 0
164 250161 250150 0
165 500181 500138 0
166 500160 500139 0
167 250179 250172 0
168 500186 500168 0
169 500153 500113 0
170 31369 31368 0
171 62644 62639 0
172 500178 500162 0
173 500187 500164 0
174 500191 500168 0
175 500153 500122 0
176 250169 250124 0
177 500189 500121 0
178 250186 250129 0
179 62672 62674 0
180 500195 500185 0
181 500151 500140 0
182 500162 500149 0
183 500148 500146 0
184 250113 250115 0
185 500116 500136 0
186 500171 500185 0
187 250117 250111 0
188 250144 250150 0
189 500198 500193 0
190 250118 250112 0
191 125115 125116 0
192 250109 250105 0
193 31444 31445 0
194 250126 250129 0
195 250169 250171 0
196 250163 250158 0
197 250160 250169 0
198 500174 500168 0
199 500181 500175 0
200 250192 250193 0
201 250170 250167 0
202 125185 125187 0
203 31409 31409 0
204 500143 500165 0
205 500142 500155 0
206 500162 500175 0
207 250193 250137 0
208 125146 125113 0
209 250166 250131 0
210 125188 125134 0
211 125181 125131 0
212 125143 125109 0
213 125151 125110 0
214 500172 500122 0
215 125198 125180 0
216 250168 250106 0
217 250196 250140 0
218 500195 500121 0
219 250140 250109 0
220 500200 500139 0
221 125147 125121 0
222 250156 250103 0
223 500177 500114 0
224 125128 125115 0
225 125177 125157 0
226 125149 125102 0
227 250148 250115 0
228 500163 500135 0
229 500149 500133 0
230 15739 15798 0
231 15731 15751 0
232 15733 15792 0
233 31355 31374 0
234 31383 31445 0
235 31354 31433 0
236 31441 31443 0
237 15807 15825 0
238 31360 31411 0
239 7943 7972 0
240 7956 7987 0
241 31400 31445 0
242 62674 62678 0
243 62607 62613 0
244 7998 8010 0
245 62646 62656 0
246 7920 7960 0
247 7953 7982 0
248 31379 31400 0
249 7920 7940 0
250 7939 7997 0
251 62660 62679 0
252 62633 62664 0
253 31352 31399 0
254 15751 15822 0
255 7932 8002 0
256 62624 62632 0
257 62625 62653 0
258 7980 8008 0
259 15810 15814 0
260 62649 62694 0
261 62634 62674 0
262 62612 62641 0
263 7931 8000 0
264 15728 15748 0
265 15774 15803 0
266 7924 7952 0
267 62640 62680 0
268 62639 62663 0
269 62631 62674 0
270 7988 7999 0
271 62648 62669 0
272 62614 62668 0
273 7983 8009 0
274 62602 62619 0
275 7938 7969 0
276 62667 62685 0
277 62685 62691 0
278 7952 7992 0
279 31400 31412 0
280 62650 62695 0
281 62686 62695 0
282 4025 4073 0
283 62618 62628 0
284 4024 4077 0
285 4013 4076 0
286 4060 4105 0
287 125106 125150 0
288 125150 125174 0
289 125153 125181 0
290 125122 125141 0
291 4010 4102 0
292 125156 125199 0
293 4019 4075 0
294 4031 4054 0
295 125129 125179 0
296 125105 125144 0
297 125123 125175 0
298 125131 125180 0
299 4007 4066 0
300 4017 4083 0
301 4022 4048 0
302 15790 15796 0
303 125129 125197 0
304 125135 125170 0
305 125108 125151 0
306 4054 4081 0
307 125168 125199 0
308 125102 125188 0
309 125171 125190 0
310 125148 125155 0
311 4068 4091 0
312 125107 125136 0
313 125127 125164 0
314 15772 15807 0
315 4030 4053 0
316 125129 125190 0
317 4032 4088 0
318 4069 4086 0
319 125121 125191 0
320 125131 125142 0
321 15727 15792 0
322 2068 2105 0
323 2102 2129 0
324 31354 31436 0
325 2090 2119 0
326 125102 125175 0
327 125181 125189 0
328 31385 31444 0
329 2109 2141 0
330 125159 125194 0
331 2054 2141 0
332 2076 2096 0
333 250111 250164 0
334 2084 2126 0
335 15783 15811 0
336 2099 2139 0
337 250159 250174 0
338 250124 250139 0
339 31360 31433 0
340 250138 250161 0
341 2074 2091 0
342 250110 250130 0
343 31358 31377 0
344 250117 250139 0
345 31398 31431 0
346 250180 250195 0
347 250123 250168 0
348 250120 250169 0
349 2092 2119 0
350 250140 250173 0
351 2061 2098 0
352 250111 250187 0
353 2083 2114 0
354 250126 250181 0
355 250106 250197 0
356 250138 250186 0
357 2063 2098 0
358 2085 2146 0
359 15766 15774 0
360 250113 250150 0
361 250113 250183 0
362 250122 250178 0
363 26 96 0
364 34 63 0
365 250141 250157 0
366 46 63 0
367 36 56 0
368 31398 31445 0
369 500101 500161 0
370 500154 500196 0
371 500147 500179 0
372 7 62 0
373 61 95 0
374 500145 500175 0
375 65 100 0
376 500123 500150 0
377 17 67 0
378 15762 15814 0
379 500115 500154 0
380 500120 500184 0
381 25 63 0
382 31388 31407 0
383 12 93 0
384 48 100 0
385 22 75 0
386 6 24 0
387 500128 500170 0
388 500119 500176 0
389 500105 500168 0
390 15735 15814 0
391 500148 500182 0
392 35 78 0
393 500102 500195 0
394 31362 31368 0
395 31360 31435 0
396 24 68 0
397 31367 31440 0
398 15759 15772 0
399 500128 500151 0
--------------
1000000 :c
1003891 :sum(p)
999998 :sum(w)
