400 :n
id p,w,x
--------------
0 4077 4039 1
1 4098 4056 1
2 2108 2066 1
3 2134 2107 1
4 15821 15734 1
5 2106 2090 1
6 2149 2129 1
7 2109 2085 1
8 7991 7937 1
9 65 5 1
10 7986 7928 1
11 2141 2065 1
12 2098 2075 1
13 2148 2113 1
14 7999 7915 1
15 2107 2082 1
16 2114 2095 1
17 98 17 1
18 2113 2068 1
19 4105 4031 1
20 7962 7914 1
21 94 11 1
22 7988 7942 1
23 7992 7925 1
24 7987 7943 1
25 28 5 1
26 7956 7913 1
27 2111 2057 1
28 7972 7929 1
29 2138 2117 1
30 4073 4015 1
31 69 49 1
32 15815 15740 1
33 15812 15735 1
34 4084 4049 1
35 79 35 1
36 4062 4028 1
37 35 17 1
38 4057 4015 1
39 7997 7917 1
40 4050 4008 1
41 8001 7944 1
42 7987 7917 1
43 7976 7944 1
44 15820 15764 1
45 4099 4033 1
46 4099 4053 1
47 7968 7936 1
48 60 7 1
49 4075 4018 1
50 4106 4023 1
51 4034 4009 1
52 89 28 1
53 2094 2056 1
54 93 72 1
55 8000 7972 1
56 31444 31363 1
57 31442 31355 1
58 31433 31353 1
59 31446 31358 1
60 33 26 1
61 88 78 1
62 90 86 1
63 2123 2112 1
64 2138 2127 1
65 4040 4026 1
66 15815 15763 1
67 4082 4069 1
68 15811 15764 1
69 7949 7926 1
70 4030 4019 1
71 4047 4036 1
72 7966 7945 1
73 4039 4029 1
74 4068 4058 1
75 31447 31373 1
76 7996 7978 1
77 15777 15743 1
78 15765 15732 1
79 15789 15759 1
80 31429 31370 1
81 7959 7945 1
82 31440 31386 1
83 7965 7952 1
84 15812 15788 1
85 31419 31373 1
86 4106 4100 0
87 15757 15735 1
88 15813 15791 1
89 31403 31361 1
90 15790 15769 1
91 4013 4008 1
92 31443 31405 1
93 15759 15741 1
94 7969 7960 1
95 62688 62621 1
96 53 38 1
97 62684 62607 1
98 31436 31404 1
99 62679 62617 0
100 31402 31372 0
101 31445 31436 0
102 15797 15807 0
103 29 74 0
104 62658 62601 0
105 62682 62626 0
106 62683 62628 0
107 62675 62623 0
108 31430 31405 0
109 7939 7933 1
110 62667 62620 0
111 62698 62652 0
112 15793 15782 1
113 7941 7936 0
114 62644 62605 0
115 62693 62658 0
116 15743 15735 0
117 7934 7930 0
118 4081 4079 1
119 2080 2079 0
120 62671 62642 0
121 31421 31408 0
122 31434 31421 0
123 15739 15733 0
124 7972 7969 0
125 31374 31364 0
126 15766 15761 0
127 15732 15728 0
128 15791 15787 0
129 4055 4054 0
130 4083 4082 0
131 31375 31369 0
132 31390 31386 0
133 31364 31362 0
134 97 97 1
135 4012 4013 0
136 7956 7959 0
137 2132 2133 0
138 2146 2149 0
139 4048 4054 0
140 4017 4023 0
141 40 44 0
142 34 39 0
143 51 60 0
144 28 37 0
145 62655 62635 0
146 125139 125106 0
147 62693 62688 0
148 125197 125190 0
149 250130 250118 0
150 62606 62601 0
151 250183 250146 0
152 250197 250137 0
153 250198 250127 0
154 62700 62678 0
155 250138 250108 0
156 62643 62627 0
157 250163 250115 0
158 250171 250106 0
159 250167 250119 0
160 250197 250172 0
161 62689 62672 0
162 250185 250145 0
163 250182 250117 0
164 62700 62689 0
165 125183 125118 0
166 62630 62608 0
167 250143 250115 0
168 125132 125126 0
169 62688 62666 0
170 250198 250121 0
171 125159 125121 0
172 250146 250128 0
173 250194 250144 0
174 250180 250148 0
175 125183 125128 0
176 250147 250108 0
177 500183 500154 0
178 500184 500128 0
179 125183 125137 0
180 500193 500127 0
181 500173 500147 0
182 500168 500118 0
183 125138 125106 0
184 500177 500148 0
185 62655 62649 0
186 125190 125172 0
187 62650 62628 0
188 500192 500166 0
189 500161 500125 0
190 500150 500128 0
191 500158 500136 0
192 500182 500155 0
193 500151 500116 0
194 500170 500136 0
195 125184 125129 0
196 500170 500128 0
197 500197 500117 0
198 62643 62626 0
199 125133 125111 0
200 125158 125147 0
201 125166 125113 0
202 125176 125101 0
203 125194 125127 0
204 125181 125115 0
205 125191 125162 0
206 125162 125103 0
207 125178 125137 0
208 125174 125168 0
209 31427 31444 0
210 15760 15809 0
211 31415 31421 0
212 31403 31417 0
213 15744 15770 0
214 31433 31438 0
215 31365 31438 0
216 15767 15799 0
217 31407 31425 0
218 15777 15784 0
219 31351 31392 0
220 31371 31438 0
221 15743 15767 0
222 500122 500107 0
223 15727 15751 0
224 31361 31397 0
225 31370 31370 0
226 31362 31433 0
227 31367 31446 0
228 15736 15743 0
229 62603 62670 0
230 62690 62695 0
231 15735 15772 0
232 62628 62698 0
233 62640 62646 0
234 15750 15770 0
235 15727 15773 0
236 62624 62634 0
237 62653 62677 0
238 62676 62680 0
239 62656 62697 0
240 7948 7953 0
241 62619 62672 0
242 62647 62673 0
243 62625 62640 0
244 7948 7971 0
245 62622 62661 0
246 7956 7978 0
247 62632 62681 0
248 7993 8005 0
249 62605 62690 0
250 7921 7932 0
251 125111 125188 0
252 125161 125164 0
253 125121 125130 0
254 31415 31418 0
255 125101 125157 0
256 7970 7986 0
257 125115 125179 0
258 125153 125160 0
259 125128 125133 0
260 7937 7953 0
261 125121 125192 0
262 125167 125176 0
263 125157 125172 0
264 125127 125129 0
265 125131 125179 0
266 125116 125133 0
267 125153 125177 0
268 125119 125143 0
269 125102 125161 0
270 125135 125145 0
271 7933 7946 0
272 125155 125173 0
273 250148 250152 0
274 7967 7985 0
275 7935 7958 0
276 250123 250194 0
277 250188 250189 0
278 250165 250184 0
279 250120 250161 0
280 250104 250127 0
281 31367 31391 0
282 250108 250182 0
283 250121 250124 0
284 250132 250157 0
285 250117 250126 0
286 250182 250183 0
287 250104 250188 0
288 250105 250111 0
289 250189 250193 0
290 250137 250178 0
291 250181 250195 0
292 250200 250197 0
293 250180 250199 0
294 250140 250191 0
295 250181 250198 0
296 250142 250190 0
297 31401 31444 0
298 31381 31434 0
299 250107 250152 0
300 250133 250181 0
301 500132 500189 0
302 4060 4069 0
303 500127 500171 0
304 500111 500148 0
305 500177 500167 0
306 500149 500178 0
307 500195 500183 0
308 500107 500148 0
309 500117 500113 0
310 500124 500133 0
311 500128 500184 0
312 500180 500185 0
313 500197 500193 0
314 500117 500134 0
315 500127 500150 0
316 500102 500113 0
317 31440 31445 0
318 4047 4055 0
319 500191 500178 0
320 500161 500179 0
321 500128 500191 0
322 500152 500179 0
323 500134 500137 0
324 500158 500172 0
325 500135 500129 0
326 31351 31366 0
327 500133 500176 0
328 500104 500145 0
329 31438 31441 0
330 31360 31439 0
331 15744 15793 0
332 62635 62624 0
333 125177 125154 0
334 62681 62662 0
335 125177 125138 0
336 2084 2144 0
337 2083 2121 0
338 2081 2142 0
339 2143 2151 0
340 2089 2141 0
341 2100 2122 0
342 2099 2132 0
343 2064 2095 0
344 2058 2072 0
345 4054 4099 0
346 4008 4054 0
347 2071 2124 0
348 4039 4059 0
349 2072 2097 0
350 2098 2146 0
351 2054 2148 0
352 2085 2152 0
353 4012 4068 0
354 4026 4096 0
355 4007 4023 0
356 4054 4104 0
357 2068 2085 0
358 4030 4059 0
359 2088 2107 0
360 63 93 0
361 4019 4066 0
362 4034 4091 0
363 22 44 0
364 45 77 0
365 4071 4091 0
366 2069 2127 0
367 7925 7954 0
368 7927 7991 0
369 68 94 0
370 14 61 0
371 7934 7982 0
372 12 32 0
373 7919 8004 0
374 35 61 0
375 4 78 0
376 3 65 0
377 14 49 0
378 15732 15804 0
379 44 80 0
380 15748 15818 0
381 28 63 0
382 1 52 0
383 15728 15817 0
384 58 76 0
385 15736 15796 0
386 15735 15810 0
387 14 49 0
388 15763 15822 0
389 18 97 0
390 9 28 0
391 15734 15824 0
392 7 57 0
393 2054 2070 0
394 15755 15805 0
395 2128 2153 0
396 53 67 0
397 67 96 0
398 2097 2110 0
399 2108 2116 0
--------------
1000000 :c
1004029 :sum(p)
1000000 :sum(w)
