400 :n
id p,w,x
--------------
0 35 4 1
1 2125 2060 1
2 15824 15735 1
3 15815 15728 1
4 79 36 1
5 15815 15726 1
6 2152 2065 1
7 7996 7938 1
8 63 29 1
9 7997 7918 1
10 83 17 1
11 8005 7956 1
12 8008 7927 1
13 2128 2082 1
14 8003 7924 1
15 4078 4021 1
16 69 40 1
17 4099 4050 1
18 4096 4062 1
19 4088 4058 1
20 2123 2070 1
21 53 25 1
22 2148 2065 1
23 2149 2093 1
24 15816 15734 1
25 4061 4016 1
26 4094 4022 1
27 98 38 1
28 4081 4038 1
29 2124 2075 1
30 99 60 1
31 64 3 1
32 88 54 1
33 2121 2083 1
34 2148 2097 1
35 2141 2091 1
36 2151 2084 1
37 15816 15762 1
38 31425 31354 1
39 62700 62609 1
40 31435 31374 1
41 15813 15770 1
42 15821 15739 1
43 62697 62602 1
44 15789 15727 1
45 58 40 1
46 69 53 1
47 96 75 1
48 84 66 1
49 94 74 1
50 96 76 1
51 71 62 1
52 57 51 1
53 66 61 1
54 42 39 1
55 87 83 1
56 51 50 1
57 2101 2077 1
58 2084 2065 1
59 2153 2142 1
60 4082 4062 1
61 4031 4012 1
62 8002 7968 1
63 7962 7931 1
64 2077 2069 1
65 2098 2090 1
66 4046 4031 1
67 7981 7955 1
68 7983 7957 1
69 4092 4080 1
70 2062 2056 1
71 2118 2112 1
72 7938 7916 1
73 15805 15766 1
74 15792 15755 1
75 7944 7927 1
76 4060 4052 1
77 7964 7949 1
78 2139 2135 1
79 15803 15775 1
80 15824 15796 1
81 4072 4065 1
82 15773 15744 1
83 31406 31358 1
84 7930 7918 1
85 4063 4057 1
86 2087 2084 1
87 8011 8000 1
88 31418 31377 1
89 7926 7916 1
90 62690 62611 1
91 4099 4094 1
92 31399 31361 1
93 31435 31399 1
94 31419 31381 1
95 31395 31361 1
96 31432 31397 1
97 62684 62614 1
98 4056 4012 1
99 15809 15784 1
100 15781 15764 0
101 15825 15809 1
102 62688 62626 0
103 15773 15763 0
104 31422 31403 0
105 62699 62637 0
106 31444 31413 0
107 62667 62606 0
108 31447 31420 0
109 62693 62646 0
110 31439 31416 0
111 62674 62629 0
112 31429 31407 0
113 125190 125103 0
114 62671 62629 0
115 125185 125103 0
116 62660 62619 0
117 125187 125106 0
118 15819 15814 0
119 31378 31359 0
120 4099 4106 0
121 47 71 0
122 31399 31383 0
123 31423 31407 0
124 31435 31420 0
125 2109 2108 1
126 31450 31437 0
127 15810 15804 0
128 31403 31392 0
129 15807 15802 0
130 15816 15811 0
131 31388 31379 0
132 7946 7944 0
133 7963 7961 0
134 4041 4040 0
135 31389 31382 0
136 15750 15747 0
137 8004 8004 0
138 15814 15814 0
139 7922 7924 0
140 15803 15808 0
141 8006 8009 0
142 4036 4038 0
143 7952 7958 0
144 7936 7942 0
145 4093 4097 0
146 4075 4079 0
147 4047 4052 0
148 4016 4021 0
149 7965 7977 0
150 7925 7937 0
151 2119 2123 1
152 4058 4066 0
153 4010 4018 0
154 4070 4079 0
155 2125 2131 0
156 2106 2112 0
157 4074 4087 0
158 2055 2062 0
159 2070 2079 0
160 2128 2143 0
161 2101 2121 0
162 54 56 1
163 43 46 0
164 49 56 0
165 21 29 0
166 26 41 0
167 11 27 0
168 3 19 0
169 125145 125119 0
170 125133 125104 0
171 62645 62640 0
172 500135 500126 0
173 250170 250143 0
174 62687 62682 0
175 500134 500127 0
176 500167 500156 0
177 125155 125150 0
178 500135 500123 0
179 500145 500122 0
180 500177 500173 0
181 500194 500182 0
182 500172 500119 0
183 500166 500131 0
184 125143 125142 0
185 500169 500134 0
186 500187 500147 0
187 250141 250139 0
188 250175 250163 0
189 500161 500159 0
190 500171 500130 0
191 500170 500163 0
192 250187 250171 0
193 250199 250193 0
194 250151 250148 0
195 250176 250170 0
196 250193 250179 0
197 250119 250112 0
198 250106 250103 0
199 250144 250123 0
200 500138 500107 0
201 31431 31430 0
202 500190 500173 0
203 500150 500142 0
204 125140 125110 0
205 62639 62616 0
206 125158 125134 0
207 500175 500112 0
208 62638 62603 0
209 500181 500120 0
210 125166 125128 0
211 62698 62685 0
212 500172 500108 0
213 250177 250149 0
214 125161 125138 0
215 125188 125122 0
216 250138 250111 0
217 250176 250120 0
218 62655 62623 0
219 500175 500110 0
220 250191 250105 0
221 250198 250147 0
222 62700 62665 0
223 500199 500123 0
224 31407 31403 0
225 500171 500105 0
226 125121 125102 0
227 500189 500116 0
228 125186 125155 0
229 125168 125133 0
230 125175 125102 0
231 250179 250131 0
232 250189 250154 0
233 250149 250104 0
234 62693 62668 0
235 125175 125144 0
236 62604 62679 0
237 62636 62648 0
238 62648 62686 0
239 7935 7976 0
240 7935 7951 0
241 62640 62696 0
242 62666 62690 0
243 31420 31424 0
244 7919 7995 0
245 31368 31447 0
246 62627 62683 0
247 7938 7974 0
248 7935 7991 0
249 62637 62684 0
250 15741 15809 0
251 62628 62697 0
252 62607 62635 0
253 7919 7946 0
254 7939 7982 0
255 7958 7985 0
256 15763 15793 0
257 62603 62677 0
258 7918 8010 0
259 62614 62622 0
260 7946 7996 0
261 62631 62639 0
262 7928 7953 0
263 62677 62698 0
264 62604 62677 0
265 62616 62655 0
266 62638 62694 0
267 7946 7963 0
268 62671 62683 0
269 31393 31400 0
270 62650 62670 0
271 7919 7988 0
272 7924 8008 0
273 31390 31401 0
274 7915 7951 0
275 62675 62685 0
276 62616 62637 0
277 31366 31446 0
278 7924 7952 0
279 62670 62674 0
280 31408 31415 0
281 31407 31424 0
282 4053 4087 0
283 4060 4083 0
284 125183 125197 0
285 125172 125187 0
286 125114 125188 0
287 15745 15761 0
288 4020 4087 0
289 15730 15783 0
290 4013 4079 0
291 125109 125170 0
292 125130 125150 0
293 4034 4103 0
294 15727 15769 0
295 125105 125180 0
296 4034 4074 0
297 125140 125197 0
298 4034 4097 0
299 4020 4090 0
300 15793 15820 0
301 125176 125193 0
302 4040 4102 0
303 125133 125139 0
304 31360 31372 0
305 15729 15764 0
306 15747 15812 0
307 125114 125155 0
308 4058 4087 0
309 125158 125173 0
310 4013 4077 0
311 125152 125187 0
312 125102 125105 0
313 125150 125153 0
314 125167 125181 0
315 4060 4102 0
316 125138 125175 0
317 31368 31402 0
318 4034 4091 0
319 2086 2111 0
320 125149 125161 0
321 125147 125154 0
322 125125 125165 0
323 125123 125188 0
324 31426 31436 0
325 125113 125136 0
326 125105 125150 0
327 125116 125128 0
328 2078 2115 0
329 2055 2081 0
330 2090 2153 0
331 2094 2128 0
332 250187 250192 0
333 31370 31400 0
334 31373 31414 0
335 2095 2127 0
336 250175 250180 0
337 2060 2110 0
338 250137 250167 0
339 15812 15822 0
340 31361 31419 0
341 2070 2130 0
342 250162 250192 0
343 2064 2140 0
344 2081 2114 0
345 2054 2101 0
346 250103 250103 0
347 2117 2150 0
348 250180 250198 0
349 250149 250176 0
350 250127 250156 0
351 15754 15774 0
352 15754 15793 0
353 250121 250163 0
354 250174 250183 0
355 250137 250149 0
356 250137 250185 0
357 250120 250124 0
358 250138 250175 0
359 250114 250128 0
360 15748 15797 0
361 12 65 0
362 42 79 0
363 250112 250129 0
364 250171 250177 0
365 250144 250191 0
366 250108 250147 0
367 250144 250197 0
368 72 95 0
369 250143 250149 0
370 500103 500127 0
371 14 37 0
372 15753 15778 0
373 15733 15801 0
374 500115 500169 0
375 500104 500135 0
376 39 72 0
377 500102 500106 0
378 500168 500183 0
379 4 52 0
380 500169 500179 0
381 31353 31437 0
382 500107 500158 0
383 500119 500164 0
384 500150 500154 0
385 31375 31381 0
386 10 37 0
387 8 83 0
388 500108 500191 0
389 36 80 0
390 500140 500156 0
391 500115 500143 0
392 500124 500164 0
393 31387 31408 0
394 15780 15810 0
395 500125 500131 0
396 30 62 0
397 500119 500140 0
398 500118 500117 0
399 15742 15794 0
--------------
1000000 :c
1003836 :sum(p)
999998 :sum(w)
