400 :n
id p,w,x
--------------
0 4077 4013 1
1 4066 4010 1
2 2111 2054 1
3 2123 2083 1
4 2104 2059 1
5 2092 2063 1
6 2130 2058 1
7 94 24 1
8 96 43 1
9 2101 2073 1
10 100 21 1
11 50 12 1
12 64 40 1
13 87 1 1
14 55 2 1
15 49 4 1
16 92 23 1
17 48 7 1
18 62 11 1
19 96 14 1
20 2128 2084 1
21 2122 2077 1
22 76 45 1
23 15822 15780 1
24 15796 15752 1
25 15822 15780 1
26 4048 4008 1
27 4076 4045 1
28 4084 4059 1
29 7978 7944 1
30 7979 7920 1
31 8000 7939 1
32 7971 7929 1
33 7982 7938 1
34 4074 4042 1
35 15812 15740 1
36 4073 4046 1
37 7951 7915 1
38 2107 2082 1
39 15806 15754 1
40 4078 4043 1
41 4046 4025 1
42 4068 4045 1
43 31448 31373 1
44 31429 31352 1
45 15824 15784 1
46 31430 31352 1
47 15816 15771 1
48 8002 7977 1
49 31438 31381 1
50 31450 31389 1
51 15807 15771 1
52 15778 15745 1
53 30 21 1
54 58 48 1
55 76 72 0
56 2148 2131 1
57 2129 2116 1
58 2070 2061 1
59 2097 2090 1
60 4024 4011 1
61 4076 4063 1
62 7949 7926 1
63 7992 7970 1
64 2132 2127 0
65 31445 31388 1
66 31426 31370 1
67 15789 15761 1
68 7932 7918 1
69 15822 15795 1
70 7936 7923 1
71 15779 15754 1
72 31433 31385 1
73 2091 2088 0
74 31446 31402 1
75 15813 15791 1
76 31396 31353 1
77 15805 15785 1
78 31439 31400 1
79 4088 4083 1
80 31404 31367 1
81 62700 62632 1
82 31407 31373 1
83 4036 4032 1
84 31389 31359 1
85 15780 15765 1
86 2116 2114 0
87 31404 31375 1
88 7950 7943 0
89 4085 4011 1
90 7931 7922 1
91 8006 7999 0
92 31414 31390 1
93 125188 125102 0
94 31433 31450 0
95 15823 15816 0
96 22 73 0
97 4091 4088 0
98 125186 125102 0
99 62695 62654 0
100 125192 125113 0
101 4094 4095 0
102 125195 125118 0
103 62690 62652 0
104 31394 31375 0
105 15822 15813 0
106 125198 125127 0
107 62649 62615 0
108 125178 125112 0
109 15734 15726 1
110 31374 31360 0
111 31408 31395 0
112 125161 125111 0
113 125199 125150 0
114 15746 15740 0
115 125183 125139 0
116 31399 31388 0
117 62689 62669 0
118 15751 15746 0
119 125175 125137 0
120 62700 62682 0
121 250200 250133 0
122 125145 125112 0
123 250191 250127 0
124 15783 15779 0
125 125151 125120 0
126 250170 250109 0
127 250181 250122 0
128 250187 250129 0
129 250173 250117 0
130 125164 125138 0
131 62616 62603 0
132 62639 62626 0
133 250196 250145 0
134 62613 62601 0
135 250150 250106 0
136 250150 250106 0
137 62680 62669 0
138 250176 250134 0
139 250180 250138 0
140 125188 125167 0
141 250157 250116 0
142 250191 250150 0
143 125142 125123 0
144 500185 500113 0
145 500193 500127 0
146 250180 250152 0
147 250193 250166 0
148 500192 500140 0
149 125156 125143 0
150 500156 500105 0
151 500196 500151 0
152 500190 500146 0
153 62615 62610 0
154 62664 62659 0
155 500179 500146 0
156 500181 500148 0
157 500180 500149 0
158 250180 250165 0
159 250199 250184 0
160 125149 125142 0
161 500131 500105 0
162 125199 125193 0
163 500198 500175 0
164 250144 250133 0
165 500193 500176 0
166 500132 500116 0
167 125158 125154 0
168 62630 62628 0
169 7924 7924 0
170 4068 4068 0
171 7921 7922 0
172 15740 15742 0
173 7925 7927 0
174 4023 4026 0
175 7946 7952 0
176 8000 8008 0
177 4082 4088 0
178 4018 4024 0
179 4038 4045 0
180 4013 4021 0
181 4027 4038 0
182 2136 2142 0
183 2117 2126 0
184 2055 2064 0
185 93 100 0
186 25 27 0
187 54 59 0
188 47 53 0
189 51 63 0
190 125115 125142 0
191 125170 125177 0
192 125125 125167 0
193 125124 125169 0
194 125145 125198 0
195 125148 125173 0
196 125127 125152 0
197 250107 250175 0
198 250148 250172 0
199 250187 250187 0
200 250163 250192 0
201 250117 250193 0
202 250151 250182 0
203 250156 250184 0
204 250154 250187 0
205 15792 15797 0
206 250183 250183 0
207 250126 250185 0
208 250112 250172 0
209 250120 250119 0
210 250115 250153 0
211 250136 250131 0
212 250120 250184 0
213 250132 250142 0
214 250130 250168 0
215 250101 250164 0
216 250155 250158 0
217 250179 250187 0
218 250113 250112 0
219 250124 250165 0
220 500118 500186 0
221 62632 62645 0
222 500143 500154 0
223 62656 62671 0
224 500142 500147 0
225 62664 62695 0
226 500138 500142 0
227 500190 500199 0
228 500137 500161 0
229 500110 500197 0
230 500164 500151 0
231 500134 500126 0
232 62659 62678 0
233 15802 15810 0
234 500183 500171 0
235 500157 500197 0
236 500124 500172 0
237 500160 500192 0
238 500116 500168 0
239 500147 500195 0
240 500104 500134 0
241 500167 500173 0
242 500193 500182 0
243 500127 500118 0
244 500121 500157 0
245 62669 62669 0
246 500102 500118 0
247 500142 500192 0
248 500132 500172 0
249 500117 500175 0
250 500134 500170 0
251 500113 500121 0
252 62678 62698 0
253 62611 62636 0
254 62620 62637 0
255 62647 62655 0
256 31369 31370 0
257 62638 62660 0
258 62676 62693 0
259 500132 500119 0
260 62617 62621 0
261 62637 62656 0
262 125143 125149 0
263 125113 125110 0
264 125106 125153 0
265 125128 125157 0
266 125148 125192 0
267 125142 125170 0
268 125117 125138 0
269 125114 125125 0
270 125120 125142 0
271 125117 125123 0
272 125130 125173 0
273 15738 15799 0
274 7963 7988 0
275 7943 7998 0
276 7927 8010 0
277 15727 15781 0
278 7932 7963 0
279 4028 4060 0
280 7933 7988 0
281 15764 15824 0
282 7945 7976 0
283 15763 15778 0
284 4015 4085 0
285 7957 7983 0
286 15736 15783 0
287 4081 4106 0
288 15739 15784 0
289 15747 15824 0
290 15786 15812 0
291 15729 15815 0
292 15764 15797 0
293 4068 4103 0
294 15756 15802 0
295 4021 4094 0
296 15751 15802 0
297 4025 4099 0
298 15749 15765 0
299 15767 15779 0
300 4020 4069 0
301 7921 7992 0
302 15765 15819 0
303 15762 15770 0
304 4033 4089 0
305 31357 31417 0
306 7943 7978 0
307 7974 8003 0
308 4070 4083 0
309 4068 4087 0
310 4049 4078 0
311 4049 4073 0
312 4029 4086 0
313 31358 31431 0
314 31364 31440 0
315 31364 31390 0
316 4034 4100 0
317 4079 4105 0
318 4024 4050 0
319 2087 2125 0
320 2106 2151 0
321 2074 2105 0
322 31362 31417 0
323 7997 8010 0
324 2058 2097 0
325 2061 2115 0
326 7976 7986 0
327 31379 31396 0
328 31372 31424 0
329 31400 31430 0
330 2093 2124 0
331 31418 31440 0
332 7952 7964 0
333 2095 2120 0
334 2083 2121 0
335 31395 31449 0
336 31356 31427 0
337 7913 7982 0
338 2064 2104 0
339 2085 2130 0
340 2083 2122 0
341 2102 2140 0
342 2085 2131 0
343 2125 2142 0
344 31401 31430 0
345 31373 31405 0
346 2084 2135 0
347 2079 2146 0
348 31376 31435 0
349 31394 31412 0
350 2108 2130 0
351 2121 2142 0
352 31364 31415 0
353 2059 2132 0
354 31367 31413 0
355 2071 2120 0
356 31366 31431 0
357 2070 2099 0
358 62627 62694 0
359 62634 62687 0
360 43 100 0
361 21 58 0
362 7944 7971 0
363 7914 7935 0
364 37 56 0
365 62640 62676 0
366 62605 62656 0
367 68 91 0
368 28 100 0
369 47 90 0
370 7916 7953 0
371 63 100 0
372 43 92 0
373 15 53 0
374 62649 62684 0
375 62645 62681 0
376 62602 62694 0
377 7930 7956 0
378 52 68 0
379 46 67 0
380 24 81 0
381 15 67 0
382 40 92 0
383 62638 62683 0
384 62601 62675 0
385 7922 7938 0
386 62658 62691 0
387 62616 62652 0
388 62637 62675 0
389 62601 62668 0
390 15 31 0
391 3 84 0
392 62608 62685 0
393 125121 125199 0
394 31 56 0
395 125116 125195 0
396 125118 125188 0
397 12 65 0
398 7958 7998 0
399 7962 8005 0
--------------
1000000 :c
1003424 :sum(p)
999999 :sum(w)
