400 :n
id p,w,x
--------------
0 15824 15775 1
1 15814 15733 1
2 15816 15729 1
3 61 7 1
4 90 11 1
5 65 18 1
6 95 64 1
7 15798 15742 1
8 68 1 1
9 95 41 1
10 97 37 1
11 78 48 1
12 15817 15754 1
13 92 22 1
14 66 25 1
15 90 39 1
16 98 12 1
17 7977 7913 1
18 8008 7938 1
19 67 7 1
20 98 68 1
21 55 23 1
22 8012 7967 1
23 2142 2087 1
24 7993 7915 1
25 7971 7913 1
26 7992 7938 1
27 7999 7942 1
28 7994 7917 1
29 8008 7959 1
30 7974 7913 1
31 2090 2058 1
32 2147 2087 1
33 7978 7936 1
34 2151 2094 1
35 2147 2078 1
36 4051 4010 1
37 4085 4047 1
38 4103 4050 1
39 4072 4037 1
40 4091 4039 1
41 4070 4019 1
42 4082 4037 1
43 4050 4011 1
44 49 28 1
45 74 59 1
46 43 36 1
47 79 72 1
48 33 32 1
49 2096 2066 1
50 2148 2121 1
51 2116 2090 1
52 2127 2106 1
53 2094 2075 1
54 2140 2121 1
55 4064 4035 1
56 2088 2075 1
57 4072 4047 1
58 4053 4032 1
59 4028 4008 1
60 4047 4027 1
61 2130 2120 1
62 4084 4066 1
63 7961 7926 1
64 2121 2112 1
65 4105 4088 1
66 7982 7951 1
67 8008 7978 1
68 7986 7957 1
69 7995 7970 1
70 7986 7962 1
71 4043 4031 1
72 7936 7914 1
73 15803 15761 1
74 31443 31360 1
75 31440 31359 1
76 7977 7957 1
77 31436 31358 1
78 15780 15742 1
79 2150 2145 1
80 4041 4032 1
81 15765 15730 1
82 15824 15790 1
83 15765 15734 1
84 31445 31385 1
85 15759 15729 1
86 8004 7991 1
87 31442 31394 1
88 7934 7922 1
89 4030 4024 1
90 31402 31359 1
91 8010 8000 1
92 62679 62601 1
93 31449 31410 1
94 31414 31376 1
95 74 48 1
96 31409 31375 1
97 62678 62612 1
98 31448 31413 1
99 62678 62602 1
100 31440 31407 0
101 62697 62633 0
102 7975 7967 1
103 31450 31433 0
104 31413 31384 1
105 31427 31397 0
106 8004 8001 0
107 15808 15819 0
108 62675 62622 0
109 62700 62647 0
110 62662 62610 0
111 15813 15800 0
112 4098 4097 0
113 62666 62615 0
114 31395 31370 0
115 31403 31378 0
116 31446 31421 0
117 62700 62655 0
118 62662 62618 0
119 62652 62614 0
120 31381 31363 0
121 15743 15734 0
122 125186 125115 0
123 62641 62608 0
124 62669 62637 0
125 125163 125100 0
126 62655 62626 0
127 31442 31428 0
128 125187 125132 0
129 62630 62605 0
130 125151 125107 0
131 62624 62602 0
132 31380 31369 0
133 250193 250109 0
134 250197 250113 0
135 250188 250107 0
136 125174 125134 0
137 125177 125137 0
138 125138 125100 0
139 62661 62642 0
140 250186 250114 0
141 62678 62660 0
142 250165 250102 0
143 125129 125101 0
144 125176 125152 0
145 62689 62677 0
146 31426 31422 0
147 15806 15804 0
148 2065 2065 1
149 7934 7934 0
150 16 16 0
151 2099 2099 1
152 2109 2110 1
153 2122 2129 0
154 35 40 0
155 12 19 0
156 62613 62602 0
157 500179 500186 0
158 500147 500126 0
159 500164 500162 0
160 500183 500173 0
161 250196 250197 0
162 250149 250145 0
163 250158 250132 0
164 250190 250170 0
165 500153 500128 0
166 500188 500108 0
167 125192 125184 0
168 125128 125122 0
169 125132 125121 0
170 500189 500145 0
171 500153 500125 0
172 500175 500160 0
173 500194 500164 0
174 500123 500119 0
175 250185 250185 0
176 500200 500192 0
177 500175 500116 0
178 125136 125117 0
179 500165 500132 0
180 125159 125145 0
181 62690 62683 0
182 125166 125147 0
183 31399 31398 0
184 250121 250123 0
185 250123 250119 0
186 500162 500111 0
187 500164 500110 0
188 250164 250137 0
189 500200 500115 0
190 125150 125135 0
191 500196 500122 0
192 125150 125132 0
193 125108 125108 0
194 250169 250151 0
195 62683 62684 0
196 500171 500176 0
197 500169 500153 0
198 250163 250164 0
199 250190 250189 0
200 250133 250107 0
201 500136 500146 0
202 250136 250127 0
203 500174 500147 0
204 250117 250102 0
205 125120 125118 0
206 500198 500157 0
207 500158 500157 0
208 250178 250149 0
209 250128 250108 0
210 250192 250187 0
211 250161 250125 0
212 250192 250166 0
213 250161 250117 0
214 250131 250101 0
215 250185 250155 0
216 250188 250148 0
217 62674 62675 0
218 500130 500137 0
219 15726 15813 0
220 15752 15794 0
221 15755 15822 0
222 15729 15815 0
223 15758 15765 0
224 15766 15815 0
225 250143 250182 0
226 15734 15789 0
227 15755 15756 0
228 15754 15764 0
229 15728 15820 0
230 15732 15796 0
231 15744 15779 0
232 15744 15765 0
233 15761 15796 0
234 15742 15790 0
235 15808 15821 0
236 15764 15798 0
237 250164 250174 0
238 15728 15773 0
239 7973 8000 0
240 15739 15812 0
241 7927 7998 0
242 7925 7960 0
243 7921 7992 0
244 31386 31387 0
245 31399 31409 0
246 31398 31433 0
247 31353 31385 0
248 31374 31384 0
249 7927 7962 0
250 250121 250174 0
251 7951 7974 0
252 31370 31420 0
253 250140 250154 0
254 31393 31444 0
255 7928 7944 0
256 7977 8010 0
257 250167 250192 0
258 7916 7942 0
259 31370 31438 0
260 250142 250179 0
261 31387 31411 0
262 31374 31430 0
263 7943 7977 0
264 7939 7991 0
265 31371 31447 0
266 31353 31389 0
267 31387 31415 0
268 250158 250177 0
269 31397 31398 0
270 31359 31437 0
271 31389 31391 0
272 7915 7963 0
273 31361 31406 0
274 7920 7927 0
275 31361 31378 0
276 7977 7985 0
277 62637 62657 0
278 7933 7941 0
279 62612 62650 0
280 250114 250195 0
281 4013 4066 0
282 4019 4036 0
283 62612 62649 0
284 4015 4044 0
285 250109 250185 0
286 4064 4075 0
287 62632 62641 0
288 4021 4040 0
289 4017 4056 0
290 4043 4052 0
291 4028 4072 0
292 250113 250154 0
293 4053 4103 0
294 250130 250168 0
295 4027 4099 0
296 62623 62675 0
297 62602 62668 0
298 4047 4059 0
299 62627 62653 0
300 4011 4065 0
301 62614 62688 0
302 250129 250157 0
303 500119 500145 0
304 4024 4061 0
305 500136 500168 0
306 4077 4091 0
307 4029 4051 0
308 4085 4105 0
309 62609 62684 0
310 4010 4040 0
311 62622 62635 0
312 62677 62679 0
313 4077 4091 0
314 4044 4088 0
315 4067 4091 0
316 4037 4073 0
317 62656 62700 0
318 500115 500191 0
319 62656 62673 0
320 500109 500136 0
321 62611 62615 0
322 2054 2150 0
323 2067 2077 0
324 2056 2086 0
325 15795 15822 0
326 2066 2092 0
327 62636 62648 0
328 2105 2124 0
329 62644 62661 0
330 2071 2107 0
331 2066 2123 0
332 2096 2141 0
333 62682 62684 0
334 500140 500180 0
335 15810 15817 0
336 125161 125189 0
337 125124 125159 0
338 125105 125121 0
339 2066 2131 0
340 2120 2152 0
341 2071 2135 0
342 125105 125163 0
343 2088 2119 0
344 125100 125168 0
345 2106 2137 0
346 2072 2115 0
347 2058 2100 0
348 125107 125171 0
349 125132 125169 0
350 2079 2094 0
351 125166 125173 0
352 2075 2139 0
353 2074 2137 0
354 500137 500150 0
355 2055 2107 0
356 2071 2083 0
357 2122 2144 0
358 125132 125165 0
359 79 91 0
360 500186 500200 0
361 49 74 0
362 65 84 0
363 15 49 0
364 125183 125191 0
365 19 58 0
366 77 93 0
367 125101 125125 0
368 22 34 0
369 500160 500182 0
370 77 89 0
371 24 57 0
372 25 81 0
373 500123 500136 0
374 125150 125163 0
375 125145 125182 0
376 125169 125178 0
377 125134 125180 0
378 500139 500165 0
379 15733 15779 0
380 125132 125163 0
381 500122 500141 0
382 500113 500156 0
383 13 38 0
384 125103 125183 0
385 125163 125190 0
386 7 61 0
387 125109 125170 0
388 19 51 0
389 500103 500147 0
390 500130 500142 0
391 500156 500169 0
392 125105 125116 0
393 125169 125188 0
394 61 95 0
395 15728 15770 0
396 48 73 0
397 39 84 0
398 15782 15787 0
399 15777 15797 0
--------------
1000000 :c
1004099 :sum(p)
1000000 :sum(w)
