400 :n
id p,w,x
--------------
0 79 15 1
1 62 17 1
2 70 28 1
3 52 21 1
4 35 17 1
5 48 27 1
6 68 39 1
7 48 29 1
8 47 29 1
9 88 57 1
10 84 56 1
11 74 50 1
12 58 44 1
13 31 26 1
14 94 79 1
15 78 66 1
16 78 75 1
17 2146 2065 1
18 2149 2075 1
19 2131 2065 1
20 2150 2084 1
21 2143 2081 1
22 2153 2094 1
23 2110 2058 1
24 2117 2068 1
25 2143 2094 1
26 4101 4017 1
27 2105 2063 1
28 4101 4023 1
29 2138 2099 1
30 4080 4009 1
31 59 58 1
32 2089 2054 1
33 2105 2070 1
34 4073 4010 1
35 4072 4010 1
36 4085 4024 1
37 4072 4013 1
38 2087 2057 1
39 2084 2058 1
40 4067 4020 1
41 4058 4015 1
42 8008 7930 1
43 2087 2067 1
44 4084 4045 1
45 8010 7936 1
46 4079 4043 1
47 2073 2055 1
48 4082 4048 1
49 4062 4031 1
50 2135 2119 1
51 4037 4007 1
52 8004 7946 1
53 4073 4044 1
54 2147 2132 1
55 4096 4069 1
56 7984 7932 1
57 8006 7954 1
58 4096 4070 1
59 2137 2124 1
60 2141 2128 1
61 2120 2108 1
62 4094 4071 1
63 4095 4073 1
64 4028 4007 1
65 15817 15736 1
66 7965 7928 1
67 2101 2092 1
68 15812 15745 1
69 7971 7938 1
70 7983 7950 1
71 15814 15756 1
72 7954 7926 1
73 15800 15745 1
74 7958 7931 1
75 2153 2146 1
76 15783 15732 1
77 15808 15757 1
78 4099 4087 1
79 7957 7934 1
80 15797 15757 1
81 4067 4057 1
82 4045 4036 0
83 15767 15733 1
84 15762 15735 1
85 31403 31355 1
86 15754 15730 1
87 62696 62603 1
88 4054 4048 0
89 4103 4097 1
90 31399 31355 1
91 15766 15745 1
92 62697 62615 1
93 31442 31403 1
94 15794 15775 1
95 15781 15763 1
96 62698 62627 1
97 31447 31413 1
98 31401 31371 1
99 2102 2100 0
100 62673 62615 1
101 31390 31361 1
102 15754 15741 1
103 75 52 1
104 62664 62610 1
105 15762 15743 1
106 62697 62650 0
107 31421 31398 1
108 31448 31446 0
109 15815 15810 0
110 84 96 0
111 31373 31351 0
112 31438 31418 0
113 62665 62626 0
114 31392 31374 0
115 15766 15757 0
116 15794 15785 0
117 7951 7950 0
118 15796 15787 0
119 31417 31400 0
120 4040 4038 0
121 62649 62619 0
122 31384 31369 0
123 2116 2115 0
124 15785 15779 0
125 62665 62642 0
126 31407 31397 0
127 31413 31404 0
128 31411 31403 0
129 31413 31405 0
130 4031 4030 0
131 31396 31390 0
132 31356 31351 0
133 31373 31368 0
134 31402 31397 0
135 31373 31369 0
136 31385 31383 0
137 31424 31422 0
138 15809 15808 0
139 4103 4103 0
140 7995 7996 0
141 7950 7951 0
142 7916 7919 0
143 7949 7955 0
144 7913 7919 0
145 4052 4057 0
146 4023 4029 0
147 2114 2119 0
148 4084 4094 0
149 2120 2128 0
150 2118 2128 0
151 2092 2102 0
152 2080 2090 0
153 42 45 1
154 71 81 0
155 62668 62660 0
156 125137 125107 0
157 250196 250174 0
158 250183 250162 0
159 250186 250114 0
160 250153 250101 0
161 500192 500107 0
162 62652 62644 0
163 500172 500126 0
164 125160 125118 0
165 500191 500141 0
166 500192 500131 0
167 500172 500142 0
168 125184 125126 0
169 125161 125122 0
170 62651 62629 0
171 62611 62601 0
172 500170 500131 0
173 125165 125155 0
174 125188 125168 0
175 500189 500149 0
176 125195 125177 0
177 500140 500109 0
178 125185 125131 0
179 500133 500103 0
180 62687 62683 0
181 500181 500151 0
182 125173 125127 0
183 500142 500101 0
184 500130 500101 0
185 125173 125156 0
186 62677 62666 0
187 125161 125114 0
188 62656 62636 0
189 62677 62663 0
190 62696 62681 0
191 125138 125124 0
192 125159 125122 0
193 125127 125113 0
194 250160 250116 0
195 250151 250132 0
196 250162 250144 0
197 250141 250123 0
198 31369 31445 0
199 31363 31389 0
200 15779 15801 0
201 15746 15768 0
202 500194 500168 0
203 31374 31374 0
204 15752 15764 0
205 15796 15812 0
206 62605 62621 0
207 62611 62626 0
208 62679 62683 0
209 15757 15786 0
210 62620 62672 0
211 62602 62652 0
212 62647 62700 0
213 62662 62699 0
214 15731 15737 0
215 62604 62657 0
216 62649 62667 0
217 62604 62653 0
218 15787 15822 0
219 15787 15820 0
220 62618 62634 0
221 62628 62647 0
222 62670 62694 0
223 62640 62696 0
224 62605 62688 0
225 62613 62665 0
226 62622 62694 0
227 62648 62700 0
228 62678 62699 0
229 62658 62684 0
230 62666 62675 0
231 125162 125158 0
232 125187 125182 0
233 125120 125156 0
234 125106 125146 0
235 125123 125181 0
236 125111 125191 0
237 15736 15746 0
238 125142 125173 0
239 31388 31421 0
240 31390 31427 0
241 125104 125130 0
242 125179 125173 0
243 125141 125144 0
244 31409 31409 0
245 7926 7938 0
246 31410 31438 0
247 125148 125171 0
248 125146 125192 0
249 125137 125137 0
250 125133 125157 0
251 125143 125156 0
252 125106 125163 0
253 125138 125158 0
254 125171 125196 0
255 125107 125190 0
256 125123 125119 0
257 125130 125188 0
258 125114 125171 0
259 125152 125166 0
260 125165 125166 0
261 125178 125190 0
262 31424 31436 0
263 7968 7976 0
264 125164 125178 0
265 250102 250103 0
266 250134 250166 0
267 7939 7957 0
268 250106 250112 0
269 250106 250152 0
270 7916 7930 0
271 250152 250200 0
272 250106 250107 0
273 250140 250137 0
274 250106 250167 0
275 250131 250173 0
276 250147 250166 0
277 250115 250158 0
278 250129 250155 0
279 250132 250193 0
280 250107 250151 0
281 250184 250178 0
282 250124 250135 0
283 250139 250157 0
284 250144 250167 0
285 31356 31410 0
286 250156 250153 0
287 250121 250118 0
288 250123 250140 0
289 250170 250188 0
290 250166 250160 0
291 250174 250192 0
292 250160 250190 0
293 31361 31435 0
294 250181 250191 0
295 250104 250128 0
296 500172 500189 0
297 500101 500177 0
298 500171 500157 0
299 500175 500162 0
300 500126 500131 0
301 500161 500182 0
302 500190 500196 0
303 500149 500137 0
304 500178 500194 0
305 500183 500180 0
306 500148 500164 0
307 500139 500183 0
308 31363 31386 0
309 500126 500123 0
310 500143 500136 0
311 500110 500163 0
312 500128 500118 0
313 500121 500174 0
314 500133 500186 0
315 500193 500197 0
316 31401 31419 0
317 500120 500199 0
318 500110 500164 0
319 500122 500146 0
320 500120 500110 0
321 500108 500107 0
322 31423 31427 0
323 500132 500177 0
324 500165 500183 0
325 500152 500163 0
326 31386 31401 0
327 31424 31447 0
328 31364 31418 0
329 250153 250109 0
330 62647 62630 0
331 250196 250174 0
332 250135 250115 0
333 250192 250165 0
334 250173 250114 0
335 4032 4074 0
336 2066 2087 0
337 4027 4062 0
338 4027 4069 0
339 4060 4096 0
340 4034 4083 0
341 4021 4092 0
342 4043 4061 0
343 7952 8000 0
344 7939 7979 0
345 7916 8010 0
346 7954 8003 0
347 2118 2149 0
348 2088 2144 0
349 4025 4084 0
350 4046 4072 0
351 7956 7982 0
352 2109 2133 0
353 7950 7986 0
354 7919 7992 0
355 2117 2130 0
356 7915 8001 0
357 7980 8003 0
358 7960 7992 0
359 30 87 0
360 24 43 0
361 14 87 0
362 2110 2146 0
363 7980 8011 0
364 7943 7995 0
365 7923 8012 0
366 41 70 0
367 22 62 0
368 38 67 0
369 20 88 0
370 50 99 0
371 7947 7980 0
372 9 70 0
373 7915 8012 0
374 7920 7987 0
375 54 83 0
376 7943 8012 0
377 7915 7964 0
378 14 90 0
379 48 65 0
380 27 42 0
381 7923 7953 0
382 15733 15811 0
383 40 70 0
384 12 97 0
385 15732 15807 0
386 15731 15790 0
387 15726 15800 0
388 15747 15798 0
389 53 68 0
390 15739 15819 0
391 27 52 0
392 2103 2129 0
393 15741 15818 0
394 15782 15824 0
395 37 70 0
396 15727 15771 0
397 15780 15821 0
398 2073 2110 0
399 2076 2142 0
--------------
1000000 :c
1003920 :sum(p)
1000000 :sum(w)
