400 :n
id p,w,x
--------------
0 7960 7933 1
1 7997 7961 1
2 45 20 1
3 29 12 1
4 24 11 1
5 62 3 1
6 7992 7930 1
7 7964 7933 1
8 93 61 1
9 8002 7926 1
10 4091 4028 1
11 87 15 1
12 4047 4012 1
13 81 62 1
14 4101 4013 1
15 78 7 1
16 45 29 1
17 98 38 1
18 64 8 1
19 74 16 1
20 2122 2088 1
21 2118 2074 1
22 2130 2073 1
23 2130 2076 1
24 2099 2057 1
25 2144 2102 1
26 15817 15757 1
27 2131 2066 1
28 4063 4032 1
29 2137 2086 1
30 4074 4019 1
31 4099 4075 1
32 2107 2089 1
33 7986 7941 1
34 2139 2114 1
35 4091 4029 1
36 2144 2099 1
37 7946 7921 1
38 4095 4049 1
39 4094 4074 1
40 4078 4025 1
41 4090 4058 1
42 4092 4019 1
43 15825 15747 1
44 4106 4050 1
45 4087 4065 1
46 15786 15729 1
47 8010 7941 1
48 4075 4056 1
49 4098 4022 1
50 4028 4007 1
51 20 12 1
52 47 35 1
53 61 50 1
54 37 32 1
55 16 14 1
56 43 42 1
57 2143 2129 1
58 2093 2080 1
59 2091 2079 1
60 2109 2097 1
61 2073 2062 1
62 2065 2057 1
63 8010 7986 1
64 15780 15733 1
65 7984 7961 1
66 15792 15747 1
67 7939 7918 1
68 4046 4036 1
69 4105 4095 1
70 31438 31363 1
71 2113 2108 1
72 31447 31373 1
73 15800 15763 1
74 15816 15779 1
75 31438 31365 1
76 4082 4073 1
77 7959 7942 1
78 7983 7966 1
79 15768 15735 1
80 15791 15758 1
81 7961 7945 1
82 31428 31366 1
83 31434 31377 1
84 7967 7953 1
85 15818 15792 1
86 7982 7969 1
87 4046 4040 0
88 62695 62603 1
89 31414 31368 1
90 62694 62604 1
91 15768 15746 1
92 31428 31387 1
93 31394 31360 1
94 62694 62630 1
95 15761 15745 1
96 15791 15775 1
97 71 69 1
98 62672 62607 0
99 15790 15774 1
100 62671 62609 0
101 31434 31403 1
102 31449 31420 0
103 15808 15793 1
104 500168 500161 0
105 62665 62604 0
106 31417 31387 0
107 15746 15731 1
108 62692 62639 0
109 7987 7997 0
110 15767 15754 0
111 15788 15775 1
112 31417 31392 0
113 31428 31403 0
114 7977 7971 1
115 62652 62609 0
116 31425 31404 0
117 7921 7916 1
118 62660 62626 0
119 31397 31380 0
120 31441 31426 0
121 15746 15740 0
122 31402 31393 0
123 15749 15745 0
124 7967 7967 0
125 7913 7914 0
126 2122 2123 0
127 2148 2151 0
128 4072 4079 0
129 2099 2103 0
130 77 82 0
131 84 93 0
132 56 66 0
133 23 31 0
134 125182 125103 0
135 62632 62612 0
136 62646 62626 0
137 62692 62676 0
138 62661 62643 0
139 250178 250107 0
140 250198 250101 0
141 125199 125142 0
142 125151 125101 0
143 125189 125132 0
144 125187 125122 0
145 62669 62640 0
146 125184 125138 0
147 125182 125136 0
148 250195 250113 0
149 62677 62657 0
150 62650 62630 0
151 125196 125157 0
152 62669 62646 0
153 125142 125104 0
154 125199 125162 0
155 62653 62694 0
156 62644 62631 0
157 62608 62639 0
158 62641 62654 0
159 31414 31441 0
160 62611 62615 0
161 31384 31410 0
162 62605 62644 0
163 31408 31443 0
164 62664 62657 0
165 62622 62623 0
166 62650 62682 0
167 62645 62654 0
168 31378 31392 0
169 31351 31444 0
170 125147 125198 0
171 125192 125161 0
172 31408 31418 0
173 31399 31409 0
174 31416 31411 0
175 31383 31380 0
176 125146 125182 0
177 125169 125186 0
178 31374 31403 0
179 31365 31410 0
180 31428 31446 0
181 125110 125192 0
182 125116 125102 0
183 125109 125144 0
184 125131 125111 0
185 125123 125102 0
186 31385 31444 0
187 125111 125155 0
188 31425 31437 0
189 31352 31421 0
190 31372 31438 0
191 31359 31353 0
192 125108 125190 0
193 31425 31418 0
194 31366 31423 0
195 31402 31413 0
196 31352 31352 0
197 31430 31441 0
198 31388 31391 0
199 125166 125175 0
200 125164 125136 0
201 15730 15810 0
202 125139 125130 0
203 15775 15781 0
204 125165 125172 0
205 125173 125197 0
206 15757 15772 0
207 15743 15751 0
208 15775 15803 0
209 125137 125177 0
210 15751 15779 0
211 15752 15819 0
212 15760 15772 0
213 125180 125181 0
214 125131 125175 0
215 125103 125196 0
216 125130 125109 0
217 15736 15743 0
218 125104 125132 0
219 15762 15810 0
220 15758 15820 0
221 15728 15806 0
222 15730 15737 0
223 15758 15758 0
224 125112 125147 0
225 15736 15819 0
226 125135 125122 0
227 15739 15788 0
228 125129 125181 0
229 125145 125164 0
230 15735 15825 0
231 125144 125118 0
232 125119 125162 0
233 15788 15818 0
234 15768 15785 0
235 125121 125104 0
236 125165 125196 0
237 15808 15810 0
238 250128 250196 0
239 7926 7947 0
240 7922 7932 0
241 7915 7926 0
242 7924 7934 0
243 250139 250135 0
244 250166 250184 0
245 62658 62654 0
246 7935 7994 0
247 250159 250107 0
248 7955 7998 0
249 62653 62639 0
250 250152 250192 0
251 250134 250142 0
252 250126 250122 0
253 7945 7982 0
254 250128 250123 0
255 7971 7982 0
256 7931 7991 0
257 250101 250140 0
258 250182 250197 0
259 250162 250181 0
260 7930 7939 0
261 7915 7978 0
262 250194 250138 0
263 250157 250195 0
264 7915 7925 0
265 7952 7957 0
266 250158 250200 0
267 250168 250190 0
268 7947 7961 0
269 7925 7980 0
270 7925 7956 0
271 250142 250161 0
272 7916 7956 0
273 250103 250141 0
274 7951 7973 0
275 250138 250117 0
276 250124 250112 0
277 62631 62677 0
278 7919 7983 0
279 4030 4062 0
280 250197 250146 0
281 4069 4101 0
282 250176 250146 0
283 250130 250151 0
284 250182 250173 0
285 250118 250160 0
286 4072 4081 0
287 250166 250108 0
288 250147 250118 0
289 62660 62688 0
290 250106 250152 0
291 250164 250170 0
292 4018 4086 0
293 4015 4045 0
294 4026 4074 0
295 250167 250184 0
296 250115 250137 0
297 4008 4043 0
298 4066 4078 0
299 250114 250118 0
300 4030 4062 0
301 4089 4103 0
302 4087 4096 0
303 250108 250167 0
304 4044 4083 0
305 250177 250137 0
306 250143 250139 0
307 4014 4054 0
308 4016 4084 0
309 4065 4102 0
310 4089 4106 0
311 250164 250146 0
312 4017 4031 0
313 250187 250162 0
314 250183 250129 0
315 500175 500114 0
316 500142 500199 0
317 500157 500127 0
318 4009 4067 0
319 62602 62669 0
320 2072 2148 0
321 2100 2114 0
322 2066 2123 0
323 2054 2093 0
324 500127 500124 0
325 2068 2083 0
326 500169 500113 0
327 500191 500196 0
328 500116 500171 0
329 2093 2118 0
330 2096 2130 0
331 500166 500125 0
332 2054 2081 0
333 62603 62657 0
334 500142 500145 0
335 2089 2153 0
336 500197 500184 0
337 500181 500113 0
338 500174 500176 0
339 62614 62673 0
340 2060 2128 0
341 500152 500174 0
342 500114 500197 0
343 500106 500122 0
344 500149 500139 0
345 2055 2106 0
346 2087 2139 0
347 500142 500142 0
348 500147 500156 0
349 2110 2153 0
350 2135 2147 0
351 2084 2148 0
352 2075 2101 0
353 500190 500190 0
354 2084 2120 0
355 500174 500185 0
356 2060 2152 0
357 500191 500122 0
358 2058 2134 0
359 500176 500197 0
360 500140 500134 0
361 8 53 0
362 500102 500115 0
363 500148 500134 0
364 500127 500152 0
365 47 89 0
366 66 94 0
367 500126 500111 0
368 500117 500122 0
369 62606 62603 0
370 26 84 0
371 62648 62680 0
372 500196 500104 0
373 500120 500121 0
374 55 69 0
375 37 87 0
376 500183 500129 0
377 500169 500196 0
378 500177 500185 0
379 500116 500127 0
380 62626 62678 0
381 4 76 0
382 24 77 0
383 61 78 0
384 500147 500136 0
385 4 98 0
386 66 81 0
387 500176 500180 0
388 13 75 0
389 23 50 0
390 33 71 0
391 7 26 0
392 500191 500107 0
393 18 89 0
394 500183 500162 0
395 62654 62682 0
396 500182 500146 0
397 2 62 0
398 62632 62673 0
399 62663 62686 0
--------------
1000000 :c
1003728 :sum(p)
1000000 :sum(w)
