400 :n
id p,w,x
--------------
0 49 1 1
1 63 3 1
2 27 2 1
3 96 9 1
4 80 8 1
5 73 9 1
6 95 13 1
7 85 12 1
8 42 7 1
9 99 34 1
10 49 17 1
11 70 25 1
12 13 5 1
13 82 35 1
14 84 38 1
15 36 19 1
16 58 37 1
17 58 38 1
18 64 44 1
19 56 46 1
20 95 85 1
21 78 71 1
22 2145 2061 1
23 2153 2075 1
24 2127 2054 1
25 2131 2078 1
26 2135 2082 1
27 2144 2091 1
28 84 82 1
29 4103 4010 1
30 2145 2097 1
31 2104 2057 1
32 2148 2101 1
33 2108 2067 1
34 4076 4007 1
35 4070 4011 1
36 4077 4026 1
37 4070 4024 1
38 2118 2095 1
39 4061 4018 1
40 2092 2071 1
41 2092 2071 1
42 8005 7925 1
43 7993 7915 1
44 4092 4054 1
45 7993 7921 1
46 7993 7921 1
47 2122 2103 1
48 7985 7914 1
49 4087 4051 1
50 4049 4016 1
51 2138 2121 1
52 4046 4014 1
53 2084 2068 1
54 7982 7921 1
55 4050 4020 1
56 4069 4040 1
57 4050 4022 1
58 7980 7925 1
59 8000 7945 1
60 8007 7957 1
61 4074 4050 1
62 7992 7946 1
63 2114 2103 1
64 2130 2119 1
65 4077 4057 1
66 4100 4082 1
67 2132 2123 1
68 15819 15755 1
69 4073 4057 1
70 7971 7941 1
71 4053 4038 1
72 7993 7965 1
73 4052 4038 1
74 15815 15761 1
75 7975 7948 1
76 7953 7928 1
77 7958 7934 1
78 8003 7979 1
79 15800 15754 1
80 31442 31351 1
81 4050 4039 1
82 15784 15743 1
83 31431 31356 1
84 15795 15758 1
85 15794 15758 1
86 2134 2130 0
87 31433 31378 1
88 4030 4023 1
89 31433 31379 1
90 15812 15785 1
91 31434 31382 1
92 15778 15752 1
93 31432 31385 1
94 4031 4025 1
95 62695 62602 1
96 2122 2119 1
97 62691 62603 1
98 31397 31353 1
99 15821 15800 1
100 4089 4084 1
101 62687 62615 1
102 62677 62607 1
103 15814 15798 0
104 4091 4087 1
105 62678 62618 1
106 15813 15778 1
107 15777 15756 1
108 7928 7918 1
109 15796 15781 0
110 62658 62601 0
111 7987 7992 0
112 67 90 0
113 11 71 0
114 15742 15728 1
115 31406 31379 0
116 15810 15797 0
117 31428 31404 0
118 62656 62610 0
119 31409 31387 0
120 2141 2143 0
121 31416 31394 0
122 62643 62605 0
123 62649 62611 0
124 31373 31355 0
125 31397 31379 0
126 31442 31424 0
127 125189 125123 0
128 62679 62646 0
129 62652 62622 0
130 2110 2109 0
131 15812 15805 0
132 125170 125115 0
133 31401 31388 0
134 7951 7948 0
135 62688 62665 0
136 31396 31385 0
137 125182 125139 0
138 250192 250109 0
139 62660 62640 0
140 31415 31405 0
141 125144 125105 0
142 125186 125149 0
143 125187 125151 0
144 4052 4051 1
145 2067 2068 0
146 11 12 0
147 125129 125117 0
148 125165 125158 0
149 125135 125117 0
150 125187 125169 0
151 125118 125111 0
152 125182 125147 0
153 62675 62658 0
154 125158 125148 0
155 250118 250111 0
156 250152 250125 0
157 250165 250123 0
158 250187 250142 0
159 250164 250131 0
160 250181 250160 0
161 250149 250107 0
162 15794 15790 0
163 250185 250136 0
164 31371 31369 0
165 250159 250119 0
166 31380 31371 0
167 250191 250123 0
168 250189 250184 0
169 250180 250135 0
170 250144 250132 0
171 250197 250188 0
172 250153 250106 0
173 250146 250103 0
174 250190 250180 0
175 250193 250187 0
176 500110 500101 0
177 500166 500155 0
178 15797 15796 0
179 500168 500144 0
180 500198 500186 0
181 31434 31431 0
182 500197 500168 0
183 500169 500136 0
184 500124 500106 0
185 500163 500116 0
186 500146 500132 0
187 500157 500150 0
188 500117 500103 0
189 500168 500141 0
190 500125 500115 0
191 500196 500184 0
192 31433 31427 0
193 500112 500110 0
194 500178 500150 0
195 31376 31373 0
196 125179 125164 0
197 62639 62638 0
198 125137 125105 0
199 125134 125127 0
200 125183 125163 0
201 125175 125167 0
202 125174 125166 0
203 31362 31353 0
204 15763 15799 0
205 31356 31426 0
206 31356 31433 0
207 31364 31408 0
208 15729 15780 0
209 31359 31415 0
210 15821 15825 0
211 15737 15748 0
212 15795 15795 0
213 15764 15810 0
214 15749 15804 0
215 15794 15821 0
216 15759 15773 0
217 15726 15812 0
218 31353 31444 0
219 31370 31371 0
220 15765 15788 0
221 15812 15825 0
222 15737 15796 0
223 31363 31447 0
224 15781 15791 0
225 15761 15787 0
226 31360 31399 0
227 31400 31431 0
228 31441 31447 0
229 31427 31432 0
230 15759 15820 0
231 15745 15748 0
232 62677 62686 0
233 62609 62642 0
234 62653 62697 0
235 15784 15821 0
236 15743 15817 0
237 15738 15818 0
238 15764 15806 0
239 62603 62607 0
240 62646 62686 0
241 62685 62686 0
242 7932 7983 0
243 7970 7971 0
244 62618 62697 0
245 62620 62642 0
246 7956 8008 0
247 62622 62685 0
248 62675 62700 0
249 7942 7945 0
250 7921 7926 0
251 7947 7959 0
252 7914 7933 0
253 7943 7964 0
254 7961 8005 0
255 62631 62639 0
256 62612 62614 0
257 62667 62696 0
258 7943 7943 0
259 31398 31418 0
260 62650 62669 0
261 7921 8003 0
262 62664 62671 0
263 7917 7985 0
264 62609 62651 0
265 62611 62648 0
266 7962 7976 0
267 62638 62643 0
268 7936 7982 0
269 7956 7985 0
270 7963 7969 0
271 7930 8005 0
272 62616 62676 0
273 7974 8005 0
274 7979 7985 0
275 7951 7969 0
276 7985 8006 0
277 62651 62653 0
278 62647 62678 0
279 4039 4073 0
280 62668 62678 0
281 62607 62665 0
282 62641 62700 0
283 62625 62686 0
284 125137 125169 0
285 4012 4048 0
286 125161 125172 0
287 125132 125135 0
288 125116 125119 0
289 4095 4100 0
290 4010 4019 0
291 125138 125164 0
292 125150 125170 0
293 125102 125190 0
294 125124 125195 0
295 4007 4048 0
296 4040 4104 0
297 125120 125131 0
298 4084 4103 0
299 125136 125190 0
300 4053 4080 0
301 125132 125135 0
302 125175 125178 0
303 125185 125186 0
304 125161 125180 0
305 4014 4023 0
306 125116 125165 0
307 4041 4067 0
308 4027 4043 0
309 4061 4067 0
310 125106 125190 0
311 4060 4071 0
312 125136 125187 0
313 125117 125153 0
314 125169 125185 0
315 4072 4095 0
316 4021 4048 0
317 125189 125189 0
318 125147 125194 0
319 2100 2122 0
320 250148 250182 0
321 2098 2153 0
322 250103 250195 0
323 2054 2153 0
324 2058 2109 0
325 250123 250132 0
326 250147 250166 0
327 2094 2117 0
328 2127 2145 0
329 250129 250177 0
330 2091 2102 0
331 250156 250194 0
332 2063 2078 0
333 2086 2144 0
334 250122 250150 0
335 2054 2076 0
336 250141 250174 0
337 250119 250126 0
338 250140 250168 0
339 2094 2098 0
340 15809 15821 0
341 250123 250149 0
342 250163 250190 0
343 250134 250190 0
344 2118 2127 0
345 250123 250192 0
346 250162 250185 0
347 31362 31376 0
348 250143 250161 0
349 2081 2141 0
350 250123 250172 0
351 250102 250122 0
352 250133 250182 0
353 250188 250190 0
354 2073 2116 0
355 2095 2152 0
356 250103 250179 0
357 500120 500198 0
358 2108 2138 0
359 25 78 0
360 31392 31434 0
361 500128 500147 0
362 500129 500174 0
363 15 61 0
364 500116 500164 0
365 500141 500179 0
366 500122 500159 0
367 500115 500176 0
368 500158 500157 0
369 500129 500191 0
370 11 72 0
371 500137 500140 0
372 500103 500174 0
373 500124 500180 0
374 500109 500158 0
375 500128 500146 0
376 1 99 0
377 500129 500138 0
378 500115 500181 0
379 500134 500135 0
380 500141 500185 0
381 500104 500189 0
382 31415 31415 0
383 6 95 0
384 9 34 0
385 11 95 0
386 500169 500189 0
387 44 74 0
388 39 58 0
389 54 86 0
390 500166 500171 0
391 500112 500191 0
392 4 24 0
393 29 74 0
394 500141 500174 0
395 58 64 0
396 13 35 0
397 500102 500132 0
398 31383 31396 0
399 31371 31438 0
--------------
1000000 :c
1004383 :sum(p)
1000000 :sum(w)
