400 :n
id p,w,x
--------------
0 68 2 1
1 88 5 1
2 86 7 1
3 92 14 1
4 76 13 1
5 56 17 1
6 88 30 1
7 40 16 1
8 16 8 1
9 67 34 1
10 82 44 1
11 88 52 1
12 47 40 1
13 2139 2063 1
14 2123 2054 1
15 2132 2071 1
16 2135 2074 1
17 2112 2054 1
18 2152 2094 1
19 4105 4020 1
20 4083 4009 1
21 4090 4018 1
22 4079 4017 1
23 4084 4022 1
24 2101 2070 1
25 2112 2083 1
26 4083 4030 1
27 4102 4052 1
28 2104 2079 1
29 4057 4010 1
30 2129 2105 1
31 4081 4035 1
32 2134 2112 1
33 7997 7916 1
34 4058 4017 1
35 4092 4051 1
36 4046 4008 1
37 7992 7918 1
38 4062 4025 1
39 2113 2094 1
40 2124 2105 1
41 7987 7917 1
42 4085 4052 1
43 4060 4031 1
44 4063 4034 1
45 4062 4034 1
46 7992 7942 1
47 2079 2066 1
48 7977 7928 1
49 7978 7929 1
50 15819 15726 1
51 8012 7966 1
52 4084 4061 1
53 4060 4039 1
54 8004 7963 1
55 2127 2117 1
56 2083 2074 1
57 2108 2099 1
58 7984 7950 1
59 15793 15727 1
60 4072 4056 1
61 8011 7980 1
62 15806 15746 1
63 2151 2143 1
64 8009 7981 1
65 15790 15736 1
66 7943 7916 1
67 2082 2075 1
68 15808 15756 1
69 15791 15741 1
70 7942 7917 1
71 15794 15745 1
72 15793 15746 1
73 7982 7959 1
74 15786 15743 1
75 4105 4094 1
76 7977 7956 1
77 7977 7957 1
78 7995 7977 1
79 15764 15729 1
80 31441 31377 1
81 2070 2066 1
82 31435 31379 1
83 15795 15767 1
84 7965 7951 1
85 15805 15778 1
86 15807 15781 1
87 31412 31361 1
88 31424 31374 1
89 15755 15732 1
90 2076 2073 1
91 31425 31380 1
92 31426 31381 1
93 7948 7938 0
94 62680 62609 1
95 15807 15791 0
96 31428 31397 1
97 4093 4089 1
98 62681 62624 1
99 2142 2068 1
100 62668 62609 1
101 31392 31357 1
102 2112 2110 0
103 62690 62635 1
104 31378 31351 0
105 31447 31432 0
106 31443 31440 0
107 8 62 0
108 31420 31394 0
109 62650 62602 0
110 62677 62629 0
111 15753 15741 0
112 4057 4054 0
113 15823 15824 0
114 125196 125106 0
115 15770 15759 0
116 62653 62612 0
117 62690 62649 0
118 62652 62612 0
119 62681 62641 0
120 62690 62650 0
121 31377 31357 0
122 125190 125113 0
123 62680 62650 0
124 15752 15746 0
125 7999 7996 0
126 7983 7981 0
127 15790 15787 0
128 15773 15771 0
129 51 51 1
130 4054 4056 0
131 4081 4088 0
132 4069 4077 0
133 4058 4066 0
134 2078 2083 0
135 2064 2073 0
136 2140 2150 0
137 62 63 1
138 81 88 0
139 86 94 0
140 18 25 0
141 17 25 0
142 15 23 0
143 250195 250147 0
144 125163 125139 0
145 62682 62681 0
146 500107 500104 0
147 500164 500178 0
148 500153 500115 0
149 500162 500129 0
150 500142 500152 0
151 500200 500187 0
152 500151 500130 0
153 500102 500118 0
154 62696 62699 0
155 62690 62679 0
156 500171 500125 0
157 500178 500109 0
158 500128 500137 0
159 31440 31439 0
160 500186 500184 0
161 62607 62607 0
162 500175 500198 0
163 500126 500148 0
164 125156 125153 0
165 500200 500108 0
166 500182 500186 0
167 31358 31359 0
168 500187 500140 0
169 31438 31439 0
170 31370 31365 0
171 500180 500176 0
172 500196 500104 0
173 500127 500141 0
174 500118 500121 0
175 500181 500110 0
176 500136 500104 0
177 500187 500147 0
178 31364 31360 0
179 500189 500116 0
180 125168 125165 0
181 250148 250111 0
182 250132 250137 0
183 31415 31413 0
184 250188 250152 0
185 125187 125189 0
186 250153 250151 0
187 125125 125123 0
188 125159 125151 0
189 250141 250142 0
190 500112 500101 0
191 250161 250154 0
192 250135 250122 0
193 62651 62652 0
194 500199 500200 0
195 125123 125115 0
196 62668 62661 0
197 250171 250143 0
198 250163 250175 0
199 125161 125159 0
200 250171 250174 0
201 500131 500117 0
202 125117 125120 0
203 125177 125171 0
204 15755 15755 0
205 250193 250152 0
206 250170 250181 0
207 125196 125183 0
208 125129 125118 0
209 250159 250163 0
210 125129 125132 0
211 250157 250117 0
212 125116 125106 0
213 125181 125164 0
214 125139 125137 0
215 125165 125168 0
216 500155 500132 0
217 125193 125172 0
218 125145 125151 0
219 250121 250130 0
220 250151 250109 0
221 250180 250185 0
222 250186 250160 0
223 250189 250172 0
224 250188 250182 0
225 500182 500167 0
226 500106 500110 0
227 125199 125179 0
228 500194 500129 0
229 125162 125131 0
230 62683 62663 0
231 250189 250125 0
232 250169 250101 0
233 15734 15755 0
234 500150 500174 0
235 125143 125186 0
236 15775 15790 0
237 250137 250169 0
238 15777 15793 0
239 7922 7939 0
240 125109 125127 0
241 250112 250131 0
242 15799 15804 0
243 31387 31398 0
244 31408 31447 0
245 31400 31406 0
246 7949 7957 0
247 250128 250171 0
248 250105 250140 0
249 31380 31384 0
250 250144 250185 0
251 250144 250177 0
252 7990 7997 0
253 31438 31448 0
254 250152 250200 0
255 31415 31422 0
256 125147 125166 0
257 7925 7934 0
258 250171 250194 0
259 250137 250181 0
260 31369 31373 0
261 250120 250143 0
262 31412 31428 0
263 250122 250176 0
264 125156 125169 0
265 31354 31393 0
266 250124 250197 0
267 31383 31444 0
268 125143 125151 0
269 250121 250149 0
270 250116 250133 0
271 31381 31435 0
272 125163 125192 0
273 7960 7971 0
274 31374 31421 0
275 31394 31442 0
276 31371 31412 0
277 31406 31424 0
278 31427 31445 0
279 500102 500132 0
280 31357 31384 0
281 31390 31428 0
282 15730 15760 0
283 31406 31443 0
284 31354 31373 0
285 125150 125190 0
286 125149 125168 0
287 62602 62671 0
288 62649 62689 0
289 62617 62638 0
290 500130 500196 0
291 62640 62673 0
292 62680 62687 0
293 62611 62687 0
294 500143 500196 0
295 62656 62681 0
296 62614 62687 0
297 500101 500152 0
298 62607 62675 0
299 15738 15758 0
300 62615 62684 0
301 62614 62650 0
302 62632 62684 0
303 500128 500199 0
304 500114 500159 0
305 62676 62682 0
306 62621 62647 0
307 15812 15818 0
308 62680 62696 0
309 62635 62686 0
310 500136 500176 0
311 62602 62621 0
312 62648 62672 0
313 125121 125140 0
314 250114 250136 0
315 125101 125115 0
316 125121 125160 0
317 125134 125182 0
318 125142 125174 0
319 125127 125147 0
320 15768 15781 0
321 15764 15770 0
322 15793 15798 0
323 62672 62649 0
324 125195 125165 0
325 62689 62665 0
326 62692 62666 0
327 125180 125128 0
328 250186 250139 0
329 125195 125149 0
330 31394 31382 0
331 250171 250122 0
332 4041 4066 0
333 2111 2132 0
334 4063 4085 0
335 4015 4032 0
336 2100 2111 0
337 4060 4081 0
338 4023 4087 0
339 4020 4052 0
340 2058 2125 0
341 4067 4086 0
342 4009 4061 0
343 2055 2137 0
344 2068 2096 0
345 2094 2132 0
346 4014 4037 0
347 2076 2091 0
348 2105 2133 0
349 7935 8001 0
350 7915 8000 0
351 7926 7951 0
352 7947 7968 0
353 7941 7975 0
354 7930 7974 0
355 2110 2133 0
356 7983 8011 0
357 2054 2076 0
358 7962 8005 0
359 7935 8006 0
360 2058 2111 0
361 46 90 0
362 4024 4071 0
363 18 61 0
364 6 78 0
365 4042 4095 0
366 5 45 0
367 1 63 0
368 7952 8003 0
369 2108 2145 0
370 33 87 0
371 7956 7998 0
372 7919 7973 0
373 31 69 0
374 84 99 0
375 18 76 0
376 7954 7973 0
377 7985 8004 0
378 47 64 0
379 11 56 0
380 17 99 0
381 44 79 0
382 15772 15811 0
383 15731 15801 0
384 29 85 0
385 15748 15805 0
386 4065 4100 0
387 41 70 0
388 43 94 0
389 15762 15804 0
390 4010 4082 0
391 15740 15806 0
392 28 55 0
393 15738 15803 0
394 15728 15763 0
395 34 66 0
396 15747 15782 0
397 26 68 0
398 2089 2121 0
399 2109 2131 0
--------------
1000000 :c
1004173 :sum(p)
999998 :sum(w)
