400 :n
id p,w,x
--------------
0 2080 2055 1
1 2125 2055 1
2 37 17 1
3 2106 2073 1
4 66 43 1
5 41 20 1
6 63 10 1
7 2151 2106 1
8 4079 4015 1
9 4080 4032 1
10 100 15 1
11 4105 4013 1
12 2132 2096 1
13 4090 4050 1
14 8006 7915 1
15 2132 2104 1
16 2143 2056 1
17 4098 4056 1
18 7994 7916 1
19 68 3 1
20 84 40 1
21 4077 4025 1
22 2109 2059 1
23 8010 7918 1
24 2143 2078 1
25 2111 2066 1
26 2151 2127 1
27 2123 2092 1
28 39 21 1
29 16 9 1
30 57 42 1
31 39 30 1
32 50 40 1
33 98 83 1
34 60 51 1
35 63 54 1
36 60 54 1
37 50 46 1
38 17 16 1
39 27 26 1
40 96 93 1
41 4091 4053 1
42 8000 7926 1
43 2082 2064 1
44 2122 2104 1
45 4073 4039 1
46 4090 4059 1
47 7982 7927 1
48 7971 7924 1
49 2085 2073 1
50 4057 4035 1
51 4067 4045 1
52 4105 4083 1
53 8000 7959 1
54 7991 7952 1
55 15811 15741 1
56 15809 15740 1
57 15807 15741 1
58 4101 4085 1
59 15816 15755 1
60 4057 4042 1
61 15783 15731 1
62 4051 4038 0
63 15818 15769 1
64 31438 31353 1
65 31439 31361 1
66 31442 31364 1
67 4069 4059 1
68 2129 2124 0
69 7973 7955 1
70 7987 7969 1
71 4071 4062 1
72 31429 31363 1
73 15799 15766 1
74 31450 31385 1
75 7939 7923 1
76 15774 15743 1
77 31450 31392 1
78 15822 15793 1
79 31431 31374 1
80 31425 31369 1
81 4052 4045 0
82 31449 31396 1
83 15761 15737 0
84 2127 2124 0
85 31411 31368 1
86 31416 31374 1
87 31418 31376 1
88 15824 15803 1
89 31413 31373 1
90 31446 31406 1
91 84 1 1
92 62681 62608 1
93 31409 31371 1
94 62673 62601 1
95 62696 62625 1
96 31444 31409 0
97 62695 62629 0
98 31445 31447 0
99 15734 15745 0
100 31435 31403 0
101 15770 15754 0
102 2088 2086 0
103 62672 62615 0
104 62661 62606 0
105 62686 62633 0
106 31434 31443 0
107 7970 7964 0
108 4083 4080 0
109 62681 62636 0
110 15779 15768 0
111 7964 7959 0
112 62648 62612 0
113 31430 31412 0
114 62656 62621 0
115 125165 125101 0
116 31383 31367 0
117 7998 7994 0
118 31427 31412 0
119 62693 62666 0
120 125190 125138 0
121 15768 15762 0
122 15800 15794 0
123 62681 62658 0
124 62670 62648 0
125 31403 31392 0
126 15735 15730 0
127 15779 15775 0
128 15736 15734 0
129 7980 7979 0
130 15821 15820 0
131 15745 15746 0
132 4062 4063 0
133 7945 7949 0
134 7965 7970 0
135 7994 8000 0
136 4018 4022 0
137 7946 7954 0
138 7972 7981 0
139 4053 4059 0
140 7962 7974 0
141 2120 2124 0
142 2075 2079 0
143 4080 4089 0
144 4045 4055 0
145 2115 2121 0
146 4015 4029 0
147 2084 2092 0
148 4062 4078 0
149 2069 2078 0
150 2079 2091 0
151 2097 2111 0
152 69 72 0
153 56 60 0
154 44 50 0
155 69 82 0
156 13 16 0
157 75 93 0
158 70 89 0
159 23 36 0
160 28 48 0
161 15 29 0
162 8 28 0
163 250189 250147 0
164 125155 125117 0
165 125176 125130 0
166 125158 125120 0
167 125151 125110 0
168 250196 250120 0
169 250187 250114 0
170 250194 250135 0
171 62655 62638 0
172 125181 125149 0
173 125197 125163 0
174 250177 250113 0
175 125159 125124 0
176 250199 250134 0
177 250193 250119 0
178 62670 62660 0
179 62647 62635 0
180 250199 250148 0
181 125134 125105 0
182 250159 250106 0
183 500179 500111 0
184 62643 62632 0
185 125137 125110 0
186 125154 125136 0
187 125148 125123 0
188 250181 250125 0
189 500187 500117 0
190 500182 500111 0
191 125126 125103 0
192 250184 250140 0
193 500196 500123 0
194 125178 125157 0
195 250188 250134 0
196 62641 62629 0
197 250169 250117 0
198 250189 250153 0
199 62603 62611 0
200 62647 62673 0
201 15762 15794 0
202 15740 15771 0
203 125169 125171 0
204 125136 125124 0
205 125175 125181 0
206 125121 125190 0
207 31372 31415 0
208 15808 15814 0
209 15778 15825 0
210 15805 15818 0
211 15812 15816 0
212 15780 15803 0
213 125166 125169 0
214 125159 125160 0
215 125126 125125 0
216 15768 15785 0
217 125140 125178 0
218 15800 15824 0
219 125109 125194 0
220 125169 125191 0
221 125129 125140 0
222 15793 15825 0
223 15748 15781 0
224 15739 15769 0
225 62670 62671 0
226 125160 125155 0
227 125142 125176 0
228 15778 15807 0
229 15741 15752 0
230 15775 15816 0
231 15755 15796 0
232 15757 15777 0
233 125152 125160 0
234 15726 15759 0
235 125125 125110 0
236 62606 62678 0
237 125116 125193 0
238 15754 15820 0
239 62618 62634 0
240 125118 125168 0
241 31404 31444 0
242 7916 7972 0
243 62618 62638 0
244 125138 125137 0
245 125163 125154 0
246 7922 7965 0
247 125140 125127 0
248 7933 7961 0
249 62677 62699 0
250 7985 8000 0
251 31405 31430 0
252 125115 125149 0
253 7936 7984 0
254 62689 62694 0
255 125182 125172 0
256 7923 7973 0
257 7970 8010 0
258 125144 125129 0
259 125161 125185 0
260 125135 125177 0
261 7921 7948 0
262 250138 250132 0
263 7982 8005 0
264 31360 31424 0
265 7979 8011 0
266 7926 7974 0
267 7917 7979 0
268 250152 250184 0
269 7980 8008 0
270 7927 7942 0
271 250185 250197 0
272 7926 7977 0
273 7934 7959 0
274 7937 7962 0
275 7948 7977 0
276 7922 7957 0
277 250164 250160 0
278 250150 250190 0
279 4014 4062 0
280 250105 250139 0
281 4011 4099 0
282 31399 31415 0
283 4009 4101 0
284 4043 4093 0
285 250109 250193 0
286 4034 4075 0
287 4024 4065 0
288 62664 62680 0
289 250139 250105 0
290 31378 31395 0
291 4033 4050 0
292 250180 250155 0
293 62649 62678 0
294 250141 250126 0
295 4026 4071 0
296 4052 4099 0
297 250200 250174 0
298 4023 4056 0
299 31363 31378 0
300 250177 250157 0
301 250115 250200 0
302 250190 250175 0
303 250112 250148 0
304 250128 250158 0
305 31378 31374 0
306 250178 250196 0
307 250108 250123 0
308 250168 250186 0
309 250140 250155 0
310 4033 4082 0
311 250110 250168 0
312 62652 62682 0
313 250152 250189 0
314 4027 4056 0
315 4031 4064 0
316 250110 250116 0
317 250115 250107 0
318 4024 4064 0
319 250131 250139 0
320 250196 250174 0
321 2062 2091 0
322 500123 500105 0
323 500123 500196 0
324 62636 62680 0
325 2063 2150 0
326 2066 2104 0
327 2107 2139 0
328 2061 2086 0
329 500136 500101 0
330 500146 500182 0
331 500151 500153 0
332 2068 2097 0
333 62623 62631 0
334 500101 500141 0
335 62606 62695 0
336 2057 2079 0
337 2059 2145 0
338 500188 500194 0
339 2082 2136 0
340 31366 31415 0
341 500142 500146 0
342 500115 500165 0
343 2118 2148 0
344 500143 500101 0
345 500134 500126 0
346 31411 31414 0
347 2090 2129 0
348 2058 2135 0
349 2066 2125 0
350 62620 62671 0
351 2093 2122 0
352 500194 500168 0
353 500144 500171 0
354 500184 500193 0
355 2087 2127 0
356 62650 62671 0
357 500113 500103 0
358 500159 500188 0
359 31387 31402 0
360 500159 500165 0
361 500180 500145 0
362 49 74 0
363 62638 62636 0
364 500153 500147 0
365 62618 62645 0
366 62676 62690 0
367 500183 500153 0
368 500148 500179 0
369 23 86 0
370 62675 62699 0
371 31389 31440 0
372 500128 500101 0
373 27 51 0
374 37 88 0
375 500131 500169 0
376 28 54 0
377 500114 500126 0
378 500170 500152 0
379 11 37 0
380 500161 500197 0
381 500138 500149 0
382 500191 500191 0
383 500183 500150 0
384 24 80 0
385 500146 500148 0
386 500188 500123 0
387 500189 500136 0
388 500104 500183 0
389 31422 31421 0
390 500119 500185 0
391 31353 31390 0
392 1 74 0
393 62626 62681 0
394 500115 500127 0
395 31374 31448 0
396 500163 500199 0
397 62630 62659 0
398 31370 31430 0
399 31354 31429 0
--------------
1000000 :c
1003752 :sum(p)
1000000 :sum(w)
