400 :n
id p,w,x
--------------
0 87 1 1
1 48 4 1
2 93 9 1
3 77 9 1
4 93 12 1
5 30 4 1
6 69 13 1
7 75 15 1
8 57 12 1
9 39 10 1
10 39 13 1
11 74 31 1
12 99 44 1
13 42 23 1
14 72 44 1
15 100 64 1
16 86 66 1
17 31 25 1
18 86 74 1
19 53 47 1
20 62 56 1
21 2151 2071 1
22 2139 2069 1
23 2147 2086 1
24 2126 2074 1
25 2133 2081 1
26 4101 4013 1
27 4094 4007 1
28 2151 2107 1
29 2122 2079 1
30 2100 2059 1
31 2133 2093 1
32 4104 4031 1
33 2137 2103 1
34 4058 4009 1
35 2116 2091 1
36 4096 4048 1
37 8010 7918 1
38 2145 2125 1
39 4067 4032 1
40 7991 7923 1
41 7988 7923 1
42 4087 4054 1
43 4056 4029 1
44 2108 2094 1
45 4084 4057 1
46 4077 4051 1
47 2099 2086 1
48 2112 2099 1
49 4038 4014 1
50 2101 2089 1
51 2102 2090 1
52 4038 4015 1
53 7973 7930 1
54 7997 7954 1
55 7992 7951 1
56 4060 4040 1
57 8012 7973 1
58 4034 4016 1
59 7963 7930 1
60 15817 15756 1
61 4034 4019 1
62 4085 4070 1
63 15790 15733 1
64 15802 15745 1
65 7971 7943 1
66 4086 4072 1
67 15791 15739 1
68 8002 7977 1
69 7984 7960 1
70 15774 15727 1
71 2094 2088 1
72 31443 31355 1
73 7998 7976 1
74 7977 7956 1
75 7982 7961 1
76 31445 31367 1
77 15808 15770 1
78 4023 4014 1
79 15763 15728 1
80 4085 4076 1
81 7935 7918 1
82 31417 31353 1
83 4052 4044 1
84 4054 4046 1
85 4056 4048 1
86 7972 7957 1
87 31424 31365 1
88 7979 7965 1
89 31443 31388 1
90 4022 4015 1
91 4088 4081 1
92 31425 31372 1
93 15792 15766 1
94 7960 7947 1
95 62698 62607 1
96 62698 62620 1
97 31402 31363 1
98 31436 31397 0
99 31442 31404 1
100 15825 15807 0
101 7989 7980 1
102 62700 62632 1
103 15746 15729 1
104 85 19 1
105 62697 62612 1
106 4077 4059 1
107 62671 62605 1
108 31439 31406 0
109 15806 15800 0
110 15802 15800 0
111 15756 15809 0
112 31443 31410 0
113 31421 31389 0
114 15755 15739 0
115 15768 15752 0
116 62679 62617 0
117 4087 4083 1
118 62673 62613 0
119 62685 62628 0
120 62670 62616 0
121 62667 62615 0
122 7980 7975 0
123 31373 31354 0
124 7981 7979 0
125 4075 4075 0
126 27 28 0
127 47 51 0
128 46 51 0
129 15 19 0
130 62632 62605 0
131 125196 125130 0
132 31425 31406 0
133 125165 125116 0
134 31424 31410 0
135 62680 62645 0
136 62649 62625 0
137 62664 62640 0
138 62654 62618 0
139 62691 62649 0
140 62693 62676 0
141 125177 125147 0
142 125176 125134 0
143 125195 125168 0
144 125197 125171 0
145 250164 250110 0
146 125180 125147 0
147 62688 62671 0
148 250148 250103 0
149 125189 125157 0
150 15764 15760 0
151 250165 250116 0
152 250176 250109 0
153 125154 125133 0
154 62693 62675 0
155 62657 62616 0
156 250164 250133 0
157 250157 250172 0
158 250180 250164 0
159 250107 250106 0
160 250147 250106 0
161 31403 31401 0
162 250103 250111 0
163 31398 31396 0
164 250142 250107 0
165 250158 250124 0
166 250170 250134 0
167 250142 250140 0
168 250187 250156 0
169 125196 125197 0
170 250145 250110 0
171 250150 250141 0
172 62621 62623 0
173 250200 250182 0
174 250113 250129 0
175 62639 62632 0
176 250174 250174 0
177 62619 62614 0
178 31378 31377 0
179 250195 250158 0
180 250128 250129 0
181 250138 250131 0
182 250145 250144 0
183 500158 500182 0
184 7919 7919 0
185 125177 125174 0
186 31374 31375 0
187 125173 125159 0
188 500184 500147 0
189 62653 62656 0
190 125118 125111 0
191 500176 500156 0
192 125163 125156 0
193 125171 125156 0
194 500177 500150 0
195 500131 500116 0
196 500164 500107 0
197 500174 500184 0
198 500160 500147 0
199 125174 125172 0
200 500110 500109 0
201 500139 500128 0
202 500186 500143 0
203 500155 500161 0
204 500185 500133 0
205 500197 500172 0
206 62678 62673 0
207 500108 500122 0
208 500119 500135 0
209 500185 500135 0
210 125135 125118 0
211 500130 500113 0
212 500105 500115 0
213 500187 500124 0
214 500172 500158 0
215 500134 500102 0
216 125136 125127 0
217 500123 500130 0
218 500122 500111 0
219 125188 125187 0
220 500190 500199 0
221 500107 500101 0
222 125135 125133 0
223 500198 500165 0
224 125196 125192 0
225 62616 62607 0
226 62622 62617 0
227 62665 62623 0
228 31417 31402 0
229 31400 31386 0
230 62664 62637 0
231 15736 15820 0
232 15750 15776 0
233 15753 15814 0
234 15783 15815 0
235 15759 15786 0
236 15749 15756 0
237 15763 15785 0
238 15768 15774 0
239 7970 8001 0
240 7949 8012 0
241 15752 15818 0
242 15779 15823 0
243 15727 15748 0
244 15726 15792 0
245 15780 15803 0
246 15739 15757 0
247 15735 15810 0
248 7937 7958 0
249 15800 15809 0
250 15775 15791 0
251 7961 7973 0
252 15755 15814 0
253 7931 7977 0
254 7945 8002 0
255 7916 7945 0
256 500143 500176 0
257 31387 31405 0
258 31352 31436 0
259 31386 31403 0
260 31360 31433 0
261 31358 31434 0
262 7950 7993 0
263 7933 7998 0
264 31370 31425 0
265 7917 7922 0
266 7970 7979 0
267 31375 31420 0
268 31356 31411 0
269 7968 7986 0
270 31361 31365 0
271 31352 31361 0
272 7965 8011 0
273 7966 7991 0
274 7919 7945 0
275 7980 7993 0
276 7966 7987 0
277 7926 7950 0
278 31418 31422 0
279 4022 4065 0
280 31364 31373 0
281 31421 31442 0
282 4031 4075 0
283 31395 31427 0
284 4017 4098 0
285 4038 4041 0
286 31355 31428 0
287 4065 4105 0
288 31404 31420 0
289 31386 31411 0
290 4019 4099 0
291 31394 31414 0
292 31351 31393 0
293 62616 62656 0
294 62629 62692 0
295 62633 62671 0
296 4045 4069 0
297 62658 62685 0
298 62629 62653 0
299 62610 62636 0
300 4066 4069 0
301 62628 62674 0
302 62640 62663 0
303 62650 62690 0
304 62628 62695 0
305 62603 62652 0
306 125111 125179 0
307 125102 125158 0
308 125112 125162 0
309 125125 125138 0
310 4033 4045 0
311 125121 125145 0
312 4011 4042 0
313 125138 125194 0
314 4010 4022 0
315 4008 4059 0
316 125140 125175 0
317 4060 4078 0
318 125139 125182 0
319 125168 125195 0
320 2072 2082 0
321 125104 125125 0
322 2064 2124 0
323 125116 125125 0
324 2070 2138 0
325 125104 125158 0
326 125137 125170 0
327 125121 125185 0
328 2077 2149 0
329 125122 125178 0
330 125133 125171 0
331 125143 125177 0
332 125170 125194 0
333 2105 2112 0
334 2085 2144 0
335 125115 125137 0
336 2105 2132 0
337 2084 2099 0
338 2064 2072 0
339 2090 2097 0
340 250157 250189 0
341 250135 250184 0
342 2055 2061 0
343 2108 2138 0
344 2114 2152 0
345 2095 2131 0
346 2090 2143 0
347 2058 2116 0
348 250110 250131 0
349 2067 2129 0
350 250118 250139 0
351 2074 2137 0
352 2062 2131 0
353 250108 250182 0
354 250136 250174 0
355 2089 2131 0
356 250115 250154 0
357 2072 2089 0
358 2077 2144 0
359 250135 250179 0
360 23 95 0
361 26 54 0
362 250108 250149 0
363 250154 250176 0
364 250147 250169 0
365 250140 250183 0
366 62 99 0
367 250129 250162 0
368 63 96 0
369 250102 250195 0
370 15754 15818 0
371 250123 250165 0
372 250127 250149 0
373 500110 500173 0
374 15764 15773 0
375 500150 500197 0
376 15738 15787 0
377 500141 500188 0
378 500108 500166 0
379 15739 15784 0
380 500106 500198 0
381 500143 500182 0
382 500145 500183 0
383 500114 500179 0
384 11 27 0
385 21 35 0
386 500147 500186 0
387 500113 500177 0
388 500129 500165 0
389 500122 500184 0
390 17 75 0
391 84 96 0
392 35 59 0
393 13 44 0
394 7 53 0
395 28 82 0
396 74 84 0
397 74 91 0
398 15779 15784 0
399 15760 15785 0
--------------
1000000 :c
1004119 :sum(p)
1000000 :sum(w)
