400 :n
id p,w,x
--------------
0 90 68 1
1 7976 7922 1
2 2096 2082 1
3 2097 2084 1
4 2140 2077 1
5 31414 31361 1
6 2116 2065 1
7 2121 2082 1
8 2136 2123 1
9 2140 2109 1
10 2105 2074 1
11 31446 31390 1
12 2106 2096 1
13 7951 7925 1
14 2126 2109 1
15 42 12 1
16 4085 4069 1
17 31415 31353 1
18 2107 2055 1
19 4061 4023 1
20 31438 31358 1
21 4061 4013 1
22 7988 7940 1
23 2149 2137 1
24 4104 4076 1
25 4055 4037 1
26 31426 31360 1
27 4060 4011 1
28 4063 4031 1
29 2139 2098 1
30 2107 2058 1
31 73 20 1
32 4077 4038 1
33 4042 4023 1
34 2139 2096 1
35 4054 4014 1
36 2148 2096 1
37 4067 4030 1
38 2129 2082 1
39 2099 2062 1
40 15801 15757 1
41 91 66 1
42 4085 4064 1
43 15825 15798 1
44 15808 15744 1
45 4094 4021 1
46 4043 4013 1
47 4056 4010 1
48 8007 7940 1
49 15784 15743 1
50 88 68 1
51 15790 15757 1
52 15819 15741 1
53 4101 4044 1
54 4082 4026 1
55 33 23 1
56 78 32 1
57 7940 7915 1
58 93 3 1
59 15765 15729 1
60 7989 7922 1
61 79 19 1
62 15798 15742 1
63 8007 7913 1
64 8005 7926 1
65 13 2 1
66 7985 7955 1
67 8000 7979 1
68 34 4 1
69 15811 15780 1
70 80 3 1
71 8000 7947 1
72 98 9 1
73 15820 15756 1
74 66 53 1
75 8012 7932 1
76 39 28 1
77 7946 7919 1
78 7998 7934 1
79 80 28 1
80 8011 7992 1
81 62697 62609 1
82 31445 31399 1
83 31406 31360 1
84 31429 31387 1
85 11 6 1
86 37 34 1
87 4051 4041 1
88 4060 4050 1
89 4029 4022 1
90 4092 4085 1
91 2057 2054 0
92 2137 2134 0
93 4094 4089 0
94 31447 31409 1
95 31393 31356 1
96 31440 31403 1
97 31445 31408 1
98 31441 31405 1
99 7987 7978 1
100 8011 8002 1
101 7940 7917 1
102 62676 62604 1
103 15820 15803 1
104 62666 62601 0
105 62687 62622 0
106 31441 31437 0
107 15809 15810 0
108 50 77 0
109 7957 7949 1
110 62699 62636 0
111 4085 4081 0
112 4106 4102 0
113 15747 15732 1
114 15794 15779 0
115 62677 62618 0
116 7984 7979 0
117 4046 4044 1
118 4052 4051 0
119 2066 2068 0
120 2125 2128 0
121 59 60 0
122 95 97 0
123 65 67 0
124 60 62 0
125 52 55 0
126 31381 31357 0
127 62660 62610 0
128 62668 62620 0
129 250198 250147 0
130 15786 15783 0
131 500182 500107 0
132 31373 31364 0
133 125186 125132 0
134 62630 62608 0
135 62647 62628 0
136 15806 15800 0
137 62675 62643 0
138 31381 31368 0
139 250176 250131 0
140 125169 125139 0
141 250170 250122 0
142 62657 62636 0
143 31392 31382 0
144 125186 125166 0
145 31368 31352 0
146 125197 125177 0
147 15788 15781 0
148 125198 125173 0
149 250178 250120 0
150 250192 250137 0
151 15781 15773 0
152 250148 250104 0
153 125175 125111 0
154 31384 31374 0
155 500188 500108 0
156 500184 500101 0
157 125179 125156 0
158 125162 125129 0
159 500182 500114 0
160 125179 125150 0
161 62697 62670 0
162 250189 250151 0
163 62675 62660 0
164 62697 62665 0
165 250200 250114 0
166 125172 125105 0
167 62653 62603 0
168 31420 31440 0
169 62645 62692 0
170 31353 31357 0
171 31369 31394 0
172 62680 62675 0
173 62688 62688 0
174 62619 62614 0
175 31386 31417 0
176 31375 31446 0
177 62642 62641 0
178 62613 62635 0
179 62665 62665 0
180 31384 31440 0
181 62610 62611 0
182 62675 62692 0
183 62611 62617 0
184 31397 31426 0
185 31366 31416 0
186 31364 31409 0
187 31399 31443 0
188 62632 62655 0
189 31357 31437 0
190 31389 31447 0
191 31399 31406 0
192 62638 62677 0
193 62676 62679 0
194 62646 62664 0
195 31421 31446 0
196 62664 62677 0
197 62657 62694 0
198 31383 31393 0
199 62639 62635 0
200 62603 62645 0
201 15766 15816 0
202 62602 62638 0
203 15732 15775 0
204 125118 125162 0
205 125123 125170 0
206 125149 125193 0
207 125155 125177 0
208 15784 15825 0
209 15750 15774 0
210 15780 15812 0
211 125102 125136 0
212 125116 125172 0
213 125123 125117 0
214 125115 125147 0
215 15752 15765 0
216 125112 125157 0
217 125105 125179 0
218 15795 15793 0
219 15792 15813 0
220 125101 125147 0
221 15785 15825 0
222 125193 125176 0
223 125109 125166 0
224 125197 125180 0
225 125104 125138 0
226 31361 31410 0
227 15804 15802 0
228 15784 15787 0
229 15733 15781 0
230 15801 15814 0
231 15789 15792 0
232 15751 15789 0
233 15803 15813 0
234 125141 125172 0
235 15775 15811 0
236 125186 125174 0
237 15780 15819 0
238 125122 125140 0
239 125146 125150 0
240 125147 125138 0
241 125121 125198 0
242 125121 125174 0
243 125177 125192 0
244 125128 125156 0
245 125124 125152 0
246 7928 7948 0
247 125129 125119 0
248 125116 125109 0
249 125156 125188 0
250 125164 125173 0
251 125168 125188 0
252 250129 250188 0
253 250117 250173 0
254 250117 250198 0
255 250112 250183 0
256 250118 250123 0
257 7949 7961 0
258 7990 8001 0
259 250152 250137 0
260 7932 7936 0
261 250107 250130 0
262 250136 250150 0
263 250140 250145 0
264 250115 250157 0
265 250145 250165 0
266 250149 250158 0
267 250115 250185 0
268 250133 250101 0
269 7931 7934 0
270 250134 250198 0
271 250154 250154 0
272 7980 8000 0
273 250149 250199 0
274 250105 250160 0
275 250131 250187 0
276 250130 250138 0
277 7975 7978 0
278 7987 8007 0
279 250138 250169 0
280 250159 250188 0
281 250186 250162 0
282 250121 250108 0
283 250198 250183 0
284 250172 250145 0
285 250153 250119 0
286 250196 250170 0
287 250154 250136 0
288 250158 250187 0
289 250141 250139 0
290 250165 250134 0
291 500182 500114 0
292 500119 500188 0
293 500195 500148 0
294 500198 500153 0
295 500142 500158 0
296 500133 500126 0
297 500172 500108 0
298 500188 500171 0
299 500173 500119 0
300 500116 500198 0
301 500107 500120 0
302 4022 4027 0
303 500143 500133 0
304 500110 500105 0
305 500155 500116 0
306 500178 500191 0
307 500169 500168 0
308 500157 500131 0
309 500105 500182 0
310 500140 500104 0
311 500142 500181 0
312 500172 500113 0
313 500117 500169 0
314 500171 500105 0
315 500172 500125 0
316 4046 4059 0
317 500174 500147 0
318 500169 500122 0
319 500177 500199 0
320 31356 31353 0
321 500171 500175 0
322 500183 500164 0
323 500179 500184 0
324 500171 500160 0
325 500187 500169 0
326 500131 500159 0
327 500102 500177 0
328 62655 62691 0
329 500113 500144 0
330 500125 500122 0
331 2145 2151 0
332 31376 31402 0
333 31358 31359 0
334 62674 62636 0
335 62670 62634 0
336 31407 31389 0
337 62697 62647 0
338 62673 62630 0
339 2085 2127 0
340 2127 2134 0
341 2087 2146 0
342 2074 2113 0
343 4050 4082 0
344 4037 4063 0
345 2098 2107 0
346 4017 4103 0
347 2088 2153 0
348 4043 4068 0
349 4038 4087 0
350 2107 2139 0
351 4059 4093 0
352 4012 4077 0
353 4055 4075 0
354 4007 4089 0
355 2133 2148 0
356 2071 2094 0
357 2057 2071 0
358 4026 4043 0
359 4072 4105 0
360 29 68 0
361 34 41 0
362 31 41 0
363 4023 4063 0
364 4 60 0
365 2092 2151 0
366 7964 8004 0
367 13 48 0
368 2054 2130 0
369 25 78 0
370 69 96 0
371 7955 7990 0
372 39 94 0
373 7969 7997 0
374 2 12 0
375 7945 8005 0
376 8 35 0
377 7927 7997 0
378 7915 8012 0
379 7969 7998 0
380 7924 7988 0
381 16 70 0
382 7957 7983 0
383 50 92 0
384 15 73 0
385 7971 7999 0
386 7925 7987 0
387 2070 2086 0
388 7961 7999 0
389 15738 15824 0
390 15747 15816 0
391 74 87 0
392 2097 2111 0
393 15726 15806 0
394 15751 15802 0
395 17 35 0
396 2090 2152 0
397 20 56 0
398 2056 2083 0
399 2118 2128 0
--------------
1000000 :c
1004049 :sum(p)
999999 :sum(w)
