400 :n
id p,w,x
--------------
0 4098 4035 1
1 4079 4030 1
2 79 28 1
3 15819 15729 1
4 54 16 1
5 98 29 1
6 93 52 1
7 4085 4042 1
8 76 33 1
9 68 11 1
10 4059 4018 1
11 89 15 1
12 4102 4059 1
13 4057 4007 1
14 97 33 1
15 75 25 1
16 93 44 1
17 84 23 1
18 75 38 1
19 2128 2085 1
20 2142 2080 1
21 4093 4043 1
22 65 25 1
23 88 17 1
24 63 11 1
25 2152 2110 1
26 4103 4030 1
27 7982 7922 1
28 7979 7934 1
29 7997 7922 1
30 4072 4023 1
31 8010 7944 1
32 2111 2061 1
33 2109 2066 1
34 2132 2090 1
35 2114 2074 1
36 8005 7949 1
37 7979 7919 1
38 2146 2099 1
39 2128 2065 1
40 7993 7923 1
41 2140 2063 1
42 4087 4043 1
43 15792 15728 1
44 15809 15743 1
45 15795 15734 1
46 15814 15726 1
47 15817 15737 1
48 89 57 1
49 54 39 1
50 76 61 1
51 83 70 1
52 11 10 1
53 53 49 1
54 41 39 1
55 2118 2081 1
56 2093 2059 1
57 2124 2099 1
58 2129 2106 1
59 2119 2098 1
60 4049 4010 1
61 4070 4032 1
62 4087 4049 1
63 4081 4055 1
64 2075 2063 1
65 2128 2116 1
66 62683 62604 1
67 85 49 1
68 31431 31371 1
69 7984 7946 1
70 31438 31372 1
71 8004 7966 1
72 31439 31369 1
73 8010 7973 1
74 7990 7958 1
75 7949 7918 1
76 31431 31358 1
77 15815 15775 1
78 31445 31362 1
79 7981 7952 1
80 15823 15770 1
81 15807 15760 1
82 8010 7985 1
83 15822 15773 1
84 4050 4030 1
85 2102 2092 1
86 4034 4015 1
87 2152 2144 1
88 4045 4030 1
89 4055 4040 1
90 2153 2146 1
91 4023 4011 1
92 4063 4051 1
93 7968 7945 1
94 8011 7988 1
95 2075 2070 1
96 2148 2143 1
97 4044 4036 1
98 2061 2057 1
99 7986 7972 1
100 15821 15796 1
101 7987 7975 1
102 15754 15731 1
103 2073 2070 1
104 7927 7916 1
105 31439 31402 1
106 15806 15788 1
107 31429 31397 1
108 7926 7918 1
109 62699 62637 1
110 31443 31413 1
111 15762 15747 1
112 2069 2058 1
113 31426 31381 1
114 31448 31419 1
115 62686 62637 0
116 62696 62647 0
117 62695 62682 0
118 31446 31426 0
119 15788 15787 0
120 15768 15756 1
121 31444 31421 0
122 125187 125101 0
123 31418 31397 0
124 31441 31420 0
125 62687 62646 0
126 62684 62644 0
127 31394 31375 0
128 62673 62637 0
129 31391 31373 0
130 62686 62654 0
131 4018 4016 1
132 15784 15777 0
133 31428 31416 0
134 31439 31427 0
135 15745 15739 0
136 15806 15800 1
137 15742 15738 0
138 15795 15792 0
139 15737 15735 0
140 4083 4090 1
141 62682 62657 0
142 125193 125151 0
143 62678 62657 0
144 250184 250101 0
145 125196 125155 0
146 62664 62644 0
147 250179 250107 0
148 250185 250119 0
149 250196 250130 0
150 62645 62620 0
151 250192 250129 0
152 250177 250120 0
153 125175 125148 0
154 250195 250142 0
155 62631 62618 0
156 62686 62673 0
157 125192 125114 0
158 125190 125119 0
159 125190 125120 0
160 125150 125127 0
161 125155 125132 0
162 500187 500103 0
163 500191 500108 0
164 62630 62620 0
165 62630 62618 0
166 500124 500114 0
167 62629 62617 0
168 15780 15780 0
169 31384 31385 0
170 15807 15808 0
171 15753 15754 0
172 31436 31438 0
173 31400 31402 0
174 31400 31402 0
175 31421 31424 0
176 15807 15810 0
177 15768 15771 0
178 15819 15823 0
179 15780 15784 0
180 4033 4035 0
181 7963 7968 0
182 15762 15774 0
183 4054 4058 1
184 7990 7998 0
185 15770 15786 0
186 15755 15772 0
187 7945 7956 0
188 7930 7941 0
189 7985 7997 0
190 7974 7986 0
191 7949 7962 0
192 4014 4022 0
193 7966 7988 0
194 7954 7977 0
195 7915 7939 0
196 4018 4031 0
197 7973 7999 0
198 7958 7987 0
199 4012 4028 0
200 4025 4042 0
201 4048 4074 0
202 4020 4046 0
203 2136 2150 0
204 2113 2127 0
205 2102 2118 0
206 2123 2141 0
207 2087 2105 0
208 2085 2108 0
209 2091 2115 0
210 2071 2100 0
211 2055 2085 0
212 2121 2153 0
213 65 69 1
214 49 55 0
215 42 59 0
216 19 36 0
217 25 48 0
218 35 68 0
219 28 63 0
220 22 52 0
221 13 37 0
222 13 43 0
223 125134 125177 0
224 125102 125169 0
225 15732 15756 0
226 125122 125109 0
227 125167 125182 0
228 125182 125186 0
229 125181 125172 0
230 15739 15805 0
231 125103 125108 0
232 15766 15824 0
233 15781 15810 0
234 125120 125138 0
235 125158 125175 0
236 125112 125181 0
237 15774 15811 0
238 125138 125172 0
239 15765 15822 0
240 7933 8007 0
241 125107 125152 0
242 125117 125169 0
243 125158 125147 0
244 62647 62661 0
245 7945 7996 0
246 62636 62700 0
247 125111 125182 0
248 125161 125159 0
249 125113 125145 0
250 62608 62650 0
251 125113 125113 0
252 125115 125157 0
253 62688 62693 0
254 125140 125152 0
255 62660 62693 0
256 7915 7974 0
257 7913 7990 0
258 7969 8001 0
259 125109 125172 0
260 62622 62675 0
261 15750 15795 0
262 125170 125170 0
263 62641 62658 0
264 125184 125174 0
265 125117 125180 0
266 7949 7998 0
267 7972 8010 0
268 125115 125188 0
269 125143 125172 0
270 125113 125171 0
271 125134 125142 0
272 125150 125165 0
273 62695 62697 0
274 7925 8003 0
275 125121 125182 0
276 125171 125178 0
277 250118 250160 0
278 15737 15782 0
279 250192 250186 0
280 250142 250178 0
281 250193 250186 0
282 250178 250174 0
283 250101 250125 0
284 4030 4069 0
285 4039 4093 0
286 62616 62640 0
287 62652 62688 0
288 62604 62652 0
289 4045 4099 0
290 31356 31429 0
291 4035 4106 0
292 250180 250191 0
293 31373 31413 0
294 62684 62687 0
295 4034 4103 0
296 250148 250153 0
297 4059 4097 0
298 250125 250180 0
299 250185 250198 0
300 250167 250164 0
301 250169 250149 0
302 31376 31430 0
303 250149 250164 0
304 250165 250170 0
305 250114 250131 0
306 250200 250173 0
307 250108 250148 0
308 4049 4100 0
309 250106 250124 0
310 250184 250184 0
311 62612 62669 0
312 250124 250141 0
313 250156 250183 0
314 31364 31432 0
315 4007 4065 0
316 4012 4103 0
317 250110 250180 0
318 250109 250192 0
319 250153 250197 0
320 62602 62671 0
321 250157 250143 0
322 62637 62680 0
323 250142 250141 0
324 2061 2117 0
325 2079 2141 0
326 31399 31438 0
327 250183 250172 0
328 250148 250139 0
329 31405 31424 0
330 250111 250132 0
331 250104 250120 0
332 250140 250132 0
333 250150 250136 0
334 250105 250145 0
335 2067 2143 0
336 2075 2120 0
337 31353 31372 0
338 500135 500119 0
339 500147 500112 0
340 500109 500169 0
341 500189 500168 0
342 500114 500192 0
343 62645 62654 0
344 500119 500152 0
345 500169 500120 0
346 500125 500197 0
347 500102 500159 0
348 31415 31438 0
349 31360 31426 0
350 62647 62670 0
351 500163 500117 0
352 31387 31449 0
353 500163 500164 0
354 500113 500104 0
355 500139 500137 0
356 500108 500177 0
357 500189 500131 0
358 2073 2144 0
359 21 75 0
360 62638 62660 0
361 500108 500112 0
362 500106 500192 0
363 500137 500173 0
364 62652 62681 0
365 31354 31415 0
366 500121 500158 0
367 45 96 0
368 500142 500181 0
369 500143 500165 0
370 500123 500140 0
371 500177 500182 0
372 500146 500101 0
373 31371 31419 0
374 31365 31388 0
375 41 84 0
376 500139 500199 0
377 500145 500190 0
378 31356 31398 0
379 11 86 0
380 500141 500132 0
381 500115 500136 0
382 62686 62690 0
383 5 53 0
384 500188 500198 0
385 500117 500106 0
386 62612 62610 0
387 33 90 0
388 500199 500139 0
389 31401 31428 0
390 500164 500150 0
391 500122 500143 0
392 500200 500155 0
393 500162 500183 0
394 31366 31433 0
395 500145 500135 0
396 500141 500107 0
397 18 100 0
398 31384 31444 0
399 62629 62700 0
--------------
1000000 :c
1004525 :sum(p)
999994 :sum(w)
