400 :n
id p,w,x
--------------
0 31432 31353 1
1 31424 31354 1
2 2152 2060 1
3 2133 2072 1
4 31439 31365 1
5 15825 15772 1
6 15822 15739 1
7 2139 2058 1
8 2121 2058 1
9 2123 2068 1
10 15790 15727 1
11 2125 2054 1
12 85 39 1
13 8006 7913 1
14 7995 7930 1
15 4081 4010 1
16 4085 4019 1
17 4087 4041 1
18 4099 4052 1
19 8008 7949 1
20 4099 4026 1
21 8006 7948 1
22 2133 2081 1
23 49 5 1
24 7998 7936 1
25 8009 7935 1
26 4101 4055 1
27 65 6 1
28 8001 7913 1
29 2135 2082 1
30 90 22 1
31 4099 4043 1
32 4065 4020 1
33 4104 4035 1
34 26 4 1
35 30 6 1
36 64 26 1
37 38 17 1
38 19 9 1
39 37 20 1
40 58 33 1
41 60 36 1
42 87 53 1
43 44 30 1
44 92 64 1
45 75 61 1
46 85 77 1
47 75 68 1
48 80 75 1
49 45 43 1
50 31 30 0
51 2102 2065 1
52 2110 2074 1
53 2093 2061 1
54 86 85 1
55 2151 2127 1
56 4073 4030 1
57 4081 4038 1
58 2134 2112 1
59 2087 2067 1
60 2143 2123 1
61 4072 4037 1
62 4087 4058 1
63 2134 2119 1
64 4045 4019 1
65 4035 4010 1
66 7961 7922 1
67 4099 4079 1
68 2068 2058 1
69 4029 4010 1
70 2095 2086 1
71 7997 7964 1
72 4045 4029 1
73 7994 7963 1
74 7946 7919 1
75 15817 15766 1
76 15805 15757 1
77 15815 15767 1
78 7999 7975 1
79 2108 2102 1
80 15772 15729 1
81 15791 15748 1
82 15793 15750 1
83 15818 15776 1
84 15807 15766 1
85 15800 15761 1
86 15814 15782 1
87 31446 31383 1
88 15789 15759 1
89 15821 15791 1
90 2144 2140 0
91 31434 31376 1
92 31408 31352 1
93 31406 31351 1
94 15766 15740 1
95 7933 7921 1
96 7953 7941 1
97 31406 31359 1
98 4079 4073 0
99 62685 62601 1
100 4031 4026 1
101 31438 31404 1
102 31387 31355 1
103 4092 4088 0
104 31429 31399 1
105 15769 15754 1
106 31384 31355 1
107 15821 15807 1
108 7948 7941 0
109 2145 2116 1
110 15755 15742 1
111 125197 125101 0
112 15773 15761 0
113 31394 31372 1
114 15817 15825 0
115 7998 8005 0
116 4022 4019 0
117 62671 62627 0
118 71 95 0
119 125192 125101 0
120 82 100 0
121 15774 15763 0
122 62698 62656 0
123 7962 7957 0
124 31449 31430 0
125 62637 62601 0
126 31423 31405 0
127 62699 62664 0
128 62654 62620 0
129 31410 31393 0
130 125183 125116 0
131 62699 62666 0
132 62693 62661 0
133 31371 31355 0
134 31448 31432 0
135 15794 15786 0
136 7931 7927 0
137 62680 62649 0
138 125162 125102 0
139 125168 125109 0
140 62665 62637 0
141 62627 62601 0
142 31432 31419 0
143 31439 31427 0
144 15785 15779 0
145 7930 7927 0
146 62643 62622 0
147 31435 31426 0
148 62640 62628 0
149 62681 62669 0
150 31394 31388 0
151 62653 62642 0
152 62663 62652 0
153 15760 15759 0
154 15816 15815 0
155 52 52 0
156 7977 7978 0
157 7935 7936 0
158 15753 15756 0
159 15737 15740 0
160 2107 2108 0
161 7914 7920 0
162 2060 2062 0
163 4033 4037 0
164 7927 7935 0
165 2076 2080 0
166 2075 2080 0
167 61 63 0
168 65 72 0
169 79 90 0
170 33 44 0
171 24 34 0
172 37 53 0
173 500176 500151 0
174 125190 125184 0
175 500164 500102 0
176 125162 125147 0
177 125158 125132 0
178 125145 125137 0
179 125163 125153 0
180 125169 125152 0
181 500150 500108 0
182 500178 500120 0
183 500181 500138 0
184 250186 250154 0
185 125171 125136 0
186 250190 250129 0
187 250191 250116 0
188 250118 250106 0
189 250194 250173 0
190 250147 250133 0
191 250183 250151 0
192 250199 250146 0
193 250174 250133 0
194 250164 250101 0
195 500160 500126 0
196 62666 62661 0
197 500162 500128 0
198 500179 500144 0
199 125196 125156 0
200 62670 62662 0
201 62616 62609 0
202 500168 500112 0
203 125138 125111 0
204 250158 250138 0
205 15746 15782 0
206 15744 15767 0
207 125193 125190 0
208 125140 125167 0
209 125149 125198 0
210 125100 125133 0
211 125109 125147 0
212 15759 15769 0
213 250148 250199 0
214 31355 31380 0
215 31397 31425 0
216 31423 31422 0
217 31359 31389 0
218 31378 31422 0
219 125112 125108 0
220 31383 31384 0
221 250105 250174 0
222 15798 15814 0
223 31428 31447 0
224 15812 15823 0
225 125135 125166 0
226 250123 250148 0
227 250110 250127 0
228 31360 31400 0
229 31398 31414 0
230 15761 15798 0
231 62629 62693 0
232 62667 62677 0
233 250138 250134 0
234 250154 250171 0
235 250178 250193 0
236 62639 62636 0
237 250115 250104 0
238 62607 62675 0
239 250184 250188 0
240 7980 7996 0
241 7913 7927 0
242 7989 8006 0
243 62601 62640 0
244 7963 7977 0
245 62648 62674 0
246 250132 250140 0
247 62680 62678 0
248 250160 250153 0
249 62629 62683 0
250 250177 250183 0
251 125100 125107 0
252 7952 7965 0
253 7940 7955 0
254 250132 250137 0
255 62601 62690 0
256 62606 62660 0
257 250137 250184 0
258 62607 62697 0
259 250134 250145 0
260 62602 62653 0
261 250105 250165 0
262 62602 62667 0
263 125161 125161 0
264 31398 31447 0
265 125137 125140 0
266 125178 125190 0
267 250161 250175 0
268 62608 62676 0
269 31408 31444 0
270 250133 250150 0
271 62637 62653 0
272 62637 62655 0
273 250179 250184 0
274 62631 62634 0
275 250104 250192 0
276 7958 7978 0
277 250103 250140 0
278 250119 250126 0
279 250104 250153 0
280 250107 250106 0
281 250186 250190 0
282 250121 250127 0
283 62608 62624 0
284 62615 62675 0
285 500177 500182 0
286 62625 62660 0
287 62642 62692 0
288 500179 500196 0
289 31374 31374 0
290 125131 125134 0
291 500113 500102 0
292 500125 500123 0
293 125133 125173 0
294 500143 500127 0
295 500145 500170 0
296 500196 500192 0
297 125118 125122 0
298 500132 500130 0
299 500167 500178 0
300 500132 500162 0
301 125145 125181 0
302 500172 500186 0
303 500125 500146 0
304 125164 125167 0
305 125119 125177 0
306 31397 31408 0
307 500188 500180 0
308 125112 125157 0
309 500167 500194 0
310 500159 500186 0
311 500176 500166 0
312 125110 125143 0
313 500113 500179 0
314 500161 500155 0
315 500104 500177 0
316 125119 125122 0
317 125181 125185 0
318 500185 500179 0
319 125158 125181 0
320 500107 500141 0
321 500161 500193 0
322 500114 500196 0
323 31367 31432 0
324 125161 125192 0
325 500102 500152 0
326 31376 31435 0
327 500161 500186 0
328 500108 500154 0
329 500137 500136 0
330 500121 500194 0
331 31373 31399 0
332 500119 500198 0
333 500126 500108 0
334 31385 31443 0
335 31356 31402 0
336 125119 125129 0
337 250198 250152 0
338 500197 500145 0
339 125198 125166 0
340 250171 250156 0
341 250191 250151 0
342 125188 125175 0
343 2080 2137 0
344 2111 2134 0
345 4051 4088 0
346 4055 4095 0
347 2065 2151 0
348 2074 2145 0
349 4011 4057 0
350 2070 2114 0
351 4024 4095 0
352 4082 4102 0
353 4049 4088 0
354 4013 4053 0
355 4017 4099 0
356 2123 2143 0
357 4085 4102 0
358 4008 4070 0
359 4034 4056 0
360 4085 4106 0
361 21 53 0
362 2094 2144 0
363 2064 2145 0
364 2060 2110 0
365 4064 4091 0
366 4027 4081 0
367 4032 4064 0
368 4017 4089 0
369 2067 2125 0
370 4040 4100 0
371 37 93 0
372 7949 7978 0
373 29 94 0
374 44 69 0
375 7971 8006 0
376 7954 7979 0
377 2093 2124 0
378 7936 7973 0
379 7958 7989 0
380 33 66 0
381 7945 7983 0
382 7938 8005 0
383 42 69 0
384 7962 7992 0
385 7946 7969 0
386 7939 7980 0
387 52 96 0
388 15745 15813 0
389 15745 15824 0
390 2055 2143 0
391 15732 15811 0
392 17 61 0
393 15731 15824 0
394 2076 2121 0
395 15748 15820 0
396 15765 15808 0
397 67 88 0
398 2054 2148 0
399 2074 2110 0
--------------
1000000 :c
1004246 :sum(p)
1000000 :sum(w)
