400 :n
id p,w,x
--------------
0 79 1 1
1 36 4 1
2 49 7 1
3 62 15 1
4 82 20 1
5 91 25 1
6 44 13 1
7 49 15 1
8 61 19 1
9 73 29 1
10 100 47 1
11 94 45 1
12 99 56 1
13 69 41 1
14 84 53 1
15 75 50 1
16 100 72 1
17 81 59 1
18 26 19 1
19 86 63 1
20 70 54 1
21 57 44 1
22 83 68 1
23 69 59 1
24 2140 2064 1
25 4101 4025 1
26 4084 4009 1
27 4083 4010 1
28 4106 4035 1
29 2144 2107 1
30 2129 2096 1
31 2127 2095 1
32 2130 2101 1
33 4087 4032 1
34 4061 4010 1
35 2084 2059 1
36 4088 4039 1
37 2115 2090 1
38 4060 4013 1
39 4103 4056 1
40 8006 7917 1
41 8012 7923 1
42 2103 2082 1
43 4063 4025 1
44 4103 4065 1
45 4054 4017 1
46 4046 4011 1
47 7995 7928 1
48 4045 4012 1
49 7989 7924 1
50 8002 7939 1
51 7998 7939 1
52 8004 7948 1
53 8008 7953 1
54 7988 7936 1
55 7965 7914 1
56 4102 4077 1
57 4056 4032 1
58 2067 2055 1
59 4030 4007 1
60 8009 7964 1
61 8007 7963 1
62 2144 2133 1
63 8004 7965 1
64 7985 7950 1
65 15818 15750 1
66 7995 7962 1
67 8008 7976 1
68 15798 15735 1
69 7951 7920 1
70 7969 7941 1
71 15816 15761 1
72 15822 15768 1
73 2093 2086 1
74 15819 15767 1
75 7956 7930 1
76 15806 15755 1
77 15823 15773 1
78 15808 15761 1
79 31448 31356 1
80 15802 15760 1
81 31447 31367 1
82 4077 4067 0
83 31437 31361 1
84 7938 7919 1
85 31426 31351 1
86 2148 2143 1
87 7953 7935 1
88 7969 7951 1
89 31428 31362 1
90 31414 31352 1
91 31412 31352 1
92 31424 31365 1
93 7993 7979 1
94 31431 31376 1
95 4104 4097 0
96 7982 7969 1
97 31434 31384 1
98 7948 7936 1
99 31442 31395 1
100 15811 15791 1
101 62691 62620 1
102 15773 15757 1
103 4011 4007 1
104 31442 31412 1
105 15787 15750 1
106 2061 2054 1
107 2114 2112 1
108 62671 62614 1
109 62664 62614 0
110 62700 62680 0
111 31449 31427 0
112 2 59 0
113 62675 62628 0
114 125190 125106 0
115 125184 125108 0
116 62687 62650 0
117 125172 125100 0
118 62668 62632 0
119 15792 15783 0
120 125199 125130 0
121 62660 62627 0
122 62656 62625 0
123 62659 62631 0
124 62639 62612 0
125 15745 15739 0
126 15766 15760 0
127 7990 7987 1
128 15734 15729 0
129 31385 31376 0
130 31370 31362 0
131 31429 31421 0
132 31358 31352 0
133 15729 15726 0
134 15805 15802 0
135 31444 31439 0
136 15749 15747 0
137 15792 15790 0
138 4092 4092 0
139 10 10 0
140 2139 2140 0
141 7961 7965 0
142 2115 2117 0
143 2070 2072 0
144 4042 4047 0
145 4030 4035 0
146 2062 2065 0
147 4043 4049 0
148 2081 2087 0
149 2118 2125 0
150 87 92 0
151 50 53 0
152 71 76 0
153 24 28 0
154 50 61 0
155 250197 250148 0
156 250192 250158 0
157 125158 125116 0
158 500179 500107 0
159 500185 500126 0
160 125143 125124 0
161 500181 500106 0
162 250179 250148 0
163 125192 125150 0
164 500157 500102 0
165 500188 500127 0
166 125196 125179 0
167 125189 125166 0
168 125173 125147 0
169 125170 125112 0
170 125174 125112 0
171 125180 125116 0
172 250168 250124 0
173 250154 250106 0
174 250180 250120 0
175 125138 125111 0
176 500166 500114 0
177 250191 250152 0
178 125182 125161 0
179 250158 250106 0
180 250188 250111 0
181 250197 250133 0
182 250177 250127 0
183 62674 62651 0
184 125182 125140 0
185 62635 62622 0
186 62631 62676 0
187 31373 31397 0
188 31364 31440 0
189 31426 31441 0
190 62622 62631 0
191 31357 31359 0
192 62607 62612 0
193 31418 31427 0
194 62606 62672 0
195 31412 31433 0
196 62671 62673 0
197 62605 62613 0
198 31375 31408 0
199 62606 62627 0
200 62620 62630 0
201 62635 62687 0
202 15769 15812 0
203 62653 62668 0
204 62655 62686 0
205 15750 15821 0
206 15772 15778 0
207 15772 15804 0
208 62612 62658 0
209 62625 62664 0
210 62674 62682 0
211 15762 15803 0
212 15742 15756 0
213 62645 62660 0
214 62608 62696 0
215 62601 62611 0
216 15734 15793 0
217 15728 15812 0
218 15728 15788 0
219 62651 62695 0
220 15784 15810 0
221 62659 62672 0
222 15749 15774 0
223 15733 15776 0
224 62632 62697 0
225 62663 62698 0
226 62625 62677 0
227 62626 62671 0
228 15766 15770 0
229 15726 15766 0
230 15761 15784 0
231 15735 15789 0
232 125113 125160 0
233 15739 15775 0
234 125149 125164 0
235 125197 125196 0
236 15744 15773 0
237 15731 15763 0
238 15765 15773 0
239 125120 125180 0
240 7987 8012 0
241 7953 7977 0
242 125100 125109 0
243 125164 125177 0
244 7961 7995 0
245 125126 125140 0
246 125109 125174 0
247 125159 125184 0
248 125138 125151 0
249 125122 125140 0
250 7922 8010 0
251 125152 125174 0
252 125169 125189 0
253 125100 125143 0
254 7920 7937 0
255 7930 7958 0
256 7944 7965 0
257 125124 125180 0
258 125183 125189 0
259 125130 125128 0
260 125149 125161 0
261 7923 7972 0
262 125172 125162 0
263 7941 8008 0
264 125153 125172 0
265 125131 125158 0
266 125107 125174 0
267 125165 125199 0
268 7969 8005 0
269 7918 7994 0
270 125108 125177 0
271 31408 31416 0
272 250163 250190 0
273 7944 7956 0
274 7918 7984 0
275 250106 250108 0
276 250116 250168 0
277 250159 250147 0
278 250127 250173 0
279 62622 62646 0
280 250168 250142 0
281 4085 4098 0
282 250106 250112 0
283 4011 4029 0
284 250154 250169 0
285 4058 4077 0
286 250154 250167 0
287 250143 250163 0
288 250200 250177 0
289 250139 250145 0
290 250172 250198 0
291 4061 4080 0
292 250110 250128 0
293 4069 4105 0
294 250193 250181 0
295 62615 62641 0
296 250118 250128 0
297 4007 4080 0
298 31374 31382 0
299 4014 4051 0
300 4016 4043 0
301 250105 250197 0
302 4067 4095 0
303 250162 250188 0
304 250168 250149 0
305 250139 250149 0
306 250123 250161 0
307 4007 4104 0
308 4031 4059 0
309 250171 250188 0
310 250171 250196 0
311 4048 4105 0
312 4032 4103 0
313 250173 250150 0
314 31447 31447 0
315 250111 250134 0
316 4053 4085 0
317 4050 4060 0
318 4040 4076 0
319 2085 2102 0
320 2073 2090 0
321 2074 2089 0
322 250190 250197 0
323 250163 250191 0
324 250177 250163 0
325 2082 2131 0
326 250153 250165 0
327 2105 2153 0
328 2087 2105 0
329 2060 2131 0
330 500191 500151 0
331 500199 500161 0
332 2109 2132 0
333 62681 62698 0
334 2076 2143 0
335 500166 500158 0
336 31389 31420 0
337 500120 500118 0
338 2073 2118 0
339 62634 62683 0
340 500120 500184 0
341 500125 500192 0
342 31390 31400 0
343 2060 2105 0
344 31390 31445 0
345 2066 2105 0
346 2057 2095 0
347 500191 500140 0
348 31389 31432 0
349 2061 2151 0
350 2121 2132 0
351 2096 2116 0
352 500149 500135 0
353 2054 2109 0
354 2070 2119 0
355 500175 500198 0
356 2069 2095 0
357 500152 500111 0
358 2087 2098 0
359 500133 500110 0
360 52 80 0
361 500111 500108 0
362 31 78 0
363 500162 500111 0
364 31367 31382 0
365 500152 500186 0
366 64 85 0
367 31382 31443 0
368 500115 500183 0
369 500130 500167 0
370 500135 500117 0
371 500106 500179 0
372 500144 500124 0
373 31393 31418 0
374 27 48 0
375 500146 500194 0
376 500180 500140 0
377 500143 500163 0
378 500132 500170 0
379 500124 500185 0
380 57 98 0
381 57 100 0
382 500180 500171 0
383 31363 31360 0
384 500182 500162 0
385 500191 500165 0
386 500178 500178 0
387 31408 31437 0
388 500192 500142 0
389 500122 500132 0
390 500118 500103 0
391 500169 500197 0
392 31362 31424 0
393 500147 500105 0
394 29 63 0
395 500147 500194 0
396 48 66 0
397 21 76 0
398 31415 31449 0
399 31416 31446 0
--------------
1000000 :c
1004455 :sum(p)
1000000 :sum(w)
