400 :n
id p,w,x
--------------
0 15825 15735 1
1 15802 15753 1
2 95 61 1
3 77 33 1
4 15801 15737 1
5 85 32 1
6 58 41 1
7 71 10 1
8 15808 15741 1
9 83 11 1
10 15790 15736 1
11 72 25 1
12 81 23 1
13 7993 7926 1
14 48 30 1
15 86 40 1
16 62 37 1
17 7979 7946 1
18 80 25 1
19 77 22 1
20 71 12 1
21 90 31 1
22 82 45 1
23 91 45 1
24 7979 7917 1
25 2106 2090 1
26 2101 2088 1
27 7999 7953 1
28 2128 2097 1
29 2126 2054 1
30 2130 2099 1
31 2146 2083 1
32 2135 2113 1
33 2146 2117 1
34 2087 2073 1
35 2145 2105 1
36 2141 2064 1
37 2124 2104 1
38 2105 2088 1
39 2141 2082 1
40 2125 2074 1
41 2092 2067 1
42 4100 4053 1
43 4082 4028 1
44 4041 4026 1
45 4089 4054 1
46 4106 4049 1
47 4081 4018 1
48 8005 7916 1
49 7975 7918 1
50 8003 7945 1
51 7995 7920 1
52 8006 7922 1
53 15805 15737 1
54 7986 7920 1
55 8001 7964 1
56 10 1 1
57 74 66 1
58 58 52 1
59 57 55 1
60 69 67 1
61 88 87 1
62 2122 2113 1
63 31448 31351 1
64 8006 7984 1
65 4048 4037 1
66 31445 31364 1
67 4033 4023 1
68 4080 4070 1
69 2102 2097 0
70 7993 7974 1
71 8004 7986 1
72 15763 15728 1
73 31432 31363 1
74 15774 15740 1
75 15817 15783 1
76 31416 31352 1
77 15772 15740 1
78 7963 7947 1
79 4019 4011 1
80 2124 2120 1
81 31424 31365 1
82 31429 31370 1
83 31441 31383 1
84 7961 7947 1
85 15821 15794 1
86 15809 15783 1
87 15767 15744 1
88 15795 15772 1
89 31435 31396 1
90 4098 4093 1
91 31413 31378 1
92 31423 31390 1
93 31441 31409 1
94 8010 8002 1
95 7966 7916 1
96 31431 31400 1
97 15793 15778 1
98 31390 31362 1
99 8009 8002 1
100 95 72 1
101 62664 62606 1
102 31424 31399 1
103 62654 62607 0
104 62678 62631 0
105 31450 31436 0
106 15799 15790 1
107 250109 250160 0
108 62684 62637 0
109 62686 62639 0
110 62668 62622 0
111 62686 62640 0
112 2138 2140 0
113 125186 125100 0
114 125196 125113 0
115 125199 125119 0
116 31440 31420 0
117 125194 125117 0
118 125183 125108 0
119 125192 125121 0
120 62663 62628 0
121 31370 31353 0
122 31410 31393 0
123 15734 15726 0
124 7928 7924 1
125 125186 125126 0
126 62661 62632 0
127 31391 31377 0
128 31441 31427 0
129 125187 125132 0
130 31411 31399 0
131 31377 31367 0
132 7917 7916 0
133 15751 15750 0
134 4075 4075 1
135 2124 2124 0
136 15757 15757 0
137 4066 4066 0
138 7925 7926 0
139 7966 7969 0
140 2110 2112 0
141 2070 2072 0
142 4043 4047 0
143 4084 4089 0
144 4039 4045 0
145 4073 4081 0
146 2124 2132 0
147 2113 2122 0
148 2080 2089 0
149 2058 2068 0
150 68 73 0
151 7 12 0
152 250167 250103 0
153 250180 250107 0
154 500144 500177 0
155 500109 500111 0
156 62654 62646 0
157 62656 62664 0
158 62639 62637 0
159 62632 62636 0
160 500173 500130 0
161 250122 250144 0
162 62668 62665 0
163 500142 500141 0
164 500113 500163 0
165 500194 500144 0
166 500191 500119 0
167 500123 500176 0
168 62697 62698 0
169 500183 500172 0
170 500167 500195 0
171 500103 500155 0
172 500119 500127 0
173 125184 125167 0
174 250124 250156 0
175 500191 500124 0
176 250126 250117 0
177 500193 500129 0
178 62638 62630 0
179 500153 500150 0
180 31406 31401 0
181 125152 125144 0
182 500194 500190 0
183 31406 31401 0
184 31448 31444 0
185 500182 500162 0
186 500173 500120 0
187 500184 500145 0
188 500115 500168 0
189 125131 125140 0
190 125139 125119 0
191 500113 500182 0
192 500153 500104 0
193 500177 500137 0
194 62614 62602 0
195 125128 125123 0
196 125156 125130 0
197 500121 500114 0
198 500148 500146 0
199 500111 500143 0
200 250110 250134 0
201 500196 500121 0
202 125151 125129 0
203 125172 125182 0
204 500108 500129 0
205 125190 125192 0
206 500169 500117 0
207 62673 62664 0
208 125148 125132 0
209 250162 250142 0
210 500199 500151 0
211 250190 250180 0
212 250107 250138 0
213 250137 250114 0
214 500195 500160 0
215 250158 250127 0
216 250135 250139 0
217 500108 500153 0
218 250169 250150 0
219 250109 250131 0
220 250116 250113 0
221 500117 500118 0
222 250102 250121 0
223 500127 500153 0
224 250189 250171 0
225 250189 250177 0
226 500121 500118 0
227 250200 250199 0
228 250167 250153 0
229 500103 500127 0
230 250120 250104 0
231 250159 250167 0
232 62632 62637 0
233 62670 62675 0
234 500161 500175 0
235 250199 250119 0
236 250184 250111 0
237 250167 250108 0
238 250167 250112 0
239 125176 125138 0
240 250173 250104 0
241 125198 125166 0
242 62668 62647 0
243 62668 62641 0
244 250199 250105 0
245 62651 62629 0
246 125150 125108 0
247 62649 62622 0
248 7959 7992 0
249 7924 7998 0
250 7918 7977 0
251 7931 8008 0
252 15735 15804 0
253 15727 15791 0
254 7915 7932 0
255 15726 15798 0
256 7979 8010 0
257 15739 15807 0
258 7957 7999 0
259 7929 7997 0
260 15735 15770 0
261 250120 250191 0
262 7967 8007 0
263 7918 7986 0
264 15726 15784 0
265 15787 15820 0
266 7953 7985 0
267 15728 15748 0
268 15758 15818 0
269 7920 7994 0
270 15744 15821 0
271 7953 7985 0
272 7936 8010 0
273 250135 250188 0
274 250124 250185 0
275 31390 31398 0
276 7935 8003 0
277 31353 31362 0
278 31383 31441 0
279 15778 15794 0
280 250114 250193 0
281 4032 4101 0
282 4075 4092 0
283 4069 4095 0
284 4014 4043 0
285 31381 31386 0
286 31354 31448 0
287 4007 4063 0
288 4044 4105 0
289 4022 4050 0
290 31395 31413 0
291 4054 4088 0
292 4041 4089 0
293 31410 31431 0
294 15752 15784 0
295 4049 4059 0
296 15735 15808 0
297 31373 31394 0
298 4007 4100 0
299 31390 31416 0
300 7963 7991 0
301 4071 4094 0
302 4014 4062 0
303 4075 4091 0
304 31376 31423 0
305 4050 4078 0
306 4048 4102 0
307 31365 31423 0
308 4011 4057 0
309 31361 31442 0
310 4086 4099 0
311 4075 4100 0
312 250121 250173 0
313 4010 4082 0
314 31438 31444 0
315 4028 4102 0
316 4068 4084 0
317 31405 31449 0
318 4065 4075 0
319 250114 250176 0
320 31431 31441 0
321 62612 62674 0
322 2075 2106 0
323 500108 500178 0
324 62640 62668 0
325 15772 15811 0
326 62627 62661 0
327 2100 2118 0
328 62606 62694 0
329 62614 62653 0
330 62628 62665 0
331 62610 62659 0
332 62644 62669 0
333 62613 62677 0
334 62608 62689 0
335 2064 2083 0
336 2086 2102 0
337 2058 2070 0
338 2060 2107 0
339 2057 2068 0
340 62627 62673 0
341 2058 2090 0
342 62635 62652 0
343 15747 15788 0
344 7923 8012 0
345 2065 2091 0
346 15773 15815 0
347 62632 62668 0
348 2072 2124 0
349 15762 15810 0
350 2057 2131 0
351 62608 62685 0
352 62640 62696 0
353 2105 2133 0
354 62655 62677 0
355 125108 125171 0
356 2126 2145 0
357 125108 125191 0
358 125113 125197 0
359 125133 125187 0
360 500127 500198 0
361 125130 125157 0
362 3 96 0
363 30 48 0
364 15746 15754 0
365 2 15 0
366 37 76 0
367 125121 125175 0
368 11 47 0
369 125177 125198 0
370 125137 125179 0
371 125145 125186 0
372 125117 125162 0
373 5 24 0
374 56 74 0
375 52 89 0
376 125168 125195 0
377 22 56 0
378 125117 125140 0
379 12 84 0
380 500120 500197 0
381 125113 125158 0
382 125102 125167 0
383 125128 125163 0
384 27 86 0
385 125115 125169 0
386 15779 15825 0
387 125102 125173 0
388 58 80 0
389 125122 125159 0
390 125114 125154 0
391 39 75 0
392 250144 250193 0
393 250152 250198 0
394 250135 250182 0
395 250146 250198 0
396 43 57 0
397 250125 250170 0
398 15726 15803 0
399 15762 15797 0
--------------
1000000 :c
1003994 :sum(p)
999999 :sum(w)
