400 :n
id p,w,x
--------------
0 2136 2074 1
1 2103 2083 1
2 15790 15735 1
3 15818 15747 1
4 8008 7922 1
5 8001 7946 1
6 2129 2084 1
7 80 19 1
8 8003 7971 1
9 50 12 1
10 8008 7941 1
11 7976 7947 1
12 8004 7958 1
13 7972 7927 1
14 97 37 1
15 98 85 1
16 7988 7915 1
17 7978 7922 1
18 99 37 1
19 8007 7967 1
20 4086 4048 1
21 79 31 1
22 47 2 1
23 2137 2063 1
24 84 21 1
25 4103 4071 1
26 4053 4036 1
27 4101 4042 1
28 4099 4007 1
29 85 12 1
30 4087 4048 1
31 4087 4055 1
32 66 26 1
33 4071 4013 1
34 2116 2060 1
35 4100 4058 1
36 70 42 1
37 4095 4034 1
38 23 5 1
39 4068 4015 1
40 15816 15761 1
41 4080 4009 1
42 4052 4010 1
43 2117 2077 1
44 2086 2065 1
45 2102 2082 1
46 2132 2090 1
47 2126 2056 1
48 2135 2060 1
49 46 12 1
50 2132 2055 1
51 95 47 1
52 66 30 1
53 36 2 1
54 2118 2074 1
55 7950 7929 1
56 15823 15773 1
57 15796 15746 1
58 15800 15765 1
59 15785 15736 1
60 15802 15760 1
61 7960 7937 1
62 7974 7949 1
63 7944 7921 1
64 8006 7981 1
65 61 50 1
66 91 80 1
67 31 28 1
68 43 40 1
69 63 61 1
70 2142 2130 1
71 2076 2068 1
72 4089 4074 1
73 2065 2060 1
74 7997 7979 1
75 4079 4070 1
76 15812 15778 1
77 15820 15788 1
78 31422 31359 1
79 31422 31361 1
80 7960 7945 1
81 15782 15753 1
82 15760 15735 1
83 15808 15783 1
84 31440 31391 1
85 7942 7930 1
86 62693 62602 1
87 31410 31365 1
88 2141 2138 1
89 7926 7916 1
90 4066 4061 0
91 31445 31407 1
92 15773 15754 1
93 31410 31374 1
94 62692 62624 1
95 15746 15729 1
96 15776 15759 1
97 15805 15790 1
98 68 48 1
99 62669 62608 1
100 31408 31375 1
101 31407 31379 1
102 62659 62606 0
103 15783 15770 0
104 62700 62687 0
105 31450 31433 0
106 15743 15765 0
107 15813 15800 1
108 15823 15810 1
109 62688 62637 0
110 31415 31390 0
111 62659 62610 0
112 7924 7918 1
113 2113 2118 0
114 31376 31354 0
115 31381 31359 0
116 15770 15760 0
117 7936 7931 0
118 125189 125112 0
119 62642 62605 0
120 62680 62643 0
121 31402 31384 0
122 62636 62602 0
123 4090 4088 0
124 31369 31354 0
125 62674 62646 0
126 62684 62657 0
127 7984 7981 0
128 125158 125111 0
129 125180 125134 0
130 125154 125113 0
131 125188 125147 0
132 125157 125121 0
133 125153 125118 0
134 125163 125128 0
135 125141 125107 0
136 62647 62631 0
137 31400 31392 0
138 7985 7983 0
139 125146 125115 0
140 4099 4098 1
141 250179 250120 0
142 7956 7956 0
143 4088 4091 0
144 2094 2096 1
145 2133 2136 0
146 4072 4078 0
147 4080 4087 0
148 4055 4062 0
149 2136 2143 0
150 500183 500166 0
151 62614 62601 0
152 62622 62613 0
153 500136 500142 0
154 500171 500150 0
155 500156 500150 0
156 250189 250173 0
157 62656 62656 0
158 62660 62647 0
159 500181 500177 0
160 500164 500120 0
161 500182 500110 0
162 500165 500155 0
163 500168 500126 0
164 500162 500146 0
165 500193 500138 0
166 500148 500158 0
167 125160 125152 0
168 500179 500128 0
169 500189 500138 0
170 500193 500154 0
171 500109 500104 0
172 250171 250154 0
173 125139 125131 0
174 500200 500129 0
175 500164 500103 0
176 500178 500126 0
177 500192 500150 0
178 15730 15730 0
179 500186 500111 0
180 250192 250180 0
181 250159 250154 0
182 125132 125112 0
183 250157 250119 0
184 250199 250188 0
185 250196 250196 0
186 31363 31356 0
187 250170 250177 0
188 250149 250118 0
189 125129 125113 0
190 125136 125117 0
191 250169 250134 0
192 250176 250182 0
193 250163 250165 0
194 31404 31397 0
195 125127 125118 0
196 125174 125166 0
197 125182 125185 0
198 125121 125111 0
199 250154 250153 0
200 250104 250109 0
201 250159 250151 0
202 250148 250132 0
203 250200 250187 0
204 250188 250138 0
205 500141 500153 0
206 250168 250149 0
207 500182 500160 0
208 250190 250188 0
209 250195 250162 0
210 250159 250132 0
211 62696 62688 0
212 62676 62669 0
213 62644 62642 0
214 62675 62672 0
215 62656 62648 0
216 500158 500116 0
217 500177 500128 0
218 250156 250127 0
219 250131 250109 0
220 31424 31433 0
221 31406 31432 0
222 15757 15816 0
223 31390 31406 0
224 31366 31403 0
225 15767 15783 0
226 15762 15786 0
227 31373 31414 0
228 15760 15794 0
229 15797 15817 0
230 31366 31445 0
231 31398 31450 0
232 31364 31382 0
233 15734 15823 0
234 15790 15791 0
235 15742 15757 0
236 31399 31414 0
237 15742 15783 0
238 31360 31400 0
239 31402 31442 0
240 7943 7973 0
241 31384 31443 0
242 31354 31370 0
243 31405 31440 0
244 7925 8000 0
245 31355 31372 0
246 7954 8003 0
247 31356 31360 0
248 31373 31416 0
249 31414 31444 0
250 7960 7993 0
251 31408 31432 0
252 31352 31382 0
253 7943 7990 0
254 7934 7999 0
255 31375 31446 0
256 7942 7949 0
257 7971 7978 0
258 31379 31406 0
259 62621 62684 0
260 62639 62699 0
261 7913 7948 0
262 7979 8006 0
263 62603 62607 0
264 62675 62681 0
265 62609 62678 0
266 62606 62654 0
267 62656 62696 0
268 7929 7974 0
269 7944 7981 0
270 62609 62674 0
271 62605 62673 0
272 62609 62627 0
273 7989 8000 0
274 7952 7970 0
275 7977 7983 0
276 62632 62640 0
277 7924 7930 0
278 62611 62645 0
279 4008 4021 0
280 4009 4059 0
281 31383 31410 0
282 62655 62697 0
283 4007 4031 0
284 4041 4052 0
285 62636 62662 0
286 4062 4106 0
287 62655 62694 0
288 62627 62679 0
289 62632 62650 0
290 4066 4101 0
291 500177 500192 0
292 4013 4056 0
293 62641 62678 0
294 125144 125162 0
295 125120 125185 0
296 4078 4106 0
297 4026 4042 0
298 125121 125146 0
299 4025 4077 0
300 4011 4070 0
301 125189 125193 0
302 4045 4089 0
303 125104 125132 0
304 4019 4103 0
305 15739 15806 0
306 125108 125125 0
307 125163 125181 0
308 15773 15808 0
309 4007 4035 0
310 125113 125178 0
311 4008 4041 0
312 4037 4062 0
313 125129 125158 0
314 125168 125189 0
315 4050 4070 0
316 4039 4067 0
317 125140 125171 0
318 125151 125173 0
319 125133 125188 0
320 2071 2153 0
321 2116 2140 0
322 2079 2101 0
323 125140 125192 0
324 125122 125178 0
325 2081 2121 0
326 2056 2090 0
327 2062 2140 0
328 125109 125195 0
329 125101 125144 0
330 2085 2113 0
331 15756 15823 0
332 125160 125166 0
333 125120 125163 0
334 2055 2088 0
335 2135 2147 0
336 2070 2117 0
337 2090 2116 0
338 2064 2095 0
339 2075 2149 0
340 15812 15818 0
341 125124 125133 0
342 15763 15789 0
343 2076 2152 0
344 2105 2147 0
345 15767 15800 0
346 2079 2099 0
347 2059 2116 0
348 2087 2123 0
349 125106 125156 0
350 250109 250170 0
351 2060 2085 0
352 250186 250195 0
353 250105 250195 0
354 250149 250188 0
355 250105 250115 0
356 250121 250167 0
357 250173 250182 0
358 250121 250130 0
359 4 42 0
360 32 86 0
361 41 55 0
362 4 94 0
363 45 74 0
364 26 46 0
365 25 80 0
366 47 79 0
367 250106 250127 0
368 250120 250131 0
369 250114 250160 0
370 63 94 0
371 250105 250157 0
372 4 76 0
373 250103 250136 0
374 250128 250145 0
375 27 77 0
376 250101 250185 0
377 500101 500182 0
378 500127 500184 0
379 500146 500168 0
380 500106 500157 0
381 500118 500198 0
382 500151 500193 0
383 2 44 0
384 500123 500155 0
385 500157 500184 0
386 500130 500166 0
387 32 84 0
388 39 69 0
389 500122 500149 0
390 36 75 0
391 59 75 0
392 500146 500175 0
393 500139 500164 0
394 49 99 0
395 10 51 0
396 500130 500174 0
397 500141 500190 0
398 15769 15815 0
399 15737 15745 0
--------------
1000000 :c
1004008 :sum(p)
999998 :sum(w)
