400 :n
id p,w,x
--------------
0 31412 31352 1
1 31448 31370 1
2 31418 31359 1
3 31443 31388 1
4 31409 31353 1
5 89 43 1
6 15800 15740 1
7 15810 15736 1
8 74 24 1
9 15821 15751 1
10 7974 7925 1
11 8002 7940 1
12 93 45 1
13 93 50 1
14 8010 7953 1
15 99 58 1
16 72 18 1
17 92 2 1
18 7989 7940 1
19 8001 7917 1
20 48 13 1
21 8007 7955 1
22 7978 7918 1
23 2130 2076 1
24 7984 7924 1
25 2124 2067 1
26 4070 4028 1
27 4090 4011 1
28 2139 2081 1
29 2109 2060 1
30 2133 2077 1
31 2114 2067 1
32 2122 2069 1
33 2107 2054 1
34 2144 2089 1
35 2128 2083 1
36 2107 2058 1
37 4100 4034 1
38 2150 2077 1
39 4097 4049 1
40 4070 4024 1
41 4087 4025 1
42 4099 4047 1
43 4063 4012 1
44 4098 4062 1
45 23 2 1
46 16 6 1
47 36 14 1
48 42 28 1
49 89 63 1
50 96 70 1
51 41 32 1
52 47 41 1
53 86 79 1
54 97 90 1
55 33 31 1
56 48 46 1
57 2101 2068 1
58 2149 2118 1
59 2108 2084 1
60 2098 2078 1
61 4048 4016 1
62 2130 2114 1
63 4059 4039 1
64 4069 4049 1
65 7983 7947 1
66 7993 7958 1
67 7946 7913 1
68 7984 7953 1
69 4086 4072 1
70 7979 7955 1
71 7995 7972 1
72 2093 2087 1
73 7950 7929 1
74 15817 15776 1
75 15786 15747 1
76 15800 15761 1
77 15772 15734 1
78 2133 2128 1
79 7985 7967 1
80 4093 4084 1
81 15775 15741 1
82 8009 7994 1
83 31436 31389 1
84 15753 15730 1
85 2111 2108 0
86 7928 7918 1
87 62682 62603 1
88 8012 8002 1
89 31387 31352 1
90 31432 31398 1
91 15772 15756 1
92 31410 31379 1
93 31398 31368 1
94 8003 7996 1
95 62699 62651 1
96 15770 15758 1
97 62693 62646 1
98 4092 4089 1
99 72 38 1
100 15776 15765 1
101 125190 125103 0
102 125167 125104 0
103 62699 62662 0
104 31448 31440 0
105 125165 125193 0
106 62678 62636 0
107 125191 125108 0
108 62689 62648 0
109 62688 62649 0
110 125186 125121 0
111 125187 125123 0
112 15819 15824 0
113 31402 31386 0
114 125189 125130 0
115 2151 2150 1
116 31423 31409 1
117 15810 15803 1
118 125191 125136 0
119 125164 125111 0
120 15735 15729 0
121 62681 62658 0
122 125150 125105 0
123 125167 125123 0
124 62650 62628 0
125 31440 31429 0
126 125166 125127 0
127 62689 62671 0
128 250183 250117 0
129 125141 125109 0
130 62657 62641 0
131 15799 15795 0
132 125136 125105 0
133 250171 250110 0
134 31426 31423 0
135 90 90 1
136 2097 2097 0
137 15770 15771 0
138 31447 31449 0
139 4067 4070 0
140 7918 7924 0
141 2107 2109 0
142 2082 2084 0
143 2115 2118 0
144 2087 2090 0
145 4083 4090 0
146 4073 4081 0
147 4027 4036 0
148 4057 4067 0
149 2130 2139 0
150 89 92 0
151 42 44 0
152 60 69 0
153 23 28 0
154 4 5 0
155 16 24 0
156 250128 250108 0
157 500166 500131 0
158 250177 250147 0
159 500200 500131 0
160 250197 250164 0
161 62678 62664 0
162 250181 250132 0
163 250183 250124 0
164 125139 125113 0
165 250191 250198 0
166 500150 500153 0
167 250164 250157 0
168 250151 250135 0
169 62606 62610 0
170 500140 500118 0
171 500172 500193 0
172 250200 250188 0
173 62696 62698 0
174 500145 500171 0
175 250107 250117 0
176 62654 62655 0
177 500180 500153 0
178 500129 500112 0
179 62626 62626 0
180 250190 250194 0
181 62680 62684 0
182 250136 250142 0
183 62612 62616 0
184 500128 500136 0
185 500153 500168 0
186 250127 250126 0
187 500151 500139 0
188 500162 500148 0
189 250192 250186 0
190 500126 500149 0
191 250118 250134 0
192 125117 125123 0
193 500177 500180 0
194 125141 125143 0
195 500119 500147 0
196 500126 500113 0
197 250125 250127 0
198 125127 125127 0
199 125199 125193 0
200 500174 500151 0
201 500169 500196 0
202 125116 125109 0
203 125153 125146 0
204 500124 500109 0
205 62643 62645 0
206 250186 250185 0
207 250116 250125 0
208 500130 500156 0
209 250168 250117 0
210 62686 62678 0
211 500189 500143 0
212 250143 250116 0
213 250188 250166 0
214 500176 500143 0
215 500188 500105 0
216 500141 500101 0
217 250150 250120 0
218 500147 500107 0
219 125125 125115 0
220 500151 500112 0
221 500192 500111 0
222 250143 250117 0
223 500165 500118 0
224 500162 500115 0
225 500199 500132 0
226 31402 31415 0
227 31393 31427 0
228 31353 31432 0
229 15755 15769 0
230 31430 31450 0
231 15731 15797 0
232 31351 31428 0
233 15793 15822 0
234 15787 15810 0
235 15764 15813 0
236 250101 250140 0
237 15781 15793 0
238 15747 15773 0
239 7938 7992 0
240 7936 7997 0
241 31351 31378 0
242 125110 125187 0
243 31383 31389 0
244 31386 31415 0
245 7926 8005 0
246 7940 7968 0
247 31377 31412 0
248 250132 250184 0
249 7915 7932 0
250 7993 8002 0
251 7944 7962 0
252 31413 31430 0
253 7937 7992 0
254 31361 31443 0
255 7914 7923 0
256 7987 8004 0
257 31422 31430 0
258 7917 8005 0
259 31364 31386 0
260 7943 7968 0
261 31402 31424 0
262 7959 7970 0
263 7919 7960 0
264 250115 250165 0
265 31361 31424 0
266 31364 31385 0
267 250129 250167 0
268 7928 8008 0
269 31362 31403 0
270 7987 8000 0
271 7965 7992 0
272 31358 31371 0
273 7918 7968 0
274 250163 250188 0
275 15798 15804 0
276 250113 250142 0
277 125125 125195 0
278 7927 7981 0
279 4033 4103 0
280 4038 4053 0
281 250118 250150 0
282 125118 125168 0
283 31406 31432 0
284 250137 250189 0
285 4008 4031 0
286 4019 4074 0
287 31378 31421 0
288 4063 4077 0
289 4021 4078 0
290 4037 4056 0
291 4026 4078 0
292 31384 31429 0
293 250130 250152 0
294 4023 4067 0
295 250106 250124 0
296 31380 31449 0
297 4012 4068 0
298 4026 4063 0
299 250150 250198 0
300 15737 15777 0
301 31416 31426 0
302 31370 31415 0
303 15772 15824 0
304 4020 4096 0
305 125165 125193 0
306 62613 62670 0
307 250104 250181 0
308 4045 4083 0
309 250112 250187 0
310 15742 15806 0
311 4012 4023 0
312 250143 250184 0
313 4057 4094 0
314 4039 4054 0
315 4021 4074 0
316 4066 4095 0
317 4015 4045 0
318 4034 4051 0
319 62648 62674 0
320 250119 250143 0
321 2107 2126 0
322 15732 15751 0
323 500123 500173 0
324 15735 15785 0
325 62640 62678 0
326 62604 62614 0
327 62610 62670 0
328 62603 62700 0
329 2098 2114 0
330 62614 62676 0
331 500113 500193 0
332 2074 2146 0
333 62675 62697 0
334 2061 2108 0
335 62608 62651 0
336 2074 2137 0
337 15726 15788 0
338 62641 62671 0
339 2065 2110 0
340 500131 500172 0
341 2089 2135 0
342 500110 500176 0
343 2096 2144 0
344 62629 62661 0
345 2116 2148 0
346 500127 500185 0
347 62647 62671 0
348 2086 2115 0
349 2106 2144 0
350 62605 62647 0
351 62628 62658 0
352 62608 62617 0
353 2068 2144 0
354 15732 15801 0
355 62608 62691 0
356 2056 2088 0
357 500121 500177 0
358 62602 62648 0
359 12 94 0
360 10 54 0
361 22 42 0
362 15793 15820 0
363 62613 62697 0
364 1 18 0
365 62609 62682 0
366 62681 62690 0
367 500103 500160 0
368 125128 125199 0
369 15785 15801 0
370 125120 125142 0
371 500112 500144 0
372 27 96 0
373 125118 125154 0
374 125103 125112 0
375 5 56 0
376 125100 125173 0
377 15 43 0
378 125127 125171 0
379 15740 15782 0
380 15755 15801 0
381 15784 15792 0
382 15743 15822 0
383 49 77 0
384 125103 125164 0
385 500123 500188 0
386 125103 125128 0
387 125139 125167 0
388 25 77 0
389 125116 125145 0
390 5 56 0
391 500109 500157 0
392 14 42 0
393 125124 125179 0
394 1 51 0
395 125112 125155 0
396 125105 125155 0
397 125125 125196 0
398 15775 15795 0
399 15749 15794 0
--------------
1000000 :c
1003831 :sum(p)
1000000 :sum(w)
