400 :n
id p,w,x
--------------
0 81 2 1
1 25 3 1
2 88 21 1
3 75 28 1
4 73 29 1
5 65 31 1
6 88 48 1
7 36 22 1
8 34 22 1
9 52 36 1
10 27 21 1
11 53 43 1
12 45 38 1
13 69 60 1
14 32 28 1
15 83 77 1
16 2137 2058 1
17 2119 2054 1
18 2128 2067 1
19 2114 2059 1
20 2111 2058 1
21 2138 2088 1
22 2116 2072 1
23 4105 4026 1
24 2115 2076 1
25 4081 4007 1
26 2093 2060 1
27 2097 2064 1
28 4085 4027 1
29 77 76 1
30 2115 2088 1
31 2084 2060 1
32 8007 7922 1
33 4054 4011 1
34 99 98 1
35 4067 4026 1
36 2118 2097 1
37 7992 7920 1
38 8009 7937 1
39 2124 2105 1
40 7999 7928 1
41 4068 4036 1
42 4085 4053 1
43 7990 7928 1
44 2071 2055 1
45 2115 2099 1
46 4086 4056 1
47 8012 7959 1
48 4047 4022 1
49 7965 7917 1
50 8010 7963 1
51 7998 7952 1
52 8012 7966 1
53 7999 7955 1
54 7986 7944 1
55 4069 4050 1
56 7976 7939 1
57 7992 7956 1
58 7997 7961 1
59 8008 7972 1
60 2104 2095 1
61 15809 15744 1
62 15821 15757 1
63 15801 15738 1
64 4054 4038 1
65 4079 4063 1
66 7943 7915 1
67 15780 15727 1
68 15800 15749 1
69 4106 4093 1
70 15822 15772 1
71 7953 7928 1
72 7960 7938 1
73 31444 31362 1
74 2145 2140 1
75 31425 31353 1
76 7937 7919 1
77 15770 15736 1
78 15823 15790 1
79 31424 31360 1
80 31438 31374 1
81 15817 15786 1
82 4082 4074 1
83 7963 7948 1
84 31448 31390 1
85 31417 31361 1
86 4042 4035 1
87 8005 7992 1
88 31437 31387 1
89 31442 31394 1
90 31418 31371 1
91 31430 31383 1
92 15762 15742 1
93 15771 15751 1
94 15804 15784 1
95 15796 15737 1
96 62692 62615 1
97 62686 62606 1
98 62668 62601 0
99 62688 62624 0
100 15773 15757 1
101 62689 62671 0
102 15822 15806 1
103 15 69 0
104 15806 15790 1
105 31412 31382 1
106 15747 15734 0
107 62663 62612 0
108 7936 7930 0
109 4043 4040 1
110 4062 4059 0
111 62647 62601 0
112 31425 31403 0
113 4097 4100 0
114 4039 4042 0
115 2113 2116 0
116 42 45 0
117 10 13 0
118 31412 31395 0
119 62643 62605 0
120 31367 31356 0
121 125188 125118 0
122 125185 125120 0
123 62684 62648 0
124 62665 62622 0
125 62660 62625 0
126 125192 125169 0
127 250187 250128 0
128 250193 250130 0
129 31377 31369 0
130 250180 250133 0
131 125195 125174 0
132 62678 62662 0
133 125172 125151 0
134 62639 62625 0
135 250174 250113 0
136 125158 125125 0
137 125172 125141 0
138 62627 62608 0
139 125181 125147 0
140 250156 250109 0
141 125169 125149 0
142 125130 125109 0
143 250164 250114 0
144 62617 62605 0
145 250156 250108 0
146 62622 62602 0
147 31436 31427 0
148 250176 250141 0
149 250119 250107 0
150 250114 250118 0
151 250179 250163 0
152 250138 250128 0
153 62624 62620 0
154 250121 250104 0
155 250176 250156 0
156 250151 250155 0
157 250181 250145 0
158 250168 250170 0
159 250158 250160 0
160 250141 250145 0
161 250157 250156 0
162 250164 250139 0
163 250138 250107 0
164 125191 125183 0
165 250142 250145 0
166 500160 500121 0
167 500130 500132 0
168 500189 500118 0
169 15769 15768 0
170 125180 125171 0
171 500178 500136 0
172 500158 500150 0
173 500163 500143 0
174 125160 125149 0
175 500109 500113 0
176 125174 125157 0
177 31375 31374 0
178 500195 500117 0
179 125163 125144 0
180 500179 500190 0
181 31447 31443 0
182 500200 500136 0
183 500136 500142 0
184 125156 125148 0
185 125178 125161 0
186 500123 500116 0
187 500145 500154 0
188 500174 500158 0
189 500140 500102 0
190 500126 500126 0
191 125154 125154 0
192 500120 500119 0
193 125196 125182 0
194 125109 125106 0
195 500171 500138 0
196 125113 125107 0
197 500178 500185 0
198 500183 500113 0
199 15735 15733 0
200 15743 15741 0
201 62612 62608 0
202 250194 250166 0
203 250174 250178 0
204 125157 125102 0
205 62650 62620 0
206 31418 31400 0
207 125179 125124 0
208 15740 15733 0
209 15768 15778 0
210 15739 15764 0
211 31393 31412 0
212 31387 31398 0
213 15744 15789 0
214 31391 31410 0
215 31380 31429 0
216 15787 15810 0
217 15783 15810 0
218 31410 31448 0
219 31353 31379 0
220 31398 31432 0
221 31379 31419 0
222 15750 15769 0
223 15739 15799 0
224 15765 15790 0
225 31426 31439 0
226 31355 31436 0
227 31374 31394 0
228 15759 15778 0
229 31356 31414 0
230 15781 15821 0
231 15773 15797 0
232 31361 31386 0
233 31446 31450 0
234 31352 31363 0
235 15794 15822 0
236 31391 31448 0
237 31352 31449 0
238 15733 15795 0
239 7926 7995 0
240 7923 7986 0
241 7947 7950 0
242 31425 31426 0
243 31363 31389 0
244 7948 7992 0
245 31436 31443 0
246 7972 7996 0
247 31370 31446 0
248 62652 62678 0
249 8004 8005 0
250 62631 62661 0
251 7940 7959 0
252 7963 8004 0
253 62605 62635 0
254 62610 62676 0
255 7934 7989 0
256 7913 7940 0
257 62642 62678 0
258 62665 62686 0
259 62670 62687 0
260 62622 62678 0
261 62608 62624 0
262 7941 8005 0
263 62669 62689 0
264 62642 62660 0
265 7990 8003 0
266 7984 8001 0
267 62606 62699 0
268 62611 62677 0
269 62639 62663 0
270 7934 7998 0
271 62611 62665 0
272 7914 7963 0
273 62655 62657 0
274 62664 62679 0
275 62616 62686 0
276 7991 8006 0
277 7985 8007 0
278 62653 62659 0
279 4007 4037 0
280 4040 4047 0
281 62641 62666 0
282 62656 62680 0
283 125126 125164 0
284 4074 4084 0
285 125133 125172 0
286 125119 125127 0
287 4068 4082 0
288 125112 125120 0
289 4007 4100 0
290 125101 125180 0
291 125112 125166 0
292 4029 4075 0
293 4018 4092 0
294 125116 125151 0
295 4017 4034 0
296 4012 4102 0
297 4018 4041 0
298 15761 15778 0
299 125107 125174 0
300 125144 125171 0
301 4035 4055 0
302 4008 4047 0
303 4069 4074 0
304 4066 4087 0
305 4060 4077 0
306 4023 4044 0
307 15747 15757 0
308 4075 4103 0
309 125137 125197 0
310 125122 125138 0
311 4032 4061 0
312 125108 125128 0
313 125123 125129 0
314 125171 125186 0
315 4021 4091 0
316 125124 125129 0
317 4032 4077 0
318 4018 4053 0
319 125127 125195 0
320 125109 125113 0
321 2063 2095 0
322 250105 250185 0
323 2109 2118 0
324 2090 2100 0
325 250124 250150 0
326 250119 250170 0
327 2056 2146 0
328 2093 2140 0
329 250164 250195 0
330 2078 2142 0
331 250138 250178 0
332 250149 250165 0
333 250174 250181 0
334 2068 2120 0
335 250111 250193 0
336 2055 2141 0
337 2074 2096 0
338 2099 2138 0
339 250122 250173 0
340 250125 250194 0
341 500111 500123 0
342 2099 2134 0
343 2078 2148 0
344 250140 250200 0
345 2059 2100 0
346 2056 2117 0
347 250117 250174 0
348 2092 2120 0
349 250112 250177 0
350 2076 2134 0
351 2113 2133 0
352 2059 2139 0
353 2094 2140 0
354 250117 250179 0
355 250134 250155 0
356 500120 500194 0
357 2089 2100 0
358 2063 2138 0
359 500102 500130 0
360 49 69 0
361 5 33 0
362 36 55 0
363 71 90 0
364 500116 500140 0
365 48 97 0
366 30 62 0
367 38 90 0
368 87 96 0
369 500105 500127 0
370 500167 500196 0
371 15784 15794 0
372 500163 500189 0
373 27 75 0
374 500110 500173 0
375 18 27 0
376 2 99 0
377 10 19 0
378 500150 500177 0
379 500107 500167 0
380 15755 15810 0
381 500159 500192 0
382 34 94 0
383 10 88 0
384 42 89 0
385 500112 500187 0
386 500135 500162 0
387 500132 500188 0
388 25 83 0
389 500140 500175 0
390 500105 500158 0
391 500109 500165 0
392 57 89 0
393 500121 500148 0
394 500112 500133 0
395 18 82 0
396 500118 500159 0
397 4 81 0
398 15736 15789 0
399 15744 15798 0
--------------
1000000 :c
1003902 :sum(p)
999998 :sum(w)
