400 :n
id p,w,x
--------------
0 7981 7917 1
1 98 16 1
2 8005 7937 1
3 7999 7921 1
4 7983 7919 1
5 31440 31358 1
6 2131 2066 1
7 31438 31354 1
8 96 19 1
9 92 1 1
10 2135 2070 1
11 15820 15733 1
12 15802 15747 1
13 7975 7924 1
14 8011 7913 1
15 4104 4041 1
16 4069 4015 1
17 4075 4032 1
18 77 35 1
19 2151 2065 1
20 15824 15731 1
21 4077 4010 1
22 2122 2058 1
23 4087 4028 1
24 15823 15755 1
25 15816 15741 1
26 4075 4013 1
27 15813 15750 1
28 15818 15764 1
29 4094 4021 1
30 34 4 1
31 44 23 1
32 68 41 1
33 67 43 1
34 66 54 1
35 33 29 1
36 30 27 1
37 57 52 1
38 2123 2095 1
39 2106 2082 1
40 2147 2125 1
41 4094 4055 1
42 4068 4030 1
43 4061 4024 1
44 2122 2105 1
45 4077 4049 1
46 4061 4034 1
47 2081 2068 1
48 7961 7920 1
49 7995 7954 1
50 8000 7959 1
51 4027 4008 1
52 7979 7942 1
53 7955 7923 1
54 7972 7942 1
55 4064 4049 1
56 7989 7962 1
57 7968 7942 1
58 15795 15749 1
59 2080 2074 0
60 15816 15772 1
61 7950 7928 1
62 8008 7986 1
63 7936 7915 1
64 7994 7973 1
65 8010 7989 1
66 15798 15760 1
67 7959 7942 1
68 31447 31383 1
69 15803 15771 1
70 15777 15746 1
71 15813 15784 1
72 15762 15734 1
73 31415 31362 1
74 7956 7943 1
75 31445 31396 1
76 4024 4018 0
77 62694 62602 1
78 7981 7970 1
79 15778 15758 0
80 4049 4044 0
81 2121 2097 1
82 62700 62624 1
83 31395 31357 1
84 31399 31361 1
85 62682 62609 1
86 7932 7923 0
87 2119 2059 1
88 15755 15737 1
89 62691 62626 1
90 15783 15767 0
91 62677 62617 0
92 62697 62662 0
93 4095 4104 0
94 52 93 0
95 7966 7958 1
96 31418 31389 0
97 31383 31357 0
98 31397 31372 1
99 62692 62646 0
100 125160 125110 0
101 15763 15752 0
102 62673 62630 0
103 125183 125104 0
104 62682 62643 0
105 125192 125115 0
106 31398 31379 0
107 31388 31370 0
108 62688 62654 0
109 125188 125124 0
110 62689 62657 0
111 31446 31430 0
112 31450 31434 0
113 15783 15775 0
114 62670 62640 0
115 2147 2146 0
116 31435 31425 0
117 15771 15766 0
118 15775 15770 0
119 31421 31414 0
120 15740 15737 0
121 15758 15757 0
122 99 99 0
123 15771 15777 0
124 15727 15733 0
125 15782 15789 0
126 8002 8006 0
127 15782 15791 0
128 15782 15792 0
129 4064 4067 0
130 7975 7982 0
131 7987 7996 0
132 4035 4040 0
133 4058 4065 0
134 7976 7991 0
135 7989 8006 0
136 4039 4048 0
137 7980 7998 0
138 7929 7948 0
139 2073 2080 0
140 4016 4030 0
141 4084 4099 0
142 4081 4099 0
143 4072 4092 0
144 4070 4090 0
145 4019 4040 0
146 64 65 0
147 47 48 0
148 49 54 0
149 17 19 0
150 57 68 0
151 57 69 0
152 23 30 0
153 250189 250160 0
154 125197 125172 0
155 125138 125111 0
156 62636 62621 0
157 250183 250147 0
158 62684 62669 0
159 500167 500134 0
160 250175 250114 0
161 500199 500143 0
162 500127 500106 0
163 500180 500122 0
164 250157 250125 0
165 500194 500143 0
166 250195 250143 0
167 125132 125120 0
168 250181 250119 0
169 250166 250103 0
170 500200 500105 0
171 125154 125142 0
172 125125 125111 0
173 500172 500109 0
174 125166 125131 0
175 250190 250177 0
176 250195 250133 0
177 250181 250123 0
178 250164 250145 0
179 125183 125171 0
180 250148 250143 0
181 500181 500120 0
182 125190 125144 0
183 125179 125130 0
184 62696 62674 0
185 500170 500131 0
186 500148 500118 0
187 125182 125141 0
188 250179 250147 0
189 62673 62666 0
190 125170 125130 0
191 62660 62655 0
192 125141 125103 0
193 250145 250123 0
194 500199 500165 0
195 500160 500112 0
196 500153 500109 0
197 125154 125138 0
198 125192 125173 0
199 62697 62689 0
200 250174 250169 0
201 250156 250119 0
202 500139 500130 0
203 62670 62658 0
204 125139 125125 0
205 500144 500120 0
206 62636 62695 0
207 62645 62648 0
208 15783 15809 0
209 62656 62658 0
210 62656 62660 0
211 62621 62663 0
212 62610 62666 0
213 62612 62680 0
214 62618 62700 0
215 15750 15819 0
216 15739 15757 0
217 15755 15817 0
218 62622 62627 0
219 62605 62662 0
220 15745 15819 0
221 62627 62656 0
222 62628 62681 0
223 62645 62673 0
224 15791 15811 0
225 62616 62678 0
226 31367 31375 0
227 62610 62640 0
228 62667 62700 0
229 15765 15807 0
230 15753 15801 0
231 62686 62688 0
232 62640 62656 0
233 15741 15792 0
234 62606 62694 0
235 15780 15800 0
236 15756 15791 0
237 31399 31425 0
238 62687 62690 0
239 62642 62652 0
240 125147 125192 0
241 125154 125154 0
242 125103 125193 0
243 125125 125198 0
244 500115 500107 0
245 31410 31424 0
246 125181 125182 0
247 125181 125184 0
248 125108 125185 0
249 125133 125163 0
250 125109 125158 0
251 125107 125130 0
252 125108 125165 0
253 125130 125133 0
254 125188 125191 0
255 125107 125161 0
256 31415 31436 0
257 7919 7952 0
258 7936 7972 0
259 125101 125165 0
260 125154 125168 0
261 125146 125175 0
262 125129 125178 0
263 125104 125110 0
264 31354 31372 0
265 250185 250189 0
266 250102 250191 0
267 250107 250143 0
268 250105 250169 0
269 250109 250141 0
270 250156 250170 0
271 31362 31446 0
272 250173 250177 0
273 250172 250200 0
274 250189 250195 0
275 7951 7977 0
276 31361 31419 0
277 250122 250152 0
278 31378 31381 0
279 250117 250136 0
280 250105 250136 0
281 250136 250184 0
282 250108 250170 0
283 250128 250149 0
284 31397 31448 0
285 250103 250183 0
286 31353 31414 0
287 250104 250126 0
288 250102 250197 0
289 250164 250195 0
290 31413 31413 0
291 250197 250199 0
292 250163 250191 0
293 500104 500148 0
294 500154 500169 0
295 31377 31399 0
296 500169 500190 0
297 500137 500162 0
298 500126 500186 0
299 31388 31436 0
300 500168 500190 0
301 500123 500145 0
302 31362 31433 0
303 31426 31444 0
304 31378 31450 0
305 500143 500139 0
306 500128 500173 0
307 500104 500125 0
308 500138 500158 0
309 500180 500189 0
310 500107 500121 0
311 31398 31436 0
312 31399 31434 0
313 31354 31411 0
314 31412 31442 0
315 500161 500194 0
316 500147 500158 0
317 500132 500154 0
318 500197 500193 0
319 500144 500162 0
320 500155 500188 0
321 31370 31414 0
322 500109 500122 0
323 500180 500182 0
324 500188 500195 0
325 31364 31401 0
326 31406 31440 0
327 31361 31385 0
328 500140 500104 0
329 125175 125152 0
330 500195 500163 0
331 250166 250158 0
332 125161 125130 0
333 250169 250149 0
334 250153 250146 0
335 2071 2100 0
336 2077 2152 0
337 2090 2137 0
338 2054 2106 0
339 2078 2135 0
340 2055 2146 0
341 4024 4059 0
342 2100 2150 0
343 2065 2130 0
344 4013 4050 0
345 2109 2142 0
346 4059 4092 0
347 2063 2152 0
348 2107 2123 0
349 2066 2129 0
350 4021 4049 0
351 4033 4089 0
352 4060 4104 0
353 2073 2092 0
354 2056 2128 0
355 2072 2116 0
356 2078 2117 0
357 2125 2148 0
358 4032 4059 0
359 79 99 0
360 16 82 0
361 53 88 0
362 4036 4066 0
363 30 52 0
364 27 47 0
365 4012 4044 0
366 4017 4057 0
367 4033 4057 0
368 13 72 0
369 2058 2149 0
370 2117 2153 0
371 35 67 0
372 4022 4098 0
373 2075 2126 0
374 25 59 0
375 4031 4085 0
376 62 93 0
377 7923 8004 0
378 43 86 0
379 25 51 0
380 7939 7999 0
381 34 53 0
382 12 44 0
383 7947 7997 0
384 7938 8003 0
385 2079 2136 0
386 20 93 0
387 2 77 0
388 47 81 0
389 2094 2116 0
390 7916 7973 0
391 10 97 0
392 2111 2135 0
393 51 69 0
394 48 86 0
395 7922 8011 0
396 2066 2134 0
397 15733 15816 0
398 2058 2074 0
399 2076 2094 0
--------------
1000000 :c
1003864 :sum(p)
1000000 :sum(w)
