400 :n
id p,w,x
--------------
0 91 15 1
1 99 9 1
2 4097 4018 1
3 97 29 1
4 94 6 1
5 4090 4007 1
6 99 4 1
7 90 23 1
8 8012 7917 1
9 7997 7917 1
10 2143 2056 1
11 2131 2062 1
12 4095 4030 1
13 4103 4012 1
14 58 3 1
15 56 6 1
16 35 7 1
17 77 24 1
18 81 30 1
19 42 18 1
20 66 29 1
21 67 44 1
22 12 8 1
23 61 42 1
24 60 58 1
25 2126 2063 1
26 2116 2058 1
27 2118 2060 1
28 2141 2086 1
29 2121 2068 1
30 2143 2093 1
31 2124 2077 1
32 2148 2113 1
33 2100 2066 1
34 2111 2079 1
35 4070 4009 1
36 4076 4015 1
37 4075 4023 1
38 4075 4024 1
39 2100 2074 1
40 4063 4017 1
41 4097 4053 1
42 4096 4053 1
43 4058 4016 1
44 4047 4007 1
45 2146 2125 1
46 2151 2130 1
47 4098 4059 1
48 2072 2054 1
49 2130 2116 1
50 4104 4078 1
51 4037 4012 1
52 4101 4076 1
53 7960 7914 1
54 7963 7919 1
55 7972 7929 1
56 7956 7918 1
57 4104 4085 1
58 4052 4034 1
59 7948 7913 1
60 15807 15744 1
61 8000 7969 1
62 2084 2076 1
63 15784 15726 1
64 7987 7958 1
65 15811 15755 1
66 7941 7913 1
67 15797 15745 1
68 2145 2138 1
69 15781 15731 1
70 15813 15764 1
71 7993 7969 1
72 2135 2129 1
73 4072 4044 1
74 15783 15740 1
75 15769 15727 1
76 7952 7931 1
77 15798 15758 1
78 7999 7979 1
79 2063 2058 1
80 15772 15737 1
81 15824 15789 1
82 31420 31354 1
83 31437 31372 1
84 31449 31384 1
85 15820 15792 1
86 31442 31387 1
87 8011 7997 1
88 62678 62601 1
89 15793 15767 1
90 15755 15731 1
91 15812 15788 1
92 62694 62605 1
93 31426 31387 1
94 15814 15797 1
95 7953 7945 0
96 7966 7958 1
97 15765 15750 1
98 62700 62642 1
99 31448 31362 1
100 31399 31356 1
101 31447 31418 1
102 62659 62604 0
103 250199 250122 0
104 62696 62667 0
105 31439 31431 0
106 2138 2153 0
107 62660 62606 0
108 31428 31401 1
109 15758 15746 1
110 125194 125100 0
111 31362 31352 0
112 62661 62614 0
113 62685 62638 0
114 62691 62646 0
115 62686 62643 0
116 62684 62645 0
117 125184 125107 0
118 31410 31391 0
119 125191 125122 0
120 62639 62605 0
121 62694 62661 0
122 31368 31354 0
123 15802 15795 0
124 125161 125106 0
125 125169 125119 0
126 125155 125107 0
127 31406 31394 0
128 125149 125102 0
129 125167 125124 0
130 62659 62639 0
131 15755 15750 0
132 15755 15750 0
133 31426 31402 0
134 125159 125193 0
135 28 67 0
136 125174 125138 0
137 62645 62627 0
138 31396 31387 0
139 250187 250120 0
140 125194 125162 0
141 62666 62650 0
142 62634 62619 0
143 62652 62638 0
144 31408 31401 0
145 125172 125145 0
146 250191 250139 0
147 250153 250103 0
148 125177 125152 0
149 125180 125155 0
150 250156 250108 0
151 31377 31371 0
152 250173 250129 0
153 250186 250142 0
154 125187 125165 0
155 500198 500111 0
156 500187 500105 0
157 125137 125117 0
158 31400 31395 0
159 31438 31433 0
160 250158 250120 0
161 250189 250151 0
162 250161 250126 0
163 250154 250120 0
164 500164 500101 0
165 250166 250135 0
166 125164 125149 0
167 250161 250133 0
168 250180 250152 0
169 125142 125128 0
170 125170 125156 0
171 500197 500144 0
172 500154 500102 0
173 125197 125184 0
174 500194 500143 0
175 125114 125102 0
176 500158 500113 0
177 500164 500119 0
178 500199 500155 0
179 500150 500108 0
180 250177 250157 0
181 500182 500148 0
182 250165 250149 0
183 62645 62641 0
184 15801 15800 0
185 250165 250150 0
186 500159 500132 0
187 500196 500170 0
188 250156 250143 0
189 500181 500156 0
190 250136 250125 0
191 500148 500132 0
192 500175 500159 0
193 250150 250142 0
194 125117 125113 0
195 250162 250155 0
196 500130 500119 0
197 500180 500170 0
198 250194 250189 0
199 250126 250122 0
200 250140 250136 0
201 125187 125185 0
202 62633 62632 0
203 62676 62675 0
204 62691 62690 0
205 500125 500118 0
206 250124 250121 0
207 2055 2055 0
208 500110 500112 0
209 125116 125117 0
210 500136 500140 0
211 500160 500167 0
212 500154 500161 0
213 62634 62635 0
214 250193 250197 0
215 250145 250149 0
216 500118 500131 0
217 250115 250122 0
218 62640 62642 0
219 500145 500162 0
220 500126 500143 0
221 500176 500196 0
222 500110 500132 0
223 500168 500194 0
224 500143 500169 0
225 31417 31419 0
226 250182 250199 0
227 500138 500172 0
228 500121 500156 0
229 125124 125133 0
230 250147 250167 0
231 500111 500157 0
232 31431 31434 0
233 62662 62668 0
234 125183 125196 0
235 500119 500182 0
236 500131 500195 0
237 500125 500194 0
238 125151 125169 0
239 500115 500190 0
240 500109 500184 0
241 500101 500176 0
242 125109 125128 0
243 250104 250142 0
244 250106 250145 0
245 31420 31425 0
246 500108 500190 0
247 125168 125189 0
248 250127 250171 0
249 250101 250145 0
250 15744 15747 0
251 31362 31368 0
252 250142 250197 0
253 62672 62686 0
254 62672 62686 0
255 62632 62646 0
256 250116 250175 0
257 4065 4066 0
258 4061 4062 0
259 125108 125139 0
260 31428 31436 0
261 31398 31406 0
262 125159 125193 0
263 250118 250187 0
264 62643 62661 0
265 250111 250186 0
266 250106 250184 0
267 62677 62697 0
268 62603 62623 0
269 125142 125185 0
270 250106 250192 0
271 62633 62655 0
272 62605 62628 0
273 7970 7973 0
274 125122 125170 0
275 62638 62663 0
276 125130 125180 0
277 125105 125158 0
278 125112 125167 0
279 31431 31445 0
280 2133 2134 1
281 2105 2106 0
282 125127 125192 0
283 31417 31434 0
284 125129 125197 0
285 125100 125179 0
286 125106 125189 0
287 62618 62663 0
288 62642 62689 0
289 15734 15747 0
290 31355 31382 0
291 31354 31381 0
292 31421 31449 0
293 31417 31445 0
294 7997 8005 0
295 7927 7935 0
296 31359 31391 0
297 62616 62680 0
298 62613 62677 0
299 31406 31439 0
300 62628 62699 0
301 4096 4101 0
302 31357 31398 0
303 62617 62699 0
304 15784 15806 0
305 31397 31441 0
306 2075 2078 0
307 15775 15798 0
308 15762 15785 0
309 31388 31435 0
310 31364 31412 0
311 15764 15789 0
312 7935 7948 0
313 7919 7932 0
314 15748 15776 0
315 31355 31413 0
316 15748 15780 0
317 4071 4080 0
318 4083 4093 0
319 2063 2077 0
320 2119 2135 0
321 2054 2070 0
322 80 82 1
323 87 90 0
324 58 65 0
325 12 15 1
326 54 68 0
327 3 4 1
328 30 41 0
329 49 67 0
330 26 38 0
331 26 39 0
332 20 31 0
333 6 18 0
334 4022 4050 0
335 4020 4104 0
336 2076 2114 0
337 4060 4082 0
338 4020 4071 0
339 4055 4100 0
340 7956 7994 0
341 7929 7955 0
342 7938 7983 0
343 2066 2102 0
344 7945 7962 0
345 7954 7994 0
346 7944 7961 0
347 7955 8006 0
348 2062 2152 0
349 7939 7985 0
350 7924 8005 0
351 2096 2137 0
352 7928 7975 0
353 4073 4096 0
354 2070 2134 0
355 7913 7938 0
356 2098 2148 0
357 7935 8001 0
358 7926 8002 0
359 7943 7966 0
360 7963 8004 0
361 4023 4038 0
362 7917 7981 0
363 4018 4095 0
364 7913 7954 0
365 7939 7972 0
366 45 94 0
367 2101 2126 0
368 63 100 0
369 35 57 0
370 7931 8000 0
371 15770 15811 0
372 15754 15809 0
373 4025 4093 0
374 8 32 0
375 15751 15785 0
376 59 87 0
377 15732 15793 0
378 4013 4046 0
379 15733 15766 0
380 15762 15823 0
381 66 97 0
382 15783 15824 0
383 7 63 0
384 35 88 0
385 40 99 0
386 4088 4106 0
387 2128 2145 0
388 15758 15819 0
389 4014 4037 0
390 15734 15802 0
391 2062 2095 0
392 2072 2098 0
393 15747 15779 0
394 2101 2148 0
395 31360 31431 0
396 4023 4042 0
397 52 77 0
398 4034 4085 0
399 4020 4084 0
--------------
1000000 :c
1004452 :sum(p)
1000000 :sum(w)
