400 :n
id p,w,x
--------------
0 15819 15740 1
1 15789 15741 1
2 89 55 1
3 81 29 1
4 57 38 1
5 51 32 1
6 82 69 1
7 76 58 1
8 54 48 1
9 65 21 1
10 40 21 1
11 15800 15731 1
12 77 18 1
13 82 10 1
14 82 1 1
15 72 39 1
16 81 30 1
17 87 28 1
18 73 60 1
19 90 69 1
20 98 46 1
21 50 4 1
22 2145 2066 1
23 2092 2069 1
24 2130 2102 1
25 2136 2114 1
26 2092 2064 1
27 2150 2093 1
28 2132 2114 1
29 2150 2066 1
30 2125 2112 1
31 2091 2063 1
32 2103 2055 1
33 2085 2063 1
34 15798 15743 1
35 2104 2091 1
36 2122 2089 1
37 2114 2066 1
38 2147 2071 1
39 15810 15726 1
40 2136 2095 1
41 4078 4060 1
42 4037 4022 1
43 4103 4061 1
44 4088 4042 1
45 4072 4031 1
46 4104 4090 1
47 4090 4040 1
48 4080 4035 1
49 4084 4039 1
50 4079 4060 1
51 4049 4010 1
52 4080 4059 1
53 4086 4035 1
54 8012 7936 1
55 7978 7918 1
56 7970 7941 1
57 7952 7916 1
58 7994 7955 1
59 8002 7926 1
60 7976 7919 1
61 7993 7948 1
62 7957 7931 1
63 7996 7959 1
64 7996 7963 1
65 7979 7914 1
66 7986 7957 1
67 8002 7967 1
68 7999 7970 1
69 7954 7926 1
70 8002 7936 1
71 7982 7938 1
72 31422 31362 1
73 15786 15739 1
74 4079 4067 1
75 7936 7918 1
76 4043 4032 1
77 31445 31364 1
78 15792 15756 1
79 31430 31356 1
80 15782 15741 1
81 31417 31356 1
82 10 9 1
83 2074 2067 1
84 4093 4085 1
85 31441 31383 1
86 31450 31392 1
87 15780 15751 1
88 15792 15764 1
89 4028 4021 1
90 4096 4089 1
91 15777 15753 1
92 7950 7939 1
93 31393 31352 1
94 7928 7918 0
95 4070 4065 1
96 62689 62616 1
97 62690 62622 1
98 2115 2107 1
99 15745 15728 1
100 31419 31386 1
101 31436 31403 1
102 4069 4065 0
103 31425 31395 1
104 76 31 1
105 62671 62603 1
106 15822 15807 0
107 62687 62633 0
108 31411 31384 1
109 15807 15799 0
110 4077 4103 0
111 15777 15821 0
112 31436 31411 0
113 4061 4058 0
114 4071 4068 0
115 62695 62651 0
116 62653 62612 0
117 2110 2110 1
118 62659 62618 0
119 125198 125117 0
120 125185 125105 0
121 62664 62626 0
122 31410 31391 0
123 62639 62602 0
124 62685 62648 0
125 125179 125107 0
126 62680 62644 0
127 31428 31410 0
128 125177 125116 0
129 2091 2090 0
130 15756 15749 0
131 125175 125122 0
132 62654 62629 0
133 62696 62671 0
134 15751 15745 0
135 62672 62649 0
136 125153 125108 0
137 31406 31395 0
138 125189 125149 0
139 62653 62633 0
140 15791 15786 0
141 7999 7997 0
142 4019 4019 0
143 4011 4011 0
144 2122 2123 0
145 2092 2093 0
146 2084 2086 0
147 2065 2068 0
148 2066 2070 0
149 11 13 0
150 5 8 0
151 1 6 0
152 250166 250145 0
153 500142 500125 0
154 125142 125134 0
155 62677 62668 0
156 62628 62624 0
157 125168 125162 0
158 8011 8011 0
159 31396 31395 0
160 250128 250103 0
161 500156 500120 0
162 500138 500117 0
163 500181 500103 0
164 125173 125139 0
165 500189 500167 0
166 500145 500147 0
167 125153 125128 0
168 500158 500134 0
169 250140 250134 0
170 500175 500102 0
171 62650 62634 0
172 250170 250140 0
173 125175 125144 0
174 125131 125116 0
175 125102 125100 0
176 125123 125111 0
177 500183 500123 0
178 500161 500121 0
179 500196 500149 0
180 250166 250109 0
181 250166 250161 0
182 500154 500153 0
183 125138 125127 0
184 31400 31393 0
185 250193 250169 0
186 500181 500105 0
187 500195 500152 0
188 125153 125132 0
189 500189 500178 0
190 500143 500120 0
191 250163 250119 0
192 31448 31446 0
193 125179 125148 0
194 62682 62671 0
195 250187 250159 0
196 500176 500172 0
197 31383 31380 0
198 500140 500143 0
199 125147 125135 0
200 250193 250161 0
201 125164 125150 0
202 250165 250122 0
203 125179 125154 0
204 250162 250106 0
205 125122 125108 0
206 250158 250108 0
207 250140 250104 0
208 250120 250106 0
209 250148 250134 0
210 250146 250132 0
211 500200 500131 0
212 250187 250181 0
213 500196 500144 0
214 250148 250101 0
215 500156 500178 0
216 500112 500142 0
217 500177 500199 0
218 31374 31377 0
219 31430 31434 0
220 500118 500144 0
221 250149 250156 0
222 250181 250183 0
223 500173 500183 0
224 500101 500111 0
225 250160 250165 0
226 62613 62625 0
227 500152 500169 0
228 62653 62658 0
229 500123 500134 0
230 15779 15781 0
231 500133 500147 0
232 62621 62626 0
233 62622 62626 0
234 500127 500134 0
235 500167 500199 0
236 250172 250180 0
237 500165 500194 0
238 500163 500199 0
239 125157 125162 0
240 125168 125188 0
241 125113 125123 0
242 125134 125145 0
243 500141 500164 0
244 500146 500183 0
245 250111 250127 0
246 125167 125170 0
247 500120 500187 0
248 250118 250140 0
249 125132 125148 0
250 250105 250131 0
251 125149 125152 0
252 500154 500196 0
253 250176 250182 0
254 500113 500133 0
255 500105 500196 0
256 250121 250168 0
257 250124 250129 0
258 250101 250126 0
259 15758 15756 0
260 500194 500138 0
261 62630 62629 0
262 62631 62616 0
263 250196 250187 0
264 250162 250131 0
265 62640 62625 0
266 250166 250148 0
267 7977 7988 0
268 7913 7927 0
269 7921 8011 0
270 7944 8003 0
271 7949 7958 0
272 7950 7989 0
273 7968 7978 0
274 8003 8009 0
275 250131 250180 0
276 7962 7994 0
277 15800 15812 0
278 250122 250174 0
279 4025 4099 0
280 15743 15782 0
281 4019 4050 0
282 15731 15745 0
283 15750 15759 0
284 15795 15804 0
285 7925 7976 0
286 250128 250186 0
287 4055 4083 0
288 15754 15816 0
289 4048 4088 0
290 15746 15766 0
291 15778 15805 0
292 15749 15776 0
293 15757 15806 0
294 15747 15788 0
295 15755 15769 0
296 15748 15778 0
297 4061 4098 0
298 15756 15770 0
299 15739 15820 0
300 4027 4032 0
301 4047 4081 0
302 15755 15785 0
303 4050 4094 0
304 4036 4052 0
305 4046 4066 0
306 4028 4066 0
307 4016 4097 0
308 15749 15774 0
309 4076 4083 0
310 15742 15746 0
311 15733 15744 0
312 15744 15765 0
313 31394 31430 0
314 31412 31432 0
315 31369 31398 0
316 4066 4086 0
317 4032 4090 0
318 31386 31430 0
319 2117 2149 0
320 2108 2143 0
321 31381 31413 0
322 2057 2108 0
323 31362 31383 0
324 31367 31420 0
325 7958 7966 0
326 250127 250199 0
327 31373 31414 0
328 2061 2153 0
329 2090 2128 0
330 2138 2148 0
331 31365 31393 0
332 2059 2129 0
333 31357 31442 0
334 31356 31400 0
335 31400 31425 0
336 2129 2144 0
337 250103 250175 0
338 31351 31409 0
339 2114 2141 0
340 2122 2131 0
341 31352 31367 0
342 31358 31367 0
343 31390 31421 0
344 7925 7963 0
345 31435 31445 0
346 31386 31400 0
347 31405 31433 0
348 62630 62694 0
349 2093 2104 0
350 62642 62655 0
351 2079 2106 0
352 62620 62665 0
353 7927 8000 0
354 2096 2108 0
355 62657 62678 0
356 62627 62640 0
357 2073 2104 0
358 62634 62659 0
359 62632 62699 0
360 62601 62695 0
361 25 79 0
362 62636 62662 0
363 37 53 0
364 7917 7966 0
365 41 76 0
366 24 84 0
367 27 49 0
368 62655 62669 0
369 62616 62633 0
370 62601 62693 0
371 250104 250158 0
372 44 56 0
373 22 96 0
374 1 71 0
375 62627 62682 0
376 62667 62687 0
377 125116 125197 0
378 48 57 0
379 125121 125163 0
380 125106 125145 0
381 125107 125189 0
382 125136 125181 0
383 7918 8000 0
384 8 78 0
385 125113 125172 0
386 125132 125188 0
387 19 53 0
388 125108 125164 0
389 5 47 0
390 3 64 0
391 125135 125190 0
392 125107 125148 0
393 31 67 0
394 125137 125181 0
395 23 43 0
396 250113 250172 0
397 17 28 0
398 7925 7944 0
399 7947 7954 0
--------------
1000000 :c
1004090 :sum(p)
1000000 :sum(w)
