400 :n
id p,w,x
--------------
0 31445 31362 1
1 31417 31352 1
2 67 24 1
3 65 11 1
4 76 17 1
5 86 34 1
6 86 2 1
7 76 45 1
8 83 25 1
9 69 32 1
10 95 55 1
11 80 55 1
12 91 58 1
13 64 6 1
14 74 11 1
15 31423 31354 1
16 58 3 1
17 47 1 1
18 75 4 1
19 88 8 1
20 69 33 1
21 83 44 1
22 29 10 1
23 48 20 1
24 94 18 1
25 79 48 1
26 31442 31358 1
27 65 35 1
28 94 37 1
29 31419 31356 1
30 2138 2081 1
31 2144 2056 1
32 15775 15744 1
33 2141 2095 1
34 2119 2069 1
35 15802 15734 1
36 2152 2126 1
37 2108 2070 1
38 2148 2115 1
39 2130 2100 1
40 15822 15781 1
41 2140 2054 1
42 15817 15736 1
43 2139 2088 1
44 15798 15732 1
45 2117 2079 1
46 2143 2085 1
47 2146 2120 1
48 4094 4047 1
49 4098 4076 1
50 4088 4023 1
51 4101 4043 1
52 4066 4043 1
53 4071 4013 1
54 4075 4040 1
55 15792 15732 1
56 4091 4033 1
57 15796 15729 1
58 4098 4072 1
59 4076 4035 1
60 4084 4032 1
61 4098 4011 1
62 4094 4015 1
63 7997 7963 1
64 15784 15736 1
65 7961 7936 1
66 8007 7946 1
67 7941 7918 1
68 7984 7945 1
69 8012 7942 1
70 7943 7921 1
71 7955 7916 1
72 7983 7946 1
73 8002 7938 1
74 7992 7954 1
75 7950 7920 1
76 31444 31390 1
77 31427 31374 1
78 17 7 1
79 70 62 1
80 2091 2079 1
81 2145 2135 1
82 2078 2070 1
83 2090 2082 1
84 4038 4023 1
85 2090 2083 1
86 4039 4027 1
87 2069 2064 1
88 7986 7968 1
89 7985 7968 1
90 7994 7979 1
91 15781 15753 1
92 7963 7949 1
93 7948 7935 1
94 7988 7975 1
95 15802 15777 1
96 4100 4094 1
97 7993 7982 0
98 31431 31393 1
99 15751 15732 1
100 31415 31378 1
101 62695 62626 1
102 31405 31373 1
103 31422 31390 1
104 81 24 1
105 62691 62603 1
106 62687 62613 1
107 31447 31413 0
108 62677 62615 0
109 4049 4045 1
110 31437 31433 0
111 4070 4079 0
112 500172 500171 0
113 15793 15778 1
114 15808 15793 1
115 15817 15803 0
116 62673 62618 0
117 31421 31396 0
118 2144 2143 1
119 31419 31395 0
120 15785 15773 0
121 125196 125103 0
122 4055 4052 1
123 4056 4053 1
124 62697 62651 0
125 62696 62652 0
126 125196 125111 0
127 15801 15793 0
128 7930 7926 0
129 7992 7988 0
130 4020 4018 0
131 15760 15753 0
132 15749 15744 0
133 7933 7933 0
134 7986 7986 0
135 8007 8009 0
136 4029 4032 0
137 4032 4038 0
138 2144 2148 0
139 31 33 0
140 14 15 0
141 74 81 0
142 70 80 0
143 62666 62633 0
144 125179 125106 0
145 62698 62657 0
146 31385 31366 0
147 125180 125108 0
148 31416 31401 0
149 125192 125120 0
150 125184 125114 0
151 125187 125131 0
152 125183 125125 0
153 62623 62607 0
154 62679 62681 0
155 62679 62659 0
156 62637 62635 0
157 62632 62617 0
158 62692 62693 0
159 62610 62696 0
160 62643 62639 0
161 125187 125185 0
162 31420 31426 0
163 62668 62700 0
164 31356 31441 0
165 62628 62650 0
166 62623 62607 0
167 31414 31426 0
168 125117 125169 0
169 31362 31447 0
170 62674 62698 0
171 31353 31379 0
172 62617 62673 0
173 31398 31432 0
174 62629 62604 0
175 62611 62666 0
176 125100 125115 0
177 62605 62658 0
178 31388 31384 0
179 31391 31383 0
180 31423 31413 0
181 125137 125138 0
182 31351 31376 0
183 31364 31418 0
184 125156 125185 0
185 125188 125152 0
186 31364 31405 0
187 31371 31418 0
188 31380 31410 0
189 31372 31374 0
190 31404 31401 0
191 31352 31412 0
192 31414 31421 0
193 31402 31426 0
194 31371 31406 0
195 125130 125147 0
196 31376 31401 0
197 31374 31373 0
198 31378 31398 0
199 125100 125169 0
200 15733 15755 0
201 15781 15819 0
202 15740 15760 0
203 15737 15816 0
204 125175 125162 0
205 15821 15818 0
206 125147 125116 0
207 125122 125187 0
208 15733 15775 0
209 125147 125186 0
210 125188 125153 0
211 15794 15794 0
212 125118 125161 0
213 125118 125133 0
214 15795 15816 0
215 15766 15804 0
216 250111 250142 0
217 15754 15763 0
218 250142 250195 0
219 15800 15814 0
220 125163 125183 0
221 15765 15776 0
222 15732 15802 0
223 250130 250166 0
224 15735 15770 0
225 15778 15802 0
226 15734 15804 0
227 62605 62679 0
228 15729 15796 0
229 15749 15749 0
230 15758 15784 0
231 125147 125144 0
232 15743 15757 0
233 62608 62650 0
234 15756 15783 0
235 125174 125141 0
236 250180 250114 0
237 125158 125124 0
238 15764 15796 0
239 7926 7967 0
240 7913 7991 0
241 125187 125192 0
242 62612 62601 0
243 125181 125140 0
244 250189 250156 0
245 7960 7976 0
246 7913 7917 0
247 7954 7986 0
248 250132 250114 0
249 7989 8009 0
250 250125 250195 0
251 250149 250195 0
252 250170 250138 0
253 7925 7979 0
254 250194 250146 0
255 7982 7997 0
256 125135 125173 0
257 250116 250187 0
258 7958 7978 0
259 7922 8000 0
260 7927 7981 0
261 125179 125163 0
262 250135 250130 0
263 125116 125132 0
264 7936 7992 0
265 250166 250107 0
266 62684 62689 0
267 250141 250157 0
268 250135 250200 0
269 7928 7947 0
270 7973 7991 0
271 250137 250115 0
272 125185 125140 0
273 125155 125151 0
274 62602 62653 0
275 250172 250150 0
276 250194 250184 0
277 7927 7937 0
278 8004 8011 0
279 125187 125143 0
280 4018 4042 0
281 250135 250157 0
282 4039 4080 0
283 250194 250135 0
284 4026 4076 0
285 250198 250180 0
286 125118 125136 0
287 250109 250144 0
288 4032 4074 0
289 62634 62691 0
290 125184 125165 0
291 4044 4062 0
292 250154 250125 0
293 4008 4054 0
294 4013 4047 0
295 4062 4084 0
296 250140 250188 0
297 250192 250161 0
298 250123 250174 0
299 4056 4078 0
300 4014 4052 0
301 250109 250154 0
302 4015 4049 0
303 250140 250175 0
304 4057 4100 0
305 250195 250136 0
306 62669 62669 0
307 4041 4076 0
308 250167 250137 0
309 4007 4058 0
310 250146 250174 0
311 62699 62678 0
312 125154 125123 0
313 4018 4083 0
314 250155 250137 0
315 4010 4102 0
316 250185 250107 0
317 4059 4091 0
318 125191 125150 0
319 250111 250170 0
320 250131 250101 0
321 2079 2105 0
322 2059 2081 0
323 2097 2133 0
324 2105 2122 0
325 250101 250163 0
326 250172 250162 0
327 2077 2106 0
328 2055 2122 0
329 250147 250189 0
330 2109 2131 0
331 125130 125122 0
332 250138 250159 0
333 250146 250171 0
334 500121 500185 0
335 500148 500159 0
336 2054 2133 0
337 500121 500115 0
338 2070 2151 0
339 500124 500123 0
340 2057 2138 0
341 500192 500122 0
342 500104 500200 0
343 500164 500163 0
344 62622 62656 0
345 2124 2146 0
346 2073 2132 0
347 500176 500180 0
348 2071 2141 0
349 2056 2124 0
350 500140 500111 0
351 2068 2134 0
352 500171 500144 0
353 500109 500119 0
354 2084 2133 0
355 2119 2143 0
356 2056 2152 0
357 2055 2115 0
358 500109 500103 0
359 62611 62608 0
360 62632 62696 0
361 500130 500124 0
362 25 51 0
363 38 62 0
364 500183 500151 0
365 62697 62674 0
366 500115 500176 0
367 500102 500101 0
368 500149 500150 0
369 500103 500186 0
370 18 47 0
371 500109 500190 0
372 500122 500137 0
373 17 94 0
374 500160 500168 0
375 500188 500118 0
376 500134 500111 0
377 500106 500193 0
378 500154 500171 0
379 500147 500151 0
380 500132 500106 0
381 500127 500107 0
382 500126 500187 0
383 500151 500164 0
384 62620 62686 0
385 500120 500196 0
386 500198 500170 0
387 500183 500105 0
388 500173 500147 0
389 500142 500174 0
390 33 61 0
391 500149 500171 0
392 49 67 0
393 500145 500116 0
394 37 58 0
395 500188 500117 0
396 500171 500171 0
397 22 92 0
398 62609 62694 0
399 62633 62675 0
--------------
1000000 :c
1004627 :sum(p)
999998 :sum(w)
