400 :n
id p,w,x
--------------
0 81 3 1
1 63 7 1
2 52 13 1
3 81 26 1
4 73 25 1
5 81 28 1
6 78 31 1
7 93 40 1
8 70 39 1
9 13 9 1
10 18 13 1
11 88 71 1
12 31 26 1
13 87 74 1
14 91 84 1
15 2127 2054 1
16 2116 2060 1
17 2153 2100 1
18 2126 2076 1
19 2134 2084 1
20 2140 2090 1
21 2105 2056 1
22 4103 4010 1
23 2098 2056 1
24 4099 4017 1
25 2129 2095 1
26 4083 4025 1
27 4081 4024 1
28 2089 2060 1
29 2089 2063 1
30 2108 2084 1
31 4084 4038 1
32 4063 4028 1
33 4096 4062 1
34 4094 4061 1
35 7998 7936 1
36 7988 7931 1
37 8007 7957 1
38 7969 7920 1
39 7978 7931 1
40 8005 7959 1
41 7988 7944 1
42 7988 7945 1
43 4093 4071 1
44 4066 4045 1
45 7960 7921 1
46 15822 15745 1
47 7967 7929 1
48 15821 15751 1
49 15795 15727 1
50 15815 15747 1
51 7985 7951 1
52 15819 15752 1
53 7982 7949 1
54 4069 4053 1
55 15824 15772 1
56 15801 15753 1
57 7951 7927 1
58 7958 7934 1
59 2089 2083 1
60 15806 15762 1
61 7979 7957 1
62 7982 7960 1
63 7986 7964 1
64 31437 31352 1
65 4090 4079 1
66 31448 31370 1
67 4037 4027 1
68 31449 31372 1
69 15801 15763 1
70 31435 31361 1
71 4073 4064 1
72 4085 4076 1
73 31428 31360 1
74 31437 31370 1
75 15766 15733 1
76 7994 7978 1
77 4022 4014 1
78 31419 31368 1
79 15786 15762 1
80 31413 31366 1
81 15762 15739 1
82 15803 15780 1
83 2122 2119 1
84 62699 62615 1
85 15775 15755 1
86 7977 7967 1
87 15794 15776 1
88 62690 62619 1
89 15810 15793 1
90 2124 2114 1
91 31410 31363 1
92 31406 31366 1
93 15825 15808 1
94 62682 62618 0
95 4088 4084 1
96 31447 31440 0
97 31439 31450 0
98 25 79 0
99 62692 62629 0
100 7997 7989 0
101 62690 62629 0
102 2077 2075 0
103 31425 31443 0
104 2097 2095 1
105 62659 62601 0
106 62671 62615 0
107 7928 7921 0
108 7933 7926 1
109 15798 15785 1
110 31385 31360 0
111 31385 31363 0
112 15794 15783 0
113 125196 125110 0
114 62657 62614 0
115 62652 62611 0
116 15754 15744 0
117 7921 7916 1
118 62651 62612 0
119 62674 62638 0
120 62681 62646 0
121 62694 62660 0
122 4024 4022 1
123 125177 125117 0
124 15816 15809 0
125 62641 62614 0
126 125164 125112 0
127 125164 125115 0
128 31381 31369 0
129 15750 15744 0
130 15763 15757 0
131 125183 125137 0
132 62670 62647 0
133 31401 31391 0
134 31401 31391 0
135 125161 125125 0
136 15787 15783 0
137 4035 4034 1
138 125157 125126 0
139 31372 31365 0
140 125137 125111 0
141 125157 125131 0
142 62614 62601 0
143 125172 125151 0
144 62611 62601 0
145 31395 31390 0
146 125168 125149 0
147 125186 125169 0
148 125136 125120 0
149 125156 125140 0
150 125194 125179 0
151 125196 125182 0
152 31375 31372 0
153 125151 125140 0
154 7926 7926 0
155 4066 4066 0
156 4037 4038 0
157 7997 8000 0
158 2125 2126 0
159 2091 2092 0
160 2082 2083 0
161 4015 4017 0
162 4099 4104 0
163 4069 4074 0
164 2079 2085 0
165 2070 2076 0
166 2100 2107 0
167 2078 2088 0
168 76 86 0
169 36 43 0
170 10 14 0
171 500184 500127 0
172 250183 250130 0
173 250173 250101 0
174 250173 250107 0
175 500172 500177 0
176 125180 125169 0
177 500102 500108 0
178 62630 62631 0
179 62684 62684 0
180 500143 500106 0
181 500146 500137 0
182 250134 250136 0
183 15755 15754 0
184 250178 250181 0
185 500156 500149 0
186 500124 500117 0
187 62644 62644 0
188 250198 250183 0
189 250145 250139 0
190 125124 125117 0
191 125172 125169 0
192 125111 125104 0
193 500125 500108 0
194 500200 500166 0
195 500173 500174 0
196 500151 500120 0
197 125112 125114 0
198 125103 125105 0
199 500139 500111 0
200 250120 250115 0
201 250154 250146 0
202 31413 31412 0
203 250156 250161 0
204 250127 250118 0
205 500176 500160 0
206 125100 125101 0
207 500189 500180 0
208 500170 500128 0
209 500151 500150 0
210 500125 500116 0
211 31363 31361 0
212 500196 500121 0
213 500181 500104 0
214 250195 250141 0
215 500179 500107 0
216 250149 250102 0
217 500156 500106 0
218 500180 500124 0
219 250178 250154 0
220 31362 31394 0
221 31366 31382 0
222 31423 31430 0
223 31357 31396 0
224 31372 31386 0
225 31414 31433 0
226 31395 31436 0
227 62678 62680 0
228 62651 62689 0
229 62638 62666 0
230 62646 62650 0
231 62617 62683 0
232 62644 62663 0
233 62607 62694 0
234 62636 62655 0
235 62643 62646 0
236 15793 15802 0
237 15812 15816 0
238 62605 62695 0
239 62642 62682 0
240 62645 62649 0
241 62657 62674 0
242 62635 62640 0
243 62619 62636 0
244 62629 62686 0
245 62645 62663 0
246 62671 62696 0
247 62618 62680 0
248 62609 62657 0
249 125121 125125 0
250 125132 125178 0
251 125123 125130 0
252 125101 125181 0
253 125101 125114 0
254 125147 125179 0
255 125111 125140 0
256 125100 125192 0
257 125104 125146 0
258 125143 125172 0
259 125123 125176 0
260 125117 125159 0
261 125168 125195 0
262 31398 31416 0
263 7939 7951 0
264 125109 125169 0
265 7967 7979 0
266 125111 125134 0
267 7985 7994 0
268 125151 125158 0
269 7962 7967 0
270 250132 250193 0
271 250118 250195 0
272 7978 7986 0
273 250163 250192 0
274 31354 31402 0
275 250101 250200 0
276 250106 250193 0
277 250154 250183 0
278 250101 250179 0
279 250108 250181 0
280 250121 250139 0
281 250113 250129 0
282 250117 250129 0
283 250139 250149 0
284 250142 250154 0
285 250156 250187 0
286 250116 250141 0
287 250131 250143 0
288 250137 250189 0
289 15748 15758 0
290 250166 250195 0
291 250141 250200 0
292 250168 250179 0
293 500152 500181 0
294 500116 500161 0
295 500115 500159 0
296 500113 500200 0
297 31375 31393 0
298 500160 500195 0
299 500129 500192 0
300 500122 500189 0
301 500144 500183 0
302 500112 500135 0
303 500115 500131 0
304 500141 500196 0
305 500151 500189 0
306 500160 500184 0
307 500152 500194 0
308 31352 31356 0
309 15778 15805 0
310 500131 500154 0
311 500116 500157 0
312 500137 500170 0
313 15807 15817 0
314 15762 15785 0
315 31354 31409 0
316 15780 15792 0
317 250191 250164 0
318 250185 250107 0
319 250168 250144 0
320 250178 250129 0
321 250186 250120 0
322 500190 500104 0
323 250188 250137 0
324 2055 2114 0
325 4077 4095 0
326 4048 4097 0
327 2080 2129 0
328 2128 2147 0
329 4025 4092 0
330 2124 2148 0
331 4013 4027 0
332 4025 4057 0
333 4015 4092 0
334 2111 2136 0
335 4084 4099 0
336 4016 4034 0
337 4049 4069 0
338 4030 4045 0
339 4041 4088 0
340 7929 7971 0
341 7945 7974 0
342 2054 2095 0
343 7926 7983 0
344 7955 7983 0
345 2096 2119 0
346 2093 2114 0
347 2091 2148 0
348 2102 2121 0
349 2087 2125 0
350 7977 8012 0
351 2061 2094 0
352 4071 4092 0
353 2092 2140 0
354 7928 7982 0
355 2072 2152 0
356 7988 8008 0
357 7972 8011 0
358 2063 2105 0
359 7954 8003 0
360 13 63 0
361 7964 7997 0
362 2115 2148 0
363 15750 15780 0
364 15779 15810 0
365 77 99 0
366 15737 15812 0
367 15734 15809 0
368 15 46 0
369 46 66 0
370 15756 15790 0
371 18 75 0
372 15771 15814 0
373 15738 15774 0
374 24 84 0
375 8 73 0
376 24 73 0
377 47 60 0
378 4083 4106 0
379 4 77 0
380 10 89 0
381 46 80 0
382 15754 15782 0
383 8 21 0
384 11 99 0
385 4048 4103 0
386 31376 31440 0
387 16 100 0
388 14 47 0
389 2 35 0
390 31366 31441 0
391 31369 31426 0
392 40 66 0
393 31352 31425 0
394 31366 31431 0
395 31 96 0
396 39 83 0
397 76 91 0
398 4074 4087 0
399 4067 4104 0
--------------
1000000 :c
1003821 :sum(p)
999999 :sum(w)
