400 :n
id p,w,x
--------------
0 61 12 1
1 2120 2068 1
2 15805 15737 1
3 2106 2055 1
4 15805 15749 1
5 15796 15728 1
6 15825 15767 1
7 15814 15739 1
8 15812 15741 1
9 15809 15752 1
10 15818 15742 1
11 15820 15738 1
12 15816 15728 1
13 15816 15753 1
14 7974 7929 1
15 15819 15736 1
16 2142 2087 1
17 7980 7931 1
18 2130 2054 1
19 7999 7949 1
20 7986 7939 1
21 8003 7926 1
22 8009 7952 1
23 7980 7924 1
24 2110 2058 1
25 2143 2065 1
26 4071 4011 1
27 4094 4039 1
28 4073 4014 1
29 89 40 1
30 4101 4027 1
31 4091 4032 1
32 4082 4011 1
33 2134 2061 1
34 77 11 1
35 4098 4056 1
36 93 25 1
37 4103 4061 1
38 4077 4020 1
39 96 44 1
40 2120 2073 1
41 4093 4025 1
42 2140 2082 1
43 19 1 1
44 22 8 1
45 62 39 1
46 99 68 1
47 95 73 1
48 74 57 1
49 67 55 1
50 47 39 1
51 65 56 1
52 84 80 1
53 2101 2075 1
54 31444 31384 1
55 90 45 1
56 4059 4027 1
57 31433 31356 1
58 15776 15732 1
59 7978 7943 1
60 31448 31392 1
61 2110 2095 1
62 2144 2129 1
63 2120 2106 1
64 4069 4045 1
65 4070 4047 1
66 4081 4061 1
67 2153 2143 1
68 7979 7948 1
69 7944 7916 1
70 4087 4077 0
71 7989 7971 1
72 15766 15734 1
73 15816 15786 1
74 7994 7979 1
75 15784 15755 1
76 15801 15772 1
77 31430 31378 1
78 31401 31352 1
79 4091 4085 0
80 2100 2097 0
81 7987 7976 0
82 31425 31384 1
83 31438 31397 1
84 15747 15727 1
85 62700 62621 1
86 7996 7986 0
87 4040 4035 0
88 62694 62622 1
89 62692 62621 1
90 2129 2103 1
91 31396 31361 1
92 15746 15729 0
93 31396 31363 1
94 31401 31373 0
95 7978 7971 0
96 31447 31428 0
97 15818 15821 0
98 31419 31418 0
99 31423 31397 0
100 62683 62632 1
101 62679 62631 0
102 15738 15726 0
103 31374 31353 0
104 62680 62639 0
105 62657 62618 0
106 62639 62602 0
107 15774 15765 0
108 62684 62652 0
109 4042 4040 0
110 2062 2061 0
111 31366 31353 0
112 31409 31397 0
113 7977 7974 0
114 31393 31382 0
115 31367 31357 0
116 4055 4054 0
117 31414 31408 0
118 31438 31434 0
119 31438 31434 0
120 7981 7988 0
121 62670 62645 0
122 250196 250105 0
123 62634 62612 0
124 62684 62662 0
125 125166 125112 0
126 62664 62643 0
127 62629 62609 0
128 62688 62660 0
129 125144 125107 0
130 125145 125108 0
131 125194 125134 0
132 125193 125131 0
133 125170 125108 0
134 125188 125118 0
135 15737 15767 0
136 125198 125122 0
137 7978 7978 0
138 15780 15780 0
139 15816 15816 0
140 31413 31414 0
141 31379 31382 0
142 31363 31370 0
143 7954 7956 0
144 7953 7955 0
145 7914 7916 0
146 15807 15811 0
147 15812 15818 0
148 15816 15823 0
149 4076 4079 0
150 4055 4058 0
151 15775 15789 0
152 7973 7983 0
153 15802 15823 0
154 15792 15813 0
155 15752 15773 0
156 4086 4092 0
157 4021 4029 0
158 7965 7984 0
159 7951 7973 0
160 7975 7998 0
161 7955 7978 0
162 7961 7987 0
163 7936 7962 0
164 4007 4021 0
165 4078 4093 0
166 4014 4029 0
167 4090 4106 0
168 4068 4089 0
169 2123 2134 0
170 2083 2094 0
171 4058 4080 0
172 2120 2132 0
173 4059 4083 0
174 2090 2103 0
175 2083 2097 0
176 4047 4075 0
177 2079 2094 0
178 4062 4093 0
179 4037 4068 0
180 2096 2113 0
181 2113 2132 0
182 2075 2094 0
183 2068 2089 0
184 2061 2087 0
185 90 92 0
186 78 81 0
187 16 17 0
188 81 87 0
189 27 30 1
190 53 59 0
191 8 9 0
192 15 19 0
193 59 79 0
194 45 65 0
195 45 68 0
196 23 36 0
197 46 76 0
198 49 84 0
199 15 28 0
200 20 51 0
201 10 43 0
202 8 39 0
203 500123 500129 0
204 125158 125159 0
205 125183 125192 0
206 125104 125101 0
207 125169 125167 0
208 62639 62640 0
209 500144 500169 0
210 500148 500146 0
211 250120 250126 0
212 250150 250174 0
213 250144 250130 0
214 500138 500139 0
215 250166 250180 0
216 500105 500162 0
217 500148 500138 0
218 250152 250143 0
219 500116 500165 0
220 250161 250172 0
221 500117 500137 0
222 250118 250112 0
223 250113 250127 0
224 250144 250170 0
225 500143 500170 0
226 500187 500175 0
227 500127 500136 0
228 500188 500187 0
229 125149 125140 0
230 125112 125103 0
231 500154 500119 0
232 125192 125174 0
233 500172 500121 0
234 500164 500111 0
235 125164 125134 0
236 125122 125101 0
237 125189 125170 0
238 125177 125168 0
239 250162 250135 0
240 250166 250122 0
241 500198 500141 0
242 500168 500111 0
243 125139 125113 0
244 125170 125161 0
245 500192 500120 0
246 500179 500123 0
247 500169 500123 0
248 250175 250155 0
249 125145 125134 0
250 500161 500127 0
251 250191 250169 0
252 250179 250131 0
253 250166 250115 0
254 250161 250104 0
255 250183 250143 0
256 62647 62638 0
257 62651 62638 0
258 250191 250141 0
259 250135 250103 0
260 125161 125127 0
261 250162 250128 0
262 250164 250143 0
263 125129 125119 0
264 500177 500149 0
265 500165 500169 0
266 500137 500175 0
267 500106 500130 0
268 62615 62618 0
269 500113 500131 0
270 500132 500121 0
271 500106 500131 0
272 500129 500137 0
273 500156 500195 0
274 500165 500171 0
275 62700 62698 0
276 62626 62626 0
277 125150 125153 0
278 250169 250194 0
279 250127 250124 0
280 125135 125129 0
281 125177 125183 0
282 250178 250196 0
283 125182 125175 0
284 500159 500182 0
285 500168 500167 0
286 250125 250140 0
287 500130 500139 0
288 250137 250139 0
289 500136 500183 0
290 4016 4083 0
291 62631 62649 0
292 4016 4084 0
293 62649 62681 0
294 4037 4091 0
295 62628 62655 0
296 62619 62649 0
297 4031 4072 0
298 4039 4072 0
299 62626 62634 0
300 62615 62657 0
301 62618 62668 0
302 62649 62672 0
303 62641 62666 0
304 62607 62638 0
305 62672 62687 0
306 62605 62624 0
307 62604 62618 0
308 4034 4069 0
309 31373 31414 0
310 4035 4081 0
311 31387 31437 0
312 31404 31433 0
313 7925 7986 0
314 62623 62656 0
315 7966 8012 0
316 31380 31400 0
317 62676 62698 0
318 62603 62691 0
319 62609 62647 0
320 62604 62642 0
321 62647 62691 0
322 125164 125191 0
323 2065 2123 0
324 31361 31383 0
325 125152 125182 0
326 2062 2138 0
327 31421 31443 0
328 125127 125160 0
329 125129 125158 0
330 2069 2112 0
331 125168 125192 0
332 7926 7955 0
333 2091 2126 0
334 2062 2127 0
335 31372 31383 0
336 31355 31381 0
337 2064 2148 0
338 125122 125199 0
339 125107 125161 0
340 2079 2130 0
341 125144 125166 0
342 31358 31433 0
343 125113 125136 0
344 31363 31414 0
345 2081 2133 0
346 125150 125179 0
347 7944 7991 0
348 125118 125176 0
349 7921 7956 0
350 31352 31410 0
351 125131 125169 0
352 31357 31407 0
353 250136 250184 0
354 250111 250170 0
355 2104 2144 0
356 2080 2151 0
357 2072 2152 0
358 2109 2143 0
359 250120 250162 0
360 7938 7972 0
361 31374 31428 0
362 19 55 0
363 31362 31422 0
364 31398 31448 0
365 4 69 0
366 7935 8008 0
367 250114 250179 0
368 250120 250185 0
369 7946 8003 0
370 9 60 0
371 3 46 0
372 31353 31363 0
373 7962 7992 0
374 250107 250161 0
375 500132 500193 0
376 7935 7996 0
377 250111 250164 0
378 7935 8002 0
379 250142 250187 0
380 250118 250187 0
381 7945 7981 0
382 15759 15821 0
383 250111 250163 0
384 57 98 0
385 250110 250178 0
386 15726 15805 0
387 250142 250173 0
388 15730 15791 0
389 15760 15782 0
390 15779 15802 0
391 250111 250190 0
392 500122 500189 0
393 33 94 0
394 15775 15816 0
395 500114 500198 0
396 500105 500197 0
397 500104 500190 0
398 15757 15814 0
399 15771 15821 0
--------------
1000000 :c
1004071 :sum(p)
999999 :sum(w)
