400 :n
id p,w,x
--------------
0 85 55 1
1 76 43 1
2 50 20 1
3 31430 31359 1
4 4095 4051 1
5 15818 15751 1
6 92 58 1
7 15800 15729 1
8 31434 31357 1
9 4067 4021 1
10 15824 15745 1
11 31447 31392 1
12 4078 4042 1
13 4103 4054 1
14 4082 4010 1
15 4056 4007 1
16 74 40 1
17 7976 7926 1
18 50 4 1
19 96 55 1
20 31443 31361 1
21 15800 15756 1
22 2134 2068 1
23 2115 2058 1
24 2144 2102 1
25 15820 15746 1
26 7972 7936 1
27 2105 2079 1
28 2124 2076 1
29 8002 7933 1
30 31438 31352 1
31 31448 31372 1
32 90 30 1
33 83 2 1
34 2112 2069 1
35 7977 7933 1
36 2139 2090 1
37 2148 2120 1
38 2153 2084 1
39 90 33 1
40 77 18 1
41 31418 31351 1
42 90 35 1
43 7984 7934 1
44 79 32 1
45 15804 15731 1
46 2142 2074 1
47 2127 2100 1
48 21 10 1
49 74 53 1
50 29 21 1
51 72 58 1
52 100 84 1
53 76 64 1
54 72 68 1
55 60 57 1
56 75 72 1
57 2097 2078 1
58 2121 2103 1
59 2101 2087 1
60 2073 2060 1
61 2076 2063 1
62 2125 2113 1
63 2124 2113 1
64 2085 2075 1
65 2095 2085 1
66 2126 2117 1
67 7983 7955 1
68 4045 4031 1
69 7949 7926 1
70 4095 4086 1
71 7942 7925 1
72 4057 4049 1
73 4080 4072 1
74 4085 4077 1
75 7945 7931 1
76 4090 4083 0
77 31411 31359 1
78 15816 15791 1
79 4047 4041 0
80 4050 4044 0
81 31410 31364 1
82 31433 31387 1
83 15768 15745 1
84 31435 31399 1
85 15813 15795 1
86 7932 7923 1
87 62684 62614 1
88 62693 62623 1
89 15752 15735 1
90 15755 15738 0
91 15751 15735 1
92 7980 7972 0
93 79 48 1
94 62680 62602 1
95 62670 62608 1
96 62686 62624 1
97 31424 31400 0
98 62700 62665 0
99 15822 15821 0
100 38 64 0
101 31411 31380 0
102 4100 4096 0
103 31417 31390 0
104 62648 62602 0
105 62671 62625 0
106 62652 62608 0
107 2142 2143 0
108 62700 62657 0
109 62679 62644 0
110 125198 125130 0
111 7952 7948 0
112 7978 7974 0
113 62637 62606 0
114 4077 4075 0
115 15779 15772 0
116 62690 62663 0
117 125192 125140 0
118 31443 31430 0
119 125173 125124 0
120 125192 125144 0
121 31363 31351 0
122 125196 125149 0
123 62630 62607 0
124 62669 62647 0
125 62693 62671 0
126 31419 31408 0
127 15731 15726 0
128 125146 125107 0
129 125170 125131 0
130 250194 250123 0
131 250198 250130 0
132 125148 125114 0
133 125148 125115 0
134 62680 62664 0
135 62682 62666 0
136 31426 31418 0
137 15746 15742 0
138 15808 15804 0
139 7981 7979 0
140 125187 125157 0
141 250195 250137 0
142 125195 125167 0
143 31401 31394 0
144 250183 250129 0
145 62685 62672 0
146 250200 250150 0
147 250189 250142 0
148 125165 125143 0
149 31442 31437 0
150 500180 500105 0
151 125153 125135 0
152 62635 62626 0
153 62663 62654 0
154 250178 250145 0
155 500175 500112 0
156 500180 500117 0
157 500183 500121 0
158 125195 125181 0
159 500195 500141 0
160 250173 250146 0
161 250188 250162 0
162 125173 125162 0
163 500187 500146 0
164 500152 500114 0
165 500152 500115 0
166 250197 250179 0
167 21 21 1
168 2108 2108 0
169 4093 4093 0
170 4034 4035 0
171 4061 4064 0
172 4060 4063 0
173 2104 2109 0
174 67 68 0
175 16 22 0
176 62627 62686 0
177 31426 31429 0
178 62632 62672 0
179 62627 62649 0
180 31393 31397 0
181 62646 62693 0
182 62602 62630 0
183 31401 31410 0
184 62604 62606 0
185 62670 62666 0
186 31389 31416 0
187 62680 62681 0
188 62615 62658 0
189 62649 62676 0
190 62620 62636 0
191 125155 125179 0
192 125121 125136 0
193 125133 125190 0
194 125146 125185 0
195 125164 125199 0
196 125153 125156 0
197 125169 125184 0
198 125179 125192 0
199 125148 125172 0
200 125100 125194 0
201 125128 125122 0
202 125105 125109 0
203 125128 125148 0
204 125160 125189 0
205 125145 125192 0
206 15747 15753 0
207 125114 125169 0
208 125155 125192 0
209 125106 125106 0
210 15786 15803 0
211 125132 125153 0
212 125124 125142 0
213 125118 125140 0
214 125171 125196 0
215 15763 15774 0
216 125161 125185 0
217 125162 125164 0
218 125179 125175 0
219 250162 250184 0
220 250186 250172 0
221 250111 250157 0
222 250128 250147 0
223 62666 62682 0
224 15733 15749 0
225 250105 250150 0
226 15728 15742 0
227 250181 250174 0
228 250121 250146 0
229 250170 250178 0
230 15777 15794 0
231 250172 250191 0
232 250106 250167 0
233 250155 250183 0
234 31413 31440 0
235 250159 250189 0
236 15780 15783 0
237 250197 250181 0
238 250183 250175 0
239 250130 250196 0
240 250115 250167 0
241 250119 250133 0
242 250112 250112 0
243 250103 250148 0
244 250145 250175 0
245 250172 250180 0
246 31381 31386 0
247 250107 250158 0
248 250109 250114 0
249 250127 250113 0
250 250103 250196 0
251 250197 250194 0
252 250116 250188 0
253 250161 250169 0
254 250184 250171 0
255 250136 250177 0
256 500105 500169 0
257 500120 500138 0
258 500103 500131 0
259 500169 500147 0
260 7923 7928 0
261 500137 500152 0
262 500120 500112 0
263 500152 500182 0
264 500159 500155 0
265 500156 500172 0
266 500163 500149 0
267 500134 500200 0
268 500129 500167 0
269 500149 500187 0
270 500173 500180 0
271 500137 500169 0
272 62613 62609 0
273 500101 500121 0
274 500173 500187 0
275 500117 500115 0
276 500117 500130 0
277 31377 31392 0
278 31397 31397 0
279 500162 500190 0
280 500139 500128 0
281 500121 500119 0
282 500172 500178 0
283 62624 62649 0
284 62606 62609 0
285 500151 500117 0
286 500180 500164 0
287 500143 500159 0
288 500166 500187 0
289 500189 500197 0
290 500145 500152 0
291 500111 500126 0
292 500121 500151 0
293 62640 62646 0
294 31391 31407 0
295 62672 62691 0
296 500139 500105 0
297 31439 31447 0
298 62603 62664 0
299 4034 4080 0
300 4020 4089 0
301 4028 4048 0
302 4029 4039 0
303 4047 4092 0
304 4011 4043 0
305 4080 4086 0
306 4063 4105 0
307 4044 4052 0
308 4023 4068 0
309 4033 4102 0
310 7948 7982 0
311 7924 7934 0
312 4048 4081 0
313 4016 4025 0
314 7940 7980 0
315 4012 4026 0
316 7960 7994 0
317 4071 4091 0
318 7963 7993 0
319 2118 2132 0
320 7978 7992 0
321 7972 7994 0
322 7977 8007 0
323 7959 7979 0
324 4041 4098 0
325 7931 7964 0
326 7939 7973 0
327 2086 2142 0
328 7940 8011 0
329 2082 2091 0
330 7946 8008 0
331 7949 8009 0
332 7933 7990 0
333 2074 2099 0
334 7915 7964 0
335 7947 7980 0
336 7943 8009 0
337 7922 8008 0
338 2109 2132 0
339 7940 7989 0
340 7983 8003 0
341 2063 2072 0
342 2070 2110 0
343 7924 7981 0
344 7915 7941 0
345 2077 2136 0
346 2092 2139 0
347 2057 2112 0
348 7913 7927 0
349 2056 2152 0
350 2097 2116 0
351 2069 2092 0
352 7921 7978 0
353 15764 15792 0
354 2060 2081 0
355 15784 15819 0
356 15731 15806 0
357 2091 2136 0
358 2064 2132 0
359 15781 15817 0
360 9 49 0
361 64 89 0
362 15747 15783 0
363 21 87 0
364 15785 15822 0
365 15730 15772 0
366 74 82 0
367 4044 4093 0
368 15741 15759 0
369 15747 15797 0
370 31 46 0
371 60 96 0
372 65 85 0
373 15784 15803 0
374 64 73 0
375 15751 15778 0
376 15763 15788 0
377 15771 15813 0
378 15739 15764 0
379 15740 15804 0
380 12 26 0
381 15734 15751 0
382 31370 31405 0
383 19 94 0
384 31370 31417 0
385 31361 31442 0
386 31353 31409 0
387 37 95 0
388 31397 31444 0
389 31414 31448 0
390 31406 31441 0
391 31396 31440 0
392 31363 31420 0
393 4010 4080 0
394 31352 31410 0
395 64 83 0
396 62602 62670 0
397 4 38 0
398 4077 4092 0
399 4053 4079 0
--------------
1000000 :c
1003608 :sum(p)
1000000 :sum(w)
