400 :n
id p,w,x
--------------
0 4078 4045 1
1 4099 4033 1
2 31448 31362 1
3 96 69 1
4 53 18 1
5 49 19 1
6 92 62 1
7 46 2 1
8 15806 15762 1
9 84 11 1
10 82 40 1
11 71 41 1
12 81 45 1
13 15800 15728 1
14 85 6 1
15 15817 15768 1
16 4088 4015 1
17 15777 15731 1
18 15794 15746 1
19 74 29 1
20 88 45 1
21 4091 4040 1
22 78 13 1
23 4060 4014 1
24 4091 4026 1
25 89 18 1
26 94 67 1
27 4060 4021 1
28 4091 4050 1
29 15820 15730 1
30 7962 7923 1
31 2145 2104 1
32 15813 15726 1
33 15821 15750 1
34 7988 7918 1
35 2123 2054 1
36 4066 4035 1
37 2133 2090 1
38 4041 4009 1
39 2122 2059 1
40 2125 2066 1
41 2142 2080 1
42 8012 7965 1
43 7977 7929 1
44 15821 15744 1
45 2116 2064 1
46 2096 2059 1
47 15814 15730 1
48 4078 4024 1
49 7972 7930 1
50 2115 2057 1
51 2097 2061 1
52 7993 7926 1
53 2133 2065 1
54 2130 2071 1
55 2144 2110 1
56 7987 7943 1
57 8010 7961 1
58 31 13 1
59 46 23 1
60 62 45 1
61 78 60 1
62 83 75 1
63 55 53 0
64 2151 2124 1
65 2105 2080 1
66 2139 2122 1
67 2085 2069 1
68 2096 2081 1
69 4076 4047 1
70 2150 2135 1
71 4068 4041 1
72 2095 2082 1
73 2144 2131 1
74 4065 4041 1
75 4072 4054 1
76 4023 4007 1
77 8000 7972 1
78 2111 2104 1
79 4096 4085 0
80 7999 7978 1
81 4028 4018 1
82 4049 4039 1
83 31438 31362 1
84 31443 31367 1
85 15788 15750 1
86 7986 7967 1
87 2123 2118 1
88 15791 15755 1
89 4052 4043 1
90 31425 31356 1
91 31427 31363 1
92 4052 4044 0
93 31425 31364 1
94 15794 15765 1
95 15791 15763 1
96 7956 7942 1
97 7999 7985 1
98 7934 7921 1
99 31407 31358 1
100 31435 31386 1
101 15757 15733 1
102 8007 7995 0
103 31406 31368 1
104 2083 2059 1
105 15763 15741 1
106 62684 62602 1
107 81 6 1
108 31436 31399 0
109 7963 7954 1
110 31442 31397 1
111 62680 62602 1
112 15811 15794 0
113 62688 62623 1
114 15799 15822 0
115 15770 15806 0
116 8009 8010 0
117 62656 62606 0
118 7924 7916 0
119 7933 7925 0
120 31388 31358 0
121 31417 31389 0
122 7947 7940 0
123 250199 250151 0
124 62685 62637 0
125 31412 31388 0
126 62656 62610 0
127 62696 62651 0
128 62670 62626 0
129 62681 62637 0
130 31386 31364 0
131 31448 31426 0
132 125190 125107 0
133 62650 62610 0
134 31392 31373 0
135 62665 62628 0
136 125181 125109 0
137 62690 62656 0
138 62697 62663 0
139 125190 125123 0
140 62639 62608 0
141 31401 31392 0
142 31423 31415 0
143 15733 15729 0
144 4029 4028 0
145 7986 7985 0
146 4105 4105 0
147 2066 2066 0
148 15793 15794 0
149 7974 7975 0
150 15744 15746 0
151 15789 15793 0
152 7943 7948 0
153 4033 4036 0
154 2088 2090 0
155 7943 7955 0
156 4089 4098 0
157 2146 2152 0
158 4073 4085 0
159 2125 2132 0
160 2101 2108 0
161 2087 2094 0
162 4030 4044 0
163 4090 4105 0
164 4058 4075 0
165 4010 4029 0
166 4077 4097 0
167 2072 2083 0
168 2070 2084 0
169 2109 2124 0
170 81 83 0
171 50 58 0
172 61 71 0
173 12 14 0
174 47 57 0
175 44 54 0
176 45 58 0
177 73 99 0
178 15 22 0
179 34 53 0
180 125164 125143 0
181 250141 250101 0
182 500173 500114 0
183 500188 500117 0
184 125198 125139 0
185 250158 250104 0
186 250197 250153 0
187 500191 500139 0
188 500183 500127 0
189 500173 500116 0
190 62684 62662 0
191 250159 250136 0
192 250200 250175 0
193 500156 500109 0
194 62623 62610 0
195 125126 125105 0
196 125162 125112 0
197 125128 125100 0
198 125197 125159 0
199 62684 62669 0
200 500189 500103 0
201 125165 125119 0
202 31377 31370 0
203 500190 500157 0
204 250189 250116 0
205 125185 125147 0
206 31382 31375 0
207 250151 250109 0
208 125145 125133 0
209 250179 250103 0
210 250169 250106 0
211 250181 250153 0
212 500156 500112 0
213 125138 125115 0
214 250176 250116 0
215 250176 250110 0
216 125137 125110 0
217 250140 250101 0
218 250167 250114 0
219 500197 500150 0
220 125143 125118 0
221 62635 62697 0
222 62613 62686 0
223 62606 62660 0
224 15795 15814 0
225 62632 62659 0
226 62631 62652 0
227 62605 62635 0
228 15736 15775 0
229 15758 15769 0
230 62689 62686 0
231 15759 15812 0
232 62668 62677 0
233 15767 15784 0
234 15755 15797 0
235 62643 62659 0
236 15740 15779 0
237 15779 15798 0
238 15738 15805 0
239 7913 7982 0
240 7929 7988 0
241 15736 15806 0
242 7950 8003 0
243 62665 62680 0
244 7919 7944 0
245 62665 62687 0
246 62674 62682 0
247 7921 8012 0
248 62642 62687 0
249 62601 62609 0
250 62629 62677 0
251 62607 62669 0
252 125122 125122 0
253 125118 125136 0
254 7969 7989 0
255 125160 125155 0
256 7922 7981 0
257 125172 125170 0
258 125108 125176 0
259 125131 125188 0
260 125142 125135 0
261 125139 125186 0
262 62662 62683 0
263 125193 125193 0
264 7920 7986 0
265 7925 7945 0
266 7931 7977 0
267 125151 125175 0
268 7960 7987 0
269 7952 8007 0
270 125127 125151 0
271 7977 8011 0
272 7930 7959 0
273 125174 125198 0
274 7917 7966 0
275 31364 31371 0
276 62692 62692 0
277 7915 8009 0
278 125127 125167 0
279 125149 125155 0
280 125135 125145 0
281 4019 4092 0
282 125168 125195 0
283 4030 4100 0
284 125142 125187 0
285 125133 125141 0
286 4035 4085 0
287 4021 4071 0
288 125112 125123 0
289 125180 125192 0
290 125170 125169 0
291 125115 125182 0
292 125154 125188 0
293 125171 125186 0
294 125107 125153 0
295 31412 31419 0
296 250166 250196 0
297 62626 62663 0
298 250188 250175 0
299 4007 4102 0
300 15786 15817 0
301 250120 250117 0
302 62643 62646 0
303 15778 15799 0
304 250168 250156 0
305 4018 4079 0
306 250189 250174 0
307 4019 4090 0
308 15736 15762 0
309 250148 250137 0
310 250103 250108 0
311 15731 15749 0
312 15729 15753 0
313 250110 250198 0
314 4024 4056 0
315 4037 4061 0
316 250103 250150 0
317 250117 250139 0
318 62644 62675 0
319 250156 250148 0
320 15772 15814 0
321 62629 62691 0
322 250119 250189 0
323 250152 250162 0
324 250178 250187 0
325 250111 250119 0
326 250122 250182 0
327 250179 250191 0
328 2089 2122 0
329 15732 15809 0
330 62700 62698 0
331 250113 250122 0
332 2066 2090 0
333 250162 250156 0
334 250135 250120 0
335 2056 2112 0
336 250126 250139 0
337 31359 31375 0
338 250110 250159 0
339 31408 31435 0
340 2055 2136 0
341 250111 250157 0
342 250101 250173 0
343 31404 31420 0
344 2078 2114 0
345 250146 250173 0
346 31422 31445 0
347 500181 500189 0
348 500143 500175 0
349 500139 500138 0
350 500144 500131 0
351 500150 500160 0
352 500194 500167 0
353 2079 2147 0
354 31388 31446 0
355 500191 500176 0
356 500102 500161 0
357 500172 500198 0
358 2115 2147 0
359 500161 500138 0
360 500159 500128 0
361 500185 500179 0
362 500168 500142 0
363 31392 31434 0
364 500140 500155 0
365 31369 31407 0
366 500122 500183 0
367 56 91 0
368 31403 31433 0
369 500108 500104 0
370 500168 500149 0
371 31373 31376 0
372 500161 500198 0
373 31376 31412 0
374 500146 500127 0
375 1 67 0
376 17 77 0
377 19 61 0
378 2 53 0
379 500144 500182 0
380 32 78 0
381 9 86 0
382 500115 500104 0
383 500128 500102 0
384 500143 500179 0
385 500181 500158 0
386 500162 500165 0
387 31414 31440 0
388 500102 500118 0
389 500148 500172 0
390 31358 31387 0
391 500118 500120 0
392 31395 31425 0
393 34 95 0
394 31352 31414 0
395 31354 31422 0
396 500127 500166 0
397 500138 500187 0
398 31393 31437 0
399 31358 31422 0
--------------
1000000 :c
1004575 :sum(p)
1000000 :sum(w)
