400 :n
id p,w,x
--------------
0 4085 4045 1
1 4105 4046 1
2 4101 4059 1
3 45 11 1
4 15815 15769 1
5 59 18 1
6 2094 2061 1
7 2151 2112 1
8 15817 15744 1
9 2136 2084 1
10 4068 4008 1
11 89 28 1
12 2124 2085 1
13 4055 4010 1
14 15825 15754 1
15 2153 2103 1
16 15803 15751 1
17 87 52 1
18 15780 15734 1
19 7982 7914 1
20 7990 7920 1
21 8000 7943 1
22 2120 2077 1
23 2129 2084 1
24 65 34 1
25 100 49 1
26 7997 7919 1
27 2107 2065 1
28 2100 2056 1
29 8004 7929 1
30 7993 7924 1
31 15 4 1
32 26 10 1
33 12 6 1
34 68 39 1
35 27 17 1
36 10 7 1
37 100 75 1
38 72 66 1
39 73 68 1
40 99 94 1
41 64 61 1
42 2151 2119 1
43 2104 2075 1
44 83 82 1
45 2147 2122 1
46 2150 2127 1
47 2093 2075 1
48 4054 4020 1
49 4065 4031 1
50 4087 4053 1
51 2138 2121 1
52 4064 4034 1
53 2148 2133 1
54 4058 4030 1
55 4071 4043 1
56 4072 4050 1
57 4073 4051 1
58 2083 2072 1
59 7960 7926 1
60 4061 4044 1
61 2081 2073 1
62 7983 7955 1
63 7947 7923 1
64 7995 7973 1
65 15821 15781 1
66 31447 31369 1
67 4106 4096 1
68 7949 7930 1
69 7946 7928 1
70 15807 15774 1
71 4065 4057 1
72 15805 15774 1
73 15814 15783 1
74 15782 15752 1
75 15773 15744 1
76 15788 15760 1
77 31429 31376 1
78 7943 7930 1
79 15794 15769 1
80 15803 15779 1
81 31404 31357 1
82 31412 31370 1
83 31403 31362 1
84 31411 31370 1
85 4033 4028 1
86 31392 31355 1
87 31423 31389 1
88 15776 15759 1
89 31425 31391 1
90 62698 62634 1
91 7985 7953 1
92 62678 62610 1
93 62673 62603 1
94 31395 31364 1
95 62690 62633 0
96 15754 15740 1
97 31434 31446 0
98 7959 7952 1
99 62671 62621 0
100 31421 31394 0
101 62693 62641 0
102 62696 62644 0
103 62653 62603 0
104 40 84 0
105 62700 62699 0
106 4105 4104 1
107 62665 62616 0
108 15746 15735 0
109 15802 15791 0
110 125193 125106 0
111 125197 125113 0
112 31382 31361 0
113 31397 31377 0
114 15769 15759 0
115 125180 125101 0
116 62651 62613 0
117 125180 125105 0
118 125199 125124 0
119 125172 125103 0
120 62693 62660 0
121 31388 31372 0
122 7932 7928 1
123 7947 7943 0
124 4024 4022 0
125 125191 125133 0
126 62649 62621 0
127 125160 125107 0
128 62665 62640 0
129 31386 31374 0
130 8011 8008 0
131 125163 125117 0
132 62698 62675 0
133 31366 31355 0
134 31417 31406 0
135 31372 31362 0
136 31402 31392 0
137 62698 62679 0
138 125167 125130 0
139 62646 62630 0
140 125163 125134 0
141 125127 125104 0
142 125149 125132 0
143 125154 125139 0
144 125163 125149 0
145 62656 62649 0
146 62658 62652 0
147 125159 125148 0
148 2110 2110 0
149 4083 4083 1
150 15794 15795 0
151 15799 15803 0
152 4077 4079 1
153 4047 4050 0
154 7946 7952 0
155 4054 4058 0
156 7951 7959 0
157 7931 7942 0
158 2117 2120 0
159 7957 7970 0
160 2136 2142 0
161 4007 4019 0
162 2116 2131 0
163 62 63 0
164 74 77 0
165 76 85 0
166 55 63 0
167 58 69 0
168 68 82 0
169 41 51 0
170 42 56 0
171 25 44 0
172 11 33 0
173 9 31 0
174 500124 500112 0
175 500167 500144 0
176 500185 500141 0
177 250144 250112 0
178 500126 500114 0
179 500176 500126 0
180 500195 500107 0
181 250189 250111 0
182 250164 250110 0
183 500165 500130 0
184 500198 500115 0
185 250179 250144 0
186 500174 500109 0
187 250190 250179 0
188 250138 250112 0
189 500149 500123 0
190 250151 250130 0
191 500169 500126 0
192 500159 500141 0
193 500180 500129 0
194 500196 500128 0
195 250162 250144 0
196 250180 250154 0
197 250165 250145 0
198 250159 250122 0
199 125160 125155 0
200 500152 500104 0
201 250122 250108 0
202 15736 15801 0
203 62619 62678 0
204 62660 62696 0
205 15790 15800 0
206 15782 15810 0
207 62674 62677 0
208 15762 15800 0
209 62618 62619 0
210 15735 15817 0
211 15743 15762 0
212 15732 15753 0
213 15737 15782 0
214 31361 31445 0
215 15745 15814 0
216 62655 62683 0
217 62629 62690 0
218 15793 15818 0
219 15784 15801 0
220 62652 62658 0
221 62622 62672 0
222 62642 62675 0
223 62603 62698 0
224 15744 15799 0
225 15800 15817 0
226 15740 15767 0
227 15739 15811 0
228 62613 62685 0
229 15768 15807 0
230 15732 15785 0
231 62604 62677 0
232 62631 62630 0
233 62611 62622 0
234 15745 15792 0
235 125136 125195 0
236 125173 125197 0
237 15732 15799 0
238 125114 125144 0
239 125110 125193 0
240 125108 125198 0
241 125141 125148 0
242 7921 7986 0
243 7922 8010 0
244 125127 125136 0
245 7966 8004 0
246 7962 8012 0
247 125131 125153 0
248 62610 62623 0
249 125101 125169 0
250 125140 125158 0
251 125130 125173 0
252 7945 7980 0
253 125118 125122 0
254 125137 125135 0
255 7932 7971 0
256 7981 8000 0
257 125112 125184 0
258 125146 125197 0
259 125121 125123 0
260 62656 62693 0
261 125154 125173 0
262 125137 125199 0
263 7961 7994 0
264 7913 7948 0
265 62605 62634 0
266 7950 7979 0
267 7925 7984 0
268 7927 7984 0
269 7940 7993 0
270 125129 125126 0
271 7915 7993 0
272 7918 7963 0
273 62660 62679 0
274 125124 125140 0
275 125141 125168 0
276 7953 7982 0
277 7955 7991 0
278 7971 7997 0
279 4009 4051 0
280 4048 4092 0
281 31356 31444 0
282 4022 4081 0
283 62644 62659 0
284 125147 125194 0
285 31368 31378 0
286 125102 125155 0
287 4044 4064 0
288 250143 250179 0
289 4068 4095 0
290 4009 4066 0
291 250123 250171 0
292 4015 4066 0
293 250118 250161 0
294 250105 250143 0
295 250101 250182 0
296 250168 250195 0
297 250167 250178 0
298 4033 4055 0
299 4018 4105 0
300 4016 4100 0
301 250111 250116 0
302 4038 4090 0
303 250197 250194 0
304 4043 4064 0
305 250133 250127 0
306 250103 250131 0
307 250123 250127 0
308 31384 31419 0
309 250122 250139 0
310 250139 250157 0
311 62616 62639 0
312 4014 4050 0
313 4071 4104 0
314 250143 250144 0
315 250111 250162 0
316 4050 4083 0
317 4042 4094 0
318 250193 250192 0
319 2070 2152 0
320 250186 250187 0
321 2080 2110 0
322 250162 250173 0
323 31377 31418 0
324 250178 250194 0
325 250163 250179 0
326 250162 250156 0
327 250105 250193 0
328 2069 2124 0
329 250180 250179 0
330 2126 2149 0
331 31402 31448 0
332 250178 250174 0
333 31393 31397 0
334 62646 62667 0
335 2083 2126 0
336 2120 2146 0
337 250103 250167 0
338 2067 2140 0
339 250139 250155 0
340 250121 250168 0
341 2068 2114 0
342 500179 500192 0
343 2104 2139 0
344 500140 500174 0
345 2101 2135 0
346 2113 2148 0
347 500148 500180 0
348 500120 500144 0
349 2054 2112 0
350 2107 2151 0
351 500131 500191 0
352 2094 2132 0
353 2098 2153 0
354 2076 2127 0
355 2076 2114 0
356 500169 500196 0
357 500128 500127 0
358 2056 2096 0
359 31359 31431 0
360 500173 500180 0
361 500130 500144 0
362 15 77 0
363 22 93 0
364 500135 500185 0
365 31398 31444 0
366 500110 500140 0
367 34 96 0
368 31394 31446 0
369 500169 500179 0
370 31407 31408 0
371 500145 500182 0
372 44 95 0
373 500165 500180 0
374 31375 31417 0
375 500115 500116 0
376 500138 500166 0
377 500113 500141 0
378 31355 31360 0
379 500117 500118 0
380 13 84 0
381 39 92 0
382 31387 31427 0
383 500152 500175 0
384 31370 31410 0
385 18 70 0
386 39 83 0
387 31425 31441 0
388 500114 500147 0
389 500175 500167 0
390 31416 31437 0
391 47 94 0
392 8 70 0
393 500117 500185 0
394 500123 500146 0
395 500133 500176 0
396 500119 500117 0
397 31386 31424 0
398 31416 31439 0
399 31369 31417 0
--------------
1000000 :c
1003303 :sum(p)
1000000 :sum(w)
