400 :n
id p,w,x
--------------
0 8012 7921 1
1 4105 4009 1
2 2130 2056 1
3 2138 2064 1
4 92 19 1
5 15815 15729 1
6 83 4 1
7 2140 2055 1
8 95 15 1
9 2142 2063 1
10 68 1 1
11 25 1 1
12 72 4 1
13 79 11 1
14 88 24 1
15 66 23 1
16 79 38 1
17 51 26 1
18 74 45 1
19 63 40 1
20 96 61 1
21 88 63 1
22 93 71 1
23 68 55 1
24 31 29 1
25 90 86 1
26 2129 2067 1
27 94 92 1
28 2111 2068 1
29 4092 4023 1
30 4104 4046 1
31 4083 4028 1
32 2082 2055 1
33 2115 2088 1
34 4099 4047 1
35 2127 2102 1
36 4098 4054 1
37 4100 4058 1
38 8000 7925 1
39 4085 4049 1
40 4071 4037 1
41 2091 2076 1
42 7975 7918 1
43 7996 7942 1
44 4077 4050 1
45 2145 2131 1
46 8000 7954 1
47 7975 7934 1
48 7999 7960 1
49 4033 4014 1
50 8003 7969 1
51 15816 15749 1
52 4024 4007 1
53 2140 2131 1
54 2150 2141 1
55 4083 4067 1
56 7980 7949 1
57 15793 15733 1
58 15811 15754 1
59 7965 7937 1
60 7998 7970 1
61 4059 4045 1
62 15813 15759 1
63 7979 7953 1
64 7986 7960 1
65 15786 15738 1
66 4057 4045 1
67 31449 31357 1
68 8010 7987 1
69 15822 15779 1
70 7982 7962 1
71 2137 2132 1
72 15798 15762 1
73 7949 7931 1
74 15795 15762 1
75 31431 31366 1
76 4039 4031 1
77 31440 31381 1
78 10 7 1
79 31438 31381 1
80 15771 15744 1
81 31444 31392 1
82 15762 15736 1
83 15795 15769 1
84 31418 31370 1
85 62696 62602 1
86 4042 4036 1
87 4104 4098 1
88 15762 15741 1
89 4097 4043 1
90 31409 31371 1
91 15782 15761 1
92 4093 4089 1
93 15793 15776 1
94 62685 62624 1
95 62700 62640 1
96 15767 15738 1
97 62670 62608 1
98 15774 15759 1
99 62664 62606 0
100 62654 62602 0
101 31441 31435 0
102 15820 15809 1
103 2068 2067 1
104 31387 31361 0
105 7972 7966 0
106 62659 62610 0
107 31394 31371 0
108 31429 31423 0
109 62668 62624 0
110 31384 31362 0
111 62669 62626 0
112 125197 125112 0
113 62646 62604 0
114 31387 31366 0
115 62693 62653 0
116 125179 125101 0
117 62700 62664 0
118 31388 31370 0
119 15770 15762 0
120 62692 62661 0
121 38 79 0
122 62671 62619 0
123 62652 62622 0
124 62684 62654 0
125 125166 125108 0
126 62686 62657 0
127 62690 62661 0
128 62646 62618 0
129 125199 125150 0
130 62653 62629 0
131 7985 7982 0
132 8003 8000 0
133 31393 31382 0
134 31396 31387 0
135 62636 62621 0
136 7976 7975 0
137 31413 31412 0
138 15762 15766 0
139 7925 7928 0
140 15742 15748 0
141 4101 4103 1
142 15748 15756 0
143 15743 15753 0
144 4058 4061 0
145 15775 15790 0
146 15730 15745 0
147 2086 2088 1
148 7986 7996 0
149 7956 7966 0
150 2133 2136 0
151 4099 4105 0
152 4098 4104 0
153 4036 4042 0
154 7986 7998 0
155 2131 2135 0
156 2122 2126 0
157 4069 4078 0
158 2070 2075 0
159 7950 7971 0
160 4080 4091 0
161 2095 2101 0
162 2127 2134 0
163 2080 2087 0
164 4010 4025 0
165 4031 4057 0
166 2115 2129 0
167 4030 4057 0
168 2059 2075 0
169 2077 2095 0
170 2121 2145 0
171 2072 2098 0
172 56 60 1
173 66 72 0
174 64 73 0
175 33 47 0
176 32 46 0
177 13 21 0
178 8 16 0
179 18 40 0
180 11 32 0
181 3 33 0
182 3 34 0
183 250184 250114 0
184 500182 500101 0
185 125164 125123 0
186 125181 125149 0
187 125170 125138 0
188 125174 125135 0
189 500190 500109 0
190 250183 250128 0
191 125183 125142 0
192 125131 125101 0
193 250177 250116 0
194 250199 250136 0
195 250177 250101 0
196 250181 250118 0
197 250189 250108 0
198 250160 250113 0
199 250194 250140 0
200 250187 250108 0
201 125192 125149 0
202 15746 15814 0
203 15763 15782 0
204 15751 15804 0
205 125159 125183 0
206 15780 15818 0
207 15786 15822 0
208 15734 15771 0
209 125117 125153 0
210 125109 125167 0
211 15752 15772 0
212 15745 15765 0
213 125133 125147 0
214 125156 125138 0
215 15745 15787 0
216 125144 125156 0
217 125175 125172 0
218 125122 125181 0
219 125107 125132 0
220 125112 125152 0
221 15787 15825 0
222 125153 125163 0
223 125177 125159 0
224 125146 125182 0
225 15730 15778 0
226 125125 125130 0
227 125116 125120 0
228 31367 31425 0
229 31380 31432 0
230 15733 15755 0
231 125132 125179 0
232 125155 125162 0
233 125134 125129 0
234 15734 15806 0
235 15744 15825 0
236 125160 125166 0
237 15788 15815 0
238 31373 31427 0
239 7941 7981 0
240 125113 125135 0
241 125171 125177 0
242 7916 7999 0
243 125153 125163 0
244 125142 125165 0
245 125101 125130 0
246 125124 125117 0
247 7919 7976 0
248 125165 125168 0
249 7915 7971 0
250 7937 7961 0
251 125126 125186 0
252 250113 250186 0
253 31371 31383 0
254 7944 8012 0
255 7925 7965 0
256 250147 250117 0
257 7937 7977 0
258 250158 250179 0
259 7913 8004 0
260 7944 7992 0
261 250142 250174 0
262 7934 7976 0
263 250114 250106 0
264 250136 250143 0
265 31361 31424 0
266 31354 31396 0
267 250118 250173 0
268 250121 250161 0
269 250150 250191 0
270 250145 250150 0
271 7954 8011 0
272 7917 7972 0
273 125116 125179 0
274 250137 250145 0
275 7961 7987 0
276 250104 250105 0
277 7957 8005 0
278 31351 31382 0
279 31407 31448 0
280 250108 250173 0
281 31365 31417 0
282 4029 4072 0
283 125153 125191 0
284 250139 250104 0
285 250187 250168 0
286 4052 4080 0
287 250156 250169 0
288 62616 62671 0
289 250166 250188 0
290 250130 250141 0
291 250184 250156 0
292 250152 250135 0
293 62636 62686 0
294 31354 31380 0
295 4025 4073 0
296 250177 250187 0
297 250149 250169 0
298 4024 4106 0
299 250105 250160 0
300 4046 4083 0
301 4040 4073 0
302 4019 4091 0
303 250161 250191 0
304 250119 250158 0
305 250131 250153 0
306 31386 31402 0
307 62675 62678 0
308 4020 4076 0
309 250118 250122 0
310 250144 250182 0
311 4040 4095 0
312 250114 250185 0
313 62620 62620 0
314 4015 4044 0
315 250156 250152 0
316 500148 500196 0
317 500187 500191 0
318 31377 31387 0
319 500147 500198 0
320 500176 500155 0
321 500147 500185 0
322 62634 62633 0
323 31353 31367 0
324 500160 500101 0
325 500120 500155 0
326 500198 500178 0
327 31407 31423 0
328 62643 62650 0
329 500143 500171 0
330 2070 2129 0
331 2090 2139 0
332 2071 2146 0
333 2081 2153 0
334 2107 2146 0
335 31358 31407 0
336 31388 31435 0
337 2077 2139 0
338 2086 2137 0
339 31361 31421 0
340 2090 2146 0
341 500120 500135 0
342 500172 500162 0
343 500170 500111 0
344 500118 500171 0
345 500143 500158 0
346 62647 62639 0
347 31389 31398 0
348 62614 62606 0
349 500156 500120 0
350 2060 2090 0
351 62616 62654 0
352 2070 2139 0
353 500188 500169 0
354 62634 62644 0
355 500169 500142 0
356 2110 2145 0
357 2068 2148 0
358 31360 31412 0
359 500103 500158 0
360 31377 31422 0
361 500137 500198 0
362 31352 31439 0
363 500132 500147 0
364 500196 500151 0
365 62601 62681 0
366 32 97 0
367 31435 31449 0
368 500102 500148 0
369 500141 500179 0
370 500168 500123 0
371 62657 62649 0
372 500169 500173 0
373 18 57 0
374 500200 500152 0
375 31360 31422 0
376 500135 500140 0
377 62629 62675 0
378 500199 500135 0
379 49 90 0
380 500157 500125 0
381 10 80 0
382 500127 500140 0
383 500141 500119 0
384 62664 62700 0
385 500122 500161 0
386 500127 500180 0
387 62603 62634 0
388 500112 500108 0
389 500102 500174 0
390 500163 500151 0
391 4 60 0
392 62697 62689 0
393 500117 500108 0
394 62618 62689 0
395 41 97 0
396 500194 500150 0
397 21 62 0
398 62610 62653 0
399 62625 62665 0
--------------
1000000 :c
1004002 :sum(p)
1000000 :sum(w)
