400 :n
id p,w,x
--------------
0 4101 4063 1
1 4061 4039 1
2 4087 4061 1
3 66 8 1
4 4078 4024 1
5 64 40 1
6 77 38 1
7 29 3 1
8 60 25 1
9 67 47 1
10 4082 4029 1
11 34 15 1
12 29 5 1
13 48 35 1
14 55 24 1
15 4088 4020 1
16 58 28 1
17 58 16 1
18 4060 4012 1
19 31446 31378 1
20 31437 31367 1
21 4065 4029 1
22 15802 15754 1
23 15792 15746 1
24 100 59 1
25 80 1 1
26 15801 15769 1
27 2125 2069 1
28 2151 2131 1
29 2075 2054 1
30 8011 7989 1
31 15819 15740 1
32 4078 4008 1
33 15800 15737 1
34 15795 15756 1
35 15823 15755 1
36 15822 15742 1
37 2096 2077 1
38 7969 7930 1
39 7981 7941 1
40 8012 7923 1
41 2142 2084 1
42 2107 2061 1
43 2129 2060 1
44 7989 7937 1
45 2140 2115 1
46 4100 4007 1
47 2136 2079 1
48 7954 7916 1
49 8000 7923 1
50 7995 7940 1
51 8012 7976 1
52 2135 2090 1
53 7975 7936 1
54 2128 2096 1
55 2147 2118 1
56 2081 2065 1
57 31402 31352 1
58 31447 31397 1
59 15767 15736 1
60 31448 31396 1
61 31446 31391 1
62 31401 31356 1
63 4 1 1
64 18 6 1
65 37 30 1
66 25 22 1
67 97 91 1
68 63 62 1
69 2077 2068 1
70 4087 4071 1
71 4065 4051 1
72 2152 2145 1
73 4022 4010 1
74 4095 4083 1
75 4037 4027 1
76 2145 2141 1
77 7967 7955 1
78 7968 7956 1
79 15813 15790 1
80 15802 15780 1
81 7942 7931 1
82 31439 31399 1
83 7976 7966 1
84 7978 7968 1
85 31433 31394 1
86 4038 4033 1
87 15802 15784 1
88 7968 7959 1
89 31397 31362 1
90 62691 62622 1
91 15781 15752 1
92 15788 15772 1
93 7956 7948 1
94 62686 62623 1
95 4098 4094 1
96 49 45 1
97 7931 7915 1
98 2070 2057 1
99 62660 62604 1
100 31381 31354 0
101 4095 4092 0
102 62700 62676 0
103 15819 15821 0
104 15753 15795 0
105 31384 31358 0
106 31425 31399 0
107 62651 62601 0
108 31435 31411 0
109 2145 2144 0
110 15790 15778 1
111 4019 4016 0
112 62648 62602 0
113 31397 31375 0
114 62678 62635 0
115 62667 62626 0
116 15757 15747 0
117 62642 62605 0
118 62656 62620 0
119 62658 62622 0
120 62688 62652 0
121 62680 62645 0
122 31408 31391 0
123 62637 62604 0
124 31425 31409 0
125 31436 31420 0
126 7983 7979 0
127 7994 7990 1
128 4077 4075 1
129 2120 2119 1
130 31370 31356 0
131 15790 15783 0
132 15799 15792 0
133 31422 31413 0
134 7987 7985 0
135 8010 8008 0
136 4068 4068 0
137 7941 7941 0
138 7979 7980 0
139 2089 2092 0
140 85 89 0
141 125158 125112 0
142 125187 125123 0
143 62665 62648 0
144 62639 62623 0
145 62635 62630 0
146 62698 62686 0
147 62686 62680 0
148 15767 15764 0
149 500198 500169 0
150 62613 62606 0
151 125133 125121 0
152 15769 15767 0
153 500151 500102 0
154 125167 125138 0
155 125170 125143 0
156 500189 500137 0
157 500173 500130 0
158 250151 250113 0
159 500172 500122 0
160 250144 250128 0
161 250189 250154 0
162 250143 250128 0
163 125190 125171 0
164 125197 125181 0
165 500191 500129 0
166 500131 500103 0
167 250189 250129 0
168 500190 500159 0
169 500199 500132 0
170 250188 250137 0
171 250165 250131 0
172 250195 250151 0
173 125174 125159 0
174 125186 125163 0
175 250151 250108 0
176 250196 250139 0
177 250190 250144 0
178 500145 500116 0
179 125141 125113 0
180 250177 250138 0
181 31435 31427 0
182 250189 250163 0
183 250164 250112 0
184 250187 250125 0
185 62681 62671 0
186 62676 62665 0
187 500186 500111 0
188 125194 125144 0
189 62647 62619 0
190 125158 125124 0
191 62699 62681 0
192 125191 125150 0
193 31408 31428 0
194 31406 31418 0
195 31407 31436 0
196 31424 31441 0
197 31353 31422 0
198 31372 31397 0
199 31365 31401 0
200 31380 31389 0
201 31357 31370 0
202 15740 15803 0
203 31427 31450 0
204 15809 15824 0
205 31387 31442 0
206 15807 15819 0
207 15737 15825 0
208 31379 31429 0
209 62646 62682 0
210 62666 62686 0
211 62679 62678 0
212 15771 15789 0
213 15728 15785 0
214 15741 15774 0
215 15735 15737 0
216 15729 15818 0
217 62624 62686 0
218 15744 15793 0
219 62621 62694 0
220 62612 62610 0
221 62640 62684 0
222 62603 62656 0
223 15793 15813 0
224 62624 62689 0
225 62603 62662 0
226 15736 15805 0
227 15796 15817 0
228 15753 15818 0
229 62660 62698 0
230 62639 62672 0
231 62640 62638 0
232 15766 15811 0
233 62687 62684 0
234 15796 15817 0
235 62686 62691 0
236 62652 62677 0
237 15754 15779 0
238 15765 15771 0
239 7951 7999 0
240 7961 8005 0
241 125106 125169 0
242 7944 7993 0
243 125125 125165 0
244 7942 8008 0
245 7948 7967 0
246 125144 125187 0
247 125161 125187 0
248 125121 125158 0
249 7938 7959 0
250 125158 125186 0
251 125133 125183 0
252 125174 125186 0
253 7931 7974 0
254 7942 7992 0
255 7998 8011 0
256 125152 125169 0
257 125133 125193 0
258 125175 125168 0
259 125166 125180 0
260 7997 8007 0
261 7940 7978 0
262 125119 125190 0
263 125105 125141 0
264 125103 125110 0
265 125126 125162 0
266 7957 7976 0
267 7978 7985 0
268 7924 7983 0
269 31420 31446 0
270 125117 125155 0
271 125101 125101 0
272 7960 8006 0
273 125116 125186 0
274 7961 7981 0
275 125135 125139 0
276 125100 125157 0
277 125123 125190 0
278 31368 31389 0
279 125117 125125 0
280 125105 125130 0
281 4058 4087 0
282 4036 4049 0
283 4089 4097 0
284 4017 4089 0
285 4039 4095 0
286 125163 125194 0
287 4068 4099 0
288 4080 4106 0
289 125139 125145 0
290 4062 4076 0
291 125117 125165 0
292 250111 250193 0
293 250191 250181 0
294 4049 4058 0
295 4015 4068 0
296 4034 4085 0
297 250125 250120 0
298 4033 4042 0
299 250199 250186 0
300 4027 4092 0
301 250105 250163 0
302 4036 4056 0
303 4042 4101 0
304 31421 31450 0
305 4068 4080 0
306 250121 250113 0
307 250121 250123 0
308 250196 250186 0
309 250104 250185 0
310 4057 4088 0
311 250115 250122 0
312 4016 4044 0
313 250172 250172 0
314 4049 4060 0
315 250199 250191 0
316 250101 250160 0
317 250124 250146 0
318 250106 250106 0
319 2103 2138 0
320 250191 250190 0
321 2093 2114 0
322 2069 2098 0
323 2058 2126 0
324 250140 250197 0
325 2090 2137 0
326 2081 2118 0
327 250109 250193 0
328 2068 2126 0
329 250117 250137 0
330 2085 2106 0
331 31381 31439 0
332 2070 2083 0
333 250175 250163 0
334 2073 2151 0
335 250159 250196 0
336 250108 250112 0
337 250194 250183 0
338 2062 2074 0
339 250181 250189 0
340 2070 2117 0
341 250164 250158 0
342 500102 500155 0
343 500199 500187 0
344 2088 2138 0
345 2057 2111 0
346 500127 500172 0
347 2067 2096 0
348 2086 2107 0
349 2093 2105 0
350 2100 2127 0
351 500153 500200 0
352 500185 500193 0
353 500145 500171 0
354 2098 2119 0
355 500196 500174 0
356 500123 500198 0
357 500181 500180 0
358 2102 2148 0
359 500123 500104 0
360 500134 500110 0
361 35 85 0
362 500156 500189 0
363 16 39 0
364 51 86 0
365 3 28 0
366 500166 500189 0
367 500111 500113 0
368 27 71 0
369 500143 500120 0
370 500163 500150 0
371 27 95 0
372 500146 500178 0
373 6 41 0
374 13 29 0
375 25 73 0
376 500128 500161 0
377 500185 500182 0
378 31393 31394 0
379 500131 500125 0
380 10 34 0
381 500183 500197 0
382 50 61 0
383 500111 500126 0
384 500125 500184 0
385 37 100 0
386 35 72 0
387 29 57 0
388 500175 500173 0
389 61 75 0
390 15 77 0
391 11 35 0
392 500134 500158 0
393 500129 500171 0
394 500153 500132 0
395 500109 500188 0
396 1 45 0
397 500113 500171 0
398 31375 31414 0
399 31421 31425 0
--------------
1000000 :c
1003501 :sum(p)
999997 :sum(w)
