400 :n
id p,w,x
--------------
0 15807 15753 1
1 31450 31351 1
2 2102 2065 1
3 15820 15735 1
4 2104 2072 1
5 52 26 1
6 2151 2120 1
7 2087 2070 1
8 15787 15732 1
9 2147 2111 1
10 31436 31379 1
11 15803 15769 1
12 4063 4033 1
13 44 17 1
14 2111 2057 1
15 4088 4034 1
16 4087 4019 1
17 2103 2073 1
18 2119 2100 1
19 2118 2079 1
20 4104 4057 1
21 2118 2069 1
22 15784 15730 1
23 4063 4007 1
24 15801 15755 1
25 2146 2093 1
26 2130 2082 1
27 2142 2077 1
28 4104 4019 1
29 4090 4049 1
30 4104 4020 1
31 2113 2097 1
32 4069 4017 1
33 2129 2074 1
34 4102 4042 1
35 15796 15745 1
36 4069 4008 1
37 99 66 1
38 100 6 1
39 4095 4012 1
40 82 23 1
41 4069 4031 1
42 76 52 1
43 15817 15787 1
44 4091 4031 1
45 77 27 1
46 7953 7921 1
47 7963 7920 1
48 77 15 1
49 15811 15760 1
50 8011 7934 1
51 7946 7920 1
52 71 53 1
53 83 57 1
54 15811 15761 1
55 71 2 1
56 46 18 1
57 7997 7955 1
58 95 43 1
59 8004 7937 1
60 7988 7945 1
61 8005 7917 1
62 15807 15739 1
63 30 10 1
64 62 37 1
65 7967 7940 1
66 7987 7936 1
67 15786 15743 1
68 7947 7919 1
69 29 21 1
70 59 49 1
71 95 82 1
72 83 73 1
73 91 81 1
74 76 71 1
75 2092 2078 1
76 2092 2079 1
77 2131 2118 1
78 4100 4084 1
79 4102 4086 1
80 2095 2087 1
81 2108 2101 1
82 2113 2106 1
83 7956 7936 1
84 7985 7967 1
85 7944 7928 1
86 7959 7943 1
87 8003 7987 1
88 4081 4073 1
89 7952 7937 1
90 15776 15748 1
91 7958 7944 1
92 31436 31382 1
93 31428 31378 1
94 4051 4045 1
95 31432 31386 1
96 31436 31391 1
97 7948 7932 0
98 4036 4031 0
99 62694 62618 1
100 62690 62618 1
101 62676 62614 1
102 62699 62645 1
103 31414 31380 1
104 15762 15733 1
105 2127 2085 1
106 31379 31352 1
107 15817 15804 0
108 62656 62605 0
109 31434 31431 0
110 15745 15733 1
111 2137 2151 0
112 66 76 0
113 31416 31392 0
114 8000 7994 0
115 62668 62621 0
116 15750 15739 0
117 7933 7930 0
118 125192 125112 0
119 62689 62649 0
120 15790 15780 0
121 7985 7980 0
122 62653 62614 0
123 62699 62661 0
124 15775 15767 0
125 31421 31409 0
126 15766 15760 0
127 15811 15806 0
128 7959 7957 0
129 15762 15760 0
130 7940 7939 0
131 15740 15740 0
132 15791 15791 0
133 7950 7953 0
134 2069 2070 0
135 4064 4066 0
136 8008 8012 0
137 4007 4013 0
138 4057 4065 0
139 4013 4021 0
140 2055 2061 0
141 2078 2086 0
142 2112 2121 0
143 2133 2145 0
144 57 58 0
145 88 91 0
146 47 53 0
147 54 67 0
148 6 8 1
149 125172 125104 0
150 62660 62626 0
151 125164 125132 0
152 62630 62614 0
153 125180 125107 0
154 250188 250117 0
155 62619 62606 0
156 62636 62629 0
157 62691 62688 0
158 500200 500165 0
159 500155 500108 0
160 500160 500125 0
161 62633 62627 0
162 31428 31422 0
163 500199 500143 0
164 500157 500115 0
165 500148 500110 0
166 62631 62621 0
167 62621 62612 0
168 125185 125170 0
169 500163 500113 0
170 250170 250121 0
171 125173 125150 0
172 250120 250107 0
173 250151 250129 0
174 125148 125121 0
175 125145 125115 0
176 500172 500131 0
177 250187 250156 0
178 500160 500127 0
179 250186 250169 0
180 125148 125136 0
181 31366 31362 0
182 500177 500124 0
183 250143 250114 0
184 250179 250155 0
185 250183 250121 0
186 250168 250115 0
187 125151 125120 0
188 500192 500139 0
189 250194 250131 0
190 250193 250154 0
191 500200 500160 0
192 500184 500123 0
193 250177 250142 0
194 31376 31370 0
195 500157 500102 0
196 500167 500141 0
197 31430 31422 0
198 62648 62642 0
199 125176 125143 0
200 250186 250107 0
201 500122 500121 0
202 500159 500188 0
203 500102 500127 0
204 500140 500148 0
205 250195 250184 0
206 500109 500103 0
207 500156 500193 0
208 250147 250167 0
209 500136 500179 0
210 500161 500150 0
211 250119 250136 0
212 62647 62646 0
213 125180 125175 0
214 500125 500110 0
215 500118 500127 0
216 500147 500163 0
217 62652 62654 0
218 125174 125183 0
219 250102 250119 0
220 500173 500161 0
221 500168 500189 0
222 62625 62629 0
223 62626 62625 0
224 500114 500103 0
225 500118 500140 0
226 62656 62656 0
227 500152 500142 0
228 250155 250172 0
229 500133 500174 0
230 500167 500163 0
231 250132 250130 0
232 250194 250185 0
233 250192 250182 0
234 125183 125183 0
235 125138 125151 0
236 250197 250193 0
237 250127 250139 0
238 250153 250146 0
239 125168 125168 0
240 125154 125162 0
241 125111 125119 0
242 250155 250161 0
243 250158 250161 0
244 125149 125161 0
245 250136 250164 0
246 250150 250161 0
247 250162 250167 0
248 125183 125192 0
249 125171 125181 0
250 250169 250166 0
251 500166 500182 0
252 500103 500136 0
253 500128 500112 0
254 250173 250109 0
255 250118 250174 0
256 250119 250149 0
257 500105 500180 0
258 15777 15779 0
259 125121 125160 0
260 250166 250197 0
261 500139 500199 0
262 250110 250141 0
263 31404 31412 0
264 500125 500184 0
265 125161 125177 0
266 62612 62622 0
267 62684 62697 0
268 62645 62656 0
269 250103 250160 0
270 125104 125146 0
271 125125 125159 0
272 125122 125162 0
273 125102 125152 0
274 125138 125163 0
275 125105 125122 0
276 31425 31435 0
277 250135 250191 0
278 250113 250193 0
279 500112 500191 0
280 62631 62610 0
281 62633 62614 0
282 62659 62643 0
283 125181 125128 0
284 125152 125100 0
285 125175 125112 0
286 15772 15782 0
287 125107 125159 0
288 125100 125150 0
289 15761 15772 0
290 15745 15767 0
291 15730 15744 0
292 15777 15814 0
293 31408 31443 0
294 31394 31436 0
295 31362 31379 0
296 31388 31431 0
297 31351 31408 0
298 31385 31408 0
299 31351 31418 0
300 31380 31442 0
301 31397 31448 0
302 31362 31387 0
303 31355 31404 0
304 15779 15788 0
305 31397 31419 0
306 31415 31432 0
307 15784 15799 0
308 31369 31408 0
309 31353 31431 0
310 31408 31425 0
311 7953 7962 0
312 31384 31414 0
313 31411 31450 0
314 31371 31447 0
315 7927 7938 0
316 31377 31417 0
317 31397 31440 0
318 62603 62678 0
319 62617 62691 0
320 62645 62699 0
321 62602 62684 0
322 62656 62688 0
323 62652 62692 0
324 62648 62676 0
325 62644 62695 0
326 62609 62683 0
327 62649 62685 0
328 125129 125183 0
329 15780 15794 0
330 7922 7930 0
331 7914 7931 0
332 7947 7963 0
333 125167 125135 0
334 250184 250105 0
335 125178 125124 0
336 125169 125105 0
337 62700 62679 0
338 125185 125131 0
339 125163 125113 0
340 31385 31377 0
341 31367 31356 0
342 4014 4097 0
343 2098 2141 0
344 2060 2144 0
345 2073 2132 0
346 4027 4049 0
347 2063 2126 0
348 4012 4082 0
349 4034 4084 0
350 2064 2121 0
351 2069 2104 0
352 4040 4083 0
353 4048 4086 0
354 4043 4088 0
355 2113 2136 0
356 4032 4094 0
357 2093 2150 0
358 2094 2127 0
359 2 69 0
360 4029 4093 0
361 4020 4100 0
362 4022 4100 0
363 46 81 0
364 4008 4057 0
365 4043 4095 0
366 4042 4105 0
367 4008 4049 0
368 16 42 0
369 7930 7960 0
370 7986 8011 0
371 7977 8011 0
372 7933 7997 0
373 58 74 0
374 7935 7958 0
375 20 89 0
376 7917 7996 0
377 13 65 0
378 7922 7948 0
379 7920 7997 0
380 7948 7992 0
381 47 95 0
382 5 37 0
383 15742 15796 0
384 33 78 0
385 8 54 0
386 4062 4080 0
387 15753 15800 0
388 49 89 0
389 4029 4087 0
390 25 94 0
391 2086 2110 0
392 15737 15780 0
393 15736 15793 0
394 15740 15794 0
395 1 25 0
396 15745 15794 0
397 15742 15784 0
398 2087 2127 0
399 2058 2122 0
--------------
1000000 :c
1004222 :sum(p)
1000000 :sum(w)
