400 :n
id p,w,x
--------------
0 31436 31366 1
1 31438 31360 1
2 31440 31362 1
3 42 12 1
4 78 10 1
5 47 11 1
6 46 28 1
7 47 23 1
8 93 14 1
9 80 40 1
10 95 55 1
11 15791 15759 1
12 52 36 1
13 15825 15776 1
14 99 47 1
15 58 6 1
16 30 13 1
17 93 19 1
18 72 48 1
19 15782 15729 1
20 15785 15739 1
21 15804 15759 1
22 2141 2067 1
23 2108 2084 1
24 2083 2059 1
25 2120 2101 1
26 2134 2063 1
27 2129 2077 1
28 2137 2109 1
29 2117 2071 1
30 15807 15747 1
31 15811 15750 1
32 2148 2093 1
33 15780 15741 1
34 15794 15756 1
35 2119 2090 1
36 2116 2098 1
37 4082 4036 1
38 4088 4054 1
39 4081 4036 1
40 4060 4021 1
41 15815 15739 1
42 7966 7940 1
43 7984 7960 1
44 8011 7933 1
45 4098 4072 1
46 4095 4037 1
47 7996 7926 1
48 7977 7931 1
49 4074 4028 1
50 4070 4044 1
51 4064 4037 1
52 4090 4024 1
53 4101 4015 1
54 4048 4018 1
55 7951 7919 1
56 8009 7923 1
57 7969 7944 1
58 8001 7924 1
59 7978 7933 1
60 8009 7966 1
61 7972 7929 1
62 7986 7920 1
63 7999 7961 1
64 7967 7931 1
65 31427 31368 1
66 31413 31354 1
67 32 26 1
68 44 38 1
69 88 78 1
70 95 89 1
71 42 40 0
72 28 27 1
73 2124 2112 1
74 2083 2072 1
75 2072 2063 1
76 2085 2076 0
77 4058 4043 1
78 4084 4069 1
79 4088 4075 1
80 4039 4027 1
81 4099 4087 1
82 7954 7932 1
83 4054 4044 1
84 4065 4055 1
85 7990 7971 1
86 15821 15789 1
87 7961 7945 1
88 4103 4095 1
89 15810 15780 1
90 7941 7927 1
91 15799 15773 1
92 31432 31382 1
93 15815 15790 1
94 62694 62606 1
95 15783 15761 1
96 15816 15794 1
97 62699 62614 1
98 8003 7993 1
99 4076 4071 0
100 31444 31410 1
101 85 29 1
102 31412 31365 1
103 15774 15752 1
104 62687 62620 1
105 31392 31362 0
106 15761 15746 1
107 62694 62676 0
108 15814 15799 0
109 7955 7995 0
110 62689 62630 0
111 31441 31412 0
112 15809 15795 0
113 62654 62603 0
114 31376 31352 0
115 4090 4087 0
116 2091 2097 0
117 62648 62607 0
118 125183 125109 0
119 15736 15727 0
120 125196 125128 0
121 31417 31400 0
122 31422 31405 0
123 125187 125121 0
124 125175 125110 0
125 31450 31434 0
126 15736 15728 0
127 7934 7930 1
128 62658 62630 0
129 62674 62646 0
130 31385 31371 0
131 31392 31378 0
132 15755 15748 0
133 125170 125115 0
134 125167 125114 0
135 15776 15775 0
136 49 49 1
137 15751 15751 0
138 7994 7994 0
139 25 25 0
140 4061 4063 0
141 4028 4031 0
142 7941 7947 0
143 4094 4098 0
144 4082 4089 0
145 4019 4026 0
146 2104 2108 0
147 2099 2103 0
148 2078 2084 0
149 2109 2116 0
150 2079 2087 0
151 2104 2113 0
152 2064 2074 0
153 2088 2099 0
154 80 82 0
155 80 85 0
156 30 32 0
157 45 51 0
158 35 43 0
159 30 39 0
160 125144 125112 0
161 31400 31392 0
162 250145 250103 0
163 250183 250112 0
164 125195 125147 0
165 500193 500111 0
166 31368 31357 0
167 125183 125160 0
168 250197 250124 0
169 62682 62660 0
170 62616 62606 0
171 500132 500113 0
172 31397 31399 0
173 62601 62604 0
174 500169 500162 0
175 500130 500156 0
176 62672 62675 0
177 62674 62670 0
178 31382 31378 0
179 250163 250180 0
180 500197 500142 0
181 500193 500158 0
182 500109 500102 0
183 250134 250116 0
184 250145 250133 0
185 62686 62683 0
186 250179 250153 0
187 500140 500183 0
188 250175 250164 0
189 500200 500152 0
190 250187 250165 0
191 500183 500191 0
192 500135 500156 0
193 500127 500150 0
194 62630 62623 0
195 500195 500169 0
196 500127 500154 0
197 500132 500104 0
198 250127 250140 0
199 500164 500186 0
200 125144 125126 0
201 62660 62653 0
202 500139 500139 0
203 500110 500160 0
204 250123 250124 0
205 125139 125122 0
206 500122 500103 0
207 500122 500113 0
208 500126 500146 0
209 125110 125122 0
210 125145 125152 0
211 500176 500121 0
212 125188 125180 0
213 250124 250116 0
214 500127 500139 0
215 500149 500176 0
216 125153 125139 0
217 250154 250146 0
218 500128 500167 0
219 125173 125178 0
220 250113 250109 0
221 250159 250138 0
222 250183 250179 0
223 250127 250130 0
224 250143 250138 0
225 250166 250142 0
226 250169 250184 0
227 250127 250111 0
228 250160 250155 0
229 500176 500157 0
230 500134 500114 0
231 500140 500146 0
232 500129 500181 0
233 125167 125150 0
234 500162 500129 0
235 500112 500107 0
236 31359 31362 0
237 31420 31421 0
238 250151 250168 0
239 62687 62665 0
240 500191 500119 0
241 62653 62642 0
242 250165 250126 0
243 500191 500111 0
244 125142 125119 0
245 125152 125132 0
246 250191 250105 0
247 125198 125167 0
248 125152 125112 0
249 250183 250129 0
250 250176 250123 0
251 125180 125145 0
252 125145 125122 0
253 125153 125117 0
254 250170 250106 0
255 62651 62629 0
256 250146 250101 0
257 250172 250103 0
258 500186 500111 0
259 7986 7995 0
260 15793 15823 0
261 7935 7968 0
262 7915 7975 0
263 250106 250190 0
264 15768 15776 0
265 250142 250196 0
266 7999 8012 0
267 15739 15787 0
268 7938 7994 0
269 7932 7957 0
270 7934 8011 0
271 15764 15799 0
272 7924 7968 0
273 250125 250156 0
274 125153 125183 0
275 31361 31402 0
276 31418 31425 0
277 31371 31447 0
278 7947 7997 0
279 4086 4102 0
280 15765 15780 0
281 31363 31388 0
282 4043 4071 0
283 4012 4063 0
284 31370 31446 0
285 4007 4038 0
286 31359 31423 0
287 250121 250186 0
288 250142 250187 0
289 4024 4045 0
290 4019 4043 0
291 31378 31423 0
292 15731 15792 0
293 4012 4087 0
294 4027 4059 0
295 31369 31431 0
296 31363 31368 0
297 31437 31448 0
298 4023 4092 0
299 4014 4079 0
300 31384 31395 0
301 31377 31389 0
302 4023 4102 0
303 31419 31447 0
304 31406 31419 0
305 250145 250195 0
306 250128 250161 0
307 31373 31424 0
308 4026 4103 0
309 15791 15814 0
310 31373 31409 0
311 15741 15757 0
312 31353 31446 0
313 31420 31434 0
314 62656 62671 0
315 62633 62687 0
316 62603 62661 0
317 62665 62692 0
318 4008 4062 0
319 62652 62682 0
320 62656 62683 0
321 250112 250190 0
322 2107 2142 0
323 62648 62682 0
324 2068 2111 0
325 15736 15811 0
326 62607 62688 0
327 62653 62665 0
328 2066 2123 0
329 62606 62680 0
330 62610 62700 0
331 500103 500188 0
332 2089 2138 0
333 2083 2140 0
334 2100 2129 0
335 15731 15781 0
336 15805 15811 0
337 7986 8002 0
338 62674 62683 0
339 2119 2136 0
340 2075 2114 0
341 7977 8011 0
342 2103 2126 0
343 2071 2145 0
344 2086 2140 0
345 2096 2128 0
346 2063 2152 0
347 500103 500159 0
348 7936 7965 0
349 2075 2147 0
350 62606 62645 0
351 2086 2130 0
352 7942 8004 0
353 2068 2142 0
354 7972 7996 0
355 62642 62689 0
356 62647 62684 0
357 500103 500194 0
358 62648 62662 0
359 15 91 0
360 62645 62693 0
361 62656 62673 0
362 62617 62628 0
363 62680 62700 0
364 125106 125171 0
365 3 58 0
366 125116 125146 0
367 500120 500179 0
368 34 60 0
369 125105 125157 0
370 125143 125167 0
371 7940 7998 0
372 125101 125129 0
373 125120 125171 0
374 125106 125165 0
375 5 88 0
376 6 24 0
377 46 63 0
378 125143 125179 0
379 250124 250154 0
380 24 42 0
381 125120 125147 0
382 125124 125168 0
383 125150 125166 0
384 500101 500182 0
385 500106 500158 0
386 17 52 0
387 250121 250187 0
388 5 64 0
389 15748 15796 0
390 125121 125177 0
391 15798 15823 0
392 125107 125165 0
393 12 39 0
394 125124 125141 0
395 125106 125162 0
396 23 44 0
397 7923 7956 0
398 15807 15819 0
399 15763 15780 0
--------------
1000000 :c
1003978 :sum(p)
999999 :sum(w)
