400 :n
id p,w,x
--------------
0 15824 15761 1
1 15801 15739 1
2 94 16 1
3 15809 15738 1
4 15813 15747 1
5 100 4 1
6 95 53 1
7 91 21 1
8 87 50 1
9 74 4 1
10 15825 15730 1
11 37 10 1
12 53 18 1
13 7982 7935 1
14 83 51 1
15 8007 7958 1
16 100 75 1
17 7961 7924 1
18 97 51 1
19 72 21 1
20 7986 7950 1
21 45 8 1
22 61 7 1
23 28 3 1
24 2143 2061 1
25 2147 2111 1
26 2139 2095 1
27 2141 2110 1
28 2152 2103 1
29 2149 2106 1
30 7999 7920 1
31 2134 2055 1
32 7960 7928 1
33 2104 2054 1
34 2135 2077 1
35 2135 2060 1
36 7995 7955 1
37 2133 2059 1
38 2138 2072 1
39 2139 2085 1
40 2143 2085 1
41 2115 2083 1
42 7951 7915 1
43 4083 4009 1
44 4085 4052 1
45 4101 4021 1
46 4081 4050 1
47 4092 4022 1
48 4081 4026 1
49 4105 4017 1
50 4096 4048 1
51 4102 4042 1
52 4083 4034 1
53 4058 4008 1
54 23 13 1
55 20 16 1
56 31 25 1
57 84 69 1
58 19 17 1
59 93 88 1
60 44 43 1
61 2130 2107 1
62 2097 2075 1
63 2083 2065 1
64 2080 2065 1
65 2149 2134 1
66 4099 4072 1
67 4062 4039 1
68 4042 4023 1
69 4091 4075 1
70 7971 7943 1
71 7990 7962 1
72 4060 4046 1
73 7943 7917 1
74 7970 7944 1
75 7998 7972 1
76 4068 4055 1
77 7956 7932 1
78 15773 15726 1
79 15777 15730 1
80 8012 7990 1
81 15769 15728 1
82 15798 15757 1
83 7936 7916 1
84 4084 4074 1
85 15773 15735 1
86 31428 31356 1
87 15809 15773 1
88 4097 4088 1
89 7945 7928 1
90 15777 15745 1
91 15791 15760 1
92 2118 2114 1
93 31433 31374 1
94 31434 31375 1
95 15820 15793 1
96 31409 31357 1
97 31399 31351 1
98 31398 31351 1
99 31426 31392 1
100 72 65 1
101 15757 15737 1
102 15824 15803 1
103 2070 2067 1
104 7947 7936 1
105 7958 7947 1
106 7965 7955 1
107 4096 4091 1
108 15821 15802 1
109 15746 15728 1
110 31388 31355 1
111 7928 7920 0
112 7978 7970 1
113 15825 15802 1
114 62698 62616 1
115 62670 62612 1
116 62660 62604 0
117 62682 62630 0
118 62697 62684 0
119 4104 4104 0
120 500135 500168 0
121 31381 31355 0
122 31419 31394 0
123 15757 15747 1
124 62657 62610 0
125 62671 62621 0
126 125198 125112 0
127 31403 31382 0
128 125179 125104 0
129 62690 62651 0
130 125180 125104 0
131 125199 125126 0
132 62668 62632 0
133 62649 62614 0
134 62661 62616 0
135 15810 15822 0
136 125169 125100 0
137 4075 4073 1
138 31446 31431 0
139 2147 2146 1
140 62649 62620 0
141 62694 62666 0
142 15789 15782 0
143 31431 31418 0
144 62642 62619 0
145 250190 250101 0
146 125183 125139 0
147 250187 250102 0
148 62689 62669 0
149 31369 31359 0
150 250191 250114 0
151 125188 125152 0
152 125141 125107 0
153 125171 125137 0
154 250196 250134 0
155 62651 62637 0
156 31445 31438 0
157 250191 250139 0
158 125146 125121 0
159 125191 125166 0
160 500197 500101 0
161 31419 31413 0
162 15771 15768 0
163 250183 250137 0
164 125136 125113 0
165 62622 62611 0
166 500197 500114 0
167 31411 31406 0
168 31413 31408 0
169 250145 250106 0
170 125197 125178 0
171 500187 500115 0
172 125153 125135 0
173 500180 500110 0
174 250187 250152 0
175 250193 250160 0
176 15746 15744 0
177 7937 7936 0
178 2061 2061 0
179 4073 4073 1
180 40 40 0
181 15735 15737 0
182 7965 7968 0
183 7950 7953 0
184 2096 2097 1
185 15775 15783 0
186 7978 7983 0
187 2129 2131 1
188 4099 4103 0
189 7976 7985 0
190 4082 4087 0
191 4007 4012 0
192 7992 8004 0
193 4073 4090 0
194 2124 2136 0
195 2087 2107 0
196 55 73 0
197 18 25 0
198 16 37 0
199 250120 250123 0
200 62679 62693 0
201 31419 31433 0
202 250132 250104 0
203 15746 15820 0
204 62616 62657 0
205 62686 62687 0
206 15753 15771 0
207 15739 15755 0
208 15788 15814 0
209 15785 15801 0
210 15804 15823 0
211 62625 62631 0
212 62635 62640 0
213 62644 62657 0
214 15787 15824 0
215 15737 15762 0
216 250106 250172 0
217 250158 250141 0
218 62613 62699 0
219 15789 15821 0
220 15752 15788 0
221 31352 31384 0
222 62695 62698 0
223 15738 15784 0
224 62667 62673 0
225 62617 62668 0
226 15751 15800 0
227 15737 15809 0
228 62624 62694 0
229 15726 15752 0
230 62639 62674 0
231 62618 62633 0
232 62658 62691 0
233 31406 31426 0
234 62620 62649 0
235 62650 62663 0
236 62621 62687 0
237 62653 62682 0
238 62653 62658 0
239 125155 125172 0
240 7943 7960 0
241 250139 250125 0
242 125125 125162 0
243 7945 7984 0
244 125136 125123 0
245 62680 62694 0
246 250120 250200 0
247 250112 250183 0
248 125135 125138 0
249 250158 250162 0
250 125126 125187 0
251 125114 125149 0
252 250145 250153 0
253 7973 8009 0
254 7957 7975 0
255 7945 7982 0
256 7971 7995 0
257 125141 125144 0
258 250163 250174 0
259 7913 7988 0
260 31392 31429 0
261 7964 7997 0
262 7947 7974 0
263 125107 125185 0
264 125167 125153 0
265 125118 125135 0
266 125121 125130 0
267 7948 7996 0
268 7937 7999 0
269 125152 125165 0
270 125161 125160 0
271 125128 125128 0
272 62690 62683 0
273 125148 125136 0
274 62657 62657 0
275 7918 7986 0
276 31363 31370 0
277 31391 31423 0
278 250158 250184 0
279 4021 4072 0
280 4023 4088 0
281 31381 31429 0
282 125148 125183 0
283 4065 4094 0
284 4013 4105 0
285 4069 4103 0
286 125112 125151 0
287 125168 125184 0
288 4051 4081 0
289 250109 250148 0
290 125131 125116 0
291 125152 125176 0
292 62665 62659 0
293 125163 125158 0
294 125111 125165 0
295 4041 4106 0
296 250168 250149 0
297 31433 31433 0
298 4011 4050 0
299 31382 31391 0
300 125107 125148 0
301 250106 250153 0
302 4020 4093 0
303 31413 31441 0
304 31352 31410 0
305 4069 4102 0
306 250123 250167 0
307 125179 125195 0
308 250167 250159 0
309 250106 250149 0
310 250126 250146 0
311 4030 4071 0
312 125120 125147 0
313 250133 250179 0
314 250149 250197 0
315 250113 250162 0
316 125100 125136 0
317 4021 4098 0
318 4037 4063 0
319 250115 250170 0
320 2075 2117 0
321 250161 250161 0
322 250159 250131 0
323 2057 2113 0
324 2060 2094 0
325 500151 500187 0
326 31413 31441 0
327 500169 500158 0
328 2054 2120 0
329 2083 2114 0
330 31380 31423 0
331 500114 500103 0
332 500124 500107 0
333 500190 500174 0
334 500178 500117 0
335 500167 500144 0
336 2071 2116 0
337 2060 2090 0
338 250131 250186 0
339 2068 2132 0
340 2095 2151 0
341 500119 500144 0
342 500145 500169 0
343 2072 2120 0
344 31374 31396 0
345 500125 500153 0
346 500145 500139 0
347 500124 500131 0
348 250144 250172 0
349 31396 31432 0
350 500183 500178 0
351 31368 31444 0
352 500145 500138 0
353 2080 2125 0
354 2118 2150 0
355 250138 250190 0
356 500135 500183 0
357 500141 500151 0
358 500164 500200 0
359 49 80 0
360 54 86 0
361 250153 250199 0
362 27 55 0
363 500150 500184 0
364 500178 500171 0
365 15 70 0
366 3 94 0
367 500195 500193 0
368 29 100 0
369 500159 500149 0
370 500162 500103 0
371 15 64 0
372 31375 31380 0
373 500127 500182 0
374 500142 500184 0
375 31383 31433 0
376 31390 31389 0
377 500159 500195 0
378 500158 500148 0
379 500179 500135 0
380 500141 500149 0
381 500171 500175 0
382 500154 500161 0
383 1 92 0
384 6 77 0
385 250158 250183 0
386 49 74 0
387 500182 500156 0
388 31381 31434 0
389 250109 250190 0
390 66 94 0
391 70 95 0
392 500183 500180 0
393 250139 250125 0
394 500169 500167 0
395 500142 500140 0
396 500120 500179 0
397 15 75 0
398 31406 31449 0
399 31358 31406 0
--------------
1000000 :c
1004445 :sum(p)
1000000 :sum(w)
