400 :n
id p,w,x
--------------
0 15776 15733 1
1 15809 15749 1
2 49 25 1
3 4070 4007 1
4 2122 2073 1
5 4089 4008 1
6 92 48 1
7 4097 4039 1
8 4090 4060 1
9 74 2 1
10 4098 4039 1
11 4106 4055 1
12 4074 4049 1
13 4100 4059 1
14 4076 4050 1
15 4047 4010 1
16 7938 7917 1
17 38 25 1
18 7979 7927 1
19 2110 2093 1
20 92 6 1
21 7977 7927 1
22 2100 2056 1
23 2153 2067 1
24 7996 7926 1
25 7972 7915 1
26 31450 31354 1
27 7972 7917 1
28 7956 7924 1
29 31439 31357 1
30 2139 2097 1
31 71 27 1
32 7987 7932 1
33 76 36 1
34 2098 2075 1
35 7976 7952 1
36 7979 7918 1
37 31434 31351 1
38 2118 2063 1
39 2139 2071 1
40 90 46 1
41 46 12 1
42 15788 15736 1
43 8001 7917 1
44 21 5 1
45 2127 2075 1
46 8010 7937 1
47 80 10 1
48 99 83 1
49 15794 15753 1
50 15791 15750 1
51 2109 2077 1
52 8000 7924 1
53 7998 7958 1
54 15804 15741 1
55 2136 2068 1
56 15815 15774 1
57 2137 2062 1
58 15783 15743 1
59 2097 2055 1
60 31447 31380 1
61 31422 31352 1
62 15762 15731 1
63 19 9 1
64 2104 2094 1
65 2080 2071 1
66 2110 2102 1
67 2073 2067 1
68 4069 4059 1
69 4038 4030 1
70 7931 7917 1
71 7998 7984 1
72 15789 15762 1
73 15825 15799 1
74 7975 7962 1
75 4097 4091 0
76 15754 15732 1
77 31396 31353 1
78 31432 31394 1
79 31430 31394 1
80 15771 15753 0
81 62687 62618 1
82 31396 31362 1
83 15745 15728 0
84 2121 2117 0
85 62692 62625 1
86 15806 15790 1
87 7949 7941 1
88 7977 7969 0
89 4070 4025 1
90 62686 62615 1
91 31391 31360 1
92 4071 4067 0
93 31382 31352 1
94 31401 31372 0
95 15818 15809 0
96 8012 8005 0
97 34 48 0
98 31408 31379 1
99 31420 31393 0
100 62684 62633 0
101 125197 125100 0
102 4079 4096 0
103 31408 31386 0
104 125191 125107 0
105 31414 31393 0
106 62682 62643 0
107 62668 62632 0
108 15778 15770 0
109 4037 4035 0
110 2089 2088 0
111 2109 2108 0
112 62629 62601 0
113 31371 31358 0
114 125181 125133 0
115 62631 62608 0
116 62680 62657 0
117 62637 62615 0
118 125150 125107 0
119 125185 125144 0
120 15804 15799 0
121 62649 62630 0
122 125157 125120 0
123 125194 125157 0
124 125168 125133 0
125 250171 250103 0
126 62638 62621 0
127 250181 250115 0
128 125141 125108 0
129 250196 250132 0
130 62683 62667 0
131 15740 15736 0
132 7928 7926 0
133 7934 7932 0
134 250182 250119 0
135 125130 125100 0
136 125195 125165 0
137 125154 125125 0
138 125154 125126 0
139 125181 125156 0
140 250150 250101 0
141 250162 250114 0
142 250199 250152 0
143 250187 250142 0
144 4040 4040 0
145 7997 7998 0
146 7957 7961 0
147 4037 4040 0
148 4066 4070 0
149 2149 2152 0
150 4042 4049 0
151 2143 2148 0
152 2110 2115 0
153 2073 2080 0
154 2102 2110 0
155 2139 2149 0
156 49 50 1
157 25 26 1
158 59 63 0
159 84 96 0
160 65 75 0
161 49 58 0
162 30 39 0
163 16 28 0
164 4 8 0
165 31390 31412 0
166 62676 62668 0
167 62630 62696 0
168 31388 31424 0
169 31371 31377 0
170 31382 31404 0
171 62644 62671 0
172 62698 62689 0
173 62691 62691 0
174 62646 62650 0
175 62637 62638 0
176 31359 31364 0
177 31436 31449 0
178 125142 125151 0
179 31410 31438 0
180 125109 125159 0
181 31386 31411 0
182 125136 125152 0
183 125186 125198 0
184 125150 125175 0
185 31392 31403 0
186 125182 125178 0
187 31381 31385 0
188 125120 125179 0
189 31376 31407 0
190 31376 31392 0
191 125132 125199 0
192 125117 125126 0
193 125189 125197 0
194 31354 31378 0
195 125138 125146 0
196 125107 125142 0
197 31404 31446 0
198 31354 31373 0
199 125115 125168 0
200 125144 125161 0
201 125171 125155 0
202 15796 15795 0
203 125159 125182 0
204 125103 125154 0
205 125175 125176 0
206 125195 125183 0
207 125121 125145 0
208 125129 125149 0
209 125107 125176 0
210 15781 15802 0
211 125167 125174 0
212 125102 125152 0
213 250141 250176 0
214 250133 250161 0
215 15732 15731 0
216 250127 250174 0
217 250157 250175 0
218 250181 250149 0
219 250170 250200 0
220 15727 15748 0
221 250132 250116 0
222 250130 250172 0
223 250165 250154 0
224 250173 250148 0
225 250116 250118 0
226 250141 250113 0
227 15789 15787 0
228 15768 15784 0
229 62670 62694 0
230 250145 250141 0
231 250167 250132 0
232 250120 250177 0
233 250121 250178 0
234 250113 250119 0
235 250199 250172 0
236 250118 250151 0
237 250185 250158 0
238 250115 250117 0
239 250123 250107 0
240 250132 250171 0
241 250158 250132 0
242 250114 250185 0
243 250132 250179 0
244 250169 250164 0
245 250104 250145 0
246 250157 250176 0
247 250161 250161 0
248 500153 500133 0
249 500181 500124 0
250 500154 500193 0
251 7946 7951 0
252 500177 500151 0
253 500161 500148 0
254 500160 500178 0
255 500197 500194 0
256 500135 500187 0
257 500111 500160 0
258 500106 500143 0
259 500143 500150 0
260 500146 500164 0
261 500155 500111 0
262 500177 500194 0
263 500144 500148 0
264 62628 62665 0
265 500183 500156 0
266 500177 500175 0
267 500106 500182 0
268 500103 500190 0
269 500106 500127 0
270 500134 500137 0
271 500167 500115 0
272 500200 500170 0
273 500105 500195 0
274 500109 500167 0
275 500127 500185 0
276 62643 62638 0
277 500154 500115 0
278 500153 500114 0
279 62646 62684 0
280 500149 500111 0
281 500190 500162 0
282 500158 500141 0
283 62607 62641 0
284 500118 500141 0
285 500152 500122 0
286 500140 500122 0
287 500122 500181 0
288 500187 500158 0
289 500151 500114 0
290 62601 62688 0
291 500114 500115 0
292 500184 500179 0
293 500174 500199 0
294 62620 62665 0
295 62659 62681 0
296 62624 62660 0
297 62610 62601 0
298 125148 125129 0
299 125157 125136 0
300 250144 250107 0
301 250179 250135 0
302 62636 62673 0
303 62611 62692 0
304 62611 62656 0
305 62617 62642 0
306 62602 62666 0
307 62682 62696 0
308 62609 62693 0
309 62613 62606 0
310 62646 62691 0
311 31377 31384 0
312 7919 7984 0
313 4027 4103 0
314 4045 4070 0
315 4059 4096 0
316 4014 4086 0
317 7960 7978 0
318 4050 4072 0
319 7976 7993 0
320 2103 2153 0
321 7939 7959 0
322 7917 7988 0
323 4034 4098 0
324 7926 7942 0
325 2099 2111 0
326 2055 2093 0
327 7942 7983 0
328 7919 7957 0
329 2054 2149 0
330 7969 7996 0
331 7969 8002 0
332 7947 7998 0
333 2072 2137 0
334 7922 7996 0
335 2062 2077 0
336 7967 8004 0
337 7949 7975 0
338 15734 15788 0
339 2092 2123 0
340 15758 15812 0
341 15750 15824 0
342 2064 2135 0
343 2070 2119 0
344 2103 2115 0
345 15757 15810 0
346 4019 4077 0
347 15748 15797 0
348 2056 2125 0
349 15756 15807 0
350 2102 2125 0
351 4028 4063 0
352 15739 15822 0
353 15769 15822 0
354 2069 2104 0
355 15793 15825 0
356 7965 8002 0
357 2067 2126 0
358 15729 15816 0
359 21 66 0
360 15742 15802 0
361 65 92 0
362 15726 15750 0
363 15764 15820 0
364 24 42 0
365 15727 15759 0
366 52 85 0
367 62 92 0
368 32 48 0
369 4067 4095 0
370 21 87 0
371 15734 15757 0
372 31370 31428 0
373 31371 31422 0
374 1 23 0
375 31367 31434 0
376 31355 31407 0
377 4047 4086 0
378 52 85 0
379 4049 4078 0
380 3 72 0
381 49 87 0
382 30 58 0
383 4056 4072 0
384 31395 31446 0
385 4055 4075 0
386 13 38 0
387 4013 4099 0
388 4016 4041 0
389 4054 4070 0
390 31356 31422 0
391 31358 31409 0
392 4028 4100 0
393 14 43 0
394 62603 62697 0
395 30 90 0
396 23 90 0
397 46 78 0
398 4009 4106 0
399 4027 4036 0
--------------
1000000 :c
1003879 :sum(p)
1000000 :sum(w)
