400 :n
id p,w,x
--------------
0 2128 2105 1
1 4071 4008 1
2 59 24 1
3 71 48 1
4 65 52 1
5 4070 4027 1
6 88 70 1
7 32 8 1
8 4091 4048 1
9 68 24 1
10 93 3 1
11 92 31 1
12 39 14 1
13 4076 4031 1
14 48 23 1
15 80 45 1
16 85 6 1
17 90 2 1
18 81 35 1
19 90 62 1
20 55 22 1
21 63 54 1
22 79 5 1
23 65 14 1
24 4097 4008 1
25 2096 2061 1
26 2081 2060 1
27 4106 4070 1
28 2136 2115 1
29 2134 2097 1
30 2131 2101 1
31 2151 2100 1
32 2147 2060 1
33 4087 4016 1
34 4106 4017 1
35 2148 2122 1
36 2144 2111 1
37 2128 2081 1
38 7961 7938 1
39 31434 31358 1
40 2107 2092 1
41 7994 7930 1
42 8007 7974 1
43 15779 15726 1
44 15815 15755 1
45 15815 15748 1
46 7979 7928 1
47 7995 7955 1
48 4104 4084 1
49 7991 7926 1
50 7991 7950 1
51 7963 7936 1
52 4059 4034 1
53 4100 4081 1
54 4057 4026 1
55 7970 7942 1
56 2122 2106 1
57 7989 7958 1
58 7990 7935 1
59 8007 7939 1
60 4041 4022 1
61 31450 31372 1
62 31443 31372 1
63 31426 31352 1
64 7954 7934 1
65 9 2 1
66 27 22 1
67 2091 2083 1
68 2074 2067 1
69 4025 4016 1
70 31439 31369 1
71 15776 15742 1
72 31450 31383 1
73 15823 15790 1
74 31417 31357 1
75 7990 7977 1
76 31431 31383 1
77 62699 62615 1
78 15813 15793 1
79 62698 62619 1
80 31391 31353 1
81 31443 31406 1
82 62697 62625 1
83 4067 4055 0
84 15787 15769 1
85 31426 31391 1
86 15816 15799 1
87 31388 31355 1
88 2133 2131 0
89 84 58 1
90 62684 62614 1
91 7936 7921 1
92 7946 7939 1
93 31402 31375 0
94 31426 31399 1
95 31448 31425 0
96 15819 15818 0
97 15763 15803 0
98 15763 15750 0
99 62655 62606 0
100 125198 125101 0
101 31425 31401 0
102 15791 15779 0
103 4022 4020 0
104 62692 62646 0
105 31429 31406 0
106 62689 62644 0
107 31374 31352 0
108 31402 31381 0
109 31411 31390 0
110 62663 62624 0
111 31419 31400 0
112 15791 15782 0
113 62691 62656 0
114 7945 7942 0
115 7985 7982 0
116 4020 4019 0
117 4062 4061 0
118 4101 4100 0
119 7977 7976 0
120 2088 2088 0
121 2124 2124 0
122 2107 2108 0
123 2148 2151 0
124 2126 2129 0
125 5 11 0
126 125144 125122 0
127 125144 125125 0
128 31402 31390 0
129 125159 125132 0
130 62698 62664 0
131 62614 62603 0
132 125139 125106 0
133 250156 250124 0
134 250200 250122 0
135 62645 62637 0
136 250195 250144 0
137 125154 125139 0
138 62686 62677 0
139 62649 62621 0
140 250174 250110 0
141 62685 62676 0
142 125182 125146 0
143 31432 31426 0
144 250158 250120 0
145 62650 62621 0
146 250194 250113 0
147 250189 250137 0
148 250162 250120 0
149 15735 15732 0
150 250194 250163 0
151 125179 125145 0
152 31396 31381 0
153 62668 62648 0
154 500166 500103 0
155 500199 500107 0
156 250147 250112 0
157 125162 125114 0
158 15790 15787 0
159 500173 500117 0
160 125185 125169 0
161 125117 125100 0
162 125162 125120 0
163 62672 62643 0
164 125196 125160 0
165 125192 125144 0
166 62601 62636 0
167 31362 31421 0
168 31382 31432 0
169 31364 31369 0
170 62619 62677 0
171 62634 62671 0
172 62604 62662 0
173 62627 62646 0
174 62648 62675 0
175 62660 62682 0
176 31392 31390 0
177 62606 62663 0
178 62690 62689 0
179 31369 31374 0
180 31379 31423 0
181 31377 31440 0
182 31426 31444 0
183 31371 31374 0
184 31434 31431 0
185 31385 31428 0
186 62637 62651 0
187 62616 62615 0
188 62688 62682 0
189 62616 62612 0
190 62611 62625 0
191 62603 62604 0
192 62633 62644 0
193 125105 125117 0
194 125116 125194 0
195 31386 31413 0
196 125166 125185 0
197 31387 31440 0
198 125142 125198 0
199 125106 125152 0
200 125101 125173 0
201 15755 15775 0
202 15726 15731 0
203 15756 15791 0
204 15748 15782 0
205 15758 15772 0
206 15739 15764 0
207 15728 15753 0
208 15757 15756 0
209 15750 15777 0
210 125153 125151 0
211 15744 15789 0
212 125133 125137 0
213 15772 15790 0
214 15742 15757 0
215 15777 15784 0
216 125115 125121 0
217 15781 15796 0
218 15727 15730 0
219 125177 125195 0
220 125139 125183 0
221 15766 15792 0
222 125127 125120 0
223 15731 15747 0
224 15774 15784 0
225 15751 15785 0
226 125114 125119 0
227 62643 62670 0
228 15796 15823 0
229 125119 125110 0
230 125113 125155 0
231 15746 15817 0
232 15751 15787 0
233 15783 15817 0
234 125118 125162 0
235 125133 125128 0
236 15744 15788 0
237 15748 15788 0
238 125141 125131 0
239 7924 8011 0
240 125160 125184 0
241 125132 125123 0
242 125193 125187 0
243 125151 125138 0
244 7934 7998 0
245 7933 7975 0
246 7930 7941 0
247 7925 8001 0
248 7929 7935 0
249 7970 7986 0
250 125163 125152 0
251 7932 7996 0
252 125167 125156 0
253 7988 8007 0
254 7970 8008 0
255 7960 7988 0
256 125135 125175 0
257 7930 7951 0
258 125120 125182 0
259 7980 7999 0
260 250128 250105 0
261 250193 250191 0
262 250154 250161 0
263 7930 8002 0
264 250123 250148 0
265 7944 7976 0
266 7921 7992 0
267 250113 250175 0
268 250158 250130 0
269 250129 250156 0
270 7915 7929 0
271 7921 7958 0
272 7916 7931 0
273 250159 250173 0
274 250150 250149 0
275 7914 7995 0
276 7930 7969 0
277 250128 250111 0
278 250160 250162 0
279 250121 250182 0
280 4007 4028 0
281 4050 4067 0
282 4034 4091 0
283 250102 250149 0
284 250123 250183 0
285 4043 4079 0
286 250141 250137 0
287 250123 250168 0
288 4032 4051 0
289 250182 250156 0
290 4047 4102 0
291 4070 4084 0
292 4014 4099 0
293 4040 4061 0
294 250110 250181 0
295 250157 250144 0
296 250111 250136 0
297 4022 4102 0
298 250156 250198 0
299 250118 250108 0
300 250150 250169 0
301 4027 4091 0
302 250121 250168 0
303 250138 250147 0
304 250120 250176 0
305 4032 4044 0
306 4009 4091 0
307 4032 4104 0
308 250157 250132 0
309 250126 250193 0
310 250191 250168 0
311 4007 4101 0
312 4007 4027 0
313 4083 4097 0
314 4053 4065 0
315 4034 4046 0
316 4019 4044 0
317 4024 4095 0
318 250158 250176 0
319 500168 500123 0
320 500125 500190 0
321 31382 31430 0
322 62614 62658 0
323 2139 2147 0
324 500175 500155 0
325 500151 500198 0
326 62629 62658 0
327 2126 2146 0
328 500171 500130 0
329 2070 2098 0
330 2057 2147 0
331 2064 2141 0
332 31368 31411 0
333 2108 2127 0
334 500187 500180 0
335 2066 2108 0
336 62669 62693 0
337 2062 2087 0
338 2101 2118 0
339 500152 500134 0
340 2120 2150 0
341 500154 500147 0
342 2054 2145 0
343 500139 500182 0
344 2129 2142 0
345 2060 2152 0
346 500180 500170 0
347 2085 2093 0
348 2133 2139 0
349 2101 2136 0
350 2105 2113 0
351 2082 2142 0
352 500155 500124 0
353 500151 500104 0
354 500189 500188 0
355 500167 500200 0
356 500126 500190 0
357 500131 500148 0
358 2081 2134 0
359 59 90 0
360 34 70 0
361 500115 500114 0
362 500185 500199 0
363 19 51 0
364 3 35 0
365 47 78 0
366 81 90 0
367 500122 500186 0
368 500180 500143 0
369 500108 500141 0
370 500148 500150 0
371 27 80 0
372 39 50 0
373 20 92 0
374 29 45 0
375 500139 500175 0
376 52 99 0
377 500134 500134 0
378 57 95 0
379 500150 500115 0
380 500137 500141 0
381 22 54 0
382 500194 500189 0
383 500172 500176 0
384 4 16 0
385 500143 500118 0
386 500149 500198 0
387 500112 500143 0
388 500143 500133 0
389 500168 500196 0
390 2 75 0
391 31383 31424 0
392 500136 500148 0
393 500101 500104 0
394 500157 500112 0
395 1 41 0
396 30 40 0
397 500135 500175 0
398 62617 62697 0
399 62630 62650 0
--------------
1000000 :c
1003800 :sum(p)
1000000 :sum(w)
