400 :n
id p,w,x
--------------
0 4084 4033 1
1 4084 4037 1
2 2083 2054 1
3 4081 4040 1
4 94 4 1
5 2152 2108 1
6 4084 4042 1
7 4087 4039 1
8 2149 2114 1
9 46 6 1
10 4099 4030 1
11 4080 4033 1
12 40 13 1
13 71 22 1
14 4079 4029 1
15 4094 4036 1
16 4095 4053 1
17 2148 2090 1
18 4069 4030 1
19 90 12 1
20 75 25 1
21 2086 2057 1
22 63 21 1
23 92 7 1
24 8000 7917 1
25 2126 2089 1
26 4074 4007 1
27 8002 7929 1
28 4096 4007 1
29 66 1 1
30 2128 2086 1
31 57 21 1
32 82 52 1
33 76 2 1
34 53 9 1
35 96 19 1
36 4073 4035 1
37 15776 15729 1
38 7981 7934 1
39 7981 7927 1
40 7978 7939 1
41 15817 15743 1
42 15816 15754 1
43 45 25 1
44 79 72 1
45 75 69 1
46 2090 2069 1
47 2116 2096 1
48 2083 2064 1
49 4041 4008 1
50 4053 4022 1
51 2121 2108 1
52 2072 2061 1
53 4044 4023 1
54 4081 4061 1
55 7967 7931 1
56 4060 4042 1
57 7977 7944 1
58 4044 4028 1
59 4035 4020 1
60 7943 7916 1
61 7992 7967 1
62 7968 7945 1
63 8010 7987 1
64 2119 2113 1
65 15776 15737 1
66 15764 15727 1
67 15791 15754 1
68 15780 15744 1
69 15796 15760 1
70 15811 15775 1
71 7955 7937 1
72 31424 31357 1
73 15775 15742 1
74 31437 31375 1
75 15805 15774 1
76 15762 15732 1
77 2144 2140 1
78 31440 31382 1
79 31443 31385 1
80 31413 31357 1
81 8010 7996 1
82 15781 15754 1
83 15818 15791 1
84 15765 15741 1
85 31421 31377 1
86 31401 31359 1
87 31438 31398 1
88 4090 4085 1
89 8009 7933 1
90 31409 31373 1
91 31396 31363 0
92 31413 31380 1
93 31430 31397 1
94 15758 15742 1
95 7961 7953 1
96 31392 31355 1
97 62687 62606 1
98 15783 15768 1
99 62698 62640 0
100 31421 31394 0
101 31443 31433 0
102 15824 15816 1
103 23 56 0
104 62672 62625 0
105 4039 4036 1
106 31379 31357 0
107 15780 15769 1
108 15794 15783 1
109 4047 4049 0
110 62669 62630 0
111 62673 62636 0
112 125178 125108 0
113 62633 62601 0
114 15753 15745 0
115 15789 15781 0
116 31402 31387 0
117 62631 62602 0
118 62673 62648 0
119 62649 62626 0
120 62652 62632 0
121 31399 31389 0
122 62637 62620 0
123 62677 62661 0
124 7971 7969 0
125 31377 31370 0
126 15730 15727 0
127 31383 31378 0
128 15746 15744 0
129 8004 8003 0
130 31417 31414 0
131 31430 31428 0
132 15815 15815 0
133 15805 15805 0
134 31394 31394 0
135 15807 15810 0
136 15819 15823 0
137 15760 15765 0
138 7988 7993 0
139 7959 7964 0
140 15811 15825 0
141 2143 2145 1
142 4041 4045 0
143 15793 15809 0
144 2056 2059 1
145 4039 4045 0
146 7949 7962 0
147 4041 4049 0
148 4089 4098 0
149 7919 7940 0
150 4027 4038 0
151 7984 8006 0
152 2089 2095 0
153 7973 7996 0
154 7960 7984 0
155 7933 7957 0
156 2114 2121 0
157 4041 4055 0
158 4062 4080 0
159 2108 2118 0
160 2077 2087 0
161 2111 2122 0
162 2066 2077 0
163 2084 2097 0
164 2091 2106 0
165 2077 2092 0
166 2081 2098 0
167 2070 2088 0
168 2129 2148 0
169 2058 2082 0
170 94 96 0
171 48 55 0
172 58 69 0
173 63 75 0
174 58 73 0
175 52 66 0
176 63 84 0
177 49 72 0
178 46 69 0
179 16 29 0
180 500167 500144 0
181 62608 62604 0
182 500181 500139 0
183 125114 125103 0
184 125138 125123 0
185 500189 500140 0
186 500196 500140 0
187 500194 500153 0
188 125159 125125 0
189 125162 125113 0
190 125115 125100 0
191 125120 125114 0
192 125187 125168 0
193 125177 125114 0
194 62607 62602 0
195 125158 125132 0
196 62700 62697 0
197 125159 125118 0
198 62675 62664 0
199 125165 125134 0
200 125157 125135 0
201 125157 125141 0
202 125192 125159 0
203 125128 125102 0
204 125146 125109 0
205 62699 62690 0
206 62642 62636 0
207 62632 62620 0
208 62693 62681 0
209 125171 125113 0
210 125166 125157 0
211 250156 250119 0
212 250159 250132 0
213 62627 62615 0
214 62605 62601 0
215 250138 250101 0
216 125167 125160 0
217 62651 62677 0
218 62636 62658 0
219 62654 62674 0
220 62602 62626 0
221 62651 62677 0
222 15783 15821 0
223 62666 62695 0
224 62629 62669 0
225 62611 62677 0
226 62620 62691 0
227 15744 15793 0
228 15767 15810 0
229 62672 62683 0
230 62689 62698 0
231 62627 62633 0
232 62612 62627 0
233 62622 62650 0
234 62672 62680 0
235 15741 15783 0
236 62611 62700 0
237 125132 125173 0
238 125144 125160 0
239 125102 125137 0
240 125158 125180 0
241 125133 125145 0
242 125106 125177 0
243 125124 125162 0
244 125102 125187 0
245 125174 125182 0
246 125173 125181 0
247 125105 125143 0
248 125181 125185 0
249 125110 125157 0
250 125125 125136 0
251 125136 125149 0
252 125111 125171 0
253 125123 125127 0
254 250107 250162 0
255 250187 250181 0
256 250165 250166 0
257 250153 250152 0
258 62607 62622 0
259 31383 31422 0
260 250189 250196 0
261 250195 250190 0
262 500140 500125 0
263 250152 250193 0
264 250184 250186 0
265 250144 250200 0
266 250142 250147 0
267 250155 250184 0
268 31360 31428 0
269 250157 250191 0
270 250115 250185 0
271 31362 31400 0
272 250124 250157 0
273 31388 31449 0
274 31393 31422 0
275 250192 250197 0
276 31386 31438 0
277 31387 31425 0
278 250134 250180 0
279 250170 250198 0
280 250122 250183 0
281 250110 250108 0
282 250110 250103 0
283 250115 250155 0
284 15763 15809 0
285 31375 31379 0
286 250171 250185 0
287 500141 500178 0
288 500124 500181 0
289 500123 500152 0
290 500102 500125 0
291 500119 500155 0
292 500187 500195 0
293 31353 31376 0
294 500143 500184 0
295 500153 500186 0
296 500158 500194 0
297 500103 500155 0
298 500174 500159 0
299 500107 500194 0
300 500110 500120 0
301 31411 31434 0
302 500112 500182 0
303 500124 500111 0
304 500119 500175 0
305 500113 500165 0
306 31359 31365 0
307 500107 500123 0
308 500164 500191 0
309 500108 500159 0
310 500117 500195 0
311 500123 500115 0
312 500170 500158 0
313 31385 31450 0
314 31381 31440 0
315 500170 500183 0
316 31353 31398 0
317 500115 500142 0
318 500135 500123 0
319 500141 500180 0
320 500168 500157 0
321 500132 500174 0
322 31402 31422 0
323 31385 31400 0
324 31365 31432 0
325 250198 250178 0
326 250196 250175 0
327 250157 250122 0
328 250196 250181 0
329 250196 250124 0
330 125195 125175 0
331 250171 250119 0
332 250175 250111 0
333 250167 250146 0
334 250156 250116 0
335 250159 250144 0
336 250181 250148 0
337 250188 250125 0
338 125176 125149 0
339 250175 250163 0
340 250150 250114 0
341 250155 250132 0
342 500159 500132 0
343 500161 500138 0
344 500180 500140 0
345 62646 62643 0
346 500172 500104 0
347 125166 125127 0
348 500159 500133 0
349 4040 4102 0
350 4031 4080 0
351 2056 2124 0
352 4030 4092 0
353 7933 7993 0
354 2054 2144 0
355 4010 4091 0
356 7926 8001 0
357 4034 4095 0
358 2089 2138 0
359 70 98 0
360 10 52 0
361 22 91 0
362 7927 8008 0
363 7930 7991 0
364 2121 2153 0
365 7938 8002 0
366 65 95 0
367 2060 2115 0
368 7928 7992 0
369 22 57 0
370 7930 7961 0
371 15 59 0
372 30 92 0
373 4 76 0
374 7 64 0
375 10 77 0
376 2091 2128 0
377 7916 8002 0
378 7925 7983 0
379 7981 8008 0
380 52 83 0
381 7947 7978 0
382 4049 4087 0
383 4021 4076 0
384 7953 7980 0
385 7950 7997 0
386 4017 4070 0
387 7938 7980 0
388 4022 4067 0
389 7940 7982 0
390 15761 15814 0
391 48 79 0
392 2120 2147 0
393 2063 2088 0
394 15732 15792 0
395 15739 15814 0
396 15730 15781 0
397 2071 2150 0
398 2054 2085 0
399 2089 2119 0
--------------
1000000 :c
1003936 :sum(p)
1000000 :sum(w)
