400 :n
id p,w,x
--------------
0 15801 15746 1
1 31444 31356 1
2 13 4 1
3 88 8 1
4 15825 15735 1
5 40 16 1
6 15805 15749 1
7 89 61 1
8 97 29 1
9 84 23 1
10 36 23 1
11 96 64 1
12 47 32 1
13 72 19 1
14 76 21 1
15 84 5 1
16 88 39 1
17 15817 15758 1
18 46 8 1
19 80 24 1
20 2124 2101 1
21 2138 2086 1
22 15819 15732 1
23 2133 2122 1
24 2107 2081 1
25 2142 2091 1
26 2144 2067 1
27 2122 2067 1
28 2123 2055 1
29 2135 2091 1
30 2124 2098 1
31 2137 2078 1
32 2130 2069 1
33 2138 2076 1
34 2153 2077 1
35 2152 2091 1
36 2112 2067 1
37 4081 4015 1
38 4080 4051 1
39 4054 4021 1
40 4092 4016 1
41 4075 4022 1
42 4072 4033 1
43 4100 4088 1
44 4087 4075 1
45 4088 4012 1
46 4089 4015 1
47 4094 4043 1
48 4080 4046 1
49 4042 4019 1
50 4076 4039 1
51 4089 4051 1
52 7946 7922 1
53 7991 7963 1
54 8011 7918 1
55 15793 15751 1
56 7988 7940 1
57 8003 7926 1
58 8010 7988 1
59 8000 7961 1
60 7967 7921 1
61 7988 7932 1
62 7967 7924 1
63 7952 7913 1
64 7955 7917 1
65 7996 7965 1
66 8006 7978 1
67 8001 7977 1
68 7975 7947 1
69 15776 15733 1
70 20 16 1
71 90 83 1
72 93 91 1
73 2103 2096 1
74 4034 4024 1
75 15807 15769 1
76 15818 15781 1
77 7933 7915 1
78 7953 7935 1
79 15818 15783 1
80 15776 15742 1
81 15780 15746 1
82 31446 31382 1
83 7981 7965 1
84 31433 31372 1
85 31412 31352 1
86 31440 31382 1
87 15793 15765 1
88 31416 31362 1
89 7933 7920 1
90 31435 31385 1
91 31447 31397 1
92 31422 31374 1
93 4098 4092 1
94 2061 2058 0
95 2143 2140 0
96 7967 7957 0
97 31415 31376 1
98 15758 15740 1
99 31409 31377 1
100 7968 7929 1
101 4013 4009 1
102 2076 2074 0
103 31427 31398 1
104 7933 7926 0
105 94 68 1
106 62678 62618 1
107 31408 31367 1
108 8008 8001 0
109 31425 31400 1
110 4058 4055 0
111 7994 8000 0
112 2127 2146 0
113 15735 15801 0
114 31443 31422 0
115 62645 62604 0
116 125195 125114 0
117 15736 15726 0
118 4086 4104 0
119 7986 7981 0
120 62667 62628 0
121 125184 125107 0
122 62647 62609 0
123 31438 31420 0
124 15807 15798 0
125 15814 15805 0
126 62647 62614 0
127 62650 62617 0
128 31373 31358 0
129 2099 2098 1
130 2126 2125 0
131 62688 62660 0
132 31408 31400 0
133 31449 31441 0
134 4071 4070 0
135 7993 7993 0
136 38 38 0
137 4070 4072 0
138 4074 4077 0
139 2063 2068 0
140 2057 2062 0
141 42 47 0
142 53 60 0
143 28 32 0
144 14 19 0
145 3 8 0
146 62695 62674 0
147 125143 125123 0
148 250163 250116 0
149 31372 31367 0
150 62676 62661 0
151 500187 500102 0
152 500176 500114 0
153 500199 500107 0
154 125145 125126 0
155 250154 250104 0
156 125169 125141 0
157 250198 250162 0
158 250192 250134 0
159 500199 500107 0
160 31365 31361 0
161 500199 500127 0
162 250194 250138 0
163 125135 125120 0
164 250150 250108 0
165 500176 500107 0
166 250158 250129 0
167 250145 250105 0
168 31449 31445 0
169 250165 250111 0
170 31417 31410 0
171 500199 500140 0
172 125177 125146 0
173 62677 62655 0
174 31444 31448 0
175 500193 500167 0
176 500153 500200 0
177 500165 500154 0
178 500163 500188 0
179 62663 62663 0
180 500181 500159 0
181 62671 62673 0
182 500178 500149 0
183 500196 500189 0
184 500122 500143 0
185 62686 62686 0
186 500155 500103 0
187 500101 500153 0
188 500179 500174 0
189 500118 500178 0
190 500142 500144 0
191 62628 62623 0
192 500152 500121 0
193 500196 500192 0
194 62624 62627 0
195 500145 500178 0
196 31367 31371 0
197 125185 125176 0
198 31369 31374 0
199 500140 500146 0
200 500166 500170 0
201 500108 500122 0
202 250160 250186 0
203 125164 125154 0
204 500183 500166 0
205 250163 250150 0
206 250138 250159 0
207 125155 125175 0
208 125164 125150 0
209 500141 500178 0
210 250174 250193 0
211 250174 250155 0
212 125155 125167 0
213 125111 125107 0
214 250183 250188 0
215 250126 250130 0
216 250171 250198 0
217 125126 125139 0
218 250148 250160 0
219 15784 15785 0
220 250149 250193 0
221 250111 250124 0
222 250173 250162 0
223 250178 250160 0
224 250113 250112 0
225 250200 250186 0
226 125131 125150 0
227 500192 500170 0
228 125156 125153 0
229 125183 125181 0
230 125160 125162 0
231 125136 125148 0
232 125138 125158 0
233 250184 250165 0
234 250118 250109 0
235 125172 125172 0
236 250116 250134 0
237 250105 250117 0
238 500182 500133 0
239 125161 125151 0
240 250164 250188 0
241 250145 250142 0
242 500130 500156 0
243 500150 500165 0
244 125123 125120 0
245 500180 500132 0
246 125135 125136 0
247 250151 250124 0
248 250175 250176 0
249 250132 250115 0
250 250132 250123 0
251 250103 250106 0
252 250136 250162 0
253 250174 250162 0
254 500138 500193 0
255 500192 500135 0
256 500120 500173 0
257 500145 500133 0
258 500195 500177 0
259 500149 500146 0
260 62692 62669 0
261 62633 62612 0
262 125161 125116 0
263 62686 62659 0
264 125150 125100 0
265 125193 125124 0
266 62687 62671 0
267 62636 62612 0
268 125146 125111 0
269 7929 7942 0
270 7917 7977 0
271 15806 15813 0
272 15728 15821 0
273 15735 15747 0
274 7917 8007 0
275 15748 15782 0
276 15741 15825 0
277 15758 15796 0
278 15803 15811 0
279 15775 15781 0
280 15768 15820 0
281 15770 15803 0
282 15791 15810 0
283 7922 7966 0
284 4048 4087 0
285 7923 8004 0
286 15769 15793 0
287 4047 4052 0
288 15771 15807 0
289 4011 4070 0
290 15785 15807 0
291 4063 4081 0
292 4007 4070 0
293 15788 15800 0
294 15729 15766 0
295 15768 15771 0
296 15770 15792 0
297 4079 4090 0
298 15764 15786 0
299 4075 4100 0
300 15739 15789 0
301 15740 15812 0
302 31380 31433 0
303 250131 250199 0
304 4010 4024 0
305 31384 31417 0
306 4031 4052 0
307 31367 31426 0
308 4027 4085 0
309 4030 4042 0
310 31354 31365 0
311 4012 4082 0
312 31423 31448 0
313 4063 4093 0
314 4021 4045 0
315 4033 4070 0
316 4066 4095 0
317 31377 31390 0
318 4020 4059 0
319 2103 2116 0
320 31352 31411 0
321 31352 31405 0
322 31351 31436 0
323 2099 2137 0
324 250125 250169 0
325 2084 2137 0
326 31369 31441 0
327 31380 31397 0
328 31423 31429 0
329 31388 31446 0
330 250123 250188 0
331 31384 31403 0
332 62640 62689 0
333 2077 2094 0
334 62613 62649 0
335 2067 2079 0
336 62665 62682 0
337 62601 62666 0
338 2122 2128 0
339 2065 2140 0
340 2070 2118 0
341 62625 62666 0
342 62603 62648 0
343 62610 62631 0
344 62632 62652 0
345 2054 2106 0
346 62611 62638 0
347 2087 2099 0
348 62607 62696 0
349 2091 2145 0
350 62618 62635 0
351 7968 7980 0
352 2106 2123 0
353 62619 62669 0
354 62603 62620 0
355 2059 2142 0
356 62652 62678 0
357 2103 2119 0
358 2079 2141 0
359 500108 500197 0
360 62639 62674 0
361 62639 62686 0
362 60 87 0
363 54 97 0
364 62630 62656 0
365 62612 62656 0
366 62609 62669 0
367 34 67 0
368 62638 62656 0
369 51 83 0
370 125120 125162 0
371 9 100 0
372 125122 125164 0
373 26 47 0
374 125172 125199 0
375 7941 7965 0
376 30 66 0
377 38 72 0
378 2 73 0
379 23 99 0
380 125118 125186 0
381 20 67 0
382 125109 125182 0
383 68 91 0
384 35 45 0
385 125146 125177 0
386 3 96 0
387 7917 8006 0
388 19 88 0
389 125139 125169 0
390 7960 8010 0
391 125114 125152 0
392 7925 7964 0
393 125117 125184 0
394 125153 125187 0
395 125155 125185 0
396 125101 125169 0
397 7931 7949 0
398 7949 7980 0
399 7956 7981 0
--------------
1000000 :c
1004360 :sum(p)
1000000 :sum(w)
