400 :n
id p,w,x
--------------
0 7992 7917 1
1 77 59 1
2 2113 2062 1
3 43 14 1
4 2104 2061 1
5 2112 2065 1
6 2099 2072 1
7 2146 2074 1
8 7969 7915 1
9 2152 2060 1
10 2151 2075 1
11 2110 2079 1
12 2112 2091 1
13 2126 2105 1
14 84 26 1
15 52 5 1
16 4087 4058 1
17 2134 2075 1
18 4058 4016 1
19 4072 4016 1
20 8008 7921 1
21 84 56 1
22 2125 2064 1
23 97 67 1
24 4104 4069 1
25 8002 7924 1
26 88 1 1
27 4099 4028 1
28 4068 4020 1
29 4085 4048 1
30 83 62 1
31 8009 7936 1
32 70 7 1
33 54 5 1
34 83 60 1
35 4105 4035 1
36 56 41 1
37 4103 4012 1
38 76 42 1
39 22 1 1
40 51 29 1
41 4099 4069 1
42 4096 4066 1
43 4067 4044 1
44 15810 15761 1
45 15822 15740 1
46 31430 31368 1
47 7961 7925 1
48 15813 15731 1
49 31448 31366 1
50 7956 7921 1
51 15799 15740 1
52 7994 7954 1
53 8007 7954 1
54 7980 7929 1
55 7975 7935 1
56 15823 15743 1
57 7980 7952 1
58 7953 7920 1
59 15821 15738 1
60 15813 15771 1
61 7976 7945 1
62 17 11 1
63 36 26 1
64 49 38 1
65 33 27 1
66 67 55 1
67 96 85 1
68 47 42 1
69 37 34 1
70 96 91 1
71 2121 2108 1
72 4041 4020 1
73 2125 2114 1
74 4065 4044 1
75 4083 4066 1
76 4037 4021 1
77 4061 4045 1
78 7966 7942 1
79 7990 7970 1
80 7949 7931 1
81 7986 7968 1
82 7931 7914 1
83 2072 2068 1
84 15766 15737 1
85 7942 7928 1
86 15785 15758 1
87 15820 15794 1
88 7927 7914 1
89 7960 7947 1
90 15767 15743 1
91 4022 4016 1
92 15801 15780 1
93 62677 62601 1
94 7996 7987 1
95 15777 15761 1
96 7956 7948 1
97 4012 4008 1
98 62689 62628 1
99 15763 15749 0
100 7930 7923 1
101 62679 62627 1
102 62688 62638 1
103 2139 2085 1
104 62676 62604 1
105 31399 31365 1
106 62691 62641 1
107 31410 31385 0
108 15814 15805 0
109 62698 62699 0
110 78 84 0
111 42 46 0
112 31419 31395 0
113 31413 31394 0
114 62664 62627 0
115 125188 125115 0
116 125170 125106 0
117 62677 62645 0
118 7980 7976 1
119 4024 4022 1
120 31390 31375 0
121 62688 62659 0
122 62688 62660 0
123 31394 31380 0
124 62651 62626 0
125 31421 31409 0
126 31431 31419 0
127 31373 31365 0
128 31407 31400 0
129 31363 31357 0
130 15730 15727 0
131 15811 15810 0
132 4061 4061 0
133 15766 15766 0
134 15783 15784 0
135 15761 15765 0
136 15789 15794 0
137 4090 4093 0
138 7931 7937 0
139 4100 4105 0
140 4099 4104 1
141 7960 7971 0
142 2147 2150 0
143 2075 2078 0
144 2058 2063 0
145 2116 2122 0
146 2103 2109 0
147 2066 2072 0
148 2107 2116 0
149 67 78 0
150 35 43 0
151 48 60 0
152 19 26 0
153 19 26 0
154 6 17 0
155 62630 62615 0
156 125185 125136 0
157 250189 250146 0
158 125159 125100 0
159 125164 125127 0
160 500195 500110 0
161 250184 250139 0
162 250147 250104 0
163 250178 250110 0
164 125148 125118 0
165 125180 125145 0
166 125183 125153 0
167 62654 62643 0
168 250147 250104 0
169 31411 31449 0
170 31352 31447 0
171 31405 31435 0
172 31378 31428 0
173 62645 62663 0
174 62652 62687 0
175 31401 31410 0
176 62656 62693 0
177 31377 31426 0
178 31352 31377 0
179 31361 31436 0
180 31377 31387 0
181 62659 62675 0
182 62610 62687 0
183 31394 31447 0
184 31433 31440 0
185 31409 31432 0
186 31357 31359 0
187 31393 31434 0
188 31357 31430 0
189 62647 62661 0
190 62663 62671 0
191 31361 31370 0
192 62674 62692 0
193 62633 62656 0
194 31412 31411 0
195 62686 62681 0
196 31400 31401 0
197 31381 31420 0
198 31395 31415 0
199 62627 62666 0
200 62681 62676 0
201 15747 15805 0
202 125156 125139 0
203 125139 125174 0
204 125107 125166 0
205 125134 125179 0
206 125140 125199 0
207 125160 125181 0
208 125142 125139 0
209 125120 125171 0
210 15731 15765 0
211 125116 125124 0
212 125172 125163 0
213 31426 31434 0
214 15761 15822 0
215 125115 125100 0
216 15758 15811 0
217 15755 15776 0
218 125125 125158 0
219 15747 15804 0
220 125125 125146 0
221 62657 62672 0
222 15766 15781 0
223 31371 31427 0
224 15805 15821 0
225 125116 125169 0
226 125124 125176 0
227 125104 125188 0
228 125138 125138 0
229 15744 15787 0
230 15796 15820 0
231 62622 62633 0
232 15779 15809 0
233 15764 15792 0
234 125160 125149 0
235 15780 15823 0
236 125105 125185 0
237 31375 31403 0
238 15746 15759 0
239 125112 125110 0
240 125100 125147 0
241 125110 125149 0
242 125141 125135 0
243 125125 125157 0
244 125122 125154 0
245 125137 125131 0
246 125121 125108 0
247 125145 125168 0
248 31414 31445 0
249 250169 250175 0
250 250196 250157 0
251 250134 250174 0
252 250107 250130 0
253 250127 250139 0
254 250187 250148 0
255 250109 250189 0
256 250176 250163 0
257 250107 250121 0
258 250105 250147 0
259 250127 250132 0
260 250138 250186 0
261 250153 250186 0
262 31351 31375 0
263 250175 250160 0
264 250165 250132 0
265 250125 250141 0
266 250168 250181 0
267 250125 250165 0
268 7938 7956 0
269 250128 250110 0
270 250176 250176 0
271 7931 7950 0
272 250145 250164 0
273 250114 250187 0
274 250124 250168 0
275 250151 250147 0
276 250124 250180 0
277 250106 250137 0
278 250154 250115 0
279 250119 250173 0
280 250104 250145 0
281 250139 250170 0
282 250163 250148 0
283 4036 4052 0
284 250150 250182 0
285 500166 500105 0
286 500101 500152 0
287 500171 500193 0
288 31421 31438 0
289 62620 62700 0
290 500195 500192 0
291 500117 500187 0
292 500185 500155 0
293 500122 500116 0
294 500148 500119 0
295 500200 500197 0
296 500187 500197 0
297 62636 62653 0
298 500148 500117 0
299 500196 500113 0
300 500162 500170 0
301 500159 500134 0
302 62661 62693 0
303 500160 500126 0
304 500159 500108 0
305 500111 500174 0
306 500121 500166 0
307 500157 500130 0
308 500198 500127 0
309 62658 62658 0
310 62639 62690 0
311 500182 500102 0
312 500119 500151 0
313 500109 500136 0
314 500176 500130 0
315 500182 500111 0
316 500122 500140 0
317 500176 500161 0
318 4040 4056 0
319 500180 500137 0
320 500147 500155 0
321 500157 500185 0
322 500121 500176 0
323 62653 62688 0
324 500200 500117 0
325 500116 500197 0
326 62615 62642 0
327 500169 500173 0
328 500188 500167 0
329 500184 500135 0
330 500156 500118 0
331 500159 500166 0
332 500102 500129 0
333 62652 62685 0
334 62647 62658 0
335 31374 31401 0
336 62632 62683 0
337 62636 62644 0
338 62608 62664 0
339 125152 125111 0
340 125143 125117 0
341 125162 125136 0
342 125178 125136 0
343 250195 250121 0
344 250183 250129 0
345 250188 250109 0
346 2085 2138 0
347 2087 2134 0
348 2073 2138 0
349 2085 2125 0
350 2083 2147 0
351 2065 2140 0
352 2109 2148 0
353 4058 4077 0
354 4021 4076 0
355 2095 2121 0
356 4025 4057 0
357 4044 4104 0
358 4019 4062 0
359 2107 2138 0
360 4027 4075 0
361 4045 4069 0
362 4032 4080 0
363 50 71 0
364 4063 4083 0
365 2088 2101 0
366 4027 4065 0
367 2 57 0
368 6 75 0
369 4037 4094 0
370 21 88 0
371 4013 4055 0
372 4014 4074 0
373 2080 2092 0
374 19 60 0
375 4020 4101 0
376 7964 8002 0
377 12 87 0
378 7918 8004 0
379 7943 7985 0
380 7932 7987 0
381 7958 8002 0
382 7933 7974 0
383 2081 2099 0
384 2060 2122 0
385 7938 7974 0
386 21 69 0
387 2079 2132 0
388 7926 7966 0
389 7949 7990 0
390 7926 8007 0
391 15743 15819 0
392 15727 15818 0
393 15727 15793 0
394 2061 2088 0
395 15732 15800 0
396 15741 15805 0
397 11 44 0
398 2071 2153 0
399 2060 2085 0
--------------
1000000 :c
1003995 :sum(p)
1000000 :sum(w)
