400 :n
id p,w,x
--------------
0 4101 4049 1
1 4064 4033 1
2 31440 31394 1
3 23 6 1
4 4072 4046 1
5 76 21 1
6 31436 31376 1
7 31423 31372 1
8 15825 15771 1
9 73 48 1
10 88 22 1
11 43 13 1
12 4078 4009 1
13 90 39 1
14 85 16 1
15 51 8 1
16 66 26 1
17 31409 31360 1
18 33 16 1
19 4066 4024 1
20 4103 4034 1
21 4101 4034 1
22 75 40 1
23 4098 4065 1
24 15805 15759 1
25 96 52 1
26 4082 4021 1
27 4072 4042 1
28 4050 4018 1
29 48 30 1
30 31440 31366 1
31 4061 4036 1
32 91 25 1
33 4099 4045 1
34 2138 2078 1
35 2152 2125 1
36 2136 2097 1
37 2131 2070 1
38 31424 31362 1
39 7996 7955 1
40 2135 2061 1
41 2124 2055 1
42 15821 15734 1
43 15780 15739 1
44 15825 15758 1
45 15825 15753 1
46 15799 15760 1
47 15816 15774 1
48 15808 15738 1
49 7997 7944 1
50 15813 15737 1
51 2144 2126 1
52 7996 7952 1
53 8011 7946 1
54 8006 7928 1
55 7977 7944 1
56 2115 2061 1
57 7980 7932 1
58 7971 7938 1
59 62693 62617 1
60 2137 2095 1
61 2099 2081 1
62 7954 7916 1
63 8009 7934 1
64 2153 2093 1
65 7978 7954 1
66 7996 7958 1
67 2149 2123 1
68 7987 7949 1
69 2124 2073 1
70 2133 2056 1
71 2150 2115 1
72 7993 7921 1
73 2108 2074 1
74 2147 2102 1
75 7988 7928 1
76 14 9 1
77 20 13 1
78 26 18 1
79 46 40 1
80 86 75 1
81 93 84 1
82 98 93 1
83 48 47 1
84 2122 2107 1
85 4091 4073 1
86 2077 2068 1
87 2103 2094 1
88 4042 4028 1
89 2149 2142 1
90 4083 4072 1
91 8001 7980 1
92 15822 15793 1
93 2149 2146 1
94 7948 7937 1
95 15823 15805 1
96 31401 31367 1
97 31427 31393 1
98 15761 15744 1
99 15824 15808 1
100 4068 4064 0
101 2090 2088 0
102 15765 15750 0
103 94 60 1
104 62684 62619 1
105 31397 31352 1
106 62680 62621 1
107 62670 62612 1
108 31450 31423 0
109 62700 62657 0
110 31449 31445 0
111 15734 15754 0
112 62678 62630 0
113 15796 15784 0
114 7977 7971 0
115 62688 62641 0
116 4017 4014 0
117 4035 4032 0
118 31382 31365 0
119 15754 15746 0
120 15783 15775 0
121 4029 4027 0
122 4048 4046 0
123 8007 8005 0
124 4037 4036 0
125 4074 4077 0
126 2084 2086 0
127 2128 2133 0
128 2074 2079 0
129 24 25 1
130 10 17 0
131 3 7 0
132 125193 125152 0
133 250176 250111 0
134 62692 62659 0
135 62655 62628 0
136 125181 125137 0
137 125176 125110 0
138 250186 250121 0
139 125190 125142 0
140 125165 125126 0
141 125197 125117 0
142 125187 125151 0
143 125192 125103 0
144 125186 125101 0
145 250131 250102 0
146 250193 250142 0
147 250177 250120 0
148 250191 250147 0
149 250191 250126 0
150 62699 62690 0
151 250175 250156 0
152 250144 250114 0
153 250130 250105 0
154 15748 15746 0
155 250181 250167 0
156 250197 250171 0
157 250148 250114 0
158 250187 250160 0
159 31408 31406 0
160 250181 250150 0
161 500182 500158 0
162 500150 500108 0
163 250172 250133 0
164 500173 500114 0
165 500182 500153 0
166 31398 31393 0
167 500169 500121 0
168 500170 500110 0
169 250198 250151 0
170 500165 500116 0
171 62673 62669 0
172 250156 250138 0
173 125150 125144 0
174 15783 15782 0
175 500147 500125 0
176 250165 250147 0
177 125143 125127 0
178 31379 31372 0
179 500176 500132 0
180 250155 250110 0
181 500145 500104 0
182 125119 125105 0
183 500173 500126 0
184 125175 125168 0
185 250197 250179 0
186 250151 250119 0
187 125196 125130 0
188 250197 250115 0
189 125196 125112 0
190 125163 125105 0
191 125192 125115 0
192 31444 31432 0
193 62648 62614 0
194 31408 31436 0
195 31392 31421 0
196 31385 31427 0
197 31360 31426 0
198 31353 31356 0
199 31400 31444 0
200 31412 31435 0
201 15782 15786 0
202 31375 31376 0
203 31360 31385 0
204 31424 31424 0
205 15754 15773 0
206 15732 15743 0
207 31353 31384 0
208 15739 15754 0
209 31417 31436 0
210 15779 15815 0
211 15789 15795 0
212 15732 15741 0
213 31391 31437 0
214 15730 15816 0
215 31356 31409 0
216 15785 15820 0
217 31412 31418 0
218 15730 15779 0
219 62606 62655 0
220 15746 15805 0
221 62623 62654 0
222 62679 62692 0
223 15761 15805 0
224 15738 15742 0
225 62621 62672 0
226 62646 62682 0
227 62650 62696 0
228 15742 15824 0
229 15752 15808 0
230 15753 15785 0
231 15735 15769 0
232 62629 62638 0
233 62636 62674 0
234 62669 62695 0
235 15734 15767 0
236 62623 62692 0
237 62687 62699 0
238 15763 15818 0
239 62613 62683 0
240 7942 8006 0
241 62604 62618 0
242 7921 7995 0
243 62605 62647 0
244 62612 62614 0
245 7921 7972 0
246 7932 7982 0
247 62602 62631 0
248 7916 7957 0
249 62619 62647 0
250 7937 7940 0
251 7933 7949 0
252 62647 62691 0
253 7932 7972 0
254 7997 8006 0
255 7948 7985 0
256 7914 7925 0
257 7930 7984 0
258 7925 7973 0
259 7956 7960 0
260 62648 62648 0
261 62675 62697 0
262 62642 62646 0
263 62654 62671 0
264 62648 62690 0
265 7952 7979 0
266 62662 62671 0
267 62692 62691 0
268 62619 62631 0
269 7970 8005 0
270 7950 7998 0
271 62651 62659 0
272 62615 62625 0
273 125110 125122 0
274 7957 8010 0
275 7931 7948 0
276 7992 8005 0
277 125124 125183 0
278 7964 7998 0
279 125109 125143 0
280 125130 125146 0
281 125142 125154 0
282 125100 125110 0
283 4094 4106 0
284 4038 4081 0
285 125143 125173 0
286 4024 4074 0
287 125156 125197 0
288 125107 125154 0
289 4036 4081 0
290 4086 4094 0
291 4043 4060 0
292 125182 125189 0
293 125127 125178 0
294 125144 125171 0
295 4007 4095 0
296 4025 4044 0
297 4055 4083 0
298 125141 125161 0
299 4013 4018 0
300 4050 4078 0
301 125131 125193 0
302 125135 125176 0
303 125141 125160 0
304 4017 4082 0
305 125156 125159 0
306 125167 125192 0
307 4044 4098 0
308 125176 125199 0
309 125173 125194 0
310 125112 125190 0
311 125115 125135 0
312 125124 125189 0
313 31352 31396 0
314 4009 4066 0
315 4081 4094 0
316 4027 4035 0
317 4016 4037 0
318 250184 250195 0
319 2108 2149 0
320 2092 2137 0
321 250119 250122 0
322 2127 2135 0
323 31394 31421 0
324 250132 250172 0
325 250121 250171 0
326 250127 250179 0
327 250126 250151 0
328 2077 2112 0
329 2069 2091 0
330 250191 250185 0
331 250127 250116 0
332 2107 2145 0
333 250193 250195 0
334 250200 250198 0
335 250110 250109 0
336 2063 2095 0
337 31374 31399 0
338 31418 31444 0
339 2085 2100 0
340 250130 250163 0
341 2084 2114 0
342 2059 2126 0
343 250155 250193 0
344 250130 250167 0
345 250101 250128 0
346 2127 2150 0
347 250121 250163 0
348 2070 2122 0
349 250134 250132 0
350 2138 2146 0
351 500133 500162 0
352 500143 500170 0
353 500166 500161 0
354 500101 500178 0
355 500132 500166 0
356 500144 500161 0
357 2119 2149 0
358 500127 500175 0
359 500177 500180 0
360 41 64 0
361 9 52 0
362 500109 500142 0
363 500157 500172 0
364 500156 500191 0
365 41 90 0
366 31351 31417 0
367 29 92 0
368 500179 500186 0
369 18 26 0
370 31400 31408 0
371 31364 31404 0
372 9 71 0
373 65 81 0
374 500164 500156 0
375 500102 500181 0
376 17 33 0
377 500198 500199 0
378 500119 500199 0
379 500143 500167 0
380 56 77 0
381 500169 500147 0
382 500127 500186 0
383 500148 500166 0
384 29 60 0
385 500132 500137 0
386 14 81 0
387 500162 500200 0
388 500152 500168 0
389 52 92 0
390 500115 500199 0
391 500148 500140 0
392 500137 500192 0
393 500131 500196 0
394 500141 500181 0
395 500119 500150 0
396 52 77 0
397 58 81 0
398 31392 31440 0
399 31366 31397 0
--------------
1000000 :c
1004284 :sum(p)
999997 :sum(w)
