400 :n
id p,w,x
--------------
0 2116 2098 1
1 2152 2123 1
2 15823 15727 1
3 33 15 1
4 93 79 1
5 83 72 1
6 88 22 1
7 86 35 1
8 42 18 1
9 15805 15727 1
10 100 84 1
11 11 2 1
12 20 1 1
13 59 13 1
14 82 71 1
15 60 20 1
16 82 29 1
17 8012 7929 1
18 8012 7933 1
19 99 77 1
20 7984 7938 1
21 2146 2086 1
22 73 58 1
23 89 6 1
24 2135 2117 1
25 7972 7924 1
26 45 2 1
27 92 13 1
28 2148 2112 1
29 2119 2094 1
30 2127 2105 1
31 2086 2056 1
32 15807 15730 1
33 4073 4021 1
34 4090 4027 1
35 2139 2114 1
36 4077 4032 1
37 4086 4065 1
38 2117 2070 1
39 2121 2056 1
40 2146 2107 1
41 4091 4042 1
42 2125 2098 1
43 4059 4027 1
44 2124 2085 1
45 4102 4064 1
46 2142 2100 1
47 2090 2073 1
48 4078 4023 1
49 4058 4023 1
50 4049 4013 1
51 4090 4068 1
52 2120 2104 1
53 2149 2131 1
54 2112 2062 1
55 15776 15745 1
56 15813 15778 1
57 7976 7955 1
58 7952 7921 1
59 15815 15779 1
60 15809 15738 1
61 31421 31363 1
62 15821 15797 1
63 7955 7926 1
64 15811 15761 1
65 15777 15736 1
66 31448 31398 1
67 15820 15783 1
68 15797 15769 1
69 4079 4060 1
70 7971 7935 1
71 31446 31358 1
72 8007 7983 1
73 15787 15746 1
74 4093 4076 1
75 7987 7969 1
76 15802 15735 1
77 7957 7931 1
78 2141 2131 1
79 4039 4023 1
80 19 12 1
81 32 28 1
82 77 71 1
83 2078 2070 1
84 2101 2094 1
85 4077 4066 1
86 4029 4020 1
87 7957 7944 1
88 7970 7958 1
89 31419 31375 1
90 31413 31371 1
91 31411 31370 1
92 7968 7958 1
93 31414 31376 1
94 15787 15768 1
95 15776 15759 1
96 62692 62626 1
97 2082 2080 0
98 62687 62628 0
99 31440 31411 1
100 8010 8003 0
101 8008 7919 1
102 62659 62605 1
103 62699 62646 1
104 62699 62647 1
105 62664 62614 0
106 62693 62653 0
107 4100 4102 0
108 40 82 0
109 15801 15788 1
110 62666 62616 0
111 62689 62641 0
112 62652 62606 0
113 31383 31360 0
114 62686 62643 0
115 31406 31386 0
116 7984 7979 0
117 62661 62623 0
118 31448 31429 0
119 62642 62605 0
120 15779 15770 0
121 15820 15812 0
122 4061 4059 0
123 15782 15775 0
124 8006 8003 0
125 7956 7954 0
126 7968 7966 0
127 4030 4030 0
128 7986 7986 0
129 2151 2152 0
130 4081 4083 0
131 2073 2075 0
132 4084 4088 0
133 125190 125142 0
134 125193 125120 0
135 125174 125107 0
136 31410 31398 0
137 125174 125154 0
138 125126 125114 0
139 125164 125124 0
140 62616 62610 0
141 500163 500124 0
142 500144 500107 0
143 500154 500108 0
144 125190 125173 0
145 125197 125186 0
146 62667 62649 0
147 125148 125134 0
148 500180 500119 0
149 125138 125109 0
150 125156 125122 0
151 500148 500101 0
152 62628 62609 0
153 500148 500106 0
154 62662 62642 0
155 125193 125166 0
156 500189 500115 0
157 62623 62606 0
158 500149 500113 0
159 500198 500149 0
160 125175 125147 0
161 31358 31351 0
162 125149 125107 0
163 31377 31372 0
164 125155 125137 0
165 31392 31386 0
166 500173 500101 0
167 250173 250138 0
168 250193 250171 0
169 31413 31405 0
170 250162 250102 0
171 250172 250108 0
172 31380 31371 0
173 250186 250134 0
174 250185 250134 0
175 250163 250132 0
176 31428 31424 0
177 250194 250160 0
178 250169 250116 0
179 250149 250103 0
180 250145 250111 0
181 250136 250106 0
182 31381 31370 0
183 500159 500106 0
184 125180 125147 0
185 31438 31424 0
186 31439 31422 0
187 125197 125148 0
188 125177 125107 0
189 31426 31408 0
190 31434 31422 0
191 31415 31414 0
192 31380 31447 0
193 31381 31420 0
194 31385 31430 0
195 31432 31433 0
196 31386 31430 0
197 31432 31438 0
198 31420 31420 0
199 62618 62650 0
200 62664 62678 0
201 62616 62613 0
202 15776 15807 0
203 15738 15820 0
204 62611 62687 0
205 62610 62630 0
206 62621 62670 0
207 62615 62613 0
208 15765 15764 0
209 62621 62628 0
210 15743 15748 0
211 15726 15819 0
212 62602 62660 0
213 62628 62629 0
214 15779 15823 0
215 62636 62656 0
216 15749 15787 0
217 15744 15796 0
218 15732 15777 0
219 15738 15764 0
220 62659 62680 0
221 15745 15794 0
222 62632 62644 0
223 15729 15812 0
224 15791 15823 0
225 62629 62684 0
226 15768 15802 0
227 62631 62699 0
228 62613 62686 0
229 62679 62700 0
230 15742 15798 0
231 15740 15801 0
232 15768 15798 0
233 62660 62695 0
234 15730 15771 0
235 15738 15768 0
236 15752 15760 0
237 62601 62675 0
238 62660 62692 0
239 62603 62616 0
240 62651 62680 0
241 7914 7958 0
242 125129 125144 0
243 125147 125160 0
244 7934 7968 0
245 7926 8011 0
246 125167 125191 0
247 7958 7978 0
248 7949 7968 0
249 7918 7963 0
250 125116 125146 0
251 7961 7991 0
252 125137 125192 0
253 7966 7990 0
254 7960 8011 0
255 7940 7943 0
256 125111 125175 0
257 125166 125167 0
258 7940 7972 0
259 7948 7979 0
260 31380 31434 0
261 125119 125146 0
262 125149 125162 0
263 125101 125183 0
264 7919 7955 0
265 125168 125164 0
266 125101 125163 0
267 7914 8011 0
268 7920 7967 0
269 7955 7965 0
270 7955 7999 0
271 7937 7957 0
272 125116 125139 0
273 125100 125149 0
274 125177 125176 0
275 125101 125184 0
276 125134 125153 0
277 7915 7927 0
278 125102 125169 0
279 4038 4088 0
280 125154 125161 0
281 4042 4101 0
282 4066 4088 0
283 125105 125153 0
284 4017 4097 0
285 4042 4059 0
286 125129 125193 0
287 4080 4093 0
288 125157 125194 0
289 250126 250156 0
290 31383 31434 0
291 4043 4098 0
292 31416 31432 0
293 250177 250167 0
294 250114 250139 0
295 4041 4070 0
296 250186 250187 0
297 250184 250179 0
298 250165 250172 0
299 250115 250162 0
300 4050 4099 0
301 31371 31395 0
302 4044 4074 0
303 250168 250183 0
304 4055 4078 0
305 250110 250196 0
306 250113 250122 0
307 250191 250195 0
308 4047 4103 0
309 4082 4097 0
310 4048 4089 0
311 250133 250134 0
312 4024 4075 0
313 4012 4085 0
314 4066 4080 0
315 250189 250177 0
316 4010 4077 0
317 4077 4101 0
318 31426 31449 0
319 2061 2146 0
320 250107 250167 0
321 2087 2131 0
322 2119 2144 0
323 250117 250103 0
324 250151 250197 0
325 250179 250170 0
326 250190 250186 0
327 2078 2124 0
328 2085 2126 0
329 250119 250113 0
330 250125 250115 0
331 250113 250169 0
332 250137 250177 0
333 250163 250186 0
334 250133 250194 0
335 250199 250195 0
336 2108 2117 0
337 250116 250114 0
338 2070 2141 0
339 250166 250149 0
340 2083 2137 0
341 250196 250179 0
342 2071 2112 0
343 2087 2143 0
344 500149 500122 0
345 2089 2106 0
346 31381 31406 0
347 500101 500110 0
348 2084 2118 0
349 500102 500138 0
350 500145 500199 0
351 500142 500190 0
352 500117 500177 0
353 2091 2132 0
354 2119 2149 0
355 31445 31447 0
356 2106 2142 0
357 500181 500188 0
358 500167 500193 0
359 40 65 0
360 54 67 0
361 500186 500185 0
362 500153 500122 0
363 500104 500150 0
364 500135 500122 0
365 22 64 0
366 51 78 0
367 500104 500130 0
368 9 39 0
369 500132 500108 0
370 30 67 0
371 11 83 0
372 19 62 0
373 500126 500180 0
374 500191 500192 0
375 2 53 0
376 65 95 0
377 61 70 0
378 500110 500134 0
379 500116 500158 0
380 72 90 0
381 5 38 0
382 16 44 0
383 500194 500186 0
384 47 62 0
385 500123 500190 0
386 36 85 0
387 4 13 0
388 500156 500177 0
389 500187 500156 0
390 500124 500136 0
391 500113 500175 0
392 500158 500163 0
393 500151 500177 0
394 500179 500173 0
395 17 77 0
396 500116 500188 0
397 500156 500172 0
398 31352 31351 0
399 31386 31430 0
--------------
1000000 :c
1003745 :sum(p)
999999 :sum(w)
