400 :n
id p,w,x
--------------
0 15819 15736 1
1 15807 15732 1
2 93 55 1
3 54 12 1
4 33 13 1
5 89 16 1
6 68 30 1
7 15803 15726 1
8 15804 15728 1
9 43 26 1
10 32 10 1
11 28 7 1
12 57 2 1
13 59 25 1
14 7997 7959 1
15 79 65 1
16 2145 2104 1
17 2100 2076 1
18 2148 2109 1
19 2135 2084 1
20 2136 2069 1
21 2084 2066 1
22 8011 7920 1
23 7992 7918 1
24 7986 7931 1
25 2094 2064 1
26 2130 2059 1
27 2073 2055 1
28 7980 7936 1
29 2136 2077 1
30 2144 2071 1
31 4073 4013 1
32 4089 4019 1
33 4090 4043 1
34 4094 4074 1
35 4088 4055 1
36 4082 4026 1
37 4091 4026 1
38 4072 4008 1
39 4083 4056 1
40 4070 4027 1
41 4075 4019 1
42 4101 4079 1
43 4097 4031 1
44 4106 4071 1
45 7995 7925 1
46 7977 7927 1
47 8010 7946 1
48 8007 7963 1
49 8005 7973 1
50 31440 31371 1
51 15785 15742 1
52 31439 31375 1
53 15795 15751 1
54 31430 31358 1
55 31420 31353 1
56 4103 4084 1
57 15776 15727 1
58 15821 15753 1
59 7978 7953 1
60 7962 7937 1
61 7955 7929 1
62 34 24 1
63 44 35 1
64 61 51 1
65 2108 2094 1
66 2128 2115 1
67 2132 2120 1
68 2091 2080 1
69 4057 4039 1
70 2121 2112 1
71 4091 4075 1
72 2066 2058 1
73 7961 7940 1
74 7958 7938 1
75 7971 7951 1
76 15792 15754 1
77 15776 15740 1
78 4068 4059 1
79 2144 2140 1
80 31441 31383 1
81 31414 31357 1
82 31434 31377 1
83 31436 31380 1
84 15796 15768 1
85 31442 31389 1
86 31416 31364 1
87 31418 31367 1
88 31423 31379 1
89 15758 15736 1
90 7942 7931 0
91 8011 8000 1
92 31429 31386 1
93 31424 31383 1
94 62692 62613 1
95 79 66 1
96 15755 15733 1
97 4050 4041 1
98 7958 7948 1
99 31408 31370 1
100 7945 7938 0
101 31440 31447 0
102 15812 15823 0
103 250174 250156 0
104 62675 62602 0
105 62685 62613 0
106 31388 31352 0
107 7988 7979 0
108 62687 62619 0
109 15802 15794 0
110 15768 15751 0
111 31396 31364 0
112 8004 7996 0
113 62669 62608 0
114 31398 31370 0
115 31409 31381 0
116 62681 62627 0
117 62689 62636 0
118 31433 31408 0
119 125198 125103 0
120 31429 31407 0
121 15774 15763 0
122 31377 31359 0
123 31386 31368 0
124 31400 31383 0
125 2102 2101 0
126 2134 2133 1
127 15749 15742 0
128 7992 7990 0
129 15799 15796 0
130 63 63 1
131 4031 4031 0
132 2054 2054 0
133 4096 4096 0
134 2110 2111 1
135 4023 4027 0
136 4015 4021 0
137 4023 4030 0
138 2139 2143 0
139 2088 2093 0
140 2066 2071 0
141 2143 2150 0
142 2082 2089 0
143 2059 2066 0
144 2076 2087 0
145 32 33 1
146 83 91 0
147 63 70 0
148 43 49 0
149 73 85 0
150 68 80 0
151 54 67 0
152 35 44 0
153 27 34 0
154 17 24 0
155 16 28 0
156 250148 250111 0
157 125175 125153 0
158 250175 250144 0
159 250141 250106 0
160 250175 250133 0
161 500194 500144 0
162 250152 250115 0
163 500188 500111 0
164 31388 31378 0
165 250194 250151 0
166 250155 250104 0
167 500183 500116 0
168 500171 500108 0
169 31394 31382 0
170 250165 250112 0
171 500197 500117 0
172 250170 250143 0
173 125181 125166 0
174 125177 125160 0
175 125187 125106 0
176 125164 125100 0
177 62691 62676 0
178 125160 125108 0
179 125154 125107 0
180 125115 125102 0
181 125185 125169 0
182 250164 250115 0
183 62632 62619 0
184 125144 125122 0
185 250181 250116 0
186 250199 250165 0
187 62691 62676 0
188 62646 62631 0
189 31415 31400 0
190 125174 125157 0
191 125163 125102 0
192 62675 62659 0
193 250187 250155 0
194 125190 125150 0
195 62692 62672 0
196 125165 125131 0
197 125167 125144 0
198 62667 62644 0
199 125170 125126 0
200 250146 250112 0
201 62680 62664 0
202 62658 62648 0
203 500178 500109 0
204 62611 62639 0
205 15769 15815 0
206 15732 15789 0
207 62608 62603 0
208 250103 250139 0
209 62638 62646 0
210 15728 15739 0
211 15737 15797 0
212 62660 62685 0
213 15744 15812 0
214 15775 15816 0
215 62665 62666 0
216 15730 15820 0
217 15788 15787 0
218 250158 250163 0
219 15797 15815 0
220 15762 15824 0
221 62604 62669 0
222 15808 15814 0
223 15788 15807 0
224 62623 62672 0
225 15804 15814 0
226 62609 62621 0
227 62624 62671 0
228 15729 15734 0
229 15787 15786 0
230 15731 15821 0
231 15782 15785 0
232 62634 62690 0
233 62650 62684 0
234 31379 31377 0
235 125117 125121 0
236 125167 125180 0
237 15777 15802 0
238 125104 125174 0
239 250155 250143 0
240 125144 125184 0
241 7952 7985 0
242 7933 8000 0
243 7928 7952 0
244 125132 125155 0
245 7962 7976 0
246 250125 250114 0
247 7959 7996 0
248 7933 7999 0
249 125160 125177 0
250 7913 7945 0
251 125112 125180 0
252 7946 7968 0
253 125192 125198 0
254 250140 250160 0
255 7932 8011 0
256 125111 125128 0
257 7975 7998 0
258 125101 125120 0
259 250184 250160 0
260 125175 125177 0
261 125157 125152 0
262 125124 125169 0
263 125107 125187 0
264 125158 125168 0
265 125182 125171 0
266 7981 8006 0
267 7932 8010 0
268 250155 250183 0
269 125153 125197 0
270 250153 250160 0
271 250196 250175 0
272 7953 8001 0
273 7944 7972 0
274 250168 250175 0
275 7925 7979 0
276 125160 125166 0
277 7977 7985 0
278 7930 7989 0
279 250188 250167 0
280 15741 15776 0
281 4082 4105 0
282 125181 125181 0
283 250152 250153 0
284 4038 4089 0
285 125132 125135 0
286 4060 4101 0
287 125149 125179 0
288 4033 4093 0
289 4040 4081 0
290 125113 125118 0
291 500183 500190 0
292 125115 125190 0
293 4036 4063 0
294 500186 500158 0
295 4007 4089 0
296 4035 4067 0
297 4067 4076 0
298 4052 4062 0
299 62668 62663 0
300 4059 4070 0
301 500194 500159 0
302 500138 500195 0
303 250155 250184 0
304 500180 500163 0
305 250132 250164 0
306 500124 500167 0
307 500165 500155 0
308 4066 4098 0
309 500123 500162 0
310 4055 4096 0
311 4064 4096 0
312 4039 4094 0
313 4025 4038 0
314 15749 15813 0
315 250113 250140 0
316 15747 15770 0
317 250103 250122 0
318 500191 500183 0
319 250126 250140 0
320 2077 2103 0
321 250138 250144 0
322 250138 250150 0
323 500132 500192 0
324 250140 250138 0
325 2069 2093 0
326 62637 62641 0
327 500149 500193 0
328 250149 250187 0
329 2065 2132 0
330 62634 62633 0
331 2091 2135 0
332 62666 62670 0
333 500101 500196 0
334 31395 31417 0
335 62663 62667 0
336 2088 2106 0
337 2067 2124 0
338 500145 500121 0
339 62612 62615 0
340 500115 500170 0
341 62625 62626 0
342 2070 2088 0
343 2071 2110 0
344 2055 2088 0
345 500118 500133 0
346 2073 2099 0
347 62641 62665 0
348 62678 62693 0
349 250155 250195 0
350 500129 500112 0
351 500161 500154 0
352 500172 500141 0
353 2075 2116 0
354 500131 500193 0
355 500139 500188 0
356 500182 500183 0
357 250153 250131 0
358 500166 500123 0
359 31411 31445 0
360 6 35 0
361 250165 250143 0
362 500130 500168 0
363 31356 31390 0
364 5 80 0
365 62615 62671 0
366 62630 62656 0
367 67 94 0
368 3 55 0
369 31425 31440 0
370 45 75 0
371 22 79 0
372 500133 500165 0
373 500141 500123 0
374 250156 250175 0
375 500108 500171 0
376 500124 500143 0
377 62665 62698 0
378 23 82 0
379 62650 62684 0
380 31389 31392 0
381 31375 31439 0
382 500137 500184 0
383 500184 500144 0
384 500160 500180 0
385 31359 31428 0
386 31355 31376 0
387 31380 31403 0
388 500178 500198 0
389 34 74 0
390 4 55 0
391 1 57 0
392 9 84 0
393 500133 500187 0
394 25 56 0
395 500187 500199 0
396 10 69 0
397 500184 500181 0
398 31372 31420 0
399 31411 31438 0
--------------
1000000 :c
1003994 :sum(p)
1000000 :sum(w)
