400 :n
id p,w,x
--------------
0 81 9 1
1 95 16 1
2 100 17 1
3 52 9 1
4 67 16 1
5 54 13 1
6 48 12 1
7 45 13 1
8 62 18 1
9 19 6 1
10 64 24 1
11 91 52 1
12 79 50 1
13 56 43 1
14 76 62 1
15 70 64 1
16 67 62 1
17 76 73 1
18 2150 2071 1
19 2144 2066 1
20 2137 2073 1
21 2119 2061 1
22 2134 2079 1
23 2109 2057 1
24 2127 2076 1
25 2133 2083 1
26 2133 2087 1
27 2099 2056 1
28 2105 2065 1
29 2148 2110 1
30 4104 4032 1
31 2089 2060 1
32 4096 4044 1
33 4087 4040 1
34 87 86 1
35 2131 2108 1
36 2150 2127 1
37 7999 7914 1
38 4082 4047 1
39 8010 7946 1
40 8009 7948 1
41 2115 2099 1
42 8005 7945 1
43 2132 2117 1
44 4070 4044 1
45 7985 7934 1
46 2103 2090 1
47 4082 4057 1
48 2128 2115 1
49 4037 4013 1
50 8004 7958 1
51 7952 7914 1
52 2121 2111 1
53 4070 4051 1
54 4078 4061 1
55 15792 15728 1
56 76 22 1
57 4087 4072 1
58 4076 4062 1
59 15820 15768 1
60 2148 2141 1
61 15807 15756 1
62 7998 7973 1
63 15800 15752 1
64 15814 15768 1
65 15794 15749 1
66 31449 31360 1
67 31447 31363 1
68 8000 7980 1
69 4030 4020 1
70 31431 31356 1
71 15797 15761 1
72 31435 31364 1
73 7983 7965 1
74 4040 4031 1
75 31428 31358 1
76 15784 15749 1
77 2088 2074 1
78 31433 31385 1
79 31403 31353 1
80 31415 31357 1
81 31420 31369 1
82 62685 62607 1
83 7995 7979 1
84 15808 15779 1
85 4047 4040 1
86 15820 15793 1
87 15820 15795 1
88 2148 2145 1
89 15792 15770 1
90 31437 31394 1
91 7959 7950 1
92 31396 31362 1
93 62679 62615 0
94 7981 7950 1
95 15774 15739 1
96 62663 62601 1
97 62672 62612 0
98 62699 62639 1
99 62700 62683 0
100 31437 31429 0
101 31385 31383 0
102 31435 31405 1
103 62674 62624 0
104 31384 31361 0
105 15783 15774 0
106 15815 15806 0
107 31372 31355 0
108 7928 7924 1
109 31379 31364 0
110 15786 15784 0
111 8011 8011 1
112 62662 62627 0
113 62682 62644 0
114 125160 125102 0
115 62635 62607 0
116 62658 62636 0
117 125181 125138 0
118 125186 125146 0
119 125167 125128 0
120 125184 125149 0
121 125171 125138 0
122 125156 125124 0
123 125161 125129 0
124 62698 62682 0
125 62667 62652 0
126 125185 125156 0
127 125148 125120 0
128 62672 62659 0
129 31377 31371 0
130 31399 31394 0
131 125194 125116 0
132 62695 62688 0
133 62669 62663 0
134 31391 31388 0
135 62651 62646 0
136 62609 62605 0
137 62638 62634 0
138 62680 62676 0
139 7913 7965 0
140 62670 62629 0
141 15764 15763 0
142 15803 15803 0
143 2074 2074 1
144 4028 4028 1
145 31424 31428 0
146 31353 31359 0
147 7977 7979 0
148 7932 7934 0
149 7987 7990 0
150 2092 2093 0
151 7960 7964 0
152 15788 15797 0
153 15799 15809 0
154 15759 15770 0
155 4042 4045 0
156 7932 7939 0
157 7923 7930 0
158 4037 4041 0
159 4039 4044 0
160 4069 4075 0
161 4020 4026 0
162 7952 7967 0
163 2094 2098 0
164 2075 2079 0
165 7962 7981 0
166 4079 4092 0
167 4051 4066 0
168 4065 4081 0
169 2056 2065 0
170 4058 4077 0
171 4026 4048 0
172 2108 2120 0
173 4019 4042 0
174 4079 4103 0
175 2126 2139 0
176 4068 4093 0
177 2085 2098 0
178 2083 2096 0
179 2119 2134 0
180 2134 2151 0
181 2074 2091 0
182 2077 2096 0
183 2106 2128 0
184 72 75 1
185 63 71 0
186 59 72 0
187 73 93 0
188 70 91 0
189 62 85 0
190 70 98 0
191 42 68 0
192 28 46 0
193 34 58 0
194 28 58 0
195 250164 250114 0
196 250189 250124 0
197 250180 250124 0
198 250188 250107 0
199 250190 250116 0
200 500138 500176 0
201 500124 500171 0
202 500112 500112 0
203 500130 500166 0
204 250152 250186 0
205 125101 125128 0
206 250125 250188 0
207 500166 500194 0
208 500163 500189 0
209 62666 62668 0
210 62620 62623 0
211 250173 250176 0
212 250121 250172 0
213 500115 500185 0
214 62634 62640 0
215 500108 500194 0
216 250164 250177 0
217 500181 500186 0
218 250169 250177 0
219 250142 250184 0
220 62668 62670 0
221 500184 500189 0
222 62635 62650 0
223 250137 250190 0
224 250186 250193 0
225 500170 500188 0
226 62655 62655 0
227 62618 62621 0
228 62672 62681 0
229 62660 62664 0
230 250129 250140 0
231 250174 250184 0
232 500140 500184 0
233 250120 250155 0
234 125106 125108 0
235 125163 125168 0
236 500115 500128 0
237 250108 250171 0
238 250171 250196 0
239 125140 125148 0
240 250127 250175 0
241 125175 125184 0
242 500109 500171 0
243 500124 500136 0
244 125110 125137 0
245 125119 125136 0
246 125164 125168 0
247 500109 500191 0
248 250125 250146 0
249 500114 500182 0
250 250147 250183 0
251 125181 125186 0
252 500112 500191 0
253 250118 250160 0
254 250110 250157 0
255 125125 125127 0
256 125151 125168 0
257 250199 250135 0
258 250145 250114 0
259 250140 250125 0
260 250169 250136 0
261 250173 250127 0
262 250194 250147 0
263 250160 250145 0
264 250156 250152 0
265 250173 250168 0
266 250198 250181 0
267 500197 500144 0
268 500171 500128 0
269 125193 125182 0
270 250178 250137 0
271 125161 125146 0
272 125154 125151 0
273 500178 500114 0
274 500172 500107 0
275 500170 500130 0
276 125192 125177 0
277 250130 250121 0
278 250116 250112 0
279 500138 500114 0
280 500147 500138 0
281 500153 500117 0
282 125193 125169 0
283 500177 500169 0
284 250196 250179 0
285 250200 250160 0
286 500168 500101 0
287 125195 125177 0
288 500189 500101 0
289 125155 125150 0
290 500172 500105 0
291 500180 500111 0
292 125137 125113 0
293 500199 500158 0
294 500173 500161 0
295 125160 125149 0
296 500160 500110 0
297 500190 500123 0
298 500157 500153 0
299 500189 500147 0
300 500142 500123 0
301 500165 500109 0
302 500146 500113 0
303 15738 15766 0
304 15779 15825 0
305 15728 15813 0
306 250104 250184 0
307 4019 4101 0
308 4017 4056 0
309 4023 4096 0
310 4037 4090 0
311 4037 4080 0
312 4044 4078 0
313 4015 4076 0
314 15727 15764 0
315 15745 15768 0
316 4072 4106 0
317 15767 15807 0
318 15769 15806 0
319 15741 15793 0
320 15733 15805 0
321 15729 15787 0
322 4062 4101 0
323 15745 15778 0
324 15773 15825 0
325 15735 15817 0
326 15746 15811 0
327 15771 15819 0
328 15783 15799 0
329 2096 2126 0
330 15743 15785 0
331 31393 31404 0
332 15735 15821 0
333 31410 31429 0
334 31399 31416 0
335 31370 31445 0
336 31355 31365 0
337 4034 4073 0
338 31366 31397 0
339 31409 31429 0
340 4047 4081 0
341 31379 31404 0
342 4031 4080 0
343 31385 31433 0
344 7920 7979 0
345 31379 31415 0
346 15743 15813 0
347 31392 31448 0
348 7924 7984 0
349 31404 31439 0
350 31404 31434 0
351 31386 31414 0
352 7932 7967 0
353 31362 31396 0
354 31394 31440 0
355 2080 2109 0
356 31351 31446 0
357 7922 8006 0
358 2071 2149 0
359 29 94 0
360 7944 7968 0
361 31361 31404 0
362 62632 62662 0
363 11 86 0
364 125150 125182 0
365 8 46 0
366 62613 62644 0
367 24 75 0
368 7957 7984 0
369 62621 62697 0
370 18 55 0
371 62620 62699 0
372 62643 62668 0
373 7921 8006 0
374 7930 7962 0
375 7932 7998 0
376 62625 62649 0
377 62644 62684 0
378 62603 62698 0
379 62661 62697 0
380 62677 62696 0
381 11 59 0
382 125100 125158 0
383 125153 125189 0
384 125119 125178 0
385 7927 8004 0
386 125153 125197 0
387 125101 125167 0
388 125121 125184 0
389 125130 125186 0
390 7929 7974 0
391 7933 7978 0
392 7933 7998 0
393 33 64 0
394 7978 8009 0
395 125111 125154 0
396 43 76 0
397 5 60 0
398 7966 8005 0
399 7920 7948 0
--------------
1000000 :c
1003833 :sum(p)
1000000 :sum(w)
