400 :n
id p,w,x
--------------
0 2083 2057 1
1 2145 2101 1
2 8000 7922 1
3 97 79 1
4 16 1 1
5 8009 7921 1
6 8012 7919 1
7 74 64 1
8 8009 7913 1
9 96 74 1
10 2132 2092 1
11 88 57 1
12 98 27 1
13 2123 2093 1
14 78 36 1
15 4085 4044 1
16 20 4 1
17 88 4 1
18 83 46 1
19 4066 4008 1
20 4105 4017 1
21 2094 2064 1
22 38 17 1
23 4078 4029 1
24 59 41 1
25 2141 2099 1
26 4063 4013 1
27 4058 4017 1
28 2147 2103 1
29 2128 2090 1
30 4089 4046 1
31 2153 2092 1
32 2131 2086 1
33 2135 2113 1
34 2121 2103 1
35 85 58 1
36 76 45 1
37 4088 4012 1
38 98 25 1
39 4063 4013 1
40 75 24 1
41 2123 2082 1
42 37 21 1
43 2090 2062 1
44 2139 2118 1
45 7947 7930 1
46 15816 15785 1
47 15813 15777 1
48 15816 15779 1
49 62698 62613 1
50 2077 2062 1
51 7998 7937 1
52 31440 31354 1
53 4069 4044 1
54 4059 4033 1
55 4076 4049 1
56 15824 15746 1
57 2126 2111 1
58 4070 4052 1
59 4046 4012 1
60 7984 7918 1
61 7983 7920 1
62 7974 7950 1
63 7967 7918 1
64 15781 15738 1
65 8008 7955 1
66 15824 15741 1
67 4051 4035 1
68 15806 15736 1
69 15810 15746 1
70 15798 15738 1
71 7945 7922 1
72 15811 15770 1
73 31423 31351 1
74 15815 15776 1
75 10 4 1
76 7 3 1
77 46 40 1
78 69 65 1
79 41 39 0
80 4048 4037 1
81 4062 4051 1
82 2074 2069 1
83 4082 4074 1
84 15807 15777 1
85 15785 15757 1
86 7930 7917 1
87 7978 7965 1
88 31437 31389 1
89 7942 7931 1
90 15818 15797 1
91 15825 15804 1
92 31399 31359 1
93 15777 15757 1
94 7976 7966 1
95 31435 31398 1
96 31387 31351 1
97 62687 62618 1
98 15768 15751 1
99 31439 31409 1
100 2097 2095 0
101 2108 2106 0
102 54 25 1
103 62668 62607 1
104 15755 15729 1
105 15785 15772 1
106 62684 62633 0
107 31378 31353 1
108 62700 62686 0
109 31448 31430 0
110 18 63 0
111 15775 15763 0
112 7949 7943 1
113 8012 8006 1
114 125192 125103 0
115 62652 62612 0
116 125197 125121 0
117 62639 62602 0
118 62674 62638 0
119 62687 62653 0
120 125184 125118 0
121 62677 62644 0
122 62633 62601 0
123 62675 62643 0
124 31415 31399 0
125 15758 15750 0
126 7930 7926 1
127 4032 4030 0
128 62657 62629 0
129 31397 31383 0
130 31406 31395 0
131 31411 31400 0
132 31381 31373 0
133 15744 15741 0
134 31376 31372 0
135 7937 7936 0
136 4083 4084 0
137 63 64 0
138 36 41 0
139 62673 62655 0
140 125139 125124 0
141 62674 62665 0
142 125189 125141 0
143 125119 125101 0
144 125124 125106 0
145 62689 62674 0
146 125183 125155 0
147 250153 250106 0
148 125144 125110 0
149 250171 250101 0
150 125195 125170 0
151 250155 250117 0
152 500189 500110 0
153 125197 125155 0
154 125188 125145 0
155 125188 125136 0
156 125183 125138 0
157 125186 125160 0
158 125198 125154 0
159 125143 125111 0
160 250167 250126 0
161 125193 125144 0
162 250176 250134 0
163 250152 250101 0
164 250194 250119 0
165 500195 500115 0
166 62628 62617 0
167 125196 125149 0
168 31393 31393 0
169 500117 500145 0
170 500135 500147 0
171 500198 500180 0
172 500171 500116 0
173 500108 500129 0
174 8007 8007 0
175 500172 500115 0
176 62632 62625 0
177 62639 62635 0
178 500167 500198 0
179 500181 500132 0
180 500200 500145 0
181 500166 500111 0
182 500123 500153 0
183 500172 500152 0
184 500118 500105 0
185 500145 500154 0
186 31408 31410 0
187 500166 500149 0
188 62638 62633 0
189 500150 500107 0
190 500180 500127 0
191 500172 500135 0
192 125150 125145 0
193 500147 500115 0
194 500192 500197 0
195 125196 125196 0
196 125199 125192 0
197 500103 500103 0
198 500118 500102 0
199 500128 500158 0
200 500195 500138 0
201 125174 125173 0
202 500104 500124 0
203 500150 500161 0
204 500182 500193 0
205 500195 500200 0
206 250151 250166 0
207 500121 500110 0
208 125105 125100 0
209 125101 125101 0
210 250192 250173 0
211 250180 250174 0
212 250135 250108 0
213 15738 15738 0
214 250195 250199 0
215 250197 250197 0
216 250167 250157 0
217 250154 250142 0
218 250154 250150 0
219 250158 250172 0
220 250186 250176 0
221 250186 250163 0
222 250186 250172 0
223 250187 250196 0
224 250103 250110 0
225 250152 250155 0
226 250115 250117 0
227 15809 15810 0
228 250124 250120 0
229 250129 250116 0
230 250138 250151 0
231 250169 250147 0
232 500155 500136 0
233 31430 31427 0
234 125199 125134 0
235 15745 15778 0
236 15795 15823 0
237 15751 15789 0
238 15744 15755 0
239 15775 15783 0
240 15744 15780 0
241 7974 7990 0
242 15768 15776 0
243 15750 15802 0
244 7951 7991 0
245 7962 7966 0
246 15756 15816 0
247 15731 15786 0
248 7972 7994 0
249 15762 15773 0
250 15738 15755 0
251 31391 31434 0
252 31416 31424 0
253 7921 7952 0
254 31369 31398 0
255 7914 7919 0
256 7982 8007 0
257 7952 7953 0
258 7963 7976 0
259 31408 31412 0
260 7987 8010 0
261 7965 7977 0
262 31383 31393 0
263 31417 31438 0
264 7932 7975 0
265 7919 7960 0
266 31364 31381 0
267 31397 31429 0
268 7953 7963 0
269 31354 31357 0
270 31370 31443 0
271 7983 7990 0
272 7926 7965 0
273 31371 31432 0
274 31396 31432 0
275 31352 31400 0
276 31429 31441 0
277 31404 31416 0
278 31373 31439 0
279 31369 31394 0
280 500114 500146 0
281 31363 31371 0
282 31406 31417 0
283 31390 31422 0
284 31431 31438 0
285 62603 62685 0
286 62679 62688 0
287 62601 62617 0
288 62614 62686 0
289 62626 62674 0
290 62644 62662 0
291 62623 62650 0
292 62636 62649 0
293 62622 62689 0
294 4090 4095 0
295 15737 15756 0
296 62623 62672 0
297 4080 4089 0
298 62621 62669 0
299 62630 62676 0
300 62620 62645 0
301 62615 62648 0
302 62660 62665 0
303 62623 62652 0
304 4008 4016 0
305 4039 4044 0
306 62618 62684 0
307 62657 62672 0
308 62604 62616 0
309 125104 125186 0
310 125106 125164 0
311 125110 125174 0
312 125119 125141 0
313 125147 125171 0
314 125145 125183 0
315 125145 125184 0
316 125107 125148 0
317 125115 125145 0
318 125142 125174 0
319 125137 125174 0
320 125120 125196 0
321 125161 125186 0
322 250156 250196 0
323 250117 250146 0
324 250101 250179 0
325 250106 250126 0
326 250101 250167 0
327 250116 250175 0
328 250112 250200 0
329 250109 250186 0
330 250108 250168 0
331 250112 250195 0
332 250140 250195 0
333 2146 2153 0
334 2113 2124 0
335 250128 250164 0
336 500103 500160 0
337 500114 500175 0
338 500120 500182 0
339 500126 500166 0
340 500102 500141 0
341 500128 500182 0
342 500123 500188 0
343 31431 31436 0
344 15788 15820 0
345 15767 15771 0
346 125199 125133 0
347 62688 62677 0
348 2083 2130 0
349 2083 2135 0
350 2057 2107 0
351 2082 2140 0
352 2091 2131 0
353 2055 2117 0
354 2073 2153 0
355 2094 2125 0
356 2105 2124 0
357 2071 2108 0
358 2080 2148 0
359 2061 2093 0
360 2057 2099 0
361 2056 2132 0
362 4040 4094 0
363 4029 4056 0
364 4015 4104 0
365 19 94 0
366 4027 4091 0
367 4016 4102 0
368 15 35 0
369 4032 4097 0
370 77 93 0
371 4041 4090 0
372 15 69 0
373 4070 4095 0
374 4032 4070 0
375 2082 2147 0
376 45 62 0
377 4047 4089 0
378 4056 4088 0
379 4010 4095 0
380 29 89 0
381 4070 4105 0
382 4059 4085 0
383 2113 2147 0
384 4015 4052 0
385 24 78 0
386 5 11 0
387 4032 4074 0
388 21 54 0
389 59 65 0
390 7936 8001 0
391 7927 7984 0
392 16 22 0
393 53 68 0
394 7952 8012 0
395 20 46 0
396 22 75 0
397 15726 15820 0
398 2077 2127 0
399 2065 2115 0
--------------
1000000 :c
1003990 :sum(p)
1000000 :sum(w)
