400 :n
id p,w,x
--------------
0 90 67 1
1 25 3 1
2 2142 2120 1
3 2117 2096 1
4 2099 2056 1
5 2105 2089 1
6 2146 2087 1
7 2126 2105 1
8 2150 2062 1
9 2128 2072 1
10 4081 4063 1
11 4063 4023 1
12 91 22 1
13 4088 4032 1
14 22 10 1
15 2105 2075 1
16 79 26 1
17 4098 4081 1
18 4052 4024 1
19 8009 7923 1
20 4046 4019 1
21 2120 2078 1
22 4090 4048 1
23 2122 2058 1
24 4070 4034 1
25 2069 2055 1
26 4048 4011 1
27 4090 4069 1
28 4075 4028 1
29 2096 2070 1
30 4058 4033 1
31 2109 2094 1
32 4085 4020 1
33 4090 4069 1
34 4062 4029 1
35 8006 7977 1
36 4097 4030 1
37 8009 7957 1
38 4039 4019 1
39 2111 2080 1
40 15814 15734 1
41 15801 15738 1
42 4095 4032 1
43 2153 2116 1
44 7995 7952 1
45 96 26 1
46 15814 15745 1
47 68 18 1
48 96 36 1
49 8012 7951 1
50 7991 7949 1
51 99 67 1
52 7988 7916 1
53 54 37 1
54 7967 7941 1
55 7985 7935 1
56 100 67 1
57 8008 7977 1
58 15818 15736 1
59 97 50 1
60 65 12 1
61 7992 7926 1
62 7973 7931 1
63 8008 7974 1
64 7999 7951 1
65 98 46 1
66 42 17 1
67 15793 15740 1
68 2146 2137 1
69 2145 2138 1
70 4065 4052 1
71 7945 7921 1
72 15822 15775 1
73 8008 7985 1
74 15786 15744 1
75 31436 31353 1
76 31441 31358 1
77 15817 15776 1
78 31437 31357 1
79 2060 2055 1
80 4026 4017 0
81 31439 31372 1
82 31448 31381 1
83 8010 7993 1
84 15815 15784 1
85 4096 4088 1
86 15811 15781 1
87 15820 15790 1
88 7939 7926 0
89 31449 31398 1
90 4078 4064 1
91 62694 62610 1
92 31439 31397 1
93 15817 15796 1
94 62695 62612 1
95 62691 62609 1
96 62679 62603 1
97 73 11 1
98 15780 15727 1
99 31402 31366 1
100 31445 31409 1
101 62678 62610 0
102 31448 31428 0
103 15822 15812 0
104 11 78 0
105 31412 31377 0
106 62681 62613 0
107 62692 62625 0
108 31420 31388 0
109 8009 8001 0
110 4106 4102 0
111 2071 2072 0
112 31416 31390 0
113 15749 15736 0
114 31438 31414 0
115 125195 125102 0
116 62654 62609 0
117 62659 62615 0
118 62664 62620 0
119 31390 31368 0
120 15787 15777 0
121 2117 2116 1
122 7966 7963 0
123 4054 4053 0
124 7989 7988 0
125 2097 2097 0
126 8 8 1
127 4087 4088 0
128 7974 7977 0
129 4007 4012 0
130 4091 4097 0
131 2120 2124 0
132 2083 2087 0
133 87 89 0
134 83 91 0
135 45 51 0
136 62697 62656 0
137 31405 31391 0
138 62652 62610 0
139 31379 31363 0
140 31372 31355 0
141 62628 62683 0
142 62668 62682 0
143 62655 62629 0
144 62607 62611 0
145 125149 125135 0
146 62612 62627 0
147 125175 125178 0
148 125144 125151 0
149 62601 62631 0
150 62660 62675 0
151 125170 125160 0
152 125195 125161 0
153 62654 62640 0
154 62607 62699 0
155 62622 62686 0
156 62631 62621 0
157 62609 62635 0
158 62606 62603 0
159 125195 125149 0
160 125164 125126 0
161 31369 31408 0
162 31358 31448 0
163 125109 125180 0
164 31380 31382 0
165 31413 31446 0
166 125159 125180 0
167 31357 31439 0
168 125172 125165 0
169 31408 31426 0
170 31368 31379 0
171 125160 125184 0
172 31401 31405 0
173 31379 31437 0
174 31365 31444 0
175 125171 125164 0
176 31381 31394 0
177 31356 31379 0
178 125128 125134 0
179 31384 31374 0
180 125103 125125 0
181 31399 31427 0
182 125143 125175 0
183 31422 31408 0
184 31437 31429 0
185 125146 125173 0
186 31373 31432 0
187 31419 31431 0
188 125138 125186 0
189 31386 31430 0
190 125110 125104 0
191 125101 125154 0
192 31401 31441 0
193 125155 125132 0
194 31417 31412 0
195 31373 31378 0
196 125155 125195 0
197 125128 125160 0
198 125126 125100 0
199 125182 125135 0
200 15785 15801 0
201 15742 15786 0
202 125174 125122 0
203 125197 125150 0
204 125125 125116 0
205 125155 125186 0
206 15793 15801 0
207 15730 15778 0
208 125129 125103 0
209 15747 15790 0
210 15752 15763 0
211 125142 125152 0
212 15774 15790 0
213 125191 125145 0
214 62604 62610 0
215 125160 125173 0
216 15753 15780 0
217 125127 125196 0
218 15772 15805 0
219 125103 125111 0
220 15729 15783 0
221 125156 125197 0
222 125140 125132 0
223 15730 15779 0
224 125104 125131 0
225 250139 250179 0
226 250187 250111 0
227 15778 15816 0
228 250195 250156 0
229 250135 250161 0
230 250113 250110 0
231 15754 15769 0
232 250116 250160 0
233 250164 250115 0
234 15768 15820 0
235 15776 15825 0
236 15729 15733 0
237 15757 15770 0
238 250164 250189 0
239 250140 250140 0
240 7934 7942 0
241 250136 250199 0
242 250191 250190 0
243 250179 250198 0
244 250156 250154 0
245 250108 250166 0
246 250107 250199 0
247 7931 7950 0
248 62639 62623 0
249 250132 250167 0
250 250152 250151 0
251 250126 250171 0
252 250137 250137 0
253 250136 250101 0
254 250149 250112 0
255 250124 250143 0
256 250189 250181 0
257 250117 250193 0
258 7915 7928 0
259 250112 250130 0
260 250148 250180 0
261 250170 250130 0
262 62653 62686 0
263 250185 250106 0
264 250101 250163 0
265 7947 7964 0
266 250145 250110 0
267 250119 250138 0
268 250184 250174 0
269 250176 250107 0
270 250180 250195 0
271 7972 7999 0
272 250193 250173 0
273 7926 7935 0
274 250121 250198 0
275 250110 250160 0
276 250102 250186 0
277 62635 62608 0
278 62620 62639 0
279 250141 250184 0
280 250185 250138 0
281 500169 500162 0
282 500175 500188 0
283 500175 500125 0
284 62641 62639 0
285 500180 500131 0
286 500111 500186 0
287 62700 62693 0
288 62612 62663 0
289 500175 500148 0
290 500103 500155 0
291 500170 500198 0
292 500194 500104 0
293 500111 500200 0
294 500187 500170 0
295 500127 500150 0
296 500120 500183 0
297 500138 500167 0
298 500162 500150 0
299 500118 500161 0
300 500104 500113 0
301 62690 62692 0
302 500106 500149 0
303 500172 500130 0
304 500165 500117 0
305 500110 500155 0
306 500122 500196 0
307 62621 62656 0
308 500134 500102 0
309 500131 500143 0
310 62647 62684 0
311 500145 500108 0
312 500159 500103 0
313 62610 62604 0
314 500157 500140 0
315 500107 500124 0
316 500132 500133 0
317 500111 500186 0
318 500113 500118 0
319 500120 500160 0
320 500116 500165 0
321 500158 500194 0
322 500165 500167 0
323 500172 500200 0
324 500167 500193 0
325 500194 500158 0
326 500128 500155 0
327 500184 500103 0
328 62643 62639 0
329 62667 62670 0
330 62638 62604 0
331 125183 125118 0
332 125183 125113 0
333 4016 4071 0
334 4033 4071 0
335 2056 2134 0
336 2085 2098 0
337 2070 2084 0
338 2060 2138 0
339 2137 2146 0
340 4058 4097 0
341 2076 2087 0
342 2097 2119 0
343 4012 4030 0
344 4015 4062 0
345 4011 4087 0
346 2103 2148 0
347 2065 2089 0
348 2078 2153 0
349 4020 4038 0
350 4054 4075 0
351 2081 2124 0
352 4050 4074 0
353 4058 4076 0
354 4012 4046 0
355 4046 4074 0
356 2073 2120 0
357 7925 7987 0
358 7969 8006 0
359 7962 7998 0
360 7940 7978 0
361 8 55 0
362 7914 7963 0
363 11 64 0
364 27 89 0
365 36 52 0
366 8 83 0
367 61 90 0
368 33 61 0
369 45 92 0
370 5 30 0
371 7944 7987 0
372 27 44 0
373 14 24 0
374 7913 7949 0
375 4 78 0
376 4052 4104 0
377 7915 7955 0
378 2054 2088 0
379 35 56 0
380 7916 7949 0
381 7943 7992 0
382 2084 2125 0
383 7915 7970 0
384 7938 8007 0
385 35 61 0
386 25 50 0
387 15737 15806 0
388 15727 15823 0
389 15753 15819 0
390 46 96 0
391 15736 15794 0
392 46 89 0
393 15738 15802 0
394 10 65 0
395 15750 15825 0
396 38 85 0
397 15767 15822 0
398 2069 2152 0
399 2075 2088 0
--------------
1000000 :c
1004243 :sum(p)
1000000 :sum(w)
