400 :n
id p,w,x
--------------
0 100 4 1
1 32 4 1
2 69 15 1
3 90 35 1
4 54 23 1
5 94 41 1
6 9 4 1
7 38 21 1
8 54 31 1
9 71 41 1
10 19 13 1
11 11 8 1
12 91 69 1
13 42 35 1
14 90 82 1
15 66 61 1
16 76 71 1
17 19 18 1
18 2151 2058 1
19 2152 2065 1
20 2130 2063 1
21 100 97 1
22 2121 2060 1
23 2119 2064 1
24 2124 2071 1
25 4103 4007 1
26 2152 2107 1
27 4094 4010 1
28 2136 2094 1
29 4088 4009 1
30 2137 2096 1
31 2127 2089 1
32 2100 2063 1
33 4087 4015 1
34 4102 4030 1
35 4076 4007 1
36 4078 4012 1
37 2101 2067 1
38 2109 2075 1
39 4073 4010 1
40 4075 4013 1
41 4066 4008 1
42 85 84 0
43 4090 4043 1
44 2111 2087 1
45 4069 4026 1
46 8001 7924 1
47 4094 4055 1
48 2091 2072 1
49 2132 2114 1
50 4062 4029 1
51 7991 7928 1
52 7999 7937 1
53 2151 2135 1
54 7996 7937 1
55 2086 2073 1
56 7969 7922 1
57 4046 4026 1
58 7966 7930 1
59 4047 4029 1
60 15811 15743 1
61 4061 4044 1
62 2151 2142 1
63 8003 7970 1
64 15811 15749 1
65 2141 2133 1
66 15806 15747 1
67 4103 4088 1
68 7970 7941 1
69 8010 7981 1
70 7941 7914 1
71 8001 7974 1
72 2118 2111 1
73 7965 7940 1
74 8005 7981 1
75 4067 4055 1
76 2066 2060 1
77 7975 7954 1
78 4033 4023 1
79 15804 15770 1
80 31449 31383 1
81 7935 7919 1
82 4029 4021 1
83 4076 4068 1
84 8003 7988 1
85 31426 31369 1
86 31413 31360 1
87 31419 31371 1
88 15805 15781 1
89 2097 2094 1
90 62688 62603 1
91 62695 62611 1
92 15813 15792 1
93 15748 15728 1
94 31401 31362 1
95 31399 31362 1
96 62686 62618 1
97 62679 62615 1
98 15788 15772 1
99 8007 7999 0
100 31431 31401 1
101 15769 15754 0
102 2104 2102 1
103 15772 15759 0
104 7985 7979 1
105 4035 4032 1
106 49 45 1
107 62654 62602 1
108 8007 8001 0
109 62651 62605 1
110 125196 125107 0
111 15824 15820 0
112 7991 8002 0
113 250152 250178 0
114 31422 31400 0
115 15811 15800 0
116 125191 125109 0
117 62667 62626 0
118 7991 7996 0
119 62669 62628 0
120 125183 125104 0
121 125195 125120 0
122 125181 125109 0
123 62647 62611 0
124 15769 15760 0
125 125173 125103 0
126 62680 62646 0
127 62682 62648 0
128 125177 125111 0
129 62645 62612 0
130 62663 62631 0
131 15817 15809 0
132 62680 62649 0
133 31433 31418 0
134 62666 62637 0
135 15776 15769 0
136 125192 125137 0
137 62696 62671 0
138 62697 62672 0
139 15783 15777 0
140 15793 15787 0
141 15802 15796 0
142 31402 31391 0
143 7945 7943 0
144 4037 4036 0
145 4054 4053 0
146 4073 4072 0
147 15770 15767 0
148 64 64 1
149 7916 7918 0
150 7935 7939 0
151 4080 4083 0
152 4052 4055 0
153 2068 2070 0
154 2091 2094 0
155 4088 4095 0
156 2059 2067 0
157 2054 2062 0
158 54 58 0
159 56 61 0
160 500185 500108 0
161 500177 500176 0
162 500133 500108 0
163 500180 500152 0
164 500152 500163 0
165 500136 500125 0
166 500155 500136 0
167 31428 31428 0
168 500197 500148 0
169 31357 31357 0
170 250200 250181 0
171 125142 125126 0
172 250156 250103 0
173 500196 500128 0
174 62680 62669 0
175 125162 125144 0
176 250151 250144 0
177 250198 250170 0
178 62653 62647 0
179 250183 250157 0
180 62668 62653 0
181 250160 250102 0
182 31398 31397 0
183 250164 250122 0
184 500198 500119 0
185 250174 250168 0
186 250190 250126 0
187 250193 250148 0
188 250173 250142 0
189 250184 250167 0
190 125131 125126 0
191 250135 250105 0
192 31435 31426 0
193 250164 250131 0
194 500142 500133 0
195 250182 250155 0
196 250166 250144 0
197 250197 250156 0
198 250190 250183 0
199 62639 62620 0
200 250177 250114 0
201 250148 250127 0
202 500167 500179 0
203 500160 500145 0
204 250155 250144 0
205 125160 125127 0
206 125141 125136 0
207 250187 250180 0
208 500191 500150 0
209 250191 250135 0
210 250188 250112 0
211 250195 250178 0
212 250136 250131 0
213 125147 125138 0
214 500178 500195 0
215 125184 125176 0
216 250141 250109 0
217 62700 62684 0
218 125162 125136 0
219 500115 500110 0
220 125158 125145 0
221 125110 125101 0
222 125170 125168 0
223 125117 125114 0
224 500192 500145 0
225 125107 125102 0
226 125132 125105 0
227 500181 500141 0
228 125171 125140 0
229 500118 500105 0
230 125160 125146 0
231 500184 500165 0
232 500110 500114 0
233 125179 125145 0
234 62647 62641 0
235 125182 125136 0
236 62700 62678 0
237 125181 125141 0
238 125147 125108 0
239 125159 125115 0
240 125185 125139 0
241 125199 125158 0
242 500200 500177 0
243 500165 500179 0
244 500109 500115 0
245 500142 500101 0
246 15747 15812 0
247 7914 7931 0
248 250169 250187 0
249 7934 7998 0
250 15735 15761 0
251 15759 15818 0
252 15737 15818 0
253 7940 8006 0
254 15775 15776 0
255 15735 15808 0
256 7921 7933 0
257 7974 8006 0
258 15802 15825 0
259 125108 125196 0
260 7966 7989 0
261 7917 7934 0
262 7933 7963 0
263 7918 7995 0
264 7921 7984 0
265 15735 15791 0
266 15730 15797 0
267 125100 125152 0
268 7965 8002 0
269 250116 250169 0
270 7931 7961 0
271 15763 15795 0
272 250152 250161 0
273 250147 250194 0
274 15735 15741 0
275 15782 15791 0
276 15741 15756 0
277 7943 8010 0
278 7939 7945 0
279 250142 250169 0
280 4019 4061 0
281 31368 31418 0
282 250125 250151 0
283 125126 125153 0
284 4067 4101 0
285 31366 31368 0
286 31373 31420 0
287 31408 31418 0
288 31382 31441 0
289 31356 31375 0
290 4009 4079 0
291 4016 4092 0
292 31400 31450 0
293 31392 31430 0
294 31394 31435 0
295 250150 250180 0
296 15751 15756 0
297 4065 4078 0
298 125156 125178 0
299 4051 4084 0
300 4011 4035 0
301 125139 125172 0
302 31402 31428 0
303 31359 31400 0
304 31395 31418 0
305 31359 31406 0
306 15801 15820 0
307 4020 4092 0
308 250161 250194 0
309 4037 4061 0
310 31370 31397 0
311 250147 250190 0
312 31376 31393 0
313 4015 4087 0
314 31403 31427 0
315 31365 31391 0
316 250141 250178 0
317 31364 31431 0
318 4024 4062 0
319 250123 250144 0
320 31374 31420 0
321 31381 31410 0
322 250160 250175 0
323 31361 31439 0
324 2058 2085 0
325 31378 31392 0
326 31374 31377 0
327 7975 7991 0
328 2060 2130 0
329 2056 2099 0
330 31374 31423 0
331 31370 31421 0
332 31361 31432 0
333 500123 500192 0
334 7943 8009 0
335 62647 62661 0
336 15752 15811 0
337 125116 125198 0
338 62671 62699 0
339 500125 500153 0
340 500107 500187 0
341 2064 2141 0
342 2121 2133 0
343 62612 62666 0
344 62615 62637 0
345 15739 15825 0
346 500129 500194 0
347 500108 500165 0
348 2085 2099 0
349 2061 2146 0
350 2087 2129 0
351 2068 2111 0
352 500133 500168 0
353 2119 2147 0
354 2065 2085 0
355 2077 2108 0
356 62627 62678 0
357 500114 500155 0
358 500131 500149 0
359 62622 62629 0
360 500110 500163 0
361 3 28 0
362 62671 62691 0
363 60 97 0
364 62624 62696 0
365 62627 62684 0
366 500159 500197 0
367 15765 15802 0
368 67 87 0
369 500147 500182 0
370 62615 62690 0
371 62608 62683 0
372 62635 62674 0
373 21 76 0
374 40 63 0
375 62634 62641 0
376 18 90 0
377 17 33 0
378 11 96 0
379 30 60 0
380 62606 62610 0
381 62635 62664 0
382 62604 62634 0
383 57 74 0
384 66 100 0
385 78 91 0
386 500138 500159 0
387 42 75 0
388 38 55 0
389 125135 125146 0
390 500103 500193 0
391 64 77 0
392 500139 500167 0
393 15 97 0
394 15743 15794 0
395 125138 125171 0
396 500114 500187 0
397 125128 125144 0
398 15769 15787 0
399 15797 15822 0
--------------
1000000 :c
1003891 :sum(p)
1000000 :sum(w)
