400 :n
id p,w,x
--------------
0 2142 2070 1
1 2127 2054 1
2 4106 4008 1
3 31441 31356 1
4 4092 4013 1
5 8008 7939 1
6 7993 7921 1
7 8007 7937 1
8 15825 15751 1
9 8011 7917 1
10 20 4 1
11 59 12 1
12 78 25 1
13 69 24 1
14 46 18 1
15 96 38 1
16 73 30 1
17 74 35 1
18 67 32 1
19 93 45 1
20 88 47 1
21 71 40 1
22 99 61 1
23 43 27 1
24 78 56 1
25 58 46 1
26 90 76 1
27 2133 2078 1
28 2148 2095 1
29 2143 2097 1
30 2114 2074 1
31 2120 2089 1
32 2102 2077 1
33 2134 2111 1
34 2126 2104 1
35 4097 4059 1
36 7978 7914 1
37 7991 7930 1
38 7985 7928 1
39 7975 7921 1
40 7981 7929 1
41 4063 4037 1
42 2106 2093 1
43 4074 4050 1
44 2147 2135 1
45 4043 4022 1
46 2128 2117 1
47 7955 7914 1
48 2140 2130 1
49 4089 4073 1
50 15818 15767 1
51 8011 7986 1
52 15777 15730 1
53 2065 2059 1
54 2148 2142 1
55 4049 4039 1
56 31432 31365 1
57 31441 31375 1
58 31422 31357 1
59 2119 2115 1
60 7981 7967 1
61 31409 31357 1
62 31420 31369 1
63 15825 15801 1
64 4049 4043 1
65 4053 4047 1
66 15812 15789 1
67 15818 15795 1
68 2149 2146 1
69 62672 62606 1
70 31427 31394 1
71 15822 15807 1
72 31389 31363 1
73 31384 31354 1
74 62665 62614 1
75 62650 62601 1
76 62695 62647 1
77 7958 7952 1
78 31395 31372 1
79 59 37 1
80 15759 15729 1
81 7939 7933 1
82 62647 62603 0
83 62651 62607 1
84 7932 7927 1
85 62700 62667 0
86 31449 31431 1
87 90 98 0
88 125183 125104 0
89 62649 62614 0
90 62660 62626 0
91 125187 125123 0
92 62695 62663 0
93 2128 2132 0
94 7923 7919 0
95 62649 62618 0
96 62673 62643 0
97 31376 31362 0
98 31414 31400 0
99 15762 15755 1
100 15764 15757 0
101 125167 125115 0
102 125168 125118 0
103 15734 15728 0
104 15821 15815 0
105 7951 7948 0
106 7983 7980 0
107 7984 7981 0
108 31411 31402 0
109 15735 15731 0
110 15778 15774 0
111 31413 31406 0
112 15733 15732 0
113 15805 15806 0
114 15742 15744 0
115 4068 4069 0
116 2062 2063 1
117 4037 4039 0
118 7924 7928 0
119 7997 8002 0
120 7964 7969 0
121 7930 7935 0
122 7934 7940 0
123 7964 7971 0
124 7942 7949 0
125 2124 2126 0
126 7951 7959 0
127 7960 7970 0
128 4093 4103 0
129 4007 4018 0
130 4084 4096 0
131 4056 4068 0
132 4091 4105 0
133 4065 4079 0
134 2121 2136 0
135 78 81 0
136 45 47 0
137 72 77 0
138 73 84 0
139 18 24 0
140 500159 500196 0
141 500200 500116 0
142 500150 500152 0
143 250192 250192 0
144 250169 250168 0
145 500199 500144 0
146 62662 62641 0
147 500101 500104 0
148 62664 62668 0
149 500165 500168 0
150 62693 62696 0
151 125199 125166 0
152 125180 125157 0
153 500192 500190 0
154 62699 62684 0
155 62662 62651 0
156 250133 250121 0
157 500159 500182 0
158 250146 250151 0
159 500195 500198 0
160 500137 500136 0
161 500189 500147 0
162 500193 500101 0
163 500157 500101 0
164 250200 250128 0
165 500175 500187 0
166 250171 250103 0
167 500188 500178 0
168 31365 31367 0
169 125196 125186 0
170 125151 125118 0
171 31412 31408 0
172 125119 125120 0
173 500169 500194 0
174 31402 31398 0
175 500134 500110 0
176 500184 500166 0
177 250111 250129 0
178 500122 500108 0
179 500128 500130 0
180 250151 250111 0
181 125137 125112 0
182 31431 31429 0
183 500167 500124 0
184 500196 500188 0
185 250131 250150 0
186 500150 500190 0
187 500147 500102 0
188 125173 125134 0
189 500196 500189 0
190 500171 500168 0
191 250169 250148 0
192 500106 500132 0
193 500177 500198 0
194 500187 500111 0
195 250195 250154 0
196 250150 250151 0
197 500194 500130 0
198 31390 31391 0
199 125104 125110 0
200 500156 500155 0
201 250171 250116 0
202 500193 500138 0
203 250184 250160 0
204 125169 125167 0
205 500157 500157 0
206 500178 500119 0
207 500179 500151 0
208 125143 125115 0
209 500192 500171 0
210 250190 250103 0
211 125129 125107 0
212 250160 250111 0
213 250160 250166 0
214 250183 250200 0
215 125108 125111 0
216 250133 250119 0
217 250148 250109 0
218 125149 125157 0
219 125187 125159 0
220 250146 250151 0
221 125195 125165 0
222 125158 125119 0
223 62652 62650 0
224 250136 250138 0
225 62618 62614 0
226 250196 250102 0
227 250194 250156 0
228 125184 125189 0
229 125187 125186 0
230 62668 62662 0
231 62675 62674 0
232 250195 250160 0
233 250128 250126 0
234 250175 250178 0
235 62697 62683 0
236 250107 250125 0
237 250172 250122 0
238 250149 250154 0
239 250118 250132 0
240 62662 62666 0
241 250171 250102 0
242 62646 62647 0
243 125194 125158 0
244 31389 31417 0
245 7945 7997 0
246 7951 8012 0
247 31430 31442 0
248 31362 31389 0
249 31405 31414 0
250 31367 31372 0
251 31364 31419 0
252 31363 31397 0
253 31367 31409 0
254 7917 7961 0
255 31373 31418 0
256 31360 31442 0
257 31360 31392 0
258 7969 8005 0
259 31361 31387 0
260 7946 7996 0
261 7930 7958 0
262 500119 500161 0
263 31376 31401 0
264 7971 8008 0
265 31375 31407 0
266 7931 7945 0
267 7914 7999 0
268 7958 8010 0
269 15760 15789 0
270 31400 31412 0
271 15765 15792 0
272 31365 31392 0
273 15765 15785 0
274 31360 31395 0
275 31358 31390 0
276 7938 7968 0
277 15730 15743 0
278 7934 7957 0
279 4035 4105 0
280 31388 31403 0
281 4028 4096 0
282 15763 15771 0
283 4021 4086 0
284 4017 4081 0
285 31355 31429 0
286 4025 4047 0
287 4011 4040 0
288 15768 15816 0
289 15779 15809 0
290 15726 15766 0
291 4017 4056 0
292 4017 4069 0
293 4023 4050 0
294 4020 4039 0
295 62640 62646 0
296 4028 4076 0
297 4010 4035 0
298 4076 4095 0
299 4026 4050 0
300 62617 62646 0
301 15788 15796 0
302 15747 15784 0
303 4038 4063 0
304 4051 4082 0
305 4024 4090 0
306 62636 62690 0
307 4081 4103 0
308 62661 62668 0
309 15755 15797 0
310 4071 4093 0
311 62621 62680 0
312 62621 62679 0
313 4064 4098 0
314 4014 4086 0
315 62625 62667 0
316 4010 4080 0
317 62604 62632 0
318 15764 15798 0
319 2085 2123 0
320 62656 62671 0
321 62627 62696 0
322 62601 62674 0
323 2084 2132 0
324 15777 15816 0
325 2104 2148 0
326 15757 15806 0
327 2092 2150 0
328 2102 2126 0
329 62613 62659 0
330 62628 62695 0
331 62652 62687 0
332 15735 15768 0
333 2054 2142 0
334 62601 62662 0
335 62609 62654 0
336 125133 125190 0
337 2060 2148 0
338 2087 2141 0
339 125121 125187 0
340 15726 15782 0
341 125176 125188 0
342 2124 2150 0
343 125135 125192 0
344 125102 125134 0
345 2095 2118 0
346 2104 2153 0
347 2118 2146 0
348 125131 125184 0
349 2077 2099 0
350 2098 2137 0
351 2082 2121 0
352 125155 125174 0
353 125129 125166 0
354 2096 2142 0
355 125121 125138 0
356 2061 2105 0
357 125150 125171 0
358 2086 2124 0
359 15750 15776 0
360 125100 125180 0
361 125138 125168 0
362 8 37 0
363 125142 125173 0
364 33 93 0
365 125155 125198 0
366 15741 15778 0
367 125110 125191 0
368 49 77 0
369 125105 125124 0
370 125100 125141 0
371 250147 250200 0
372 47 94 0
373 11 37 0
374 38 59 0
375 9 51 0
376 250130 250165 0
377 15726 15753 0
378 250131 250197 0
379 15769 15792 0
380 18 92 0
381 250113 250186 0
382 67 88 0
383 3 96 0
384 250130 250197 0
385 42 92 0
386 17 70 0
387 250134 250195 0
388 61 96 0
389 66 98 0
390 250123 250194 0
391 15772 15793 0
392 15 35 0
393 250142 250195 0
394 33 87 0
395 500128 500178 0
396 500140 500196 0
397 500152 500198 0
398 15754 15791 0
399 15794 15812 0
--------------
1000000 :c
1003194 :sum(p)
1000000 :sum(w)
