400 :n
id p,w,x
--------------
0 4079 4019 1
1 4098 4017 1
2 4076 4010 1
3 4072 4026 1
4 4104 4047 1
5 35 4 1
6 4104 4041 1
7 4081 4045 1
8 81 14 1
9 75 45 1
10 33 2 1
11 2149 2071 1
12 2145 2064 1
13 2094 2064 1
14 2136 2055 1
15 2138 2095 1
16 58 10 1
17 44 12 1
18 2147 2062 1
19 92 10 1
20 4091 4020 1
21 2151 2069 1
22 7998 7920 1
23 4070 4010 1
24 22 10 1
25 54 30 1
26 70 45 1
27 71 46 1
28 73 57 1
29 44 37 1
30 39 33 1
31 83 72 1
32 61 58 1
33 92 88 1
34 24 23 0
35 2085 2058 1
36 2089 2062 1
37 2120 2094 1
38 2087 2062 1
39 2078 2054 1
40 2135 2111 1
41 2127 2105 1
42 4061 4027 1
43 7981 7915 1
44 4084 4051 1
45 4078 4047 1
46 2108 2092 1
47 2152 2136 1
48 7976 7920 1
49 7981 7925 1
50 7968 7914 1
51 7985 7936 1
52 4095 4072 1
53 2144 2132 1
54 7989 7946 1
55 4073 4054 1
56 7978 7941 1
57 4036 4018 1
58 7975 7941 1
59 15806 15744 1
60 15815 15754 1
61 7981 7954 1
62 4023 4010 1
63 7962 7937 1
64 31450 31360 1
65 15807 15763 1
66 15825 15783 1
67 31436 31357 1
68 4033 4023 1
69 7975 7958 1
70 15779 15747 1
71 31417 31355 1
72 31437 31375 1
73 4099 4091 0
74 15821 15791 1
75 4074 4068 0
76 2078 2075 0
77 31417 31372 1
78 15817 15796 1
79 15825 15805 1
80 8007 7997 1
81 62686 62613 1
82 15772 15754 0
83 62691 62620 1
84 7984 7975 1
85 31449 31414 1
86 15743 15727 1
87 15749 15733 1
88 4076 4072 0
89 15777 15762 0
90 2122 2120 0
91 31397 31361 1
92 31382 31355 1
93 70 14 1
94 62697 62644 1
95 62670 62613 1
96 31432 31407 0
97 62659 62612 1
98 62663 62617 1
99 62699 62693 0
100 62698 62655 0
101 4103 4100 0
102 125199 125114 0
103 500187 500131 0
104 31442 31426 0
105 125188 125108 0
106 15813 15822 0
107 62690 62654 0
108 15804 15795 0
109 31380 31364 0
110 31392 31376 0
111 15766 15758 0
112 7974 7970 0
113 4027 4025 0
114 62692 62664 0
115 31384 31370 0
116 125188 125133 0
117 31440 31427 0
118 62690 62665 0
119 125162 125114 0
120 62664 62642 0
121 31405 31394 0
122 250191 250111 0
123 31367 31357 0
124 250184 250105 0
125 125191 125155 0
126 125198 125162 0
127 31401 31392 0
128 125163 125129 0
129 125150 125117 0
130 250196 250132 0
131 125188 125156 0
132 31413 31405 0
133 15748 15744 0
134 7980 7978 0
135 250159 250101 0
136 250198 250145 0
137 15765 15762 0
138 250166 250119 0
139 125172 125149 0
140 125171 125149 0
141 500190 500107 0
142 31401 31396 0
143 500184 500110 0
144 500184 500110 0
145 500197 500125 0
146 500192 500121 0
147 250199 250169 0
148 125142 125127 0
149 125173 125158 0
150 250136 250107 0
151 250173 250148 0
152 250183 250158 0
153 500198 500149 0
154 500187 500143 0
155 500200 500157 0
156 500199 500167 0
157 250143 250127 0
158 250200 250185 0
159 500173 500145 0
160 500179 500151 0
161 125156 125149 0
162 500176 500151 0
163 250165 250153 0
164 62691 62688 0
165 500179 500160 0
166 250122 250114 0
167 500135 500120 0
168 250197 250190 0
169 500182 500169 0
170 500180 500171 0
171 500142 500135 0
172 500171 500166 0
173 250199 250197 0
174 500121 500118 0
175 500129 500127 0
176 500142 500140 0
177 125173 125173 0
178 500179 500181 0
179 500110 500113 0
180 125179 125180 0
181 250133 250135 0
182 500136 500140 0
183 500176 500181 0
184 125136 125138 0
185 500192 500200 0
186 500157 500167 0
187 500134 500144 0
188 250180 250186 0
189 500103 500115 0
190 500147 500164 0
191 125119 125124 0
192 250168 250178 0
193 500146 500167 0
194 62684 62687 0
195 62620 62623 0
196 500166 500191 0
197 125136 125143 0
198 250140 250155 0
199 250130 250145 0
200 62610 62614 0
201 125113 125121 0
202 500143 500176 0
203 125107 125116 0
204 250123 250142 0
205 500130 500170 0
206 250165 250187 0
207 500146 500191 0
208 250177 250200 0
209 31359 31362 0
210 250101 250126 0
211 250172 250199 0
212 500145 500200 0
213 500122 500177 0
214 250125 250156 0
215 250104 250135 0
216 500122 500184 0
217 7913 7914 0
218 31442 31446 0
219 62687 62695 0
220 250142 250175 0
221 125106 125123 0
222 250147 250182 0
223 250101 250136 0
224 500101 500171 0
225 125110 125128 0
226 250116 250152 0
227 125146 125165 0
228 31422 31427 0
229 62623 62633 0
230 125165 125186 0
231 250125 250167 0
232 250132 250177 0
233 125169 125192 0
234 31370 31376 0
235 62686 62698 0
236 125133 125157 0
237 125151 125176 0
238 125118 125143 0
239 250118 250168 0
240 250101 250152 0
241 250139 250191 0
242 125129 125159 0
243 31420 31428 0
244 31393 31401 0
245 250113 250178 0
246 125165 125199 0
247 125125 125160 0
248 125100 125137 0
249 125126 125164 0
250 250105 250182 0
251 125113 125153 0
252 250105 250190 0
253 125124 125167 0
254 31402 31413 0
255 125128 125174 0
256 62662 62686 0
257 62639 62663 0
258 62665 62690 0
259 125121 125172 0
260 125131 125184 0
261 62671 62698 0
262 15763 15770 0
263 31403 31417 0
264 125127 125184 0
265 31351 31366 0
266 62663 62693 0
267 7913 7917 0
268 62618 62652 0
269 62645 62680 0
270 31391 31409 0
271 31396 31416 0
272 62639 62679 0
273 62614 62654 0
274 62658 62699 0
275 31409 31432 0
276 31357 31380 0
277 4059 4062 0
278 62621 62668 0
279 7939 7945 0
280 15768 15780 0
281 62649 62697 0
282 31400 31425 0
283 62615 62668 0
284 31408 31435 0
285 62640 62695 0
286 62615 62670 0
287 15726 15741 0
288 31411 31441 0
289 62608 62668 0
290 4085 4089 0
291 62632 62698 0
292 62627 62693 0
293 62626 62692 0
294 7994 8003 0
295 7967 7976 0
296 62625 62698 0
297 31360 31397 0
298 15785 15804 0
299 15728 15747 0
300 31411 31450 0
301 4023 4028 0
302 31353 31392 0
303 31380 31420 0
304 4043 4049 0
305 62602 62695 0
306 15790 15815 0
307 15747 15774 0
308 7933 7948 0
309 7927 7944 0
310 15752 15786 0
311 15768 15804 0
312 15728 15765 0
313 15746 15784 0
314 31370 31446 0
315 15775 15814 0
316 15782 15823 0
317 7975 7996 0
318 15771 15815 0
319 4034 4046 0
320 7988 8012 0
321 15736 15785 0
322 15760 15812 0
323 15751 15804 0
324 7947 7974 0
325 15757 15811 0
326 7944 7972 0
327 7931 7959 0
328 4018 4033 0
329 15750 15811 0
330 2129 2138 0
331 15735 15802 0
332 15732 15799 0
333 7976 8010 0
334 4026 4044 0
335 15747 15821 0
336 4078 4098 0
337 15735 15813 0
338 7968 8010 0
339 7948 7990 0
340 7922 7965 0
341 7958 8009 0
342 7958 8012 0
343 2072 2087 0
344 4019 4049 0
345 4030 4064 0
346 7936 8007 0
347 7924 7995 0
348 2099 2119 0
349 4062 4102 0
350 7925 8006 0
351 7915 7996 0
352 7914 7995 0
353 2055 2077 0
354 4029 4074 0
355 2120 2144 0
356 4059 4106 0
357 2087 2112 0
358 7914 8009 0
359 4049 4104 0
360 4024 4079 0
361 2100 2132 0
362 4015 4079 0
363 4037 4103 0
364 2102 2137 0
365 2078 2121 0
366 4015 4106 0
367 2067 2118 0
368 2073 2125 0
369 2080 2134 0
370 2068 2125 0
371 2091 2149 0
372 2057 2115 0
373 2087 2146 0
374 2077 2136 0
375 2065 2132 0
376 90 93 0
377 2058 2129 0
378 2064 2137 0
379 79 82 0
380 2055 2137 0
381 67 70 0
382 82 89 0
383 88 99 0
384 81 92 0
385 65 74 0
386 75 86 0
387 38 49 0
388 77 100 0
389 67 90 0
390 58 86 0
391 16 31 0
392 25 95 0
393 25 100 0
394 9 70 0
395 6 50 0
396 11 94 0
397 7 65 0
398 2 43 0
399 2 79 0
--------------
1000000 :c
1003618 :sum(p)
1000000 :sum(w)
