400 :n
id p,w,x
--------------
0 15816 15737 1
1 15808 15733 1
2 80 22 1
3 59 20 1
4 7974 7931 1
5 68 15 1
6 97 44 1
7 38 1 1
8 87 51 1
9 7984 7924 1
10 55 8 1
11 54 24 1
12 7985 7936 1
13 96 17 1
14 7992 7930 1
15 89 17 1
16 79 17 1
17 69 16 1
18 77 9 1
19 4061 4007 1
20 2115 2080 1
21 2134 2087 1
22 2130 2070 1
23 2135 2063 1
24 4060 4021 1
25 2126 2066 1
26 2126 2090 1
27 2122 2082 1
28 4105 4044 1
29 2150 2068 1
30 2145 2105 1
31 4068 4020 1
32 4105 4022 1
33 4061 4018 1
34 4080 4049 1
35 4097 4056 1
36 4079 4020 1
37 4100 4058 1
38 26 9 1
39 36 21 1
40 27 23 1
41 75 64 1
42 2147 2128 1
43 2082 2067 1
44 2144 2129 1
45 4070 4043 1
46 4087 4061 1
47 4060 4035 1
48 4039 4016 1
49 15801 15727 1
50 7996 7962 1
51 15801 15735 1
52 7961 7928 1
53 15790 15730 1
54 7951 7921 1
55 15806 15750 1
56 15789 15735 1
57 4071 4058 1
58 4103 4090 1
59 7978 7953 1
60 2078 2072 0
61 7986 7963 1
62 2140 2134 0
63 7964 7942 1
64 8001 7979 1
65 4050 4039 1
66 15782 15740 1
67 15813 15771 1
68 7952 7931 1
69 31433 31354 1
70 4095 4085 0
71 7996 7977 1
72 2144 2139 1
73 31433 31362 1
74 31446 31375 1
75 7983 7965 1
76 15804 15769 1
77 15782 15748 1
78 31444 31381 1
79 31435 31375 1
80 31411 31353 1
81 7971 7957 0
82 31446 31392 1
83 31423 31370 1
84 7933 7920 0
85 31418 31368 1
86 31419 31371 1
87 31396 31351 1
88 31429 31384 1
89 31432 31387 1
90 7937 7926 1
91 15750 15731 1
92 15804 15785 0
93 62689 62619 1
94 49 41 1
95 62686 62612 1
96 62691 62622 1
97 15815 15798 0
98 62700 62668 0
99 15822 15824 0
100 15784 15793 0
101 62692 62625 0
102 62685 62621 0
103 62686 62623 0
104 62665 62605 0
105 62685 62627 0
106 62674 62618 0
107 250178 250118 0
108 15794 15781 0
109 7987 7981 0
110 15810 15799 0
111 62654 62612 0
112 31409 31388 0
113 31392 31372 0
114 31399 31379 0
115 7932 7927 0
116 7943 7938 0
117 62647 62609 0
118 62684 62646 0
119 31429 31411 0
120 15811 15802 0
121 62666 62632 0
122 7949 7945 0
123 62656 62626 0
124 15750 15743 0
125 62687 62663 0
126 62699 62675 0
127 62623 62603 0
128 62690 62671 0
129 31360 31351 0
130 7991 7989 0
131 4081 4080 0
132 62648 62634 0
133 62648 62634 0
134 62620 62608 0
135 62643 62631 0
136 31424 31418 0
137 31440 31434 0
138 31365 31360 0
139 31406 31401 0
140 31427 31423 0
141 7914 7913 0
142 7972 7971 0
143 62684 62677 0
144 31449 31448 0
145 2071 2071 0
146 31435 31436 0
147 7969 7970 0
148 31369 31374 0
149 31401 31407 0
150 31359 31365 0
151 4047 4048 0
152 31412 31422 0
153 7930 7933 0
154 4033 4035 0
155 7957 7961 0
156 7971 7976 0
157 2104 2106 0
158 4070 4074 0
159 7935 7943 0
160 2125 2128 0
161 7981 7995 0
162 7967 7981 0
163 4097 4106 0
164 4096 4106 0
165 4095 4105 0
166 4059 4071 0
167 4024 4037 0
168 2057 2065 0
169 4076 4094 0
170 4012 4030 0
171 2070 2082 0
172 2064 2077 0
173 2097 2116 0
174 71 81 0
175 32 38 0
176 68 89 0
177 40 60 0
178 17 39 0
179 8 24 0
180 62604 62617 0
181 500183 500145 0
182 125172 125167 0
183 125153 125156 0
184 125129 125110 0
185 125114 125111 0
186 125120 125120 0
187 500160 500134 0
188 125198 125168 0
189 500190 500147 0
190 500114 500149 0
191 125126 125115 0
192 500107 500126 0
193 500125 500127 0
194 125165 125135 0
195 125187 125144 0
196 125125 125145 0
197 500196 500134 0
198 500199 500145 0
199 250113 250128 0
200 500159 500193 0
201 500132 500166 0
202 125166 125177 0
203 500115 500143 0
204 125167 125177 0
205 500149 500187 0
206 500133 500109 0
207 125182 125120 0
208 500166 500105 0
209 500144 500117 0
210 125118 125155 0
211 125184 125134 0
212 250104 250153 0
213 500174 500173 0
214 250167 250179 0
215 250105 250130 0
216 500151 500182 0
217 500135 500188 0
218 250128 250117 0
219 500121 500168 0
220 500121 500190 0
221 500113 500199 0
222 250157 250136 0
223 500124 500119 0
224 250135 250127 0
225 250171 250117 0
226 500196 500169 0
227 250106 250164 0
228 250130 250162 0
229 250188 250160 0
230 250164 250129 0
231 250198 250144 0
232 250173 250130 0
233 250132 250147 0
234 250129 250122 0
235 250157 250115 0
236 250139 250164 0
237 125154 125155 0
238 250137 250125 0
239 250114 250196 0
240 125179 125131 0
241 250124 250116 0
242 250148 250198 0
243 125142 125138 0
244 250127 250187 0
245 250140 250101 0
246 62632 62646 0
247 250159 250149 0
248 500187 500183 0
249 250170 250144 0
250 250124 250197 0
251 125197 125171 0
252 250155 250197 0
253 500157 500161 0
254 250132 250110 0
255 250162 250112 0
256 250132 250191 0
257 250170 250183 0
258 250112 250104 0
259 250118 250192 0
260 250152 250154 0
261 250174 250184 0
262 250134 250135 0
263 500118 500118 0
264 500128 500102 0
265 500104 500193 0
266 62643 62651 0
267 62617 62616 0
268 500144 500103 0
269 500178 500162 0
270 500168 500136 0
271 62660 62664 0
272 500158 500119 0
273 125196 125182 0
274 500184 500162 0
275 125161 125113 0
276 500170 500154 0
277 125108 125100 0
278 125189 125130 0
279 125191 125174 0
280 125125 125118 0
281 500198 500194 0
282 125103 125122 0
283 125124 125126 0
284 125118 125131 0
285 500112 500141 0
286 500104 500156 0
287 500178 500128 0
288 500156 500126 0
289 125168 125160 0
290 125155 125184 0
291 125183 125172 0
292 500118 500140 0
293 4015 4100 0
294 4023 4077 0
295 4025 4085 0
296 15761 15791 0
297 15767 15792 0
298 15800 15812 0
299 15762 15810 0
300 4007 4061 0
301 4012 4064 0
302 4030 4085 0
303 4023 4084 0
304 15787 15805 0
305 15761 15782 0
306 15755 15767 0
307 250110 250195 0
308 15741 15778 0
309 15738 15803 0
310 4007 4050 0
311 15751 15788 0
312 4038 4093 0
313 15742 15805 0
314 15755 15767 0
315 4047 4101 0
316 15754 15806 0
317 4022 4062 0
318 15768 15782 0
319 2061 2123 0
320 15733 15806 0
321 31392 31413 0
322 2060 2147 0
323 2066 2097 0
324 2091 2113 0
325 15758 15774 0
326 31365 31445 0
327 15729 15740 0
328 2123 2151 0
329 31393 31423 0
330 15749 15810 0
331 15744 15762 0
332 2097 2122 0
333 2056 2133 0
334 31358 31383 0
335 31405 31431 0
336 2080 2146 0
337 31371 31403 0
338 31382 31439 0
339 31392 31424 0
340 31381 31414 0
341 2082 2137 0
342 2064 2101 0
343 2056 2133 0
344 2065 2120 0
345 31363 31402 0
346 31354 31426 0
347 62607 62657 0
348 15768 15789 0
349 62601 62634 0
350 2083 2140 0
351 2098 2135 0
352 7937 7982 0
353 62601 62636 0
354 2056 2103 0
355 2081 2146 0
356 62636 62697 0
357 2055 2128 0
358 2066 2134 0
359 6 37 0
360 14 86 0
361 51 98 0
362 62660 62696 0
363 56 85 0
364 62631 62654 0
365 62603 62638 0
366 62613 62653 0
367 14 59 0
368 27 53 0
369 62620 62650 0
370 63 92 0
371 7953 7983 0
372 62622 62644 0
373 62620 62672 0
374 26 72 0
375 125104 125149 0
376 125110 125192 0
377 7964 8003 0
378 125101 125145 0
379 125116 125172 0
380 7915 7990 0
381 35 95 0
382 10 58 0
383 7947 7965 0
384 13 54 0
385 125121 125168 0
386 2 61 0
387 8 73 0
388 125103 125182 0
389 125122 125185 0
390 125100 125189 0
391 21 95 0
392 125100 125153 0
393 8 72 0
394 7941 7966 0
395 7958 7985 0
396 15 49 0
397 250112 250199 0
398 7940 8010 0
399 7930 7996 0
--------------
1000000 :c
1003970 :sum(p)
1000000 :sum(w)
