400 :n
id p,w,x
--------------
0 15820 15770 1
1 15778 15731 1
2 70 58 1
3 78 65 1
4 51 37 1
5 79 13 1
6 75 38 1
7 50 1 1
8 15822 15727 1
9 87 49 1
10 53 31 1
11 15792 15740 1
12 71 25 1
13 49 9 1
14 64 39 1
15 44 19 1
16 63 6 1
17 75 4 1
18 93 39 1
19 71 3 1
20 44 24 1
21 19 1 1
22 20 6 1
23 49 33 1
24 15817 15741 1
25 2152 2105 1
26 2133 2100 1
27 2081 2066 1
28 2125 2079 1
29 2074 2061 1
30 2113 2060 1
31 15802 15741 1
32 2128 2112 1
33 2152 2089 1
34 2135 2098 1
35 2101 2072 1
36 2130 2063 1
37 2153 2089 1
38 2126 2082 1
39 2121 2076 1
40 2120 2104 1
41 2109 2055 1
42 2141 2105 1
43 4056 4011 1
44 4103 4079 1
45 4104 4065 1
46 4063 4007 1
47 4105 4069 1
48 4084 4053 1
49 4067 4009 1
50 4084 4044 1
51 4093 4074 1
52 4069 4027 1
53 4090 4068 1
54 4106 4032 1
55 4102 4046 1
56 4106 4049 1
57 7981 7927 1
58 7993 7950 1
59 7982 7931 1
60 7981 7957 1
61 7967 7916 1
62 8003 7970 1
63 8008 7975 1
64 7971 7924 1
65 8005 7963 1
66 8006 7916 1
67 15817 15753 1
68 31426 31374 1
69 31447 31377 1
70 31446 31370 1
71 31441 31381 1
72 15803 15759 1
73 15822 15782 1
74 31450 31383 1
75 32 26 1
76 95 85 1
77 2100 2091 1
78 2153 2144 1
79 2071 2065 1
80 8004 7983 1
81 7943 7923 1
82 4050 4040 1
83 4083 4073 1
84 2153 2148 0
85 4073 4064 1
86 7936 7921 1
87 15760 15731 1
88 7939 7926 1
89 15818 15793 1
90 31403 31355 1
91 15767 15743 1
92 4023 4017 0
93 31413 31370 1
94 15825 15805 1
95 7937 7927 1
96 8009 7999 1
97 62695 62622 1
98 15759 15741 1
99 62672 62601 1
100 62694 62627 1
101 31430 31397 1
102 82 62 1
103 31402 31365 1
104 7933 7920 1
105 31383 31351 0
106 31389 31357 1
107 15741 15727 0
108 31436 31416 0
109 15810 15820 0
110 250191 250198 0
111 15767 15751 1
112 15781 15766 0
113 62656 62603 0
114 62682 62629 0
115 62675 62627 0
116 2149 2150 0
117 31395 31371 0
118 15763 15751 0
119 7968 7962 1
120 125197 125108 0
121 31394 31372 0
122 31408 31387 0
123 15741 15731 0
124 7928 7923 1
125 31371 31355 0
126 8003 7999 0
127 4012 4010 0
128 7925 7922 0
129 7957 7954 0
130 7961 7959 0
131 8011 8009 0
132 7932 7931 0
133 4045 4045 0
134 2148 2149 0
135 4102 4105 0
136 4102 4106 0
137 2133 2136 0
138 36 38 0
139 50 55 0
140 36 44 0
141 1 5 0
142 125188 125141 0
143 62685 62642 0
144 31367 31363 0
145 125178 125102 0
146 31409 31396 0
147 250130 250103 0
148 250188 250158 0
149 125184 125123 0
150 250185 250111 0
151 500200 500133 0
152 31375 31370 0
153 125188 125170 0
154 62698 62672 0
155 62635 62627 0
156 31398 31387 0
157 62694 62670 0
158 62692 62685 0
159 500198 500105 0
160 250179 250133 0
161 31365 31356 0
162 250195 250146 0
163 125188 125157 0
164 500176 500112 0
165 500181 500123 0
166 125176 125136 0
167 250150 250120 0
168 250186 250145 0
169 500172 500119 0
170 125188 125152 0
171 250196 250105 0
172 62677 62637 0
173 125125 125105 0
174 62665 62632 0
175 62695 62663 0
176 62690 62667 0
177 62656 62622 0
178 250149 250108 0
179 125166 125103 0
180 62667 62651 0
181 31411 31407 0
182 62638 62642 0
183 31363 31380 0
184 62641 62691 0
185 31410 31425 0
186 31397 31409 0
187 62616 62625 0
188 31378 31396 0
189 31363 31433 0
190 31416 31429 0
191 62656 62661 0
192 62603 62694 0
193 62639 62648 0
194 31361 31449 0
195 31400 31440 0
196 31397 31412 0
197 62651 62687 0
198 31382 31399 0
199 250115 250107 0
200 62604 62642 0
201 62627 62652 0
202 15768 15810 0
203 31396 31406 0
204 15734 15764 0
205 15765 15825 0
206 15777 15820 0
207 15785 15801 0
208 15804 15821 0
209 15802 15818 0
210 15739 15767 0
211 15802 15812 0
212 62625 62669 0
213 62605 62671 0
214 15746 15814 0
215 250133 250154 0
216 15786 15810 0
217 62628 62687 0
218 250126 250175 0
219 250139 250131 0
220 15743 15744 0
221 62612 62660 0
222 15788 15824 0
223 62630 62694 0
224 62626 62626 0
225 15760 15804 0
226 62646 62651 0
227 15730 15759 0
228 15726 15783 0
229 250183 250190 0
230 15740 15772 0
231 62651 62653 0
232 15726 15729 0
233 15795 15821 0
234 62678 62684 0
235 125101 125156 0
236 125183 125194 0
237 15741 15810 0
238 125118 125187 0
239 125164 125195 0
240 250177 250180 0
241 7925 7954 0
242 7948 7966 0
243 125162 125194 0
244 125199 125192 0
245 250141 250134 0
246 125128 125131 0
247 125187 125198 0
248 125116 125124 0
249 125130 125126 0
250 250150 250184 0
251 7938 8008 0
252 7949 7990 0
253 250144 250192 0
254 7927 7995 0
255 125156 125178 0
256 7917 7985 0
257 7914 7979 0
258 125166 125197 0
259 7954 7974 0
260 7965 7968 0
261 7916 7958 0
262 125110 125117 0
263 7921 8005 0
264 7916 7934 0
265 125133 125146 0
266 125111 125190 0
267 7919 7955 0
268 7930 7985 0
269 125113 125182 0
270 7930 7966 0
271 250149 250185 0
272 125136 125140 0
273 125111 125194 0
274 125167 125183 0
275 250116 250169 0
276 125125 125129 0
277 125128 125191 0
278 125144 125182 0
279 125172 125164 0
280 4082 4092 0
281 250145 250122 0
282 125112 125197 0
283 125117 125198 0
284 4031 4051 0
285 62671 62688 0
286 31396 31434 0
287 4057 4066 0
288 125166 125162 0
289 250165 250162 0
290 4030 4095 0
291 4018 4046 0
292 250124 250152 0
293 4036 4062 0
294 62660 62665 0
295 4022 4076 0
296 4079 4093 0
297 250109 250112 0
298 250112 250130 0
299 250124 250163 0
300 125122 125189 0
301 125198 125186 0
302 250155 250137 0
303 4061 4078 0
304 4014 4035 0
305 4053 4091 0
306 4026 4041 0
307 250107 250198 0
308 125172 125170 0
309 250104 250149 0
310 250105 250181 0
311 4030 4069 0
312 250101 250135 0
313 4058 4083 0
314 125166 125175 0
315 4015 4029 0
316 4016 4051 0
317 4082 4094 0
318 4020 4042 0
319 250112 250110 0
320 250150 250195 0
321 2125 2141 0
322 500136 500123 0
323 2101 2150 0
324 250152 250149 0
325 62680 62696 0
326 500178 500142 0
327 2064 2145 0
328 2070 2136 0
329 500145 500113 0
330 62611 62659 0
331 2069 2118 0
332 2056 2145 0
333 2111 2149 0
334 500107 500148 0
335 31376 31420 0
336 2125 2138 0
337 250107 250157 0
338 2096 2124 0
339 250139 250166 0
340 2080 2141 0
341 2106 2123 0
342 2057 2151 0
343 2096 2138 0
344 2074 2148 0
345 500134 500113 0
346 500147 500104 0
347 2091 2100 0
348 250110 250184 0
349 500134 500122 0
350 500190 500137 0
351 250123 250134 0
352 500195 500145 0
353 500116 500153 0
354 500133 500165 0
355 500160 500135 0
356 500148 500188 0
357 2076 2089 0
358 500194 500175 0
359 62634 62662 0
360 500152 500112 0
361 500199 500169 0
362 500167 500160 0
363 500156 500186 0
364 9 65 0
365 250116 250161 0
366 79 90 0
367 70 87 0
368 500166 500127 0
369 500141 500161 0
370 500114 500167 0
371 500179 500170 0
372 500116 500130 0
373 14 40 0
374 500133 500134 0
375 500187 500185 0
376 30 54 0
377 31418 31441 0
378 500198 500176 0
379 31367 31383 0
380 500138 500198 0
381 53 84 0
382 31405 31431 0
383 10 28 0
384 500171 500166 0
385 10 26 0
386 47 77 0
387 500103 500159 0
388 66 92 0
389 500112 500158 0
390 62 89 0
391 9 92 0
392 500141 500200 0
393 500110 500187 0
394 500174 500133 0
395 67 87 0
396 500104 500164 0
397 500120 500184 0
398 31393 31418 0
399 31393 31430 0
--------------
1000000 :c
1004041 :sum(p)
999999 :sum(w)
