400 :n
id p,w,x
--------------
0 31439 31365 1
1 31439 31375 1
2 52 4 1
3 81 3 1
4 51 3 1
5 31416 31353 1
6 31434 31357 1
7 89 46 1
8 86 2 1
9 46 14 1
10 77 49 1
11 31423 31365 1
12 15798 15743 1
13 15790 15734 1
14 72 24 1
15 93 34 1
16 15791 15737 1
17 15813 15734 1
18 15819 15758 1
19 2153 2120 1
20 2149 2107 1
21 2151 2101 1
22 2093 2062 1
23 2116 2060 1
24 2134 2092 1
25 2111 2075 1
26 15802 15742 1
27 15823 15740 1
28 2151 2117 1
29 15820 15733 1
30 2146 2083 1
31 7967 7926 1
32 8009 7968 1
33 8002 7932 1
34 7994 7920 1
35 8003 7932 1
36 2126 2081 1
37 7983 7950 1
38 2113 2072 1
39 7984 7933 1
40 7976 7939 1
41 4102 4048 1
42 4078 4028 1
43 4084 4031 1
44 4076 4042 1
45 4083 4030 1
46 4095 4034 1
47 4104 4052 1
48 4105 4016 1
49 4091 4032 1
50 4101 4071 1
51 31 9 1
52 10 5 1
53 35 18 1
54 60 46 1
55 44 36 1
56 61 54 1
57 69 64 0
58 2131 2111 1
59 2135 2116 1
60 2092 2074 1
61 2075 2058 1
62 2142 2125 1
63 2152 2137 1
64 4092 4067 1
65 4068 4048 1
66 2085 2075 1
67 4088 4069 1
68 2096 2087 1
69 7959 7927 1
70 4092 4076 1
71 7990 7960 1
72 2086 2079 1
73 2079 2074 1
74 8007 7988 1
75 7941 7924 1
76 15774 15741 1
77 8009 7993 1
78 4038 4030 1
79 15805 15775 1
80 15787 15758 1
81 15808 15779 1
82 31415 31364 1
83 15772 15747 1
84 15817 15792 1
85 15786 15762 1
86 15796 15772 1
87 7926 7914 1
88 15795 15773 1
89 15802 15780 1
90 7965 7954 1
91 31426 31383 1
92 4028 4023 1
93 15816 15797 1
94 50 35 1
95 31388 31353 1
96 31424 31389 1
97 31433 31399 1
98 62691 62607 1
99 31431 31395 0
100 31423 31391 1
101 62697 62634 1
102 31391 31375 0
103 62661 62615 0
104 7939 7951 0
105 125186 125101 0
106 31422 31393 0
107 31444 31434 0
108 62695 62642 0
109 125190 125105 0
110 31417 31396 0
111 2066 2072 0
112 62645 62606 0
113 31442 31423 0
114 125192 125119 0
115 125198 125131 0
116 62645 62613 0
117 31408 31392 0
118 4051 4049 0
119 15752 15745 0
120 15803 15797 0
121 31416 31405 0
122 15768 15763 0
123 31376 31367 0
124 15772 15768 0
125 7962 7960 0
126 15800 15800 0
127 15746 15746 0
128 15752 15752 0
129 7933 7934 0
130 7918 7920 0
131 4021 4023 0
132 8004 8009 0
133 4066 4069 0
134 4039 4042 0
135 7996 8002 0
136 7926 7932 0
137 7917 7923 0
138 2119 2121 1
139 4024 4028 0
140 7960 7969 0
141 4063 4068 0
142 4075 4081 0
143 7986 7998 0
144 4055 4062 0
145 4015 4023 0
146 4032 4045 0
147 4080 4094 0
148 4054 4068 0
149 4080 4097 0
150 4066 4083 0
151 2142 2151 0
152 4016 4034 0
153 2124 2138 0
154 2136 2151 0
155 2124 2141 0
156 2092 2111 0
157 62 69 0
158 56 64 0
159 65 78 0
160 77 96 0
161 39 53 0
162 27 42 0
163 15 30 0
164 13 35 0
165 500188 500118 0
166 62659 62650 0
167 125142 125117 0
168 500169 500131 0
169 31371 31374 0
170 500118 500139 0
171 31376 31380 0
172 500135 500159 0
173 500127 500140 0
174 500167 500195 0
175 62623 62633 0
176 500162 500136 0
177 500103 500129 0
178 500115 500145 0
179 31370 31364 0
180 62664 62667 0
181 500144 500198 0
182 500155 500179 0
183 500114 500175 0
184 125169 125182 0
185 125129 125121 0
186 500123 500152 0
187 125177 125164 0
188 500178 500154 0
189 500192 500153 0
190 500166 500177 0
191 125146 125127 0
192 500186 500186 0
193 125169 125161 0
194 125148 125139 0
195 500112 500162 0
196 250111 250101 0
197 250192 250183 0
198 31379 31381 0
199 250172 250176 0
200 250109 250113 0
201 500160 500113 0
202 500119 500173 0
203 250127 250161 0
204 250182 250155 0
205 500182 500179 0
206 125177 125190 0
207 500162 500140 0
208 250185 250148 0
209 250173 250165 0
210 250159 250188 0
211 250120 250163 0
212 250149 250155 0
213 125146 125131 0
214 250161 250127 0
215 500173 500158 0
216 125144 125142 0
217 250181 250142 0
218 125180 125176 0
219 500148 500124 0
220 125141 125137 0
221 250119 250103 0
222 62691 62682 0
223 500116 500111 0
224 250127 250129 0
225 250105 250112 0
226 250154 250181 0
227 250159 250169 0
228 250159 250110 0
229 250108 250141 0
230 250169 250130 0
231 125198 125182 0
232 125131 125116 0
233 125114 125126 0
234 250139 250184 0
235 125188 125194 0
236 250168 250120 0
237 250179 250138 0
238 250113 250134 0
239 500173 500132 0
240 250184 250194 0
241 250116 250128 0
242 250178 250167 0
243 125140 125116 0
244 250199 250160 0
245 250121 250153 0
246 250115 250141 0
247 500109 500157 0
248 500109 500171 0
249 62618 62620 0
250 500192 500130 0
251 62662 62641 0
252 125177 125126 0
253 125191 125153 0
254 62654 62637 0
255 62692 62661 0
256 125198 125165 0
257 62621 62603 0
258 250178 250107 0
259 62691 62661 0
260 125173 125123 0
261 125151 125107 0
262 125183 125137 0
263 62688 62667 0
264 125190 125141 0
265 125166 125124 0
266 125174 125128 0
267 500135 500162 0
268 500144 500173 0
269 62618 62620 0
270 500150 500103 0
271 500131 500132 0
272 62661 62668 0
273 62630 62617 0
274 500107 500147 0
275 62661 62650 0
276 62687 62681 0
277 500123 500149 0
278 500122 500184 0
279 500125 500151 0
280 62646 62647 0
281 62632 62642 0
282 31426 31421 0
283 500110 500110 0
284 500174 500127 0
285 500151 500199 0
286 15732 15744 0
287 15747 15812 0
288 4030 4100 0
289 4029 4060 0
290 250122 250190 0
291 4019 4046 0
292 250121 250167 0
293 15742 15790 0
294 4057 4091 0
295 15784 15816 0
296 15745 15796 0
297 15743 15803 0
298 4056 4082 0
299 4055 4076 0
300 4015 4058 0
301 15766 15807 0
302 15778 15791 0
303 15749 15767 0
304 4014 4080 0
305 7945 7968 0
306 15768 15782 0
307 250108 250162 0
308 7929 7993 0
309 4009 4082 0
310 7917 7936 0
311 250111 250160 0
312 7914 7975 0
313 250102 250200 0
314 15770 15788 0
315 15811 15821 0
316 31360 31419 0
317 31436 31443 0
318 31387 31442 0
319 7961 7998 0
320 2071 2104 0
321 7933 8011 0
322 2095 2147 0
323 31384 31447 0
324 31387 31423 0
325 2078 2100 0
326 31416 31429 0
327 31379 31420 0
328 7916 7932 0
329 2069 2110 0
330 2078 2150 0
331 31427 31438 0
332 31401 31436 0
333 31388 31398 0
334 31402 31414 0
335 15774 15818 0
336 31385 31393 0
337 2087 2112 0
338 2075 2109 0
339 31425 31433 0
340 31361 31434 0
341 2068 2098 0
342 7936 7983 0
343 31355 31431 0
344 62677 62691 0
345 62619 62698 0
346 15739 15764 0
347 62607 62696 0
348 62623 62641 0
349 7972 8005 0
350 2059 2125 0
351 2071 2131 0
352 62612 62627 0
353 62637 62693 0
354 62620 62649 0
355 2057 2152 0
356 62611 62663 0
357 2072 2096 0
358 62625 62695 0
359 25 53 0
360 24 99 0
361 18 89 0
362 16 69 0
363 20 95 0
364 62640 62687 0
365 19 91 0
366 7919 8012 0
367 62637 62662 0
368 7966 8012 0
369 7980 7998 0
370 62629 62653 0
371 62636 62655 0
372 250122 250172 0
373 21 98 0
374 125110 125133 0
375 62615 62674 0
376 62620 62660 0
377 26 50 0
378 7927 7979 0
379 1 56 0
380 62616 62670 0
381 125166 125196 0
382 250147 250196 0
383 1 63 0
384 7915 7989 0
385 125102 125195 0
386 125117 125163 0
387 125124 125173 0
388 10 100 0
389 22 50 0
390 16 72 0
391 125128 125158 0
392 125112 125142 0
393 125106 125184 0
394 43 80 0
395 125129 125172 0
396 125135 125194 0
397 19 83 0
398 250123 250172 0
399 7972 8006 0
--------------
1000000 :c
1003875 :sum(p)
999998 :sum(w)
