400 :n
id p,w,x
--------------
0 15802 15737 1
1 15817 15737 1
2 86 2 1
3 15792 15728 1
4 7998 7918 1
5 4091 4026 1
6 4104 4018 1
7 4091 4013 1
8 76 24 1
9 4106 4037 1
10 4086 4030 1
11 2106 2054 1
12 76 19 1
13 90 14 1
14 2148 2087 1
15 2133 2080 1
16 2141 2086 1
17 2134 2076 1
18 2145 2076 1
19 2144 2086 1
20 40 6 1
21 23 5 1
22 33 12 1
23 28 12 1
24 83 36 1
25 87 44 1
26 85 52 1
27 100 73 1
28 31 23 1
29 45 35 1
30 32 25 1
31 92 72 1
32 79 62 1
33 95 77 1
34 47 39 1
35 28 24 1
36 52 45 1
37 2123 2074 1
38 2102 2054 1
39 2112 2071 1
40 2095 2058 1
41 2140 2103 1
42 2113 2080 1
43 2096 2068 1
44 4058 4008 1
45 4094 4044 1
46 2099 2075 1
47 4101 4068 1
48 2147 2130 1
49 2134 2119 1
50 7975 7921 1
51 4091 4065 1
52 8001 7951 1
53 4043 4018 1
54 4095 4070 1
55 7960 7913 1
56 8001 7956 1
57 4030 4008 1
58 4059 4037 1
59 2094 2083 1
60 2114 2103 1
61 7958 7920 1
62 7984 7948 1
63 15807 15745 1
64 15787 15727 1
65 62670 62609 1
66 62683 62613 1
67 2149 2141 1
68 15802 15746 1
69 7953 7926 1
70 15815 15763 1
71 15824 15776 1
72 7948 7925 1
73 7937 7916 1
74 4076 4066 1
75 2100 2095 1
76 31442 31369 1
77 31422 31357 1
78 7960 7944 1
79 31444 31383 1
80 31423 31363 1
81 15802 15772 1
82 31417 31383 1
83 31450 31397 1
84 31427 31375 1
85 7995 7982 1
86 31401 31352 1
87 31405 31357 1
88 31437 31391 1
89 31449 31405 1
90 15773 15751 1
91 15816 15794 1
92 15822 15800 1
93 15772 15751 1
94 15756 15736 1
95 73 42 1
96 2139 2135 1
97 15816 15756 1
98 31395 31359 1
99 31381 31352 0
100 31384 31355 1
101 62671 62615 0
102 31447 31421 0
103 7998 8009 0
104 62669 62657 0
105 7961 7954 1
106 4078 4076 1
107 31382 31357 0
108 62689 62640 0
109 125196 125110 0
110 31415 31394 0
111 15747 15737 0
112 15759 15749 0
113 31394 31375 0
114 62674 62639 0
115 31392 31374 0
116 62693 62639 0
117 62651 62638 0
118 62676 62648 0
119 15750 15743 0
120 125197 125143 0
121 62650 62624 0
122 125161 125110 0
123 62670 62645 0
124 250198 250112 0
125 125185 125144 0
126 31428 31418 0
127 15784 15779 0
128 125144 125107 0
129 125139 125103 0
130 31386 31377 0
131 125148 125115 0
132 125169 125137 0
133 62632 62616 0
134 62687 62671 0
135 4021 4020 0
136 62616 62601 0
137 62649 62635 0
138 62698 62685 0
139 500189 500198 0
140 76 98 0
141 15798 15795 0
142 62671 62660 0
143 31430 31426 0
144 15777 15775 0
145 15787 15785 0
146 62637 62637 0
147 31398 31399 0
148 31365 31366 0
149 31429 31432 0
150 7941 7942 1
151 31372 31379 0
152 4044 4045 1
153 4009 4010 1
154 31378 31386 0
155 31406 31415 0
156 31362 31374 0
157 2089 2090 1
158 4065 4067 0
159 7987 7991 0
160 15809 15818 0
161 15763 15774 0
162 15769 15782 0
163 15758 15771 0
164 15751 15764 0
165 7931 7938 0
166 7919 7927 0
167 15784 15800 0
168 7918 7927 0
169 15801 15820 0
170 15795 15814 0
171 15801 15822 0
172 15739 15762 0
173 4090 4096 0
174 7959 7973 0
175 7970 7985 0
176 4008 4016 0
177 7940 7956 0
178 7925 7943 0
179 7977 7996 0
180 2085 2090 1
181 7914 7936 0
182 2121 2127 0
183 7920 7944 0
184 7919 7944 0
185 4047 4060 0
186 7958 7987 0
187 4049 4064 0
188 2100 2108 0
189 7955 7988 0
190 4033 4050 0
191 4022 4039 0
192 2126 2135 0
193 2099 2108 0
194 4039 4058 0
195 2108 2118 0
196 4070 4091 0
197 4037 4058 0
198 4051 4079 0
199 4030 4064 0
200 4057 4093 0
201 4020 4057 0
202 4026 4065 0
203 4008 4047 0
204 4034 4074 0
205 4011 4051 0
206 2068 2089 0
207 2111 2138 0
208 2072 2103 0
209 2099 2132 0
210 2085 2118 0
211 2059 2092 0
212 2110 2147 0
213 27 33 0
214 38 54 0
215 68 97 0
216 43 64 0
217 63 94 0
218 32 51 0
219 51 94 0
220 9 26 0
221 17 56 0
222 5 33 0
223 5 42 0
224 2 31 0
225 125113 125114 0
226 125149 125150 0
227 500164 500125 0
228 125162 125158 0
229 250184 250105 0
230 500171 500164 0
231 125118 125115 0
232 500120 500114 0
233 125120 125102 0
234 500174 500136 0
235 250167 250121 0
236 500178 500153 0
237 500134 500125 0
238 500122 500104 0
239 500185 500145 0
240 500173 500105 0
241 250153 250110 0
242 500180 500182 0
243 500195 500186 0
244 500194 500127 0
245 250158 250139 0
246 250147 250145 0
247 250191 250166 0
248 250167 250111 0
249 250112 250111 0
250 250116 250104 0
251 500182 500152 0
252 250140 250106 0
253 125153 125127 0
254 500184 500137 0
255 500177 500140 0
256 125163 125156 0
257 250190 250192 0
258 250189 250161 0
259 250197 250130 0
260 125177 125165 0
261 250171 250115 0
262 500130 500118 0
263 125187 125176 0
264 500193 500103 0
265 125164 125154 0
266 125136 125109 0
267 500160 500152 0
268 125134 125131 0
269 250176 250177 0
270 250196 250197 0
271 500123 500115 0
272 125134 125130 0
273 125146 125121 0
274 125122 125106 0
275 500192 500141 0
276 125140 125123 0
277 7940 7991 0
278 7951 7988 0
279 62633 62665 0
280 250119 250163 0
281 250118 250166 0
282 62687 62689 0
283 250111 250178 0
284 4040 4093 0
285 62610 62631 0
286 7943 7992 0
287 62614 62695 0
288 62610 62674 0
289 62601 62617 0
290 62611 62696 0
291 62621 62623 0
292 250142 250172 0
293 62611 62614 0
294 62619 62688 0
295 250114 250136 0
296 7919 7988 0
297 7932 7977 0
298 250151 250194 0
299 62626 62696 0
300 4040 4101 0
301 62622 62628 0
302 62637 62689 0
303 250106 250169 0
304 7933 8000 0
305 7914 7960 0
306 250149 250168 0
307 62606 62642 0
308 125177 125196 0
309 250136 250159 0
310 125137 125148 0
311 4032 4101 0
312 125109 125199 0
313 62628 62682 0
314 125145 125161 0
315 7914 7970 0
316 4045 4105 0
317 7965 8002 0
318 7926 7986 0
319 250148 250181 0
320 500107 500180 0
321 250160 250170 0
322 2065 2147 0
323 125108 125193 0
324 7954 8009 0
325 125119 125178 0
326 125128 125138 0
327 500131 500179 0
328 500176 500199 0
329 62611 62632 0
330 500193 500199 0
331 500116 500158 0
332 15746 15782 0
333 500158 500175 0
334 2072 2132 0
335 62623 62699 0
336 15746 15776 0
337 125161 125190 0
338 62631 62656 0
339 62609 62686 0
340 125114 125137 0
341 62620 62629 0
342 62633 62682 0
343 125137 125193 0
344 15749 15791 0
345 125102 125193 0
346 2102 2144 0
347 125107 125125 0
348 125123 125126 0
349 125151 125166 0
350 125126 125163 0
351 62634 62672 0
352 31362 31379 0
353 500124 500144 0
354 2054 2121 0
355 500158 500175 0
356 125149 125194 0
357 250117 250120 0
358 31363 31430 0
359 31419 31437 0
360 31376 31439 0
361 47 96 0
362 19 98 0
363 15743 15821 0
364 250111 250144 0
365 250151 250197 0
366 500127 500155 0
367 500155 500180 0
368 250103 250140 0
369 33 86 0
370 250112 250158 0
371 250130 250173 0
372 31368 31392 0
373 500167 500183 0
374 31382 31412 0
375 250140 250184 0
376 26 99 0
377 500107 500178 0
378 500169 500189 0
379 500107 500179 0
380 15741 15787 0
381 15726 15785 0
382 500138 500178 0
383 250140 250191 0
384 250108 250182 0
385 500118 500169 0
386 31351 31371 0
387 31360 31420 0
388 10 89 0
389 250151 250183 0
390 15740 15810 0
391 250117 250192 0
392 500169 500173 0
393 31392 31420 0
394 500114 500177 0
395 250104 250150 0
396 500188 500192 0
397 15730 15788 0
398 31384 31443 0
399 31363 31436 0
--------------
1000000 :c
1003943 :sum(p)
999999 :sum(w)
