400 :n
id p,w,x
--------------
0 4099 4034 1
1 4063 4008 1
2 4076 4024 1
3 91 11 1
4 4079 4022 1
5 15798 15731 1
6 90 3 1
7 15806 15740 1
8 4095 4014 1
9 7991 7923 1
10 2144 2067 1
11 15793 15727 1
12 98 13 1
13 71 3 1
14 31445 31359 1
15 65 11 1
16 2128 2060 1
17 89 17 1
18 2135 2084 1
19 53 2 1
20 96 24 1
21 2151 2085 1
22 2118 2061 1
23 2139 2061 1
24 7992 7929 1
25 36 8 1
26 54 15 1
27 42 15 1
28 70 31 1
29 58 34 1
30 99 60 1
31 69 49 1
32 65 48 1
33 86 68 1
34 66 53 1
35 84 74 1
36 2127 2081 1
37 2146 2100 1
38 2120 2083 1
39 2148 2113 1
40 2141 2110 1
41 2084 2055 1
42 2128 2100 1
43 2092 2068 1
44 2139 2115 1
45 2133 2110 1
46 4102 4059 1
47 4100 4063 1
48 4084 4048 1
49 4086 4052 1
50 4076 4044 1
51 4047 4020 1
52 7988 7936 1
53 7967 7916 1
54 7989 7940 1
55 7994 7945 1
56 2135 2122 1
57 4050 4026 1
58 2130 2118 1
59 4095 4073 1
60 4067 4046 1
61 4077 4056 1
62 4080 4059 1
63 7966 7926 1
64 2089 2079 1
65 4046 4027 1
66 4048 4029 1
67 8004 7968 1
68 4057 4039 1
69 4104 4088 1
70 2098 2090 1
71 7957 7930 1
72 15795 15742 1
73 15799 15750 1
74 15792 15744 1
75 7997 7973 1
76 4088 4076 1
77 7965 7942 1
78 7974 7951 1
79 7999 7976 1
80 2142 2136 1
81 7989 7967 1
82 7945 7925 1
83 8010 7990 1
84 15798 15759 1
85 4096 4086 1
86 15816 15779 1
87 31440 31367 1
88 15759 15727 1
89 7998 7982 1
90 15789 15758 1
91 15760 15733 1
92 31441 31388 1
93 31446 31393 1
94 15761 15735 1
95 7977 7964 1
96 7925 7913 1
97 8004 7992 1
98 4070 4064 1
99 62699 62607 1
100 31420 31377 1
101 4091 4058 1
102 31443 31398 1
103 15790 15770 1
104 4037 4032 1
105 62684 62619 1
106 31417 31372 1
107 62668 62604 0
108 31390 31356 1
109 15767 15751 1
110 31402 31372 1
111 31442 31413 0
112 15798 15786 1
113 7982 7987 0
114 15756 15745 1
115 62668 62611 0
116 62698 62644 0
117 31410 31384 0
118 31412 31388 0
119 7940 7934 1
120 31380 31358 0
121 31440 31418 0
122 28 39 0
123 4083 4101 0
124 31449 31450 0
125 125193 125110 0
126 31400 31380 0
127 15743 15733 0
128 15793 15783 1
129 15816 15806 0
130 125182 125110 0
131 31378 31360 0
132 15795 15786 0
133 62667 62634 0
134 62669 62637 0
135 125194 125131 0
136 7955 7951 0
137 125176 125114 0
138 62667 62636 0
139 62672 62644 0
140 31387 31373 0
141 62697 62673 0
142 15803 15797 0
143 62685 62663 0
144 62644 62624 0
145 62642 62624 0
146 62695 62677 0
147 62683 62667 0
148 4042 4041 1
149 4046 4045 1
150 62682 62668 0
151 31389 31384 0
152 7961 7960 0
153 15 15 1
154 31447 31447 0
155 31407 31408 0
156 15732 15733 0
157 31366 31368 0
158 15792 15795 0
159 7969 7972 0
160 15778 15784 0
161 4034 4036 0
162 4023 4025 1
163 15733 15742 0
164 7936 7941 0
165 15736 15746 0
166 4009 4013 0
167 4047 4053 0
168 7946 7958 0
169 4071 4079 0
170 7993 8009 0
171 7945 7961 0
172 2108 2113 0
173 7961 7980 0
174 7989 8012 0
175 4039 4058 0
176 2139 2151 0
177 2138 2153 0
178 2122 2139 0
179 2117 2134 0
180 2095 2113 0
181 2064 2083 0
182 2107 2129 0
183 2085 2110 0
184 2056 2081 0
185 2065 2093 0
186 2124 2153 0
187 80 95 0
188 15 18 0
189 54 65 0
190 7 9 0
191 70 94 0
192 66 89 0
193 32 44 0
194 63 90 0
195 52 75 0
196 29 50 0
197 28 51 0
198 4 9 0
199 21 50 0
200 15 37 0
201 5 34 0
202 250187 250107 0
203 250197 250127 0
204 500182 500129 0
205 62666 62657 0
206 250169 250101 0
207 250185 250164 0
208 250177 250102 0
209 500181 500112 0
210 250148 250102 0
211 250145 250103 0
212 250143 250114 0
213 125187 125155 0
214 125137 125115 0
215 250185 250153 0
216 500144 500102 0
217 125160 125124 0
218 500158 500112 0
219 125138 125122 0
220 500159 500118 0
221 250173 250119 0
222 500159 500120 0
223 250195 250140 0
224 125173 125137 0
225 125193 125172 0
226 500153 500114 0
227 500162 500104 0
228 250179 250113 0
229 250197 250127 0
230 250125 250107 0
231 250150 250103 0
232 500160 500115 0
233 125160 125143 0
234 500180 500147 0
235 125186 125159 0
236 125185 125146 0
237 125199 125187 0
238 125189 125167 0
239 500175 500135 0
240 500176 500123 0
241 62664 62655 0
242 62644 62634 0
243 500190 500116 0
244 500177 500126 0
245 250199 250120 0
246 125164 125108 0
247 125163 125124 0
248 62642 62689 0
249 7922 7967 0
250 7923 7989 0
251 62626 62693 0
252 62659 62687 0
253 7939 7972 0
254 62636 62697 0
255 62676 62672 0
256 7928 7971 0
257 62607 62675 0
258 62637 62653 0
259 62680 62687 0
260 7921 7998 0
261 62627 62636 0
262 62627 62660 0
263 7925 7995 0
264 62620 62665 0
265 62607 62651 0
266 62620 62627 0
267 62621 62632 0
268 62699 62695 0
269 7944 7990 0
270 125160 125192 0
271 125139 125192 0
272 125105 125195 0
273 125130 125140 0
274 7964 8009 0
275 125157 125174 0
276 125167 125174 0
277 31364 31374 0
278 62612 62678 0
279 125121 125146 0
280 125117 125184 0
281 4032 4092 0
282 4012 4059 0
283 4034 4083 0
284 4014 4060 0
285 125114 125108 0
286 31427 31439 0
287 62665 62680 0
288 125139 125185 0
289 125136 125144 0
290 7930 7984 0
291 125141 125143 0
292 125111 125137 0
293 62605 62637 0
294 125104 125189 0
295 125179 125187 0
296 125119 125134 0
297 125141 125147 0
298 125122 125118 0
299 125112 125134 0
300 125154 125152 0
301 125113 125160 0
302 125116 125140 0
303 125153 125147 0
304 250113 250144 0
305 15754 15795 0
306 250124 250129 0
307 250105 250179 0
308 250134 250150 0
309 4024 4091 0
310 62659 62660 0
311 250170 250171 0
312 15742 15768 0
313 250104 250128 0
314 250163 250185 0
315 250156 250184 0
316 250110 250175 0
317 4019 4090 0
318 250141 250176 0
319 250125 250174 0
320 2064 2118 0
321 250132 250169 0
322 250107 250172 0
323 250110 250150 0
324 62618 62653 0
325 62620 62685 0
326 15786 15825 0
327 15742 15807 0
328 250111 250108 0
329 250152 250163 0
330 15770 15790 0
331 31377 31428 0
332 250126 250133 0
333 250135 250174 0
334 250148 250166 0
335 250112 250194 0
336 2085 2143 0
337 250103 250200 0
338 2067 2136 0
339 250110 250115 0
340 250118 250139 0
341 250185 250199 0
342 2054 2092 0
343 2055 2114 0
344 15733 15804 0
345 500141 500178 0
346 15736 15785 0
347 500129 500136 0
348 31364 31441 0
349 15733 15797 0
350 31398 31419 0
351 500107 500115 0
352 500141 500166 0
353 2102 2148 0
354 2087 2121 0
355 500140 500119 0
356 500194 500185 0
357 15777 15813 0
358 500198 500176 0
359 28 100 0
360 34 93 0
361 31386 31421 0
362 15745 15813 0
363 31395 31405 0
364 500101 500141 0
365 500152 500123 0
366 31424 31430 0
367 500192 500179 0
368 3 39 0
369 31389 31420 0
370 500154 500153 0
371 500115 500148 0
372 500195 500194 0
373 31417 31443 0
374 500192 500160 0
375 500137 500129 0
376 31376 31437 0
377 500141 500161 0
378 500109 500180 0
379 500121 500159 0
380 31409 31420 0
381 31356 31406 0
382 500176 500164 0
383 500160 500182 0
384 15745 15764 0
385 40 84 0
386 15735 15814 0
387 15726 15764 0
388 15735 15791 0
389 500186 500170 0
390 31422 31438 0
391 500106 500188 0
392 31410 31427 0
393 500145 500183 0
394 31360 31443 0
395 500107 500179 0
396 500106 500106 0
397 500126 500108 0
398 31390 31449 0
399 31364 31388 0
--------------
1000000 :c
1004256 :sum(p)
1000000 :sum(w)
