400 :n
id p,w,x
--------------
0 4074 4037 1
1 4090 4026 1
2 68 43 1
3 64 14 1
4 56 23 1
5 4089 4027 1
6 4096 4007 1
7 61 37 1
8 4064 4017 1
9 56 4 1
10 59 39 1
11 4101 4008 1
12 81 20 1
13 86 7 1
14 7992 7924 1
15 89 7 1
16 55 15 1
17 32 11 1
18 62 22 1
19 95 55 1
20 36 9 1
21 80 51 1
22 75 16 1
23 87 17 1
24 48 17 1
25 2150 2109 1
26 2140 2107 1
27 2119 2084 1
28 2119 2082 1
29 2126 2083 1
30 2117 2095 1
31 2107 2071 1
32 7983 7921 1
33 7981 7926 1
34 2119 2094 1
35 4086 4033 1
36 2132 2072 1
37 8004 7914 1
38 7982 7930 1
39 2145 2078 1
40 7973 7919 1
41 2118 2072 1
42 2146 2118 1
43 2113 2075 1
44 4070 4019 1
45 8012 7920 1
46 7991 7931 1
47 4089 4050 1
48 31447 31373 1
49 15799 15728 1
50 4084 4059 1
51 31435 31357 1
52 15815 15768 1
53 7973 7943 1
54 7982 7952 1
55 7984 7944 1
56 31450 31385 1
57 7986 7936 1
58 4080 4056 1
59 15805 15732 1
60 3 2 1
61 35 24 1
62 41 33 1
63 99 86 1
64 2094 2079 1
65 2143 2131 1
66 4067 4047 1
67 4027 4008 1
68 4090 4076 1
69 4022 4009 1
70 4051 4038 1
71 4073 4061 1
72 7969 7946 1
73 15763 15729 1
74 15817 15784 1
75 4068 4060 1
76 15816 15785 1
77 31433 31372 1
78 31412 31358 1
79 15753 15726 1
80 15773 15746 1
81 8000 7987 1
82 31418 31368 1
83 31431 31384 1
84 31434 31388 1
85 15763 15740 1
86 31436 31391 1
87 2089 2080 0
88 4017 4012 0
89 62700 62625 1
90 7962 7953 0
91 62697 62627 1
92 31387 31352 1
93 46 40 1
94 62681 62610 1
95 7960 7950 0
96 62673 62606 1
97 62684 62620 0
98 31429 31397 0
99 62688 62631 1
100 31449 31441 0
101 15792 15807 0
102 31421 31390 0
103 15754 15739 0
104 31425 31397 0
105 15776 15762 1
106 15758 15746 0
107 7991 8007 0
108 4035 4032 0
109 62654 62610 0
110 7966 7961 0
111 15752 15744 0
112 2148 2147 0
113 15751 15744 0
114 15818 15812 0
115 15770 15765 0
116 15818 15814 0
117 15783 15781 0
118 7934 7934 0
119 15822 15824 0
120 7972 7974 0
121 7964 7966 0
122 7921 7924 0
123 4036 4038 0
124 4088 4091 0
125 2076 2078 0
126 4064 4069 0
127 2128 2131 0
128 2072 2075 0
129 4016 4023 0
130 2133 2137 0
131 2095 2100 0
132 2104 2110 0
133 4070 4083 0
134 2104 2111 0
135 2143 2153 0
136 2072 2086 0
137 2104 2120 0
138 50 57 0
139 62 72 0
140 50 59 0
141 39 49 0
142 34 50 0
143 125175 125151 0
144 31384 31374 0
145 250198 250114 0
146 500199 500121 0
147 125173 125152 0
148 31386 31377 0
149 250195 250122 0
150 125168 125118 0
151 62683 62658 0
152 125162 125145 0
153 125183 125116 0
154 250186 250133 0
155 250137 250103 0
156 125159 125105 0
157 62640 62605 0
158 500175 500109 0
159 62625 62601 0
160 125170 125151 0
161 125163 125138 0
162 62675 62665 0
163 125167 125104 0
164 125162 125115 0
165 62668 62655 0
166 125145 125105 0
167 31392 31379 0
168 31398 31386 0
169 62657 62628 0
170 62631 62618 0
171 250175 250122 0
172 125196 125167 0
173 250189 250135 0
174 500185 500115 0
175 500173 500105 0
176 125177 125157 0
177 125154 125123 0
178 62652 62635 0
179 250146 250101 0
180 31362 31351 0
181 125146 125123 0
182 62683 62650 0
183 62609 62650 0
184 31378 31392 0
185 62666 62670 0
186 62637 62699 0
187 62602 62680 0
188 31409 31441 0
189 62616 62672 0
190 31428 31437 0
191 62636 62640 0
192 62611 62688 0
193 62638 62683 0
194 62630 62690 0
195 62644 62645 0
196 31366 31420 0
197 31360 31408 0
198 31442 31446 0
199 125109 125137 0
200 125113 125131 0
201 125138 125149 0
202 125116 125128 0
203 125100 125161 0
204 15781 15794 0
205 15758 15782 0
206 15767 15774 0
207 125154 125140 0
208 15736 15760 0
209 125138 125159 0
210 15790 15814 0
211 15741 15819 0
212 15768 15807 0
213 15759 15800 0
214 125123 125186 0
215 125121 125120 0
216 125111 125146 0
217 15731 15747 0
218 125168 125162 0
219 15750 15759 0
220 125120 125108 0
221 125167 125159 0
222 125173 125174 0
223 15747 15818 0
224 15817 15820 0
225 15729 15766 0
226 125108 125172 0
227 15772 15825 0
228 15761 15791 0
229 125110 125136 0
230 125103 125152 0
231 15751 15756 0
232 15732 15824 0
233 125163 125199 0
234 15764 15769 0
235 62642 62643 0
236 15775 15781 0
237 31378 31403 0
238 15806 15813 0
239 7918 7960 0
240 7926 7964 0
241 125168 125165 0
242 125133 125163 0
243 125111 125189 0
244 7926 8003 0
245 125156 125185 0
246 125155 125173 0
247 7927 7986 0
248 125139 125190 0
249 62635 62692 0
250 125101 125157 0
251 7955 7982 0
252 7936 7987 0
253 7938 7989 0
254 7925 7984 0
255 62619 62650 0
256 250128 250170 0
257 7927 7945 0
258 250129 250117 0
259 62624 62662 0
260 250122 250155 0
261 250172 250160 0
262 250127 250139 0
263 62612 62658 0
264 7917 8005 0
265 7974 8000 0
266 7964 8000 0
267 7968 7992 0
268 31373 31413 0
269 7976 7996 0
270 250164 250156 0
271 7938 7978 0
272 250167 250182 0
273 7985 7997 0
274 250142 250121 0
275 250199 250172 0
276 250194 250161 0
277 7922 7953 0
278 7952 7973 0
279 4063 4083 0
280 250137 250135 0
281 250154 250191 0
282 250145 250170 0
283 4030 4089 0
284 4030 4103 0
285 250141 250110 0
286 250118 250106 0
287 250170 250158 0
288 250197 250178 0
289 31411 31443 0
290 250192 250173 0
291 4033 4059 0
292 4060 4092 0
293 62612 62684 0
294 4011 4033 0
295 4043 4102 0
296 250128 250168 0
297 250116 250136 0
298 4051 4105 0
299 250169 250200 0
300 4009 4029 0
301 250138 250188 0
302 62633 62626 0
303 250166 250183 0
304 4022 4040 0
305 4044 4078 0
306 250140 250140 0
307 250111 250175 0
308 4046 4095 0
309 4028 4083 0
310 250144 250191 0
311 4043 4060 0
312 4051 4093 0
313 250145 250186 0
314 31390 31409 0
315 250141 250149 0
316 31362 31423 0
317 250145 250166 0
318 250120 250151 0
319 62672 62697 0
320 250151 250176 0
321 2069 2086 0
322 250104 250180 0
323 250155 250184 0
324 31382 31399 0
325 2086 2106 0
326 2069 2128 0
327 2077 2126 0
328 500163 500120 0
329 2093 2136 0
330 2094 2138 0
331 500113 500127 0
332 31388 31440 0
333 500169 500142 0
334 500176 500121 0
335 500135 500163 0
336 2077 2099 0
337 2066 2139 0
338 31401 31449 0
339 500106 500147 0
340 2089 2145 0
341 31360 31447 0
342 500124 500191 0
343 31355 31410 0
344 500164 500154 0
345 62609 62654 0
346 500171 500165 0
347 31418 31436 0
348 2065 2115 0
349 500138 500192 0
350 500148 500122 0
351 2073 2147 0
352 500186 500147 0
353 500165 500106 0
354 2072 2143 0
355 31356 31371 0
356 2107 2132 0
357 500101 500101 0
358 31368 31441 0
359 56 95 0
360 10 36 0
361 60 89 0
362 54 92 0
363 13 33 0
364 500104 500139 0
365 500167 500102 0
366 31387 31411 0
367 3 45 0
368 19 56 0
369 500160 500101 0
370 31368 31443 0
371 31 90 0
372 500149 500185 0
373 500178 500144 0
374 3 46 0
375 500125 500163 0
376 500131 500172 0
377 500133 500155 0
378 500137 500187 0
379 500136 500161 0
380 13 33 0
381 500184 500128 0
382 500104 500179 0
383 62633 62656 0
384 500112 500120 0
385 28 72 0
386 500176 500161 0
387 62643 62697 0
388 65 86 0
389 500159 500169 0
390 500117 500150 0
391 500174 500111 0
392 500157 500147 0
393 500126 500120 0
394 500159 500134 0
395 62604 62615 0
396 500108 500105 0
397 500117 500177 0
398 62684 62698 0
399 62616 62629 0
--------------
1000000 :c
1004037 :sum(p)
1000000 :sum(w)
