400 :n
id p,w,x
--------------
0 4052 4025 1
1 4091 4014 1
2 2115 2085 1
3 4069 4011 1
4 2140 2111 1
5 2126 2055 1
6 15820 15744 1
7 2114 2079 1
8 7975 7916 1
9 15806 15727 1
10 2101 2072 1
11 97 79 1
12 4089 4062 1
13 8010 7950 1
14 15810 15734 1
15 4086 4008 1
16 8011 7923 1
17 7981 7948 1
18 94 18 1
19 2105 2070 1
20 4096 4031 1
21 4101 4070 1
22 4081 4022 1
23 72 27 1
24 95 51 1
25 75 59 1
26 56 39 1
27 93 72 1
28 2123 2101 1
29 80 28 1
30 75 36 1
31 86 70 1
32 7997 7946 1
33 7984 7942 1
34 54 8 1
35 2128 2095 1
36 7999 7927 1
37 2129 2072 1
38 4066 4026 1
39 4085 4043 1
40 2134 2079 1
41 4087 4055 1
42 4086 4036 1
43 2137 2069 1
44 2099 2081 1
45 2118 2091 1
46 2148 2084 1
47 90 2 1
48 82 32 1
49 8009 7975 1
50 15798 15737 1
51 31415 31356 1
52 31431 31368 1
53 31436 31379 1
54 15797 15757 1
55 31446 31357 1
56 15772 15736 1
57 15787 15732 1
58 15824 15771 1
59 15789 15739 1
60 15823 15779 1
61 7972 7945 1
62 19 6 1
63 9 5 1
64 12 7 1
65 41 27 1
66 58 43 1
67 56 42 1
68 77 64 1
69 83 73 1
70 2116 2101 1
71 2103 2090 1
72 2152 2141 1
73 2106 2096 1
74 2116 2106 1
75 2141 2132 1
76 4059 4046 1
77 7995 7972 1
78 4034 4023 1
79 8001 7980 1
80 4088 4078 1
81 2069 2064 1
82 2107 2102 1
83 4096 4087 1
84 15772 15738 1
85 15793 15760 1
86 4065 4057 1
87 15787 15758 1
88 15808 15780 1
89 7941 7927 0
90 31404 31351 1
91 31442 31390 1
92 15790 15765 1
93 31401 31352 1
94 31408 31360 1
95 4020 4014 1
96 31437 31395 1
97 15766 15745 1
98 31429 31390 1
99 31448 31409 1
100 31424 31387 1
101 7976 7945 1
102 62697 62610 1
103 31395 31357 1
104 8008 7999 0
105 62687 62617 1
106 31422 31388 0
107 31443 31443 0
108 31434 31435 0
109 3 25 0
110 7959 7951 0
111 62671 62609 0
112 4083 4079 0
113 31413 31383 0
114 62662 62608 0
115 62664 62611 0
116 15744 15731 0
117 62671 62623 0
118 15809 15797 0
119 62649 62605 0
120 31398 31377 0
121 15775 15765 0
122 125198 125122 0
123 62654 62617 0
124 15754 15745 0
125 125177 125106 0
126 62660 62630 0
127 62636 62612 0
128 7929 7926 0
129 7934 7931 0
130 62689 62668 0
131 62672 62652 0
132 31376 31366 0
133 15824 15819 0
134 62662 62643 0
135 62637 62620 0
136 62658 62644 0
137 31370 31363 0
138 31377 31370 0
139 62626 62614 0
140 62677 62668 0
141 62685 62678 0
142 31384 31381 0
143 15775 15774 0
144 62693 62690 0
145 6 6 1
146 2089 2089 0
147 7940 7940 0
148 4086 4087 0
149 7967 7969 0
150 7949 7952 0
151 2109 2110 0
152 4042 4045 0
153 4029 4032 0
154 2150 2152 0
155 4088 4094 0
156 2056 2060 0
157 2066 2074 0
158 71 72 1
159 83 85 0
160 37 38 0
161 82 93 0
162 45 53 0
163 500197 500175 0
164 500148 500129 0
165 250178 250122 0
166 125177 125161 0
167 250183 250123 0
168 125129 125106 0
169 125161 125110 0
170 125194 125173 0
171 500158 500139 0
172 125113 125105 0
173 500199 500161 0
174 125152 125148 0
175 500178 500117 0
176 250159 250126 0
177 250135 250106 0
178 250194 250141 0
179 500200 500109 0
180 250152 250136 0
181 250156 250131 0
182 250166 250144 0
183 125180 125174 0
184 250164 250104 0
185 250161 250152 0
186 250188 250161 0
187 125166 125115 0
188 500174 500116 0
189 500150 500105 0
190 500163 500112 0
191 125164 125128 0
192 125147 125113 0
193 500157 500131 0
194 250172 250165 0
195 125161 125141 0
196 500160 500134 0
197 125172 125157 0
198 250166 250102 0
199 500133 500150 0
200 500103 500106 0
201 500171 500175 0
202 500176 500194 0
203 500150 500151 0
204 500170 500171 0
205 500109 500130 0
206 31351 31352 0
207 500154 500189 0
208 500102 500130 0
209 250128 250123 0
210 500102 500139 0
211 500158 500187 0
212 500143 500142 0
213 250106 250125 0
214 500172 500190 0
215 62605 62609 0
216 250185 250188 0
217 62608 62609 0
218 250145 250149 0
219 125131 125142 0
220 125141 125148 0
221 500140 500151 0
222 500142 500161 0
223 15811 15812 0
224 500127 500139 0
225 250179 250198 0
226 125103 125110 0
227 500119 500110 0
228 125140 125151 0
229 250188 250184 0
230 125185 125187 0
231 250194 250193 0
232 250170 250165 0
233 500141 500139 0
234 500102 500131 0
235 500107 500125 0
236 125188 125123 0
237 125113 125104 0
238 250186 250177 0
239 500180 500136 0
240 31386 31397 0
241 31418 31430 0
242 31406 31422 0
243 31370 31380 0
244 62649 62685 0
245 62665 62691 0
246 62606 62627 0
247 500117 500165 0
248 62673 62699 0
249 7950 7955 0
250 15777 15787 0
251 62674 62681 0
252 62665 62683 0
253 62667 62688 0
254 62679 62689 0
255 62623 62635 0
256 62603 62642 0
257 62664 62681 0
258 15821 15825 0
259 62675 62695 0
260 62660 62698 0
261 62659 62678 0
262 125109 125161 0
263 125112 125172 0
264 125148 125173 0
265 125105 125142 0
266 125103 125172 0
267 125108 125159 0
268 125111 125143 0
269 125114 125178 0
270 125111 125175 0
271 125180 125199 0
272 125116 125165 0
273 125141 125197 0
274 125126 125157 0
275 250101 250197 0
276 250145 250200 0
277 250115 250156 0
278 250120 250188 0
279 250115 250144 0
280 250106 250145 0
281 250124 250185 0
282 250118 250173 0
283 250109 250139 0
284 250121 250165 0
285 250102 250172 0
286 250122 250160 0
287 250119 250196 0
288 250118 250147 0
289 500128 500183 0
290 500125 500188 0
291 500120 500183 0
292 500126 500189 0
293 500113 500171 0
294 15778 15783 0
295 15731 15739 0
296 15778 15788 0
297 125178 125160 0
298 125198 125170 0
299 500165 500150 0
300 250172 250115 0
301 500200 500139 0
302 125151 125121 0
303 250164 250149 0
304 250135 250120 0
305 250179 250154 0
306 125169 125125 0
307 125196 125141 0
308 7921 7989 0
309 4032 4100 0
310 4052 4086 0
311 7928 7990 0
312 4075 4090 0
313 4024 4041 0
314 4020 4037 0
315 4047 4057 0
316 7957 7992 0
317 4011 4081 0
318 7913 8002 0
319 2091 2132 0
320 7938 7981 0
321 7934 7978 0
322 7947 8010 0
323 2112 2128 0
324 2084 2129 0
325 2069 2135 0
326 7960 7968 0
327 7930 7939 0
328 7958 7979 0
329 2110 2149 0
330 7981 8007 0
331 7953 7984 0
332 2085 2152 0
333 2056 2104 0
334 7957 7999 0
335 7934 7976 0
336 2079 2099 0
337 7999 8009 0
338 7989 8006 0
339 7922 7993 0
340 2081 2141 0
341 2068 2119 0
342 4065 4073 0
343 4072 4096 0
344 7914 7978 0
345 7919 7962 0
346 15781 15802 0
347 15785 15802 0
348 15736 15814 0
349 15748 15806 0
350 15740 15809 0
351 15764 15820 0
352 15736 15769 0
353 2054 2147 0
354 2081 2101 0
355 15743 15804 0
356 4059 4091 0
357 15726 15762 0
358 2077 2121 0
359 4070 4092 0
360 4021 4041 0
361 4059 4083 0
362 15796 15820 0
363 15776 15803 0
364 15774 15784 0
365 31363 31435 0
366 31361 31435 0
367 31373 31422 0
368 31380 31429 0
369 31369 31440 0
370 31358 31423 0
371 31374 31421 0
372 10 94 0
373 31351 31419 0
374 12 35 0
375 54 86 0
376 31403 31443 0
377 31376 31436 0
378 31409 31450 0
379 43 73 0
380 31370 31406 0
381 49 91 0
382 31365 31438 0
383 62630 62690 0
384 9 58 0
385 4012 4098 0
386 62602 62687 0
387 59 95 0
388 62636 62677 0
389 4057 4081 0
390 7 20 0
391 36 89 0
392 62601 62678 0
393 62643 62698 0
394 25 60 0
395 57 69 0
396 46 70 0
397 125111 125197 0
398 4031 4044 0
399 4076 4095 0
--------------
1000000 :c
1004011 :sum(p)
999999 :sum(w)
