400 :n
id p,w,x
--------------
0 8006 7939 1
1 79 48 1
2 7944 7920 1
3 89 41 1
4 2130 2098 1
5 7963 7917 1
6 2095 2069 1
7 31430 31359 1
8 2148 2123 1
9 31444 31352 1
10 2153 2140 1
11 2090 2068 1
12 2121 2091 1
13 71 24 1
14 2095 2076 1
15 2117 2062 1
16 2144 2131 1
17 2139 2090 1
18 2099 2058 1
19 4103 4043 1
20 4069 4024 1
21 2144 2122 1
22 4092 4026 1
23 2123 2108 1
24 92 82 1
25 4064 4027 1
26 15822 15778 1
27 4078 4013 1
28 15805 15754 1
29 4037 4027 1
30 93 55 1
31 4053 4039 1
32 7976 7952 1
33 15786 15735 1
34 4103 4084 1
35 4033 4008 1
36 15817 15754 1
37 98 78 1
38 15806 15756 1
39 15818 15775 1
40 39 13 1
41 15815 15731 1
42 4069 4021 1
43 4086 4076 1
44 94 10 1
45 76 30 1
46 4073 4057 1
47 74 9 1
48 76 24 1
49 96 13 1
50 54 38 1
51 7978 7931 1
52 7945 7920 1
53 91 35 1
54 8004 7935 1
55 8008 7934 1
56 7986 7934 1
57 100 63 1
58 7973 7947 1
59 8003 7985 1
60 8011 7972 1
61 8010 7970 1
62 33 2 1
63 7999 7976 1
64 7994 7964 1
65 89 19 1
66 8001 7972 1
67 7995 7921 1
68 15787 15754 1
69 15791 15767 1
70 62700 62622 1
71 62700 62615 1
72 7957 7941 1
73 7940 7925 1
74 15783 15748 1
75 7929 7916 1
76 31429 31372 1
77 31447 31398 1
78 31428 31358 1
79 31421 31364 1
80 31414 31369 1
81 97 94 1
82 2120 2114 1
83 2145 2139 1
84 2148 2143 1
85 2124 2120 1
86 4036 4029 1
87 4087 4080 1
88 7943 7932 1
89 4053 4048 1
90 4070 4065 0
91 15744 15727 1
92 4012 4008 0
93 4056 4052 1
94 31398 31368 1
95 62694 62642 0
96 2153 2065 1
97 62693 62614 1
98 31388 31356 1
99 8002 7994 1
100 31388 31362 1
101 31422 31396 1
102 15813 15824 0
103 4096 4103 0
104 42 70 0
105 15748 15735 0
106 15774 15762 1
107 7940 7934 0
108 62654 62608 0
109 62654 62609 0
110 62659 62615 0
111 62671 62627 0
112 15763 15752 0
113 15752 15742 0
114 15762 15753 0
115 2139 2139 0
116 57 57 1
117 4065 4066 0
118 50 51 1
119 88 91 0
120 20 24 0
121 62641 62602 0
122 125198 125136 0
123 125187 125110 0
124 62667 62631 0
125 125192 125128 0
126 125189 125123 0
127 62658 62624 0
128 125178 125101 0
129 15754 15746 0
130 62679 62650 0
131 125191 125133 0
132 125176 125137 0
133 125136 125102 0
134 15751 15746 0
135 125184 125145 0
136 62653 62639 0
137 125139 125108 0
138 125195 125137 0
139 500181 500106 0
140 125198 125174 0
141 250180 250139 0
142 62639 62613 0
143 250176 250128 0
144 62649 62630 0
145 250193 250141 0
146 62672 62656 0
147 31388 31373 0
148 250185 250146 0
149 250199 250117 0
150 500189 500112 0
151 250181 250123 0
152 250165 250102 0
153 250187 250126 0
154 250194 250141 0
155 31440 31435 0
156 500197 500102 0
157 31379 31367 0
158 62674 62643 0
159 125191 125106 0
160 62673 62631 0
161 31434 31413 0
162 31374 31413 0
163 31417 31438 0
164 62666 62666 0
165 62625 62681 0
166 62619 62613 0
167 31417 31431 0
168 62640 62672 0
169 62606 62656 0
170 31360 31426 0
171 31361 31396 0
172 31427 31437 0
173 62669 62691 0
174 62656 62665 0
175 62681 62680 0
176 62628 62684 0
177 31375 31396 0
178 31360 31419 0
179 31437 31434 0
180 31394 31440 0
181 31359 31403 0
182 62676 62667 0
183 31378 31447 0
184 31399 31428 0
185 31354 31421 0
186 31432 31441 0
187 62607 62610 0
188 31421 31431 0
189 62608 62695 0
190 31394 31402 0
191 62644 62687 0
192 31410 31441 0
193 62630 62681 0
194 31396 31402 0
195 31409 31432 0
196 31359 31428 0
197 62618 62664 0
198 31406 31416 0
199 62667 62661 0
200 125107 125174 0
201 15796 15807 0
202 15807 15816 0
203 125106 125139 0
204 15773 15815 0
205 62649 62693 0
206 15757 15807 0
207 15772 15776 0
208 125144 125135 0
209 125149 125186 0
210 125126 125185 0
211 15791 15797 0
212 15771 15770 0
213 125143 125143 0
214 125145 125190 0
215 15728 15776 0
216 15753 15808 0
217 15748 15793 0
218 15739 15742 0
219 15791 15810 0
220 125125 125131 0
221 15794 15809 0
222 125143 125194 0
223 125168 125172 0
224 15751 15781 0
225 125129 125162 0
226 125125 125174 0
227 125127 125154 0
228 125120 125184 0
229 15766 15784 0
230 15773 15800 0
231 15766 15807 0
232 125174 125170 0
233 125118 125142 0
234 125143 125142 0
235 15744 15750 0
236 15799 15810 0
237 125103 125188 0
238 125142 125147 0
239 7920 7932 0
240 125139 125151 0
241 125123 125166 0
242 125127 125196 0
243 7973 7982 0
244 7925 7941 0
245 125191 125177 0
246 125155 125155 0
247 125121 125143 0
248 250164 250160 0
249 62619 62663 0
250 7923 7945 0
251 250188 250153 0
252 7939 7966 0
253 7965 7992 0
254 250148 250174 0
255 250105 250156 0
256 7956 7979 0
257 250116 250122 0
258 250177 250166 0
259 250167 250175 0
260 250110 250168 0
261 7956 7972 0
262 250137 250115 0
263 250114 250178 0
264 250168 250134 0
265 250133 250126 0
266 250164 250174 0
267 250179 250180 0
268 7918 7937 0
269 250134 250198 0
270 250166 250129 0
271 250163 250132 0
272 250130 250169 0
273 250152 250144 0
274 250139 250121 0
275 250113 250115 0
276 250147 250134 0
277 7986 8006 0
278 7943 7970 0
279 250179 250175 0
280 250107 250200 0
281 250191 250184 0
282 250131 250137 0
283 250191 250182 0
284 250198 250200 0
285 4050 4061 0
286 250132 250190 0
287 250193 250163 0
288 250194 250176 0
289 4009 4020 0
290 500147 500111 0
291 500191 500158 0
292 500131 500158 0
293 500165 500127 0
294 500117 500143 0
295 500130 500102 0
296 4083 4088 0
297 4056 4062 0
298 500170 500119 0
299 500115 500103 0
300 500150 500200 0
301 500172 500174 0
302 4031 4037 0
303 31360 31411 0
304 500115 500168 0
305 500118 500175 0
306 500132 500155 0
307 4017 4022 0
308 500148 500148 0
309 500144 500140 0
310 500106 500122 0
311 62601 62683 0
312 500146 500128 0
313 500152 500180 0
314 500195 500147 0
315 500168 500121 0
316 4019 4030 0
317 500128 500113 0
318 500168 500159 0
319 500197 500153 0
320 500199 500190 0
321 2069 2074 0
322 500164 500179 0
323 500116 500175 0
324 31373 31395 0
325 500106 500184 0
326 500102 500132 0
327 500194 500197 0
328 500182 500185 0
329 500143 500162 0
330 500120 500197 0
331 500112 500172 0
332 2102 2111 0
333 500115 500101 0
334 500128 500117 0
335 500171 500132 0
336 500147 500171 0
337 31356 31379 0
338 62625 62627 0
339 62664 62668 0
340 125199 125116 0
341 62664 62629 0
342 125188 125116 0
343 2073 2118 0
344 2066 2089 0
345 2080 2152 0
346 2087 2153 0
347 2109 2123 0
348 2066 2103 0
349 2096 2108 0
350 2064 2077 0
351 2091 2120 0
352 2072 2090 0
353 2112 2139 0
354 2102 2124 0
355 2058 2133 0
356 2063 2132 0
357 4079 4102 0
358 4041 4073 0
359 42 71 0
360 38 59 0
361 2091 2149 0
362 4036 4088 0
363 4015 4102 0
364 4010 4081 0
365 4040 4075 0
366 36 42 0
367 4022 4091 0
368 4075 4095 0
369 4016 4080 0
370 20 64 0
371 4009 4062 0
372 4061 4100 0
373 22 65 0
374 30 100 0
375 4018 4053 0
376 4039 4084 0
377 19 44 0
378 7919 7989 0
379 52 66 0
380 81 93 0
381 7954 8010 0
382 7941 8008 0
383 15 77 0
384 6 85 0
385 63 94 0
386 2088 2152 0
387 20 67 0
388 14 55 0
389 7926 7978 0
390 7925 8001 0
391 7923 7968 0
392 15747 15822 0
393 15 72 0
394 7 16 0
395 80 90 0
396 15755 15824 0
397 2100 2144 0
398 2078 2151 0
399 2084 2148 0
--------------
1000000 :c
1003745 :sum(p)
1000000 :sum(w)
