400 :n
id p,w,x
--------------
0 2151 2095 1
1 4087 4024 1
2 4072 4007 1
3 4086 4021 1
4 89 11 1
5 95 23 1
6 60 6 1
7 2142 2087 1
8 8012 7913 1
9 75 19 1
10 92 35 1
11 2118 2067 1
12 85 14 1
13 88 32 1
14 4072 4017 1
15 69 3 1
16 70 4 1
17 47 15 1
18 69 25 1
19 8 3 1
20 40 16 1
21 69 34 1
22 69 36 1
23 97 53 1
24 80 51 1
25 49 35 1
26 82 63 1
27 61 51 1
28 100 86 1
29 2124 2078 1
30 2150 2109 1
31 2138 2101 1
32 2100 2065 1
33 2116 2084 1
34 2134 2105 1
35 4074 4022 1
36 2152 2125 1
37 4073 4024 1
38 2125 2100 1
39 2126 2101 1
40 4087 4039 1
41 2126 2102 1
42 4081 4039 1
43 4049 4008 1
44 7996 7919 1
45 8010 7934 1
46 7989 7922 1
47 8010 7945 1
48 8004 7941 1
49 8001 7942 1
50 4105 4079 1
51 7986 7936 1
52 2073 2061 1
53 15825 15736 1
54 15821 15741 1
55 8001 7961 1
56 15766 15727 1
57 2124 2079 1
58 7986 7948 1
59 7999 7962 1
60 15810 15740 1
61 15775 15731 1
62 7948 7915 1
63 7978 7945 1
64 15797 15736 1
65 31440 31351 1
66 7957 7928 1
67 15783 15727 1
68 31446 31355 1
69 15790 15744 1
70 15790 15742 1
71 15765 15730 1
72 31431 31355 1
73 62690 62603 1
74 62700 62618 1
75 31450 31389 1
76 4036 4019 1
77 2096 2088 1
78 4037 4023 1
79 7977 7950 1
80 4045 4032 1
81 4049 4036 1
82 4042 4030 1
83 2068 2062 1
84 8008 7987 1
85 4056 4046 1
86 7965 7946 1
87 7934 7920 1
88 4030 4023 1
89 4061 4054 1
90 15776 15750 1
91 31436 31387 1
92 4041 4035 1
93 15822 15801 1
94 15747 15727 1
95 31442 31404 1
96 15757 15739 1
97 31417 31383 1
98 7975 7937 1
99 62682 62602 1
100 31417 31353 1
101 31410 31378 1
102 62666 62604 0
103 31399 31369 0
104 62699 62665 0
105 31440 31449 0
106 31425 31429 0
107 31423 31397 0
108 62684 62634 0
109 15815 15803 1
110 62680 62634 0
111 62693 62649 0
112 15784 15773 1
113 62652 62609 0
114 31423 31402 0
115 31395 31377 0
116 15747 15738 0
117 15791 15783 0
118 31387 31372 0
119 31396 31381 0
120 31396 31382 0
121 31408 31395 0
122 15749 15745 0
123 7958 7956 1
124 15793 15792 0
125 7926 7926 0
126 15811 15812 0
127 2148 2151 1
128 125193 125132 0
129 62645 62620 0
130 62637 62615 0
131 62622 62602 0
132 31408 31398 0
133 125197 125134 0
134 125193 125130 0
135 62617 62607 0
136 62617 62607 0
137 62692 62682 0
138 31365 31360 0
139 62629 62620 0
140 62622 62615 0
141 62652 62645 0
142 31369 31367 0
143 62684 62648 0
144 31388 31387 0
145 62638 62601 0
146 125189 125114 0
147 31402 31404 0
148 31376 31378 0
149 30 58 0
150 125199 125122 0
151 31370 31374 0
152 31420 31428 0
153 7974 7977 0
154 15733 15742 0
155 31430 31448 0
156 7960 7967 0
157 15787 15804 0
158 4073 4078 0
159 4027 4032 0
160 15734 15754 0
161 7930 7941 0
162 15803 15825 0
163 15737 15761 0
164 15756 15785 0
165 15750 15779 0
166 15726 15756 0
167 15746 15779 0
168 2061 2066 1
169 7949 7969 0
170 4008 4019 0
171 7983 8005 0
172 7959 7981 0
173 7923 7945 0
174 7922 7945 0
175 4038 4050 0
176 7979 8004 0
177 7978 8003 0
178 4007 4020 0
179 7939 7967 0
180 7961 7993 0
181 2064 2074 0
182 4063 4084 0
183 4010 4031 0
184 4074 4097 0
185 2082 2094 0
186 2135 2148 1
187 2090 2103 0
188 4065 4091 0
189 2056 2070 0
190 2074 2090 0
191 2104 2121 0
192 4057 4094 0
193 4015 4056 0
194 4007 4049 0
195 2098 2122 0
196 2094 2126 0
197 2116 2151 0
198 2110 2153 0
199 2089 2133 0
200 2084 2128 0
201 2082 2126 0
202 43 52 0
203 28 34 0
204 64 85 0
205 56 83 0
206 60 93 0
207 57 93 0
208 29 58 0
209 39 80 0
210 7 15 0
211 26 66 0
212 20 53 0
213 17 51 0
214 17 60 0
215 500122 500164 0
216 500146 500114 0
217 125133 125121 0
218 250160 250175 0
219 500158 500164 0
220 250173 250157 0
221 500183 500190 0
222 500152 500131 0
223 250147 250146 0
224 500152 500163 0
225 500126 500128 0
226 250109 250104 0
227 250174 250176 0
228 500181 500172 0
229 500121 500115 0
230 250141 250128 0
231 250129 250146 0
232 500135 500118 0
233 500188 500190 0
234 250193 250183 0
235 250123 250104 0
236 250175 250197 0
237 250171 250148 0
238 250175 250158 0
239 250120 250126 0
240 250160 250179 0
241 250153 250166 0
242 250165 250173 0
243 500188 500179 0
244 500180 500169 0
245 500124 500131 0
246 500157 500185 0
247 500165 500145 0
248 125150 125108 0
249 125182 125138 0
250 125195 125150 0
251 125189 125160 0
252 125170 125153 0
253 125162 125138 0
254 125186 125149 0
255 125195 125178 0
256 125195 125156 0
257 250170 250124 0
258 500154 500102 0
259 125159 125132 0
260 250169 250125 0
261 250173 250138 0
262 250167 250134 0
263 250148 250101 0
264 250178 250116 0
265 125134 125112 0
266 250200 250157 0
267 250157 250133 0
268 500162 500112 0
269 125178 125155 0
270 500177 500108 0
271 500187 500117 0
272 125174 125150 0
273 250200 250105 0
274 250184 250103 0
275 250189 250104 0
276 250198 250102 0
277 250194 250113 0
278 125180 125135 0
279 125166 125118 0
280 500112 500161 0
281 62620 62626 0
282 31371 31397 0
283 31408 31437 0
284 31373 31398 0
285 31352 31426 0
286 31366 31388 0
287 31360 31431 0
288 31408 31429 0
289 31369 31447 0
290 31375 31430 0
291 500106 500163 0
292 31386 31418 0
293 31367 31395 0
294 31361 31429 0
295 62605 62700 0
296 62638 62671 0
297 62653 62675 0
298 15747 15789 0
299 62664 62679 0
300 62616 62675 0
301 62624 62652 0
302 62648 62690 0
303 62633 62664 0
304 62626 62697 0
305 62619 62685 0
306 62610 62666 0
307 62677 62691 0
308 62609 62658 0
309 125103 125135 0
310 125135 125173 0
311 125150 125173 0
312 15750 15814 0
313 125159 125193 0
314 125133 125184 0
315 125112 125170 0
316 125148 125190 0
317 125101 125127 0
318 125164 125186 0
319 15756 15820 0
320 250128 250194 0
321 15743 15780 0
322 15749 15822 0
323 250136 250177 0
324 250112 250176 0
325 250107 250166 0
326 250101 250158 0
327 250165 250194 0
328 250113 250168 0
329 250104 250142 0
330 250107 250167 0
331 250120 250159 0
332 500127 500197 0
333 500102 500178 0
334 500121 500198 0
335 500111 500182 0
336 15754 15816 0
337 15752 15810 0
338 15746 15794 0
339 62606 62601 0
340 62683 62681 0
341 500152 500165 0
342 250193 250169 0
343 62623 62619 0
344 500115 500103 0
345 500148 500101 0
346 62619 62624 0
347 500135 500170 0
348 62660 62667 0
349 500147 500174 0
350 500125 500141 0
351 500149 500158 0
352 500106 500120 0
353 500101 500125 0
354 500185 500192 0
355 62667 62671 0
356 125154 125164 0
357 125167 125180 0
358 125130 125142 0
359 125125 125119 0
360 500139 500125 0
361 125128 125139 0
362 125127 125125 0
363 125118 125129 0
364 125115 125126 0
365 125100 125111 0
366 500136 500150 0
367 500132 500135 0
368 500168 500158 0
369 125139 125128 0
370 35 91 0
371 4021 4069 0
372 4019 4073 0
373 18 68 0
374 4039 4093 0
375 4040 4106 0
376 4023 4082 0
377 4034 4090 0
378 4039 4090 0
379 2057 2130 0
380 2084 2134 0
381 4014 4065 0
382 6 94 0
383 4034 4102 0
384 2092 2142 0
385 7958 8011 0
386 7932 7999 0
387 7941 8002 0
388 7923 7992 0
389 2061 2138 0
390 2069 2119 0
391 7931 8011 0
392 35 88 0
393 7924 8009 0
394 7930 7983 0
395 7 90 0
396 15727 15824 0
397 15733 15821 0
398 2065 2144 0
399 2090 2151 0
--------------
1000000 :c
1004362 :sum(p)
999999 :sum(w)
