400 :n
id p,w,x
--------------
0 4082 4047 1
1 2106 2068 1
2 15821 15760 1
3 93 46 1
4 31446 31351 1
5 4078 4053 1
6 4088 4020 1
7 4082 4013 1
8 2140 2065 1
9 15794 15736 1
10 31432 31357 1
11 4053 4013 1
12 15815 15768 1
13 15821 15726 1
14 8010 7919 1
15 15802 15739 1
16 7938 7920 1
17 15812 15744 1
18 31431 31352 1
19 92 83 1
20 15801 15728 1
21 86 30 1
22 81 17 1
23 92 14 1
24 2118 2094 1
25 31423 31358 1
26 4096 4016 1
27 2089 2065 1
28 7991 7927 1
29 7982 7945 1
30 4047 4009 1
31 31425 31354 1
32 4068 4013 1
33 15780 15733 1
34 69 53 1
35 90 27 1
36 49 19 1
37 4099 4011 1
38 15757 15727 1
39 96 25 1
40 4072 4058 1
41 4101 4061 1
42 15809 15776 1
43 7981 7931 1
44 7995 7974 1
45 7986 7953 1
46 4093 4018 1
47 8011 7930 1
48 4068 4022 1
49 8008 7987 1
50 84 73 1
51 85 31 1
52 4074 4013 1
53 87 74 1
54 4089 4011 1
55 4077 4033 1
56 2095 2076 1
57 7994 7922 1
58 2140 2119 1
59 2137 2120 1
60 31450 31395 1
61 62691 62607 1
62 62693 62610 1
63 9 1 1
64 9 3 1
65 6 2 1
66 60 52 1
67 88 83 1
68 2139 2131 1
69 2143 2136 1
70 4035 4025 1
71 2069 2064 1
72 7957 7942 1
73 7938 7924 1
74 15785 15759 1
75 7976 7963 1
76 8006 7993 1
77 7975 7963 1
78 7927 7916 1
79 7967 7956 1
80 4082 4077 1
81 62692 62616 1
82 15788 15769 1
83 15809 15790 1
84 62696 62624 1
85 15780 15762 0
86 62669 62604 1
87 35 15 1
88 2065 2058 1
89 31391 31359 1
90 15819 15803 0
91 62676 62614 0
92 31446 31420 0
93 8010 8003 0
94 15740 15793 0
95 62694 62633 0
96 2105 2103 0
97 62662 62604 0
98 31425 31396 1
99 15782 15768 0
100 31395 31369 0
101 31423 31398 0
102 4021 4018 0
103 31412 31390 0
104 31390 31370 0
105 4096 4094 0
106 2063 2062 0
107 2088 2087 0
108 2098 2097 0
109 7961 7958 0
110 8004 8001 0
111 7926 7924 0
112 36 36 1
113 2086 2087 0
114 4055 4058 0
115 4009 4012 0
116 2125 2127 0
117 2067 2071 0
118 76 82 0
119 81 88 0
120 1 3 1
121 125192 125121 0
122 62661 62632 0
123 62654 62634 0
124 125195 125167 0
125 62688 62667 0
126 62674 62667 0
127 125177 125130 0
128 125119 125102 0
129 62663 62635 0
130 125162 125147 0
131 62669 62654 0
132 125175 125174 0
133 125183 125152 0
134 125146 125109 0
135 125158 125130 0
136 250165 250148 0
137 250150 250155 0
138 125158 125140 0
139 62700 62688 0
140 62605 62602 0
141 250171 250163 0
142 125159 125146 0
143 125188 125166 0
144 62688 62672 0
145 250181 250112 0
146 62689 62672 0
147 250151 250126 0
148 125184 125152 0
149 250198 250121 0
150 250154 250148 0
151 250118 250117 0
152 250135 250123 0
153 250178 250109 0
154 250192 250114 0
155 250162 250158 0
156 62656 62648 0
157 250161 250146 0
158 62697 62688 0
159 250176 250134 0
160 125124 125115 0
161 250149 250102 0
162 250190 250194 0
163 250194 250106 0
164 250167 250137 0
165 31396 31390 0
166 15738 15735 0
167 250142 250120 0
168 500172 500124 0
169 500170 500174 0
170 500146 500121 0
171 500153 500150 0
172 500150 500121 0
173 500185 500161 0
174 500131 500128 0
175 500192 500152 0
176 500193 500200 0
177 500150 500149 0
178 500135 500124 0
179 500147 500103 0
180 31424 31409 0
181 500148 500140 0
182 500126 500123 0
183 500120 500104 0
184 500103 500108 0
185 500169 500104 0
186 500166 500117 0
187 500157 500111 0
188 500195 500103 0
189 500176 500157 0
190 31406 31400 0
191 500172 500138 0
192 500127 500121 0
193 500157 500106 0
194 31388 31371 0
195 500182 500149 0
196 500112 500125 0
197 125117 125119 0
198 125173 125169 0
199 125190 125189 0
200 62656 62612 0
201 62657 62609 0
202 62672 62622 0
203 62650 62601 0
204 125185 125128 0
205 125155 125146 0
206 62658 62643 0
207 125174 125176 0
208 15737 15738 0
209 31423 31427 0
210 15780 15825 0
211 15744 15823 0
212 15746 15792 0
213 15777 15824 0
214 15746 15786 0
215 31432 31447 0
216 31394 31429 0
217 15726 15772 0
218 15727 15781 0
219 31392 31401 0
220 31415 31436 0
221 15726 15789 0
222 31392 31419 0
223 31410 31420 0
224 31388 31396 0
225 15761 15808 0
226 31370 31371 0
227 31395 31428 0
228 31419 31428 0
229 31353 31443 0
230 15737 15798 0
231 15738 15822 0
232 31352 31433 0
233 15749 15806 0
234 15787 15809 0
235 15745 15822 0
236 31405 31411 0
237 15751 15778 0
238 15779 15782 0
239 7980 7986 0
240 31373 31410 0
241 31410 31417 0
242 7965 7995 0
243 7934 7996 0
244 31369 31373 0
245 7932 8011 0
246 31352 31380 0
247 7972 7994 0
248 7921 7927 0
249 7938 7975 0
250 62629 62685 0
251 7983 7988 0
252 7940 7983 0
253 7931 7988 0
254 62644 62649 0
255 7914 7926 0
256 62621 62676 0
257 62601 62685 0
258 7939 8004 0
259 62641 62680 0
260 62639 62687 0
261 62637 62666 0
262 62683 62687 0
263 62633 62670 0
264 7932 8006 0
265 62645 62675 0
266 62632 62638 0
267 7938 7987 0
268 7968 7982 0
269 7933 7967 0
270 62632 62647 0
271 62624 62638 0
272 7934 7955 0
273 7960 7992 0
274 62616 62644 0
275 62604 62682 0
276 125142 125194 0
277 125109 125187 0
278 7913 7930 0
279 125123 125156 0
280 125108 125118 0
281 4042 4057 0
282 4077 4091 0
283 4013 4082 0
284 4059 4102 0
285 15797 15799 0
286 125119 125150 0
287 125165 125177 0
288 125136 125199 0
289 4010 4052 0
290 125113 125168 0
291 4038 4089 0
292 4024 4098 0
293 125107 125152 0
294 4049 4056 0
295 125171 125190 0
296 125106 125136 0
297 4042 4084 0
298 4024 4035 0
299 4048 4074 0
300 125129 125187 0
301 125155 125186 0
302 125116 125176 0
303 4013 4027 0
304 4019 4056 0
305 4080 4089 0
306 125145 125194 0
307 4058 4065 0
308 4053 4095 0
309 15738 15753 0
310 125154 125168 0
311 125101 125184 0
312 125183 125196 0
313 4072 4104 0
314 125107 125149 0
315 125115 125154 0
316 4022 4047 0
317 250147 250160 0
318 250131 250160 0
319 2102 2140 0
320 2068 2111 0
321 15735 15799 0
322 250164 250198 0
323 2083 2138 0
324 250132 250183 0
325 2055 2147 0
326 2100 2109 0
327 250109 250148 0
328 2089 2128 0
329 250121 250186 0
330 250134 250193 0
331 2063 2145 0
332 250139 250158 0
333 2057 2092 0
334 31406 31414 0
335 2125 2137 0
336 2128 2150 0
337 250103 250186 0
338 2137 2148 0
339 250120 250167 0
340 2062 2082 0
341 2088 2117 0
342 250106 250199 0
343 2116 2152 0
344 2057 2127 0
345 2117 2147 0
346 250135 250154 0
347 250177 250191 0
348 2073 2092 0
349 31388 31434 0
350 2074 2150 0
351 2095 2105 0
352 250143 250191 0
353 2082 2089 0
354 2090 2120 0
355 250149 250178 0
356 2066 2113 0
357 250109 250129 0
358 250170 250191 0
359 31 86 0
360 250116 250137 0
361 250121 250176 0
362 250112 250144 0
363 4 29 0
364 250122 250178 0
365 500144 500194 0
366 500138 500178 0
367 27 46 0
368 50 62 0
369 12 64 0
370 500121 500161 0
371 500104 500163 0
372 3 95 0
373 6 66 0
374 31386 31394 0
375 72 88 0
376 500120 500139 0
377 500105 500182 0
378 64 94 0
379 28 41 0
380 4 62 0
381 500111 500157 0
382 19 84 0
383 500107 500180 0
384 500109 500149 0
385 15789 15795 0
386 500168 500190 0
387 500167 500188 0
388 15733 15741 0
389 500128 500164 0
390 32 46 0
391 4 80 0
392 23 94 0
393 500168 500191 0
394 24 91 0
395 11 93 0
396 500115 500166 0
397 54 63 0
398 31409 31421 0
399 31397 31399 0
--------------
1000000 :c
1003773 :sum(p)
999999 :sum(w)
