400 :n
id p,w,x
--------------
0 51 14 1
1 43 16 1
2 78 23 1
3 81 28 1
4 53 33 1
5 85 31 1
6 86 51 1
7 92 61 1
8 81 38 1
9 42 3 1
10 88 32 1
11 83 46 1
12 8008 7951 1
13 7956 7918 1
14 7962 7913 1
15 4081 4053 1
16 15819 15761 1
17 15799 15749 1
18 31434 31356 1
19 8000 7924 1
20 4106 4039 1
21 4082 4028 1
22 2143 2060 1
23 2117 2090 1
24 2107 2076 1
25 4075 4008 1
26 4061 4017 1
27 2091 2066 1
28 4099 4017 1
29 7990 7914 1
30 4069 4035 1
31 4058 4015 1
32 2152 2088 1
33 4087 4007 1
34 2143 2107 1
35 7993 7919 1
36 2144 2070 1
37 2122 2082 1
38 2125 2081 1
39 2143 2085 1
40 2148 2093 1
41 2147 2057 1
42 4094 4058 1
43 2150 2061 1
44 2149 2116 1
45 2134 2092 1
46 15789 15739 1
47 15821 15756 1
48 31443 31351 1
49 15819 15757 1
50 15778 15727 1
51 31448 31354 1
52 15788 15741 1
53 15799 15751 1
54 7963 7915 1
55 8011 7966 1
56 23 10 1
57 31 17 1
58 66 53 1
59 92 74 1
60 31 25 1
61 93 79 1
62 89 76 1
63 86 76 1
64 86 77 1
65 71 67 1
66 2134 2112 1
67 2141 2120 1
68 2084 2065 1
69 2095 2079 1
70 2134 2118 1
71 2130 2116 1
72 4089 4070 1
73 4092 4074 1
74 8006 7974 1
75 7958 7927 1
76 2127 2119 0
77 7996 7966 1
78 4022 4007 1
79 7977 7949 1
80 8003 7975 1
81 8000 7973 1
82 2145 2138 1
83 7957 7936 1
84 15814 15774 1
85 15800 15761 1
86 15806 15767 1
87 4064 4054 1
88 7946 7927 1
89 7978 7960 1
90 7944 7928 1
91 7955 7940 1
92 31435 31378 1
93 15790 15763 1
94 62694 62602 1
95 100 41 1
96 15794 15768 1
97 31404 31355 1
98 31443 31395 1
99 62691 62611 1
100 31442 31402 1
101 62686 62603 1
102 89 88 0
103 2151 2148 0
104 31412 31359 1
105 62683 62601 1
106 15765 15744 1
107 15797 15777 1
108 15824 15807 0
109 31415 31384 0
110 15811 15813 0
111 4087 4084 0
112 7944 7939 1
113 31397 31370 0
114 62676 62623 0
115 62677 62627 0
116 62684 62637 0
117 2129 2136 0
118 4018 4021 0
119 62661 62619 0
120 125189 125106 0
121 40 87 0
122 31434 31406 0
123 31427 31408 0
124 62687 62650 0
125 125178 125112 0
126 15775 15767 0
127 62664 62634 0
128 125193 125137 0
129 62635 62607 0
130 31368 31354 0
131 125184 125131 0
132 125183 125131 0
133 125174 125124 0
134 62692 62668 0
135 125183 125136 0
136 250192 250102 0
137 125156 125112 0
138 62641 62621 0
139 62645 62625 0
140 31383 31373 0
141 15758 15753 0
142 125146 125109 0
143 250184 250112 0
144 125157 125121 0
145 31442 31433 0
146 250191 250123 0
147 250174 250110 0
148 125196 125164 0
149 62680 62664 0
150 31448 31440 0
151 250181 250118 0
152 125185 125155 0
153 125158 125132 0
154 250194 250145 0
155 125154 125131 0
156 250197 250153 0
157 62659 62648 0
158 7990 7989 0
159 84 84 0
160 15742 15742 0
161 4054 4054 0
162 7971 7972 0
163 7970 7975 0
164 7954 7959 0
165 2081 2083 0
166 4023 4027 0
167 4082 4087 0
168 2076 2079 0
169 4074 4081 0
170 4022 4029 0
171 4024 4032 0
172 4076 4085 0
173 2118 2123 0
174 4035 4045 0
175 4070 4081 0
176 2123 2131 0
177 2085 2095 0
178 2126 2137 0
179 2110 2121 0
180 2070 2082 0
181 55 58 1
182 87 92 0
183 11 24 0
184 4 14 0
185 31367 31370 0
186 62602 62625 0
187 31389 31437 0
188 62625 62685 0
189 31389 31401 0
190 62608 62617 0
191 31357 31397 0
192 31414 31414 0
193 125129 125138 0
194 31392 31420 0
195 125105 125156 0
196 125151 125158 0
197 31364 31413 0
198 125189 125183 0
199 125140 125133 0
200 125110 125193 0
201 125155 125160 0
202 125124 125153 0
203 15778 15790 0
204 125118 125132 0
205 125136 125149 0
206 125143 125124 0
207 125168 125174 0
208 15749 15759 0
209 15731 15754 0
210 125116 125187 0
211 125158 125196 0
212 15764 15772 0
213 125120 125173 0
214 125159 125140 0
215 125133 125185 0
216 125166 125187 0
217 125106 125193 0
218 15726 15739 0
219 125134 125184 0
220 62627 62627 0
221 125118 125180 0
222 125164 125154 0
223 125176 125196 0
224 125104 125178 0
225 15732 15748 0
226 125146 125161 0
227 125142 125199 0
228 250128 250145 0
229 62629 62654 0
230 250119 250182 0
231 250177 250139 0
232 250158 250155 0
233 250167 250154 0
234 250143 250185 0
235 15769 15785 0
236 250161 250198 0
237 250175 250161 0
238 250114 250138 0
239 31389 31427 0
240 62639 62664 0
241 250108 250155 0
242 250170 250151 0
243 250143 250136 0
244 250149 250131 0
245 7931 7945 0
246 250165 250180 0
247 250182 250147 0
248 250146 250155 0
249 250132 250180 0
250 62658 62668 0
251 250117 250101 0
252 250168 250144 0
253 250105 250137 0
254 250106 250183 0
255 250170 250179 0
256 250111 250192 0
257 250119 250167 0
258 250135 250120 0
259 250137 250163 0
260 250119 250114 0
261 250105 250198 0
262 250105 250122 0
263 250194 250198 0
264 250167 250154 0
265 62622 62691 0
266 250179 250168 0
267 250112 250150 0
268 500124 500156 0
269 500149 500194 0
270 62639 62663 0
271 500124 500191 0
272 500154 500150 0
273 500173 500185 0
274 500165 500173 0
275 500137 500196 0
276 500183 500103 0
277 500109 500132 0
278 500200 500141 0
279 500184 500167 0
280 500197 500178 0
281 62638 62685 0
282 500101 500161 0
283 500117 500105 0
284 500109 500161 0
285 500122 500155 0
286 500109 500106 0
287 500146 500136 0
288 500104 500117 0
289 500194 500177 0
290 62605 62697 0
291 500131 500197 0
292 500102 500190 0
293 500139 500198 0
294 500198 500113 0
295 500145 500172 0
296 500178 500179 0
297 500139 500101 0
298 500155 500109 0
299 500108 500182 0
300 500200 500169 0
301 500166 500181 0
302 500124 500177 0
303 500173 500198 0
304 31418 31449 0
305 500102 500131 0
306 62627 62620 0
307 62612 62653 0
308 31407 31449 0
309 500172 500198 0
310 500196 500149 0
311 31376 31413 0
312 500120 500106 0
313 500126 500110 0
314 500153 500136 0
315 62638 62678 0
316 500136 500168 0
317 62684 62687 0
318 62633 62694 0
319 62603 62623 0
320 62641 62694 0
321 31398 31404 0
322 62641 62694 0
323 31423 31432 0
324 62611 62689 0
325 62673 62692 0
326 31377 31416 0
327 31366 31404 0
328 31398 31434 0
329 62631 62638 0
330 31359 31384 0
331 31444 31442 0
332 62676 62700 0
333 62612 62627 0
334 2128 2145 0
335 4046 4078 0
336 4072 4090 0
337 4053 4073 0
338 4021 4098 0
339 4053 4083 0
340 2123 2137 0
341 2122 2146 0
342 4069 4105 0
343 4066 4080 0
344 2089 2103 0
345 4071 4098 0
346 7945 7989 0
347 7958 8012 0
348 7959 7974 0
349 2104 2138 0
350 7953 7998 0
351 7985 8006 0
352 7922 7968 0
353 4074 4095 0
354 7919 7981 0
355 4037 4061 0
356 7924 7981 0
357 2055 2129 0
358 7939 8000 0
359 7957 8009 0
360 50 75 0
361 7925 7953 0
362 7921 7988 0
363 4028 4090 0
364 7945 7996 0
365 55 75 0
366 39 55 0
367 7924 8008 0
368 7930 7994 0
369 15760 15809 0
370 15731 15778 0
371 11 55 0
372 15748 15794 0
373 5 81 0
374 2107 2150 0
375 15751 15809 0
376 15750 15795 0
377 24 59 0
378 57 90 0
379 15754 15812 0
380 66 98 0
381 15747 15810 0
382 8 50 0
383 15727 15792 0
384 15757 15806 0
385 15751 15811 0
386 15739 15810 0
387 15761 15809 0
388 4065 4085 0
389 15749 15777 0
390 4027 4047 0
391 62 89 0
392 31361 31434 0
393 31378 31443 0
394 31384 31443 0
395 31351 31421 0
396 31360 31426 0
397 31367 31433 0
398 4088 4101 0
399 4015 4060 0
--------------
1000000 :c
1004383 :sum(p)
999999 :sum(w)
