400 :n
id p,w,x
--------------
0 4089 4015 1
1 8007 7939 1
2 93 7 1
3 7971 7918 1
4 8007 7953 1
5 4066 4026 1
6 39 1 1
7 87 36 1
8 31442 31392 1
9 86 53 1
10 4101 4009 1
11 31449 31379 1
12 31442 31376 1
13 31423 31360 1
14 8005 7934 1
15 96 23 1
16 66 37 1
17 31440 31353 1
18 4101 4050 1
19 7965 7913 1
20 93 46 1
21 62697 62602 1
22 7998 7945 1
23 4086 4013 1
24 15814 15766 1
25 97 62 1
26 15774 15730 1
27 4102 4046 1
28 2149 2055 1
29 4102 4016 1
30 4049 4016 1
31 2121 2061 1
32 15803 15750 1
33 15800 15743 1
34 4052 4012 1
35 15813 15730 1
36 15819 15769 1
37 15812 15756 1
38 2151 2074 1
39 2093 2059 1
40 2111 2075 1
41 2143 2056 1
42 15813 15742 1
43 2134 2079 1
44 15806 15726 1
45 35 12 1
46 51 33 1
47 76 51 1
48 60 42 1
49 86 62 1
50 38 28 1
51 14 11 1
52 45 40 1
53 94 85 1
54 2086 2060 1
55 2126 2101 1
56 2093 2071 1
57 2110 2088 1
58 2106 2088 1
59 2132 2117 1
60 4094 4071 1
61 2139 2127 1
62 4100 4077 1
63 4038 4018 1
64 2086 2076 1
65 8007 7977 1
66 7972 7944 1
67 4106 4092 1
68 2072 2065 1
69 7937 7914 1
70 2094 2089 1
71 15790 15753 1
72 7934 7916 1
73 4041 4032 1
74 15785 15750 1
75 15800 15766 1
76 7942 7925 1
77 4019 4011 1
78 2096 2092 1
79 15786 15756 1
80 15815 15787 1
81 4060 4053 1
82 4103 4097 1
83 2101 2098 1
84 15824 15802 1
85 15811 15791 1
86 7976 7966 1
87 15801 15782 1
88 31422 31385 1
89 15818 15800 1
90 7979 7970 1
91 62696 62627 1
92 31394 31362 1
93 15823 15807 1
94 2080 2078 1
95 31394 31365 0
96 7948 7941 1
97 7984 7977 1
98 51 48 1
99 15766 15740 1
100 31427 31402 1
101 62682 62636 0
102 125180 125109 0
103 62699 62689 0
104 31448 31442 0
105 15762 15776 0
106 62676 62631 1
107 31394 31372 0
108 62656 62614 0
109 31443 31422 0
110 7989 7984 0
111 7999 7994 0
112 125199 125127 0
113 62644 62608 0
114 15822 15813 1
115 4020 4018 0
116 2105 2104 0
117 15732 15727 0
118 15791 15786 0
119 7970 7969 0
120 8001 8000 0
121 2131 2131 0
122 2107 2107 0
123 7946 7946 0
124 7992 7994 0
125 7968 7970 0
126 2129 2132 0
127 53 56 0
128 92 98 0
129 29 35 0
130 250159 250131 0
131 250149 250112 0
132 125156 125139 0
133 250140 250114 0
134 250186 250121 0
135 15736 15734 0
136 250178 250127 0
137 250200 250140 0
138 250150 250133 0
139 250138 250121 0
140 250172 250136 0
141 250185 250112 0
142 125163 125128 0
143 250200 250170 0
144 62633 62622 0
145 125112 125101 0
146 250176 250125 0
147 125188 125178 0
148 125174 125149 0
149 125176 125160 0
150 500199 500141 0
151 500181 500141 0
152 500142 500103 0
153 250188 250111 0
154 500174 500116 0
155 125143 125128 0
156 500171 500132 0
157 500157 500124 0
158 62672 62664 0
159 31403 31395 0
160 31362 31358 0
161 31425 31418 0
162 125189 125163 0
163 31361 31352 0
164 500193 500139 0
165 500190 500131 0
166 125186 125173 0
167 62662 62655 0
168 31370 31367 0
169 500195 500110 0
170 500169 500134 0
171 500195 500146 0
172 125152 125113 0
173 250188 250121 0
174 500168 500131 0
175 250160 250101 0
176 250187 250120 0
177 250144 250106 0
178 62655 62626 0
179 125192 125131 0
180 250198 250113 0
181 125190 125149 0
182 125151 125108 0
183 62643 62616 0
184 125163 125101 0
185 62688 62671 0
186 250146 250118 0
187 31366 31409 0
188 31446 31447 0
189 31399 31425 0
190 31356 31442 0
191 31375 31397 0
192 31372 31415 0
193 31376 31417 0
194 31411 31436 0
195 31365 31449 0
196 31419 31447 0
197 31401 31435 0
198 31354 31360 0
199 62626 62692 0
200 62661 62682 0
201 15782 15800 0
202 62638 62636 0
203 62606 62651 0
204 62623 62619 0
205 62636 62675 0
206 15744 15805 0
207 62646 62659 0
208 62613 62651 0
209 62615 62687 0
210 15807 15811 0
211 62687 62698 0
212 15731 15795 0
213 15734 15757 0
214 15783 15800 0
215 62664 62696 0
216 62602 62650 0
217 15763 15824 0
218 62635 62690 0
219 62612 62655 0
220 15772 15818 0
221 15775 15777 0
222 62624 62689 0
223 62658 62698 0
224 62634 62679 0
225 62629 62643 0
226 15746 15790 0
227 15770 15803 0
228 62646 62642 0
229 62642 62683 0
230 62661 62700 0
231 62639 62699 0
232 15752 15772 0
233 62631 62693 0
234 15775 15825 0
235 62610 62632 0
236 15786 15812 0
237 15728 15800 0
238 62626 62642 0
239 31370 31434 0
240 62613 62657 0
241 7947 7951 0
242 62651 62694 0
243 7994 8005 0
244 7927 7989 0
245 7925 8005 0
246 125116 125189 0
247 125165 125182 0
248 125177 125193 0
249 7993 7998 0
250 7937 7990 0
251 125118 125175 0
252 125101 125112 0
253 7968 7973 0
254 125126 125182 0
255 125139 125177 0
256 7975 7979 0
257 125113 125168 0
258 31402 31408 0
259 125143 125148 0
260 125122 125149 0
261 7972 7988 0
262 125118 125154 0
263 125160 125198 0
264 125108 125188 0
265 7915 7984 0
266 7932 7974 0
267 7966 8002 0
268 7924 7962 0
269 7923 8009 0
270 7980 8000 0
271 7996 7999 0
272 7977 7997 0
273 125187 125182 0
274 7973 7997 0
275 125134 125193 0
276 125128 125169 0
277 125178 125171 0
278 31393 31407 0
279 125125 125187 0
280 125163 125194 0
281 4040 4062 0
282 4079 4085 0
283 125108 125134 0
284 4060 4083 0
285 4011 4034 0
286 4013 4072 0
287 4082 4094 0
288 125158 125152 0
289 125179 125172 0
290 4063 4094 0
291 4027 4039 0
292 4025 4041 0
293 125159 125181 0
294 4051 4101 0
295 4019 4051 0
296 125120 125193 0
297 4049 4103 0
298 4022 4104 0
299 4031 4048 0
300 250108 250146 0
301 250102 250142 0
302 4027 4039 0
303 250198 250199 0
304 4060 4086 0
305 250150 250136 0
306 250133 250197 0
307 250122 250143 0
308 4037 4055 0
309 250107 250134 0
310 4063 4093 0
311 250182 250182 0
312 4037 4075 0
313 4014 4034 0
314 250113 250138 0
315 250113 250146 0
316 250113 250193 0
317 4023 4075 0
318 4020 4088 0
319 250122 250165 0
320 250106 250176 0
321 2136 2146 0
322 250177 250172 0
323 250150 250177 0
324 2085 2122 0
325 2063 2090 0
326 250118 250190 0
327 250120 250130 0
328 2060 2110 0
329 2105 2150 0
330 2055 2073 0
331 31393 31415 0
332 250139 250173 0
333 250113 250199 0
334 250129 250176 0
335 2080 2110 0
336 250162 250187 0
337 500122 500153 0
338 2079 2113 0
339 500175 500174 0
340 500142 500115 0
341 500117 500108 0
342 500136 500198 0
343 31425 31449 0
344 2085 2098 0
345 500102 500136 0
346 2070 2128 0
347 2098 2140 0
348 2063 2118 0
349 500122 500152 0
350 2055 2069 0
351 500151 500183 0
352 2056 2092 0
353 31368 31380 0
354 500158 500189 0
355 500134 500115 0
356 2075 2138 0
357 500139 500139 0
358 2097 2149 0
359 58 92 0
360 500158 500137 0
361 4 25 0
362 500195 500179 0
363 31354 31358 0
364 500134 500185 0
365 18 67 0
366 31398 31441 0
367 56 95 0
368 20 86 0
369 28 83 0
370 79 98 0
371 500164 500156 0
372 500110 500111 0
373 500166 500154 0
374 500132 500162 0
375 500107 500158 0
376 500198 500167 0
377 3 89 0
378 24 46 0
379 500124 500111 0
380 500146 500159 0
381 500177 500193 0
382 500148 500199 0
383 71 93 0
384 2 62 0
385 51 60 0
386 23 50 0
387 13 57 0
388 18 58 0
389 10 23 0
390 500112 500199 0
391 3 85 0
392 4 94 0
393 29 72 0
394 500128 500117 0
395 31372 31401 0
396 500115 500142 0
397 500128 500188 0
398 31382 31447 0
399 31357 31420 0
--------------
1000000 :c
1003774 :sum(p)
1000000 :sum(w)
