400 :n
id p,w,x
--------------
0 2136 2072 1
1 2096 2066 1
2 15802 15727 1
3 15810 15730 1
4 42 17 1
5 69 30 1
6 15802 15732 1
7 15817 15755 1
8 15794 15733 1
9 2140 2114 1
10 15824 15755 1
11 73 9 1
12 2124 2062 1
13 38 5 1
14 15814 15751 1
15 8007 7937 1
16 7999 7950 1
17 7973 7926 1
18 7982 7931 1
19 7961 7915 1
20 80 18 1
21 8000 7916 1
22 8001 7945 1
23 2097 2056 1
24 59 11 1
25 7958 7924 1
26 2152 2054 1
27 4082 4051 1
28 2132 2086 1
29 2095 2055 1
30 74 31 1
31 2137 2066 1
32 4085 4018 1
33 4076 4014 1
34 2140 2105 1
35 2144 2083 1
36 82 28 1
37 28 2 1
38 4102 4021 1
39 2134 2056 1
40 4070 4026 1
41 2132 2068 1
42 4087 4055 1
43 86 53 1
44 2133 2054 1
45 4068 4036 1
46 15816 15759 1
47 70 35 1
48 4079 4024 1
49 31441 31352 1
50 31436 31354 1
51 50 29 1
52 56 35 1
53 54 34 1
54 95 73 1
55 49 39 1
56 85 70 1
57 93 79 1
58 58 50 1
59 2129 2107 1
60 2099 2079 1
61 2144 2125 1
62 2078 2064 1
63 2125 2111 1
64 4101 4074 1
65 2105 2093 1
66 2151 2139 1
67 4102 4080 1
68 2119 2108 1
69 4065 4045 1
70 2151 2141 1
71 4054 4037 1
72 4027 4012 1
73 15793 15737 1
74 8007 7979 1
75 7997 7973 1
76 15780 15734 1
77 15809 15765 1
78 8009 7988 1
79 15768 15728 1
80 7965 7945 1
81 4098 4088 0
82 2110 2105 1
83 31442 31370 1
84 15818 15784 1
85 31427 31360 1
86 31425 31361 1
87 4046 4038 1
88 15801 15771 1
89 7969 7954 0
90 31426 31370 1
91 15777 15750 1
92 31442 31389 1
93 15816 15792 1
94 7995 7983 1
95 31421 31374 1
96 15756 15735 1
97 15795 15774 1
98 15780 15760 1
99 15791 15771 1
100 8012 8002 0
101 31433 31394 1
102 7974 7965 0
103 31438 31403 1
104 31443 31408 0
105 31409 31375 1
106 4083 4067 1
107 62678 62616 1
108 62670 62609 1
109 7979 7972 0
110 62687 62665 0
111 2132 2138 0
112 1 39 0
113 62686 62635 0
114 15796 15784 0
115 7961 7955 0
116 7963 7957 0
117 8007 8001 0
118 15815 15823 0
119 62676 62630 0
120 15773 15763 0
121 62668 62630 0
122 62674 62636 0
123 125194 125122 0
124 125190 125122 0
125 62658 62625 0
126 62674 62642 0
127 15790 15782 0
128 125182 125120 0
129 4069 4067 0
130 31384 31369 0
131 2100 2099 0
132 125177 125120 0
133 125195 125141 0
134 125175 125123 0
135 62675 62649 0
136 125152 125101 0
137 125171 125120 0
138 125186 125136 0
139 31395 31383 0
140 7940 7937 0
141 125147 125101 0
142 250183 250102 0
143 31399 31389 0
144 15731 15726 0
145 125163 125124 0
146 250179 250103 0
147 250180 250106 0
148 250180 250110 0
149 125141 125108 0
150 125180 125147 0
151 62629 62613 0
152 7983 7981 0
153 4055 4054 0
154 62632 62617 0
155 250176 250123 0
156 8005 8005 0
157 15805 15805 0
158 15794 15795 0
159 15740 15741 0
160 7996 7998 0
161 7954 7958 0
162 4099 4102 0
163 4007 4014 0
164 7970 7984 0
165 7915 7929 0
166 7915 7930 0
167 4074 4083 0
168 2093 2098 0
169 4036 4047 0
170 4065 4077 0
171 2126 2134 0
172 2070 2078 0
173 4065 4081 0
174 2093 2104 0
175 2107 2122 0
176 75 77 0
177 83 87 0
178 34 48 0
179 31 52 0
180 20 34 0
181 12 24 0
182 14 33 0
183 250191 250171 0
184 500189 500131 0
185 31450 31448 0
186 125197 125191 0
187 250175 250158 0
188 125140 125139 0
189 250118 250117 0
190 500200 500149 0
191 250186 250141 0
192 125157 125140 0
193 125194 125184 0
194 125175 125170 0
195 500172 500129 0
196 250138 250138 0
197 250188 250138 0
198 250157 250136 0
199 250166 250121 0
200 500153 500104 0
201 250192 250158 0
202 500191 500143 0
203 250160 250135 0
204 250181 250171 0
205 250148 250140 0
206 250159 250129 0
207 500178 500150 0
208 62629 62624 0
209 500168 500133 0
210 500142 500127 0
211 62663 62659 0
212 62604 62602 0
213 62631 62618 0
214 62659 62647 0
215 500160 500126 0
216 500118 500108 0
217 500140 500136 0
218 500127 500126 0
219 500133 500137 0
220 500174 500146 0
221 500161 500116 0
222 500152 500127 0
223 500104 500105 0
224 500166 500146 0
225 500179 500175 0
226 500166 500163 0
227 500175 500147 0
228 125146 125128 0
229 500138 500122 0
230 125152 125133 0
231 250136 250128 0
232 500131 500122 0
233 62639 62637 0
234 31408 31407 0
235 500176 500123 0
236 15781 15815 0
237 31386 31441 0
238 15737 15800 0
239 7940 7989 0
240 7939 8011 0
241 15750 15788 0
242 31381 31447 0
243 7986 8002 0
244 7950 7985 0
245 31380 31384 0
246 31381 31444 0
247 31381 31430 0
248 7914 8011 0
249 31392 31410 0
250 7939 8008 0
251 31438 31447 0
252 31362 31378 0
253 62672 62683 0
254 15764 15774 0
255 7936 7964 0
256 62648 62674 0
257 62653 62660 0
258 62634 62647 0
259 62621 62640 0
260 62661 62681 0
261 7931 7953 0
262 7929 8011 0
263 62620 62679 0
264 62617 62645 0
265 31407 31444 0
266 62609 62610 0
267 62656 62658 0
268 7931 7955 0
269 7919 8004 0
270 62638 62680 0
271 62605 62615 0
272 7962 7988 0
273 62632 62671 0
274 62627 62639 0
275 31368 31450 0
276 62605 62630 0
277 15749 15825 0
278 62649 62670 0
279 62674 62695 0
280 4031 4104 0
281 31371 31438 0
282 62602 62629 0
283 4012 4057 0
284 4009 4034 0
285 4028 4073 0
286 62633 62656 0
287 62614 62622 0
288 62612 62645 0
289 4016 4092 0
290 62661 62687 0
291 125155 125196 0
292 125106 125167 0
293 125115 125170 0
294 4051 4076 0
295 15784 15809 0
296 4029 4068 0
297 125107 125121 0
298 125162 125174 0
299 125168 125189 0
300 4061 4103 0
301 125174 125176 0
302 125144 125150 0
303 31380 31414 0
304 4026 4103 0
305 4019 4106 0
306 125143 125166 0
307 125129 125144 0
308 125160 125169 0
309 4035 4078 0
310 4011 4038 0
311 31421 31442 0
312 4017 4064 0
313 4023 4072 0
314 15776 15797 0
315 31373 31423 0
316 125124 125157 0
317 4040 4082 0
318 4048 4096 0
319 125137 125151 0
320 125147 125182 0
321 125146 125151 0
322 125123 125150 0
323 125155 125188 0
324 125119 125135 0
325 125112 125147 0
326 15775 15818 0
327 125144 125182 0
328 2092 2137 0
329 250113 250173 0
330 2072 2134 0
331 15731 15814 0
332 2101 2124 0
333 250121 250146 0
334 250179 250184 0
335 2107 2153 0
336 250140 250167 0
337 250108 250145 0
338 250151 250179 0
339 250113 250197 0
340 250109 250132 0
341 2063 2108 0
342 2072 2119 0
343 15787 15806 0
344 250138 250150 0
345 31363 31393 0
346 250123 250144 0
347 250107 250112 0
348 2077 2135 0
349 250105 250178 0
350 250148 250176 0
351 31360 31372 0
352 2062 2123 0
353 250107 250198 0
354 31396 31428 0
355 250154 250167 0
356 250141 250168 0
357 2085 2142 0
358 250119 250156 0
359 37 67 0
360 31359 31445 0
361 62 88 0
362 250151 250168 0
363 15770 15797 0
364 250130 250195 0
365 31388 31449 0
366 250157 250192 0
367 250166 250178 0
368 35 59 0
369 500112 500174 0
370 38 99 0
371 52 94 0
372 500105 500140 0
373 31411 31422 0
374 57 93 0
375 17 43 0
376 500171 500192 0
377 500130 500162 0
378 8 66 0
379 31419 31443 0
380 500154 500193 0
381 500120 500196 0
382 500106 500134 0
383 500176 500189 0
384 500109 500186 0
385 31402 31427 0
386 25 68 0
387 59 86 0
388 15771 15806 0
389 19 50 0
390 500137 500144 0
391 500142 500182 0
392 500121 500197 0
393 17 44 0
394 500128 500177 0
395 500139 500159 0
396 500137 500144 0
397 3 93 0
398 31395 31416 0
399 500127 500133 0
--------------
1000000 :c
1004276 :sum(p)
999997 :sum(w)
