400 :n
id p,w,x
--------------
0 2098 2065 1
1 2106 2059 1
2 15820 15739 1
3 52 39 1
4 96 44 1
5 2149 2063 1
6 28 13 1
7 2152 2134 1
8 99 85 1
9 93 4 1
10 8007 7944 1
11 53 38 1
12 69 16 1
13 7999 7942 1
14 7977 7916 1
15 2146 2078 1
16 89 31 1
17 51 6 1
18 2097 2083 1
19 2122 2093 1
20 7982 7927 1
21 44 18 1
22 7996 7931 1
23 73 37 1
24 26 11 1
25 4052 4010 1
26 2140 2103 1
27 2152 2099 1
28 4056 4014 1
29 4051 4011 1
30 73 46 1
31 2093 2078 1
32 15812 15738 1
33 4079 4019 1
34 65 35 1
35 100 83 1
36 2134 2058 1
37 2121 2059 1
38 75 26 1
39 4102 4031 1
40 4060 4030 1
41 2112 2060 1
42 2107 2087 1
43 4058 4008 1
44 2116 2090 1
45 87 78 1
46 45 43 1
47 2094 2083 1
48 2109 2099 1
49 4090 4071 1
50 7987 7950 1
51 8000 7963 1
52 4059 4041 1
53 4052 4035 1
54 15804 15741 1
55 4033 4017 1
56 15801 15739 1
57 8002 7971 1
58 7968 7938 1
59 7996 7966 1
60 4025 4010 1
61 15781 15726 1
62 15815 15763 1
63 15781 15730 1
64 15793 15745 1
65 4081 4069 1
66 2076 2070 1
67 8008 7985 1
68 8008 7985 1
69 15771 15732 1
70 15788 15750 1
71 2082 2077 1
72 15775 15738 1
73 7999 7981 1
74 8001 7983 1
75 31442 31372 1
76 31436 31367 1
77 31444 31375 1
78 4104 4095 1
79 4105 4096 1
80 7942 7925 1
81 15773 15740 1
82 8000 7984 1
83 31416 31355 1
84 15774 15745 1
85 31450 31393 1
86 31408 31354 1
87 31438 31384 1
88 8000 7987 1
89 15792 15770 1
90 62697 62610 1
91 31396 31353 1
92 31442 31400 1
93 31394 31358 1
94 31437 31402 0
95 31425 31392 1
96 4078 4042 1
97 62690 62620 1
98 7923 7915 1
99 62695 62632 0
100 31449 31418 1
101 31447 31445 0
102 15805 15810 0
103 7 10 0
104 4034 4030 0
105 4075 4071 1
106 62681 62620 0
107 2082 2080 1
108 31427 31397 0
109 62687 62628 0
110 62684 62628 0
111 4046 4050 0
112 62697 62641 0
113 15788 15774 1
114 62668 62614 0
115 125198 125105 0
116 125198 125110 0
117 62652 62608 0
118 62682 62640 0
119 31416 31395 0
120 62656 62616 0
121 7973 7968 0
122 62672 62634 0
123 62670 62634 0
124 7947 7943 1
125 2147 2146 0
126 62666 62637 0
127 31413 31399 0
128 62684 62659 0
129 15802 15796 0
130 31357 31353 0
131 31421 31417 0
132 4105 4105 0
133 7994 7994 0
134 4084 4087 0
135 2136 2141 0
136 2091 2096 0
137 2103 2109 0
138 2081 2088 0
139 2063 2070 0
140 2060 2068 0
141 79 85 0
142 71 79 0
143 34 40 0
144 39 47 0
145 15 19 0
146 30 40 0
147 8 19 0
148 2 7 0
149 62667 62659 0
150 62685 62665 0
151 250157 250113 0
152 250189 250146 0
153 500200 500110 0
154 125162 125108 0
155 125181 125163 0
156 125183 125112 0
157 125168 125149 0
158 125182 125102 0
159 500176 500108 0
160 250179 250146 0
161 250166 250133 0
162 500182 500197 0
163 500154 500104 0
164 500186 500149 0
165 250179 250153 0
166 500149 500102 0
167 31446 31446 0
168 500117 500119 0
169 500135 500106 0
170 125114 125117 0
171 500166 500156 0
172 500174 500167 0
173 125196 125188 0
174 500152 500116 0
175 125116 125116 0
176 500171 500131 0
177 500101 500107 0
178 500169 500140 0
179 500177 500187 0
180 125101 125104 0
181 125162 125154 0
182 125179 125167 0
183 125189 125189 0
184 500124 500116 0
185 500101 500101 0
186 250183 250177 0
187 250141 250130 0
188 250107 250109 0
189 250171 250157 0
190 15766 15766 0
191 250174 250151 0
192 250126 250107 0
193 250189 250163 0
194 250105 250106 0
195 250173 250178 0
196 250140 250133 0
197 250116 250120 0
198 250144 250141 0
199 500186 500181 0
200 250149 250156 0
201 500170 500163 0
202 250137 250140 0
203 250176 250182 0
204 250119 250119 0
205 250198 250172 0
206 500168 500127 0
207 500168 500145 0
208 500158 500145 0
209 500163 500157 0
210 500123 500131 0
211 500173 500113 0
212 62685 62671 0
213 250195 250139 0
214 250168 250141 0
215 250179 250116 0
216 250173 250141 0
217 500185 500121 0
218 31353 31362 0
219 15787 15796 0
220 31409 31413 0
221 31384 31430 0
222 31390 31439 0
223 31421 31423 0
224 15766 15772 0
225 15800 15820 0
226 15767 15771 0
227 15767 15771 0
228 31433 31441 0
229 15764 15776 0
230 31426 31446 0
231 31408 31420 0
232 15777 15825 0
233 15775 15786 0
234 15791 15821 0
235 15740 15806 0
236 15748 15770 0
237 31358 31443 0
238 31362 31437 0
239 31409 31431 0
240 31390 31423 0
241 31380 31402 0
242 500140 500155 0
243 7921 7936 0
244 31357 31409 0
245 31362 31416 0
246 31353 31381 0
247 31360 31416 0
248 7913 7938 0
249 31390 31403 0
250 31415 31436 0
251 62603 62635 0
252 62668 62672 0
253 62617 62677 0
254 62660 62697 0
255 7926 7946 0
256 62661 62692 0
257 62631 62676 0
258 62605 62697 0
259 62660 62687 0
260 62648 62673 0
261 62656 62664 0
262 62639 62691 0
263 62642 62648 0
264 62626 62688 0
265 62643 62669 0
266 7934 7946 0
267 62604 62669 0
268 7950 7961 0
269 62621 62640 0
270 62611 62685 0
271 62615 62674 0
272 62601 62618 0
273 62618 62622 0
274 7919 7954 0
275 7927 7935 0
276 7917 7933 0
277 62665 62689 0
278 125129 125173 0
279 125134 125189 0
280 125125 125129 0
281 4071 4090 0
282 125130 125160 0
283 125111 125151 0
284 125126 125152 0
285 125133 125149 0
286 4029 4047 0
287 125161 125176 0
288 125160 125189 0
289 4053 4061 0
290 125123 125137 0
291 15747 15757 0
292 4019 4032 0
293 125108 125190 0
294 125175 125194 0
295 125165 125173 0
296 125136 125175 0
297 125161 125194 0
298 125130 125148 0
299 125138 125146 0
300 31374 31422 0
301 125143 125167 0
302 125105 125110 0
303 4057 4073 0
304 125137 125144 0
305 15728 15748 0
306 125129 125197 0
307 125129 125138 0
308 4034 4049 0
309 125111 125139 0
310 4034 4044 0
311 125142 125168 0
312 250156 250186 0
313 250121 250188 0
314 4068 4081 0
315 4087 4106 0
316 250168 250193 0
317 4067 4085 0
318 250126 250137 0
319 250130 250161 0
320 250113 250143 0
321 250182 250200 0
322 15791 15814 0
323 250136 250149 0
324 250134 250161 0
325 250127 250164 0
326 250109 250170 0
327 500103 500139 0
328 15771 15824 0
329 500137 500196 0
330 500103 500164 0
331 500125 500165 0
332 500172 500190 0
333 500114 500200 0
334 500126 500191 0
335 500134 500158 0
336 500151 500179 0
337 500161 500189 0
338 15799 15802 0
339 15753 15755 0
340 500114 500179 0
341 15748 15804 0
342 15752 15798 0
343 15790 15792 0
344 250152 250101 0
345 500164 500110 0
346 250191 250136 0
347 125181 125121 0
348 250199 250140 0
349 125178 125153 0
350 62617 62601 0
351 500183 500117 0
352 4056 4088 0
353 4055 4086 0
354 2078 2105 0
355 4024 4077 0
356 4061 4089 0
357 2063 2111 0
358 2065 2103 0
359 4075 4097 0
360 4033 4103 0
361 4047 4106 0
362 4010 4106 0
363 22 89 0
364 32 89 0
365 15 46 0
366 4026 4058 0
367 12 41 0
368 3 45 0
369 7930 7978 0
370 28 82 0
371 2071 2086 0
372 13 87 0
373 8 68 0
374 7922 7973 0
375 7945 7989 0
376 2079 2108 0
377 7957 8008 0
378 27 99 0
379 2074 2145 0
380 19 73 0
381 2113 2134 0
382 7935 7976 0
383 14 86 0
384 45 100 0
385 2105 2139 0
386 35 95 0
387 2109 2127 0
388 7919 7997 0
389 2063 2150 0
390 7932 7985 0
391 7919 7989 0
392 7915 7977 0
393 7935 8011 0
394 2071 2133 0
395 7931 8006 0
396 15744 15825 0
397 15726 15800 0
398 2060 2153 0
399 2056 2123 0
--------------
1000000 :c
1003803 :sum(p)
999998 :sum(w)
