400 :n
id p,w,x
--------------
0 4081 4034 1
1 2112 2064 1
2 2153 2091 1
3 4104 4035 1
4 2114 2059 1
5 4096 4040 1
6 97 52 1
7 31445 31351 1
8 31438 31359 1
9 31445 31377 1
10 4082 4034 1
11 4068 4015 1
12 2152 2064 1
13 31437 31356 1
14 7987 7926 1
15 8009 7919 1
16 7972 7919 1
17 7997 7927 1
18 74 3 1
19 31447 31351 1
20 99 30 1
21 15813 15735 1
22 40 3 1
23 56 16 1
24 21 8 1
25 51 21 1
26 60 31 1
27 74 50 1
28 70 53 1
29 39 31 1
30 15 12 1
31 67 56 1
32 85 75 1
33 79 70 1
34 100 94 1
35 2098 2060 1
36 2116 2078 1
37 2121 2090 1
38 2119 2089 1
39 2084 2055 1
40 2092 2064 1
41 4058 4019 1
42 2101 2081 1
43 4084 4047 1
44 4088 4052 1
45 2106 2089 1
46 2132 2115 1
47 4040 4008 1
48 4106 4074 1
49 2126 2111 1
50 2131 2117 1
51 4037 4012 1
52 8010 7962 1
53 2143 2131 1
54 8007 7964 1
55 7998 7956 1
56 4045 4024 1
57 2123 2112 1
58 2132 2121 1
59 7979 7940 1
60 4081 4062 1
61 7950 7914 1
62 7954 7923 1
63 7973 7942 1
64 8009 7979 1
65 2144 2136 1
66 2106 2099 1
67 15791 15747 1
68 15778 15738 1
69 15781 15745 1
70 4026 4017 1
71 15815 15780 1
72 15789 15755 1
73 15821 15787 1
74 31446 31384 1
75 4091 4083 1
76 2075 2071 1
77 15809 15781 1
78 15802 15777 1
79 4089 4083 1
80 31422 31376 1
81 15764 15742 1
82 15809 15787 1
83 62697 62611 1
84 7970 7961 1
85 15777 15761 1
86 7996 7988 1
87 4024 4020 1
88 2066 2064 1
89 31431 31403 1
90 7971 7964 1
91 4041 4026 1
92 62693 62620 1
93 62686 62621 1
94 62651 62601 1
95 125198 125103 0
96 7970 7964 0
97 125197 125163 0
98 62690 62677 0
99 30 84 0
100 62652 62606 0
101 31427 31404 0
102 31381 31359 0
103 31450 31428 0
104 15749 15738 1
105 31444 31446 0
106 62675 62632 0
107 31373 31352 0
108 31379 31358 0
109 31415 31394 0
110 31419 31398 1
111 125178 125101 0
112 62647 62611 0
113 15774 15765 1
114 125183 125112 0
115 125178 125109 0
116 15734 15726 0
117 15813 15805 0
118 4019 4017 1
119 125180 125119 0
120 2093 2092 0
121 31404 31389 0
122 125157 125102 0
123 125192 125144 0
124 62676 62652 0
125 31395 31383 0
126 250199 250105 0
127 125179 125136 0
128 62643 62622 0
129 62653 62632 0
130 62664 62644 0
131 250191 250113 0
132 125195 125158 0
133 250190 250117 0
134 62678 62660 0
135 125160 125125 0
136 125170 125138 0
137 125160 125130 0
138 125141 125112 0
139 62665 62651 0
140 62617 62604 0
141 125138 125114 0
142 125174 125150 0
143 31368 31362 0
144 31415 31409 0
145 15803 15800 0
146 125145 125124 0
147 31358 31353 0
148 125149 125130 0
149 250156 250119 0
150 62659 62650 0
151 125144 125128 0
152 7948 7947 0
153 7982 7981 0
154 7993 7992 0
155 125141 125128 0
156 62674 62668 0
157 62686 62680 0
158 62665 62660 0
159 31419 31418 0
160 125166 125163 0
161 31401 31401 0
162 4033 4033 0
163 125159 125159 0
164 62626 62627 0
165 125161 125163 0
166 4101 4102 1
167 4070 4071 0
168 4027 4028 0
169 7978 7980 0
170 7956 7959 0
171 2070 2073 0
172 2113 2117 0
173 4058 4066 0
174 2109 2114 0
175 2054 2063 0
176 500114 500116 0
177 250182 250174 0
178 250167 250139 0
179 250158 250133 0
180 500109 500112 0
181 500139 500110 0
182 500170 500162 0
183 500157 500166 0
184 500146 500142 0
185 250159 250151 0
186 500159 500125 0
187 500195 500122 0
188 250155 250146 0
189 250185 250184 0
190 500199 500153 0
191 250113 250104 0
192 500181 500131 0
193 500197 500109 0
194 250137 250123 0
195 500108 500107 0
196 250184 250153 0
197 250121 250123 0
198 250164 250146 0
199 500176 500171 0
200 250135 250109 0
201 250138 250119 0
202 250151 250120 0
203 500170 500172 0
204 500172 500178 0
205 500169 500164 0
206 500173 500166 0
207 500174 500101 0
208 500133 500136 0
209 500184 500180 0
210 500190 500131 0
211 500193 500200 0
212 500143 500142 0
213 31391 31405 0
214 15747 15777 0
215 15746 15777 0
216 31365 31405 0
217 31391 31396 0
218 31367 31444 0
219 31364 31389 0
220 15791 15799 0
221 15785 15824 0
222 31372 31391 0
223 31413 31439 0
224 15751 15760 0
225 15758 15804 0
226 15797 15803 0
227 15733 15772 0
228 15754 15790 0
229 31364 31406 0
230 15737 15772 0
231 31381 31434 0
232 15784 15805 0
233 15798 15811 0
234 15737 15821 0
235 15774 15807 0
236 15745 15755 0
237 31421 31439 0
238 15728 15736 0
239 7940 7996 0
240 7967 7999 0
241 15813 15816 0
242 31370 31426 0
243 31395 31443 0
244 31409 31433 0
245 62690 62700 0
246 62624 62675 0
247 62609 62684 0
248 62606 62632 0
249 7933 7949 0
250 7977 8011 0
251 7970 8000 0
252 7927 7987 0
253 7935 7942 0
254 62610 62656 0
255 62648 62664 0
256 7959 7972 0
257 62614 62680 0
258 7915 8012 0
259 7966 8005 0
260 7953 7963 0
261 7938 7973 0
262 62623 62630 0
263 62606 62650 0
264 7918 8008 0
265 15729 15787 0
266 7963 7986 0
267 7964 7987 0
268 7940 7985 0
269 62637 62683 0
270 62611 62688 0
271 62625 62691 0
272 7914 7961 0
273 62624 62637 0
274 62617 62677 0
275 62613 62667 0
276 7969 7985 0
277 62633 62646 0
278 7947 8001 0
279 15733 15817 0
280 62652 62660 0
281 4010 4037 0
282 4055 4083 0
283 62634 62662 0
284 62654 62672 0
285 62632 62664 0
286 125100 125113 0
287 4058 4090 0
288 125128 125165 0
289 15773 15795 0
290 4019 4040 0
291 125104 125112 0
292 4013 4055 0
293 125120 125154 0
294 4029 4042 0
295 4029 4087 0
296 125139 125144 0
297 4019 4081 0
298 4054 4086 0
299 125134 125167 0
300 4062 4100 0
301 125171 125196 0
302 4028 4101 0
303 31387 31427 0
304 125158 125169 0
305 125131 125192 0
306 125121 125160 0
307 125107 125129 0
308 4014 4069 0
309 125120 125130 0
310 31381 31401 0
311 125128 125159 0
312 125193 125196 0
313 4039 4106 0
314 4061 4086 0
315 125115 125166 0
316 4071 4096 0
317 4036 4065 0
318 125164 125171 0
319 125101 125151 0
320 2079 2098 0
321 15769 15815 0
322 250138 250200 0
323 250172 250194 0
324 2054 2099 0
325 31407 31412 0
326 250143 250169 0
327 2059 2089 0
328 2108 2121 0
329 250117 250150 0
330 250132 250169 0
331 2059 2136 0
332 250135 250154 0
333 2057 2129 0
334 250125 250155 0
335 2104 2126 0
336 250137 250144 0
337 15736 15813 0
338 250163 250194 0
339 250128 250182 0
340 250103 250129 0
341 250164 250199 0
342 2105 2128 0
343 15750 15781 0
344 2103 2143 0
345 2095 2150 0
346 250122 250149 0
347 250122 250142 0
348 2066 2093 0
349 250122 250177 0
350 250184 250194 0
351 2131 2148 0
352 250104 250142 0
353 250151 250180 0
354 2097 2115 0
355 250155 250185 0
356 250130 250165 0
357 250119 250169 0
358 250131 250163 0
359 15 35 0
360 500105 500161 0
361 38 88 0
362 51 91 0
363 68 82 0
364 500105 500140 0
365 72 87 0
366 500132 500142 0
367 55 100 0
368 500145 500177 0
369 500151 500182 0
370 70 95 0
371 14 37 0
372 500178 500190 0
373 500163 500174 0
374 500114 500159 0
375 500130 500171 0
376 500103 500120 0
377 5 83 0
378 18 73 0
379 500170 500181 0
380 29 44 0
381 42 87 0
382 500107 500120 0
383 500133 500179 0
384 500172 500195 0
385 500123 500138 0
386 40 65 0
387 41 99 0
388 4 29 0
389 42 64 0
390 36 69 0
391 24 95 0
392 41 72 0
393 56 94 0
394 44 80 0
395 10 40 0
396 17 92 0
397 500141 500178 0
398 500188 500198 0
399 31414 31425 0
--------------
1000000 :c
1003445 :sum(p)
1000000 :sum(w)
