400 :n
id p,w,x
--------------
0 7987 7919 1
1 99 5 1
2 7991 7921 1
3 8004 7921 1
4 2152 2074 1
5 7999 7931 1
6 61 8 1
7 2133 2054 1
8 15792 15727 1
9 15815 15737 1
10 4106 4032 1
11 4092 4010 1
12 73 20 1
13 4093 4020 1
14 8008 7939 1
15 2145 2062 1
16 4106 4028 1
17 15823 15739 1
18 4071 4018 1
19 68 13 1
20 2153 2072 1
21 2144 2089 1
22 58 12 1
23 48 10 1
24 52 13 1
25 76 30 1
26 71 32 1
27 17 8 1
28 62 30 1
29 95 56 1
30 99 69 1
31 79 56 1
32 84 62 1
33 49 41 1
34 21 18 1
35 99 96 1
36 2119 2074 1
37 2096 2059 1
38 2091 2055 1
39 2149 2123 1
40 4096 4048 1
41 4072 4025 1
42 2094 2070 1
43 2152 2128 1
44 2106 2084 1
45 2146 2124 1
46 2088 2067 1
47 2136 2115 1
48 2086 2066 1
49 2129 2112 1
50 2140 2123 1
51 4099 4069 1
52 2103 2088 1
53 7969 7918 1
54 2138 2125 1
55 7967 7919 1
56 4035 4011 1
57 4060 4036 1
58 4075 4052 1
59 7971 7927 1
60 4034 4012 1
61 7987 7944 1
62 8003 7960 1
63 7983 7947 1
64 7956 7922 1
65 2138 2129 1
66 15817 15757 1
67 7957 7927 1
68 15802 15744 1
69 7962 7933 1
70 15792 15747 1
71 15804 15760 1
72 8003 7982 1
73 7944 7924 1
74 15800 15764 1
75 31443 31380 1
76 2082 2078 0
77 31439 31379 1
78 31447 31387 1
79 2102 2098 1
80 7978 7963 1
81 8007 7992 1
82 31431 31374 1
83 31399 31351 1
84 31437 31390 1
85 15766 15745 1
86 15759 15741 1
87 15792 15774 1
88 15804 15786 1
89 15819 15801 1
90 62672 62604 1
91 4031 4023 1
92 15768 15751 1
93 15749 15733 1
94 62698 62635 1
95 62682 62620 1
96 2135 2133 1
97 2104 2083 1
98 31391 31354 1
99 62675 62617 0
100 62684 62626 1
101 62694 62636 0
102 62691 62655 0
103 31450 31427 1
104 13 67 0
105 62680 62625 0
106 4073 4070 1
107 31449 31427 0
108 62681 62640 0
109 31449 31429 0
110 15817 15823 0
111 7956 7951 1
112 125199 125126 0
113 31372 31354 0
114 15761 15752 0
115 15799 15790 0
116 125193 125123 0
117 62662 62630 0
118 62675 62643 0
119 62678 62647 0
120 4087 4085 1
121 62637 62607 0
122 62674 62645 0
123 31366 31352 0
124 62682 62657 0
125 15769 15763 0
126 7974 7971 0
127 62688 62665 0
128 31368 31357 0
129 31370 31359 0
130 15758 15753 0
131 62683 62665 0
132 7941 7939 0
133 4035 4034 0
134 62641 62629 0
135 31424 31419 0
136 15783 15781 0
137 2079 2079 0
138 7967 7968 0
139 4040 4041 0
140 7945 7947 0
141 4039 4042 0
142 4060 4064 0
143 4017 4021 0
144 4049 4054 0
145 2131 2135 0
146 2110 2119 0
147 2061 2070 0
148 2077 2087 0
149 2074 2086 0
150 93 96 0
151 68 75 0
152 15 17 0
153 37 43 0
154 16 29 0
155 500145 500113 0
156 250137 250110 0
157 250198 250107 0
158 125187 125178 0
159 500167 500103 0
160 125168 125153 0
161 125163 125153 0
162 125188 125123 0
163 250181 250103 0
164 500137 500103 0
165 500163 500112 0
166 500175 500107 0
167 125168 125145 0
168 250182 250168 0
169 500147 500111 0
170 500144 500117 0
171 125176 125158 0
172 125123 125112 0
173 125183 125156 0
174 250175 250160 0
175 125190 125136 0
176 250144 250119 0
177 250175 250108 0
178 125159 125133 0
179 125192 125130 0
180 250157 250103 0
181 125183 125140 0
182 125173 125155 0
183 125185 125171 0
184 125133 125123 0
185 500141 500108 0
186 250135 250120 0
187 31360 31435 0
188 31369 31433 0
189 31366 31397 0
190 31358 31428 0
191 62611 62692 0
192 31389 31411 0
193 31405 31424 0
194 31408 31423 0
195 62663 62666 0
196 62604 62628 0
197 31397 31428 0
198 31366 31397 0
199 62628 62629 0
200 15769 15820 0
201 15741 15809 0
202 15759 15822 0
203 15756 15805 0
204 62679 62678 0
205 15756 15813 0
206 31351 31446 0
207 62612 62622 0
208 15761 15824 0
209 15773 15785 0
210 62626 62664 0
211 62605 62675 0
212 62626 62699 0
213 15802 15821 0
214 15735 15763 0
215 62631 62674 0
216 62619 62655 0
217 15744 15804 0
218 15781 15798 0
219 62613 62624 0
220 62659 62664 0
221 62638 62698 0
222 62617 62691 0
223 62648 62660 0
224 15735 15809 0
225 62612 62659 0
226 62654 62684 0
227 15732 15808 0
228 62614 62617 0
229 15771 15825 0
230 62625 62699 0
231 62606 62604 0
232 62666 62676 0
233 125105 125112 0
234 125135 125190 0
235 15817 15818 0
236 125135 125175 0
237 125127 125141 0
238 15795 15808 0
239 125105 125135 0
240 125133 125135 0
241 7963 7993 0
242 125126 125120 0
243 125151 125161 0
244 7916 7923 0
245 7921 7933 0
246 7974 8002 0
247 125106 125156 0
248 125116 125164 0
249 125112 125165 0
250 7972 7991 0
251 7920 7954 0
252 125174 125185 0
253 7932 7956 0
254 125164 125168 0
255 125136 125143 0
256 125127 125159 0
257 31353 31432 0
258 125103 125151 0
259 125140 125187 0
260 125157 125174 0
261 125156 125198 0
262 7941 7979 0
263 125123 125194 0
264 250170 250195 0
265 7988 8008 0
266 250154 250185 0
267 250117 250132 0
268 250151 250175 0
269 250163 250194 0
270 7987 7997 0
271 250154 250172 0
272 7974 8010 0
273 7928 7940 0
274 31356 31410 0
275 250160 250181 0
276 250177 250172 0
277 250179 250170 0
278 7923 7963 0
279 4066 4083 0
280 31353 31425 0
281 4039 4060 0
282 31381 31446 0
283 31406 31450 0
284 250147 250138 0
285 250145 250184 0
286 4076 4099 0
287 250144 250132 0
288 4028 4045 0
289 250114 250163 0
290 31391 31412 0
291 250102 250195 0
292 250120 250198 0
293 250171 250165 0
294 250149 250162 0
295 250197 250200 0
296 4033 4053 0
297 250143 250171 0
298 250161 250165 0
299 4051 4070 0
300 250161 250161 0
301 31429 31441 0
302 250103 250143 0
303 250114 250189 0
304 250112 250103 0
305 250120 250170 0
306 250132 250151 0
307 250101 250190 0
308 250124 250193 0
309 4084 4102 0
310 500142 500161 0
311 500111 500134 0
312 500104 500196 0
313 500159 500196 0
314 500125 500103 0
315 500106 500144 0
316 500117 500172 0
317 500132 500193 0
318 500165 500144 0
319 500188 500183 0
320 500140 500147 0
321 500159 500142 0
322 500103 500174 0
323 500108 500101 0
324 500152 500159 0
325 500101 500105 0
326 31386 31438 0
327 31368 31427 0
328 500114 500177 0
329 31387 31440 0
330 500113 500140 0
331 500103 500114 0
332 500190 500165 0
333 500153 500148 0
334 500128 500144 0
335 500136 500165 0
336 500133 500164 0
337 31392 31428 0
338 500115 500126 0
339 500159 500199 0
340 500192 500167 0
341 500112 500143 0
342 31385 31396 0
343 500110 500124 0
344 500114 500194 0
345 500133 500131 0
346 500144 500142 0
347 31379 31380 0
348 31412 31430 0
349 31359 31362 0
350 125197 125178 0
351 250193 250120 0
352 125135 125101 0
353 250180 250122 0
354 125174 125126 0
355 250192 250149 0
356 2075 2151 0
357 2082 2133 0
358 4023 4101 0
359 4019 4094 0
360 2075 2112 0
361 50 72 0
362 8 80 0
363 13 83 0
364 4012 4098 0
365 4059 4100 0
366 51 97 0
367 2098 2141 0
368 11 50 0
369 4037 4069 0
370 15 31 0
371 4054 4105 0
372 4007 4105 0
373 2054 2075 0
374 4019 4080 0
375 3 67 0
376 4009 4056 0
377 4038 4062 0
378 5 71 0
379 4058 4088 0
380 4022 4104 0
381 7931 8005 0
382 15 75 0
383 7938 8000 0
384 2074 2107 0
385 7929 8010 0
386 60 89 0
387 9 65 0
388 3 92 0
389 16 62 0
390 7915 7966 0
391 15726 15815 0
392 15726 15825 0
393 16 80 0
394 2063 2116 0
395 15732 15821 0
396 30 62 0
397 13 76 0
398 2095 2115 0
399 2074 2088 0
--------------
1000000 :c
1004027 :sum(p)
999998 :sum(w)
