400 :n
id p,w,x
--------------
0 2109 2087 1
1 2152 2064 1
2 15802 15747 1
3 15822 15769 1
4 15805 15731 1
5 89 80 1
6 68 2 1
7 15810 15728 1
8 15817 15753 1
9 15799 15732 1
10 82 38 1
11 8011 7956 1
12 2105 2088 1
13 7985 7953 1
14 97 85 1
15 8007 7956 1
16 7955 7925 1
17 8005 7932 1
18 65 33 1
19 70 61 1
20 8006 7959 1
21 7998 7933 1
22 7977 7927 1
23 8001 7954 1
24 7990 7930 1
25 7976 7920 1
26 91 43 1
27 7972 7934 1
28 8010 7970 1
29 4074 4020 1
30 89 63 1
31 4068 4017 1
32 4086 4051 1
33 4070 4018 1
34 4091 4072 1
35 4064 4041 1
36 4050 4026 1
37 94 31 1
38 40 2 1
39 4087 4014 1
40 4103 4060 1
41 4088 4013 1
42 4067 4032 1
43 92 14 1
44 15786 15734 1
45 4086 4013 1
46 2147 2076 1
47 73 42 1
48 2115 2062 1
49 2124 2089 1
50 70 36 1
51 2104 2078 1
52 2143 2131 1
53 2122 2098 1
54 2099 2083 1
55 2134 2113 1
56 2098 2063 1
57 2115 2099 1
58 2144 2108 1
59 2131 2097 1
60 2109 2055 1
61 15802 15770 1
62 31409 31352 1
63 31446 31359 1
64 31423 31371 1
65 15822 15775 1
66 15812 15761 1
67 15809 15775 1
68 31446 31387 1
69 15818 15781 1
70 31431 31360 1
71 31418 31364 1
72 7970 7947 1
73 74 69 1
74 79 76 0
75 2096 2087 1
76 2122 2114 1
77 4050 4038 1
78 2087 2081 1
79 4093 4083 1
80 2076 2071 1
81 15814 15785 1
82 15800 15772 1
83 8001 7987 1
84 31442 31398 1
85 31431 31389 1
86 15778 15758 1
87 4104 4099 1
88 31447 31409 1
89 31447 31410 1
90 31392 31357 1
91 31424 31390 1
92 62687 62623 1
93 31439 31407 1
94 15800 15744 1
95 15776 15752 1
96 7946 7934 1
97 7941 7933 0
98 31391 31361 1
99 2151 2149 0
100 31430 31401 0
101 15816 15814 0
102 91 96 0
103 31381 31354 0
104 31381 31355 0
105 15773 15761 0
106 62662 62617 0
107 62652 62608 0
108 62667 62625 0
109 62693 62651 0
110 62661 62621 0
111 62683 62643 0
112 31412 31392 0
113 15792 15782 0
114 62643 62605 0
115 31424 31409 0
116 7933 7932 0
117 48 48 1
118 4074 4077 0
119 4042 4045 0
120 2145 2150 0
121 2141 2146 0
122 2081 2087 0
123 87 88 1
124 49 53 0
125 35 39 0
126 45 53 0
127 125152 125121 0
128 250178 250148 0
129 62682 62665 0
130 250197 250172 0
131 62681 62656 0
132 500197 500119 0
133 62628 62602 0
134 250167 250108 0
135 125194 125163 0
136 250164 250111 0
137 250165 250141 0
138 62631 62620 0
139 62643 62631 0
140 500184 500112 0
141 125146 125114 0
142 125198 125185 0
143 250147 250104 0
144 500158 500101 0
145 500196 500116 0
146 62675 62665 0
147 62671 62661 0
148 62670 62652 0
149 31358 31353 0
150 62680 62664 0
151 250158 250105 0
152 125173 125145 0
153 250198 250143 0
154 62686 62673 0
155 250198 250169 0
156 125165 125152 0
157 250176 250132 0
158 250179 250102 0
159 125184 125171 0
160 125182 125140 0
161 500185 500137 0
162 250185 250127 0
163 125162 125115 0
164 125177 125112 0
165 500184 500172 0
166 500177 500173 0
167 62679 62680 0
168 500194 500186 0
169 500157 500162 0
170 500183 500139 0
171 500137 500157 0
172 500178 500134 0
173 500161 500124 0
174 500185 500144 0
175 125129 125117 0
176 500150 500134 0
177 500167 500177 0
178 500169 500151 0
179 500166 500136 0
180 500161 500157 0
181 125148 125137 0
182 125181 125173 0
183 500121 500118 0
184 125143 125131 0
185 125116 125122 0
186 500168 500148 0
187 500131 500140 0
188 250160 250149 0
189 250130 250137 0
190 125128 125127 0
191 250175 250171 0
192 125186 125192 0
193 125101 125107 0
194 125158 125152 0
195 250133 250121 0
196 250174 250186 0
197 250124 250110 0
198 250153 250149 0
199 250131 250115 0
200 500169 500131 0
201 500197 500193 0
202 250161 250166 0
203 250191 250183 0
204 250153 250139 0
205 500183 500155 0
206 500186 500189 0
207 125199 125112 0
208 125187 125104 0
209 125189 125139 0
210 125137 125113 0
211 125175 125150 0
212 125190 125170 0
213 62667 62650 0
214 31397 31389 0
215 500155 500106 0
216 31390 31394 0
217 15726 15728 0
218 15754 15804 0
219 15748 15809 0
220 31371 31380 0
221 15771 15802 0
222 15740 15813 0
223 15779 15798 0
224 31356 31448 0
225 31389 31414 0
226 31394 31447 0
227 31351 31374 0
228 31392 31400 0
229 31383 31396 0
230 15730 15757 0
231 15778 15781 0
232 31356 31365 0
233 31380 31415 0
234 15733 15795 0
235 31414 31450 0
236 31364 31420 0
237 31353 31450 0
238 15746 15760 0
239 31404 31429 0
240 31370 31414 0
241 31368 31414 0
242 31400 31444 0
243 8000 8005 0
244 7999 8009 0
245 7949 7981 0
246 31378 31400 0
247 31372 31379 0
248 7913 7939 0
249 7918 7952 0
250 62679 62688 0
251 62620 62687 0
252 62611 62633 0
253 7966 8006 0
254 7950 7958 0
255 62630 62648 0
256 7920 7935 0
257 7926 7943 0
258 62602 62626 0
259 62646 62668 0
260 62651 62673 0
261 7969 7995 0
262 7988 8002 0
263 62645 62665 0
264 7950 7962 0
265 7940 7952 0
266 7947 7994 0
267 62613 62688 0
268 62628 62641 0
269 7959 7983 0
270 7925 7935 0
271 7933 7969 0
272 7928 7960 0
273 7996 8012 0
274 7927 7941 0
275 7916 7940 0
276 62612 62651 0
277 7922 7995 0
278 62608 62635 0
279 62619 62686 0
280 62670 62699 0
281 4037 4068 0
282 62609 62638 0
283 4059 4076 0
284 4038 4076 0
285 4052 4070 0
286 4017 4064 0
287 4015 4031 0
288 4046 4101 0
289 62632 62638 0
290 4025 4043 0
291 4019 4099 0
292 15730 15750 0
293 62604 62633 0
294 62602 62695 0
295 4033 4060 0
296 62638 62661 0
297 4043 4055 0
298 4052 4088 0
299 4053 4092 0
300 4013 4098 0
301 62626 62663 0
302 4020 4105 0
303 125140 125180 0
304 125111 125126 0
305 4019 4058 0
306 4047 4053 0
307 15733 15751 0
308 4012 4041 0
309 4035 4085 0
310 125111 125129 0
311 125104 125151 0
312 4069 4092 0
313 4029 4052 0
314 125132 125199 0
315 125119 125155 0
316 4022 4089 0
317 4068 4081 0
318 125119 125140 0
319 125109 125132 0
320 2086 2100 0
321 125112 125185 0
322 2084 2112 0
323 125115 125195 0
324 125169 125185 0
325 2096 2134 0
326 125101 125180 0
327 125100 125118 0
328 125129 125162 0
329 2057 2076 0
330 15770 15792 0
331 125158 125185 0
332 250110 250163 0
333 2075 2100 0
334 250110 250164 0
335 2131 2144 0
336 2062 2090 0
337 2061 2145 0
338 250103 250184 0
339 2063 2080 0
340 2082 2114 0
341 500118 500143 0
342 250166 250199 0
343 250111 250129 0
344 250117 250154 0
345 2102 2120 0
346 15760 15768 0
347 250112 250177 0
348 2071 2096 0
349 250119 250188 0
350 250143 250186 0
351 250101 250199 0
352 2089 2135 0
353 2095 2152 0
354 2054 2103 0
355 250121 250173 0
356 250129 250153 0
357 2082 2093 0
358 250102 250175 0
359 16 92 0
360 19 65 0
361 15751 15796 0
362 1 82 0
363 36 78 0
364 21 89 0
365 15729 15777 0
366 250118 250176 0
367 7 69 0
368 250121 250140 0
369 250137 250169 0
370 15726 15762 0
371 250154 250180 0
372 9 58 0
373 18 47 0
374 66 89 0
375 4 33 0
376 500116 500186 0
377 61 72 0
378 500156 500196 0
379 64 93 0
380 500123 500153 0
381 500155 500199 0
382 64 88 0
383 500143 500195 0
384 23 41 0
385 500139 500165 0
386 500140 500168 0
387 19 45 0
388 500117 500162 0
389 46 79 0
390 1 27 0
391 500134 500164 0
392 15751 15771 0
393 500116 500173 0
394 500133 500166 0
395 4 21 0
396 86 96 0
397 500128 500186 0
398 15737 15778 0
399 15751 15784 0
--------------
1000000 :c
1003897 :sum(p)
999997 :sum(w)
