400 :n
id p,w,x
--------------
0 43 18 1
1 36 24 1
2 81 68 1
3 92 74 1
4 4102 4021 1
5 4074 4015 1
6 2118 2066 1
7 2125 2073 1
8 2134 2082 1
9 2132 2094 1
10 28 17 1
11 67 42 1
12 2152 2091 1
13 88 72 1
14 16 3 1
15 2100 2060 1
16 2104 2057 1
17 62 32 1
18 2140 2060 1
19 94 62 1
20 37 2 1
21 40 8 1
22 2148 2058 1
23 96 50 1
24 95 15 1
25 88 10 1
26 74 66 1
27 66 47 1
28 84 42 1
29 12 3 1
30 2140 2114 1
31 7994 7914 1
32 2114 2090 1
33 4043 4019 1
34 4105 4059 1
35 15795 15731 1
36 15810 15771 1
37 15816 15755 1
38 15823 15781 1
39 15812 15773 1
40 31446 31376 1
41 15788 15726 1
42 15790 15739 1
43 2105 2075 1
44 31445 31384 1
45 15825 15767 1
46 31445 31365 1
47 15770 15728 1
48 15793 15752 1
49 4102 4047 1
50 31445 31387 1
51 7982 7951 1
52 2144 2118 1
53 8010 7969 1
54 4094 4062 1
55 8004 7932 1
56 2149 2124 1
57 4073 4041 1
58 4064 4017 1
59 4099 4059 1
60 7977 7922 1
61 7953 7921 1
62 7990 7960 1
63 8000 7925 1
64 7964 7923 1
65 6 5 1
66 76 73 1
67 2127 2106 1
68 2076 2061 1
69 2133 2121 1
70 4069 4049 1
71 4070 4050 1
72 2107 2098 1
73 2150 2141 1
74 2118 2111 1
75 7936 7913 1
76 2121 2115 1
77 4056 4045 1
78 4057 4047 1
79 2060 2055 1
80 7978 7959 1
81 7999 7980 1
82 15817 15785 1
83 7940 7924 1
84 8000 7984 1
85 8007 7991 1
86 15754 15726 1
87 7959 7946 1
88 31443 31392 1
89 4024 4018 0
90 31424 31379 1
91 7936 7925 1
92 15746 15726 1
93 15781 15762 1
94 62688 62614 1
95 15772 15755 1
96 15778 15761 1
97 62671 62606 1
98 31422 31390 1
99 62676 62616 1
100 61 28 1
101 31418 31370 1
102 31378 31352 0
103 62676 62625 1
104 62655 62606 0
105 62699 62665 0
106 31449 31442 0
107 15782 15807 0
108 15761 15749 0
109 7959 7953 1
110 62676 62629 0
111 62670 62628 0
112 125185 125105 0
113 125194 125114 0
114 31371 31351 0
115 31440 31421 0
116 31431 31413 0
117 15762 15753 0
118 125196 125126 0
119 62694 62660 0
120 31411 31394 0
121 31384 31368 0
122 15811 15803 0
123 15820 15812 0
124 4056 4054 0
125 2067 2066 1
126 62634 62604 0
127 62658 62628 0
128 62635 62608 0
129 62648 62622 0
130 15747 15743 0
131 4046 4045 0
132 15792 15789 0
133 15733 15732 0
134 15744 15743 0
135 7939 7939 0
136 4014 4014 0
137 4078 4079 0
138 7940 7943 0
139 2136 2137 1
140 4081 4084 0
141 4066 4071 0
142 2149 2152 0
143 2133 2137 0
144 2060 2066 0
145 2096 2106 0
146 88 90 0
147 73 79 0
148 41 50 0
149 36 44 0
150 37 48 0
151 10 15 0
152 14 25 0
153 250128 250119 0
154 62640 62639 0
155 250178 250107 0
156 250196 250190 0
157 62696 62673 0
158 250125 250120 0
159 250152 250107 0
160 500132 500120 0
161 125135 125104 0
162 250189 250141 0
163 125170 125145 0
164 125117 125102 0
165 500188 500153 0
166 250118 250106 0
167 500127 500116 0
168 125173 125146 0
169 125186 125157 0
170 31404 31395 0
171 250200 250190 0
172 250177 250121 0
173 500162 500129 0
174 500180 500156 0
175 500196 500152 0
176 250172 250171 0
177 31442 31433 0
178 62615 62609 0
179 500200 500155 0
180 125161 125112 0
181 250194 250108 0
182 500167 500113 0
183 250193 250109 0
184 500132 500128 0
185 250149 250142 0
186 500199 500153 0
187 500121 500107 0
188 500164 500147 0
189 62641 62630 0
190 125135 125100 0
191 125131 125109 0
192 31420 31413 0
193 500135 500111 0
194 125122 125105 0
195 500186 500121 0
196 125144 125133 0
197 500134 500117 0
198 125150 125119 0
199 500190 500117 0
200 125153 125131 0
201 250173 250130 0
202 500161 500144 0
203 125165 125145 0
204 500163 500106 0
205 62668 62661 0
206 62614 62606 0
207 125163 125107 0
208 125162 125109 0
209 500192 500133 0
210 250194 250127 0
211 250198 250194 0
212 62661 62653 0
213 250182 250122 0
214 62666 62652 0
215 62695 62689 0
216 250156 250126 0
217 62691 62679 0
218 250187 250166 0
219 500197 500155 0
220 250123 250115 0
221 62679 62678 0
222 250114 250106 0
223 250200 250148 0
224 62632 62625 0
225 15749 15825 0
226 31363 31417 0
227 31351 31353 0
228 31393 31434 0
229 15756 15805 0
230 31417 31421 0
231 31361 31389 0
232 31423 31431 0
233 15746 15799 0
234 31413 31414 0
235 15760 15782 0
236 31381 31437 0
237 31427 31430 0
238 31375 31379 0
239 7917 8009 0
240 7930 7983 0
241 31396 31440 0
242 31402 31444 0
243 31359 31378 0
244 31399 31449 0
245 31427 31447 0
246 62628 62653 0
247 7914 7925 0
248 7962 8005 0
249 7915 7999 0
250 62655 62692 0
251 62615 62697 0
252 62610 62669 0
253 7951 8007 0
254 7939 8005 0
255 7945 7955 0
256 7920 7954 0
257 7933 7939 0
258 62615 62698 0
259 7988 7996 0
260 7958 7996 0
261 62616 62620 0
262 62628 62686 0
263 7962 7990 0
264 7979 8006 0
265 62626 62663 0
266 62635 62678 0
267 7953 8009 0
268 62611 62665 0
269 7927 7978 0
270 62667 62694 0
271 62631 62640 0
272 7913 7961 0
273 31351 31427 0
274 7939 8003 0
275 7951 7960 0
276 62609 62632 0
277 62660 62692 0
278 7953 7976 0
279 4065 4081 0
280 62685 62687 0
281 125163 125163 0
282 4023 4095 0
283 4036 4077 0
284 125130 125173 0
285 4044 4106 0
286 125151 125162 0
287 125104 125139 0
288 125145 125145 0
289 125112 125179 0
290 125132 125167 0
291 4080 4101 0
292 4011 4058 0
293 4053 4090 0
294 4022 4088 0
295 4047 4091 0
296 4058 4077 0
297 4086 4095 0
298 125102 125120 0
299 4038 4070 0
300 4038 4062 0
301 31375 31425 0
302 125117 125119 0
303 4044 4072 0
304 4013 4073 0
305 4017 4106 0
306 4037 4077 0
307 4047 4100 0
308 125139 125178 0
309 125106 125197 0
310 15766 15796 0
311 4012 4048 0
312 31407 31410 0
313 125123 125143 0
314 125141 125146 0
315 4032 4070 0
316 125100 125129 0
317 15792 15823 0
318 125158 125191 0
319 2087 2129 0
320 2066 2106 0
321 15779 15802 0
322 15742 15804 0
323 125101 125152 0
324 2123 2139 0
325 125135 125184 0
326 125156 125171 0
327 2102 2144 0
328 125102 125142 0
329 2070 2088 0
330 31354 31423 0
331 125154 125190 0
332 125117 125142 0
333 125146 125190 0
334 2095 2149 0
335 2061 2111 0
336 250128 250195 0
337 2061 2101 0
338 250112 250186 0
339 250137 250163 0
340 250125 250129 0
341 250118 250143 0
342 250164 250174 0
343 2104 2139 0
344 250120 250189 0
345 250148 250160 0
346 250138 250185 0
347 2093 2138 0
348 250128 250164 0
349 250135 250141 0
350 15735 15756 0
351 250103 250122 0
352 250106 250144 0
353 2095 2113 0
354 2102 2151 0
355 250138 250138 0
356 31404 31430 0
357 250113 250180 0
358 250111 250137 0
359 250147 250159 0
360 250121 250175 0
361 15769 15818 0
362 15747 15816 0
363 56 83 0
364 31352 31360 0
365 500113 500132 0
366 500118 500191 0
367 500156 500171 0
368 500110 500113 0
369 500128 500139 0
370 31364 31448 0
371 19 83 0
372 500112 500124 0
373 500128 500139 0
374 500154 500174 0
375 500163 500196 0
376 64 89 0
377 500147 500153 0
378 500155 500177 0
379 500113 500135 0
380 500195 500194 0
381 500131 500154 0
382 13 81 0
383 66 80 0
384 30 99 0
385 500128 500182 0
386 78 92 0
387 15740 15769 0
388 45 63 0
389 4 91 0
390 500108 500131 0
391 15743 15783 0
392 56 93 0
393 500124 500166 0
394 500119 500190 0
395 500157 500181 0
396 500131 500186 0
397 59 95 0
398 15805 15806 0
399 15796 15801 0
--------------
1000000 :c
1003707 :sum(p)
999999 :sum(w)
