400 :n
id p,w,x
--------------
0 65 8 1
1 84 47 1
2 15783 15743 1
3 15824 15783 1
4 15804 15755 1
5 72 34 1
6 7969 7922 1
7 7954 7918 1
8 8011 7957 1
9 15819 15733 1
10 7979 7918 1
11 15824 15768 1
12 97 53 1
13 80 42 1
14 8000 7921 1
15 67 31 1
16 7972 7939 1
17 7995 7939 1
18 7998 7956 1
19 15818 15764 1
20 15790 15726 1
21 15803 15768 1
22 8003 7950 1
23 15791 15746 1
24 8008 7965 1
25 4098 4022 1
26 4103 4082 1
27 4097 4067 1
28 40 7 1
29 4036 4015 1
30 69 34 1
31 4089 4045 1
32 4105 4017 1
33 31440 31365 1
34 4047 4027 1
35 2099 2077 1
36 31449 31380 1
37 31438 31359 1
38 4075 4015 1
39 4052 4011 1
40 4098 4044 1
41 4105 4076 1
42 4105 4021 1
43 4054 4031 1
44 4086 4033 1
45 4065 4044 1
46 2140 2078 1
47 2127 2088 1
48 4081 4046 1
49 91 8 1
50 61 15 1
51 54 37 1
52 98 63 1
53 99 36 1
54 94 23 1
55 2116 2078 1
56 4097 4018 1
57 2150 2107 1
58 2091 2057 1
59 2124 2071 1
60 2127 2097 1
61 2149 2068 1
62 74 32 1
63 55 6 1
64 2100 2054 1
65 2093 2073 1
66 15800 15768 1
67 67 29 1
68 2119 2068 1
69 2118 2087 1
70 89 48 1
71 31429 31372 1
72 31423 31366 1
73 31448 31386 1
74 31442 31383 1
75 10 4 1
76 22 9 1
77 60 48 1
78 44 40 1
79 2133 2121 1
80 2142 2130 1
81 2139 2130 1
82 4066 4049 1
83 2152 2144 1
84 4080 4066 1
85 2126 2119 1
86 4040 4027 1
87 7960 7941 1
88 7962 7946 1
89 7998 7983 1
90 4039 4032 1
91 4041 4034 1
92 4067 4060 1
93 31433 31389 1
94 7984 7973 1
95 31412 31371 1
96 62686 62608 1
97 62680 62604 1
98 31399 31362 1
99 7984 7975 0
100 31429 31394 1
101 15752 15735 1
102 15772 15755 0
103 7951 7943 0
104 2080 2078 0
105 15805 15790 1
106 15808 15735 1
107 4022 4009 1
108 15792 15778 1
109 31416 31390 0
110 62693 62645 1
111 31449 31432 0
112 15819 15810 0
113 52 83 0
114 31412 31390 0
115 62661 62618 0
116 31409 31388 0
117 62646 62606 0
118 62647 62609 0
119 125189 125117 0
120 31390 31373 0
121 31419 31403 0
122 4011 4009 0
123 125176 125114 0
124 125180 125119 0
125 2111 2110 0
126 62663 62634 0
127 125184 125128 0
128 62631 62603 0
129 62642 62614 0
130 125189 125135 0
131 125191 125139 0
132 31413 31400 0
133 62640 62616 0
134 62647 62623 0
135 125165 125122 0
136 62640 62620 0
137 62662 62642 0
138 15795 15790 0
139 15810 15805 0
140 62678 62659 0
141 62633 62616 0
142 15790 15786 0
143 7981 7979 0
144 31382 31375 0
145 62622 62609 0
146 7951 7950 0
147 15753 15752 0
148 15761 15760 0
149 7968 7969 0
150 4088 4089 0
151 2119 2120 0
152 7996 8001 0
153 4007 4011 0
154 2060 2064 0
155 2078 2083 0
156 4043 4053 0
157 2056 2062 0
158 2114 2124 0
159 59 63 0
160 50 58 0
161 34 43 0
162 500200 500125 0
163 250173 250151 0
164 500143 500112 0
165 62638 62632 0
166 500186 500156 0
167 125182 125158 0
168 250179 250162 0
169 250138 250120 0
170 250181 250155 0
171 250198 250161 0
172 250139 250117 0
173 500198 500126 0
174 125137 125124 0
175 125195 125181 0
176 125159 125147 0
177 500200 500117 0
178 500152 500113 0
179 125180 125163 0
180 250172 250157 0
181 500179 500118 0
182 62696 62687 0
183 250186 250145 0
184 250147 250105 0
185 31430 31429 0
186 500154 500157 0
187 500141 500118 0
188 500118 500124 0
189 500125 500148 0
190 500192 500196 0
191 500136 500152 0
192 500116 500116 0
193 500107 500123 0
194 500176 500158 0
195 250114 250124 0
196 125145 125138 0
197 250119 250132 0
198 62655 62661 0
199 500170 500147 0
200 250103 250121 0
201 250133 250139 0
202 500148 500125 0
203 500134 500179 0
204 62633 62640 0
205 500157 500175 0
206 62614 62613 0
207 500164 500150 0
208 500125 500134 0
209 250198 250193 0
210 62612 62610 0
211 62653 62656 0
212 250137 250163 0
213 500156 500160 0
214 250156 250176 0
215 250110 250129 0
216 125141 125145 0
217 125133 125141 0
218 125155 125170 0
219 500134 500168 0
220 125171 125183 0
221 500157 500191 0
222 125174 125178 0
223 500108 500153 0
224 500180 500191 0
225 250118 250143 0
226 125117 125114 0
227 125132 125136 0
228 125168 125169 0
229 500156 500172 0
230 500181 500175 0
231 125170 125174 0
232 500110 500108 0
233 125125 125121 0
234 500117 500128 0
235 250123 250127 0
236 500146 500199 0
237 500193 500173 0
238 250165 250117 0
239 250190 250104 0
240 250184 250123 0
241 125154 125127 0
242 250155 250107 0
243 250192 250135 0
244 125181 125156 0
245 250198 250131 0
246 250176 250102 0
247 250187 250168 0
248 250150 250129 0
249 500149 500102 0
250 125127 125103 0
251 15741 15753 0
252 7934 7947 0
253 7951 7985 0
254 15731 15775 0
255 7962 7979 0
256 15728 15821 0
257 7956 8011 0
258 15806 15821 0
259 7931 8001 0
260 7976 8011 0
261 15789 15823 0
262 7917 7992 0
263 15808 15810 0
264 15759 15765 0
265 7917 7966 0
266 7918 8011 0
267 7939 7991 0
268 7927 7951 0
269 7930 7939 0
270 7945 7998 0
271 15738 15746 0
272 15776 15784 0
273 15740 15793 0
274 15772 15812 0
275 7917 7957 0
276 500139 500199 0
277 31360 31392 0
278 7964 7991 0
279 31409 31434 0
280 4033 4064 0
281 31381 31397 0
282 31367 31412 0
283 15727 15739 0
284 31398 31447 0
285 31411 31420 0
286 31355 31408 0
287 31354 31412 0
288 31354 31374 0
289 4019 4087 0
290 31394 31422 0
291 4035 4055 0
292 4010 4083 0
293 31411 31420 0
294 31396 31434 0
295 4016 4062 0
296 31408 31449 0
297 4030 4081 0
298 31430 31448 0
299 4017 4042 0
300 31405 31422 0
301 31361 31382 0
302 4009 4076 0
303 4015 4041 0
304 31370 31399 0
305 15726 15797 0
306 31405 31425 0
307 31385 31404 0
308 31379 31402 0
309 4031 4078 0
310 62659 62672 0
311 62626 62658 0
312 7967 7997 0
313 62651 62688 0
314 62610 62686 0
315 62646 62685 0
316 4012 4103 0
317 4050 4069 0
318 62601 62612 0
319 2090 2143 0
320 2085 2127 0
321 62652 62666 0
322 62611 62667 0
323 2102 2125 0
324 62626 62659 0
325 2092 2136 0
326 62634 62685 0
327 2078 2123 0
328 62609 62638 0
329 2063 2098 0
330 62647 62665 0
331 62641 62700 0
332 2055 2079 0
333 62619 62657 0
334 62626 62656 0
335 2064 2131 0
336 2109 2141 0
337 15767 15779 0
338 2072 2111 0
339 2060 2077 0
340 62607 62634 0
341 7932 7990 0
342 62655 62691 0
343 125145 125191 0
344 125100 125122 0
345 2104 2118 0
346 2072 2102 0
347 125160 125179 0
348 125157 125192 0
349 7916 7950 0
350 7962 8000 0
351 125160 125184 0
352 125138 125190 0
353 2093 2141 0
354 7940 7982 0
355 125103 125170 0
356 125112 125173 0
357 2056 2094 0
358 125140 125170 0
359 6 26 0
360 47 87 0
361 125171 125199 0
362 125125 125196 0
363 125161 125184 0
364 125136 125197 0
365 63 81 0
366 125132 125154 0
367 49 75 0
368 23 76 0
369 33 71 0
370 20 53 0
371 250103 250162 0
372 250150 250186 0
373 20 66 0
374 15736 15782 0
375 250116 250191 0
376 15769 15773 0
377 250148 250185 0
378 250105 250182 0
379 250108 250170 0
380 16 51 0
381 15749 15812 0
382 4 56 0
383 250107 250148 0
384 12 90 0
385 250156 250196 0
386 2 72 0
387 250109 250167 0
388 15 79 0
389 25 43 0
390 250152 250194 0
391 250122 250195 0
392 250103 250152 0
393 500117 500187 0
394 500117 500185 0
395 500105 500198 0
396 500127 500191 0
397 500138 500199 0
398 15785 15812 0
399 15730 15760 0
--------------
1000000 :c
1004292 :sum(p)
999996 :sum(w)
