400 :n
id p,w,x
--------------
0 2111 2054 1
1 2125 2080 1
2 89 76 1
3 64 2 1
4 4102 4054 1
5 4072 4035 1
6 23 13 1
7 73 22 1
8 4095 4052 1
9 4096 4026 1
10 70 36 1
11 2145 2116 1
12 4072 4033 1
13 4076 4013 1
14 4091 4060 1
15 69 23 1
16 4069 4028 1
17 77 20 1
18 51 39 1
19 2122 2071 1
20 4098 4018 1
21 2106 2068 1
22 62 45 1
23 2145 2120 1
24 99 80 1
25 97 24 1
26 4086 4020 1
27 81 40 1
28 94 30 1
29 7994 7924 1
30 2120 2092 1
31 49 35 1
32 4070 4040 1
33 56 27 1
34 93 66 1
35 2121 2097 1
36 2112 2061 1
37 2128 2073 1
38 2097 2063 1
39 2108 2075 1
40 2145 2125 1
41 2143 2070 1
42 2148 2090 1
43 2101 2085 1
44 2144 2122 1
45 2152 2114 1
46 8003 7967 1
47 15821 15726 1
48 7994 7942 1
49 31440 31377 1
50 7995 7953 1
51 31447 31360 1
52 4074 4054 1
53 7979 7921 1
54 8004 7976 1
55 31448 31380 1
56 2152 2140 1
57 31429 31357 1
58 15771 15729 1
59 7963 7922 1
60 15787 15743 1
61 7971 7936 1
62 7968 7933 1
63 15812 15744 1
64 4089 4075 1
65 4091 4067 1
66 15770 15731 1
67 4055 4034 1
68 15814 15771 1
69 15823 15790 1
70 15814 15730 1
71 7994 7975 1
72 15800 15743 1
73 4060 4036 1
74 15777 15726 1
75 7998 7955 1
76 2085 2078 1
77 4072 4063 1
78 7980 7964 1
79 2076 2072 1
80 15798 15768 1
81 2143 2139 1
82 31425 31367 1
83 15770 15742 1
84 4077 4070 0
85 7955 7942 1
86 15789 15764 1
87 15825 15800 1
88 15824 15800 1
89 7995 7983 1
90 8002 7991 0
91 31401 31360 1
92 4022 4017 1
93 62687 62610 1
94 62684 62608 1
95 31408 31370 1
96 31439 31401 1
97 15779 15760 1
98 31387 31353 1
99 99 75 1
100 15759 15728 1
101 62700 62634 0
102 31408 31376 1
103 62654 62613 0
104 62691 62669 0
105 15820 15810 0
106 6 49 0
107 15766 15750 0
108 7937 7929 0
109 62671 62608 1
110 31398 31367 0
111 62678 62625 0
112 31397 31371 0
113 31412 31386 0
114 31382 31360 0
115 62655 62614 0
116 31447 31428 0
117 62679 62645 0
118 4037 4035 0
119 62647 62617 0
120 31370 31355 0
121 31448 31434 0
122 31400 31389 0
123 31412 31405 0
124 15745 15742 0
125 7962 7961 0
126 4009 4009 0
127 8002 8003 0
128 2104 2105 0
129 4051 4054 0
130 4040 4044 0
131 4092 4097 0
132 2104 2110 0
133 16 24 0
134 250177 250128 0
135 125182 125118 0
136 250185 250152 0
137 250174 250128 0
138 125170 125131 0
139 125186 125138 0
140 250172 250104 0
141 250173 250106 0
142 250149 250110 0
143 125163 125111 0
144 62643 62627 0
145 125189 125150 0
146 250194 250150 0
147 125199 125146 0
148 500189 500130 0
149 250149 250116 0
150 125125 125111 0
151 125157 125107 0
152 250166 250111 0
153 125169 125156 0
154 250197 250136 0
155 250160 250122 0
156 62620 62610 0
157 62657 62647 0
158 500199 500130 0
159 125135 125100 0
160 125177 125117 0
161 125194 125148 0
162 250175 250140 0
163 125178 125129 0
164 125125 125103 0
165 125191 125141 0
166 125193 125129 0
167 125191 125130 0
168 250137 250108 0
169 125149 125116 0
170 250186 250142 0
171 62619 62601 0
172 500167 500116 0
173 62686 62665 0
174 125181 125156 0
175 62631 62655 0
176 31433 31446 0
177 62605 62616 0
178 31389 31411 0
179 500167 500119 0
180 31354 31393 0
181 62627 62699 0
182 31411 31441 0
183 62635 62700 0
184 62618 62682 0
185 31358 31368 0
186 62665 62673 0
187 62617 62658 0
188 62626 62674 0
189 62621 62653 0
190 31386 31389 0
191 31431 31444 0
192 62607 62679 0
193 62638 62635 0
194 31377 31408 0
195 31380 31408 0
196 31365 31366 0
197 31436 31438 0
198 62619 62671 0
199 62613 62663 0
200 62612 62659 0
201 62625 62688 0
202 62614 62664 0
203 62634 62655 0
204 62617 62612 0
205 62622 62655 0
206 62601 62661 0
207 62647 62692 0
208 62627 62674 0
209 62642 62666 0
210 125134 125135 0
211 15739 15755 0
212 125145 125152 0
213 125107 125145 0
214 15776 15796 0
215 125106 125184 0
216 15784 15805 0
217 125105 125178 0
218 125157 125165 0
219 15763 15766 0
220 125115 125194 0
221 125165 125195 0
222 15781 15786 0
223 125146 125168 0
224 125140 125190 0
225 125106 125109 0
226 125166 125188 0
227 125156 125183 0
228 125119 125197 0
229 125135 125123 0
230 125116 125154 0
231 125130 125164 0
232 125112 125167 0
233 125101 125138 0
234 125101 125135 0
235 250168 250153 0
236 250172 250177 0
237 250164 250152 0
238 15790 15790 0
239 250118 250180 0
240 250171 250179 0
241 250129 250157 0
242 7969 7976 0
243 250141 250136 0
244 250123 250191 0
245 250114 250150 0
246 250131 250107 0
247 250157 250164 0
248 250133 250174 0
249 250121 250144 0
250 250130 250140 0
251 250129 250130 0
252 7951 7960 0
253 250111 250177 0
254 250129 250144 0
255 250118 250106 0
256 250108 250119 0
257 250184 250160 0
258 250114 250130 0
259 250118 250118 0
260 8002 8012 0
261 250135 250133 0
262 250117 250161 0
263 250161 250162 0
264 500175 500140 0
265 500141 500135 0
266 500158 500195 0
267 500126 500190 0
268 500116 500157 0
269 500133 500198 0
270 31414 31412 0
271 7950 7954 0
272 500105 500155 0
273 500140 500147 0
274 500172 500187 0
275 500177 500193 0
276 500125 500197 0
277 500186 500195 0
278 500138 500163 0
279 500185 500193 0
280 500192 500158 0
281 500149 500168 0
282 500128 500141 0
283 500157 500181 0
284 31353 31395 0
285 500172 500154 0
286 500107 500177 0
287 500123 500151 0
288 500162 500134 0
289 31395 31437 0
290 500143 500156 0
291 500112 500176 0
292 500110 500112 0
293 62606 62663 0
294 500147 500164 0
295 500175 500162 0
296 500133 500135 0
297 500148 500117 0
298 31415 31414 0
299 500162 500200 0
300 500124 500189 0
301 500160 500154 0
302 500140 500128 0
303 500161 500158 0
304 500153 500182 0
305 31389 31400 0
306 500115 500191 0
307 62648 62693 0
308 31358 31380 0
309 31401 31429 0
310 250195 250144 0
311 125173 125121 0
312 4084 4098 0
313 4036 4087 0
314 4093 4099 0
315 4041 4048 0
316 4038 4080 0
317 4044 4098 0
318 4009 4056 0
319 2069 2113 0
320 4010 4060 0
321 4054 4080 0
322 4008 4073 0
323 4054 4061 0
324 4007 4024 0
325 4010 4019 0
326 2064 2101 0
327 2083 2121 0
328 7913 7982 0
329 7961 7989 0
330 2096 2121 0
331 7918 7982 0
332 7949 8001 0
333 2108 2128 0
334 7939 7974 0
335 7917 7951 0
336 2101 2152 0
337 7959 7993 0
338 7944 7989 0
339 2074 2123 0
340 7934 7993 0
341 7926 7993 0
342 2106 2126 0
343 7940 7952 0
344 7917 7963 0
345 2072 2140 0
346 2094 2123 0
347 2057 2099 0
348 2096 2131 0
349 7989 8005 0
350 7925 7983 0
351 2073 2142 0
352 2106 2135 0
353 2064 2125 0
354 7914 7993 0
355 7936 7964 0
356 2076 2142 0
357 7931 7969 0
358 7922 7982 0
359 15731 15785 0
360 15776 15810 0
361 64 82 0
362 10 31 0
363 17 44 0
364 15748 15779 0
365 7 76 0
366 15771 15804 0
367 15727 15817 0
368 15739 15777 0
369 15754 15794 0
370 15737 15779 0
371 29 58 0
372 15754 15795 0
373 11 44 0
374 15751 15796 0
375 41 69 0
376 15757 15811 0
377 59 70 0
378 15729 15770 0
379 5 25 0
380 40 57 0
381 15756 15806 0
382 15730 15752 0
383 4034 4083 0
384 37 50 0
385 22 81 0
386 42 56 0
387 31357 31406 0
388 8 50 0
389 31353 31421 0
390 5 48 0
391 12 25 0
392 39 71 0
393 39 75 0
394 31382 31436 0
395 11 24 0
396 23 58 0
397 19 63 0
398 4057 4081 0
399 4024 4071 0
--------------
1000000 :c
1003965 :sum(p)
999998 :sum(w)
