400 :n
id p,w,x
--------------
0 96 49 1
1 75 54 1
2 2153 2072 1
3 80 35 1
4 42 8 1
5 59 15 1
6 95 60 1
7 47 1 1
8 56 29 1
9 100 8 1
10 69 41 1
11 96 65 1
12 78 33 1
13 31 3 1
14 99 2 1
15 42 22 1
16 87 15 1
17 90 10 1
18 19 5 1
19 38 26 1
20 73 60 1
21 78 69 1
22 43 40 1
23 24 23 0
24 78 75 0
25 2145 2072 1
26 2150 2082 1
27 2138 2072 1
28 2142 2095 1
29 2136 2090 1
30 2118 2076 1
31 2101 2063 1
32 4080 4008 1
33 4092 4023 1
34 4093 4025 1
35 2118 2084 1
36 4078 4016 1
37 4068 4008 1
38 2118 2087 1
39 4086 4033 1
40 4105 4053 1
41 8007 7913 1
42 8003 7915 1
43 8000 7913 1
44 4099 4055 1
45 8005 7929 1
46 2146 2126 1
47 4089 4051 1
48 4044 4007 1
49 8005 7936 1
50 2109 2091 1
51 4057 4023 1
52 2122 2105 1
53 4054 4022 1
54 7987 7924 1
55 7976 7914 1
56 7992 7931 1
57 2105 2089 1
58 7976 7922 1
59 2091 2077 1
60 2102 2089 1
61 7989 7942 1
62 2108 2096 1
63 4060 4037 1
64 4083 4060 1
65 15823 15738 1
66 4101 4079 1
67 4037 4017 1
68 15808 15732 1
69 15805 15731 1
70 15823 15749 1
71 4077 4058 1
72 15815 15744 1
73 15824 15756 1
74 7969 7936 1
75 7952 7920 1
76 7965 7933 1
77 8005 7973 1
78 15821 15762 1
79 4023 4008 1
80 4050 4036 1
81 7999 7972 1
82 15783 15732 1
83 4054 4041 1
84 15800 15755 1
85 15805 15760 1
86 4026 4016 0
87 15815 15779 1
88 31422 31351 1
89 31450 31380 1
90 15800 15765 1
91 7950 7933 1
92 31445 31382 1
93 31418 31358 1
94 31427 31367 1
95 31436 31376 1
96 31430 31374 1
97 15812 15784 1
98 7954 7940 1
99 31448 31396 1
100 15759 15733 1
101 31405 31354 1
102 7968 7956 1
103 8006 7994 1
104 31447 31402 1
105 15768 15746 1
106 7927 7918 1
107 46 38 1
108 7996 7987 0
109 31392 31352 1
110 62695 62623 1
111 31414 31380 0
112 62684 62619 1
113 31421 31392 0
114 31450 31441 0
115 15769 15822 0
116 62691 62631 0
117 62698 62688 0
118 31401 31371 0
119 15781 15766 1
120 31382 31354 0
121 62692 62638 0
122 31420 31394 0
123 31403 31378 0
124 4093 4091 0
125 125194 125101 0
126 62679 62637 0
127 62656 62616 0
128 62673 62635 0
129 125179 125107 0
130 62650 62614 0
131 125179 125109 0
132 125185 125119 0
133 125190 125124 0
134 62669 62637 0
135 62678 62646 0
136 15746 15738 0
137 15788 15780 0
138 4048 4046 0
139 62636 62606 0
140 2107 2106 1
141 31410 31396 0
142 15806 15799 0
143 15811 15804 0
144 125196 125146 0
145 31431 31419 0
146 15806 15800 0
147 62665 62643 0
148 125195 125152 0
149 15774 15769 0
150 62646 62627 0
151 250186 250112 0
152 250197 250123 0
153 250182 250109 0
154 125174 125139 0
155 250196 250128 0
156 125191 125158 0
157 250186 250121 0
158 125158 125126 0
159 31428 31420 0
160 15778 15774 0
161 15808 15804 0
162 250164 250103 0
163 31386 31379 0
164 250166 250112 0
165 250172 250118 0
166 125172 125146 0
167 62642 62629 0
168 250168 250120 0
169 250173 250127 0
170 125127 125104 0
171 250155 250110 0
172 500197 500109 0
173 125139 125117 0
174 31429 31424 0
175 250188 250149 0
176 125166 125147 0
177 500179 500115 0
178 250195 250163 0
179 31364 31360 0
180 15732 15730 0
181 15822 15820 0
182 7953 7952 0
183 500199 500138 0
184 250161 250131 0
185 125166 125151 0
186 500177 500120 0
187 500161 500105 0
188 500165 500109 0
189 500168 500114 0
190 500171 500123 0
191 125153 125142 0
192 125183 125172 0
193 250182 250161 0
194 250170 250150 0
195 500153 500114 0
196 500137 500104 0
197 125108 125100 0
198 62694 62690 0
199 500185 500155 0
200 250127 250112 0
201 250133 250118 0
202 250195 250180 0
203 500174 500146 0
204 500144 500117 0
205 250114 250102 0
206 62619 62616 0
207 500147 500130 0
208 500182 500167 0
209 125130 125127 0
210 500168 500157 0
211 500160 500151 0
212 125130 125128 0
213 250127 250124 0
214 500155 500151 0
215 250128 250126 0
216 250178 250176 0
217 500165 500162 0
218 500107 500105 0
219 500111 500109 0
220 250102 250101 0
221 250170 250169 0
222 500102 500101 0
223 15788 15788 0
224 2104 2104 0
225 4078 4078 0
226 2116 2116 0
227 500170 500172 0
228 125157 125158 0
229 125120 125121 0
230 125101 125102 0
231 500144 500149 0
232 62645 62646 0
233 62621 62622 0
234 62603 62604 0
235 500137 500145 0
236 500150 500159 0
237 125132 125135 0
238 250181 250187 0
239 250106 250112 0
240 7994 7996 0
241 7979 7982 0
242 4061 4066 0
243 2110 2113 0
244 4066 4072 0
245 4076 4085 0
246 4052 4061 0
247 2143 2150 0
248 2115 2123 0
249 2100 2109 0
250 2111 2122 0
251 48 61 0
252 7940 8009 0
253 7913 7930 0
254 7969 7989 0
255 15750 15762 0
256 15746 15792 0
257 7914 8000 0
258 15798 15803 0
259 7959 7984 0
260 15813 15824 0
261 15744 15804 0
262 500175 500187 0
263 31430 31431 0
264 7918 7982 0
265 31369 31447 0
266 31405 31434 0
267 7927 7984 0
268 31364 31373 0
269 31418 31441 0
270 31363 31365 0
271 7926 7934 0
272 31364 31432 0
273 31375 31409 0
274 7989 8000 0
275 7975 7992 0
276 7930 8006 0
277 31359 31411 0
278 31405 31449 0
279 31375 31423 0
280 7915 7947 0
281 4024 4077 0
282 31389 31410 0
283 31380 31397 0
284 4055 4094 0
285 31399 31438 0
286 4042 4075 0
287 31367 31436 0
288 31355 31449 0
289 4007 4106 0
290 62636 62643 0
291 15764 15775 0
292 62629 62684 0
293 62610 62659 0
294 62603 62662 0
295 62617 62635 0
296 15731 15795 0
297 62633 62636 0
298 62644 62676 0
299 62617 62648 0
300 62646 62664 0
301 4013 4049 0
302 62639 62655 0
303 4011 4074 0
304 62623 62649 0
305 62613 62659 0
306 62615 62696 0
307 62651 62695 0
308 7933 7979 0
309 4012 4063 0
310 62638 62671 0
311 62639 62657 0
312 4066 4106 0
313 4061 4071 0
314 4012 4035 0
315 4023 4041 0
316 62652 62657 0
317 62652 62700 0
318 4036 4062 0
319 62683 62697 0
320 62653 62664 0
321 2078 2147 0
322 125123 125153 0
323 125185 125192 0
324 125163 125171 0
325 2106 2138 0
326 125101 125129 0
327 125113 125194 0
328 2129 2142 0
329 2068 2080 0
330 2078 2104 0
331 125164 125182 0
332 2105 2124 0
333 125117 125173 0
334 2056 2081 0
335 125104 125143 0
336 125170 125199 0
337 2069 2127 0
338 15760 15797 0
339 2062 2104 0
340 2065 2146 0
341 15758 15805 0
342 2070 2148 0
343 125126 125137 0
344 125115 125121 0
345 125156 125185 0
346 2109 2131 0
347 7919 7944 0
348 125105 125125 0
349 2102 2147 0
350 125160 125189 0
351 2074 2127 0
352 125102 125167 0
353 2064 2091 0
354 125105 125149 0
355 250131 250144 0
356 7928 8001 0
357 250154 250171 0
358 7919 8010 0
359 250134 250200 0
360 250170 250196 0
361 250143 250195 0
362 250116 250184 0
363 4 96 0
364 10 44 0
365 250108 250142 0
366 61 80 0
367 46 82 0
368 250138 250151 0
369 48 62 0
370 47 69 0
371 250115 250125 0
372 250129 250137 0
373 250134 250171 0
374 250162 250200 0
375 47 86 0
376 250143 250158 0
377 500108 500178 0
378 17 56 0
379 18 37 0
380 26 45 0
381 500169 500188 0
382 4 96 0
383 500101 500190 0
384 500117 500169 0
385 500154 500176 0
386 500128 500196 0
387 31 50 0
388 21 43 0
389 500127 500141 0
390 500145 500180 0
391 500151 500177 0
392 500151 500170 0
393 500113 500162 0
394 500150 500188 0
395 500124 500147 0
396 15 82 0
397 15737 15780 0
398 15779 15811 0
399 15730 15766 0
--------------
1000000 :c
1004754 :sum(p)
1000000 :sum(w)
