400 :n
id p,w,x
--------------
0 4104 4064 1
1 4086 4024 1
2 15798 15730 1
3 83 61 1
4 15806 15738 1
5 4105 4022 1
6 89 17 1
7 4044 4007 1
8 42 18 1
9 57 3 1
10 97 70 1
11 15808 15738 1
12 94 26 1
13 97 38 1
14 4077 4009 1
15 15813 15746 1
16 66 24 1
17 7996 7958 1
18 52 19 1
19 57 2 1
20 7999 7943 1
21 88 3 1
22 59 20 1
23 7983 7927 1
24 72 51 1
25 86 50 1
26 8009 7913 1
27 4096 4010 1
28 4073 4038 1
29 7985 7920 1
30 63 29 1
31 99 20 1
32 98 5 1
33 49 13 1
34 87 53 1
35 86 58 1
36 4071 4014 1
37 7972 7934 1
38 2084 2067 1
39 2118 2094 1
40 7967 7932 1
41 4053 4034 1
42 2123 2078 1
43 7979 7946 1
44 8008 7975 1
45 4106 4008 1
46 8011 7944 1
47 2106 2078 1
48 8012 7926 1
49 8004 7952 1
50 2137 2123 1
51 2120 2081 1
52 8011 7928 1
53 4102 4067 1
54 2139 2090 1
55 7992 7929 1
56 7981 7939 1
57 2151 2079 1
58 4081 4016 1
59 2097 2069 1
60 7998 7946 1
61 2141 2112 1
62 4090 4046 1
63 4076 4032 1
64 4059 4017 1
65 31418 31351 1
66 15788 15739 1
67 31446 31358 1
68 31449 31353 1
69 15808 15760 1
70 31449 31373 1
71 57 46 1
72 55 45 1
73 65 56 1
74 84 76 1
75 78 73 1
76 2098 2085 1
77 2125 2114 1
78 2114 2105 1
79 2112 2104 1
80 2113 2105 1
81 2134 2126 1
82 4096 4081 1
83 4063 4049 1
84 4090 4077 1
85 7936 7916 1
86 4026 4016 1
87 15768 15729 1
88 4086 4077 1
89 15799 15765 1
90 2092 2088 1
91 4099 4092 0
92 31414 31362 1
93 31447 31395 1
94 15824 15798 1
95 31436 31386 1
96 31445 31396 1
97 7933 7921 1
98 31436 31389 1
99 4078 4072 0
100 62697 62606 1
101 2150 2147 0
102 62700 62613 1
103 7995 7984 1
104 31446 31403 1
105 7968 7958 1
106 100 97 1
107 62683 62603 1
108 31393 31352 1
109 31400 31364 1
110 31417 31383 0
111 31423 31389 0
112 31446 31433 0
113 4086 4084 0
114 15735 15815 0
115 62670 62604 0
116 31418 31385 0
117 62666 62601 0
118 62690 62629 0
119 15745 15730 1
120 15787 15772 0
121 31414 31388 0
122 31420 31395 0
123 62671 62622 0
124 15751 15739 0
125 62693 62648 0
126 62651 62612 0
127 62655 62617 0
128 31416 31397 0
129 15758 15749 0
130 15780 15771 0
131 15822 15814 0
132 4050 4048 0
133 2062 2061 0
134 15773 15766 0
135 15776 15769 0
136 7921 7918 0
137 15746 15742 0
138 7992 7990 0
139 15813 15811 0
140 15729 15728 0
141 2059 2059 0
142 2085 2085 0
143 2151 2152 1
144 4049 4055 0
145 52 53 0
146 81 92 0
147 125129 125104 0
148 500146 500113 0
149 125184 125157 0
150 500181 500115 0
151 62642 62630 0
152 62700 62679 0
153 62669 62634 0
154 500200 500112 0
155 125150 125144 0
156 125157 125125 0
157 62695 62684 0
158 62667 62639 0
159 62687 62666 0
160 62696 62686 0
161 500148 500105 0
162 250194 250128 0
163 62696 62691 0
164 250173 250152 0
165 250137 250116 0
166 125175 125130 0
167 500168 500145 0
168 500162 500141 0
169 250161 250138 0
170 250170 250103 0
171 500144 500125 0
172 125163 125156 0
173 31381 31376 0
174 500143 500118 0
175 250162 250145 0
176 31442 31434 0
177 250184 250166 0
178 62668 62634 0
179 125124 125111 0
180 250181 250151 0
181 125171 125162 0
182 125127 125105 0
183 125181 125124 0
184 250184 250107 0
185 250193 250116 0
186 250157 250102 0
187 125142 125127 0
188 125130 125109 0
189 125181 125143 0
190 250200 250106 0
191 125138 125129 0
192 250158 250102 0
193 250140 250117 0
194 125177 125113 0
195 250177 250137 0
196 125166 125129 0
197 500149 500113 0
198 125194 125179 0
199 500171 500154 0
200 250127 250112 0
201 250171 250120 0
202 500183 500141 0
203 62664 62657 0
204 125150 125110 0
205 62685 62681 0
206 500161 500108 0
207 125139 125121 0
208 15752 15761 0
209 15750 15763 0
210 15739 15797 0
211 15786 15789 0
212 31362 31420 0
213 15727 15755 0
214 15763 15793 0
215 15778 15793 0
216 15773 15819 0
217 31402 31415 0
218 31411 31425 0
219 15755 15769 0
220 15748 15784 0
221 31362 31397 0
222 31417 31447 0
223 31375 31374 0
224 31353 31361 0
225 15744 15755 0
226 15745 15809 0
227 31400 31426 0
228 15736 15773 0
229 31354 31388 0
230 31394 31442 0
231 15760 15776 0
232 31372 31430 0
233 31394 31393 0
234 31428 31449 0
235 15764 15823 0
236 15747 15806 0
237 62659 62661 0
238 15779 15780 0
239 7925 8001 0
240 62625 62664 0
241 62616 62650 0
242 62618 62624 0
243 7929 8011 0
244 62615 62671 0
245 62632 62676 0
246 7982 8003 0
247 7947 7969 0
248 7958 7991 0
249 7918 7949 0
250 62654 62675 0
251 7944 7953 0
252 62621 62655 0
253 7924 7964 0
254 62628 62681 0
255 62607 62651 0
256 62661 62679 0
257 7920 7945 0
258 7925 7966 0
259 62604 62691 0
260 62623 62668 0
261 7933 8011 0
262 62670 62675 0
263 7915 8005 0
264 62645 62652 0
265 7924 8012 0
266 7966 7994 0
267 62615 62618 0
268 62635 62653 0
269 7946 7960 0
270 62612 62685 0
271 62672 62692 0
272 7941 7984 0
273 7967 7975 0
274 7914 7953 0
275 125149 125175 0
276 125113 125161 0
277 125131 125158 0
278 125121 125120 0
279 125160 125190 0
280 125189 125193 0
281 125136 125149 0
282 4038 4100 0
283 4064 4084 0
284 125107 125156 0
285 125189 125190 0
286 125129 125185 0
287 125107 125115 0
288 125125 125188 0
289 4036 4076 0
290 125133 125154 0
291 31354 31405 0
292 125158 125194 0
293 125137 125167 0
294 125147 125159 0
295 4056 4079 0
296 125176 125185 0
297 125103 125118 0
298 125124 125155 0
299 125123 125158 0
300 4010 4090 0
301 125131 125154 0
302 250121 250171 0
303 250145 250140 0
304 4015 4079 0
305 4044 4087 0
306 4030 4058 0
307 4038 4079 0
308 250158 250178 0
309 250146 250198 0
310 250186 250191 0
311 4024 4035 0
312 4008 4042 0
313 4024 4089 0
314 4011 4074 0
315 4007 4097 0
316 4028 4087 0
317 250118 250130 0
318 250148 250149 0
319 250120 250157 0
320 250102 250175 0
321 250127 250133 0
322 2103 2128 0
323 2066 2100 0
324 2058 2114 0
325 250145 250168 0
326 250154 250169 0
327 250171 250197 0
328 250162 250156 0
329 250178 250199 0
330 2118 2153 0
331 250110 250148 0
332 15782 15811 0
333 2104 2151 0
334 250120 250126 0
335 2081 2102 0
336 250117 250109 0
337 2058 2116 0
338 2135 2144 0
339 2067 2117 0
340 2093 2109 0
341 2078 2104 0
342 2087 2149 0
343 250167 250182 0
344 250158 250187 0
345 250163 250196 0
346 2102 2119 0
347 2060 2141 0
348 31369 31369 0
349 31414 31423 0
350 250169 250193 0
351 250109 250137 0
352 2122 2137 0
353 2073 2136 0
354 500132 500184 0
355 2086 2143 0
356 500107 500139 0
357 500148 500132 0
358 2095 2116 0
359 500164 500183 0
360 500116 500179 0
361 500103 500140 0
362 24 89 0
363 2 58 0
364 500186 500176 0
365 28 72 0
366 500132 500195 0
367 13 33 0
368 500111 500119 0
369 500198 500198 0
370 500184 500175 0
371 28 57 0
372 19 98 0
373 500103 500113 0
374 10 54 0
375 31374 31432 0
376 500104 500158 0
377 500112 500122 0
378 500128 500150 0
379 500106 500162 0
380 500132 500135 0
381 500151 500184 0
382 31408 31439 0
383 1 87 0
384 70 84 0
385 500143 500176 0
386 500102 500195 0
387 23 60 0
388 500129 500141 0
389 500155 500174 0
390 500145 500156 0
391 41 96 0
392 500169 500193 0
393 500131 500191 0
394 69 91 0
395 500128 500170 0
396 500117 500159 0
397 500158 500185 0
398 15748 15812 0
399 31392 31398 0
--------------
1000000 :c
1004654 :sum(p)
999999 :sum(w)
