400 :n
id p,w,x
--------------
0 62 11 1
1 92 47 1
2 4088 4007 1
3 86 9 1
4 2141 2104 1
5 79 27 1
6 2150 2104 1
7 71 47 1
8 2143 2093 1
9 2140 2057 1
10 91 34 1
11 2132 2083 1
12 62 33 1
13 98 70 1
14 48 4 1
15 96 15 1
16 80 46 1
17 100 60 1
18 86 7 1
19 93 50 1
20 8007 7975 1
21 31449 31373 1
22 15779 15736 1
23 7995 7956 1
24 15806 15740 1
25 15791 15749 1
26 7963 7929 1
27 15807 15746 1
28 15793 15744 1
29 2151 2124 1
30 8010 7945 1
31 2150 2122 1
32 7996 7932 1
33 8009 7950 1
34 4061 4013 1
35 4095 4064 1
36 4091 4059 1
37 4099 4070 1
38 7969 7916 1
39 4094 4029 1
40 4043 4013 1
41 4068 4014 1
42 4087 4048 1
43 4091 4056 1
44 2125 2103 1
45 4065 4039 1
46 8003 7940 1
47 8008 7943 1
48 7988 7935 1
49 2131 2109 1
50 2096 2070 1
51 7989 7918 1
52 4086 4062 1
53 15802 15753 1
54 4049 4024 1
55 31446 31362 1
56 31430 31356 1
57 15798 15754 1
58 15823 15780 1
59 31428 31351 1
60 15781 15734 1
61 7999 7960 1
62 31440 31359 1
63 21 11 1
64 19 12 1
65 30 22 1
66 64 48 1
67 42 32 1
68 60 49 1
69 73 60 1
70 57 50 1
71 73 70 0
72 2098 2079 1
73 2129 2112 1
74 2079 2063 1
75 2095 2079 1
76 2071 2056 1
77 2093 2078 1
78 2147 2134 1
79 4065 4047 1
80 2078 2069 1
81 4036 4022 1
82 4105 4092 1
83 4090 4079 1
84 7939 7919 1
85 4061 4051 1
86 2088 2083 0
87 7986 7968 1
88 15796 15763 1
89 31439 31374 1
90 7981 7965 1
91 4059 4051 1
92 7948 7933 1
93 2153 2149 0
94 31446 31389 1
95 4035 4028 1
96 15755 15728 1
97 2085 2082 0
98 31430 31385 1
99 15806 15784 1
100 7954 7943 1
101 7978 7967 0
102 31443 31403 1
103 15781 15761 0
104 31401 31363 1
105 31420 31382 1
106 15768 15749 0
107 62700 62625 1
108 15767 15749 0
109 15793 15775 0
110 93 36 1
111 7934 7917 1
112 8012 8003 0
113 62674 62605 1
114 62695 62628 0
115 62693 62625 1
116 31446 31417 0
117 15735 15806 0
118 15823 15806 1
119 31444 31411 0
120 31384 31352 0
121 31446 31416 0
122 62662 62604 0
123 62689 62636 0
124 8000 8002 0
125 15796 15783 0
126 62681 62631 0
127 31396 31371 0
128 4083 4080 0
129 62653 62610 0
130 62654 62611 0
131 62662 62620 0
132 31397 31376 0
133 31422 31401 0
134 125189 125111 0
135 62684 62648 0
136 15741 15732 0
137 125199 125130 0
138 62646 62612 0
139 31432 31416 0
140 15816 15808 0
141 62666 62636 0
142 125169 125113 0
143 31385 31371 0
144 125185 125135 0
145 31430 31418 0
146 31433 31421 0
147 7942 7939 0
148 62636 62613 0
149 125185 125140 0
150 125149 125108 0
151 62641 62621 0
152 125196 125159 0
153 125146 125111 0
154 125148 125115 0
155 4090 4089 0
156 125141 125112 0
157 125143 125114 0
158 31430 31423 0
159 31370 31364 0
160 31365 31360 0
161 62626 62618 0
162 15779 15777 0
163 15799 15797 0
164 125157 125144 0
165 4070 4071 0
166 4056 4057 0
167 2149 2150 0
168 7997 8001 0
169 4087 4090 0
170 2112 2114 0
171 4073 4078 0
172 4074 4081 0
173 2098 2103 0
174 90 92 0
175 82 89 0
176 55 61 0
177 72 83 0
178 75 87 0
179 84 98 0
180 34 43 0
181 46 60 0
182 43 59 0
183 4 6 0
184 18 27 0
185 5 14 0
186 500159 500111 0
187 62676 62670 0
188 125156 125154 0
189 500150 500161 0
190 500171 500184 0
191 125151 125152 0
192 500156 500147 0
193 125129 125128 0
194 125147 125144 0
195 125103 125106 0
196 125194 125196 0
197 125173 125167 0
198 500107 500115 0
199 125172 125165 0
200 250147 250148 0
201 250116 250111 0
202 250128 250123 0
203 250159 250156 0
204 500176 500152 0
205 250112 250115 0
206 250118 250109 0
207 500185 500139 0
208 500136 500141 0
209 500142 500146 0
210 250166 250158 0
211 500184 500141 0
212 250157 250152 0
213 500147 500117 0
214 250138 250114 0
215 500133 500101 0
216 500160 500149 0
217 250186 250189 0
218 500147 500150 0
219 500164 500116 0
220 250104 250110 0
221 500154 500128 0
222 500181 500185 0
223 500148 500157 0
224 500169 500146 0
225 500128 500112 0
226 500188 500191 0
227 500178 500150 0
228 15758 15758 0
229 62618 62612 0
230 62692 62689 0
231 62609 62603 0
232 250180 250153 0
233 500198 500120 0
234 250155 250121 0
235 250165 250110 0
236 250190 250118 0
237 250199 250141 0
238 500190 500115 0
239 500190 500133 0
240 500186 500116 0
241 250193 250159 0
242 500189 500118 0
243 250148 250116 0
244 250138 250105 0
245 250168 250118 0
246 250199 250133 0
247 250200 250119 0
248 250144 250108 0
249 250182 250104 0
250 250197 250127 0
251 62655 62656 0
252 500157 500165 0
253 31365 31449 0
254 31362 31374 0
255 31406 31408 0
256 7918 7960 0
257 7920 7936 0
258 31390 31398 0
259 31366 31433 0
260 31384 31391 0
261 7955 7977 0
262 31361 31434 0
263 7965 7996 0
264 7950 8009 0
265 15759 15804 0
266 7949 7999 0
267 31370 31436 0
268 7930 8012 0
269 7963 7994 0
270 7978 8004 0
271 7951 7986 0
272 31411 31446 0
273 7954 7963 0
274 31369 31438 0
275 7999 8007 0
276 7931 7942 0
277 31431 31448 0
278 7920 7958 0
279 31361 31441 0
280 62659 62677 0
281 62636 62695 0
282 62634 62675 0
283 7948 7978 0
284 31431 31448 0
285 62672 62697 0
286 62676 62689 0
287 4015 4072 0
288 62627 62663 0
289 62614 62651 0
290 7955 7967 0
291 62642 62699 0
292 62654 62696 0
293 4033 4051 0
294 4008 4085 0
295 31383 31442 0
296 4046 4085 0
297 7917 8004 0
298 4070 4084 0
299 4031 4099 0
300 62669 62690 0
301 4065 4086 0
302 62654 62692 0
303 62602 62696 0
304 4009 4048 0
305 62613 62700 0
306 62607 62615 0
307 62667 62690 0
308 4055 4083 0
309 62653 62659 0
310 62669 62677 0
311 62608 62665 0
312 4023 4065 0
313 4034 4098 0
314 62686 62690 0
315 4040 4054 0
316 125153 125169 0
317 125104 125185 0
318 4046 4066 0
319 125105 125117 0
320 125176 125199 0
321 2092 2137 0
322 125148 125169 0
323 2126 2141 0
324 2075 2099 0
325 125102 125192 0
326 2054 2139 0
327 125150 125168 0
328 125136 125182 0
329 125109 125113 0
330 125108 125134 0
331 125107 125180 0
332 2132 2152 0
333 125159 125199 0
334 2062 2110 0
335 125105 125122 0
336 125152 125191 0
337 2074 2128 0
338 125165 125178 0
339 2117 2131 0
340 2059 2101 0
341 125157 125176 0
342 125112 125161 0
343 31441 31447 0
344 2093 2111 0
345 500114 500127 0
346 2070 2108 0
347 125158 125198 0
348 15767 15803 0
349 125111 125129 0
350 125105 125137 0
351 250110 250143 0
352 250101 250159 0
353 2112 2127 0
354 2072 2096 0
355 250151 250170 0
356 2117 2144 0
357 2055 2140 0
358 2085 2132 0
359 15766 15774 0
360 64 92 0
361 77 100 0
362 250126 250159 0
363 15778 15787 0
364 250136 250184 0
365 250132 250140 0
366 250140 250176 0
367 250105 250148 0
368 250118 250127 0
369 15765 15797 0
370 250149 250164 0
371 15753 15813 0
372 15817 15824 0
373 250163 250189 0
374 9 48 0
375 250133 250182 0
376 250149 250187 0
377 15761 15818 0
378 15763 15807 0
379 250109 250125 0
380 250132 250172 0
381 500132 500183 0
382 500146 500161 0
383 15740 15797 0
384 4 33 0
385 15801 15825 0
386 500146 500162 0
387 500114 500163 0
388 500128 500169 0
389 500161 500175 0
390 15803 15821 0
391 15768 15769 0
392 500122 500182 0
393 500158 500191 0
394 500175 500199 0
395 500136 500171 0
396 15738 15740 0
397 500137 500158 0
398 15791 15822 0
399 15766 15777 0
--------------
1000000 :c
1004097 :sum(p)
1000000 :sum(w)
