400 :n
id p,w,x
--------------
0 83 9 1
1 92 15 1
2 99 17 1
3 34 6 1
4 88 16 1
5 91 25 1
6 40 14 1
7 55 22 1
8 86 44 1
9 80 42 1
10 81 45 1
11 84 50 1
12 35 25 1
13 78 57 1
14 100 76 1
15 43 35 1
16 44 41 1
17 2153 2070 1
18 2136 2062 1
19 2147 2073 1
20 2129 2062 1
21 64 62 1
22 2152 2088 1
23 2138 2076 1
24 2132 2083 1
25 2102 2061 1
26 2137 2100 1
27 2088 2056 1
28 2125 2094 1
29 71 70 0
30 4060 4007 1
31 4067 4014 1
32 2152 2125 1
33 4083 4035 1
34 4067 4025 1
35 2139 2117 1
36 2150 2129 1
37 4083 4044 1
38 2105 2085 1
39 2149 2129 1
40 7998 7927 1
41 4104 4068 1
42 7984 7914 1
43 2110 2092 1
44 7977 7913 1
45 4055 4024 1
46 7974 7916 1
47 7996 7939 1
48 2145 2130 1
49 4064 4036 1
50 2141 2128 1
51 4044 4020 1
52 7961 7915 1
53 15812 15726 1
54 4050 4028 1
55 15825 15743 1
56 4069 4048 1
57 7964 7924 1
58 4074 4055 1
59 62687 62604 1
60 74 50 1
61 4045 4027 1
62 7962 7930 1
63 15790 15727 1
64 15803 15740 1
65 15799 15739 1
66 15814 15757 1
67 15793 15770 1
68 15790 15739 1
69 7976 7951 1
70 15816 15767 1
71 15774 15726 1
72 31448 31354 1
73 4080 4068 1
74 15802 15757 1
75 15792 15749 1
76 31427 31353 1
77 31408 31359 1
78 15774 15741 1
79 31428 31363 1
80 31448 31383 1
81 15783 15751 1
82 8007 7993 1
83 15795 15768 1
84 31415 31361 1
85 62670 62612 1
86 2107 2100 1
87 4041 4032 1
88 4047 4040 1
89 7933 7920 1
90 7928 7919 1
91 15746 15729 1
92 15799 15783 1
93 31438 31408 1
94 31393 31365 1
95 7970 7963 1
96 62699 62644 1
97 4029 4011 1
98 7924 7916 1
99 31412 31385 1
100 31381 31357 0
101 62677 62633 0
102 31446 31437 0
103 15745 15799 0
104 31405 31400 0
105 62657 62615 0
106 31387 31366 0
107 15740 15730 1
108 31403 31386 0
109 15731 15726 0
110 8012 8011 1
111 125175 125101 0
112 62677 62643 0
113 125193 125116 0
114 62640 62608 0
115 31371 31355 0
116 125187 125124 0
117 62665 62634 0
118 62671 62641 0
119 31443 31428 0
120 125180 125126 0
121 62634 62607 0
122 125188 125137 0
123 250198 250101 0
124 125179 125132 0
125 125193 125116 0
126 125198 125117 0
127 62680 62657 0
128 250194 250115 0
129 125155 125116 0
130 62659 62640 0
131 62649 62622 0
132 125174 125144 0
133 62689 62674 0
134 125170 125141 0
135 125137 125111 0
136 125176 125152 0
137 125178 125154 0
138 250193 250146 0
139 250158 250113 0
140 125158 125137 0
141 250157 250116 0
142 250142 250102 0
143 125187 125167 0
144 31380 31375 0
145 62674 62657 0
146 31445 31445 0
147 31426 31421 0
148 500177 500105 0
149 125138 125120 0
150 250136 250102 0
151 62684 62676 0
152 250182 250151 0
153 125118 125103 0
154 250188 250160 0
155 250180 250153 0
156 62635 62629 0
157 62661 62655 0
158 500175 500128 0
159 500182 500135 0
160 500146 500102 0
161 250153 250131 0
162 125133 125122 0
163 250132 250111 0
164 125173 125163 0
165 250172 250153 0
166 250200 250184 0
167 15730 15729 0
168 500174 500143 0
169 500172 500142 0
170 500136 500108 0
171 250134 250120 0
172 125179 125172 0
173 500195 500170 0
174 62666 62664 0
175 31375 31374 0
176 62640 62639 0
177 8005 8005 1
178 31434 31434 0
179 15727 15727 0
180 12 12 1
181 15819 15819 0
182 4052 4052 1
183 7960 7960 0
184 100 100 1
185 62645 62647 0
186 62610 62613 0
187 62683 62689 0
188 31362 31366 0
189 62624 62633 0
190 62619 62630 0
191 31432 31438 0
192 15735 15739 0
193 31408 31416 0
194 31414 31423 0
195 31430 31440 0
196 31372 31382 0
197 31408 31422 0
198 31372 31386 0
199 31424 31439 0
200 4048 4050 1
201 4012 4014 0
202 8005 8009 0
203 7967 7971 0
204 7961 7965 0
205 15775 15783 0
206 15759 15771 0
207 31414 31441 0
208 7977 7984 0
209 31381 31412 0
210 7966 7974 0
211 15764 15780 0
212 31417 31449 0
213 15748 15765 0
214 4092 4097 0
215 7983 7995 0
216 15752 15778 0
217 15779 15809 0
218 4078 4086 0
219 15783 15814 0
220 4072 4080 0
221 15779 15812 0
222 15745 15782 0
223 7942 7961 0
224 2057 2062 0
225 4093 4103 0
226 15780 15821 0
227 7981 8002 0
228 15767 15809 0
229 7964 7986 0
230 7934 7956 0
231 15733 15778 0
232 4091 4103 0
233 7919 7945 0
234 7947 7974 0
235 7963 7993 0
236 2125 2134 0
237 4057 4076 0
238 4054 4073 0
239 2118 2128 0
240 7917 7957 0
241 4055 4077 0
242 4016 4038 0
243 7949 7998 0
244 7914 7963 0
245 2089 2102 0
246 4013 4039 0
247 4077 4105 0
248 4034 4064 0
249 4037 4069 0
250 2110 2127 0
251 4051 4085 0
252 2131 2152 0
253 4030 4073 0
254 2089 2112 0
255 4010 4060 0
256 4039 4094 0
257 2057 2094 0
258 2065 2107 0
259 2096 2143 0
260 2080 2130 0
261 2067 2123 0
262 2056 2113 0
263 92 96 0
264 47 53 0
265 41 48 0
266 77 91 0
267 71 90 0
268 36 58 0
269 54 95 0
270 48 95 0
271 37 79 0
272 8 35 0
273 7 47 0
274 4 58 0
275 1 25 0
276 7922 8012 0
277 7938 7997 0
278 250101 250186 0
279 125145 125198 0
280 125124 125155 0
281 4017 4099 0
282 7920 8007 0
283 250136 250193 0
284 250122 250157 0
285 125132 125138 0
286 7937 8002 0
287 125172 125178 0
288 7930 7984 0
289 250124 250175 0
290 125117 125177 0
291 250122 250198 0
292 250110 250160 0
293 125103 125199 0
294 250143 250179 0
295 4017 4078 0
296 125105 125177 0
297 250115 250200 0
298 4019 4080 0
299 125107 125133 0
300 125182 125189 0
301 250175 250178 0
302 7935 8003 0
303 125173 125194 0
304 125144 125138 0
305 250123 250135 0
306 250185 250181 0
307 250122 250116 0
308 125105 125155 0
309 250114 250113 0
310 7922 7979 0
311 125106 125110 0
312 250132 250127 0
313 250119 250197 0
314 250161 250176 0
315 125115 125120 0
316 250114 250163 0
317 250166 250159 0
318 125102 125158 0
319 2067 2128 0
320 250122 250182 0
321 125172 125179 0
322 125103 125190 0
323 250148 250177 0
324 2085 2146 0
325 250102 250150 0
326 125143 125173 0
327 2081 2145 0
328 250161 250159 0
329 250103 250167 0
330 250170 250177 0
331 250123 250112 0
332 15761 15811 0
333 500195 500176 0
334 500179 500193 0
335 500198 500198 0
336 2064 2126 0
337 125139 125161 0
338 2067 2128 0
339 62616 62673 0
340 500116 500162 0
341 500103 500196 0
342 62648 62698 0
343 500163 500171 0
344 500131 500169 0
345 62618 62672 0
346 15750 15809 0
347 500128 500194 0
348 500101 500130 0
349 2064 2125 0
350 62643 62695 0
351 500144 500200 0
352 2054 2149 0
353 62608 62665 0
354 62663 62694 0
355 500118 500171 0
356 500106 500108 0
357 62649 62687 0
358 500109 500166 0
359 14 80 0
360 62601 62642 0
361 500156 500193 0
362 500114 500127 0
363 500165 500144 0
364 62651 62695 0
365 15740 15815 0
366 500104 500101 0
367 62604 62654 0
368 62607 62674 0
369 500143 500132 0
370 62609 62672 0
371 500159 500196 0
372 500163 500171 0
373 500177 500198 0
374 500138 500139 0
375 15726 15814 0
376 500160 500198 0
377 500141 500142 0
378 62606 62639 0
379 62661 62690 0
380 11 86 0
381 62644 62677 0
382 500138 500125 0
383 500193 500194 0
384 500141 500183 0
385 21 87 0
386 31375 31435 0
387 500151 500167 0
388 500119 500103 0
389 31386 31448 0
390 31353 31442 0
391 5 72 0
392 500123 500105 0
393 31363 31413 0
394 500160 500182 0
395 500111 500115 0
396 12 92 0
397 31366 31406 0
398 31398 31435 0
399 31393 31432 0
--------------
1000000 :c
1003953 :sum(p)
999996 :sum(w)
