400 :n
id p,w,x
--------------
0 19 3 1
1 32 7 1
2 23 6 1
3 68 31 1
4 76 37 1
5 95 57 1
6 93 56 1
7 59 37 1
8 68 45 1
9 84 59 1
10 46 33 1
11 81 62 1
12 14 11 1
13 93 74 1
14 84 74 1
15 94 87 1
16 2143 2059 1
17 2137 2055 1
18 84 81 1
19 2149 2082 1
20 2150 2086 1
21 2120 2066 1
22 2123 2070 1
23 2129 2076 1
24 2117 2068 1
25 2125 2081 1
26 2090 2055 1
27 4081 4015 1
28 2135 2104 1
29 4069 4012 1
30 2125 2096 1
31 4093 4038 1
32 2153 2125 1
33 4057 4009 1
34 2108 2085 1
35 4071 4028 1
36 8004 7925 1
37 4064 4024 1
38 4076 4036 1
39 4054 4015 1
40 4071 4032 1
41 8007 7932 1
42 2144 2127 1
43 8010 7947 1
44 2075 2060 1
45 2133 2118 1
46 7992 7937 1
47 7991 7938 1
48 8012 7961 1
49 7982 7934 1
50 4045 4021 1
51 2093 2081 1
52 4031 4008 1
53 2146 2134 1
54 4074 4052 1
55 8011 7968 1
56 7984 7943 1
57 15821 15752 1
58 2095 2086 1
59 2113 2105 1
60 7961 7931 1
61 7969 7939 1
62 7991 7962 1
63 7980 7946 1
64 7967 7940 1
65 15801 15752 1
66 15775 15730 1
67 15792 15748 1
68 15783 15742 1
69 15784 15743 1
70 15785 15744 1
71 15802 15761 1
72 4067 4057 1
73 7942 7924 1
74 4043 4035 1
75 31415 31353 1
76 7957 7942 1
77 7949 7935 1
78 4050 4043 1
79 15804 15777 1
80 31431 31378 1
81 31439 31388 1
82 31419 31370 1
83 15765 15741 1
84 31420 31373 1
85 15772 15750 1
86 31417 31374 1
87 15749 15731 1
88 31426 31392 1
89 62687 62626 1
90 31417 31384 1
91 62693 62633 1
92 15812 15797 1
93 62692 62634 1
94 15794 15739 1
95 62680 62617 1
96 31440 31412 1
97 62699 62650 0
98 125188 125101 0
99 31428 31448 0
100 2141 2142 1
101 58 94 0
102 31411 31387 0
103 125194 125113 0
104 62649 62613 0
105 31371 31354 0
106 62683 62665 0
107 31418 31401 0
108 125181 125114 0
109 62662 62629 0
110 62694 62661 0
111 7945 7941 0
112 125191 125132 0
113 125174 125117 0
114 125179 125122 0
115 125175 125119 0
116 62638 62610 0
117 125154 125102 0
118 125155 125104 0
119 125195 125145 0
120 15798 15792 0
121 62682 62659 0
122 125189 125145 0
123 31379 31368 0
124 62659 62638 0
125 62648 62628 0
126 15773 15768 0
127 62631 62612 0
128 62641 62622 0
129 62626 62608 0
130 125148 125117 0
131 125152 125119 0
132 62652 62635 0
133 62688 62647 0
134 125137 125111 0
135 4095 4100 0
136 62652 62639 0
137 125160 125135 0
138 125195 125170 0
139 15769 15766 0
140 125126 125103 0
141 62632 62621 0
142 62670 62662 0
143 62613 62606 0
144 62668 62664 0
145 62696 62692 0
146 31391 31389 0
147 4058 4058 0
148 72 72 1
149 80 80 1
150 2108 2108 1
151 7998 7998 0
152 31425 31427 0
153 31384 31386 0
154 31384 31386 0
155 31391 31394 0
156 15748 15750 0
157 31355 31359 0
158 31362 31369 0
159 15757 15762 0
160 15805 15811 0
161 15793 15799 0
162 31418 31433 0
163 31360 31375 0
164 2073 2074 1
165 15812 15820 0
166 15775 15783 0
167 15789 15798 0
168 15800 15811 0
169 7962 7968 0
170 15768 15786 0
171 4044 4049 0
172 15772 15796 0
173 15799 15825 0
174 4034 4041 0
175 4064 4072 0
176 4022 4030 0
177 7944 7960 0
178 15751 15783 0
179 4085 4094 0
180 4048 4057 0
181 7938 7957 0
182 4065 4076 0
183 4030 4041 0
184 7947 7969 0
185 7913 7935 0
186 7979 8004 0
187 7950 7979 0
188 7955 7985 0
189 4014 4030 0
190 2081 2090 0
191 7961 7996 0
192 4070 4088 0
193 7938 7974 0
194 7960 7997 0
195 7927 7964 0
196 7965 8003 0
197 7955 7993 0
198 7944 7982 0
199 2061 2072 0
200 2060 2073 0
201 4059 4085 0
202 4059 4086 0
203 4015 4043 0
204 2112 2132 0
205 2121 2143 0
206 4024 4066 0
207 2071 2094 0
208 2096 2121 0
209 2068 2095 0
210 2060 2087 0
211 2081 2109 0
212 2072 2105 0
213 2066 2110 0
214 65 69 1
215 59 67 0
216 46 55 0
217 68 93 0
218 68 98 0
219 60 91 0
220 35 57 0
221 57 96 0
222 58 98 0
223 31 68 0
224 19 52 0
225 9 37 0
226 125153 125131 0
227 500187 500114 0
228 500182 500101 0
229 250134 250104 0
230 250190 250127 0
231 250136 250101 0
232 250199 250160 0
233 250176 250136 0
234 250157 250123 0
235 500165 500116 0
236 250179 250110 0
237 125140 125125 0
238 250163 250121 0
239 250194 250101 0
240 125166 125148 0
241 250127 250102 0
242 250185 250140 0
243 125118 125103 0
244 250167 250102 0
245 7928 7996 0
246 125100 125106 0
247 125109 125102 0
248 125138 125141 0
249 125116 125171 0
250 15732 15782 0
251 125102 125123 0
252 125148 125187 0
253 125106 125194 0
254 250129 250176 0
255 250109 250140 0
256 250173 250190 0
257 7937 7983 0
258 15727 15764 0
259 250108 250187 0
260 15755 15809 0
261 250188 250180 0
262 15731 15765 0
263 250136 250114 0
264 250163 250172 0
265 15742 15803 0
266 7927 7972 0
267 250198 250197 0
268 7968 8012 0
269 15750 15821 0
270 250125 250103 0
271 125157 125164 0
272 15752 15822 0
273 7937 7993 0
274 250115 250178 0
275 125125 125198 0
276 250123 250109 0
277 250110 250143 0
278 7946 8009 0
279 4014 4105 0
280 125145 125180 0
281 15752 15803 0
282 4011 4056 0
283 125124 125112 0
284 125105 125155 0
285 250138 250168 0
286 250122 250177 0
287 4058 4104 0
288 250125 250120 0
289 4014 4068 0
290 15781 15824 0
291 4015 4067 0
292 250125 250140 0
293 250141 250164 0
294 125105 125165 0
295 4016 4093 0
296 250115 250171 0
297 125144 125180 0
298 125140 125133 0
299 250106 250184 0
300 250145 250184 0
301 250136 250177 0
302 15737 15773 0
303 125182 125184 0
304 125197 125189 0
305 125128 125133 0
306 250121 250149 0
307 125122 125134 0
308 250117 250167 0
309 62634 62648 0
310 250158 250166 0
311 250163 250181 0
312 250115 250194 0
313 4009 4090 0
314 4043 4093 0
315 62607 62615 0
316 250116 250186 0
317 4049 4103 0
318 62675 62686 0
319 250152 250173 0
320 15740 15818 0
321 2061 2133 0
322 500105 500113 0
323 62616 62688 0
324 31381 31435 0
325 500189 500144 0
326 31394 31417 0
327 31352 31390 0
328 500159 500138 0
329 500115 500167 0
330 500115 500178 0
331 500176 500198 0
332 2059 2144 0
333 31387 31427 0
334 500130 500169 0
335 500129 500110 0
336 31376 31442 0
337 500182 500163 0
338 500149 500155 0
339 62651 62678 0
340 500124 500131 0
341 31390 31420 0
342 62658 62694 0
343 2059 2107 0
344 500116 500147 0
345 31419 31442 0
346 500158 500134 0
347 31403 31427 0
348 500137 500165 0
349 500128 500156 0
350 500168 500180 0
351 500104 500114 0
352 62698 62696 0
353 31360 31404 0
354 2055 2125 0
355 500152 500183 0
356 500126 500192 0
357 62684 62699 0
358 500122 500125 0
359 500154 500111 0
360 500113 500180 0
361 62631 62697 0
362 500133 500170 0
363 28 94 0
364 62628 62670 0
365 31392 31441 0
366 500131 500194 0
367 20 83 0
368 15 89 0
369 500197 500180 0
370 62605 62681 0
371 28 76 0
372 22 88 0
373 500194 500171 0
374 62613 62614 0
375 31386 31416 0
376 500110 500136 0
377 62618 62621 0
378 500135 500182 0
379 500163 500167 0
380 62620 62637 0
381 500142 500120 0
382 500110 500109 0
383 500184 500178 0
384 31370 31446 0
385 31408 31440 0
386 62661 62682 0
387 500129 500110 0
388 31356 31424 0
389 17 81 0
390 500166 500120 0
391 500128 500172 0
392 500105 500166 0
393 500128 500178 0
394 11 85 0
395 2 74 0
396 31357 31401 0
397 31357 31425 0
398 31396 31445 0
399 62637 62692 0
--------------
1000000 :c
1003525 :sum(p)
999994 :sum(w)
