400 :n
id p,w,x
--------------
0 60 1 1
1 35 1 1
2 78 3 1
3 24 3 1
4 68 11 1
5 92 20 1
6 78 22 1
7 34 10 1
8 32 11 1
9 20 9 1
10 95 44 1
11 64 30 1
12 97 46 1
13 96 65 1
14 28 20 1
15 77 67 1
16 98 92 1
17 47 45 1
18 2147 2061 1
19 2131 2066 1
20 2141 2079 1
21 2127 2071 1
22 2142 2090 1
23 2130 2087 1
24 4098 4017 1
25 4103 4033 1
26 2106 2071 1
27 4091 4025 1
28 2101 2068 1
29 2095 2064 1
30 4080 4025 1
31 4082 4029 1
32 2122 2095 1
33 4058 4009 1
34 4101 4055 1
35 8002 7914 1
36 8002 7915 1
37 2093 2071 1
38 2124 2104 1
39 4064 4027 1
40 4105 4068 1
41 2087 2069 1
42 8011 7944 1
43 2085 2068 1
44 4061 4028 1
45 4078 4046 1
46 7984 7922 1
47 7986 7925 1
48 7977 7918 1
49 4059 4030 1
50 8004 7947 1
51 4077 4049 1
52 2120 2107 1
53 2128 2115 1
54 2140 2127 1
55 2148 2135 1
56 7989 7947 1
57 15823 15740 1
58 7983 7944 1
59 2109 2099 1
60 15811 15741 1
61 4058 4041 1
62 7998 7965 1
63 7984 7953 1
64 15810 15750 1
65 2109 2102 1
66 7992 7966 1
67 15776 15727 1
68 15814 15765 1
69 2062 2056 1
70 7964 7943 1
71 15788 15747 1
72 7966 7946 1
73 31449 31371 1
74 31443 31366 1
75 15795 15759 1
76 7938 7920 1
77 4089 4080 1
78 7944 7927 1
79 15776 15745 1
80 31420 31359 1
81 15771 15741 1
82 31420 31363 1
83 4058 4051 1
84 31418 31365 1
85 31414 31362 1
86 31406 31355 1
87 15759 15734 1
88 31403 31355 1
89 7928 7916 1
90 15762 15740 1
91 7937 7926 1
92 31398 31356 1
93 62698 62621 1
94 15794 15776 1
95 15750 15734 1
96 15785 15769 1
97 15796 15780 1
98 8006 7998 1
99 58 50 1
100 62673 62605 1
101 7928 7915 1
102 31410 31380 0
103 62669 62614 1
104 31402 31390 0
105 62698 62677 0
106 31444 31442 0
107 125129 125126 0
108 62668 62618 0
109 62665 62617 0
110 62667 62620 0
111 4072 4069 1
112 15806 15795 1
113 2112 2122 0
114 62662 62619 0
115 31398 31378 0
116 125180 125102 0
117 31402 31383 0
118 62691 62656 0
119 125198 125132 0
120 31406 31390 0
121 4077 4075 0
122 125169 125113 0
123 62685 62658 0
124 15764 15758 0
125 15806 15800 0
126 250199 250111 0
127 62627 62606 0
128 31383 31373 0
129 15759 15755 0
130 8012 8010 0
131 2058 2058 1
132 4014 4014 0
133 15824 15825 0
134 15759 15760 0
135 7943 7944 0
136 7931 7932 0
137 4022 4023 0
138 4018 4019 1
139 7972 7974 0
140 15782 15787 0
141 4027 4029 0
142 15747 15756 0
143 8005 8011 0
144 2130 2132 0
145 4011 4015 0
146 7929 7937 0
147 7932 7943 0
148 2098 2101 0
149 4022 4034 0
150 4027 4045 0
151 2079 2095 0
152 2083 2104 0
153 90 94 0
154 59 64 0
155 28 32 0
156 48 55 0
157 30 36 0
158 49 59 0
159 75 92 0
160 34 43 0
161 7 11 0
162 20 33 0
163 26 45 0
164 250180 250162 0
165 500189 500140 0
166 500172 500141 0
167 500178 500119 0
168 500182 500149 0
169 500189 500160 0
170 500165 500133 0
171 31431 31429 0
172 250139 250121 0
173 500196 500167 0
174 250172 250150 0
175 250159 250125 0
176 250189 250122 0
177 250173 250127 0
178 250163 250116 0
179 250167 250132 0
180 62611 62602 0
181 125134 125111 0
182 250184 250132 0
183 125195 125161 0
184 250150 250101 0
185 250160 250105 0
186 125157 125118 0
187 250186 250109 0
188 125153 125130 0
189 500200 500122 0
190 125165 125141 0
191 125180 125162 0
192 125174 125148 0
193 250185 250126 0
194 250166 250112 0
195 62661 62649 0
196 250185 250137 0
197 125138 125117 0
198 250187 250147 0
199 250175 250140 0
200 250190 250164 0
201 250153 250136 0
202 125139 125127 0
203 500180 500135 0
204 31358 31356 0
205 500161 500126 0
206 125164 125154 0
207 31443 31440 0
208 500159 500106 0
209 15742 15757 0
210 15758 15784 0
211 125110 125107 0
212 62628 62633 0
213 15801 15822 0
214 125115 125162 0
215 15752 15788 0
216 15765 15779 0
217 62604 62652 0
218 62623 62643 0
219 62618 62628 0
220 125121 125127 0
221 15736 15805 0
222 125184 125183 0
223 62640 62648 0
224 15740 15805 0
225 15731 15798 0
226 15772 15814 0
227 250135 250186 0
228 62617 62671 0
229 15770 15801 0
230 15776 15794 0
231 15730 15763 0
232 15762 15824 0
233 15749 15787 0
234 15738 15795 0
235 250187 250183 0
236 250119 250129 0
237 15733 15822 0
238 250101 250114 0
239 250186 250173 0
240 62665 62696 0
241 250148 250152 0
242 7945 7971 0
243 250132 250124 0
244 62666 62686 0
245 7993 8012 0
246 125145 125180 0
247 7927 7951 0
248 7976 8010 0
249 62635 62636 0
250 250140 250163 0
251 62635 62680 0
252 250142 250144 0
253 7953 8002 0
254 62669 62677 0
255 7922 8003 0
256 250167 250186 0
257 250137 250146 0
258 62675 62688 0
259 7942 8001 0
260 62613 62673 0
261 7961 8006 0
262 7922 8000 0
263 250139 250163 0
264 62617 62653 0
265 7952 7974 0
266 250119 250197 0
267 250160 250182 0
268 62613 62650 0
269 62637 62689 0
270 7958 7994 0
271 7917 7939 0
272 7932 7997 0
273 15772 15800 0
274 62605 62700 0
275 62620 62627 0
276 125170 125193 0
277 31438 31444 0
278 62663 62688 0
279 125118 125179 0
280 4040 4064 0
281 250156 250185 0
282 4011 4051 0
283 62623 62633 0
284 31371 31381 0
285 4023 4089 0
286 62603 62664 0
287 62642 62689 0
288 4068 4097 0
289 62637 62690 0
290 4025 4090 0
291 62635 62698 0
292 4015 4097 0
293 250147 250143 0
294 125119 125143 0
295 4017 4045 0
296 4009 4071 0
297 4029 4072 0
298 62638 62646 0
299 250164 250195 0
300 62672 62675 0
301 125100 125157 0
302 62677 62693 0
303 250186 250182 0
304 4009 4074 0
305 31378 31418 0
306 250162 250148 0
307 125129 125135 0
308 31369 31387 0
309 250101 250149 0
310 4007 4072 0
311 4057 4095 0
312 125121 125125 0
313 4022 4091 0
314 31441 31446 0
315 125121 125150 0
316 125104 125120 0
317 4012 4071 0
318 4043 4105 0
319 2062 2150 0
320 125122 125192 0
321 500153 500132 0
322 2074 2127 0
323 500182 500159 0
324 2077 2132 0
325 500128 500176 0
326 500167 500197 0
327 2064 2127 0
328 2071 2128 0
329 2065 2145 0
330 2091 2146 0
331 125154 125159 0
332 500143 500127 0
333 2109 2146 0
334 500166 500144 0
335 31359 31402 0
336 500119 500139 0
337 500101 500134 0
338 2077 2116 0
339 500101 500188 0
340 2104 2143 0
341 31433 31444 0
342 500113 500184 0
343 500149 500180 0
344 31408 31412 0
345 2075 2123 0
346 31367 31382 0
347 500103 500191 0
348 500136 500128 0
349 2087 2124 0
350 500139 500146 0
351 125107 125156 0
352 31405 31447 0
353 500165 500196 0
354 125112 125106 0
355 500114 500162 0
356 2075 2138 0
357 125158 125187 0
358 125146 125143 0
359 500102 500132 0
360 500111 500177 0
361 4 31 0
362 125100 125166 0
363 46 96 0
364 500196 500194 0
365 20 53 0
366 125153 125146 0
367 500175 500148 0
368 31406 31426 0
369 12 98 0
370 5 79 0
371 31441 31441 0
372 500139 500165 0
373 31381 31400 0
374 31353 31406 0
375 500113 500109 0
376 17 67 0
377 500139 500197 0
378 31364 31376 0
379 125146 125175 0
380 500109 500114 0
381 500185 500193 0
382 30 98 0
383 31393 31392 0
384 125112 125172 0
385 500111 500128 0
386 31351 31412 0
387 125104 125163 0
388 125181 125180 0
389 31392 31440 0
390 22 64 0
391 500164 500160 0
392 28 92 0
393 500142 500147 0
394 4 30 0
395 125139 125150 0
396 500115 500134 0
397 31418 31446 0
398 31370 31418 0
399 31389 31389 0
--------------
1000000 :c
1003988 :sum(p)
1000000 :sum(w)
