400 :n
id p,w,x
--------------
0 81 13 1
1 74 12 1
2 98 24 1
3 86 22 1
4 40 12 1
5 24 8 1
6 58 21 1
7 70 27 1
8 70 30 1
9 58 29 1
10 62 38 1
11 83 54 1
12 60 40 1
13 26 20 1
14 54 45 1
15 48 41 1
16 71 61 1
17 2136 2064 1
18 2129 2067 1
19 2126 2070 1
20 2120 2066 1
21 2149 2098 1
22 2136 2086 1
23 2121 2072 1
24 4100 4013 1
25 2126 2083 1
26 2103 2070 1
27 2117 2088 1
28 4088 4034 1
29 2147 2121 1
30 4105 4056 1
31 4075 4028 1
32 2079 2056 1
33 2142 2119 1
34 4095 4054 1
35 7997 7918 1
36 2106 2086 1
37 8009 7934 1
38 4097 4059 1
39 4099 4061 1
40 4070 4034 1
41 4086 4051 1
42 4045 4012 1
43 2117 2100 1
44 8011 7952 1
45 7971 7920 1
46 4091 4067 1
47 2099 2087 1
48 2065 2054 1
49 4048 4027 1
50 15809 15737 1
51 2149 2140 1
52 15812 15750 1
53 7975 7944 1
54 2080 2072 1
55 15811 15751 1
56 15817 15758 1
57 4088 4073 1
58 7956 7927 1
59 15796 15739 1
60 7971 7946 1
61 7973 7949 1
62 7939 7916 1
63 15785 15740 1
64 15786 15741 1
65 2122 2116 1
66 7968 7947 1
67 7936 7916 1
68 7938 7918 1
69 7952 7932 1
70 7987 7967 1
71 31435 31360 1
72 15776 15739 1
73 15816 15780 1
74 31442 31371 1
75 7998 7981 1
76 31432 31367 1
77 7951 7935 1
78 31426 31364 1
79 2121 2117 1
80 31414 31357 1
81 4020 4013 1
82 4062 4055 1
83 31416 31368 1
84 31430 31382 1
85 31404 31358 1
86 15819 15796 1
87 15764 15743 1
88 62685 62603 1
89 31424 31383 1
90 7976 7966 1
91 31427 31388 1
92 15761 15742 1
93 31411 31374 1
94 31418 31382 1
95 31419 31384 1
96 2132 2103 1
97 62664 62606 0
98 31418 31389 1
99 62690 62637 0
100 31381 31359 0
101 31427 31430 0
102 4095 4105 0
103 19 54 0
104 15801 15788 1
105 62665 62616 0
106 62699 62650 0
107 62700 62651 0
108 62686 62638 0
109 15806 15810 0
110 31400 31376 1
111 62675 62629 0
112 31374 31351 0
113 15753 15742 0
114 15778 15767 0
115 125198 125115 0
116 62667 62627 0
117 31373 31353 0
118 7965 7960 1
119 62696 62657 0
120 31425 31406 0
121 125176 125102 0
122 62637 62603 0
123 7942 7938 0
124 4033 4031 0
125 4036 4034 0
126 62671 62640 0
127 125189 125128 0
128 125159 125100 0
129 125188 125129 0
130 62686 62657 0
131 62638 62611 0
132 7919 7916 1
133 125160 125115 0
134 125158 125119 0
135 125153 125115 0
136 62683 62664 0
137 62672 62654 0
138 7999 7997 0
139 4078 4077 1
140 62657 62645 0
141 31401 31396 0
142 62661 62656 0
143 62691 62686 0
144 62694 62690 0
145 31404 31403 0
146 4073 4073 0
147 31411 31412 0
148 15738 15739 0
149 62676 62680 0
150 62646 62655 0
151 4023 4024 0
152 7941 7943 0
153 7995 7998 0
154 7954 7957 0
155 7934 7937 0
156 4063 4065 0
157 4011 4013 0
158 2060 2062 0
159 4045 4049 0
160 4095 4105 0
161 2083 2096 0
162 74 77 0
163 56 61 0
164 31 44 0
165 23 33 0
166 13 23 0
167 12 24 0
168 500182 500157 0
169 125140 125111 0
170 125162 125157 0
171 125146 125134 0
172 500185 500152 0
173 500193 500118 0
174 500174 500114 0
175 500130 500151 0
176 500180 500152 0
177 500153 500155 0
178 500149 500187 0
179 500140 500193 0
180 500142 500126 0
181 500147 500186 0
182 125130 125101 0
183 500178 500105 0
184 125181 125186 0
185 125196 125162 0
186 500141 500122 0
187 250111 250128 0
188 250164 250165 0
189 125196 125166 0
190 250178 250171 0
191 250141 250150 0
192 500193 500120 0
193 250113 250133 0
194 500159 500119 0
195 125179 125157 0
196 500140 500106 0
197 250163 250189 0
198 250168 250188 0
199 125124 125110 0
200 250188 250169 0
201 250197 250108 0
202 250157 250125 0
203 125161 125172 0
204 500130 500179 0
205 250187 250180 0
206 125129 125100 0
207 250200 250108 0
208 250166 250179 0
209 500140 500153 0
210 500198 500175 0
211 250162 250124 0
212 250172 250136 0
213 250114 250111 0
214 500105 500143 0
215 250177 250109 0
216 125177 125171 0
217 250139 250155 0
218 250180 250109 0
219 250145 250147 0
220 250108 250129 0
221 250140 250173 0
222 250155 250145 0
223 250136 250162 0
224 250197 250175 0
225 250195 250182 0
226 250124 250138 0
227 250150 250173 0
228 125122 125111 0
229 250188 250157 0
230 250129 250158 0
231 250191 250146 0
232 500176 500169 0
233 500139 500107 0
234 125112 125117 0
235 500193 500157 0
236 500196 500159 0
237 500128 500133 0
238 500179 500142 0
239 500136 500111 0
240 500103 500167 0
241 500146 500101 0
242 500168 500140 0
243 500132 500172 0
244 125166 125175 0
245 500178 500113 0
246 500129 500120 0
247 250129 250185 0
248 15770 15793 0
249 15755 15788 0
250 15809 15818 0
251 15759 15783 0
252 7947 7962 0
253 15733 15783 0
254 250157 250195 0
255 15777 15796 0
256 15785 15806 0
257 15776 15781 0
258 7981 7992 0
259 15795 15818 0
260 250125 250182 0
261 125168 125188 0
262 15800 15821 0
263 250113 250185 0
264 15756 15801 0
265 250111 250193 0
266 250127 250187 0
267 31368 31442 0
268 31382 31424 0
269 250115 250177 0
270 7979 8007 0
271 125105 125147 0
272 250112 250188 0
273 125101 125123 0
274 15797 15810 0
275 7960 7984 0
276 250139 250194 0
277 31381 31413 0
278 31389 31436 0
279 31396 31402 0
280 31374 31390 0
281 31405 31441 0
282 31352 31375 0
283 31379 31427 0
284 7937 7962 0
285 31374 31429 0
286 31367 31432 0
287 31386 31391 0
288 31367 31401 0
289 15729 15748 0
290 125104 125161 0
291 31389 31430 0
292 15753 15809 0
293 31388 31449 0
294 125107 125160 0
295 31425 31430 0
296 125121 125155 0
297 31409 31441 0
298 15759 15777 0
299 62649 62660 0
300 62671 62700 0
301 62634 62695 0
302 15731 15743 0
303 62626 62699 0
304 15776 15790 0
305 62613 62675 0
306 62628 62650 0
307 62651 62688 0
308 62634 62693 0
309 62644 62661 0
310 62608 62685 0
311 62658 62683 0
312 62635 62652 0
313 62606 62643 0
314 62650 62661 0
315 62635 62678 0
316 62611 62679 0
317 62656 62674 0
318 62623 62667 0
319 125101 125192 0
320 125113 125175 0
321 125157 125193 0
322 125118 125196 0
323 500104 500187 0
324 125122 125194 0
325 15727 15744 0
326 125131 125164 0
327 500107 500189 0
328 125113 125149 0
329 125111 125141 0
330 125144 125188 0
331 15755 15787 0
332 15737 15793 0
333 500166 500178 0
334 500152 500148 0
335 500180 500179 0
336 125162 125155 0
337 500129 500180 0
338 500168 500131 0
339 125139 125144 0
340 2089 2121 0
341 4015 4098 0
342 2068 2126 0
343 4026 4063 0
344 2100 2122 0
345 4026 4080 0
346 2115 2136 0
347 4010 4048 0
348 2124 2147 0
349 4075 4096 0
350 2073 2124 0
351 4024 4092 0
352 4057 4105 0
353 4012 4081 0
354 4031 4094 0
355 2063 2140 0
356 4050 4073 0
357 4075 4101 0
358 2083 2151 0
359 8 34 0
360 2107 2134 0
361 34 81 0
362 61 78 0
363 6 26 0
364 43 85 0
365 4029 4080 0
366 46 73 0
367 4060 4080 0
368 15 67 0
369 4070 4104 0
370 79 99 0
371 4040 4081 0
372 7958 7989 0
373 2056 2087 0
374 37 81 0
375 2070 2138 0
376 7924 7987 0
377 7966 8010 0
378 34 68 0
379 2107 2131 0
380 7915 8009 0
381 7925 7984 0
382 7 48 0
383 7922 7972 0
384 7948 7987 0
385 2072 2150 0
386 2081 2098 0
387 9 31 0
388 7929 7971 0
389 7939 8008 0
390 7948 7985 0
391 20 36 0
392 15746 15807 0
393 33 80 0
394 15750 15810 0
395 15763 15822 0
396 5 74 0
397 2 47 0
398 2062 2117 0
399 2109 2130 0
--------------
1000000 :c
1003678 :sum(p)
1000000 :sum(w)
