400 :n
id p,w,x
--------------
0 73 1 1
1 67 3 1
2 57 4 1
3 85 18 1
4 83 19 1
5 61 17 1
6 25 8 1
7 92 33 1
8 33 12 1
9 82 36 1
10 86 39 1
11 100 52 1
12 84 46 1
13 32 23 1
14 88 67 1
15 100 79 1
16 96 77 1
17 39 36 1
18 2153 2061 1
19 2149 2086 1
20 2121 2064 1
21 2134 2077 1
22 2116 2064 1
23 2105 2055 1
24 2123 2074 1
25 4098 4027 1
26 2106 2070 1
27 2142 2109 1
28 2147 2115 1
29 4076 4016 1
30 2106 2075 1
31 4102 4043 1
32 2093 2064 1
33 2135 2106 1
34 2142 2116 1
35 4057 4008 1
36 2098 2073 1
37 4071 4025 1
38 2142 2118 1
39 4082 4037 1
40 8007 7923 1
41 7996 7916 1
42 4100 4060 1
43 4066 4027 1
44 8000 7926 1
45 2075 2056 1
46 7993 7920 1
47 2110 2091 1
48 31435 31351 1
49 15775 15732 1
50 4043 4009 1
51 4053 4023 1
52 4051 4024 1
53 4047 4021 1
54 7994 7945 1
55 7974 7929 1
56 31441 31354 1
57 7986 7943 1
58 15819 15770 1
59 7977 7937 1
60 15800 15745 1
61 7959 7920 1
62 15821 15748 1
63 15804 15734 1
64 15793 15735 1
65 15812 15743 1
66 7984 7952 1
67 62699 62608 1
68 62698 62611 1
69 15815 15775 1
70 15820 15780 1
71 31446 31370 1
72 31442 31369 1
73 44 25 1
74 4093 4070 1
75 2072 2061 1
76 4065 4045 1
77 4073 4055 1
78 4071 4057 1
79 7993 7969 1
80 15769 15734 1
81 7935 7920 1
82 15808 15782 1
83 31442 31391 1
84 31418 31370 1
85 15818 15794 1
86 4086 4080 1
87 31425 31379 1
88 31399 31358 1
89 7974 7964 1
90 31398 31359 1
91 7969 7960 1
92 15799 15782 1
93 62687 62621 0
94 2080 2062 1
95 62682 62608 1
96 31403 31370 1
97 62692 62629 0
98 15763 15748 1
99 31450 31434 0
100 4105 4104 1
101 125136 125112 0
102 31392 31363 0
103 62664 62607 0
104 62699 62642 0
105 7978 7971 1
106 31434 31407 0
107 62675 62627 0
108 7970 7964 1
109 7996 7990 1
110 62658 62611 0
111 62668 62622 0
112 62692 62646 0
113 62657 62612 0
114 31380 31358 0
115 15776 15765 1
116 31397 31378 0
117 31432 31413 0
118 15781 15772 0
119 15758 15751 0
120 15779 15772 0
121 15821 15814 0
122 31450 31437 0
123 7982 7979 0
124 7995 7992 1
125 15761 15757 0
126 15762 15758 0
127 15771 15767 0
128 7988 7986 0
129 62629 62602 0
130 125168 125116 0
131 125163 125107 0
132 62650 62621 0
133 62640 62611 0
134 125191 125151 0
135 250184 250105 0
136 125168 125131 0
137 62675 62657 0
138 250178 250109 0
139 62655 62638 0
140 250197 250133 0
141 125199 125136 0
142 7979 8012 0
143 62679 62647 0
144 125186 125120 0
145 125180 125101 0
146 250193 250133 0
147 250164 250109 0
148 31447 31448 0
149 125198 125103 0
150 31394 31388 0
151 31407 31401 0
152 15776 15773 0
153 500196 500104 0
154 125170 125147 0
155 500181 500115 0
156 500188 500123 0
157 250187 250155 0
158 62687 62679 0
159 31409 31405 0
160 15731 15729 0
161 7935 7934 0
162 250154 250123 0
163 125155 125141 0
164 250197 250170 0
165 250155 250129 0
166 125117 125104 0
167 125147 125134 0
168 125194 125181 0
169 250158 250133 0
170 500156 500108 0
171 500152 500109 0
172 500163 500120 0
173 62608 62603 0
174 500195 500157 0
175 250125 250106 0
176 250132 250113 0
177 500166 500130 0
178 250150 250132 0
179 125116 125107 0
180 125143 125134 0
181 125151 125142 0
182 250120 250103 0
183 500134 500101 0
184 62616 62612 0
185 31405 31403 0
186 250165 250150 0
187 500196 500169 0
188 125185 125179 0
189 62675 62672 0
190 62695 62692 0
191 500129 500107 0
192 500167 500145 0
193 2068 2068 0
194 4103 4103 1
195 31429 31430 0
196 31352 31353 0
197 31412 31414 0
198 7967 7968 0
199 31442 31446 0
200 15753 15756 0
201 4022 4023 0
202 4007 4008 0
203 15765 15769 0
204 15779 15785 0
205 15789 15796 0
206 15787 15795 0
207 4048 4051 0
208 4042 4046 0
209 7929 7938 0
210 4017 4022 0
211 15737 15757 0
212 7952 7967 0
213 4083 4091 0
214 7972 7988 0
215 7925 7941 0
216 7947 7965 0
217 2116 2121 0
218 7981 8000 0
219 4086 4097 0
220 4069 4080 0
221 2147 2153 0
222 4024 4036 0
223 7954 7979 0
224 2126 2136 0
225 4064 4087 0
226 2112 2125 0
227 2095 2108 0
228 2061 2082 0
229 2117 2143 0
230 2097 2125 0
231 2075 2106 0
232 2118 2150 0
233 63 65 1
234 74 80 0
235 77 87 0
236 87 99 0
237 65 100 0
238 60 96 0
239 24 43 0
240 30 56 0
241 31 58 0
242 25 53 0
243 13 30 0
244 25 59 0
245 250118 250136 0
246 7947 7997 0
247 62637 62670 0
248 62626 62671 0
249 7942 7975 0
250 250104 250183 0
251 7938 7989 0
252 62666 62665 0
253 62668 62693 0
254 250111 250134 0
255 62607 62633 0
256 62635 62658 0
257 7937 7992 0
258 250135 250149 0
259 62632 62681 0
260 62607 62662 0
261 7936 8000 0
262 7945 7978 0
263 62671 62685 0
264 7914 8007 0
265 62626 62656 0
266 62623 62652 0
267 7965 8006 0
268 7913 7965 0
269 62645 62657 0
270 250142 250183 0
271 62640 62668 0
272 250125 250162 0
273 250130 250199 0
274 250142 250171 0
275 62622 62638 0
276 7913 7957 0
277 250130 250155 0
278 62616 62659 0
279 4033 4083 0
280 62634 62684 0
281 15727 15787 0
282 4007 4071 0
283 4007 4079 0
284 250132 250123 0
285 250194 250190 0
286 250126 250121 0
287 250159 250148 0
288 62660 62680 0
289 4015 4071 0
290 15766 15804 0
291 125100 125155 0
292 15744 15808 0
293 4041 4082 0
294 125172 125186 0
295 15745 15806 0
296 125192 125190 0
297 4056 4089 0
298 4055 4091 0
299 250105 250197 0
300 31354 31420 0
301 4013 4047 0
302 125138 125168 0
303 125106 125163 0
304 250135 250186 0
305 125151 125169 0
306 125128 125128 0
307 31404 31414 0
308 15742 15777 0
309 250110 250185 0
310 31382 31415 0
311 125106 125105 0
312 250126 250143 0
313 125113 125156 0
314 4038 4089 0
315 4008 4102 0
316 4026 4097 0
317 31374 31408 0
318 500101 500199 0
319 500102 500133 0
320 500112 500140 0
321 250122 250184 0
322 31397 31425 0
323 500174 500185 0
324 500147 500126 0
325 2084 2125 0
326 500126 500121 0
327 2072 2108 0
328 31416 31447 0
329 125132 125154 0
330 125107 125175 0
331 125165 125188 0
332 500108 500104 0
333 500174 500170 0
334 500123 500114 0
335 125131 125150 0
336 31369 31437 0
337 500177 500194 0
338 500178 500170 0
339 15732 15812 0
340 2099 2149 0
341 31387 31397 0
342 250139 250188 0
343 2062 2134 0
344 2062 2146 0
345 500130 500165 0
346 500137 500183 0
347 250139 250177 0
348 250139 250155 0
349 125108 125195 0
350 2057 2133 0
351 500189 500172 0
352 2063 2132 0
353 250121 250112 0
354 500139 500172 0
355 500152 500146 0
356 2055 2090 0
357 125109 125186 0
358 2075 2132 0
359 15759 15782 0
360 250173 250196 0
361 54 96 0
362 125171 125181 0
363 31418 31449 0
364 15736 15767 0
365 43 84 0
366 45 86 0
367 11 84 0
368 15 91 0
369 125147 125156 0
370 125149 125169 0
371 125133 125182 0
372 61 100 0
373 250158 250171 0
374 500112 500164 0
375 125137 125139 0
376 500183 500174 0
377 500119 500111 0
378 500135 500189 0
379 500119 500155 0
380 500113 500157 0
381 500136 500133 0
382 15730 15777 0
383 15755 15817 0
384 125105 125138 0
385 31367 31417 0
386 500193 500191 0
387 4 50 0
388 500126 500146 0
389 500150 500145 0
390 31411 31446 0
391 31353 31414 0
392 250131 250184 0
393 29 81 0
394 500116 500199 0
395 500111 500186 0
396 31365 31397 0
397 26 82 0
398 125108 125117 0
399 31411 31418 0
--------------
1000000 :c
1004181 :sum(p)
999997 :sum(w)
