400 :n
id p,w,x
--------------
0 2085 2071 1
1 2136 2064 1
2 4067 4020 1
3 4105 4013 1
4 2138 2091 1
5 4100 4063 1
6 4086 4056 1
7 2123 2076 1
8 4072 4052 1
9 2095 2081 1
10 2150 2135 1
11 80 50 1
12 91 32 1
13 88 61 1
14 4100 4054 1
15 4088 4034 1
16 4090 4020 1
17 4090 4051 1
18 2129 2073 1
19 7975 7917 1
20 27 11 1
21 85 73 1
22 7984 7919 1
23 74 54 1
24 7987 7918 1
25 15820 15727 1
26 8007 7914 1
27 4063 4015 1
28 98 14 1
29 64 56 1
30 7990 7940 1
31 76 50 1
32 4080 4016 1
33 15821 15727 1
34 4085 4010 1
35 21 11 1
36 96 85 1
37 2131 2102 1
38 2138 2071 1
39 100 13 1
40 2143 2130 1
41 7968 7923 1
42 4061 4020 1
43 64 38 1
44 74 26 1
45 60 47 1
46 2130 2063 1
47 7978 7927 1
48 2134 2061 1
49 2090 2075 1
50 61 1 1
51 2133 2100 1
52 2128 2102 1
53 2149 2125 1
54 2112 2090 1
55 2135 2077 1
56 2101 2067 1
57 2137 2078 1
58 4060 4041 1
59 15809 15731 1
60 7975 7917 1
61 98 7 1
62 2098 2072 1
63 62690 62622 1
64 62689 62620 1
65 7981 7950 1
66 15791 15737 1
67 15824 15756 1
68 7975 7944 1
69 15788 15751 1
70 15816 15767 1
71 15778 15750 1
72 15799 15762 1
73 15822 15789 1
74 31440 31389 1
75 31440 31373 1
76 31446 31387 1
77 31425 31377 1
78 7955 7938 1
79 15792 15763 1
80 15773 15733 1
81 31439 31368 1
82 15798 15758 1
83 15801 15775 1
84 68 61 1
85 20 19 1
86 2074 2067 1
87 4034 4023 1
88 2081 2077 1
89 7995 7983 1
90 4052 4046 1
91 8005 7995 1
92 15802 15784 1
93 15786 15769 1
94 31413 31382 1
95 31386 31358 0
96 31392 31364 1
97 15778 15764 1
98 7971 7964 1
99 2136 2120 1
100 15771 15739 1
101 62660 62606 1
102 62665 62612 1
103 125121 125105 0
104 62698 62652 0
105 31435 31417 0
106 21 25 0
107 15774 15761 0
108 15811 15798 0
109 31392 31367 0
110 62673 62625 0
111 4075 4076 0
112 15814 15802 0
113 15820 15808 1
114 125192 125103 0
115 62658 62614 0
116 15756 15745 0
117 31386 31366 0
118 8000 7995 0
119 125174 125102 0
120 62697 62661 0
121 125182 125112 0
122 31394 31377 0
123 15804 15796 0
124 4052 4050 1
125 125158 125100 0
126 125173 125118 0
127 31395 31382 0
128 31403 31390 0
129 125186 125136 0
130 125185 125136 0
131 8007 8004 0
132 62624 62602 0
133 62678 62656 0
134 31391 31380 0
135 125142 125100 0
136 125176 125137 0
137 62682 62663 0
138 125164 125128 0
139 31363 31354 0
140 250172 250101 0
141 125186 125151 0
142 125156 125122 0
143 250175 250108 0
144 125137 125105 0
145 62630 62614 0
146 31378 31370 0
147 250174 250111 0
148 125190 125159 0
149 250189 250128 0
150 62619 62604 0
151 62625 62610 0
152 250177 250120 0
153 31434 31427 0
154 250186 250131 0
155 250171 250119 0
156 125167 125141 0
157 125191 125165 0
158 62682 62669 0
159 125178 125153 0
160 250168 250119 0
161 500190 500101 0
162 125140 125118 0
163 250166 250125 0
164 125181 125161 0
165 125121 125102 0
166 125177 125158 0
167 250151 250114 0
168 500188 500116 0
169 250188 250152 0
170 62662 62653 0
171 250188 250153 0
172 125159 125143 0
173 62623 62615 0
174 15789 15787 0
175 125119 125104 0
176 125160 125146 0
177 250184 250157 0
178 125132 125119 0
179 250176 250151 0
180 125179 125167 0
181 62672 62666 0
182 31368 31365 0
183 500161 500116 0
184 500189 500144 0
185 250153 250131 0
186 62630 62625 0
187 62683 62678 0
188 500162 500123 0
189 500169 500135 0
190 500162 500129 0
191 62664 62660 0
192 62672 62668 0
193 62687 62683 0
194 500158 500127 0
195 500174 500144 0
196 250185 250170 0
197 500132 500104 0
198 500135 500108 0
199 500198 500175 0
200 500148 500126 0
201 500136 500119 0
202 500138 500121 0
203 85 85 0
204 62 64 0
205 31399 31403 0
206 62657 62673 0
207 62614 62618 0
208 62627 62626 0
209 62624 62622 0
210 62619 62630 0
211 62681 62685 0
212 15729 15737 0
213 15763 15766 0
214 62642 62653 0
215 62641 62642 0
216 15775 15776 0
217 62601 62626 0
218 125127 125197 0
219 125142 125189 0
220 125104 125121 0
221 125124 125178 0
222 125170 125197 0
223 125149 125183 0
224 125119 125164 0
225 125156 125174 0
226 125145 125182 0
227 125165 125174 0
228 125119 125169 0
229 125111 125180 0
230 250146 250185 0
231 250103 250145 0
232 250151 250189 0
233 15739 15740 0
234 250162 250162 0
235 250112 250148 0
236 250153 250197 0
237 250153 250180 0
238 250161 250174 0
239 250102 250198 0
240 7974 7974 0
241 250187 250188 0
242 250164 250176 0
243 250138 250137 0
244 250162 250190 0
245 250193 250193 0
246 250180 250196 0
247 250145 250186 0
248 250123 250145 0
249 250147 250158 0
250 250112 250121 0
251 250123 250127 0
252 4103 4104 0
253 250154 250192 0
254 250105 250131 0
255 250106 250152 0
256 250113 250200 0
257 500148 500199 0
258 500132 500153 0
259 500133 500139 0
260 500189 500187 0
261 31415 31418 0
262 500198 500199 0
263 500132 500167 0
264 500195 500192 0
265 500144 500167 0
266 500109 500138 0
267 500157 500183 0
268 500178 500175 0
269 500148 500159 0
270 500133 500190 0
271 500183 500198 0
272 500121 500173 0
273 500154 500184 0
274 500145 500149 0
275 500120 500177 0
276 500114 500175 0
277 500101 500200 0
278 500139 500164 0
279 500154 500161 0
280 500113 500168 0
281 500103 500151 0
282 500117 500112 0
283 31362 31379 0
284 31409 31424 0
285 31380 31391 0
286 7948 7962 0
287 7913 7970 0
288 4033 4039 0
289 4070 4081 0
290 7919 7965 0
291 7977 7990 0
292 7974 7979 0
293 4069 4085 0
294 7916 7944 0
295 4046 4102 0
296 7921 7945 0
297 7960 7977 0
298 7924 7999 0
299 4032 4105 0
300 4041 4090 0
301 7917 7965 0
302 4014 4077 0
303 7950 7988 0
304 7949 8009 0
305 4009 4074 0
306 4012 4095 0
307 7998 8012 0
308 4057 4091 0
309 4012 4069 0
310 7984 8009 0
311 4047 4053 0
312 4037 4081 0
313 4042 4045 0
314 4022 4038 0
315 7944 7973 0
316 4010 4044 0
317 4034 4083 0
318 4008 4047 0
319 7937 7961 0
320 7974 7988 0
321 7935 7951 0
322 7917 7957 0
323 2142 2152 0
324 2116 2134 0
325 2057 2064 0
326 7950 8004 0
327 7920 7985 0
328 2054 2103 0
329 2081 2088 0
330 7975 7985 0
331 7918 7995 0
332 2060 2076 0
333 15741 15808 0
334 15792 15822 0
335 15731 15778 0
336 15739 15777 0
337 15763 15794 0
338 2083 2113 0
339 2072 2121 0
340 2099 2149 0
341 15764 15791 0
342 15787 15803 0
343 15728 15768 0
344 15771 15809 0
345 15774 15816 0
346 2059 2149 0
347 15795 15804 0
348 2071 2094 0
349 31351 31417 0
350 31352 31443 0
351 2071 2075 0
352 31391 31446 0
353 31354 31403 0
354 2067 2103 0
355 31375 31408 0
356 2085 2145 0
357 2111 2121 0
358 2054 2080 0
359 31406 31437 0
360 66 70 0
361 8 87 0
362 57 62 0
363 31356 31422 0
364 21 80 0
365 31387 31420 0
366 48 74 0
367 31377 31430 0
368 80 91 0
369 31386 31419 0
370 19 88 0
371 31355 31442 0
372 31372 31403 0
373 74 87 0
374 31398 31447 0
375 31374 31415 0
376 31378 31426 0
377 31355 31406 0
378 6 11 0
379 10 73 0
380 4 54 0
381 2 49 0
382 37 60 0
383 62642 62696 0
384 66 86 0
385 62643 62699 0
386 62632 62694 0
387 62626 62666 0
388 14 88 0
389 62608 62696 0
390 20 92 0
391 62609 62647 0
392 4025 4045 0
393 62623 62675 0
394 10 84 0
395 62604 62696 0
396 23 71 0
397 125101 125184 0
398 4012 4027 0
399 4014 4104 0
--------------
1000000 :c
1004170 :sum(p)
1000000 :sum(w)
