400 :n
id p,w,x
--------------
0 81 12 1
1 91 21 1
2 85 25 1
3 88 26 1
4 76 23 1
5 69 23 1
6 61 33 1
7 68 39 1
8 41 24 1
9 67 41 1
10 99 62 1
11 46 30 1
12 54 41 1
13 72 68 1
14 91 86 1
15 2152 2062 1
16 2143 2058 1
17 2143 2058 1
18 2148 2069 1
19 84 81 1
20 2113 2062 1
21 4104 4018 1
22 2117 2075 1
23 4091 4025 1
24 2112 2079 1
25 4082 4022 1
26 2149 2119 1
27 4065 4009 1
28 4075 4020 1
29 2112 2087 1
30 4050 4008 1
31 4060 4018 1
32 7994 7914 1
33 4072 4032 1
34 2145 2124 1
35 2119 2100 1
36 7987 7917 1
37 4092 4059 1
38 4077 4049 1
39 4079 4051 1
40 4087 4061 1
41 2094 2081 1
42 4046 4021 1
43 15820 15726 1
44 7968 7925 1
45 2087 2076 1
46 15815 15732 1
47 7995 7955 1
48 15808 15731 1
49 7997 7961 1
50 15816 15746 1
51 4098 4080 1
52 7949 7917 1
53 15808 15752 1
54 7948 7920 1
55 4045 4031 1
56 4060 4046 1
57 15799 15745 1
58 4089 4077 1
59 15802 15756 1
60 15800 15755 1
61 31449 31361 1
62 8003 7981 1
63 15776 15733 1
64 31449 31365 1
65 7989 7969 0
66 4063 4053 1
67 31425 31352 1
68 4052 4043 1
69 15797 15763 1
70 15825 15792 1
71 15803 15772 1
72 7961 7946 1
73 31411 31353 1
74 7942 7928 1
75 31432 31377 1
76 15803 15777 1
77 31398 31351 1
78 2059 2056 0
79 2103 2100 0
80 15787 15765 1
81 31449 31406 1
82 31441 31399 1
83 62694 62614 1
84 62700 62626 1
85 31430 31393 1
86 62688 62618 1
87 86 85 1
88 62676 62607 1
89 31397 31358 1
90 15792 15774 0
91 31450 31417 1
92 7996 7988 0
93 15811 15816 0
94 2134 2148 0
95 15771 15796 0
96 62676 62614 0
97 31397 31366 0
98 4076 4072 0
99 62684 62624 0
100 250182 250105 0
101 62698 62646 0
102 62656 62606 0
103 62691 62643 0
104 125197 125108 0
105 62680 62636 0
106 31395 31373 0
107 31430 31408 0
108 125186 125105 0
109 7969 7964 0
110 31438 31420 0
111 15736 15727 0
112 15752 15747 0
113 15776 15772 0
114 7945 7944 0
115 7993 7993 0
116 7950 7950 0
117 7987 7988 0
118 7962 7964 0
119 4081 4083 0
120 7943 7947 0
121 4045 4048 0
122 2093 2095 0
123 4064 4069 0
124 2116 2119 0
125 4017 4024 0
126 2114 2119 0
127 2112 2119 0
128 2127 2137 0
129 89 90 0
130 42 47 0
131 70 84 0
132 39 48 0
133 53 66 0
134 32 43 0
135 38 52 0
136 20 33 0
137 31410 31404 0
138 250173 250119 0
139 62637 62622 0
140 62642 62626 0
141 250173 250114 0
142 125166 125106 0
143 250184 250156 0
144 500169 500133 0
145 125144 125132 0
146 500190 500111 0
147 125169 125153 0
148 62683 62678 0
149 125137 125120 0
150 62681 62672 0
151 500152 500102 0
152 62632 62622 0
153 500183 500109 0
154 250194 250166 0
155 500182 500119 0
156 125134 125121 0
157 250200 250168 0
158 250188 250157 0
159 250171 250153 0
160 62693 62683 0
161 250161 250126 0
162 250199 250161 0
163 125162 125142 0
164 62695 62690 0
165 62694 62677 0
166 125164 125105 0
167 500185 500183 0
168 500158 500165 0
169 500164 500148 0
170 500187 500195 0
171 500157 500164 0
172 500111 500115 0
173 500145 500116 0
174 500174 500182 0
175 500184 500171 0
176 125117 125108 0
177 500169 500149 0
178 250170 250155 0
179 500142 500110 0
180 500190 500183 0
181 31423 31422 0
182 250162 250151 0
183 500156 500137 0
184 500138 500120 0
185 500147 500143 0
186 500143 500148 0
187 125107 125102 0
188 250110 250108 0
189 500146 500155 0
190 250121 250125 0
191 125141 125142 0
192 125134 125127 0
193 250169 250160 0
194 500159 500161 0
195 500189 500173 0
196 500162 500131 0
197 500131 500119 0
198 250174 250105 0
199 250179 250109 0
200 125199 125131 0
201 125171 125100 0
202 125175 125117 0
203 125199 125131 0
204 62638 62613 0
205 62646 62622 0
206 62688 62656 0
207 125175 125112 0
208 62672 62632 0
209 62652 62630 0
210 31449 31438 0
211 62687 62655 0
212 31430 31420 0
213 125196 125120 0
214 31429 31420 0
215 250200 250160 0
216 250187 250144 0
217 125161 125138 0
218 31420 31427 0
219 31398 31429 0
220 15726 15809 0
221 15776 15780 0
222 31356 31380 0
223 31427 31434 0
224 15736 15750 0
225 31415 31428 0
226 31386 31416 0
227 15782 15816 0
228 62661 62697 0
229 15794 15802 0
230 15733 15785 0
231 15799 15816 0
232 15745 15800 0
233 62611 62675 0
234 62630 62670 0
235 15785 15805 0
236 15798 15813 0
237 62622 62655 0
238 15798 15809 0
239 62656 62664 0
240 62646 62684 0
241 62609 62681 0
242 7936 7977 0
243 7997 8006 0
244 7968 8000 0
245 7929 7948 0
246 31376 31425 0
247 7951 7970 0
248 7982 8002 0
249 7945 7969 0
250 62614 62685 0
251 62616 62690 0
252 7944 7969 0
253 7928 7950 0
254 7918 7933 0
255 62670 62690 0
256 62606 62692 0
257 62607 62692 0
258 62612 62674 0
259 62635 62650 0
260 7925 7964 0
261 62605 62612 0
262 62614 62665 0
263 125145 125196 0
264 7921 7990 0
265 31408 31437 0
266 31379 31392 0
267 7983 7995 0
268 7947 7977 0
269 7927 7997 0
270 7975 7987 0
271 7977 7990 0
272 125117 125127 0
273 125116 125144 0
274 7955 7976 0
275 7919 7948 0
276 125105 125155 0
277 7930 7992 0
278 7935 7988 0
279 125166 125170 0
280 125139 125194 0
281 31365 31401 0
282 125145 125156 0
283 125107 125122 0
284 4012 4063 0
285 125101 125153 0
286 125103 125147 0
287 31393 31436 0
288 125168 125198 0
289 4086 4102 0
290 4036 4105 0
291 125126 125188 0
292 4007 4054 0
293 4032 4078 0
294 125141 125194 0
295 4029 4059 0
296 4008 4052 0
297 125178 125197 0
298 125129 125186 0
299 125142 125157 0
300 4031 4049 0
301 125125 125195 0
302 15743 15775 0
303 125133 125194 0
304 4046 4077 0
305 125139 125164 0
306 125100 125179 0
307 4022 4105 0
308 4024 4087 0
309 4027 4067 0
310 4047 4074 0
311 4049 4071 0
312 4011 4094 0
313 250113 250129 0
314 15749 15764 0
315 250150 250176 0
316 250121 250193 0
317 250139 250144 0
318 4031 4078 0
319 2069 2140 0
320 250143 250181 0
321 250102 250144 0
322 2086 2112 0
323 250128 250191 0
324 15726 15728 0
325 250160 250199 0
326 2056 2096 0
327 2085 2119 0
328 2118 2132 0
329 250156 250173 0
330 250143 250188 0
331 2085 2138 0
332 2062 2082 0
333 250166 250171 0
334 2089 2148 0
335 2089 2148 0
336 2083 2139 0
337 250135 250191 0
338 15726 15800 0
339 250135 250186 0
340 2055 2120 0
341 31376 31423 0
342 15767 15802 0
343 2091 2133 0
344 2062 2113 0
345 2079 2132 0
346 2068 2083 0
347 2070 2149 0
348 250103 250166 0
349 250107 250199 0
350 15734 15800 0
351 250155 250193 0
352 250101 250154 0
353 2071 2130 0
354 31373 31437 0
355 2084 2144 0
356 250105 250197 0
357 250101 250114 0
358 2068 2092 0
359 31378 31408 0
360 36 61 0
361 250156 250182 0
362 20 77 0
363 22 67 0
364 72 89 0
365 15785 15820 0
366 22 94 0
367 250125 250171 0
368 38 57 0
369 500114 500198 0
370 500126 500143 0
371 28 87 0
372 31388 31392 0
373 500165 500176 0
374 500101 500172 0
375 9 80 0
376 15730 15747 0
377 25 94 0
378 500108 500150 0
379 500107 500136 0
380 500121 500160 0
381 500143 500176 0
382 15759 15796 0
383 65 92 0
384 500151 500162 0
385 500168 500191 0
386 35 78 0
387 500144 500158 0
388 500148 500188 0
389 10 73 0
390 49 75 0
391 500152 500195 0
392 31352 31446 0
393 31392 31420 0
394 31351 31407 0
395 30 91 0
396 500130 500177 0
397 26 95 0
398 31417 31447 0
399 31383 31449 0
--------------
1000000 :c
1003772 :sum(p)
999999 :sum(w)
