400 :n
id p,w,x
--------------
0 4085 4049 1
1 4103 4016 1
2 4086 4047 1
3 61 7 1
4 84 45 1
5 96 73 1
6 96 52 1
7 94 44 1
8 8005 7933 1
9 7999 7957 1
10 8010 7939 1
11 46 19 1
12 57 23 1
13 86 36 1
14 7977 7916 1
15 15803 15758 1
16 46 22 1
17 4096 4009 1
18 4104 4071 1
19 8012 7965 1
20 4079 4011 1
21 4064 4019 1
22 2146 2060 1
23 2138 2110 1
24 2153 2128 1
25 2147 2094 1
26 2122 2098 1
27 2146 2065 1
28 2153 2074 1
29 2133 2105 1
30 2114 2087 1
31 2105 2072 1
32 15803 15748 1
33 4100 4020 1
34 15792 15745 1
35 2153 2091 1
36 2148 2055 1
37 4086 4032 1
38 7993 7918 1
39 2107 2066 1
40 2149 2059 1
41 2140 2059 1
42 4051 4014 1
43 7996 7930 1
44 2146 2099 1
45 7973 7940 1
46 15804 15751 1
47 7972 7942 1
48 31443 31387 1
49 31425 31362 1
50 15767 15726 1
51 31439 31365 1
52 31422 31362 1
53 31441 31383 1
54 31427 31354 1
55 24 6 1
56 36 16 1
57 7 4 1
58 50 32 1
59 75 56 1
60 89 71 1
61 37 31 1
62 83 71 1
63 20 19 1
64 49 47 1
65 2111 2092 1
66 2114 2097 1
67 2079 2065 1
68 2073 2060 1
69 4043 4019 1
70 4068 4044 1
71 2111 2102 1
72 4033 4017 1
73 4036 4020 1
74 7951 7924 1
75 7968 7941 1
76 2075 2068 1
77 7963 7941 1
78 7960 7939 1
79 15816 15780 1
80 7967 7949 1
81 7933 7916 1
82 4096 4088 1
83 15780 15750 1
84 8009 7994 1
85 15804 15776 1
86 7966 7954 1
87 4021 4015 1
88 15771 15748 1
89 7974 7963 1
90 62693 62607 1
91 31428 31385 1
92 31442 31400 1
93 31394 31353 1
94 31394 31353 1
95 4094 4089 1
96 15794 15775 1
97 62678 62606 1
98 62676 62604 1
99 15804 15756 1
100 31445 31409 1
101 15759 15731 1
102 4061 4057 1
103 31435 31406 0
104 15810 15797 1
105 15821 15812 0
106 15781 15769 0
107 62653 62606 0
108 31413 31389 0
109 15816 15821 0
110 125196 125102 0
111 74 96 0
112 62685 62637 0
113 31439 31416 0
114 15770 15759 0
115 62645 62602 0
116 31389 31368 0
117 62697 62656 0
118 62646 62606 0
119 62675 62643 0
120 31414 31398 0
121 62634 62603 0
122 62635 62604 0
123 62691 62663 0
124 15746 15739 0
125 31396 31384 0
126 7977 7974 0
127 15738 15733 0
128 7986 7984 0
129 7943 7943 0
130 15780 15783 0
131 7986 7989 0
132 15792 15799 0
133 15785 15792 0
134 4048 4051 0
135 2086 2088 0
136 2056 2058 0
137 7948 7956 0
138 7971 7985 0
139 2063 2067 0
140 4036 4044 0
141 4024 4033 0
142 2054 2060 0
143 2098 2106 0
144 4025 4041 0
145 2125 2135 0
146 2120 2131 0
147 2073 2087 0
148 2072 2087 0
149 2095 2111 0
150 2064 2083 0
151 87 90 1
152 54 58 1
153 50 54 0
154 77 85 0
155 88 100 0
156 85 97 0
157 52 68 0
158 31 47 0
159 17 33 0
160 500196 500139 0
161 500182 500102 0
162 62660 62634 0
163 62696 62687 0
164 500173 500115 0
165 125142 125109 0
166 500183 500102 0
167 250163 250106 0
168 250184 250107 0
169 250190 250151 0
170 62621 62612 0
171 125187 125142 0
172 62700 62680 0
173 31382 31377 0
174 125122 125105 0
175 125175 125148 0
176 125196 125179 0
177 125192 125160 0
178 125177 125155 0
179 125196 125170 0
180 250189 250126 0
181 250195 250115 0
182 31437 31433 0
183 250183 250120 0
184 125196 125173 0
185 125141 125123 0
186 250200 250132 0
187 250138 250102 0
188 250171 250114 0
189 250174 250111 0
190 250136 250103 0
191 250183 250123 0
192 62679 62670 0
193 62679 62697 0
194 62608 62636 0
195 62672 62666 0
196 31353 31412 0
197 62640 62662 0
198 31383 31427 0
199 62629 62661 0
200 15750 15795 0
201 15730 15763 0
202 62638 62697 0
203 62680 62688 0
204 31358 31366 0
205 15745 15809 0
206 62601 62690 0
207 15762 15779 0
208 15733 15786 0
209 15760 15820 0
210 15779 15797 0
211 125141 125185 0
212 15733 15786 0
213 15807 15817 0
214 125109 125152 0
215 125169 125186 0
216 125125 125121 0
217 15766 15825 0
218 15741 15785 0
219 125182 125193 0
220 15805 15818 0
221 15758 15808 0
222 125105 125197 0
223 125144 125193 0
224 125126 125177 0
225 15735 15810 0
226 15789 15805 0
227 31430 31440 0
228 31389 31437 0
229 125102 125184 0
230 15730 15795 0
231 15745 15773 0
232 125139 125141 0
233 125122 125175 0
234 62629 62627 0
235 125157 125155 0
236 125105 125180 0
237 125163 125155 0
238 15770 15784 0
239 7916 7983 0
240 62627 62680 0
241 125111 125112 0
242 125101 125131 0
243 125133 125198 0
244 7933 7981 0
245 7954 7983 0
246 7921 7949 0
247 125171 125177 0
248 125170 125194 0
249 31398 31416 0
250 7976 7993 0
251 7919 8012 0
252 125128 125133 0
253 7919 7975 0
254 125156 125196 0
255 7921 8000 0
256 7916 7962 0
257 125168 125160 0
258 125111 125104 0
259 7944 8003 0
260 125120 125145 0
261 7972 7987 0
262 7950 8005 0
263 7930 7999 0
264 125106 125186 0
265 31390 31431 0
266 125158 125161 0
267 31356 31399 0
268 125172 125196 0
269 125101 125175 0
270 7959 7975 0
271 125119 125141 0
272 250110 250170 0
273 250143 250152 0
274 7939 7976 0
275 250122 250155 0
276 250102 250177 0
277 250142 250131 0
278 7919 7945 0
279 4007 4075 0
280 250114 250184 0
281 4031 4103 0
282 4009 4095 0
283 4021 4050 0
284 62635 62665 0
285 250188 250187 0
286 250194 250189 0
287 4071 4090 0
288 4045 4068 0
289 4020 4092 0
290 250148 250163 0
291 250142 250187 0
292 4053 4102 0
293 4065 4084 0
294 250129 250117 0
295 4042 4093 0
296 4022 4074 0
297 250134 250178 0
298 4033 4100 0
299 250140 250169 0
300 31358 31410 0
301 4021 4071 0
302 250176 250151 0
303 62623 62626 0
304 4047 4066 0
305 250148 250172 0
306 250169 250162 0
307 250141 250146 0
308 250128 250116 0
309 4054 4098 0
310 4009 4077 0
311 62624 62680 0
312 250117 250190 0
313 250192 250190 0
314 250158 250189 0
315 250129 250186 0
316 4040 4070 0
317 4019 4047 0
318 250109 250142 0
319 250124 250130 0
320 250142 250184 0
321 250117 250173 0
322 31397 31419 0
323 250131 250115 0
324 31352 31391 0
325 2054 2110 0
326 250185 250166 0
327 500171 500198 0
328 31401 31428 0
329 31389 31433 0
330 31358 31423 0
331 500180 500196 0
332 2092 2144 0
333 500127 500122 0
334 500189 500133 0
335 62602 62641 0
336 500165 500123 0
337 500136 500191 0
338 500162 500115 0
339 500113 500114 0
340 500114 500198 0
341 500145 500151 0
342 500191 500148 0
343 62677 62681 0
344 500139 500150 0
345 2072 2146 0
346 2063 2102 0
347 500141 500158 0
348 500130 500180 0
349 31368 31430 0
350 500121 500105 0
351 500127 500101 0
352 62610 62610 0
353 2078 2131 0
354 500190 500147 0
355 2095 2122 0
356 62653 62682 0
357 2077 2108 0
358 62608 62650 0
359 14 52 0
360 500160 500147 0
361 500135 500109 0
362 500136 500147 0
363 3 60 0
364 35 96 0
365 62658 62686 0
366 500143 500182 0
367 500105 500121 0
368 31365 31401 0
369 31423 31436 0
370 500163 500189 0
371 25 76 0
372 500186 500177 0
373 62681 62694 0
374 500194 500167 0
375 22 62 0
376 31351 31434 0
377 500120 500154 0
378 62631 62689 0
379 500117 500170 0
380 500119 500131 0
381 62656 62651 0
382 500133 500151 0
383 31407 31411 0
384 42 97 0
385 49 79 0
386 31397 31430 0
387 500115 500128 0
388 500181 500186 0
389 6 85 0
390 16 60 0
391 500161 500175 0
392 1 68 0
393 500193 500153 0
394 500181 500183 0
395 500198 500168 0
396 500162 500176 0
397 18 55 0
398 62625 62698 0
399 31354 31413 0
--------------
1000000 :c
1004028 :sum(p)
999997 :sum(w)
