400 :n
id p,w,x
--------------
0 4104 4021 1
1 15821 15726 1
2 4102 4016 1
3 2148 2080 1
4 2152 2081 1
5 2125 2057 1
6 2135 2055 1
7 2149 2063 1
8 31448 31353 1
9 93 15 1
10 28 2 1
11 37 3 1
12 23 2 1
13 61 11 1
14 31 7 1
15 80 26 1
16 70 23 1
17 53 19 1
18 89 33 1
19 70 28 1
20 7 3 1
21 99 43 1
22 99 50 1
23 74 55 1
24 83 64 1
25 79 61 1
26 97 75 1
27 78 62 1
28 54 44 1
29 70 62 1
30 98 88 1
31 2118 2065 1
32 2132 2083 1
33 2125 2077 1
34 2123 2080 1
35 2140 2098 1
36 2121 2085 1
37 4094 4034 1
38 4088 4032 1
39 4062 4008 1
40 2093 2067 1
41 4090 4041 1
42 2124 2102 1
43 2127 2107 1
44 2082 2064 1
45 7992 7929 1
46 4065 4033 1
47 7991 7931 1
48 4077 4047 1
49 4049 4020 1
50 4058 4030 1
51 4100 4075 1
52 4102 4077 1
53 2080 2069 1
54 2094 2083 1
55 4095 4075 1
56 7989 7950 1
57 15817 15740 1
58 7971 7935 1
59 4073 4055 1
60 4043 4021 1
61 15812 15753 1
62 15799 15741 1
63 15802 15744 1
64 15793 15739 1
65 8010 7986 1
66 15818 15771 1
67 15796 15750 1
68 15787 15742 1
69 7957 7935 1
70 31437 31354 1
71 15795 15754 1
72 2130 2119 1
73 31448 31370 1
74 2060 2055 1
75 2141 2136 1
76 15774 15738 1
77 31427 31366 1
78 15768 15738 1
79 7955 7940 1
80 31449 31392 1
81 31409 31366 1
82 15812 15784 1
83 31394 31351 1
84 15771 15745 1
85 31410 31366 1
86 62693 62605 1
87 62695 62612 1
88 4093 4086 1
89 7989 7976 1
90 15786 15761 1
91 15811 15787 1
92 15813 15790 1
93 31390 31351 1
94 4080 4075 1
95 4101 4096 1
96 15789 15773 1
97 15795 15727 1
98 62683 62618 1
99 7953 7933 1
100 15814 15798 1
101 31383 31353 0
102 31428 31399 0
103 31448 31450 0
104 15818 15810 0
105 31370 31373 0
106 15799 15785 0
107 31436 31411 0
108 31383 31361 0
109 31396 31375 0
110 31372 31352 0
111 7943 7938 1
112 7969 7964 1
113 8008 8006 1
114 8006 8006 0
115 66 68 0
116 31423 31405 0
117 125182 125112 0
118 62683 62652 0
119 125175 125114 0
120 62674 62644 0
121 31432 31418 0
122 31445 31431 0
123 62645 62619 0
124 31374 31362 0
125 62667 62644 0
126 62655 62637 0
127 15804 15800 0
128 62678 62642 0
129 62694 62679 0
130 62700 62685 0
131 62623 62609 0
132 31368 31361 0
133 62690 62677 0
134 31435 31429 0
135 62656 62646 0
136 62656 62650 0
137 15734 15733 0
138 15744 15743 0
139 62655 62615 0
140 31377 31379 0
141 78 97 0
142 125182 125100 0
143 15803 15807 0
144 15806 15811 0
145 7987 7990 0
146 15818 15825 0
147 7993 7997 0
148 7935 7939 0
149 15765 15773 0
150 15726 15736 0
151 15807 15819 0
152 2061 2063 0
153 4017 4021 1
154 15775 15791 0
155 7998 8010 0
156 7926 7939 0
157 7933 7947 0
158 7949 7965 0
159 7942 7958 0
160 4043 4052 0
161 7937 7959 0
162 2113 2119 0
163 4028 4040 0
164 4018 4030 0
165 7987 8011 0
166 4041 4055 0
167 7934 7963 0
168 2142 2150 0
169 7961 7991 0
170 7923 7953 0
171 2078 2086 0
172 4053 4069 0
173 2130 2139 0
174 4021 4038 0
175 2107 2117 0
176 4049 4069 0
177 2114 2125 0
178 2065 2077 0
179 4053 4078 0
180 4060 4086 0
181 2117 2132 0
182 4025 4054 0
183 4062 4092 0
184 4024 4054 0
185 4069 4101 0
186 2064 2084 0
187 2097 2118 0
188 2082 2104 0
189 2096 2122 0
190 2064 2099 0
191 48 50 1
192 53 57 1
193 80 90 0
194 24 28 0
195 30 36 0
196 75 93 0
197 29 37 0
198 44 60 0
199 62 87 0
200 40 75 0
201 19 54 0
202 2 25 0
203 500151 500101 0
204 500144 500116 0
205 500148 500122 0
206 500182 500122 0
207 125150 125128 0
208 500150 500114 0
209 500169 500104 0
210 500132 500113 0
211 500200 500153 0
212 500178 500124 0
213 500195 500113 0
214 500200 500115 0
215 500163 500123 0
216 500190 500144 0
217 125169 125128 0
218 125148 125115 0
219 125130 125122 0
220 125187 125133 0
221 125157 125131 0
222 250193 250102 0
223 250198 250142 0
224 250191 250120 0
225 125181 125140 0
226 125176 125167 0
227 250153 250103 0
228 250193 250111 0
229 125182 125134 0
230 250146 250117 0
231 250135 250109 0
232 125170 125165 0
233 500183 500164 0
234 125152 125118 0
235 250179 250164 0
236 125195 125142 0
237 125140 125115 0
238 125152 125143 0
239 250143 250125 0
240 250165 250127 0
241 250129 250117 0
242 500185 500131 0
243 125116 125109 0
244 7944 7998 0
245 7946 7990 0
246 7917 8008 0
247 7944 7992 0
248 7925 7997 0
249 125111 125145 0
250 125183 125185 0
251 125138 125167 0
252 125113 125115 0
253 125136 125138 0
254 125139 125166 0
255 7955 7989 0
256 7938 7985 0
257 125130 125161 0
258 15726 15795 0
259 125133 125136 0
260 125122 125154 0
261 7921 7970 0
262 7941 7990 0
263 125131 125173 0
264 7960 8006 0
265 7935 7986 0
266 15786 15820 0
267 125134 125177 0
268 7922 7972 0
269 7913 7977 0
270 7931 7998 0
271 125104 125177 0
272 62650 62654 0
273 125194 125194 0
274 125155 125162 0
275 62628 62629 0
276 125115 125169 0
277 125116 125141 0
278 62689 62695 0
279 62616 62637 0
280 125180 125180 0
281 15726 15802 0
282 4015 4055 0
283 62613 62645 0
284 62621 62645 0
285 125104 125103 0
286 125152 125178 0
287 125116 125127 0
288 125107 125117 0
289 62640 62643 0
290 62624 62627 0
291 125149 125194 0
292 250113 250114 0
293 250171 250163 0
294 62605 62668 0
295 62653 62653 0
296 4013 4094 0
297 62614 62614 0
298 250101 250151 0
299 250166 250198 0
300 4016 4070 0
301 250176 250193 0
302 4019 4055 0
303 62644 62690 0
304 250105 250148 0
305 15786 15811 0
306 250119 250146 0
307 62605 62653 0
308 4007 4100 0
309 250184 250192 0
310 250148 250142 0
311 4026 4077 0
312 15734 15804 0
313 250193 250192 0
314 250182 250188 0
315 4019 4077 0
316 250151 250142 0
317 62642 62647 0
318 4031 4071 0
319 250108 250140 0
320 250109 250139 0
321 250138 250198 0
322 2083 2145 0
323 250120 250170 0
324 250150 250157 0
325 250171 250188 0
326 15748 15821 0
327 2088 2146 0
328 62636 62655 0
329 15737 15768 0
330 250147 250192 0
331 62679 62689 0
332 15775 15816 0
333 62689 62697 0
334 250148 250157 0
335 250192 250186 0
336 250120 250135 0
337 250148 250140 0
338 62632 62659 0
339 250155 250195 0
340 62614 62652 0
341 2061 2122 0
342 62634 62634 0
343 2060 2149 0
344 62679 62692 0
345 250115 250135 0
346 250184 250200 0
347 250153 250147 0
348 31380 31395 0
349 250127 250160 0
350 250127 250153 0
351 2060 2097 0
352 62651 62676 0
353 500150 500137 0
354 500144 500190 0
355 500179 500192 0
356 31428 31440 0
357 62652 62695 0
358 2055 2130 0
359 31368 31382 0
360 500115 500195 0
361 62642 62649 0
362 31377 31436 0
363 500103 500140 0
364 500128 500181 0
365 31370 31441 0
366 40 88 0
367 500117 500111 0
368 500187 500177 0
369 500137 500165 0
370 500139 500154 0
371 500150 500188 0
372 500111 500193 0
373 19 98 0
374 500157 500179 0
375 500187 500194 0
376 31432 31446 0
377 500157 500174 0
378 500117 500194 0
379 5 88 0
380 31390 31446 0
381 31371 31431 0
382 500157 500145 0
383 31354 31390 0
384 500159 500164 0
385 31378 31432 0
386 31383 31397 0
387 500113 500144 0
388 31353 31381 0
389 31381 31394 0
390 500129 500117 0
391 500161 500184 0
392 500113 500126 0
393 500120 500195 0
394 500148 500143 0
395 500174 500182 0
396 31367 31383 0
397 4 94 0
398 31353 31448 0
399 31384 31425 0
--------------
1000000 :c
1004049 :sum(p)
1000000 :sum(w)
