400 :n
id p,w,x
--------------
0 88 5 1
1 93 15 1
2 64 4 1
3 35 3 1
4 73 7 1
5 41 6 1
6 70 22 1
7 40 15 1
8 100 43 1
9 96 42 1
10 98 44 1
11 42 19 1
12 98 53 1
13 14 8 1
14 90 53 1
15 95 63 1
16 77 53 1
17 60 42 1
18 95 69 1
19 69 53 1
20 95 75 1
21 91 85 1
22 41 39 0
23 2141 2066 1
24 2141 2068 1
25 2134 2070 1
26 2139 2078 1
27 2137 2077 1
28 2125 2066 1
29 2118 2064 1
30 84 82 0
31 2114 2066 1
32 2103 2061 1
33 2144 2103 1
34 4102 4029 1
35 2128 2092 1
36 2113 2079 1
37 2144 2111 1
38 2153 2121 1
39 4091 4033 1
40 4076 4021 1
41 4068 4015 1
42 2096 2069 1
43 4106 4054 1
44 4081 4033 1
45 4081 4035 1
46 8007 7928 1
47 2102 2082 1
48 2127 2107 1
49 7988 7914 1
50 8006 7934 1
51 2081 2063 1
52 7992 7929 1
53 8011 7948 1
54 7997 7936 1
55 4104 4073 1
56 4042 4012 1
57 4096 4067 1
58 2120 2105 1
59 4071 4043 1
60 8007 7952 1
61 4097 4069 1
62 4037 4013 1
63 4063 4039 1
64 4042 4020 1
65 4087 4066 1
66 4056 4036 1
67 7955 7916 1
68 7966 7928 1
69 2108 2098 1
70 4069 4051 1
71 2135 2126 1
72 7989 7956 1
73 2068 2060 1
74 7990 7960 1
75 4065 4050 1
76 4077 4062 1
77 8004 7976 1
78 31423 31369 1
79 31450 31386 1
80 7940 7913 1
81 7970 7944 1
82 31440 31375 1
83 15797 15746 1
84 31416 31351 1
85 15774 15726 1
86 15785 15739 1
87 15760 15727 1
88 31434 31363 1
89 31446 31363 1
90 62698 62608 1
91 54 53 1
92 2146 2139 0
93 7993 7968 1
94 4056 4045 1
95 4098 4087 1
96 15784 15752 1
97 4104 4096 0
98 15765 15741 1
99 15785 15761 1
100 31403 31356 1
101 31409 31362 1
102 2126 2123 0
103 31427 31385 1
104 15817 15796 1
105 15749 15729 1
106 15747 15728 1
107 15755 15737 0
108 15797 15742 1
109 62689 62603 1
110 31399 31352 1
111 62692 62626 1
112 62673 62612 1
113 31443 31415 0
114 62698 62657 0
115 31446 31449 0
116 62686 62668 0
117 31405 31378 0
118 31437 31411 0
119 15765 15752 0
120 15771 15758 0
121 15807 15794 0
122 62674 62624 0
123 31396 31371 0
124 31443 31418 0
125 31385 31361 0
126 15816 15806 0
127 31418 31400 0
128 31372 31356 0
129 15743 15735 0
130 15809 15802 0
131 7980 7977 0
132 7985 7982 1
133 15732 15727 0
134 15753 15748 0
135 62678 62650 0
136 62673 62642 0
137 62630 62604 0
138 125198 125136 0
139 125196 125133 0
140 62629 62606 0
141 62695 62673 0
142 62677 62642 0
143 125195 125115 0
144 62641 62623 0
145 62667 62649 0
146 7926 7984 0
147 250195 250126 0
148 31440 31431 0
149 62631 62615 0
150 62691 62675 0
151 31379 31372 0
152 62659 62646 0
153 62666 62659 0
154 31389 31387 0
155 31408 31407 0
156 15743 15743 0
157 31413 31413 0
158 7983 7983 0
159 4096 4096 0
160 15771 15774 0
161 15744 15747 0
162 15739 15742 0
163 7933 7935 0
164 7961 7964 0
165 15767 15773 0
166 15801 15811 0
167 15730 15740 0
168 4097 4100 0
169 7976 7984 0
170 7918 7928 0
171 7979 7990 0
172 7969 7980 0
173 4054 4060 0
174 7978 7993 0
175 7920 7935 0
176 4094 4105 0
177 2104 2111 0
178 4065 4079 0
179 4009 4026 0
180 2131 2142 0
181 2066 2077 0
182 2139 2151 0
183 2069 2082 0
184 2136 2150 0
185 2132 2150 0
186 2110 2128 0
187 2129 2153 0
188 42 44 0
189 68 83 0
190 79 97 0
191 63 79 0
192 15 32 0
193 2 26 0
194 500155 500128 0
195 250157 250151 0
196 500192 500151 0
197 250168 250164 0
198 500159 500171 0
199 250105 250112 0
200 500188 500169 0
201 62683 62682 0
202 500189 500174 0
203 500176 500131 0
204 500104 500107 0
205 250191 250177 0
206 125181 125174 0
207 500151 500158 0
208 250182 250173 0
209 250134 250109 0
210 250180 250173 0
211 125180 125175 0
212 125195 125198 0
213 250194 250173 0
214 500148 500122 0
215 125165 125161 0
216 500164 500146 0
217 250123 250108 0
218 125189 125178 0
219 500189 500188 0
220 500177 500182 0
221 500191 500189 0
222 500154 500118 0
223 250157 250155 0
224 125176 125175 0
225 500178 500128 0
226 500190 500157 0
227 250143 250146 0
228 125111 125124 0
229 250135 250153 0
230 250108 250135 0
231 250156 250176 0
232 250141 250159 0
233 250130 250158 0
234 500146 500175 0
235 500140 500161 0
236 500106 500164 0
237 250120 250147 0
238 500139 500164 0
239 62628 62636 0
240 500110 500164 0
241 125112 125121 0
242 62619 62622 0
243 500149 500177 0
244 500141 500196 0
245 500125 500174 0
246 62685 62693 0
247 500167 500189 0
248 500137 500180 0
249 125161 125171 0
250 125123 125135 0
251 125148 125162 0
252 500116 500156 0
253 125150 125163 0
254 250107 250133 0
255 250101 250125 0
256 125176 125186 0
257 250168 250190 0
258 500177 500104 0
259 250193 250153 0
260 125195 125160 0
261 125182 125168 0
262 125146 125127 0
263 250195 250125 0
264 500171 500102 0
265 250181 250120 0
266 125186 125131 0
267 125192 125140 0
268 500195 500112 0
269 250183 250136 0
270 500198 500111 0
271 250182 250150 0
272 250142 250105 0
273 250182 250107 0
274 125155 125107 0
275 250151 250113 0
276 125197 125175 0
277 125177 125150 0
278 125180 125164 0
279 500193 500153 0
280 250174 250156 0
281 500162 500150 0
282 500186 500138 0
283 500152 500118 0
284 125193 125196 0
285 500119 500117 0
286 62670 62666 0
287 250159 250150 0
288 500165 500110 0
289 500167 500127 0
290 250178 250156 0
291 500185 500195 0
292 4007 4040 0
293 4040 4070 0
294 15754 15816 0
295 15762 15777 0
296 250114 250160 0
297 4062 4100 0
298 4048 4087 0
299 250134 250169 0
300 15730 15817 0
301 15731 15807 0
302 15778 15823 0
303 4056 4103 0
304 15769 15790 0
305 4007 4036 0
306 15791 15819 0
307 4039 4090 0
308 15786 15815 0
309 4037 4075 0
310 250117 250149 0
311 15773 15809 0
312 15771 15803 0
313 125107 125177 0
314 4070 4094 0
315 4026 4064 0
316 250157 250192 0
317 15782 15800 0
318 15750 15762 0
319 15800 15821 0
320 7968 8006 0
321 2057 2091 0
322 2102 2147 0
323 4019 4047 0
324 7966 8009 0
325 125131 125197 0
326 125158 125177 0
327 7967 8001 0
328 31378 31434 0
329 31355 31379 0
330 2083 2149 0
331 2057 2111 0
332 2117 2150 0
333 7947 8008 0
334 31429 31436 0
335 31390 31448 0
336 125176 125192 0
337 7931 7959 0
338 31381 31422 0
339 31366 31409 0
340 31408 31418 0
341 2077 2139 0
342 31407 31441 0
343 31360 31417 0
344 2118 2152 0
345 31362 31447 0
346 125107 125154 0
347 31369 31436 0
348 7942 8010 0
349 31362 31401 0
350 125141 125166 0
351 500103 500192 0
352 31382 31407 0
353 7957 7993 0
354 7924 8005 0
355 31356 31393 0
356 125154 125189 0
357 31403 31442 0
358 7913 7982 0
359 31360 31403 0
360 16 68 0
361 62609 62678 0
362 250113 250178 0
363 62653 62699 0
364 8 71 0
365 62610 62649 0
366 62607 62619 0
367 62670 62691 0
368 62659 62671 0
369 250119 250186 0
370 22 79 0
371 62611 62642 0
372 62633 62644 0
373 62610 62647 0
374 62631 62690 0
375 62603 62670 0
376 50 90 0
377 62639 62662 0
378 62666 62700 0
379 26 55 0
380 62615 62685 0
381 250140 250185 0
382 47 81 0
383 62642 62660 0
384 7974 8009 0
385 62608 62692 0
386 19 67 0
387 125136 125161 0
388 125100 125169 0
389 125112 125141 0
390 125137 125193 0
391 7946 8003 0
392 125129 125167 0
393 125110 125150 0
394 16 61 0
395 7916 7949 0
396 68 98 0
397 125132 125171 0
398 7935 8005 0
399 250115 250157 0
--------------
1000000 :c
1004373 :sum(p)
999999 :sum(w)
