400 :n
id p,w,x
--------------
0 8000 7967 1
1 4083 4038 1
2 31423 31366 1
3 58 32 1
4 31437 31370 1
5 46 10 1
6 31435 31365 1
7 15820 15731 1
8 84 55 1
9 73 37 1
10 49 16 1
11 98 64 1
12 67 34 1
13 85 33 1
14 8002 7929 1
15 40 27 1
16 7976 7958 1
17 7986 7943 1
18 67 44 1
19 99 1 1
20 15780 15746 1
21 83 59 1
22 41 5 1
23 15807 15776 1
24 58 34 1
25 91 54 1
26 95 3 1
27 2134 2118 1
28 4089 4028 1
29 15786 15740 1
30 2120 2071 1
31 15822 15739 1
32 2131 2082 1
33 2115 2074 1
34 15791 15741 1
35 2120 2082 1
36 15782 15741 1
37 2116 2066 1
38 15793 15734 1
39 2151 2066 1
40 2123 2082 1
41 2088 2061 1
42 15810 15726 1
43 2104 2075 1
44 15813 15727 1
45 2153 2098 1
46 2134 2064 1
47 7976 7958 1
48 7944 7915 1
49 7993 7921 1
50 2151 2126 1
51 2133 2086 1
52 7951 7915 1
53 2118 2090 1
54 2110 2061 1
55 2149 2090 1
56 4038 4012 1
57 4091 4076 1
58 7991 7915 1
59 8010 7986 1
60 4106 4072 1
61 4073 4009 1
62 4101 4036 1
63 4096 4054 1
64 8001 7935 1
65 7963 7926 1
66 8008 7957 1
67 4053 4039 1
68 7979 7925 1
69 7973 7934 1
70 4040 4013 1
71 4033 4017 1
72 7944 7916 1
73 8010 7986 1
74 8008 7991 1
75 4103 4035 1
76 4060 4045 1
77 8002 7927 1
78 4060 4018 1
79 4100 4068 1
80 7985 7958 1
81 4101 4048 1
82 4044 4030 1
83 8004 7982 1
84 18 15 1
85 71 64 1
86 90 89 1
87 2111 2100 1
88 4079 4072 1
89 4094 4087 1
90 7949 7936 1
91 62700 62606 1
92 2095 2092 1
93 2103 2100 1
94 15754 15734 1
95 4015 4007 0
96 7970 7960 0
97 4075 4070 0
98 15770 15751 1
99 62687 62613 1
100 31421 31386 1
101 31438 31406 1
102 15773 15757 1
103 2089 2087 0
104 62677 62620 1
105 76 9 1
106 31401 31369 1
107 62694 62638 1
108 62684 62632 1
109 62670 62619 0
110 62700 62684 0
111 31432 31437 0
112 15748 15783 0
113 62678 62630 0
114 31391 31367 0
115 31425 31401 0
116 15757 15745 0
117 62685 62642 0
118 125187 125105 0
119 31425 31406 0
120 15755 15746 0
121 62695 62663 0
122 39 40 1
123 31421 31406 0
124 2136 2135 0
125 15762 15755 0
126 15745 15741 0
127 15772 15768 0
128 4051 4050 0
129 2119 2119 0
130 7997 7997 0
131 7965 7965 0
132 4069 4070 0
133 8000 8002 0
134 7981 7983 0
135 8003 8006 0
136 7993 7996 0
137 2148 2151 0
138 4013 4019 0
139 71 72 0
140 29 30 0
141 74 78 0
142 14 16 0
143 14 20 0
144 250193 250135 0
145 250156 250107 0
146 250135 250116 0
147 500190 500109 0
148 500197 500133 0
149 250175 250124 0
150 125187 125156 0
151 125133 125112 0
152 250157 250113 0
153 500178 500127 0
154 125179 125161 0
155 500167 500131 0
156 62620 62609 0
157 500198 500117 0
158 250162 250132 0
159 125173 125161 0
160 125139 125120 0
161 500142 500107 0
162 125193 125174 0
163 250152 250114 0
164 125171 125141 0
165 31392 31384 0
166 31359 31355 0
167 125119 125107 0
168 500176 500111 0
169 125168 125153 0
170 500193 500134 0
171 125195 125182 0
172 500147 500107 0
173 31421 31414 0
174 31393 31389 0
175 62618 62613 0
176 250187 250145 0
177 250190 250154 0
178 250193 250168 0
179 250199 250175 0
180 62660 62634 0
181 125171 125138 0
182 125199 125163 0
183 125183 125151 0
184 250182 250109 0
185 125189 125147 0
186 250200 250124 0
187 250175 250104 0
188 125180 125128 0
189 125150 125112 0
190 31397 31384 0
191 31424 31413 0
192 250140 250107 0
193 125199 125175 0
194 125171 125152 0
195 31367 31368 0
196 31402 31428 0
197 31417 31431 0
198 31400 31413 0
199 31379 31388 0
200 15769 15822 0
201 15750 15764 0
202 15804 15806 0
203 15731 15788 0
204 15743 15801 0
205 15767 15798 0
206 15805 15818 0
207 62631 62665 0
208 15760 15780 0
209 15743 15747 0
210 62630 62700 0
211 15750 15793 0
212 62609 62606 0
213 62620 62677 0
214 15736 15766 0
215 62651 62651 0
216 62688 62694 0
217 15776 15821 0
218 15794 15797 0
219 15755 15765 0
220 15815 15817 0
221 62609 62646 0
222 62620 62631 0
223 15743 15758 0
224 62656 62690 0
225 62610 62611 0
226 15742 15813 0
227 62674 62685 0
228 62610 62696 0
229 15748 15747 0
230 15765 15821 0
231 62608 62645 0
232 62615 62678 0
233 62655 62698 0
234 15802 15817 0
235 15743 15770 0
236 62630 62633 0
237 62652 62660 0
238 62670 62692 0
239 7924 7968 0
240 62665 62686 0
241 7914 7969 0
242 62608 62645 0
243 62641 62688 0
244 62618 62643 0
245 62601 62699 0
246 7933 8008 0
247 31381 31400 0
248 62612 62622 0
249 62644 62674 0
250 7960 8000 0
251 62675 62699 0
252 62604 62637 0
253 125170 125174 0
254 125132 125155 0
255 125132 125182 0
256 125118 125168 0
257 125164 125172 0
258 31364 31423 0
259 125135 125131 0
260 7923 7983 0
261 7937 7948 0
262 125111 125158 0
263 125132 125158 0
264 125115 125181 0
265 7970 8001 0
266 125148 125142 0
267 7928 7932 0
268 7955 8010 0
269 31406 31435 0
270 125107 125171 0
271 125163 125160 0
272 125100 125160 0
273 7920 8005 0
274 31391 31440 0
275 31381 31394 0
276 7955 7994 0
277 125118 125136 0
278 31354 31391 0
279 125143 125167 0
280 4022 4099 0
281 125149 125169 0
282 125152 125198 0
283 4052 4085 0
284 125111 125111 0
285 4007 4041 0
286 125103 125138 0
287 4063 4086 0
288 4028 4053 0
289 125155 125164 0
290 4020 4070 0
291 125115 125112 0
292 4023 4052 0
293 250188 250182 0
294 250170 250174 0
295 250174 250159 0
296 250158 250193 0
297 250156 250143 0
298 31404 31440 0
299 4040 4072 0
300 31359 31384 0
301 250173 250176 0
302 4008 4099 0
303 250121 250129 0
304 4060 4091 0
305 4018 4093 0
306 4040 4072 0
307 250179 250163 0
308 250107 250133 0
309 4050 4072 0
310 4051 4099 0
311 4087 4103 0
312 250122 250155 0
313 250130 250122 0
314 250121 250116 0
315 250162 250189 0
316 250115 250160 0
317 4017 4093 0
318 250143 250181 0
319 250157 250143 0
320 250153 250176 0
321 2079 2153 0
322 250189 250190 0
323 250130 250143 0
324 250188 250193 0
325 250178 250166 0
326 2108 2153 0
327 2077 2123 0
328 2057 2151 0
329 250148 250191 0
330 2077 2148 0
331 250194 250186 0
332 31401 31444 0
333 2080 2142 0
334 250125 250179 0
335 250113 250170 0
336 2081 2133 0
337 2115 2146 0
338 2058 2077 0
339 500105 500182 0
340 500130 500148 0
341 2114 2140 0
342 500124 500170 0
343 500143 500133 0
344 500128 500175 0
345 500119 500184 0
346 500141 500159 0
347 500148 500141 0
348 2101 2142 0
349 2090 2108 0
350 2073 2090 0
351 500169 500191 0
352 2071 2143 0
353 2084 2138 0
354 500155 500138 0
355 500194 500177 0
356 31394 31435 0
357 2068 2099 0
358 500111 500146 0
359 500151 500169 0
360 3 51 0
361 3 89 0
362 28 89 0
363 500124 500176 0
364 500132 500179 0
365 19 97 0
366 31390 31441 0
367 31351 31398 0
368 500176 500183 0
369 500166 500186 0
370 500141 500155 0
371 500134 500139 0
372 500130 500136 0
373 31374 31415 0
374 500192 500178 0
375 31395 31414 0
376 31375 31420 0
377 500132 500172 0
378 12 35 0
379 4 20 0
380 74 91 0
381 500162 500139 0
382 500161 500183 0
383 500186 500187 0
384 500152 500156 0
385 2 64 0
386 500183 500166 0
387 35 96 0
388 500126 500186 0
389 500165 500182 0
390 8 40 0
391 24 58 0
392 44 87 0
393 31393 31394 0
394 500194 500173 0
395 500114 500119 0
396 33 83 0
397 29 70 0
398 31408 31434 0
399 31356 31380 0
--------------
1000000 :c
1004284 :sum(p)
1000000 :sum(w)
