400 :n
id p,w,x
--------------
0 84 8 1
1 37 4 1
2 15 4 1
3 71 26 1
4 99 41 1
5 84 43 1
6 41 21 1
7 58 35 1
8 28 21 1
9 93 70 1
10 62 55 1
11 70 63 1
12 93 87 1
13 2146 2060 1
14 2145 2068 1
15 94 91 1
16 2145 2083 1
17 2124 2064 1
18 2150 2092 1
19 2139 2085 1
20 2120 2069 1
21 2125 2077 1
22 2112 2070 1
23 2109 2069 1
24 2129 2093 1
25 4083 4020 1
26 4070 4014 1
27 81 80 1
28 2133 2108 1
29 4054 4009 1
30 4054 4011 1
31 4097 4054 1
32 2108 2087 1
33 4074 4039 1
34 4050 4017 1
35 4044 4012 1
36 4048 4016 1
37 2126 2110 1
38 8001 7942 1
39 8001 7943 1
40 4062 4033 1
41 4076 4047 1
42 4106 4078 1
43 4106 4080 1
44 7992 7943 1
45 7995 7948 1
46 4092 4069 1
47 4105 4082 1
48 7985 7942 1
49 8011 7969 1
50 15817 15736 1
51 7961 7921 1
52 2144 2134 1
53 7975 7938 1
54 7994 7957 1
55 2112 2103 1
56 4062 4045 1
57 15791 15729 1
58 15791 15731 1
59 15816 15756 1
60 4069 4054 1
61 4103 4089 1
62 15825 15772 1
63 15790 15738 1
64 7987 7961 1
65 8004 7979 1
66 2120 2114 1
67 4027 4016 1
68 4102 4091 1
69 4026 4016 1
70 15811 15775 1
71 7936 7918 1
72 15816 15782 1
73 7973 7956 1
74 7979 7962 1
75 31443 31378 1
76 15798 15767 1
77 4086 4078 1
78 2129 2125 0
79 31413 31354 1
80 15794 15765 1
81 31435 31381 1
82 31409 31357 1
83 8009 7997 1
84 2122 2119 0
85 15776 15754 1
86 31421 31378 1
87 15815 15794 1
88 62688 62609 1
89 62676 62603 1
90 62671 62601 1
91 15810 15793 1
92 31385 31353 1
93 7969 7961 1
94 62685 62627 0
95 4088 4035 1
96 4017 4008 1
97 62690 62632 1
98 31418 31389 1
99 62658 62601 1
100 62700 62665 0
101 15819 15817 0
102 21 29 0
103 15791 15777 0
104 62670 62616 0
105 31433 31406 0
106 62688 62636 0
107 15815 15802 0
108 15812 15824 0
109 31393 31370 0
110 125193 125108 0
111 31395 31374 0
112 62699 62658 0
113 62694 62654 0
114 15769 15759 0
115 31407 31390 0
116 125196 125129 0
117 62660 62627 0
118 4046 4044 0
119 2063 2062 1
120 62637 62607 0
121 2144 2143 0
122 62686 62657 0
123 125165 125108 0
124 125182 125126 0
125 31420 31406 0
126 31431 31417 0
127 31435 31421 0
128 125192 125143 0
129 31435 31423 0
130 62683 62661 0
131 62656 62635 0
132 62649 62629 0
133 250176 250103 0
134 250172 250101 0
135 125172 125139 0
136 7989 7987 0
137 7990 7988 0
138 125167 125136 0
139 250194 250136 0
140 250173 250121 0
141 125160 125134 0
142 62693 62680 0
143 15757 15754 0
144 500198 500113 0
145 500185 500105 0
146 250186 250146 0
147 62664 62654 0
148 250173 250134 0
149 250178 250139 0
150 250197 250158 0
151 250198 250159 0
152 250190 250152 0
153 250167 250130 0
154 250168 250131 0
155 2090 2090 0
156 4045 4045 0
157 4078 4079 0
158 2099 2102 0
159 24 25 1
160 58 61 0
161 2 5 0
162 125171 125160 0
163 500181 500131 0
164 125187 125169 0
165 500187 500127 0
166 500197 500124 0
167 250199 250182 0
168 250164 250143 0
169 500193 500136 0
170 31416 31413 0
171 500123 500141 0
172 62683 62685 0
173 250195 250180 0
174 250139 250139 0
175 62672 62669 0
176 500176 500175 0
177 62657 62655 0
178 250120 250119 0
179 500179 500150 0
180 125138 125135 0
181 500196 500170 0
182 500153 500146 0
183 500153 500139 0
184 500123 500108 0
185 500156 500162 0
186 500164 500149 0
187 250130 250138 0
188 500123 500130 0
189 500143 500117 0
190 500116 500101 0
191 125177 125173 0
192 125110 125106 0
193 500157 500158 0
194 250119 250121 0
195 500200 500184 0
196 125178 125174 0
197 500144 500146 0
198 500181 500194 0
199 500153 500129 0
200 15762 15762 0
201 500119 500126 0
202 125171 125169 0
203 500111 500123 0
204 250114 250105 0
205 250200 250185 0
206 250175 250178 0
207 500110 500130 0
208 500187 500151 0
209 15783 15790 0
210 250117 250154 0
211 250124 250158 0
212 500107 500131 0
213 250121 250197 0
214 15747 15750 0
215 250114 250195 0
216 31408 31415 0
217 15773 15778 0
218 250142 250169 0
219 31408 31424 0
220 250114 250189 0
221 250116 250177 0
222 31373 31377 0
223 31416 31433 0
224 15742 15748 0
225 250150 250193 0
226 250104 250138 0
227 250105 250129 0
228 125143 125187 0
229 125141 125168 0
230 31442 31449 0
231 15778 15782 0
232 125156 125189 0
233 125127 125148 0
234 31378 31392 0
235 125185 125195 0
236 250138 250176 0
237 31421 31431 0
238 15755 15758 0
239 250109 250196 0
240 125112 125150 0
241 31415 31424 0
242 7914 7915 0
243 62648 62671 0
244 500103 500188 0
245 125115 125126 0
246 125114 125145 0
247 7916 7918 0
248 500115 500155 0
249 62617 62657 0
250 500149 500178 0
251 500151 500189 0
252 62655 62689 0
253 62651 62690 0
254 500104 500176 0
255 125177 125193 0
256 500117 500166 0
257 500134 500190 0
258 125142 125181 0
259 500126 500189 0
260 500152 500194 0
261 62616 62627 0
262 62672 62689 0
263 62666 62692 0
264 62615 62624 0
265 125176 125194 0
266 7982 7986 0
267 7930 7934 0
268 500119 500169 0
269 62684 62696 0
270 62652 62656 0
271 7945 7950 0
272 62655 62660 0
273 62601 62626 0
274 7993 7998 0
275 62662 62695 0
276 62631 62642 0
277 500114 500185 0
278 62664 62698 0
279 125130 125183 0
280 125149 125169 0
281 500113 500140 0
282 125171 125188 0
283 125164 125179 0
284 125152 125165 0
285 125105 125152 0
286 125139 125196 0
287 125151 125173 0
288 125104 125149 0
289 125102 125113 0
290 125106 125145 0
291 250140 250191 0
292 125106 125188 0
293 250161 250178 0
294 250123 250194 0
295 250140 250188 0
296 125188 125171 0
297 250198 250170 0
298 15811 15809 0
299 250190 250158 0
300 7959 8005 0
301 7913 7921 0
302 4064 4079 0
303 7929 7953 0
304 7940 7983 0
305 4011 4064 0
306 7956 7967 0
307 7915 7949 0
308 7936 7972 0
309 4010 4020 0
310 7957 7988 0
311 4031 4102 0
312 7927 7934 0
313 7966 7983 0
314 7952 7980 0
315 4018 4072 0
316 4067 4099 0
317 7987 8002 0
318 7929 7942 0
319 2059 2109 0
320 2100 2108 0
321 7961 8012 0
322 7935 7993 0
323 2076 2102 0
324 7917 7979 0
325 2091 2127 0
326 2062 2114 0
327 4015 4069 0
328 2083 2096 0
329 15748 15802 0
330 15736 15819 0
331 2080 2094 0
332 2085 2112 0
333 2059 2086 0
334 2090 2106 0
335 2074 2107 0
336 15749 15762 0
337 15742 15798 0
338 15761 15803 0
339 15791 15808 0
340 15726 15763 0
341 15730 15776 0
342 15765 15815 0
343 2118 2127 0
344 15771 15802 0
345 15746 15803 0
346 15728 15789 0
347 2062 2106 0
348 2112 2153 0
349 15739 15750 0
350 2121 2129 0
351 2080 2130 0
352 4023 4101 0
353 2065 2147 0
354 31363 31408 0
355 31371 31395 0
356 31399 31431 0
357 31354 31402 0
358 31362 31449 0
359 31358 31380 0
360 31386 31436 0
361 60 85 0
362 31375 31414 0
363 31361 31426 0
364 24 40 0
365 31 60 0
366 70 95 0
367 31373 31421 0
368 31364 31409 0
369 80 99 0
370 1 68 0
371 17 69 0
372 31365 31398 0
373 31351 31393 0
374 31355 31436 0
375 31363 31423 0
376 20 62 0
377 31367 31410 0
378 72 96 0
379 62620 62688 0
380 49 80 0
381 62641 62692 0
382 4 16 0
383 3 83 0
384 39 94 0
385 28 38 0
386 46 71 0
387 6 32 0
388 62611 62695 0
389 52 93 0
390 4013 4020 0
391 16 42 0
392 125102 125194 0
393 75 96 0
394 4049 4079 0
395 26 82 0
396 4046 4058 0
397 65 88 0
398 4025 4040 0
399 4057 4098 0
--------------
1000000 :c
1003514 :sum(p)
1000000 :sum(w)
