400 :n
id p,w,x
--------------
0 4097 4016 1
1 2147 2054 1
2 97 12 1
3 97 9 1
4 99 18 1
5 85 2 1
6 98 20 1
7 41 1 1
8 45 3 1
9 72 13 1
10 47 10 1
11 73 23 1
12 65 23 1
13 68 27 1
14 35 16 1
15 46 24 1
16 43 23 1
17 82 50 1
18 72 46 1
19 56 39 1
20 87 61 1
21 44 31 1
22 82 58 1
23 41 34 1
24 70 66 1
25 74 70 1
26 2129 2060 1
27 2151 2088 1
28 2140 2079 1
29 4095 4019 1
30 2137 2101 1
31 2147 2112 1
32 2151 2117 1
33 2140 2108 1
34 2103 2073 1
35 2094 2067 1
36 4082 4030 1
37 2142 2118 1
38 2092 2070 1
39 4092 4049 1
40 4058 4021 1
41 2134 2116 1
42 4072 4039 1
43 2098 2082 1
44 4070 4039 1
45 4072 4041 1
46 4091 4060 1
47 7995 7938 1
48 4066 4040 1
49 7961 7915 1
50 7995 7951 1
51 8006 7962 1
52 4051 4029 1
53 4095 4073 1
54 15819 15737 1
55 7980 7939 1
56 15799 15730 1
57 4039 4022 1
58 7949 7916 1
59 7967 7936 1
60 2094 2086 1
61 15786 15727 1
62 4079 4064 1
63 7984 7955 1
64 7945 7919 1
65 7999 7973 1
66 7963 7940 1
67 4097 4086 1
68 2076 2071 1
69 7953 7934 1
70 7969 7950 1
71 31441 31367 1
72 31448 31374 1
73 31428 31359 1
74 7979 7963 1
75 4045 4037 1
76 4048 4040 1
77 15820 15791 1
78 15794 15766 1
79 31446 31393 1
80 31424 31372 1
81 7953 7940 1
82 31410 31359 1
83 31401 31352 1
84 31432 31383 1
85 4036 4030 1
86 62696 62603 1
87 31412 31371 1
88 31437 31397 1
89 62680 62601 1
90 7945 7935 1
91 41 8 1
92 62685 62619 1
93 7945 7936 1
94 4100 4096 1
95 15809 15794 1
96 7938 7931 1
97 2060 2054 1
98 31411 31372 1
99 15763 15748 1
100 62659 62610 0
101 31385 31361 1
102 7925 7919 1
103 62671 62626 0
104 15809 15798 1
105 7928 7923 1
106 15740 15729 1
107 31425 31404 0
108 31416 31396 0
109 4106 4105 0
110 62643 62602 0
111 2129 2141 0
112 62659 62618 0
113 125194 125107 0
114 31444 31441 0
115 15737 15769 0
116 31372 31353 0
117 62683 62646 0
118 15807 15798 0
119 62646 62611 0
120 62690 62655 0
121 31385 31369 0
122 15807 15799 0
123 62688 62657 0
124 125184 125123 0
125 62700 62671 0
126 62636 62608 0
127 62686 62659 0
128 125171 125118 0
129 62679 62653 0
130 15775 15769 0
131 7932 7929 1
132 31421 31412 0
133 31370 31362 0
134 31419 31411 0
135 7959 7957 1
136 4068 4067 1
137 62692 62677 0
138 62700 62686 0
139 62678 62666 0
140 31438 31433 0
141 15753 15751 0
142 31423 31421 0
143 15821 15820 0
144 15805 15805 0
145 80 80 1
146 31419 31420 0
147 15824 15825 0
148 31439 31441 0
149 15809 15811 0
150 15822 15825 0
151 15802 15805 0
152 4014 4015 0
153 2113 2114 1
154 7952 7957 0
155 15784 15794 0
156 7918 7924 0
157 15732 15745 0
158 7975 7982 0
159 7930 7937 0
160 7930 7937 0
161 15730 15744 0
162 7996 8006 0
163 4040 4048 0
164 4022 4030 0
165 7939 7957 0
166 7983 8002 0
167 4024 4034 0
168 7988 8010 0
169 4041 4056 0
170 2128 2136 0
171 4067 4084 0
172 4022 4041 0
173 2085 2096 0
174 4057 4080 0
175 4033 4058 0
176 2067 2080 0
177 2075 2091 0
178 2076 2093 0
179 2061 2082 0
180 2092 2115 0
181 2095 2121 0
182 46 50 0
183 38 42 0
184 18 25 0
185 34 57 0
186 10 29 0
187 12 40 0
188 2 23 0
189 250186 250159 0
190 250157 250126 0
191 250187 250136 0
192 250184 250135 0
193 500169 500113 0
194 125128 125101 0
195 500163 500106 0
196 500173 500102 0
197 125192 125149 0
198 125179 125129 0
199 125195 125176 0
200 125178 125152 0
201 125167 125144 0
202 500190 500140 0
203 250196 250145 0
204 250198 250110 0
205 250191 250156 0
206 250183 250144 0
207 250138 250106 0
208 250198 250108 0
209 125148 125152 0
210 15746 15809 0
211 15736 15794 0
212 15726 15771 0
213 15755 15804 0
214 125143 125164 0
215 15775 15793 0
216 125162 125163 0
217 15802 15822 0
218 15759 15820 0
219 125159 125161 0
220 15753 15776 0
221 125110 125147 0
222 125100 125127 0
223 15746 15774 0
224 15783 15809 0
225 125188 125189 0
226 15768 15787 0
227 15730 15810 0
228 125103 125134 0
229 15756 15784 0
230 125168 125158 0
231 15741 15763 0
232 15779 15813 0
233 15787 15813 0
234 15727 15745 0
235 125120 125182 0
236 125113 125169 0
237 125195 125189 0
238 125185 125183 0
239 125131 125174 0
240 125107 125102 0
241 125123 125161 0
242 125178 125173 0
243 125182 125189 0
244 125140 125145 0
245 125102 125125 0
246 62660 62662 0
247 7952 7985 0
248 7941 7965 0
249 31396 31445 0
250 7933 7974 0
251 125108 125148 0
252 125129 125189 0
253 125156 125187 0
254 125131 125141 0
255 7977 8009 0
256 125187 125187 0
257 7936 7984 0
258 7954 8005 0
259 125121 125195 0
260 7956 7986 0
261 125139 125140 0
262 125118 125164 0
263 31421 31445 0
264 62614 62613 0
265 62614 62699 0
266 7921 7982 0
267 62651 62674 0
268 125143 125157 0
269 125130 125185 0
270 62691 62696 0
271 7961 8010 0
272 125108 125125 0
273 250197 250188 0
274 250178 250173 0
275 62689 62698 0
276 62613 62611 0
277 250141 250169 0
278 250181 250198 0
279 250119 250121 0
280 4076 4104 0
281 62627 62637 0
282 250191 250169 0
283 4035 4101 0
284 250133 250148 0
285 250109 250188 0
286 62677 62673 0
287 250121 250168 0
288 250134 250153 0
289 62603 62691 0
290 250127 250141 0
291 250159 250179 0
292 31361 31418 0
293 4030 4066 0
294 31391 31415 0
295 62671 62700 0
296 250129 250160 0
297 31368 31428 0
298 250116 250188 0
299 250174 250187 0
300 4057 4104 0
301 250117 250129 0
302 250135 250199 0
303 4043 4088 0
304 250148 250188 0
305 4054 4093 0
306 4071 4104 0
307 4007 4046 0
308 4020 4090 0
309 250138 250116 0
310 62689 62691 0
311 31423 31435 0
312 4053 4093 0
313 250124 250190 0
314 250123 250125 0
315 250112 250199 0
316 250172 250156 0
317 250101 250194 0
318 250131 250157 0
319 31367 31417 0
320 250127 250165 0
321 62654 62694 0
322 250198 250184 0
323 31397 31406 0
324 2109 2140 0
325 250131 250178 0
326 250141 250139 0
327 31369 31446 0
328 2071 2100 0
329 62668 62664 0
330 31383 31390 0
331 250180 250155 0
332 2069 2107 0
333 2101 2153 0
334 500110 500168 0
335 31422 31428 0
336 31403 31410 0
337 500160 500168 0
338 500192 500150 0
339 500130 500106 0
340 500119 500187 0
341 2078 2128 0
342 500143 500186 0
343 2072 2129 0
344 62656 62686 0
345 500136 500159 0
346 2091 2144 0
347 500192 500182 0
348 2086 2133 0
349 62652 62687 0
350 2100 2145 0
351 500196 500179 0
352 2080 2138 0
353 2057 2094 0
354 2059 2138 0
355 500198 500170 0
356 2065 2119 0
357 500163 500120 0
358 500141 500128 0
359 62609 62646 0
360 500136 500199 0
361 500152 500105 0
362 11 92 0
363 31356 31369 0
364 25 73 0
365 500144 500186 0
366 17 46 0
367 62618 62691 0
368 31 94 0
369 500169 500164 0
370 62690 62689 0
371 500111 500130 0
372 500132 500198 0
373 62616 62649 0
374 500142 500184 0
375 500177 500179 0
376 500124 500137 0
377 36 73 0
378 500173 500142 0
379 14 91 0
380 500150 500108 0
381 500155 500199 0
382 62699 62695 0
383 27 97 0
384 500155 500181 0
385 62623 62650 0
386 31365 31432 0
387 500126 500131 0
388 500107 500140 0
389 500149 500106 0
390 500144 500195 0
391 500103 500169 0
392 500177 500178 0
393 500122 500153 0
394 500197 500166 0
395 500134 500147 0
396 500150 500150 0
397 500173 500178 0
398 31375 31417 0
399 31386 31392 0
--------------
1000000 :c
1003786 :sum(p)
999999 :sum(w)
