400 :n
id p,w,x
--------------
0 8001 7937 1
1 2121 2076 1
2 100 86 1
3 100 33 1
4 7993 7921 1
5 84 27 1
6 50 16 1
7 2143 2100 1
8 4083 4024 1
9 44 5 1
10 92 12 1
11 61 12 1
12 7982 7917 1
13 2140 2073 1
14 35 15 1
15 8006 7931 1
16 8011 7932 1
17 47 18 1
18 2081 2059 1
19 85 39 1
20 2126 2081 1
21 45 3 1
22 48 23 1
23 4097 4037 1
24 87 51 1
25 4099 4056 1
26 2105 2075 1
27 4086 4020 1
28 2147 2107 1
29 4094 4022 1
30 2124 2080 1
31 2111 2063 1
32 4087 4013 1
33 2124 2088 1
34 63 35 1
35 81 56 1
36 67 58 1
37 91 86 1
38 4077 4045 1
39 4071 4042 1
40 4068 4042 1
41 7999 7948 1
42 2091 2078 1
43 2095 2082 1
44 2138 2125 1
45 4035 4012 1
46 2133 2121 1
47 4068 4048 1
48 2118 2108 1
49 4055 4036 1
50 15825 15757 1
51 7989 7956 1
52 15791 15726 1
53 15809 15746 1
54 15796 15734 1
55 4096 4080 1
56 15798 15741 1
57 15786 15732 1
58 15803 15749 1
59 15816 15762 1
60 15775 15727 1
61 4021 4009 1
62 2135 2129 1
63 2139 2133 1
64 15818 15774 1
65 7973 7951 1
66 8003 7981 1
67 15774 15731 1
68 4098 4087 1
69 7956 7935 1
70 7956 7936 1
71 15770 15731 1
72 2093 2088 1
73 31443 31373 1
74 31446 31380 1
75 4064 4056 1
76 15776 15745 1
77 7956 7941 1
78 7969 7954 1
79 15756 15728 1
80 31437 31382 1
81 15773 15746 1
82 7988 7977 1
83 62690 62611 1
84 62696 62617 1
85 7969 7959 1
86 15818 15799 1
87 7929 7917 1
88 7946 7937 1
89 62675 62611 1
90 31427 31396 1
91 15765 15750 1
92 15808 15793 1
93 4098 4021 1
94 31406 31359 1
95 15755 15735 1
96 62684 62627 0
97 62689 62632 1
98 7993 7986 1
99 62698 62646 0
100 31447 31442 0
101 22 92 0
102 15744 15730 1
103 62686 62633 0
104 15759 15746 1
105 62669 62620 0
106 62678 62632 0
107 4095 4098 0
108 31388 31365 0
109 62681 62637 0
110 62685 62643 0
111 31409 31388 0
112 62696 62655 0
113 62650 62610 0
114 62670 62634 0
115 31434 31416 0
116 62681 62646 0
117 125196 125127 0
118 125173 125106 0
119 7979 7975 1
120 4070 4068 1
121 62664 62635 0
122 125195 125141 0
123 125185 125136 0
124 7941 7938 0
125 250192 250104 0
126 31434 31423 0
127 31427 31417 0
128 15772 15767 0
129 62667 62648 0
130 31397 31388 0
131 125160 125130 0
132 31442 31435 0
133 125129 125103 0
134 125140 125114 0
135 125131 125107 0
136 31378 31372 0
137 62612 62601 0
138 125196 125176 0
139 31419 31415 0
140 15740 15738 0
141 125195 125180 0
142 125175 125161 0
143 62678 62671 0
144 125133 125120 0
145 62686 62680 0
146 125196 125186 0
147 62646 62641 0
148 125112 125103 0
149 125157 125148 0
150 125146 125140 0
151 125193 125188 0
152 31382 31381 0
153 125190 125189 0
154 4025 4025 0
155 7962 7962 0
156 62 62 0
157 2069 2069 0
158 4069 4070 0
159 4028 4035 0
160 4042 4050 0
161 4095 4104 0
162 2062 2068 0
163 69 71 0
164 81 84 0
165 74 81 0
166 69 76 0
167 49 58 0
168 34 42 0
169 500158 500124 0
170 500172 500157 0
171 250153 250134 0
172 250155 250150 0
173 250192 250168 0
174 500162 500136 0
175 500163 500128 0
176 500170 500150 0
177 250180 250167 0
178 500178 500120 0
179 500136 500113 0
180 500127 500118 0
181 500154 500151 0
182 500147 500105 0
183 500146 500123 0
184 500199 500103 0
185 500119 500107 0
186 250178 250150 0
187 500181 500128 0
188 500171 500161 0
189 250147 250133 0
190 250156 250110 0
191 250200 250181 0
192 250153 250109 0
193 250188 250131 0
194 250187 250166 0
195 500172 500107 0
196 500175 500109 0
197 500158 500131 0
198 250165 250159 0
199 500175 500109 0
200 31416 31441 0
201 15754 15788 0
202 15734 15773 0
203 31396 31435 0
204 15754 15790 0
205 15779 15798 0
206 15731 15777 0
207 15737 15770 0
208 31373 31403 0
209 31372 31409 0
210 31373 31446 0
211 31401 31404 0
212 31364 31385 0
213 15731 15773 0
214 15732 15767 0
215 31368 31376 0
216 31415 31427 0
217 31371 31445 0
218 31386 31394 0
219 31379 31445 0
220 31391 31436 0
221 31375 31442 0
222 31363 31385 0
223 31412 31423 0
224 62661 62678 0
225 15739 15786 0
226 15787 15817 0
227 15771 15789 0
228 62669 62696 0
229 15746 15808 0
230 15734 15738 0
231 62662 62689 0
232 62628 62680 0
233 62694 62695 0
234 15767 15782 0
235 62627 62666 0
236 62681 62697 0
237 62606 62639 0
238 15775 15786 0
239 62628 62695 0
240 62618 62648 0
241 62610 62649 0
242 62606 62671 0
243 62615 62678 0
244 62658 62696 0
245 62635 62653 0
246 62651 62694 0
247 7972 7981 0
248 62608 62637 0
249 62657 62695 0
250 7955 7987 0
251 62627 62662 0
252 125133 125174 0
253 125120 125176 0
254 125106 125134 0
255 125197 125199 0
256 7924 7938 0
257 7963 7980 0
258 125135 125153 0
259 125108 125165 0
260 125114 125147 0
261 125123 125170 0
262 125106 125144 0
263 125103 125110 0
264 125101 125120 0
265 125120 125147 0
266 125148 125191 0
267 125110 125170 0
268 125131 125181 0
269 7935 7960 0
270 7979 7985 0
271 125105 125124 0
272 125146 125174 0
273 125115 125158 0
274 125105 125183 0
275 125121 125177 0
276 125151 125199 0
277 125165 125168 0
278 250134 250178 0
279 250126 250140 0
280 250175 250199 0
281 250117 250122 0
282 250125 250149 0
283 31360 31419 0
284 250163 250195 0
285 250117 250194 0
286 250109 250160 0
287 250104 250152 0
288 4014 4030 0
289 31365 31386 0
290 250148 250173 0
291 4016 4026 0
292 250108 250156 0
293 250130 250137 0
294 250109 250113 0
295 250103 250119 0
296 250155 250182 0
297 250136 250158 0
298 250140 250168 0
299 250127 250155 0
300 31414 31426 0
301 31376 31378 0
302 4094 4105 0
303 250172 250187 0
304 250138 250156 0
305 250149 250165 0
306 250126 250166 0
307 250158 250199 0
308 250113 250144 0
309 500153 500186 0
310 500135 500159 0
311 500115 500158 0
312 31402 31448 0
313 500116 500146 0
314 500135 500159 0
315 500129 500170 0
316 31373 31427 0
317 500127 500187 0
318 500142 500181 0
319 500117 500127 0
320 500158 500180 0
321 500118 500160 0
322 500163 500194 0
323 500163 500197 0
324 500136 500168 0
325 500155 500177 0
326 500147 500173 0
327 500163 500189 0
328 500129 500141 0
329 31386 31432 0
330 31390 31449 0
331 500173 500136 0
332 250110 250108 0
333 500194 500173 0
334 250105 250103 0
335 250196 250128 0
336 500122 500117 0
337 2091 2118 0
338 2110 2123 0
339 2059 2108 0
340 2108 2138 0
341 2079 2149 0
342 2123 2136 0
343 4057 4074 0
344 2102 2141 0
345 4031 4057 0
346 4032 4092 0
347 4040 4069 0
348 2067 2112 0
349 4031 4062 0
350 4039 4060 0
351 4065 4099 0
352 2056 2098 0
353 4031 4062 0
354 4028 4058 0
355 2071 2088 0
356 4063 4090 0
357 2072 2106 0
358 2071 2138 0
359 2065 2116 0
360 26 94 0
361 16 43 0
362 4078 4098 0
363 73 86 0
364 4049 4101 0
365 4024 4056 0
366 7920 7988 0
367 27 60 0
368 7948 7981 0
369 7923 7998 0
370 7950 7987 0
371 29 63 0
372 7941 8000 0
373 27 69 0
374 7939 7987 0
375 16 89 0
376 3 89 0
377 7966 8001 0
378 7925 7975 0
379 2067 2113 0
380 17 100 0
381 7923 7965 0
382 2067 2136 0
383 22 88 0
384 7951 7999 0
385 81 98 0
386 7936 7991 0
387 7920 7988 0
388 36 63 0
389 26 90 0
390 8 33 0
391 7948 8009 0
392 15754 15819 0
393 2064 2148 0
394 2090 2114 0
395 2064 2079 0
396 22 49 0
397 15750 15814 0
398 2090 2144 0
399 2093 2105 0
--------------
1000000 :c
1003733 :sum(p)
999993 :sum(w)
