400 :n
id p,w,x
--------------
0 90 13 1
1 44 7 1
2 79 18 1
3 60 14 1
4 99 28 1
5 10 3 1
6 72 22 1
7 75 33 1
8 58 26 1
9 77 39 1
10 55 30 1
11 89 53 1
12 95 66 1
13 93 65 1
14 10 8 1
15 98 79 1
16 77 64 1
17 56 47 1
18 88 83 1
19 2144 2058 1
20 2152 2076 1
21 2138 2065 1
22 2153 2102 1
23 2150 2101 1
24 4077 4007 1
25 4103 4035 1
26 4077 4010 1
27 2091 2057 1
28 4074 4008 1
29 4075 4013 1
30 4073 4020 1
31 2126 2104 1
32 4103 4062 1
33 4104 4064 1
34 2096 2076 1
35 4063 4025 1
36 2139 2119 1
37 8001 7929 1
38 2097 2079 1
39 2103 2085 1
40 8010 7950 1
41 4105 4075 1
42 2096 2082 1
43 2070 2057 1
44 4068 4043 1
45 4089 4064 1
46 7995 7949 1
47 2093 2081 1
48 4102 4079 1
49 2115 2104 1
50 4078 4057 1
51 4045 4025 1
52 4051 4031 1
53 7995 7957 1
54 7966 7929 1
55 8011 7974 1
56 15817 15745 1
57 15820 15786 1
58 7962 7927 1
59 4063 4046 1
60 15817 15751 1
61 4051 4036 1
62 15802 15745 1
63 7945 7918 1
64 2135 2128 1
65 4063 4050 1
66 15778 15728 1
67 4029 4018 1
68 15823 15783 1
69 15788 15751 1
70 31439 31371 1
71 15815 15781 1
72 31436 31369 1
73 15814 15781 1
74 31450 31385 1
75 15815 15784 1
76 7977 7962 1
77 31418 31359 1
78 4026 4019 1
79 4095 4088 1
80 15810 15784 1
81 15804 15779 1
82 62698 62604 1
83 15755 15732 1
84 62700 62613 1
85 31409 31370 1
86 15787 15769 1
87 15794 15776 1
88 15801 15784 1
89 31411 31379 1
90 31391 31359 1
91 31444 31411 1
92 4029 4025 1
93 15815 15800 1
94 15805 15735 1
95 62683 62603 1
96 62694 62640 1
97 62677 62627 0
98 31421 31396 0
99 62700 62663 0
100 4095 4093 1
101 125123 125110 0
102 31423 31402 0
103 15770 15760 0
104 62663 62624 0
105 31394 31376 0
106 125186 125115 0
107 15764 15768 0
108 62676 62644 0
109 125189 125126 0
110 15805 15804 0
111 62694 62664 0
112 125198 125139 0
113 31371 31357 0
114 31424 31410 0
115 125164 125115 0
116 125152 125105 0
117 125166 125120 0
118 15794 15789 0
119 62679 62660 0
120 125198 125165 0
121 62646 62630 0
122 31405 31397 0
123 31437 31429 0
124 125151 125122 0
125 125172 125143 0
126 62628 62614 0
127 125145 125118 0
128 125136 125110 0
129 125161 125135 0
130 62673 62660 0
131 125184 125159 0
132 125195 125171 0
133 31378 31373 0
134 31424 31419 0
135 125131 125112 0
136 125197 125182 0
137 62677 62670 0
138 19 58 0
139 62667 62619 0
140 62641 62636 0
141 62652 62647 0
142 62674 62670 0
143 31420 31418 0
144 15804 15803 0
145 7998 7998 1
146 2060 2060 1
147 62602 62604 0
148 62649 62652 0
149 62633 62636 0
150 62671 62677 0
151 7964 7965 0
152 15794 15796 0
153 31403 31408 0
154 31369 31374 0
155 31386 31392 0
156 31405 31412 0
157 15753 15757 0
158 31382 31392 0
159 31378 31388 0
160 31358 31368 0
161 31375 31386 0
162 7916 7919 0
163 31401 31413 0
164 31355 31369 0
165 7991 7995 0
166 15742 15750 0
167 15727 15735 0
168 7980 7985 0
169 7976 7981 0
170 7959 7964 0
171 31403 31425 0
172 31375 31398 0
173 7919 7926 0
174 4013 4017 0
175 15796 15812 0
176 15792 15809 0
177 15737 15755 0
178 15736 15754 0
179 15788 15808 0
180 4076 4082 0
181 7975 7987 0
182 7918 7931 0
183 7913 7926 0
184 2119 2123 1
185 15776 15806 0
186 15767 15804 0
187 2081 2086 0
188 15760 15798 0
189 15744 15785 0
190 7935 7956 0
191 7981 8003 0
192 7948 7971 0
193 7956 7980 0
194 4082 4095 0
195 7942 7969 0
196 4011 4025 0
197 7967 7995 0
198 7936 7964 0
199 7980 8010 0
200 2061 2069 0
201 7980 8011 0
202 2059 2067 0
203 7970 8001 0
204 4041 4057 0
205 7913 7947 0
206 4018 4038 0
207 7930 7972 0
208 7930 7972 0
209 2055 2066 0
210 4048 4070 0
211 7947 7991 0
212 2084 2097 0
213 2061 2074 0
214 4025 4051 0
215 2100 2114 0
216 2135 2150 0
217 4020 4052 0
218 4062 4095 0
219 2068 2085 0
220 4029 4066 0
221 2103 2124 0
222 4046 4088 0
223 2075 2097 0
224 4028 4075 0
225 4048 4098 0
226 2099 2125 0
227 2065 2097 0
228 2069 2103 0
229 2103 2138 0
230 2102 2140 0
231 2060 2102 0
232 2068 2117 0
233 2069 2123 0
234 92 100 0
235 50 63 0
236 63 81 0
237 22 30 0
238 42 58 0
239 42 67 0
240 24 50 0
241 2 5 0
242 25 64 0
243 30 79 0
244 24 64 0
245 19 53 0
246 29 83 0
247 23 66 0
248 16 63 0
249 14 59 0
250 11 57 0
251 250144 250111 0
252 500166 500118 0
253 500168 500163 0
254 125130 125119 0
255 500186 500126 0
256 250176 250175 0
257 500143 500117 0
258 500159 500116 0
259 500181 500146 0
260 500147 500127 0
261 500136 500125 0
262 500182 500144 0
263 500162 500111 0
264 250177 250127 0
265 250113 250102 0
266 125149 125144 0
267 250189 250103 0
268 500138 500103 0
269 250145 250116 0
270 250187 250143 0
271 500189 500126 0
272 500171 500153 0
273 500160 500115 0
274 500141 500109 0
275 500162 500137 0
276 250157 250135 0
277 500113 500108 0
278 250193 250139 0
279 500161 500146 0
280 500136 500129 0
281 500105 500108 0
282 250158 250108 0
283 500177 500181 0
284 250117 250111 0
285 250139 250124 0
286 250158 250134 0
287 250168 250158 0
288 250188 250116 0
289 125131 125123 0
290 500193 500193 0
291 250140 250130 0
292 500143 500126 0
293 250176 250178 0
294 250169 250111 0
295 250184 250149 0
296 250183 250182 0
297 500170 500107 0
298 500136 500138 0
299 250186 250114 0
300 500194 500134 0
301 125150 125177 0
302 4017 4087 0
303 125177 125179 0
304 125145 125160 0
305 125129 125175 0
306 125138 125164 0
307 125153 125167 0
308 125125 125129 0
309 125153 125197 0
310 125134 125187 0
311 125165 125186 0
312 125126 125157 0
313 4013 4078 0
314 125107 125159 0
315 125118 125122 0
316 125153 125184 0
317 125110 125163 0
318 125102 125137 0
319 125131 125145 0
320 125120 125195 0
321 125144 125195 0
322 125162 125187 0
323 250130 250191 0
324 62622 62687 0
325 250116 250150 0
326 2069 2131 0
327 250123 250161 0
328 62662 62700 0
329 250186 250190 0
330 62661 62679 0
331 62607 62650 0
332 250119 250137 0
333 250159 250184 0
334 62636 62675 0
335 62631 62672 0
336 2059 2150 0
337 250112 250155 0
338 62640 62684 0
339 250126 250152 0
340 7937 8008 0
341 7923 7999 0
342 7928 7998 0
343 250117 250141 0
344 62607 62700 0
345 62636 62660 0
346 250138 250159 0
347 250134 250156 0
348 250110 250157 0
349 62659 62666 0
350 7915 8011 0
351 7928 7983 0
352 250125 250183 0
353 2068 2150 0
354 62655 62695 0
355 250115 250142 0
356 62604 62700 0
357 7932 7988 0
358 62632 62680 0
359 62656 62694 0
360 250184 250194 0
361 250121 250167 0
362 62603 62630 0
363 62619 62678 0
364 250140 250160 0
365 62643 62677 0
366 62601 62688 0
367 31360 31425 0
368 250150 250197 0
369 250168 250182 0
370 31364 31406 0
371 15727 15800 0
372 500155 500168 0
373 500162 500188 0
374 31383 31439 0
375 31382 31449 0
376 19 99 0
377 8 87 0
378 31377 31433 0
379 31377 31424 0
380 500157 500174 0
381 500141 500197 0
382 31375 31431 0
383 500188 500200 0
384 500139 500196 0
385 500109 500196 0
386 15762 15816 0
387 4 97 0
388 500125 500188 0
389 500148 500172 0
390 500148 500185 0
391 31352 31389 0
392 500110 500186 0
393 500147 500155 0
394 15726 15821 0
395 15741 15786 0
396 500143 500175 0
397 500116 500195 0
398 31358 31431 0
399 31382 31450 0
--------------
1000000 :c
1003633 :sum(p)
999998 :sum(w)
