400 :n
id p,w,x
--------------
0 2151 2065 1
1 2150 2064 1
2 4088 4007 1
3 4104 4007 1
4 4097 4013 1
5 4105 4007 1
6 2147 2054 1
7 8009 7913 1
8 82 5 1
9 66 10 1
10 53 10 1
11 65 17 1
12 75 20 1
13 87 24 1
14 85 24 1
15 91 28 1
16 89 30 1
17 81 29 1
18 81 31 1
19 50 22 1
20 75 36 1
21 19 11 1
22 92 54 1
23 91 58 1
24 100 64 1
25 68 56 1
26 49 45 1
27 84 81 0
28 2131 2076 1
29 2127 2085 1
30 2103 2063 1
31 4105 4033 1
32 2143 2107 1
33 2137 2102 1
34 2092 2061 1
35 2096 2065 1
36 2151 2120 1
37 2105 2075 1
38 4073 4021 1
39 2090 2064 1
40 4105 4054 1
41 2095 2071 1
42 2129 2105 1
43 4052 4008 1
44 4059 4015 1
45 2125 2103 1
46 8000 7925 1
47 8005 7931 1
48 4090 4053 1
49 4073 4037 1
50 4080 4044 1
51 7989 7921 1
52 2075 2058 1
53 7981 7920 1
54 7999 7938 1
55 4072 4041 1
56 8001 7946 1
57 7986 7934 1
58 4103 4079 1
59 7972 7927 1
60 4094 4071 1
61 7959 7915 1
62 15819 15737 1
63 2126 2115 1
64 4071 4050 1
65 4091 4070 1
66 7957 7917 1
67 15809 15730 1
68 4074 4054 1
69 2083 2074 1
70 2105 2096 1
71 7953 7921 1
72 2105 2097 0
73 15806 15746 1
74 7963 7933 1
75 15805 15746 1
76 15798 15740 1
77 15822 15769 1
78 15800 15750 1
79 7949 7925 1
80 7988 7964 1
81 4103 4091 0
82 15797 15752 1
83 2123 2117 0
84 31445 31357 1
85 15786 15742 1
86 7999 7980 1
87 15801 15765 1
88 65 12 1
89 31410 31352 1
90 31435 31366 1
91 31449 31381 1
92 15811 15777 1
93 15778 15746 1
94 15815 15783 1
95 31418 31355 1
96 4024 4008 1
97 15823 15792 1
98 31416 31357 1
99 31433 31377 1
100 15788 15761 1
101 62691 62605 1
102 2147 2142 0
103 7978 7966 1
104 7930 7919 1
105 7979 7968 1
106 31432 31389 1
107 31450 31407 1
108 31421 31352 1
109 62686 62602 1
110 15764 15733 1
111 31433 31391 1
112 15814 15794 0
113 31391 31357 0
114 31439 31411 0
115 4100 4102 0
116 4068 4066 0
117 8004 7996 1
118 31401 31369 0
119 62681 62620 0
120 62672 62615 0
121 62681 62616 0
122 62692 62663 0
123 15749 15735 0
124 31410 31383 0
125 15766 15754 0
126 15797 15785 0
127 62690 62647 0
128 125197 125117 0
129 15754 15744 0
130 125195 125118 0
131 31403 31385 0
132 31402 31385 0
133 15751 15783 0
134 15822 15808 0
135 31431 31417 0
136 15802 15795 0
137 7925 7923 0
138 15785 15783 0
139 15757 15758 0
140 15755 15757 0
141 15747 15749 0
142 4025 4026 0
143 15764 15770 0
144 4067 4069 0
145 4098 4101 0
146 7939 7945 0
147 7947 7954 0
148 7930 7937 0
149 7962 7970 0
150 7972 7981 0
151 4096 4101 0
152 4055 4060 0
153 4024 4029 0
154 7950 7961 0
155 7948 7959 0
156 4073 4080 0
157 7977 7993 0
158 2145 2150 0
159 7963 7982 0
160 2080 2086 0
161 2056 2062 0
162 4084 4101 0
163 2118 2128 0
164 2062 2072 0
165 2138 2150 0
166 2117 2136 0
167 2070 2089 0
168 2095 2115 0
169 2109 2133 0
170 85 92 0
171 59 72 0
172 31 38 0
173 24 33 0
174 31 48 0
175 35 59 0
176 22 49 0
177 250139 250150 0
178 31391 31392 0
179 125146 125126 0
180 250111 250112 0
181 250192 250120 0
182 31431 31423 0
183 250157 250160 0
184 125174 125142 0
185 250175 250103 0
186 62618 62614 0
187 250137 250135 0
188 250181 250102 0
189 125194 125143 0
190 125155 125126 0
191 125174 125133 0
192 250154 250143 0
193 500192 500106 0
194 500179 500156 0
195 125154 125138 0
196 500165 500151 0
197 500199 500109 0
198 500133 500142 0
199 500175 500116 0
200 62691 62675 0
201 125190 125192 0
202 500157 500113 0
203 62645 62619 0
204 500188 500157 0
205 500165 500159 0
206 500143 500165 0
207 500146 500120 0
208 500168 500154 0
209 500148 500145 0
210 500198 500158 0
211 250193 250106 0
212 500179 500157 0
213 500169 500157 0
214 500197 500109 0
215 500195 500132 0
216 500177 500132 0
217 500156 500176 0
218 500130 500134 0
219 500124 500130 0
220 500150 500148 0
221 125122 125120 0
222 125135 125126 0
223 500151 500118 0
224 500165 500154 0
225 125158 125136 0
226 125185 125176 0
227 125175 125151 0
228 125178 125133 0
229 500197 500126 0
230 500141 500122 0
231 125132 125134 0
232 250144 250146 0
233 250111 250103 0
234 62655 62637 0
235 62679 62681 0
236 62680 62667 0
237 62676 62664 0
238 250199 250153 0
239 250125 250126 0
240 62631 62628 0
241 250176 250118 0
242 125158 125124 0
243 250136 250140 0
244 62673 62655 0
245 250163 250159 0
246 250122 250133 0
247 62658 62628 0
248 250185 250123 0
249 250157 250160 0
250 250132 250134 0
251 250198 250182 0
252 250173 250125 0
253 250163 250106 0
254 62623 62605 0
255 31369 31363 0
256 250138 250117 0
257 125116 125103 0
258 250198 250152 0
259 250104 250102 0
260 31383 31381 0
261 31362 31352 0
262 250164 250109 0
263 62686 62649 0
264 250145 250124 0
265 62646 62630 0
266 62621 62623 0
267 250158 250155 0
268 250129 250121 0
269 250178 250163 0
270 125133 125116 0
271 250144 250155 0
272 250174 250156 0
273 31355 31357 0
274 31359 31432 0
275 31426 31448 0
276 7939 7988 0
277 7924 7986 0
278 7915 7997 0
279 31364 31392 0
280 31372 31444 0
281 4007 4093 0
282 31376 31407 0
283 31402 31436 0
284 31411 31431 0
285 4008 4076 0
286 4028 4097 0
287 4013 4074 0
288 4043 4082 0
289 31382 31441 0
290 4042 4078 0
291 31357 31382 0
292 62610 62615 0
293 62615 62691 0
294 62616 62633 0
295 31381 31426 0
296 62644 62685 0
297 4031 4098 0
298 62603 62691 0
299 62620 62687 0
300 4010 4091 0
301 62627 62642 0
302 62614 62620 0
303 31383 31446 0
304 62627 62699 0
305 62607 62666 0
306 62619 62700 0
307 62620 62688 0
308 31407 31448 0
309 31368 31388 0
310 4033 4094 0
311 4073 4102 0
312 31400 31422 0
313 31365 31425 0
314 62644 62690 0
315 62615 62647 0
316 62617 62646 0
317 62658 62693 0
318 31372 31406 0
319 2079 2112 0
320 62674 62687 0
321 500170 500193 0
322 62672 62679 0
323 15777 15819 0
324 62655 62692 0
325 15739 15763 0
326 2055 2122 0
327 7935 7965 0
328 15769 15815 0
329 2080 2114 0
330 125100 125163 0
331 125124 125147 0
332 125125 125176 0
333 2087 2121 0
334 15735 15748 0
335 7917 7989 0
336 2055 2116 0
337 125135 125177 0
338 15781 15797 0
339 125158 125192 0
340 125167 125190 0
341 125146 125168 0
342 7935 7965 0
343 125145 125194 0
344 125131 125168 0
345 125147 125197 0
346 125137 125195 0
347 125100 125154 0
348 125132 125187 0
349 125116 125178 0
350 2081 2111 0
351 125150 125169 0
352 125105 125166 0
353 15733 15814 0
354 2064 2109 0
355 125104 125172 0
356 125137 125190 0
357 125110 125192 0
358 125129 125179 0
359 7925 7970 0
360 45 87 0
361 125123 125173 0
362 10 98 0
363 250127 250157 0
364 250111 250179 0
365 250115 250187 0
366 250105 250158 0
367 250103 250124 0
368 7924 7949 0
369 15726 15811 0
370 24 87 0
371 47 87 0
372 250142 250192 0
373 250138 250153 0
374 36 80 0
375 500118 500190 0
376 500115 500144 0
377 13 55 0
378 500148 500176 0
379 15746 15818 0
380 19 84 0
381 38 80 0
382 7951 8001 0
383 500101 500135 0
384 7956 8005 0
385 500146 500183 0
386 500117 500146 0
387 500105 500152 0
388 31 79 0
389 500124 500166 0
390 500104 500168 0
391 10 68 0
392 15750 15773 0
393 500110 500142 0
394 3 87 0
395 9 75 0
396 500146 500177 0
397 500118 500178 0
398 15766 15802 0
399 15770 15783 0
--------------
1000000 :c
1004927 :sum(p)
1000000 :sum(w)
