400 :n
id p,w,x
--------------
0 2119 2080 1
1 2092 2065 1
2 2123 2102 1
3 4072 4030 1
4 89 45 1
5 8005 7931 1
6 56 8 1
7 48 17 1
8 45 25 1
9 97 64 1
10 79 58 1
11 4095 4048 1
12 4075 4008 1
13 95 3 1
14 4084 4046 1
15 55 2 1
16 2095 2070 1
17 100 68 1
18 95 40 1
19 4098 4008 1
20 2147 2060 1
21 80 63 1
22 4083 4011 1
23 2117 2096 1
24 56 21 1
25 71 36 1
26 2144 2083 1
27 2120 2088 1
28 2124 2089 1
29 2152 2123 1
30 4048 4011 1
31 2101 2072 1
32 2119 2077 1
33 2140 2066 1
34 15790 15734 1
35 15823 15764 1
36 15820 15761 1
37 31449 31365 1
38 15821 15767 1
39 7967 7924 1
40 8002 7936 1
41 2142 2126 1
42 7985 7925 1
43 8011 7960 1
44 4061 4038 1
45 7976 7934 1
46 8010 7967 1
47 4056 4030 1
48 8003 7932 1
49 4038 4012 1
50 7977 7936 1
51 4058 4026 1
52 4050 4013 1
53 4061 4028 1
54 7985 7934 1
55 4056 4021 1
56 4064 4032 1
57 8004 7964 1
58 7971 7930 1
59 15813 15734 1
60 8010 7972 1
61 4085 4055 1
62 4053 4026 1
63 2087 2068 1
64 7987 7925 1
65 15810 15766 1
66 15793 15744 1
67 15822 15753 1
68 15815 15766 1
69 15797 15728 1
70 7990 7960 1
71 15819 15746 1
72 7979 7947 1
73 15818 15758 1
74 15789 15744 1
75 13 5 1
76 53 44 1
77 71 61 1
78 42 39 1
79 97 94 1
80 2073 2064 1
81 2104 2097 0
82 31446 31363 1
83 31435 31353 1
84 15783 15742 1
85 31432 31351 1
86 15791 15753 1
87 2142 2137 1
88 15790 15754 1
89 15804 15768 1
90 7967 7949 1
91 7934 7917 1
92 31437 31375 1
93 15771 15741 1
94 15814 15784 1
95 2125 2121 0
96 2145 2141 0
97 31411 31356 1
98 31413 31363 1
99 4105 4076 1
100 31426 31376 1
101 15768 15743 1
102 31440 31392 1
103 7946 7936 1
104 31416 31377 0
105 2112 2087 1
106 62679 62603 1
107 15781 15762 0
108 62699 62624 1
109 15747 15730 0
110 31446 31428 0
111 15799 15782 1
112 5 24 0
113 62672 62607 0
114 62683 62619 0
115 4103 4099 0
116 62687 62627 0
117 62689 62629 0
118 125176 125105 0
119 2092 2090 0
120 62679 62620 0
121 62655 62603 0
122 62683 62632 0
123 62698 62647 0
124 7966 7960 0
125 4100 4097 0
126 31386 31364 0
127 62665 62622 0
128 31425 31407 0
129 2120 2119 0
130 31390 31376 0
131 15791 15784 0
132 4083 4082 0
133 15749 15747 0
134 15765 15763 0
135 8002 8002 0
136 7999 8000 0
137 7958 7959 0
138 8005 8007 0
139 7989 7992 0
140 2107 2108 0
141 7944 7949 0
142 7958 7965 0
143 4092 4096 0
144 4025 4029 0
145 7922 7930 0
146 65 72 0
147 26 34 0
148 62690 62664 0
149 125184 125128 0
150 125180 125124 0
151 62643 62612 0
152 62688 62659 0
153 125191 125115 0
154 62674 62642 0
155 62644 62665 0
156 62646 62645 0
157 62638 62654 0
158 62687 62668 0
159 31367 31385 0
160 31373 31409 0
161 31369 31374 0
162 31371 31360 0
163 31366 31392 0
164 62632 62669 0
165 62655 62675 0
166 125147 125180 0
167 31399 31395 0
168 125121 125151 0
169 125138 125157 0
170 31426 31428 0
171 31434 31438 0
172 125133 125107 0
173 31386 31397 0
174 125131 125160 0
175 125110 125181 0
176 125122 125125 0
177 31443 31442 0
178 125111 125123 0
179 31405 31407 0
180 125169 125197 0
181 31407 31432 0
182 31408 31430 0
183 125155 125158 0
184 125117 125164 0
185 125182 125138 0
186 125153 125176 0
187 125158 125178 0
188 31427 31414 0
189 125140 125106 0
190 31399 31398 0
191 125139 125107 0
192 125155 125139 0
193 125119 125182 0
194 125170 125130 0
195 31353 31380 0
196 125147 125190 0
197 125180 125152 0
198 125191 125193 0
199 125113 125113 0
200 125120 125120 0
201 125153 125135 0
202 125105 125148 0
203 125194 125199 0
204 125166 125156 0
205 125133 125144 0
206 125137 125137 0
207 125192 125150 0
208 125180 125158 0
209 62625 62677 0
210 125184 125141 0
211 125193 125194 0
212 125152 125178 0
213 250114 250197 0
214 250176 250150 0
215 250191 250158 0
216 250120 250173 0
217 250137 250129 0
218 62662 62637 0
219 15793 15804 0
220 250183 250111 0
221 250143 250169 0
222 250184 250176 0
223 250170 250122 0
224 250110 250180 0
225 250136 250117 0
226 250181 250185 0
227 250158 250179 0
228 250122 250160 0
229 250179 250142 0
230 250144 250129 0
231 250171 250116 0
232 62648 62691 0
233 250170 250144 0
234 250109 250109 0
235 250171 250172 0
236 250178 250141 0
237 15783 15783 0
238 250123 250164 0
239 62687 62675 0
240 250200 250196 0
241 250159 250155 0
242 250179 250200 0
243 250116 250172 0
244 62639 62620 0
245 250141 250194 0
246 250180 250110 0
247 250153 250131 0
248 250170 250158 0
249 250151 250128 0
250 62601 62637 0
251 250166 250102 0
252 62683 62682 0
253 250119 250166 0
254 250177 250155 0
255 250128 250153 0
256 250143 250112 0
257 250126 250142 0
258 250113 250137 0
259 250103 250170 0
260 250196 250123 0
261 500170 500195 0
262 500150 500186 0
263 62657 62640 0
264 500107 500132 0
265 500107 500152 0
266 62692 62698 0
267 500117 500112 0
268 500140 500181 0
269 500149 500116 0
270 500186 500137 0
271 500190 500182 0
272 500149 500132 0
273 500104 500180 0
274 500151 500185 0
275 62633 62638 0
276 500122 500147 0
277 62653 62678 0
278 500200 500103 0
279 500169 500126 0
280 500177 500102 0
281 500122 500109 0
282 500170 500102 0
283 500196 500123 0
284 500120 500125 0
285 500182 500153 0
286 500117 500185 0
287 500165 500149 0
288 500157 500113 0
289 500104 500119 0
290 62664 62691 0
291 500164 500190 0
292 500192 500190 0
293 500155 500143 0
294 500164 500182 0
295 500173 500159 0
296 62646 62628 0
297 500175 500126 0
298 500190 500131 0
299 500169 500114 0
300 62673 62667 0
301 500185 500150 0
302 500141 500156 0
303 500136 500128 0
304 500118 500163 0
305 500115 500172 0
306 500113 500176 0
307 500171 500163 0
308 62683 62667 0
309 62655 62643 0
310 125188 125128 0
311 62679 62651 0
312 4011 4066 0
313 4039 4094 0
314 4032 4068 0
315 4059 4104 0
316 4066 4101 0
317 4013 4052 0
318 4042 4077 0
319 2054 2069 0
320 4084 4101 0
321 2054 2065 0
322 2081 2118 0
323 4022 4052 0
324 2059 2079 0
325 2060 2138 0
326 4007 4102 0
327 4008 4059 0
328 4080 4105 0
329 2087 2135 0
330 4021 4039 0
331 7914 8003 0
332 7933 7992 0
333 7932 7990 0
334 7963 8005 0
335 2061 2150 0
336 2091 2114 0
337 2106 2144 0
338 7934 7992 0
339 7928 7993 0
340 7941 7997 0
341 7932 7952 0
342 7985 8003 0
343 2081 2099 0
344 7963 7984 0
345 7941 7958 0
346 7915 7983 0
347 2082 2139 0
348 2062 2099 0
349 15769 15814 0
350 15728 15765 0
351 15765 15795 0
352 15740 15766 0
353 2067 2078 0
354 15754 15784 0
355 2097 2114 0
356 2135 2146 0
357 15746 15817 0
358 2071 2147 0
359 41 93 0
360 4007 4076 0
361 15755 15800 0
362 15733 15774 0
363 15746 15809 0
364 42 92 0
365 52 70 0
366 6 54 0
367 27 64 0
368 15748 15778 0
369 15739 15812 0
370 15762 15781 0
371 31353 31426 0
372 31384 31426 0
373 20 80 0
374 6 75 0
375 31364 31422 0
376 6 36 0
377 36 89 0
378 45 61 0
379 31362 31426 0
380 31374 31435 0
381 28 49 0
382 31370 31438 0
383 71 89 0
384 31397 31436 0
385 31370 31441 0
386 4081 4105 0
387 61 86 0
388 2 79 0
389 67 92 0
390 31381 31425 0
391 31352 31449 0
392 62620 62699 0
393 28 78 0
394 62603 62690 0
395 19 55 0
396 9 59 0
397 28 67 0
398 4019 4045 0
399 4082 4092 0
--------------
1000000 :c
1004459 :sum(p)
999997 :sum(w)
