400 :n
id p,w,x
--------------
0 2143 2104 1
1 2138 2056 1
2 15808 15734 1
3 15811 15771 1
4 4084 4049 1
5 97 13 1
6 4098 4070 1
7 77 18 1
8 4086 4054 1
9 4105 4052 1
10 15825 15756 1
11 15788 15728 1
12 4076 4007 1
13 2129 2074 1
14 2149 2085 1
15 2142 2071 1
16 15817 15774 1
17 4050 4025 1
18 15799 15755 1
19 15815 15752 1
20 8005 7968 1
21 62 23 1
22 2108 2065 1
23 7985 7925 1
24 7970 7924 1
25 31437 31377 1
26 15783 15735 1
27 31438 31364 1
28 2130 2076 1
29 79 35 1
30 69 32 1
31 2128 2095 1
32 7971 7919 1
33 4084 4053 1
34 65 2 1
35 7997 7926 1
36 4089 4024 1
37 7989 7916 1
38 2140 2066 1
39 7999 7968 1
40 7981 7944 1
41 42 7 1
42 7978 7929 1
43 61 17 1
44 94 3 1
45 2121 2085 1
46 85 16 1
47 4042 4014 1
48 7990 7948 1
49 7994 7913 1
50 73 16 1
51 2097 2074 1
52 2148 2098 1
53 2081 2057 1
54 8007 7967 1
55 96 46 1
56 2139 2100 1
57 4093 4049 1
58 2106 2077 1
59 89 41 1
60 91 6 1
61 96 41 1
62 7947 7914 1
63 2140 2079 1
64 2151 2084 1
65 2142 2080 1
66 37 20 1
67 26 20 1
68 79 63 1
69 96 77 1
70 20 19 1
71 2124 2103 1
72 2089 2074 1
73 4089 4065 1
74 4063 4043 1
75 4072 4052 1
76 4044 4025 1
77 4063 4046 1
78 4026 4011 1
79 4079 4064 1
80 8000 7972 1
81 4081 4067 1
82 7963 7936 1
83 7965 7942 1
84 7942 7922 1
85 15787 15755 1
86 8010 7994 1
87 31412 31358 1
88 4091 4084 1
89 31423 31371 1
90 15771 15746 1
91 15812 15788 1
92 31403 31357 1
93 15776 15753 1
94 7985 7974 0
95 8004 7993 1
96 62694 62614 1
97 31390 31351 1
98 15764 15745 1
99 62690 62611 1
100 2066 2056 1
101 15792 15747 1
102 62685 62612 1
103 62684 62615 1
104 62672 62604 1
105 31387 31353 0
106 62689 62626 0
107 31446 31432 0
108 62700 62643 0
109 49 52 0
110 7988 7980 0
111 4079 4075 1
112 31445 31416 0
113 15816 15802 0
114 15825 15811 0
115 62655 62606 0
116 62665 62618 0
117 31407 31386 0
118 62661 62624 0
119 7964 7960 0
120 7987 7983 0
121 31365 31351 0
122 15776 15769 0
123 15755 15750 0
124 15786 15782 0
125 15796 15792 0
126 7960 7958 0
127 4066 4066 0
128 15820 15821 0
129 8006 8007 0
130 7932 7934 0
131 2122 2123 1
132 8003 8007 0
133 7929 7936 0
134 4030 4035 0
135 7924 7934 0
136 4046 4052 0
137 4076 4084 0
138 2122 2127 0
139 4073 4085 0
140 2059 2066 0
141 2067 2078 0
142 2127 2143 0
143 66 68 1
144 19 20 0
145 87 92 0
146 91 99 0
147 47 58 0
148 19 26 0
149 7 10 1
150 125167 125136 0
151 125194 125163 0
152 62666 62638 0
153 62691 62683 0
154 62698 62695 0
155 62613 62603 0
156 125139 125131 0
157 62660 62663 0
158 125103 125103 0
159 125160 125140 0
160 125149 125127 0
161 125155 125138 0
162 125110 125117 0
163 125186 125180 0
164 125106 125110 0
165 125189 125182 0
166 125130 125134 0
167 125171 125154 0
168 125115 125111 0
169 125122 125112 0
170 125123 125102 0
171 250168 250128 0
172 250187 250174 0
173 31386 31385 0
174 250147 250136 0
175 250169 250168 0
176 31426 31424 0
177 250188 250189 0
178 250112 250124 0
179 250166 250165 0
180 250180 250140 0
181 250139 250148 0
182 250146 250148 0
183 250114 250128 0
184 250130 250142 0
185 250197 250175 0
186 250179 250175 0
187 250149 250134 0
188 250184 250194 0
189 31388 31385 0
190 31440 31441 0
191 500142 500123 0
192 500139 500161 0
193 500147 500115 0
194 500188 500144 0
195 500103 500120 0
196 31367 31365 0
197 500145 500135 0
198 500138 500156 0
199 500181 500158 0
200 500137 500153 0
201 500135 500108 0
202 500163 500163 0
203 500190 500137 0
204 500116 500134 0
205 500145 500129 0
206 500200 500186 0
207 500184 500191 0
208 500159 500141 0
209 500150 500102 0
210 500109 500139 0
211 500144 500161 0
212 500150 500133 0
213 500198 500174 0
214 500123 500152 0
215 500184 500160 0
216 500105 500119 0
217 500172 500155 0
218 500171 500154 0
219 500149 500143 0
220 500188 500140 0
221 500158 500138 0
222 500158 500165 0
223 500188 500115 0
224 62652 62648 0
225 62607 62604 0
226 125161 125104 0
227 125184 125127 0
228 62690 62654 0
229 125162 125118 0
230 125142 125101 0
231 125199 125151 0
232 125152 125100 0
233 62642 62606 0
234 31433 31424 0
235 125169 125143 0
236 250186 250121 0
237 250199 250126 0
238 250177 250118 0
239 31388 31381 0
240 125155 125128 0
241 31388 31382 0
242 250197 250136 0
243 250179 250133 0
244 250148 250102 0
245 125143 125112 0
246 62678 62664 0
247 62620 62606 0
248 7945 7981 0
249 31358 31383 0
250 31402 31413 0
251 7980 8002 0
252 31416 31450 0
253 31363 31410 0
254 31354 31434 0
255 31394 31435 0
256 31375 31436 0
257 31391 31441 0
258 7953 7985 0
259 31381 31449 0
260 31357 31432 0
261 31390 31436 0
262 31364 31370 0
263 31436 31441 0
264 31375 31388 0
265 7936 7987 0
266 7934 7991 0
267 31357 31437 0
268 7973 7985 0
269 31402 31427 0
270 7921 8010 0
271 7956 8000 0
272 15755 15775 0
273 7992 8010 0
274 31369 31415 0
275 31370 31431 0
276 31377 31429 0
277 15807 15811 0
278 7955 8009 0
279 4033 4096 0
280 4022 4055 0
281 4014 4070 0
282 4059 4099 0
283 31373 31411 0
284 31361 31380 0
285 62603 62632 0
286 4015 4071 0
287 62676 62698 0
288 62646 62664 0
289 4010 4043 0
290 4029 4081 0
291 62624 62639 0
292 4030 4048 0
293 15756 15786 0
294 4065 4081 0
295 62653 62697 0
296 62606 62631 0
297 15808 15814 0
298 62649 62667 0
299 4050 4070 0
300 4018 4062 0
301 62602 62695 0
302 4023 4077 0
303 62605 62684 0
304 62611 62631 0
305 4050 4071 0
306 62632 62681 0
307 62624 62699 0
308 62633 62666 0
309 4028 4076 0
310 7987 8007 0
311 62670 62686 0
312 15739 15750 0
313 62654 62672 0
314 62602 62640 0
315 62647 62665 0
316 62654 62668 0
317 4029 4101 0
318 62612 62650 0
319 125101 125139 0
320 2089 2109 0
321 15742 15753 0
322 125149 125176 0
323 2055 2106 0
324 2085 2104 0
325 125148 125178 0
326 125112 125135 0
327 2056 2082 0
328 2072 2145 0
329 125154 125175 0
330 2098 2120 0
331 125120 125188 0
332 125155 125166 0
333 125144 125158 0
334 125106 125153 0
335 125143 125166 0
336 125126 125181 0
337 125153 125190 0
338 125144 125187 0
339 125123 125184 0
340 15773 15825 0
341 125113 125189 0
342 2056 2096 0
343 15759 15798 0
344 2055 2096 0
345 250126 250170 0
346 15787 15808 0
347 2095 2135 0
348 250125 250161 0
349 250172 250189 0
350 250141 250160 0
351 250102 250175 0
352 15735 15777 0
353 2073 2105 0
354 2062 2093 0
355 2057 2109 0
356 250166 250198 0
357 2073 2132 0
358 2071 2135 0
359 250120 250197 0
360 250113 250181 0
361 250126 250182 0
362 250144 250160 0
363 15735 15755 0
364 250118 250200 0
365 24 65 0
366 250140 250156 0
367 250119 250171 0
368 250112 250173 0
369 15749 15757 0
370 40 87 0
371 13 34 0
372 22 60 0
373 37 63 0
374 250102 250122 0
375 250165 250199 0
376 15750 15792 0
377 3 38 0
378 250181 250200 0
379 250140 250200 0
380 500119 500187 0
381 500112 500158 0
382 16 75 0
383 500102 500182 0
384 25 67 0
385 15761 15784 0
386 15817 15825 0
387 19 56 0
388 500113 500168 0
389 500120 500162 0
390 9 66 0
391 500118 500198 0
392 500161 500200 0
393 9 54 0
394 15763 15818 0
395 500142 500183 0
396 15732 15807 0
397 25 64 0
398 15800 15807 0
399 15774 15803 0
--------------
1000000 :c
1004507 :sum(p)
999997 :sum(w)
