400 :n
id p,w,x
--------------
0 83 3 1
1 41 2 1
2 99 10 1
3 77 9 1
4 100 18 1
5 52 15 1
6 31 13 1
7 97 51 1
8 60 35 1
9 89 53 1
10 88 61 1
11 86 61 1
12 11 8 1
13 88 65 1
14 87 76 1
15 2139 2054 1
16 2143 2060 1
17 2146 2074 1
18 2143 2074 1
19 2145 2078 1
20 2141 2080 1
21 2124 2072 1
22 4101 4026 1
23 2146 2107 1
24 2101 2063 1
25 2094 2058 1
26 2137 2101 1
27 4089 4033 1
28 4103 4049 1
29 2109 2082 1
30 4076 4024 1
31 2106 2083 1
32 4087 4045 1
33 4090 4049 1
34 4072 4034 1
35 4097 4061 1
36 4069 4034 1
37 2098 2080 1
38 4070 4036 1
39 4089 4056 1
40 4104 4071 1
41 7987 7923 1
42 8012 7949 1
43 2091 2076 1
44 8010 7959 1
45 2074 2061 1
46 7984 7934 1
47 7987 7937 1
48 7991 7943 1
49 2141 2130 1
50 2153 2142 1
51 8010 7970 1
52 15808 15736 1
53 8011 7975 1
54 7973 7938 1
55 7962 7928 1
56 2132 2123 1
57 8005 7973 1
58 4062 4046 1
59 15804 15744 1
60 15801 15749 1
61 15802 15751 1
62 4034 4021 1
63 15780 15732 1
64 15809 15762 1
65 15807 15765 1
66 31432 31351 1
67 7980 7960 1
68 7950 7932 1
69 15793 15760 1
70 8007 7991 1
71 8009 7993 1
72 31437 31381 1
73 15779 15752 1
74 31403 31351 1
75 31449 31397 1
76 31446 31395 1
77 31435 31385 1
78 7934 7922 1
79 8000 7988 1
80 2095 2092 1
81 31447 31404 1
82 15809 15789 1
83 15819 15799 1
84 15791 15772 1
85 15763 15745 1
86 15811 15793 1
87 62672 62606 1
88 62679 62622 1
89 52 47 1
90 62687 62626 1
91 31437 31405 1
92 31398 31371 0
93 31429 31402 1
94 62699 62646 1
95 62683 62633 0
96 62695 62658 0
97 15785 15774 0
98 62645 62602 0
99 31419 31396 0
100 31441 31442 0
101 15730 15784 0
102 31417 31393 0
103 62675 62632 0
104 62692 62650 0
105 31427 31406 0
106 125183 125109 0
107 7983 7992 0
108 62644 62607 0
109 125192 125122 0
110 125184 125120 0
111 7955 7951 0
112 7992 7988 0
113 125184 125126 0
114 125173 125116 0
115 125194 125138 0
116 62675 62647 0
117 125181 125127 0
118 62651 62625 0
119 62669 62643 0
120 31431 31418 0
121 31405 31393 0
122 125186 125144 0
123 15804 15799 0
124 62657 62638 0
125 125196 125160 0
126 125198 125164 0
127 62650 62633 0
128 4079 4078 1
129 125132 125105 0
130 31396 31390 0
131 4027 4027 0
132 7973 7973 0
133 7964 7965 0
134 15807 15809 0
135 7960 7963 0
136 7916 7919 0
137 2081 2082 1
138 4072 4074 1
139 2127 2129 1
140 2070 2072 0
141 4022 4026 0
142 4056 4061 0
143 2093 2097 0
144 4086 4096 0
145 4021 4031 0
146 2140 2146 0
147 2082 2090 0
148 2104 2115 0
149 2079 2094 0
150 67 69 0
151 52 55 0
152 28 30 0
153 73 86 0
154 40 54 0
155 31 43 0
156 25 38 0
157 28 44 0
158 17 28 0
159 500121 500116 0
160 500192 500114 0
161 125154 125144 0
162 250166 250122 0
163 31428 31426 0
164 250145 250136 0
165 125180 125153 0
166 500190 500153 0
167 125187 125171 0
168 500194 500105 0
169 500193 500181 0
170 500196 500158 0
171 125156 125132 0
172 500189 500164 0
173 31377 31373 0
174 250178 250147 0
175 125192 125193 0
176 500198 500129 0
177 125129 125119 0
178 62695 62695 0
179 500174 500113 0
180 125182 125164 0
181 500151 500108 0
182 500184 500160 0
183 250148 250128 0
184 500170 500164 0
185 250194 250200 0
186 125169 125144 0
187 125170 125170 0
188 125149 125123 0
189 500191 500156 0
190 250171 250129 0
191 125158 125140 0
192 500172 500173 0
193 250158 250139 0
194 250172 250138 0
195 500140 500123 0
196 250188 250159 0
197 500135 500115 0
198 250200 250171 0
199 250154 250108 0
200 500190 500151 0
201 62627 62627 0
202 500183 500193 0
203 500171 500111 0
204 62620 62616 0
205 500143 500129 0
206 250185 250126 0
207 250195 250121 0
208 250195 250107 0
209 250181 250116 0
210 250195 250126 0
211 250199 250137 0
212 250169 250108 0
213 500162 500141 0
214 62613 62614 0
215 250195 250197 0
216 500130 500138 0
217 62627 62615 0
218 62632 62627 0
219 500190 500121 0
220 62628 62618 0
221 500197 500167 0
222 125156 125158 0
223 250188 250194 0
224 250193 250193 0
225 62620 62612 0
226 62615 62604 0
227 250166 250141 0
228 500132 500133 0
229 250189 250148 0
230 500172 500150 0
231 125184 125173 0
232 15749 15803 0
233 15742 15767 0
234 31413 31438 0
235 31370 31383 0
236 15773 15787 0
237 15799 15816 0
238 31375 31436 0
239 31389 31398 0
240 7918 7996 0
241 31411 31430 0
242 31389 31428 0
243 15753 15772 0
244 31407 31422 0
245 31368 31424 0
246 7935 7989 0
247 15739 15812 0
248 31421 31432 0
249 7960 7987 0
250 31353 31371 0
251 31374 31381 0
252 7970 8004 0
253 7927 8010 0
254 7949 8000 0
255 62620 62642 0
256 31377 31405 0
257 7915 8009 0
258 7962 8006 0
259 62610 62644 0
260 62642 62684 0
261 62621 62647 0
262 62659 62676 0
263 62657 62670 0
264 62654 62685 0
265 7915 8007 0
266 62622 62656 0
267 31387 31412 0
268 62680 62688 0
269 7952 8002 0
270 7932 8003 0
271 7946 8010 0
272 7933 7945 0
273 7915 7964 0
274 62639 62664 0
275 7916 8003 0
276 62684 62700 0
277 7919 7981 0
278 15736 15806 0
279 4060 4106 0
280 62640 62662 0
281 4020 4042 0
282 31354 31450 0
283 4051 4087 0
284 31413 31434 0
285 62651 62669 0
286 4046 4065 0
287 4015 4071 0
288 62662 62689 0
289 62649 62652 0
290 62656 62698 0
291 4015 4041 0
292 125129 125158 0
293 125181 125191 0
294 4026 4060 0
295 125136 125157 0
296 125101 125172 0
297 4028 4060 0
298 125165 125169 0
299 15748 15812 0
300 4017 4084 0
301 125137 125145 0
302 4022 4082 0
303 4008 4029 0
304 4034 4051 0
305 125109 125150 0
306 125105 125170 0
307 125107 125132 0
308 4055 4098 0
309 4042 4060 0
310 4044 4062 0
311 15730 15780 0
312 125100 125176 0
313 4057 4097 0
314 31436 31437 0
315 4007 4045 0
316 125106 125175 0
317 4051 4088 0
318 4046 4087 0
319 125148 125192 0
320 2058 2090 0
321 125110 125170 0
322 15796 15809 0
323 31357 31441 0
324 2058 2113 0
325 125177 125188 0
326 2085 2118 0
327 125138 125145 0
328 125114 125196 0
329 2099 2153 0
330 2078 2112 0
331 250145 250167 0
332 31390 31394 0
333 2113 2151 0
334 15766 15789 0
335 250102 250111 0
336 250169 250197 0
337 250112 250174 0
338 31423 31443 0
339 250109 250162 0
340 2057 2098 0
341 250143 250184 0
342 250141 250180 0
343 250129 250185 0
344 2070 2140 0
345 250112 250186 0
346 250126 250192 0
347 250109 250136 0
348 2091 2153 0
349 2075 2114 0
350 250104 250121 0
351 250146 250183 0
352 2066 2135 0
353 15764 15809 0
354 2062 2083 0
355 250137 250183 0
356 15750 15765 0
357 15732 15819 0
358 250167 250188 0
359 250114 250130 0
360 50 88 0
361 250106 250179 0
362 500150 500196 0
363 15763 15795 0
364 48 82 0
365 15733 15779 0
366 500124 500169 0
367 15750 15782 0
368 500146 500173 0
369 46 75 0
370 500129 500154 0
371 15779 15789 0
372 35 93 0
373 14 74 0
374 4 82 0
375 500134 500179 0
376 500120 500193 0
377 500149 500185 0
378 500123 500148 0
379 27 89 0
380 57 99 0
381 500133 500153 0
382 6 95 0
383 75 100 0
384 500172 500186 0
385 31428 31429 0
386 500103 500164 0
387 31366 31405 0
388 19 48 0
389 15734 15813 0
390 45 93 0
391 500108 500132 0
392 45 98 0
393 47 79 0
394 15730 15785 0
395 500155 500176 0
396 15816 15825 0
397 1 79 0
398 15746 15819 0
399 500128 500140 0
--------------
1000000 :c
1003741 :sum(p)
1000000 :sum(w)
