400 :n
id p,w,x
--------------
0 7990 7933 1
1 7980 7933 1
2 8009 7934 1
3 100 78 1
4 61 46 1
5 62 6 1
6 43 20 1
7 78 42 1
8 79 39 1
9 100 87 1
10 99 42 1
11 78 9 1
12 83 51 1
13 99 80 1
14 89 49 1
15 38 9 1
16 69 4 1
17 75 58 1
18 71 46 1
19 92 57 1
20 82 25 1
21 92 57 1
22 63 27 1
23 66 21 1
24 69 32 1
25 2077 2058 1
26 2121 2105 1
27 2133 2115 1
28 2144 2073 1
29 2129 2100 1
30 2150 2118 1
31 2117 2070 1
32 2100 2080 1
33 15811 15727 1
34 2126 2061 1
35 8005 7941 1
36 2153 2126 1
37 8008 7958 1
38 2145 2076 1
39 2120 2064 1
40 2082 2064 1
41 2125 2068 1
42 2144 2074 1
43 4099 4023 1
44 4075 4053 1
45 4086 4043 1
46 4048 4023 1
47 4091 4024 1
48 4094 4026 1
49 15808 15733 1
50 4066 4012 1
51 4073 4015 1
52 4072 4017 1
53 4083 4011 1
54 4074 4034 1
55 4042 4021 1
56 7959 7920 1
57 8004 7932 1
58 8004 7952 1
59 4057 4020 1
60 4099 4028 1
61 4078 4037 1
62 8009 7969 1
63 4087 4057 1
64 8006 7964 1
65 31430 31366 1
66 31436 31378 1
67 31419 31356 1
68 15812 15750 1
69 15804 15746 1
70 7958 7928 1
71 7992 7960 1
72 7957 7937 1
73 15816 15771 1
74 15799 15755 1
75 4075 4060 1
76 4087 4069 1
77 7948 7924 1
78 4071 4055 1
79 15765 15728 1
80 31430 31372 1
81 15790 15754 1
82 27 24 1
83 2070 2058 1
84 2065 2055 1
85 4097 4086 1
86 4083 4073 0
87 2149 2145 1
88 15817 15790 1
89 31405 31354 1
90 31406 31355 1
91 15811 15786 1
92 31442 31393 1
93 15764 15740 1
94 31410 31363 1
95 31448 31402 1
96 15784 15762 1
97 15791 15769 1
98 15793 15771 1
99 7937 7926 0
100 31415 31374 1
101 15786 15767 1
102 31397 31361 1
103 62691 62621 1
104 75 19 1
105 62689 62611 1
106 31448 31414 1
107 62673 62607 0
108 31443 31410 0
109 31438 31448 0
110 15822 15806 1
111 500121 500168 0
112 15802 15786 1
113 4028 4024 0
114 15761 15746 0
115 62675 62616 0
116 62664 62608 0
117 15781 15767 0
118 62685 62634 0
119 62690 62639 0
120 62649 62602 0
121 62650 62609 0
122 62677 62644 0
123 15816 15808 0
124 4076 4074 0
125 125195 125134 0
126 62659 62631 0
127 15789 15782 0
128 62645 62619 0
129 62632 62607 0
130 62644 62620 0
131 7936 7933 0
132 62629 62606 0
133 62655 62632 0
134 31435 31424 0
135 62684 62667 0
136 15732 15728 0
137 15810 15806 0
138 8012 8010 0
139 4069 4068 0
140 31395 31388 0
141 62685 62674 0
142 31383 31378 0
143 31416 31411 0
144 31407 31403 0
145 7945 7944 0
146 62629 62625 0
147 62685 62681 0
148 31399 31397 0
149 62683 62681 0
150 31402 31402 0
151 62681 62681 0
152 62640 62642 0
153 62624 62626 0
154 62619 62621 0
155 62675 62681 0
156 7916 7917 0
157 7932 7934 0
158 15744 15748 0
159 15769 15774 0
160 31356 31368 0
161 2121 2122 0
162 2117 2118 0
163 7917 7921 0
164 31430 31446 0
165 31404 31420 0
166 7945 7950 0
167 31366 31387 0
168 15765 15776 0
169 31409 31431 0
170 7955 7961 0
171 7954 7960 0
172 7919 7925 0
173 31357 31384 0
174 2140 2142 0
175 15770 15785 0
176 31378 31409 0
177 7951 7959 0
178 31391 31423 0
179 31357 31391 0
180 7933 7942 0
181 15740 15758 0
182 31376 31412 0
183 15760 15779 0
184 8002 8012 0
185 15803 15823 0
186 7974 7986 0
187 7961 7975 0
188 15774 15804 0
189 4054 4062 0
190 7984 8000 0
191 15753 15789 0
192 2139 2144 0
193 2134 2139 0
194 4059 4069 0
195 15761 15802 0
196 4041 4052 0
197 15769 15813 0
198 15748 15796 0
199 15745 15797 0
200 15763 15816 0
201 4046 4061 0
202 2066 2074 0
203 7974 8006 0
204 2127 2136 0
205 7925 7959 0
206 2059 2068 0
207 7932 7967 0
208 2063 2073 0
209 7946 7985 0
210 7914 7958 0
211 4013 4037 0
212 4041 4067 0
213 7956 8009 0
214 7951 8006 0
215 2099 2115 0
216 4057 4089 0
217 4063 4101 0
218 4040 4078 0
219 4015 4053 0
220 4062 4103 0
221 4028 4070 0
222 4022 4064 0
223 2122 2148 0
224 2101 2128 0
225 4012 4065 0
226 4020 4085 0
227 2097 2133 0
228 2062 2101 0
229 2089 2135 0
230 2078 2127 0
231 2097 2152 0
232 2079 2136 0
233 2090 2149 0
234 2079 2143 0
235 2071 2136 0
236 81 87 0
237 81 91 0
238 72 81 0
239 85 97 0
240 72 87 0
241 58 74 0
242 69 98 0
243 45 78 0
244 8 15 0
245 21 40 0
246 18 36 0
247 33 82 0
248 27 76 0
249 30 88 0
250 22 88 0
251 15 74 0
252 250169 250166 0
253 250115 250141 0
254 250110 250153 0
255 250105 250126 0
256 250113 250102 0
257 250159 250132 0
258 250101 250182 0
259 7915 8012 0
260 250172 250197 0
261 250142 250157 0
262 15746 15806 0
263 250191 250138 0
264 250182 250191 0
265 250103 250152 0
266 125123 125134 0
267 125134 125159 0
268 250120 250142 0
269 250144 250196 0
270 125106 125187 0
271 7927 8001 0
272 15767 15823 0
273 125152 125103 0
274 125191 125193 0
275 250111 250101 0
276 250146 250121 0
277 125126 125180 0
278 125162 125176 0
279 250143 250165 0
280 125126 125191 0
281 125184 125155 0
282 125117 125192 0
283 250159 250154 0
284 250193 250120 0
285 250105 250137 0
286 250142 250140 0
287 250128 250161 0
288 125162 125159 0
289 125103 125190 0
290 4022 4099 0
291 250157 250195 0
292 250193 250182 0
293 125186 125167 0
294 125124 125184 0
295 250101 250114 0
296 250105 250196 0
297 125116 125149 0
298 250146 250127 0
299 250105 250114 0
300 15752 15820 0
301 250118 250156 0
302 250142 250200 0
303 250195 250104 0
304 125147 125116 0
305 125186 125177 0
306 250113 250196 0
307 125147 125124 0
308 250108 250148 0
309 250191 250175 0
310 125143 125133 0
311 31370 31444 0
312 250140 250135 0
313 125155 125159 0
314 250167 250144 0
315 250144 250131 0
316 125108 125140 0
317 125113 125139 0
318 250169 250157 0
319 250120 250157 0
320 250130 250132 0
321 500130 500133 0
322 125103 125155 0
323 125112 125197 0
324 500154 500191 0
325 125108 125138 0
326 500120 500145 0
327 125147 125188 0
328 31365 31418 0
329 500166 500176 0
330 31385 31450 0
331 500111 500134 0
332 31362 31443 0
333 500118 500107 0
334 500171 500174 0
335 31354 31423 0
336 500142 500102 0
337 125187 125146 0
338 31367 31436 0
339 125130 125179 0
340 31367 31407 0
341 500108 500191 0
342 31365 31427 0
343 125147 125199 0
344 500199 500130 0
345 125133 125196 0
346 500147 500173 0
347 31356 31412 0
348 2067 2145 0
349 500198 500112 0
350 125123 125137 0
351 62620 62645 0
352 500179 500112 0
353 62611 62653 0
354 500170 500180 0
355 125127 125111 0
356 500191 500157 0
357 500131 500146 0
358 62601 62648 0
359 500130 500122 0
360 62626 62693 0
361 500194 500122 0
362 500117 500112 0
363 500105 500128 0
364 500118 500186 0
365 62602 62636 0
366 62614 62663 0
367 500184 500138 0
368 500176 500195 0
369 500167 500136 0
370 500197 500161 0
371 62616 62671 0
372 500137 500195 0
373 125194 125176 0
374 62658 62687 0
375 62659 62689 0
376 500113 500125 0
377 62626 62685 0
378 500189 500102 0
379 62633 62689 0
380 500157 500164 0
381 500118 500196 0
382 500151 500189 0
383 500110 500119 0
384 62628 62669 0
385 500105 500111 0
386 62672 62690 0
387 500111 500195 0
388 62621 62665 0
389 500174 500137 0
390 500152 500103 0
391 125170 125193 0
392 125193 125176 0
393 500190 500130 0
394 125161 125125 0
395 125160 125168 0
396 500177 500166 0
397 500116 500130 0
398 125111 125125 0
399 125161 125151 0
--------------
1000000 :c
1004364 :sum(p)
999998 :sum(w)
