400 :n
id p,w,x
--------------
0 80 12 1
1 2126 2054 1
2 41 36 1
3 73 27 1
4 68 47 1
5 84 45 1
6 59 52 1
7 54 30 1
8 89 9 1
9 2149 2059 1
10 2121 2054 1
11 95 33 1
12 47 1 1
13 44 38 1
14 98 19 1
15 70 60 1
16 86 65 1
17 96 87 1
18 75 65 1
19 80 11 1
20 2134 2071 1
21 15806 15754 1
22 15797 15727 1
23 2117 2069 1
24 15817 15739 1
25 15820 15734 1
26 15807 15748 1
27 2105 2057 1
28 7994 7939 1
29 2136 2091 1
30 4091 4052 1
31 7981 7935 1
32 8007 7940 1
33 7985 7934 1
34 4069 4022 1
35 4068 4029 1
36 8008 7936 1
37 7969 7915 1
38 2153 2090 1
39 8011 7939 1
40 7990 7918 1
41 31449 31368 1
42 15815 15749 1
43 2117 2077 1
44 7972 7927 1
45 31434 31360 1
46 4083 4036 1
47 48 47 0
48 2128 2093 1
49 2139 2111 1
50 2137 2110 1
51 2139 2112 1
52 2113 2087 1
53 2111 2089 1
54 2100 2081 1
55 2118 2100 1
56 2091 2076 1
57 2122 2108 1
58 4065 4041 1
59 4073 4052 1
60 8007 7966 1
61 7983 7943 1
62 4045 4027 1
63 7975 7945 1
64 8005 7975 1
65 7971 7947 1
66 15800 15753 1
67 2125 2119 1
68 7986 7964 1
69 15790 15749 1
70 15770 15730 1
71 15771 15731 1
72 7996 7976 1
73 15772 15734 1
74 15813 15775 1
75 15769 15733 1
76 15770 15734 1
77 4060 4051 1
78 15813 15782 1
79 7944 7929 1
80 15761 15732 1
81 7965 7951 1
82 31422 31367 1
83 31449 31394 1
84 4066 4059 1
85 15796 15769 1
86 15813 15786 1
87 15772 15747 1
88 31430 31383 1
89 4096 4090 1
90 31450 31404 1
91 7951 7941 1
92 7987 7977 1
93 4075 4070 0
94 4086 4081 0
95 4087 4082 1
96 7923 7914 1
97 7998 7989 1
98 31437 31403 1
99 31385 31353 1
100 31449 31417 1
101 15782 15766 0
102 31406 31375 1
103 60 27 1
104 62694 62626 1
105 31383 31353 0
106 62689 62630 1
107 7922 7916 0
108 31450 31446 0
109 4060 4095 0
110 2 78 0
111 125194 125103 0
112 62669 62624 0
113 62678 62636 0
114 31444 31423 0
115 125184 125101 0
116 31426 31407 0
117 62680 62643 0
118 31387 31370 0
119 62695 62663 0
120 15746 15738 0
121 62644 62613 0
122 2083 2082 0
123 4037 4036 0
124 4047 4047 0
125 4012 4012 0
126 2082 2083 0
127 73 77 0
128 47 53 0
129 125172 125151 0
130 125164 125135 0
131 250194 250125 0
132 250182 250140 0
133 500175 500109 0
134 250151 250118 0
135 250177 250103 0
136 125160 125117 0
137 250184 250127 0
138 125157 125110 0
139 62625 62612 0
140 500198 500124 0
141 250142 250106 0
142 62685 62668 0
143 250195 250141 0
144 250180 250148 0
145 125161 125120 0
146 125167 125113 0
147 31411 31406 0
148 125158 125130 0
149 62670 62657 0
150 125157 125120 0
151 62632 62611 0
152 125127 125110 0
153 15822 15818 0
154 125192 125149 0
155 125159 125128 0
156 125177 125120 0
157 31370 31361 0
158 250196 250124 0
159 250191 250142 0
160 500185 500102 0
161 500194 500108 0
162 125151 125129 0
163 31442 31437 0
164 31442 31434 0
165 62615 62604 0
166 125164 125108 0
167 250160 250126 0
168 125138 125115 0
169 250162 250127 0
170 500197 500110 0
171 500169 500101 0
172 31390 31411 0
173 31433 31435 0
174 31390 31432 0
175 31390 31426 0
176 62608 62667 0
177 31361 31365 0
178 31411 31439 0
179 31355 31398 0
180 31429 31448 0
181 31400 31439 0
182 62630 62650 0
183 31389 31404 0
184 31416 31421 0
185 62647 62641 0
186 62678 62674 0
187 62606 62689 0
188 62674 62688 0
189 31378 31385 0
190 62613 62607 0
191 31415 31444 0
192 62619 62684 0
193 62643 62677 0
194 31362 31420 0
195 62666 62678 0
196 31396 31395 0
197 62628 62667 0
198 62621 62670 0
199 62647 62683 0
200 62633 62658 0
201 62670 62689 0
202 15796 15799 0
203 62671 62696 0
204 62611 62629 0
205 62628 62659 0
206 62637 62674 0
207 62615 62650 0
208 15740 15759 0
209 62616 62621 0
210 62689 62697 0
211 15742 15744 0
212 62625 62683 0
213 62629 62688 0
214 62638 62676 0
215 15731 15761 0
216 62609 62678 0
217 125138 125175 0
218 125133 125182 0
219 15735 15733 0
220 15805 15817 0
221 125103 125156 0
222 15819 15819 0
223 15748 15757 0
224 15772 15776 0
225 125109 125104 0
226 125163 125192 0
227 15821 15823 0
228 125124 125136 0
229 125189 125184 0
230 125114 125134 0
231 125153 125156 0
232 125149 125173 0
233 15754 15756 0
234 125196 125192 0
235 15791 15820 0
236 125144 125143 0
237 125135 125151 0
238 125111 125108 0
239 125107 125159 0
240 125116 125172 0
241 125109 125126 0
242 125141 125197 0
243 125121 125111 0
244 125102 125167 0
245 125109 125192 0
246 125164 125182 0
247 125133 125150 0
248 250105 250162 0
249 250149 250165 0
250 250130 250196 0
251 250149 250137 0
252 250141 250123 0
253 250155 250145 0
254 250101 250199 0
255 7919 7929 0
256 7940 7945 0
257 250119 250145 0
258 250146 250165 0
259 250142 250164 0
260 250141 250124 0
261 250143 250112 0
262 250141 250150 0
263 250107 250116 0
264 250123 250110 0
265 250158 250159 0
266 250153 250151 0
267 250122 250191 0
268 7985 7995 0
269 250159 250129 0
270 250139 250173 0
271 250119 250139 0
272 250156 250126 0
273 250146 250130 0
274 7965 7969 0
275 250156 250137 0
276 7970 7989 0
277 250179 250173 0
278 250164 250170 0
279 250175 250161 0
280 250131 250172 0
281 500193 500188 0
282 500127 500145 0
283 500144 500168 0
284 500133 500125 0
285 500110 500165 0
286 500200 500148 0
287 500143 500119 0
288 500111 500164 0
289 500114 500144 0
290 500200 500176 0
291 500132 500179 0
292 500129 500178 0
293 500176 500180 0
294 31403 31450 0
295 500126 500182 0
296 500126 500184 0
297 500185 500198 0
298 500188 500191 0
299 500130 500170 0
300 500187 500182 0
301 500170 500145 0
302 500184 500150 0
303 31354 31398 0
304 31354 31367 0
305 500200 500182 0
306 500118 500172 0
307 500144 500177 0
308 500161 500191 0
309 500152 500196 0
310 500157 500165 0
311 4036 4042 0
312 500178 500171 0
313 500103 500186 0
314 500102 500107 0
315 500185 500147 0
316 500155 500174 0
317 500141 500133 0
318 500182 500143 0
319 31368 31375 0
320 31360 31377 0
321 31355 31431 0
322 62657 62632 0
323 62651 62630 0
324 2106 2117 0
325 4019 4093 0
326 4014 4061 0
327 4057 4102 0
328 4056 4076 0
329 2076 2147 0
330 2057 2130 0
331 4011 4037 0
332 4047 4076 0
333 4035 4065 0
334 4028 4103 0
335 2069 2116 0
336 4031 4053 0
337 4007 4091 0
338 4051 4087 0
339 2083 2153 0
340 2055 2120 0
341 4022 4059 0
342 2131 2151 0
343 4008 4081 0
344 4007 4054 0
345 4025 4047 0
346 2120 2130 0
347 2128 2146 0
348 2108 2144 0
349 4053 4092 0
350 2110 2127 0
351 4050 4084 0
352 2070 2082 0
353 2064 2084 0
354 2055 2117 0
355 2133 2148 0
356 2089 2099 0
357 4024 4102 0
358 2054 2096 0
359 64 83 0
360 4034 4054 0
361 29 66 0
362 63 93 0
363 2078 2103 0
364 7936 7996 0
365 34 90 0
366 4056 4093 0
367 53 94 0
368 7941 8009 0
369 7914 8006 0
370 1 94 0
371 10 28 0
372 9 18 0
373 72 94 0
374 7 57 0
375 21 70 0
376 7965 8006 0
377 7917 8010 0
378 9 34 0
379 7926 7959 0
380 3 35 0
381 7957 7985 0
382 7955 7992 0
383 7965 8006 0
384 7978 8012 0
385 7914 7939 0
386 7950 7983 0
387 15738 15793 0
388 74 90 0
389 15738 15801 0
390 15740 15803 0
391 39 74 0
392 45 89 0
393 5 81 0
394 15729 15779 0
395 15768 15809 0
396 15 67 0
397 15744 15784 0
398 4007 4058 0
399 4037 4072 0
--------------
1000000 :c
1003957 :sum(p)
999999 :sum(w)
