400 :n
id p,w,x
--------------
0 92 25 1
1 79 36 1
2 4099 4013 1
3 4101 4037 1
4 4104 4050 1
5 4104 4056 1
6 4053 4010 1
7 4098 4047 1
8 4097 4016 1
9 8008 7924 1
10 4097 4034 1
11 2122 2067 1
12 2114 2070 1
13 2121 2065 1
14 2147 2095 1
15 2142 2057 1
16 2110 2087 1
17 2142 2084 1
18 2143 2119 1
19 2115 2058 1
20 2121 2069 1
21 77 6 1
22 87 6 1
23 69 48 1
24 50 28 1
25 85 32 1
26 69 42 1
27 29 1 1
28 67 16 1
29 64 26 1
30 51 11 1
31 82 2 1
32 4085 4043 1
33 44 12 1
34 92 58 1
35 58 26 1
36 80 15 1
37 91 50 1
38 19 15 1
39 61 49 1
40 97 80 1
41 9 8 1
42 24 22 1
43 56 53 1
44 4099 4058 1
45 4093 4053 1
46 4073 4035 1
47 2105 2087 1
48 7990 7924 1
49 2149 2132 1
50 2135 2119 1
51 2136 2120 1
52 2149 2134 1
53 7985 7931 1
54 8004 7953 1
55 8007 7956 1
56 4051 4026 1
57 4048 4024 1
58 4055 4031 1
59 7962 7915 1
60 4102 4078 1
61 7974 7929 1
62 15825 15740 1
63 2090 2079 1
64 7963 7923 1
65 4040 4020 1
66 2068 2058 1
67 15825 15750 1
68 4091 4072 1
69 15817 15746 1
70 4096 4078 1
71 7955 7921 1
72 15793 15730 1
73 15807 15744 1
74 4032 4016 1
75 2118 2110 1
76 8001 7971 1
77 7994 7966 1
78 15814 15759 1
79 7944 7917 1
80 7963 7936 1
81 15817 15766 1
82 4068 4055 1
83 15817 15774 1
84 4099 4088 1
85 15787 15748 1
86 15810 15771 1
87 31435 31361 1
88 15816 15779 1
89 15785 15749 1
90 15818 15782 1
91 7932 7914 1
92 4025 4016 1
93 15798 15767 1
94 31425 31364 1
95 31443 31385 1
96 31420 31365 1
97 4089 4082 1
98 31407 31355 1
99 31432 31380 1
100 31437 31390 1
101 62698 62605 1
102 97 90 1
103 4067 4061 1
104 31404 31359 1
105 31433 31389 1
106 31427 31386 1
107 31404 31364 1
108 7990 7980 1
109 7929 7913 1
110 15760 15731 1
111 75 48 1
112 31440 31402 1
113 62674 62601 0
114 8009 8000 1
115 31449 31443 0
116 58 93 0
117 62698 62642 0
118 7984 7975 1
119 7997 7988 1
120 31447 31413 0
121 62685 62618 0
122 31427 31395 0
123 15783 15767 1
124 66 72 0
125 4061 4057 1
126 62696 62638 0
127 15822 15808 0
128 7930 7923 0
129 62693 62638 0
130 8003 7996 0
131 15815 15802 0
132 31445 31420 0
133 62657 62613 0
134 15790 15779 0
135 62663 62620 0
136 31379 31361 0
137 31442 31424 0
138 15752 15743 0
139 15797 15788 0
140 4063 4061 1
141 15776 15770 0
142 7939 7936 0
143 31400 31389 0
144 15747 15742 0
145 31442 31434 0
146 15800 15796 0
147 8006 8004 1
148 31372 31365 0
149 31389 31383 0
150 76 76 1
151 15790 15792 0
152 15790 15792 0
153 7986 7988 0
154 15780 15784 0
155 2141 2142 1
156 7959 7965 0
157 4039 4052 0
158 2062 2071 0
159 2095 2108 0
160 2065 2080 0
161 2083 2099 0
162 2069 2088 0
163 2079 2099 0
164 57 67 0
165 22 34 0
166 17 31 0
167 19 37 0
168 9 25 0
169 125148 125109 0
170 125175 125141 0
171 62665 62638 0
172 62650 62625 0
173 500192 500117 0
174 125189 125159 0
175 125198 125160 0
176 62685 62674 0
177 125188 125108 0
178 125155 125121 0
179 500119 500173 0
180 500174 500181 0
181 31371 31375 0
182 62661 62677 0
183 62641 62638 0
184 500132 500133 0
185 62623 62628 0
186 31370 31377 0
187 500116 500128 0
188 500108 500140 0
189 62652 62658 0
190 500160 500114 0
191 500117 500175 0
192 31371 31379 0
193 500115 500194 0
194 31398 31403 0
195 500122 500159 0
196 500147 500160 0
197 500141 500149 0
198 500129 500111 0
199 500200 500166 0
200 62647 62656 0
201 500164 500193 0
202 62670 62674 0
203 62673 62678 0
204 500132 500169 0
205 500132 500154 0
206 500187 500156 0
207 62630 62625 0
208 500197 500158 0
209 500195 500166 0
210 62607 62630 0
211 500144 500117 0
212 62615 62632 0
213 500122 500149 0
214 500132 500120 0
215 62650 62672 0
216 500119 500142 0
217 500164 500199 0
218 125198 125191 0
219 125182 125178 0
220 250121 250108 0
221 125135 125180 0
222 250169 250179 0
223 125126 125134 0
224 31389 31400 0
225 125114 125158 0
226 500151 500142 0
227 500143 500127 0
228 500103 500119 0
229 125167 125177 0
230 250109 250105 0
231 125178 125178 0
232 250116 250154 0
233 125100 125126 0
234 31358 31359 0
235 125176 125189 0
236 125128 125164 0
237 125196 125188 0
238 125129 125156 0
239 125153 125151 0
240 125112 125118 0
241 125140 125158 0
242 125117 125148 0
243 125138 125169 0
244 500110 500122 0
245 125117 125148 0
246 250137 250110 0
247 125132 125177 0
248 250135 250122 0
249 250143 250165 0
250 250116 250166 0
251 500187 500138 0
252 250162 250187 0
253 500151 500188 0
254 250116 250109 0
255 250117 250103 0
256 500178 500169 0
257 250110 250144 0
258 250171 250147 0
259 500148 500141 0
260 250108 250120 0
261 250127 250167 0
262 500159 500156 0
263 250138 250138 0
264 500187 500146 0
265 250113 250158 0
266 250132 250155 0
267 250133 250127 0
268 250159 250196 0
269 500169 500166 0
270 500143 500107 0
271 250143 250122 0
272 250123 250155 0
273 250134 250125 0
274 250149 250172 0
275 250174 250150 0
276 250129 250166 0
277 250170 250144 0
278 250154 250192 0
279 250196 250171 0
280 250119 250187 0
281 250188 250164 0
282 250155 250157 0
283 250193 250168 0
284 500168 500116 0
285 250139 250198 0
286 250164 250191 0
287 31356 31366 0
288 500178 500163 0
289 500165 500110 0
290 125195 125120 0
291 125151 125101 0
292 125156 125123 0
293 125169 125129 0
294 125164 125124 0
295 125130 125107 0
296 125182 125147 0
297 250138 250105 0
298 250191 250131 0
299 250198 250151 0
300 125134 125117 0
301 125159 125137 0
302 250147 250117 0
303 250180 250119 0
304 7959 7986 0
305 7916 7952 0
306 7914 8008 0
307 7976 8001 0
308 4014 4037 0
309 4007 4039 0
310 7957 8011 0
311 7935 7974 0
312 7943 8000 0
313 7917 7975 0
314 15736 15748 0
315 15758 15768 0
316 4037 4097 0
317 15768 15809 0
318 4009 4061 0
319 2066 2102 0
320 2118 2153 0
321 15781 15790 0
322 15774 15799 0
323 15751 15809 0
324 15745 15802 0
325 7922 7951 0
326 15793 15822 0
327 15786 15805 0
328 15739 15770 0
329 7958 7973 0
330 15784 15806 0
331 15750 15818 0
332 2062 2111 0
333 2065 2091 0
334 7959 7999 0
335 2054 2095 0
336 15748 15754 0
337 4016 4036 0
338 2091 2138 0
339 2075 2126 0
340 2067 2105 0
341 31364 31416 0
342 31356 31408 0
343 31361 31444 0
344 2066 2114 0
345 7915 7986 0
346 31365 31392 0
347 2072 2133 0
348 31363 31412 0
349 4043 4104 0
350 2076 2114 0
351 2079 2149 0
352 2069 2097 0
353 2093 2144 0
354 2112 2151 0
355 31363 31417 0
356 31396 31442 0
357 4074 4101 0
358 31385 31429 0
359 29 99 0
360 31357 31382 0
361 31372 31409 0
362 7958 7976 0
363 31357 31418 0
364 4067 4091 0
365 62606 62673 0
366 62654 62685 0
367 62660 62686 0
368 62609 62678 0
369 62637 62700 0
370 62639 62666 0
371 4007 4052 0
372 62617 62672 0
373 4 32 0
374 62647 62692 0
375 62622 62674 0
376 7916 7963 0
377 62611 62665 0
378 62647 62678 0
379 62620 62661 0
380 19 72 0
381 21 61 0
382 62657 62697 0
383 62630 62661 0
384 4070 4102 0
385 62605 62674 0
386 62610 62694 0
387 62612 62647 0
388 62616 62655 0
389 125105 125186 0
390 38 65 0
391 5 59 0
392 125104 125166 0
393 7935 7992 0
394 125132 125195 0
395 125108 125175 0
396 125118 125193 0
397 125103 125169 0
398 4016 4106 0
399 4038 4071 0
--------------
1000000 :c
1004512 :sum(p)
999998 :sum(w)
