400 :n
id p,w,x
--------------
0 4102 4062 1
1 4038 4011 1
2 62 32 1
3 37 13 1
4 96 22 1
5 76 37 1
6 100 19 1
7 4081 4033 1
8 4068 4032 1
9 4071 4038 1
10 85 52 1
11 7983 7915 1
12 98 1 1
13 87 28 1
14 7974 7918 1
15 72 51 1
16 4084 4036 1
17 98 62 1
18 87 59 1
19 8010 7919 1
20 89 55 1
21 2131 2056 1
22 2100 2080 1
23 2104 2084 1
24 2136 2068 1
25 7997 7942 1
26 2144 2078 1
27 2125 2061 1
28 2084 2055 1
29 2123 2100 1
30 2103 2087 1
31 2133 2093 1
32 7993 7916 1
33 2106 2080 1
34 2134 2091 1
35 7991 7946 1
36 2132 2077 1
37 7997 7927 1
38 8007 7964 1
39 2132 2107 1
40 7963 7924 1
41 4104 4075 1
42 4063 4039 1
43 8001 7918 1
44 4074 4024 1
45 4059 4025 1
46 15816 15750 1
47 15806 15742 1
48 15824 15759 1
49 31438 31351 1
50 10 1 1
51 26 16 1
52 34 24 1
53 50 42 1
54 72 66 1
55 96 89 1
56 99 92 1
57 2090 2077 1
58 2113 2103 1
59 7959 7923 1
60 7958 7925 1
61 4090 4074 1
62 7979 7949 1
63 8005 7976 1
64 8012 7983 1
65 7963 7935 1
66 4036 4022 1
67 4103 4089 1
68 8006 7979 1
69 2085 2078 1
70 15821 15769 1
71 2139 2132 1
72 8012 7986 1
73 2110 2104 1
74 4079 4068 1
75 15802 15760 1
76 15804 15763 1
77 15816 15776 1
78 31448 31376 1
79 15766 15730 1
80 15761 15736 1
81 31416 31367 1
82 31421 31372 1
83 15762 15738 1
84 31446 31402 1
85 31440 31400 1
86 15769 15749 1
87 15773 15753 1
88 4095 4090 1
89 62688 62616 1
90 62693 62625 1
91 31396 31362 1
92 15765 15748 1
93 62693 62628 1
94 15786 15770 1
95 7939 7921 1
96 82 63 1
97 62681 62602 1
98 31431 31402 1
99 31387 31359 0
100 31440 31414 0
101 31448 31427 0
102 15821 15808 1
103 15760 15747 0
104 500165 500196 0
105 62664 62615 0
106 62677 62628 0
107 62693 62644 0
108 2071 2073 1
109 31395 31371 0
110 4080 4077 0
111 62648 62602 0
112 62688 62643 0
113 62681 62637 0
114 31436 31414 0
115 125199 125118 0
116 31403 31384 0
117 125175 125105 0
118 62643 62611 0
119 7975 7971 1
120 15742 15735 0
121 62650 62625 0
122 31427 31415 0
123 62695 62674 0
124 62647 62627 0
125 31403 31393 0
126 62636 62617 0
127 15757 15755 0
128 15806 15804 0
129 15812 15813 0
130 15763 15765 0
131 15803 15807 0
132 4058 4060 0
133 7972 7976 0
134 4016 4019 0
135 4092 4096 0
136 7941 7950 0
137 4038 4043 0
138 7964 7974 0
139 8000 8011 0
140 2096 2099 0
141 4053 4059 0
142 7937 7949 0
143 7931 7943 0
144 4011 4018 0
145 4091 4102 0
146 4045 4056 0
147 4082 4095 0
148 4059 4072 0
149 4062 4077 0
150 2078 2094 0
151 2122 2139 0
152 78 81 1
153 79 85 0
154 39 48 0
155 49 62 0
156 67 86 0
157 24 31 0
158 34 44 0
159 250160 250108 0
160 250190 250154 0
161 250170 250105 0
162 250169 250104 0
163 500182 500118 0
164 125193 125172 0
165 125191 125175 0
166 125143 125125 0
167 125186 125165 0
168 31447 31443 0
169 62685 62668 0
170 125199 125176 0
171 125170 125124 0
172 125151 125117 0
173 125152 125103 0
174 62678 62665 0
175 31418 31410 0
176 250174 250128 0
177 125177 125151 0
178 125144 125128 0
179 250164 250121 0
180 62694 62693 0
181 62640 62635 0
182 31373 31378 0
183 31370 31404 0
184 31396 31428 0
185 31385 31435 0
186 62618 62620 0
187 125190 125189 0
188 125178 125194 0
189 31356 31390 0
190 125113 125182 0
191 125123 125194 0
192 31352 31428 0
193 31397 31423 0
194 31394 31418 0
195 125147 125142 0
196 125115 125165 0
197 31360 31408 0
198 125155 125155 0
199 125109 125156 0
200 125159 125164 0
201 125122 125173 0
202 15763 15787 0
203 125102 125160 0
204 31365 31398 0
205 31395 31398 0
206 31353 31382 0
207 15758 15802 0
208 15782 15790 0
209 125153 125141 0
210 125114 125175 0
211 15737 15780 0
212 125115 125155 0
213 15807 15825 0
214 125104 125114 0
215 125105 125103 0
216 125128 125166 0
217 15739 15793 0
218 125158 125161 0
219 125119 125126 0
220 15751 15815 0
221 125126 125163 0
222 15731 15808 0
223 15790 15801 0
224 125182 125199 0
225 15733 15750 0
226 125171 125176 0
227 15803 15810 0
228 125182 125192 0
229 15736 15796 0
230 15731 15773 0
231 15767 15774 0
232 125102 125161 0
233 15764 15815 0
234 125139 125196 0
235 125108 125136 0
236 15740 15819 0
237 15734 15822 0
238 15786 15816 0
239 7947 7979 0
240 7915 7981 0
241 62625 62633 0
242 125125 125186 0
243 7977 8000 0
244 125125 125123 0
245 250147 250161 0
246 250138 250140 0
247 62607 62646 0
248 7983 7999 0
249 250129 250181 0
250 7944 7971 0
251 250173 250192 0
252 62615 62691 0
253 250147 250167 0
254 7933 7959 0
255 31358 31443 0
256 250109 250150 0
257 250186 250179 0
258 7925 7980 0
259 7950 7977 0
260 31351 31414 0
261 250137 250109 0
262 250121 250107 0
263 250184 250189 0
264 250102 250107 0
265 7960 8002 0
266 250190 250179 0
267 250131 250127 0
268 7938 7957 0
269 250179 250149 0
270 250127 250129 0
271 7927 8002 0
272 62602 62673 0
273 250133 250153 0
274 7918 7974 0
275 250184 250164 0
276 7940 7965 0
277 7947 7988 0
278 250199 250194 0
279 250123 250173 0
280 31351 31357 0
281 62635 62639 0
282 4020 4091 0
283 4020 4088 0
284 4033 4086 0
285 31376 31410 0
286 250128 250142 0
287 250146 250167 0
288 250128 250188 0
289 31390 31445 0
290 62610 62691 0
291 4014 4065 0
292 31362 31422 0
293 62674 62697 0
294 4027 4048 0
295 250105 250149 0
296 31353 31434 0
297 4013 4036 0
298 62681 62681 0
299 4070 4092 0
300 250163 250137 0
301 250151 250166 0
302 4048 4089 0
303 250155 250156 0
304 4034 4094 0
305 250106 250162 0
306 4007 4051 0
307 31385 31423 0
308 250125 250148 0
309 250180 250164 0
310 4018 4067 0
311 250130 250145 0
312 4034 4071 0
313 4060 4089 0
314 31353 31432 0
315 250129 250162 0
316 250101 250150 0
317 250158 250154 0
318 250154 250192 0
319 2111 2146 0
320 500125 500109 0
321 2081 2103 0
322 500139 500141 0
323 2061 2085 0
324 31391 31441 0
325 2065 2112 0
326 2062 2092 0
327 62608 62614 0
328 2077 2096 0
329 2077 2102 0
330 500170 500152 0
331 2056 2131 0
332 2085 2141 0
333 500127 500173 0
334 500136 500135 0
335 500168 500131 0
336 2062 2101 0
337 500141 500181 0
338 500184 500184 0
339 2055 2112 0
340 500192 500154 0
341 500192 500165 0
342 2077 2130 0
343 500162 500165 0
344 500123 500164 0
345 2071 2153 0
346 62620 62635 0
347 500127 500148 0
348 2072 2133 0
349 2059 2111 0
350 500143 500106 0
351 500155 500198 0
352 500199 500164 0
353 500165 500151 0
354 2086 2141 0
355 2054 2123 0
356 500197 500178 0
357 500147 500163 0
358 62622 62639 0
359 500150 500145 0
360 29 64 0
361 12 36 0
362 500109 500148 0
363 500147 500112 0
364 500188 500130 0
365 500168 500170 0
366 16 50 0
367 7 90 0
368 22 82 0
369 500150 500107 0
370 500151 500123 0
371 500119 500105 0
372 45 68 0
373 62620 62641 0
374 500104 500179 0
375 62654 62683 0
376 500132 500146 0
377 500159 500122 0
378 500101 500147 0
379 500126 500113 0
380 45 85 0
381 35 56 0
382 500140 500164 0
383 62678 62681 0
384 62612 62645 0
385 38 99 0
386 62624 62633 0
387 500119 500160 0
388 37 66 0
389 67 90 0
390 500170 500173 0
391 62615 62632 0
392 36 86 0
393 2 23 0
394 500183 500141 0
395 500174 500167 0
396 62657 62700 0
397 500125 500131 0
398 62610 62667 0
399 62671 62699 0
--------------
1000000 :c
1003783 :sum(p)
999998 :sum(w)
