400 :n
id p,w,x
--------------
0 15798 15729 1
1 15803 15753 1
2 74 27 1
3 82 70 1
4 59 16 1
5 95 84 1
6 95 86 1
7 85 7 1
8 49 27 1
9 32 24 1
10 85 66 1
11 69 46 1
12 77 38 1
13 87 59 1
14 87 61 1
15 62 15 1
16 100 37 1
17 76 22 1
18 80 2 1
19 15820 15795 1
20 15782 15751 1
21 47 16 1
22 62 27 1
23 2151 2055 1
24 2127 2111 1
25 2113 2076 1
26 2140 2081 1
27 2112 2063 1
28 2144 2060 1
29 2095 2087 1
30 2113 2102 1
31 2130 2104 1
32 2137 2076 1
33 2147 2063 1
34 2102 2073 1
35 15805 15777 1
36 7940 7914 1
37 7959 7936 1
38 2124 2059 1
39 2118 2085 1
40 2147 2080 1
41 31447 31351 1
42 4036 4019 1
43 4039 4023 1
44 4039 4011 1
45 31444 31394 1
46 4063 4048 1
47 4043 4009 1
48 4038 4021 1
49 4048 4009 1
50 4034 4014 1
51 4045 4024 1
52 4029 4007 1
53 4095 4029 1
54 4102 4063 1
55 4058 4017 1
56 4106 4060 1
57 4066 4008 1
58 4078 4038 1
59 31450 31388 1
60 4060 4039 1
61 4070 4013 1
62 4071 4017 1
63 7984 7936 1
64 7952 7923 1
65 7967 7921 1
66 7989 7969 1
67 15813 15758 1
68 8002 7968 1
69 8007 7955 1
70 8008 7954 1
71 7983 7923 1
72 7936 7922 1
73 7953 7919 1
74 15818 15769 1
75 15823 15778 1
76 8000 7917 1
77 7994 7973 1
78 7964 7924 1
79 7956 7916 1
80 15805 15771 1
81 8001 7934 1
82 15814 15739 1
83 8004 7949 1
84 62694 62604 1
85 80 78 1
86 70 69 1
87 2109 2104 1
88 2146 2142 1
89 4020 4014 1
90 15800 15777 1
91 15818 15796 1
92 7974 7963 1
93 31446 31409 1
94 7926 7917 1
95 7970 7961 1
96 62691 62621 1
97 62675 62606 1
98 7965 7957 0
99 31396 31365 1
100 31447 31416 1
101 2137 2135 0
102 55 48 1
103 62665 62609 1
104 2092 2086 1
105 15791 15778 0
106 62671 62620 1
107 31378 31354 0
108 62699 62663 0
109 31449 31433 0
110 500147 500178 0
111 15822 15810 1
112 4060 4057 0
113 31424 31403 0
114 62646 62605 0
115 15764 15755 0
116 62657 62622 0
117 62687 62653 0
118 31379 31363 0
119 2102 2101 0
120 31389 31375 0
121 8008 8005 1
122 15736 15731 0
123 15744 15740 0
124 15818 15815 0
125 15757 15757 0
126 15814 15815 0
127 15781 15782 0
128 15743 15744 0
129 7975 7976 0
130 15748 15750 0
131 15727 15729 0
132 15728 15735 0
133 4097 4099 0
134 4082 4084 0
135 7994 7998 0
136 7955 7965 0
137 2074 2077 0
138 4063 4069 0
139 4084 4095 0
140 4078 4089 0
141 4028 4039 0
142 2099 2105 0
143 2056 2063 0
144 4062 4076 0
145 4047 4061 0
146 4013 4027 0
147 2101 2109 0
148 2064 2073 0
149 2086 2100 0
150 2061 2077 0
151 68 70 0
152 60 62 0
153 26 32 0
154 18 23 0
155 62 81 0
156 28 43 0
157 4 13 0
158 3 22 0
159 125195 125123 0
160 125178 125106 0
161 31371 31442 0
162 31352 31398 0
163 125108 125163 0
164 125123 125191 0
165 31353 31408 0
166 125106 125104 0
167 125105 125134 0
168 31359 31358 0
169 125196 125131 0
170 31410 31436 0
171 31353 31409 0
172 31385 31440 0
173 31431 31444 0
174 31375 31423 0
175 31368 31365 0
176 31389 31386 0
177 125103 125129 0
178 31440 31446 0
179 31382 31390 0
180 31358 31448 0
181 31400 31419 0
182 31445 31445 0
183 31361 31432 0
184 31363 31416 0
185 31360 31358 0
186 31357 31431 0
187 31415 31437 0
188 125196 125126 0
189 31391 31434 0
190 31363 31446 0
191 31388 31398 0
192 125109 125124 0
193 31379 31418 0
194 31359 31424 0
195 31368 31429 0
196 125135 125147 0
197 31353 31408 0
198 31423 31425 0
199 125107 125156 0
200 15733 15795 0
201 62654 62676 0
202 62637 62647 0
203 15749 15817 0
204 125180 125133 0
205 125142 125107 0
206 15735 15759 0
207 62646 62682 0
208 15766 15822 0
209 125111 125141 0
210 15797 15819 0
211 62610 62674 0
212 125149 125157 0
213 15755 15769 0
214 125161 125196 0
215 15793 15823 0
216 125159 125110 0
217 125156 125141 0
218 62625 62669 0
219 15726 15803 0
220 125144 125150 0
221 125103 125156 0
222 62673 62667 0
223 15761 15794 0
224 15757 15817 0
225 62634 62662 0
226 15767 15791 0
227 15734 15825 0
228 125105 125116 0
229 62689 62683 0
230 125123 125118 0
231 62602 62663 0
232 15755 15821 0
233 125193 125157 0
234 125179 125122 0
235 15762 15805 0
236 62667 62659 0
237 15733 15793 0
238 125151 125160 0
239 7966 8011 0
240 125107 125157 0
241 7969 7997 0
242 7917 8010 0
243 125188 125191 0
244 7913 7970 0
245 125102 125121 0
246 7928 7952 0
247 125137 125197 0
248 7925 7962 0
249 250177 250104 0
250 125177 125120 0
251 7916 7976 0
252 7961 8012 0
253 250123 250108 0
254 250136 250186 0
255 250121 250141 0
256 250175 250125 0
257 250131 250138 0
258 62648 62647 0
259 62625 62670 0
260 7955 7985 0
261 250174 250118 0
262 7937 7951 0
263 250179 250169 0
264 250188 250130 0
265 250176 250189 0
266 7925 7966 0
267 7931 7967 0
268 250129 250126 0
269 7955 8004 0
270 250198 250164 0
271 7924 7958 0
272 250193 250143 0
273 250159 250171 0
274 250155 250139 0
275 250165 250153 0
276 250166 250112 0
277 250127 250150 0
278 62663 62660 0
279 62626 62672 0
280 250114 250107 0
281 250189 250192 0
282 4013 4077 0
283 4069 4103 0
284 4033 4104 0
285 250103 250161 0
286 62615 62621 0
287 250119 250129 0
288 4015 4063 0
289 250193 250154 0
290 250113 250196 0
291 250103 250192 0
292 250126 250117 0
293 4065 4097 0
294 4085 4104 0
295 250104 250121 0
296 250199 250143 0
297 250185 250128 0
298 250155 250151 0
299 4021 4080 0
300 4032 4091 0
301 250186 250159 0
302 250114 250176 0
303 62617 62649 0
304 250142 250160 0
305 62605 62610 0
306 250119 250180 0
307 62633 62673 0
308 250140 250190 0
309 250193 250155 0
310 62604 62696 0
311 62610 62663 0
312 4073 4090 0
313 250110 250186 0
314 62674 62683 0
315 62695 62696 0
316 250170 250174 0
317 4028 4103 0
318 250169 250155 0
319 250105 250122 0
320 500120 500106 0
321 2073 2139 0
322 2058 2118 0
323 500147 500106 0
324 500197 500107 0
325 62615 62634 0
326 2098 2152 0
327 500106 500161 0
328 2119 2153 0
329 2073 2122 0
330 62621 62663 0
331 2107 2132 0
332 500143 500103 0
333 62633 62632 0
334 125180 125115 0
335 500182 500125 0
336 500112 500117 0
337 2062 2081 0
338 500171 500180 0
339 2127 2147 0
340 2105 2140 0
341 500144 500111 0
342 500141 500190 0
343 500106 500121 0
344 500195 500111 0
345 125128 125124 0
346 500122 500200 0
347 62667 62693 0
348 2101 2128 0
349 2065 2087 0
350 500131 500155 0
351 500148 500117 0
352 500103 500197 0
353 500159 500123 0
354 62645 62691 0
355 500190 500162 0
356 2081 2118 0
357 2084 2135 0
358 125160 125124 0
359 500200 500154 0
360 62614 62605 0
361 500170 500174 0
362 125198 125199 0
363 500119 500192 0
364 26 97 0
365 63 99 0
366 125149 125177 0
367 34 66 0
368 18 92 0
369 500103 500168 0
370 56 80 0
371 500179 500197 0
372 500195 500128 0
373 500179 500163 0
374 500176 500183 0
375 500142 500102 0
376 52 76 0
377 62646 62663 0
378 62624 62652 0
379 500156 500183 0
380 500133 500133 0
381 500192 500157 0
382 500177 500175 0
383 125130 125149 0
384 62679 62656 0
385 500153 500106 0
386 71 94 0
387 500148 500111 0
388 125166 125138 0
389 500149 500164 0
390 500183 500148 0
391 500110 500132 0
392 40 88 0
393 500191 500164 0
394 50 99 0
395 500189 500159 0
396 69 98 0
397 500108 500105 0
398 125193 125148 0
399 125188 125152 0
--------------
1000000 :c
1004019 :sum(p)
1000000 :sum(w)
