400 :n
id p,w,x
--------------
0 15815 15749 1
1 31445 31356 1
2 100 27 1
3 15809 15748 1
4 15821 15750 1
5 15806 15738 1
6 80 32 1
7 7972 7913 1
8 91 17 1
9 51 9 1
10 81 20 1
11 7982 7924 1
12 7984 7931 1
13 8011 7936 1
14 4072 4018 1
15 70 16 1
16 4089 4036 1
17 4069 4008 1
18 4069 4007 1
19 2153 2084 1
20 2137 2076 1
21 2136 2072 1
22 2139 2054 1
23 2140 2073 1
24 2150 2103 1
25 42 9 1
26 51 20 1
27 46 30 1
28 84 57 1
29 88 60 1
30 60 44 1
31 84 70 1
32 78 72 1
33 58 54 1
34 2111 2071 1
35 2125 2087 1
36 56 55 0
37 2141 2103 1
38 2090 2054 1
39 2142 2109 1
40 2122 2093 1
41 2103 2075 1
42 2144 2119 1
43 2120 2099 1
44 4087 4048 1
45 2125 2105 1
46 4097 4062 1
47 4040 4010 1
48 4104 4075 1
49 2136 2121 1
50 4051 4027 1
51 2079 2067 1
52 7998 7954 1
53 7958 7915 1
54 8007 7965 1
55 4033 4012 1
56 4042 4022 1
57 4084 4065 1
58 7977 7941 1
59 7954 7919 1
60 2116 2107 1
61 7993 7961 1
62 15803 15745 1
63 7970 7941 1
64 15823 15766 1
65 15785 15729 1
66 15811 15756 1
67 15793 15743 1
68 2123 2117 0
69 15793 15749 1
70 7972 7950 1
71 31435 31354 1
72 2076 2071 0
73 8002 7983 1
74 8005 7986 1
75 15774 15738 1
76 31440 31370 1
77 4103 4094 0
78 15819 15785 1
79 31450 31385 1
80 31447 31383 1
81 4063 4055 0
82 4042 4035 0
83 7931 7918 1
84 62699 62618 1
85 62692 62602 1
86 62697 62604 1
87 32 30 1
88 4049 4043 0
89 7998 7987 1
90 31431 31391 1
91 15751 15731 0
92 15775 15755 0
93 31427 31378 1
94 62691 62605 1
95 62683 62604 1
96 62677 62601 1
97 31409 31372 0
98 62700 62692 0
99 15805 15791 0
100 7986 7985 0
101 31431 31394 0
102 7952 7943 0
103 7929 7921 0
104 62699 62634 0
105 2129 2149 0
106 15771 15756 0
107 31446 31417 0
108 62668 62611 0
109 250128 250161 0
110 62696 62628 0
111 31403 31377 0
112 15790 15777 0
113 31432 31408 0
114 125189 125101 0
115 62670 62627 0
116 62675 62635 0
117 7941 7936 0
118 62656 62617 0
119 62688 62650 0
120 31384 31365 0
121 31440 31421 0
122 15803 15794 0
123 125186 125118 0
124 31450 31434 0
125 2079 2078 0
126 31368 31357 0
127 31397 31386 0
128 31373 31363 0
129 31443 31433 0
130 31381 31372 0
131 15753 15750 0
132 15812 15809 0
133 15784 15783 0
134 7938 7938 0
135 2119 2119 0
136 4076 4076 0
137 15796 15801 0
138 15742 15749 0
139 7950 7955 0
140 7951 7958 0
141 4094 4100 0
142 4085 4091 0
143 4081 4087 0
144 7966 7981 0
145 4012 4020 0
146 7950 7966 0
147 2077 2082 0
148 2060 2065 0
149 4049 4060 0
150 4017 4031 0
151 4063 4079 0
152 4041 4058 0
153 4011 4033 0
154 2124 2141 0
155 2127 2149 0
156 82 95 0
157 62 74 0
158 73 90 0
159 72 90 0
160 76 100 0
161 34 59 0
162 9 16 0
163 15 35 0
164 250171 250119 0
165 500182 500108 0
166 500199 500105 0
167 250143 250101 0
168 250171 250130 0
169 125187 125168 0
170 31385 31379 0
171 500188 500102 0
172 62679 62666 0
173 500186 500104 0
174 250198 250149 0
175 250192 250112 0
176 125158 125105 0
177 250180 250108 0
178 125167 125112 0
179 62667 62637 0
180 250183 250116 0
181 62641 62626 0
182 125137 125116 0
183 250194 250146 0
184 250176 250122 0
185 250116 250189 0
186 31360 31368 0
187 125122 125194 0
188 31426 31444 0
189 125103 125111 0
190 31360 31368 0
191 125148 125179 0
192 125157 125193 0
193 31405 31407 0
194 31423 31429 0
195 31362 31425 0
196 31381 31443 0
197 125160 125167 0
198 125170 125186 0
199 125161 125173 0
200 15734 15754 0
201 15727 15762 0
202 15728 15800 0
203 15733 15769 0
204 15735 15795 0
205 250123 250152 0
206 125152 125154 0
207 62611 62609 0
208 15739 15772 0
209 62643 62661 0
210 250183 250158 0
211 15758 15798 0
212 125180 125175 0
213 62635 62685 0
214 125163 125149 0
215 15769 15823 0
216 125131 125123 0
217 15733 15804 0
218 15730 15819 0
219 125174 125188 0
220 15733 15822 0
221 15738 15809 0
222 125114 125136 0
223 15736 15809 0
224 125131 125118 0
225 125135 125182 0
226 250125 250126 0
227 250123 250176 0
228 15765 15802 0
229 250160 250186 0
230 15752 15790 0
231 250190 250166 0
232 15740 15825 0
233 125170 125186 0
234 125119 125134 0
235 250191 250188 0
236 250144 250167 0
237 125111 125173 0
238 15765 15815 0
239 125141 125138 0
240 250147 250171 0
241 250142 250106 0
242 250163 250194 0
243 125102 125180 0
244 31439 31438 0
245 7959 7987 0
246 7917 7939 0
247 7977 8010 0
248 62649 62669 0
249 31391 31422 0
250 125150 125195 0
251 250181 250186 0
252 125191 125192 0
253 250112 250177 0
254 7980 8005 0
255 125103 125154 0
256 7949 7998 0
257 7970 7997 0
258 7949 8001 0
259 7951 7980 0
260 62695 62688 0
261 250199 250198 0
262 250137 250173 0
263 125151 125136 0
264 7925 7991 0
265 250114 250111 0
266 250111 250154 0
267 125139 125182 0
268 7941 7979 0
269 7955 7985 0
270 125125 125131 0
271 7961 8002 0
272 250124 250190 0
273 125127 125176 0
274 7948 7987 0
275 7936 7991 0
276 62603 62655 0
277 62606 62679 0
278 7945 8010 0
279 250151 250168 0
280 4014 4073 0
281 4008 4037 0
282 250142 250179 0
283 125125 125166 0
284 31381 31393 0
285 125188 125192 0
286 4052 4095 0
287 250103 250193 0
288 125199 125189 0
289 62631 62646 0
290 250167 250192 0
291 250191 250186 0
292 4014 4062 0
293 4021 4098 0
294 125141 125163 0
295 4033 4075 0
296 125175 125160 0
297 31408 31424 0
298 125101 125175 0
299 62607 62638 0
300 31362 31393 0
301 31393 31420 0
302 4055 4092 0
303 125139 125149 0
304 31357 31408 0
305 4012 4066 0
306 250155 250168 0
307 4035 4081 0
308 4010 4083 0
309 250189 250171 0
310 62653 62670 0
311 500149 500109 0
312 4055 4087 0
313 31363 31419 0
314 500160 500168 0
315 4037 4084 0
316 4047 4100 0
317 4046 4094 0
318 62669 62688 0
319 500176 500185 0
320 500159 500165 0
321 2108 2151 0
322 500173 500139 0
323 500184 500200 0
324 31426 31424 0
325 2078 2122 0
326 500155 500177 0
327 2056 2106 0
328 500142 500136 0
329 2096 2122 0
330 500158 500186 0
331 500183 500153 0
332 250157 250198 0
333 500180 500173 0
334 500144 500105 0
335 62607 62628 0
336 2059 2131 0
337 2081 2106 0
338 2083 2143 0
339 250110 250102 0
340 500162 500117 0
341 500180 500129 0
342 62621 62622 0
343 500177 500110 0
344 62692 62693 0
345 500130 500121 0
346 2063 2107 0
347 2103 2150 0
348 2094 2135 0
349 500146 500106 0
350 500153 500116 0
351 62608 62675 0
352 250181 250196 0
353 2074 2129 0
354 500135 500151 0
355 250180 250176 0
356 500184 500194 0
357 31374 31384 0
358 2108 2145 0
359 500161 500191 0
360 62673 62695 0
361 46 88 0
362 71 99 0
363 500166 500180 0
364 45 83 0
365 5 67 0
366 500145 500110 0
367 31364 31442 0
368 20 73 0
369 31387 31428 0
370 2 41 0
371 500172 500130 0
372 500175 500155 0
373 500107 500148 0
374 57 99 0
375 500119 500154 0
376 500176 500120 0
377 500183 500119 0
378 62 91 0
379 500162 500195 0
380 500130 500130 0
381 22 57 0
382 12 77 0
383 500180 500181 0
384 33 88 0
385 500143 500124 0
386 62605 62613 0
387 62650 62688 0
388 62635 62626 0
389 14 49 0
390 500117 500184 0
391 15 47 0
392 500197 500188 0
393 6 35 0
394 500123 500114 0
395 10 99 0
396 62681 62678 0
397 62624 62670 0
398 62649 62640 0
399 62610 62649 0
--------------
1000000 :c
1003922 :sum(p)
1000000 :sum(w)
