400 :n
id p,w,x
--------------
0 31445 31360 1
1 31420 31354 1
2 83 40 1
3 67 12 1
4 33 20 1
5 36 21 1
6 42 20 1
7 81 47 1
8 73 5 1
9 31445 31389 1
10 100 91 1
11 68 15 1
12 76 30 1
13 43 20 1
14 78 9 1
15 31409 31353 1
16 85 43 1
17 50 35 1
18 48 36 1
19 31440 31380 1
20 31445 31391 1
21 75 14 1
22 31411 31361 1
23 2103 2087 1
24 2112 2059 1
25 2148 2104 1
26 2152 2131 1
27 2153 2101 1
28 2117 2077 1
29 2089 2060 1
30 2113 2095 1
31 2118 2081 1
32 2113 2077 1
33 2095 2082 1
34 2141 2099 1
35 31446 31357 1
36 2126 2085 1
37 2151 2088 1
38 2138 2070 1
39 2119 2083 1
40 4068 4030 1
41 4091 4031 1
42 4085 4020 1
43 4068 4025 1
44 31444 31367 1
45 15823 15728 1
46 4070 4034 1
47 4084 4009 1
48 4068 4055 1
49 4090 4018 1
50 4025 4008 1
51 4089 4048 1
52 4097 4027 1
53 4100 4079 1
54 15789 15728 1
55 15794 15757 1
56 8002 7921 1
57 8006 7916 1
58 8012 7989 1
59 8011 7977 1
60 8008 7916 1
61 15801 15744 1
62 7955 7938 1
63 7977 7928 1
64 7996 7919 1
65 8005 7929 1
66 15820 15746 1
67 8007 7987 1
68 7960 7918 1
69 7997 7934 1
70 7968 7950 1
71 8010 7942 1
72 15763 15726 1
73 8008 7962 1
74 7996 7972 1
75 15806 15773 1
76 15761 15735 1
77 4 1 1
78 11 10 1
79 87 83 1
80 75 72 1
81 55 53 1
82 2125 2117 1
83 4061 4049 1
84 4076 4066 1
85 4022 4013 1
86 4070 4061 1
87 7938 7925 1
88 7988 7975 1
89 8004 7991 1
90 15765 15740 1
91 31418 31369 1
92 31434 31390 1
93 15770 15748 1
94 7935 7924 0
95 7983 7972 1
96 31440 31397 1
97 15774 15753 1
98 8004 7994 1
99 4064 4059 1
100 4094 4089 0
101 15760 15742 1
102 62698 62629 1
103 82 71 1
104 62689 62601 1
105 15746 15729 0
106 62698 62631 0
107 15790 15774 0
108 15822 15811 0
109 7994 8009 0
110 500120 500172 0
111 4048 4044 1
112 31405 31374 1
113 62688 62628 0
114 62685 62632 0
115 2132 2132 1
116 31422 31396 0
117 31446 31420 0
118 15748 15735 0
119 15816 15803 0
120 7969 7963 0
121 4094 4091 0
122 15764 15755 0
123 15785 15776 0
124 7988 7984 0
125 4012 4010 0
126 4027 4027 0
127 2088 2089 0
128 4074 4078 0
129 2112 2116 0
130 2114 2120 0
131 60 62 0
132 28 31 0
133 28 33 0
134 125178 125143 0
135 500187 500116 0
136 125184 125144 0
137 62651 62640 0
138 125163 125150 0
139 62683 62672 0
140 62681 62661 0
141 500169 500103 0
142 62628 62611 0
143 125129 125102 0
144 500162 500126 0
145 250182 250132 0
146 125136 125104 0
147 62680 62672 0
148 62672 62641 0
149 500200 500142 0
150 31369 31351 0
151 500187 500112 0
152 250153 250123 0
153 62693 62666 0
154 125198 125171 0
155 125131 125117 0
156 125194 125114 0
157 250172 250103 0
158 125187 125128 0
159 250187 250151 0
160 31380 31364 0
161 125186 125137 0
162 62622 62604 0
163 31423 31405 0
164 250191 250172 0
165 15796 15791 0
166 125187 125151 0
167 250186 250152 0
168 250182 250166 0
169 250172 250148 0
170 250185 250111 0
171 250186 250127 0
172 125172 125145 0
173 31387 31371 0
174 250187 250168 0
175 125192 125126 0
176 125194 125160 0
177 250162 250141 0
178 125170 125159 0
179 31385 31362 0
180 250147 250114 0
181 250188 250162 0
182 15787 15781 0
183 500187 500143 0
184 62624 62602 0
185 15733 15730 0
186 62635 62622 0
187 125174 125155 0
188 125152 125142 0
189 62692 62646 0
190 250185 250183 0
191 125145 125137 0
192 125188 125190 0
193 31354 31353 0
194 250160 250151 0
195 500157 500153 0
196 500169 500146 0
197 250124 250117 0
198 500121 500118 0
199 62607 62608 0
200 15818 15817 0
201 250165 250169 0
202 250166 250156 0
203 500148 500150 0
204 15792 15792 0
205 62686 62686 0
206 500136 500109 0
207 62650 62651 0
208 500200 500190 0
209 250193 250187 0
210 500189 500177 0
211 250189 250174 0
212 250154 250145 0
213 500186 500157 0
214 500192 500179 0
215 500162 500135 0
216 250101 250103 0
217 500151 500158 0
218 500132 500131 0
219 250106 250104 0
220 500161 500145 0
221 500142 500130 0
222 62605 62606 0
223 125175 125172 0
224 250163 250153 0
225 250122 250119 0
226 31414 31415 0
227 250192 250197 0
228 500133 500146 0
229 62677 62679 0
230 500155 500168 0
231 125175 125178 0
232 250101 250108 0
233 250166 250176 0
234 250179 250187 0
235 31420 31421 0
236 500170 500104 0
237 62645 62619 0
238 125125 125106 0
239 500189 500154 0
240 62619 62608 0
241 62641 62609 0
242 125169 125137 0
243 7923 7950 0
244 15750 15782 0
245 15737 15749 0
246 250120 250164 0
247 250108 250199 0
248 7993 8012 0
249 15740 15780 0
250 7946 7994 0
251 7917 7929 0
252 15796 15803 0
253 15749 15783 0
254 250107 250126 0
255 125103 125109 0
256 7973 8009 0
257 7993 8010 0
258 15778 15813 0
259 7952 7982 0
260 15748 15781 0
261 7946 7947 0
262 15755 15822 0
263 15778 15810 0
264 15776 15807 0
265 7920 7965 0
266 125135 125146 0
267 7971 8003 0
268 250114 250196 0
269 7961 7998 0
270 31412 31420 0
271 7928 7964 0
272 31369 31374 0
273 31402 31429 0
274 31426 31450 0
275 7930 7992 0
276 31351 31430 0
277 7927 7940 0
278 125113 125132 0
279 250138 250188 0
280 250175 250200 0
281 4039 4045 0
282 31367 31392 0
283 250108 250152 0
284 31396 31447 0
285 31355 31379 0
286 4041 4088 0
287 125141 125184 0
288 4012 4019 0
289 250111 250145 0
290 4010 4053 0
291 31385 31414 0
292 4067 4077 0
293 4017 4081 0
294 4029 4035 0
295 4055 4064 0
296 31352 31434 0
297 31371 31449 0
298 31387 31413 0
299 4060 4086 0
300 4029 4088 0
301 4014 4054 0
302 4065 4084 0
303 125137 125157 0
304 31358 31362 0
305 31372 31376 0
306 4036 4090 0
307 4043 4078 0
308 31404 31448 0
309 31424 31434 0
310 4008 4029 0
311 31385 31423 0
312 4062 4087 0
313 62632 62682 0
314 7914 7994 0
315 62612 62639 0
316 62637 62668 0
317 4032 4100 0
318 62668 62676 0
319 2060 2099 0
320 2130 2140 0
321 500104 500193 0
322 2056 2115 0
323 2091 2141 0
324 500168 500199 0
325 62643 62648 0
326 2083 2099 0
327 15757 15779 0
328 2057 2116 0
329 2064 2142 0
330 500108 500190 0
331 62623 62698 0
332 62608 62686 0
333 62636 62664 0
334 500116 500156 0
335 2101 2134 0
336 62656 62694 0
337 2058 2081 0
338 2128 2152 0
339 500108 500137 0
340 2082 2143 0
341 62669 62695 0
342 2060 2130 0
343 2061 2134 0
344 62631 62678 0
345 2075 2100 0
346 15757 15791 0
347 62630 62652 0
348 2059 2088 0
349 62619 62669 0
350 2080 2139 0
351 62678 62686 0
352 62644 62680 0
353 2122 2129 0
354 250127 250169 0
355 2066 2129 0
356 2076 2151 0
357 500117 500142 0
358 62642 62654 0
359 500119 500160 0
360 14 74 0
361 23 99 0
362 15758 15814 0
363 31 99 0
364 24 43 0
365 1 84 0
366 500113 500185 0
367 2 12 0
368 125102 125131 0
369 125117 125158 0
370 69 79 0
371 17 43 0
372 500137 500183 0
373 20 49 0
374 500111 500179 0
375 500149 500195 0
376 500155 500187 0
377 12 38 0
378 125146 125186 0
379 125101 125197 0
380 125102 125126 0
381 42 79 0
382 125134 125165 0
383 15729 15795 0
384 125111 125191 0
385 125132 125143 0
386 250131 250153 0
387 27 61 0
388 26 73 0
389 125149 125178 0
390 41 97 0
391 125110 125154 0
392 500125 500172 0
393 500101 500171 0
394 500112 500150 0
395 43 66 0
396 125132 125162 0
397 125170 125182 0
398 15746 15747 0
399 15726 15736 0
--------------
1000000 :c
1004123 :sum(p)
999999 :sum(w)
