400 :n
id p,w,x
--------------
0 31416 31360 1
1 31433 31384 1
2 98 8 1
3 90 22 1
4 66 45 1
5 68 21 1
6 97 1 1
7 31450 31391 1
8 91 21 1
9 31449 31380 1
10 15819 15785 1
11 71 35 1
12 15815 15782 1
13 41 22 1
14 82 62 1
15 83 48 1
16 15797 15755 1
17 100 81 1
18 2145 2113 1
19 2120 2079 1
20 2115 2067 1
21 2124 2103 1
22 2098 2065 1
23 2151 2123 1
24 15761 15733 1
25 2139 2071 1
26 15819 15780 1
27 2114 2072 1
28 2093 2068 1
29 2146 2081 1
30 2147 2079 1
31 2152 2056 1
32 2151 2064 1
33 2129 2081 1
34 15804 15775 1
35 2123 2099 1
36 15797 15736 1
37 4082 4037 1
38 15818 15744 1
39 8007 7914 1
40 8010 7957 1
41 4082 4019 1
42 4099 4060 1
43 4101 4046 1
44 4031 4011 1
45 4058 4020 1
46 4072 4052 1
47 4068 4037 1
48 4062 4042 1
49 4099 4031 1
50 4052 4013 1
51 7993 7931 1
52 4046 4020 1
53 4101 4047 1
54 7995 7970 1
55 7981 7944 1
56 7982 7924 1
57 7987 7964 1
58 7969 7946 1
59 8012 7982 1
60 8010 7958 1
61 7998 7946 1
62 7970 7915 1
63 7971 7933 1
64 7998 7949 1
65 23 10 1
66 50 39 1
67 69 60 1
68 39 36 1
69 42 40 1
70 2073 2062 1
71 4048 4030 1
72 4099 4084 1
73 4036 4023 1
74 4050 4037 1
75 4059 4048 1
76 8011 7991 1
77 7946 7929 1
78 2109 2105 1
79 2118 2114 1
80 7948 7933 1
81 15791 15767 1
82 7938 7926 1
83 4058 4052 0
84 31423 31383 1
85 31424 31384 1
86 62680 62602 1
87 31400 31361 1
88 31426 31387 1
89 7926 7917 1
90 62697 62628 1
91 15803 15786 1
92 31424 31392 1
93 15810 15794 1
94 7926 7918 1
95 15809 15794 1
96 31415 31386 0
97 44 26 1
98 31397 31351 1
99 31443 31415 1
100 62668 62618 1
101 125197 125100 0
102 62700 62652 0
103 31436 31426 0
104 500185 500135 0
105 15785 15773 0
106 15787 15775 0
107 62691 62644 0
108 15772 15762 0
109 15820 15810 0
110 4066 4070 0
111 8009 8004 1
112 125177 125104 0
113 15746 15737 0
114 62668 62634 0
115 31414 31398 0
116 2133 2132 0
117 15790 15783 0
118 31396 31386 0
119 7919 7917 0
120 7952 7951 0
121 15810 15809 0
122 15728 15728 0
123 87 87 1
124 7943 7943 0
125 8006 8006 0
126 8002 8003 0
127 7951 7952 0
128 7937 7938 0
129 7998 8005 0
130 4036 4040 0
131 7962 7970 0
132 4029 4037 0
133 4018 4028 0
134 4043 4054 0
135 2137 2145 0
136 2081 2089 0
137 2093 2102 0
138 2063 2075 0
139 2072 2085 0
140 58 59 1
141 76 79 0
142 81 89 0
143 22 25 0
144 22 27 0
145 55 68 0
146 8 10 0
147 49 63 0
148 10 15 0
149 19 29 0
150 6 20 0
151 125194 125146 0
152 31419 31414 0
153 125160 125140 0
154 125176 125157 0
155 250183 250151 0
156 62694 62670 0
157 125184 125138 0
158 250198 250132 0
159 62639 62630 0
160 250198 250152 0
161 62662 62653 0
162 250200 250160 0
163 500167 500103 0
164 62677 62648 0
165 62693 62669 0
166 62679 62656 0
167 125187 125148 0
168 62648 62619 0
169 250160 250105 0
170 250189 250137 0
171 250174 250143 0
172 125129 125111 0
173 125178 125136 0
174 125131 125110 0
175 125181 125162 0
176 62611 62655 0
177 125169 125166 0
178 31370 31448 0
179 62605 62674 0
180 62603 62616 0
181 62680 62690 0
182 31354 31389 0
183 62611 62677 0
184 31356 31428 0
185 31406 31424 0
186 31433 31439 0
187 62603 62625 0
188 31427 31427 0
189 31363 31419 0
190 62630 62673 0
191 125109 125168 0
192 31402 31424 0
193 125191 125192 0
194 125114 125138 0
195 31399 31408 0
196 31364 31372 0
197 31365 31370 0
198 31391 31434 0
199 250161 250172 0
200 125126 125132 0
201 15756 15787 0
202 15798 15821 0
203 125106 125141 0
204 125167 125176 0
205 250109 250104 0
206 125176 125170 0
207 125101 125184 0
208 15784 15791 0
209 15783 15798 0
210 15772 15793 0
211 250148 250186 0
212 15759 15812 0
213 15737 15752 0
214 31383 31426 0
215 15780 15812 0
216 15742 15784 0
217 125112 125159 0
218 15750 15771 0
219 250123 250173 0
220 125120 125182 0
221 250165 250144 0
222 15730 15735 0
223 15735 15796 0
224 15728 15734 0
225 250128 250170 0
226 15739 15768 0
227 15736 15806 0
228 15762 15778 0
229 15764 15789 0
230 125163 125151 0
231 125148 125135 0
232 125100 125120 0
233 15773 15785 0
234 250136 250139 0
235 15752 15785 0
236 15729 15755 0
237 31386 31412 0
238 250127 250187 0
239 250126 250151 0
240 125106 125166 0
241 7959 7989 0
242 62614 62652 0
243 31379 31435 0
244 250176 250147 0
245 125102 125101 0
246 250126 250120 0
247 7953 7971 0
248 7961 7971 0
249 31387 31431 0
250 7991 8001 0
251 250134 250169 0
252 31403 31417 0
253 7943 7991 0
254 250124 250154 0
255 250160 250165 0
256 250124 250133 0
257 31420 31442 0
258 7926 7952 0
259 31371 31435 0
260 125118 125126 0
261 125127 125161 0
262 250158 250177 0
263 250175 250161 0
264 250140 250189 0
265 250187 250172 0
266 250166 250191 0
267 125149 125196 0
268 62647 62690 0
269 7922 7998 0
270 7925 7956 0
271 125118 125112 0
272 7923 7984 0
273 250136 250111 0
274 250163 250174 0
275 250139 250178 0
276 250189 250164 0
277 125129 125145 0
278 7963 7979 0
279 250127 250160 0
280 62654 62676 0
281 125116 125181 0
282 250157 250136 0
283 4015 4079 0
284 125131 125192 0
285 4007 4086 0
286 250195 250196 0
287 125146 125196 0
288 125121 125157 0
289 250151 250194 0
290 250150 250198 0
291 250124 250106 0
292 4051 4081 0
293 250169 250174 0
294 4039 4092 0
295 4047 4066 0
296 4045 4059 0
297 31352 31448 0
298 125107 125150 0
299 250111 250120 0
300 31417 31441 0
301 250159 250174 0
302 4052 4091 0
303 500165 500182 0
304 500198 500176 0
305 4021 4097 0
306 4057 4085 0
307 500153 500132 0
308 4036 4083 0
309 4044 4095 0
310 4019 4079 0
311 4016 4048 0
312 31370 31370 0
313 500189 500182 0
314 4047 4102 0
315 500179 500184 0
316 4026 4085 0
317 4046 4074 0
318 62633 62696 0
319 2103 2120 0
320 500135 500124 0
321 500105 500195 0
322 500132 500184 0
323 2088 2106 0
324 500134 500132 0
325 2059 2112 0
326 2085 2112 0
327 500114 500113 0
328 500114 500142 0
329 2072 2096 0
330 2055 2149 0
331 500139 500162 0
332 500134 500182 0
333 2104 2126 0
334 2098 2115 0
335 31355 31427 0
336 500127 500177 0
337 2108 2123 0
338 2068 2139 0
339 2103 2124 0
340 500137 500158 0
341 2075 2132 0
342 2055 2099 0
343 62658 62669 0
344 125112 125183 0
345 500126 500141 0
346 500114 500138 0
347 500108 500178 0
348 500177 500129 0
349 500128 500197 0
350 2121 2148 0
351 2076 2147 0
352 2091 2145 0
353 500105 500184 0
354 31362 31422 0
355 125139 125134 0
356 62614 62644 0
357 500172 500199 0
358 500119 500162 0
359 500145 500163 0
360 62642 62682 0
361 500126 500191 0
362 500193 500184 0
363 62613 62692 0
364 62637 62697 0
365 1 21 0
366 500158 500169 0
367 500169 500118 0
368 500173 500130 0
369 27 52 0
370 500199 500179 0
371 500168 500139 0
372 62659 62691 0
373 500140 500105 0
374 62689 62688 0
375 62621 62666 0
376 25 66 0
377 50 66 0
378 62623 62664 0
379 26 61 0
380 62635 62638 0
381 62622 62640 0
382 500124 500195 0
383 62604 62689 0
384 62639 62634 0
385 30 46 0
386 30 76 0
387 500200 500148 0
388 62624 62645 0
389 26 97 0
390 8 66 0
391 500149 500188 0
392 500154 500169 0
393 500196 500154 0
394 500190 500135 0
395 125102 125125 0
396 20 95 0
397 23 82 0
398 62654 62685 0
399 62620 62623 0
--------------
1000000 :c
1003751 :sum(p)
1000000 :sum(w)
