400 :n
id p,w,x
--------------
0 7978 7913 1
1 15800 15733 1
2 35 6 1
3 94 9 1
4 7967 7930 1
5 83 45 1
6 68 18 1
7 15801 15750 1
8 7986 7929 1
9 66 53 1
10 45 17 1
11 76 50 1
12 31429 31353 1
13 89 31 1
14 95 14 1
15 77 24 1
16 31434 31371 1
17 80 58 1
18 69 22 1
19 95 73 1
20 2142 2069 1
21 15818 15778 1
22 2081 2063 1
23 15776 15738 1
24 15776 15728 1
25 7983 7926 1
26 2098 2064 1
27 2112 2057 1
28 15787 15751 1
29 8005 7949 1
30 2120 2086 1
31 2098 2083 1
32 2121 2071 1
33 2092 2054 1
34 15810 15727 1
35 2099 2058 1
36 2086 2059 1
37 7989 7924 1
38 8001 7916 1
39 2144 2068 1
40 4098 4034 1
41 31434 31369 1
42 4097 4049 1
43 15767 15730 1
44 4078 4029 1
45 15800 15744 1
46 4088 4066 1
47 4036 4008 1
48 7962 7927 1
49 7996 7948 1
50 4082 4037 1
51 31441 31374 1
52 4095 4066 1
53 4067 4017 1
54 4106 4074 1
55 7999 7941 1
56 4093 4028 1
57 8003 7977 1
58 8012 7978 1
59 7950 7925 1
60 4092 4013 1
61 4072 4016 1
62 4099 4041 1
63 7960 7930 1
64 31443 31362 1
65 4103 4072 1
66 7956 7918 1
67 7956 7926 1
68 23 12 1
69 19 10 1
70 90 79 1
71 2082 2070 1
72 2133 2126 1
73 4028 4015 1
74 2105 2099 1
75 4103 4093 1
76 8010 7991 1
77 2127 2122 1
78 4063 4054 1
79 7984 7968 1
80 15764 15733 1
81 15812 15781 1
82 2071 2067 1
83 2135 2131 1
84 15789 15760 1
85 15791 15762 1
86 7938 7924 1
87 7963 7950 1
88 31420 31370 1
89 31436 31386 1
90 7933 7921 1
91 7951 7939 1
92 4048 4042 1
93 2114 2111 0
94 62696 62611 1
95 15749 15729 1
96 15765 15746 1
97 4069 4043 1
98 62696 62611 1
99 31402 31352 1
100 62696 62614 1
101 62695 62624 0
102 31407 31374 1
103 62700 62643 0
104 31442 31448 0
105 32 72 0
106 4098 4094 0
107 2069 2067 0
108 15742 15727 0
109 2146 2144 1
110 31435 31406 0
111 7932 7925 0
112 7955 7948 0
113 62667 62615 0
114 31411 31386 0
115 15754 15743 0
116 15769 15758 0
117 15791 15780 0
118 15746 15738 0
119 4026 4024 0
120 15812 15805 0
121 7966 7963 0
122 7916 7915 0
123 2116 2116 1
124 2088 2088 1
125 4043 4043 0
126 2095 2095 0
127 7949 7950 0
128 7923 7924 0
129 4041 4045 0
130 4011 4015 0
131 4083 4089 0
132 2099 2104 0
133 94 95 0
134 92 99 0
135 52 61 0
136 14 17 0
137 6 10 0
138 500179 500109 0
139 125170 125131 0
140 31389 31382 0
141 250162 250123 0
142 31401 31388 0
143 62635 62618 0
144 62692 62657 0
145 31392 31387 0
146 125182 125146 0
147 250159 250105 0
148 125194 125127 0
149 250181 250137 0
150 250173 250119 0
151 62660 62640 0
152 250153 250112 0
153 31401 31389 0
154 62640 62605 0
155 62675 62659 0
156 31392 31373 0
157 250191 250143 0
158 62693 62672 0
159 250189 250136 0
160 500187 500104 0
161 500187 500105 0
162 125160 125111 0
163 15801 15798 0
164 125184 125118 0
165 125195 125153 0
166 125134 125100 0
167 125177 125130 0
168 125193 125149 0
169 62654 62645 0
170 125147 125103 0
171 125189 125166 0
172 62675 62637 0
173 125179 125155 0
174 125199 125167 0
175 125172 125137 0
176 125182 125154 0
177 62671 62648 0
178 125182 125135 0
179 62683 62649 0
180 62647 62632 0
181 62685 62658 0
182 31384 31440 0
183 62673 62673 0
184 62654 62684 0
185 62637 62690 0
186 62610 62607 0
187 31371 31439 0
188 62610 62665 0
189 31420 31422 0
190 62672 62686 0
191 62648 62678 0
192 62646 62693 0
193 31385 31394 0
194 62666 62694 0
195 31361 31390 0
196 31369 31384 0
197 62611 62644 0
198 31376 31439 0
199 62676 62681 0
200 15803 15816 0
201 62613 62642 0
202 62668 62661 0
203 62606 62624 0
204 15773 15776 0
205 62684 62682 0
206 62617 62645 0
207 62633 62675 0
208 15753 15785 0
209 15737 15748 0
210 15745 15757 0
211 62653 62654 0
212 62654 62656 0
213 62629 62675 0
214 15773 15796 0
215 125112 125126 0
216 15743 15805 0
217 125140 125131 0
218 125159 125164 0
219 15744 15796 0
220 125136 125178 0
221 125101 125125 0
222 125152 125170 0
223 15746 15813 0
224 15775 15779 0
225 15737 15739 0
226 125172 125191 0
227 15795 15801 0
228 15735 15810 0
229 15793 15797 0
230 125188 125187 0
231 125137 125160 0
232 125135 125150 0
233 125116 125165 0
234 15771 15778 0
235 15737 15813 0
236 15777 15801 0
237 15743 15763 0
238 125125 125124 0
239 7936 7984 0
240 7921 7983 0
241 7922 7942 0
242 7956 7998 0
243 7914 7953 0
244 62627 62694 0
245 7936 7968 0
246 125163 125158 0
247 125145 125172 0
248 62601 62690 0
249 125143 125139 0
250 7965 7978 0
251 125100 125135 0
252 125129 125172 0
253 7972 7978 0
254 125155 125147 0
255 125104 125152 0
256 125182 125183 0
257 125139 125157 0
258 125123 125160 0
259 125130 125166 0
260 125146 125188 0
261 250151 250169 0
262 250125 250131 0
263 7936 7959 0
264 250156 250152 0
265 250118 250183 0
266 250134 250163 0
267 31356 31358 0
268 7952 7973 0
269 250188 250171 0
270 250144 250198 0
271 7927 7979 0
272 7943 7986 0
273 250169 250167 0
274 250126 250144 0
275 250176 250195 0
276 250147 250113 0
277 250166 250148 0
278 250121 250109 0
279 250171 250151 0
280 250108 250152 0
281 250150 250120 0
282 4025 4099 0
283 250125 250194 0
284 250150 250117 0
285 250156 250144 0
286 250174 250157 0
287 31377 31411 0
288 250101 250164 0
289 4071 4092 0
290 250170 250146 0
291 250187 250200 0
292 250140 250132 0
293 250124 250119 0
294 4053 4078 0
295 250108 250128 0
296 31391 31427 0
297 250135 250180 0
298 4014 4062 0
299 4074 4082 0
300 4014 4024 0
301 250112 250161 0
302 4068 4093 0
303 250120 250129 0
304 250102 250156 0
305 4038 4061 0
306 31379 31417 0
307 4065 4074 0
308 250138 250114 0
309 4039 4061 0
310 250132 250113 0
311 4031 4099 0
312 4043 4053 0
313 250132 250176 0
314 4071 4104 0
315 4050 4091 0
316 500104 500161 0
317 31423 31423 0
318 4053 4076 0
319 2089 2111 0
320 500126 500157 0
321 500115 500186 0
322 2097 2140 0
323 31369 31375 0
324 500106 500163 0
325 500195 500171 0
326 500105 500200 0
327 500130 500103 0
328 500116 500144 0
329 2075 2144 0
330 2086 2153 0
331 2080 2103 0
332 500138 500115 0
333 2083 2127 0
334 500167 500171 0
335 2119 2139 0
336 2135 2146 0
337 2081 2148 0
338 500128 500195 0
339 31432 31431 0
340 500125 500200 0
341 500124 500169 0
342 500143 500174 0
343 31358 31383 0
344 500166 500107 0
345 500144 500133 0
346 2068 2081 0
347 31377 31396 0
348 2096 2115 0
349 2079 2093 0
350 500177 500116 0
351 2061 2088 0
352 2070 2102 0
353 2076 2109 0
354 500169 500115 0
355 500195 500186 0
356 500151 500116 0
357 500152 500101 0
358 2109 2121 0
359 500132 500103 0
360 17 74 0
361 24 99 0
362 31370 31435 0
363 14 33 0
364 11 41 0
365 84 97 0
366 4 39 0
367 25 98 0
368 4 92 0
369 500198 500176 0
370 500140 500114 0
371 31385 31393 0
372 14 41 0
373 500168 500171 0
374 500196 500154 0
375 31365 31429 0
376 500123 500181 0
377 23 91 0
378 10 91 0
379 61 87 0
380 500131 500174 0
381 46 90 0
382 500169 500136 0
383 500116 500101 0
384 500141 500137 0
385 500105 500125 0
386 26 59 0
387 31366 31390 0
388 6 33 0
389 8 71 0
390 500181 500195 0
391 500132 500156 0
392 500125 500122 0
393 38 88 0
394 500132 500143 0
395 17 70 0
396 31417 31436 0
397 500117 500189 0
398 31424 31424 0
399 31365 31444 0
--------------
1000000 :c
1004038 :sum(p)
1000000 :sum(w)
