400 :n
id p,w,x
--------------
0 15807 15735 1
1 15816 15743 1
2 2135 2058 1
3 89 47 1
4 2130 2086 1
5 15812 15749 1
6 7990 7922 1
7 4078 4023 1
8 7981 7924 1
9 4092 4008 1
10 2144 2093 1
11 4097 4034 1
12 2118 2074 1
13 4090 4027 1
14 4101 4032 1
15 2143 2083 1
16 8010 7916 1
17 7987 7918 1
18 2133 2083 1
19 8005 7933 1
20 2100 2055 1
21 95 9 1
22 56 10 1
23 7978 7927 1
24 87 5 1
25 63 15 1
26 4095 4045 1
27 2134 2082 1
28 15801 15729 1
29 60 14 1
30 2133 2069 1
31 2117 2055 1
32 4087 4043 1
33 35 1 1
34 30 1 1
35 64 29 1
36 31 18 1
37 94 59 1
38 56 36 1
39 75 63 1
40 51 44 1
41 74 64 1
42 15 13 1
43 76 67 1
44 87 77 1
45 97 91 1
46 65 62 1
47 2094 2055 1
48 2137 2098 1
49 2119 2081 1
50 2133 2096 1
51 2090 2056 1
52 2132 2104 1
53 2093 2067 1
54 4083 4041 1
55 4096 4055 1
56 4061 4029 1
57 4059 4030 1
58 4082 4053 1
59 4067 4040 1
60 7979 7931 1
61 7992 7944 1
62 8009 7965 1
63 8012 7970 1
64 4061 4041 1
65 4041 4023 1
66 2089 2080 1
67 4088 4071 1
68 2123 2115 1
69 4076 4062 1
70 7942 7916 1
71 15795 15744 1
72 15809 15758 1
73 7951 7927 1
74 2063 2057 1
75 7946 7923 1
76 7983 7961 1
77 4076 4065 1
78 8005 7984 1
79 31443 31366 1
80 4101 4091 1
81 7941 7922 1
82 15765 15729 1
83 31437 31367 1
84 15771 15737 1
85 15806 15772 1
86 31433 31368 1
87 31443 31387 1
88 7948 7934 1
89 7970 7956 1
90 31427 31375 1
91 31434 31382 1
92 7943 7931 1
93 31409 31367 1
94 62685 62602 1
95 31419 31378 1
96 31442 31401 1
97 15805 15735 1
98 4017 4012 1
99 62689 62608 1
100 62682 62602 1
101 31401 31363 1
102 31416 31378 1
103 62687 62612 0
104 15811 15793 1
105 62700 62654 0
106 31447 31447 0
107 7975 7967 0
108 15750 15734 1
109 31 90 0
110 62693 62631 0
111 62669 62615 0
112 31414 31387 0
113 31418 31393 0
114 31381 31357 0
115 15757 15746 0
116 31422 31401 0
117 15817 15807 0
118 7924 7919 0
119 2086 2085 1
120 62629 62601 0
121 15780 15773 0
122 31432 31420 0
123 31432 31421 0
124 31394 31384 0
125 31444 31435 0
126 15751 15747 0
127 31367 31361 0
128 31369 31363 0
129 31377 31373 0
130 31399 31395 0
131 15766 15765 0
132 15753 15753 0
133 7998 7998 0
134 15816 15817 0
135 15763 15770 0
136 4020 4022 0
137 7950 7954 0
138 15728 15736 0
139 15769 15778 0
140 15744 15754 0
141 15772 15783 0
142 15811 15823 0
143 15738 15750 0
144 4078 4082 0
145 7982 7993 0
146 2142 2145 0
147 2103 2106 1
148 4069 4075 0
149 4067 4073 0
150 4076 4083 0
151 7979 7993 0
152 7942 7957 0
153 7940 7955 0
154 2115 2119 0
155 7926 7941 0
156 2095 2099 0
157 7933 7949 0
158 7954 7971 0
159 7971 7989 0
160 7973 7993 0
161 4079 4090 0
162 4023 4039 0
163 4030 4047 0
164 4035 4053 0
165 2112 2123 0
166 4064 4086 0
167 2073 2085 0
168 4028 4053 0
169 4012 4037 0
170 2116 2130 0
171 4053 4080 0
172 2107 2123 0
173 2128 2146 0
174 2063 2082 0
175 44 47 0
176 28 34 0
177 79 96 0
178 75 99 0
179 34 45 0
180 23 34 0
181 35 55 0
182 13 21 0
183 43 72 0
184 18 33 0
185 27 51 0
186 8 20 0
187 4 23 0
188 125161 125151 0
189 125125 125123 0
190 250127 250101 0
191 125158 125150 0
192 500139 500106 0
193 250182 250102 0
194 125150 125108 0
195 250198 250127 0
196 500186 500127 0
197 125162 125154 0
198 62692 62683 0
199 500114 500110 0
200 250184 250161 0
201 250193 250178 0
202 62646 62625 0
203 250178 250160 0
204 250178 250147 0
205 125174 125100 0
206 125173 125110 0
207 62697 62700 0
208 62631 62650 0
209 62658 62685 0
210 62636 62663 0
211 62685 62698 0
212 62629 62642 0
213 62682 62698 0
214 62634 62651 0
215 62652 62679 0
216 62641 62656 0
217 62610 62618 0
218 62632 62632 0
219 62620 62620 0
220 62663 62686 0
221 125134 125175 0
222 125127 125144 0
223 125164 125175 0
224 125134 125145 0
225 125161 125178 0
226 125130 125170 0
227 125146 125150 0
228 125133 125187 0
229 125122 125150 0
230 125162 125173 0
231 125101 125140 0
232 125118 125138 0
233 125189 125189 0
234 125147 125159 0
235 250104 250127 0
236 250108 250191 0
237 250123 250182 0
238 250139 250193 0
239 250119 250149 0
240 250129 250163 0
241 250119 250160 0
242 250108 250149 0
243 250180 250186 0
244 250103 250138 0
245 250114 250138 0
246 250111 250198 0
247 250126 250170 0
248 250149 250160 0
249 250143 250199 0
250 250131 250147 0
251 250113 250176 0
252 250127 250167 0
253 250110 250131 0
254 250164 250180 0
255 250158 250199 0
256 250124 250134 0
257 500142 500198 0
258 500155 500158 0
259 500144 500171 0
260 500140 500196 0
261 500124 500160 0
262 500117 500117 0
263 500185 500193 0
264 500110 500140 0
265 500104 500192 0
266 500118 500194 0
267 500126 500135 0
268 500181 500192 0
269 500154 500169 0
270 500108 500158 0
271 500106 500191 0
272 500107 500140 0
273 500162 500196 0
274 500166 500187 0
275 31432 31436 0
276 31377 31383 0
277 125193 125166 0
278 250117 250108 0
279 250136 250120 0
280 125127 125125 0
281 250132 250111 0
282 125197 125160 0
283 62690 62666 0
284 62623 62608 0
285 250200 250123 0
286 500157 500108 0
287 500189 500128 0
288 62699 62682 0
289 500142 500139 0
290 62626 62611 0
291 125170 125129 0
292 125179 125129 0
293 62696 62692 0
294 250169 250126 0
295 500176 500141 0
296 500195 500134 0
297 250151 250139 0
298 500154 500126 0
299 500196 500170 0
300 500192 500120 0
301 250177 250148 0
302 500163 500139 0
303 500124 500106 0
304 500186 500114 0
305 62651 62646 0
306 62695 62676 0
307 500120 500112 0
308 250178 250158 0
309 125141 125111 0
310 500176 500143 0
311 125153 125122 0
312 62655 62653 0
313 125171 125160 0
314 500125 500116 0
315 250129 250113 0
316 500198 500149 0
317 250144 250115 0
318 125175 125126 0
319 125142 125114 0
320 125148 125112 0
321 125148 125140 0
322 500177 500119 0
323 250190 250175 0
324 500152 500115 0
325 500162 500108 0
326 125145 125116 0
327 125176 125172 0
328 125198 125168 0
329 500167 500121 0
330 15771 15807 0
331 15745 15766 0
332 15731 15751 0
333 2074 2113 0
334 15731 15797 0
335 15734 15810 0
336 15766 15815 0
337 2058 2117 0
338 15733 15796 0
339 15801 15821 0
340 15766 15822 0
341 2069 2124 0
342 2055 2136 0
343 15771 15809 0
344 2076 2108 0
345 2092 2131 0
346 31423 31442 0
347 31367 31423 0
348 31374 31388 0
349 31395 31418 0
350 2108 2147 0
351 2089 2139 0
352 2076 2134 0
353 15741 15791 0
354 4009 4048 0
355 31368 31413 0
356 15728 15798 0
357 31387 31405 0
358 15747 15777 0
359 31417 31432 0
360 15730 15752 0
361 22 100 0
362 31358 31424 0
363 31366 31412 0
364 4045 4089 0
365 7925 7955 0
366 31389 31426 0
367 7948 7976 0
368 31397 31413 0
369 7927 7977 0
370 31361 31450 0
371 31375 31406 0
372 4014 4077 0
373 4015 4083 0
374 31374 31447 0
375 36 75 0
376 7923 8000 0
377 4022 4105 0
378 62612 62650 0
379 62661 62690 0
380 62613 62656 0
381 24 88 0
382 62612 62661 0
383 62622 62688 0
384 29 69 0
385 7941 7983 0
386 4063 4099 0
387 62642 62693 0
388 62638 62676 0
389 62634 62693 0
390 125104 125176 0
391 4026 4092 0
392 125129 125186 0
393 28 82 0
394 11 66 0
395 125109 125195 0
396 125101 125180 0
397 7971 8007 0
398 7952 7978 0
399 7920 7969 0
--------------
1000000 :c
1004277 :sum(p)
999994 :sum(w)
