400 :n
id p,w,x
--------------
0 15772 15732 1
1 31435 31354 1
2 26 12 1
3 71 28 1
4 96 64 1
5 94 45 1
6 83 64 1
7 66 25 1
8 92 66 1
9 74 58 1
10 38 7 1
11 100 72 1
12 75 28 1
13 92 33 1
14 75 32 1
15 71 54 1
16 15805 15751 1
17 48 18 1
18 56 3 1
19 2135 2079 1
20 2128 2056 1
21 2132 2071 1
22 2149 2063 1
23 2110 2078 1
24 2098 2060 1
25 2151 2114 1
26 2093 2074 1
27 15794 15741 1
28 2145 2081 1
29 2098 2089 1
30 2077 2064 1
31 2108 2087 1
32 2087 2078 1
33 2124 2068 1
34 2080 2068 1
35 2108 2086 1
36 2153 2119 1
37 4102 4027 1
38 4077 4062 1
39 4078 4014 1
40 4078 4015 1
41 4031 4008 1
42 4058 4031 1
43 4037 4016 1
44 4095 4056 1
45 4047 4022 1
46 4054 4011 1
47 4084 4068 1
48 4092 4010 1
49 4098 4056 1
50 4092 4073 1
51 4104 4028 1
52 4089 4044 1
53 8009 7988 1
54 8007 7974 1
55 8001 7962 1
56 7975 7915 1
57 7991 7945 1
58 8006 7976 1
59 7962 7928 1
60 7981 7959 1
61 7957 7925 1
62 7947 7923 1
63 8012 7945 1
64 7953 7931 1
65 7962 7937 1
66 7981 7916 1
67 7983 7944 1
68 8012 7919 1
69 8010 7953 1
70 7977 7943 1
71 15801 15733 1
72 15813 15733 1
73 15816 15726 1
74 15808 15751 1
75 36 32 1
76 2071 2065 1
77 7968 7948 1
78 4046 4036 1
79 8007 7988 1
80 15781 15748 1
81 15794 15762 1
82 15805 15774 1
83 31431 31370 1
84 7979 7964 1
85 15779 15751 1
86 31410 31360 1
87 15807 15782 1
88 31417 31369 1
89 31429 31383 1
90 2129 2126 0
91 31437 31395 1
92 31450 31408 1
93 31431 31390 1
94 31396 31357 1
95 31428 31390 1
96 15780 15761 1
97 15811 15792 1
98 31447 31411 1
99 31427 31392 0
100 15745 15728 0
101 23 14 1
102 62699 62619 1
103 31428 31385 1
104 62689 62622 0
105 62666 62602 1
106 31442 31432 0
107 15808 15800 0
108 15793 15802 0
109 31386 31354 0
110 31392 31361 0
111 62690 62632 0
112 62662 62605 0
113 31401 31373 0
114 15794 15780 0
115 7975 7968 0
116 2123 2123 0
117 62699 62647 0
118 31387 31363 0
119 31402 31378 0
120 7961 7955 0
121 4032 4029 0
122 4070 4067 1
123 15773 15762 0
124 125190 125110 0
125 31393 31373 0
126 7924 7919 0
127 7948 7943 0
128 88 88 1
129 2149 2150 0
130 125186 125139 0
131 125179 125126 0
132 125153 125102 0
133 62665 62630 0
134 31374 31360 0
135 125144 125100 0
136 31386 31371 0
137 125197 125127 0
138 15759 15752 0
139 62697 62668 0
140 125170 125121 0
141 62630 62609 0
142 62655 62632 0
143 125197 125141 0
144 125169 125100 0
145 125175 125103 0
146 125161 125110 0
147 31398 31385 0
148 15747 15741 0
149 125198 125127 0
150 125164 125117 0
151 500160 500145 0
152 250158 250140 0
153 62696 62691 0
154 250171 250124 0
155 62613 62611 0
156 250164 250130 0
157 250178 250135 0
158 62648 62631 0
159 250176 250174 0
160 500116 500104 0
161 500144 500130 0
162 500137 500123 0
163 500157 500147 0
164 500184 500141 0
165 500180 500176 0
166 62677 62661 0
167 250158 250161 0
168 500144 500134 0
169 500194 500181 0
170 500139 500111 0
171 250157 250130 0
172 62663 62648 0
173 500181 500168 0
174 31407 31403 0
175 250111 250104 0
176 250155 250131 0
177 500165 500110 0
178 125167 125157 0
179 250199 250174 0
180 500124 500105 0
181 125112 125103 0
182 500190 500123 0
183 250124 250131 0
184 500192 500108 0
185 125126 125109 0
186 500177 500163 0
187 250165 250151 0
188 500101 500101 0
189 125146 125128 0
190 500132 500140 0
191 125150 125119 0
192 125163 125163 0
193 125127 125125 0
194 250124 250125 0
195 125173 125144 0
196 500182 500192 0
197 250186 250142 0
198 125153 125122 0
199 250173 250156 0
200 250187 250140 0
201 125170 125147 0
202 500176 500160 0
203 7930 7929 0
204 500115 500122 0
205 125196 125177 0
206 500172 500146 0
207 250162 250151 0
208 500166 500138 0
209 250191 250158 0
210 500174 500195 0
211 500101 500103 0
212 15735 15733 0
213 125181 125141 0
214 500186 500126 0
215 125135 125115 0
216 500139 500108 0
217 250161 250154 0
218 250162 250150 0
219 125162 125125 0
220 250168 250109 0
221 500144 500118 0
222 250180 250149 0
223 500175 500135 0
224 500140 500143 0
225 62696 62665 0
226 15745 15793 0
227 250111 250181 0
228 15802 15824 0
229 15735 15821 0
230 15750 15817 0
231 15771 15806 0
232 15785 15788 0
233 15748 15810 0
234 15728 15763 0
235 250138 250190 0
236 15772 15810 0
237 15738 15820 0
238 15727 15818 0
239 7948 7957 0
240 250136 250152 0
241 15745 15823 0
242 15751 15820 0
243 7922 7944 0
244 250121 250179 0
245 15790 15792 0
246 7959 8012 0
247 250104 250117 0
248 15734 15761 0
249 7939 7988 0
250 7931 7946 0
251 7913 7995 0
252 250111 250186 0
253 31418 31437 0
254 31353 31368 0
255 8005 8011 0
256 31355 31408 0
257 31354 31418 0
258 31424 31442 0
259 31353 31433 0
260 31364 31444 0
261 7919 7997 0
262 31431 31435 0
263 250166 250179 0
264 7968 7975 0
265 31388 31405 0
266 31351 31433 0
267 31418 31444 0
268 7956 7984 0
269 250131 250142 0
270 250101 250159 0
271 7957 8008 0
272 250112 250174 0
273 7954 7987 0
274 250136 250193 0
275 7927 7993 0
276 7928 7954 0
277 31362 31382 0
278 31374 31434 0
279 4029 4089 0
280 250104 250166 0
281 31374 31431 0
282 31411 31442 0
283 250119 250173 0
284 250138 250165 0
285 250135 250171 0
286 4013 4019 0
287 4040 4105 0
288 31421 31446 0
289 62666 62686 0
290 250134 250146 0
291 4045 4082 0
292 4036 4051 0
293 62637 62659 0
294 4012 4027 0
295 4016 4080 0
296 4068 4070 0
297 4016 4056 0
298 4054 4082 0
299 250111 250194 0
300 4013 4039 0
301 4082 4092 0
302 62635 62668 0
303 62649 62660 0
304 62644 62661 0
305 4036 4050 0
306 4042 4080 0
307 62606 62698 0
308 62614 62697 0
309 4026 4052 0
310 4055 4094 0
311 4055 4068 0
312 4031 4093 0
313 500161 500199 0
314 4021 4070 0
315 500114 500172 0
316 4018 4069 0
317 4041 4055 0
318 62612 62653 0
319 2088 2149 0
320 62606 62667 0
321 2084 2144 0
322 2064 2096 0
323 62634 62676 0
324 2081 2141 0
325 500160 500196 0
326 2057 2076 0
327 62609 62634 0
328 2068 2124 0
329 2060 2120 0
330 15769 15801 0
331 500120 500188 0
332 500126 500163 0
333 62616 62685 0
334 62615 62687 0
335 62625 62662 0
336 62609 62652 0
337 500146 500185 0
338 62628 62683 0
339 2107 2143 0
340 2069 2120 0
341 62666 62678 0
342 62601 62645 0
343 62630 62642 0
344 2113 2117 0
345 62653 62656 0
346 2067 2149 0
347 500119 500147 0
348 2057 2102 0
349 62604 62652 0
350 2064 2135 0
351 62644 62669 0
352 2097 2147 0
353 2108 2146 0
354 2077 2149 0
355 2093 2113 0
356 2135 2150 0
357 62615 62674 0
358 2061 2114 0
359 3 99 0
360 62621 62681 0
361 500137 500168 0
362 46 80 0
363 125158 125199 0
364 125142 125194 0
365 125100 125165 0
366 125124 125150 0
367 38 79 0
368 17 90 0
369 125105 125142 0
370 125118 125192 0
371 10 35 0
372 18 29 0
373 9 40 0
374 29 61 0
375 15 31 0
376 500122 500161 0
377 125113 125179 0
378 2 43 0
379 15 94 0
380 125143 125158 0
381 31 38 0
382 125105 125115 0
383 125102 125145 0
384 5 13 0
385 500105 500179 0
386 19 95 0
387 44 73 0
388 72 89 0
389 43 55 0
390 125141 125186 0
391 51 78 0
392 125117 125131 0
393 125180 125198 0
394 35 94 0
395 26 86 0
396 5 74 0
397 250177 250195 0
398 15728 15809 0
399 15786 15797 0
--------------
1000000 :c
1004033 :sum(p)
1000000 :sum(w)
