400 :n
id p,w,x
--------------
0 15798 15755 1
1 74 11 1
2 4100 4026 1
3 15822 15780 1
4 31440 31361 1
5 42 20 1
6 4104 4066 1
7 4100 4082 1
8 4106 4039 1
9 97 20 1
10 4055 4009 1
11 4071 4012 1
12 4052 4021 1
13 4090 4018 1
14 4093 4062 1
15 4080 4041 1
16 4096 4048 1
17 50 38 1
18 4062 4011 1
19 4094 4049 1
20 4039 4009 1
21 4036 4011 1
22 4059 4025 1
23 57 43 1
24 2084 2062 1
25 4097 4033 1
26 82 17 1
27 4062 4038 1
28 62 22 1
29 15768 15730 1
30 7986 7918 1
31 2146 2071 1
32 2125 2089 1
33 7977 7949 1
34 2118 2062 1
35 7983 7933 1
36 63 46 1
37 15802 15745 1
38 2119 2078 1
39 7951 7923 1
40 2150 2056 1
41 7981 7926 1
42 2120 2087 1
43 15825 15751 1
44 2119 2054 1
45 2135 2069 1
46 2127 2072 1
47 98 56 1
48 2124 2086 1
49 2138 2116 1
50 7995 7932 1
51 2141 2084 1
52 71 59 1
53 7994 7973 1
54 7988 7936 1
55 7944 7915 1
56 8012 7968 1
57 2109 2063 1
58 77 12 1
59 15820 15749 1
60 7970 7913 1
61 15788 15737 1
62 35 1 1
63 98 51 1
64 58 51 1
65 92 89 1
66 35 34 1
67 46 45 1
68 2111 2099 1
69 2146 2137 1
70 4065 4050 1
71 4019 4007 1
72 4024 4012 1
73 15797 15759 1
74 7987 7968 1
75 2130 2125 1
76 31425 31352 1
77 7971 7954 1
78 8003 7986 1
79 8004 7988 1
80 15776 15746 1
81 31429 31373 1
82 15804 15776 1
83 7978 7965 1
84 15796 15771 1
85 62697 62601 1
86 31445 31399 1
87 15768 15745 1
88 15784 15761 1
89 62685 62601 1
90 15750 15729 1
91 62691 62610 1
92 7993 7983 1
93 4021 4016 1
94 4049 4044 1
95 31439 31401 1
96 31443 31408 1
97 31420 31387 1
98 4081 4032 1
99 62673 62603 1
100 15759 15744 0
101 62665 62606 0
102 31386 31358 1
103 31442 31425 0
104 15805 15821 0
105 35 92 0
106 7949 7942 0
107 31405 31379 0
108 62686 62642 0
109 125183 125100 0
110 62650 62609 0
111 62687 62647 0
112 2116 2120 1
113 15759 15749 0
114 125195 125117 0
115 31392 31373 0
116 31422 31403 0
117 62684 62647 0
118 31409 31391 0
119 15760 15751 0
120 7979 7975 1
121 31372 31357 0
122 31429 31416 0
123 15788 15783 0
124 15769 15765 0
125 7949 7952 0
126 4008 4013 0
127 4015 4022 0
128 2062 2067 0
129 76 79 0
130 23 24 0
131 22 23 0
132 35 37 0
133 76 81 0
134 85 93 0
135 6 9 0
136 10 16 0
137 62635 62607 0
138 62676 62653 0
139 62643 62659 0
140 62638 62679 0
141 62637 62686 0
142 62667 62697 0
143 62632 62695 0
144 62652 62635 0
145 62657 62658 0
146 62623 62653 0
147 62639 62630 0
148 125125 125102 0
149 62680 62685 0
150 125185 125162 0
151 62615 62660 0
152 62611 62697 0
153 125109 125180 0
154 62634 62660 0
155 62618 62648 0
156 62642 62687 0
157 62630 62639 0
158 62614 62601 0
159 125139 125192 0
160 125139 125140 0
161 31417 31446 0
162 31422 31429 0
163 31412 31421 0
164 31405 31411 0
165 125133 125192 0
166 125110 125180 0
167 31373 31368 0
168 125111 125164 0
169 31433 31448 0
170 31392 31411 0
171 125101 125142 0
172 125192 125165 0
173 31370 31372 0
174 31354 31352 0
175 31365 31357 0
176 125130 125184 0
177 125103 125163 0
178 125189 125156 0
179 31407 31433 0
180 31401 31403 0
181 125158 125183 0
182 31399 31436 0
183 125137 125197 0
184 31376 31399 0
185 31372 31367 0
186 31405 31415 0
187 125155 125146 0
188 31414 31426 0
189 125121 125184 0
190 31421 31448 0
191 125167 125185 0
192 125170 125178 0
193 31412 31442 0
194 125132 125105 0
195 31360 31377 0
196 31352 31363 0
197 31435 31448 0
198 125167 125171 0
199 125133 125182 0
200 125114 125107 0
201 15764 15774 0
202 125183 125195 0
203 125114 125191 0
204 125102 125133 0
205 125104 125132 0
206 125172 125175 0
207 125185 125169 0
208 125148 125195 0
209 125145 125157 0
210 15800 15806 0
211 15781 15791 0
212 62614 62619 0
213 125124 125150 0
214 125112 125107 0
215 125140 125103 0
216 250173 250103 0
217 250178 250122 0
218 62657 62672 0
219 15728 15745 0
220 250103 250165 0
221 250140 250183 0
222 250164 250135 0
223 15772 15772 0
224 15795 15793 0
225 250169 250137 0
226 250137 250196 0
227 250196 250165 0
228 250168 250110 0
229 15737 15760 0
230 250130 250172 0
231 250156 250126 0
232 250116 250146 0
233 250138 250194 0
234 250183 250129 0
235 250177 250114 0
236 250177 250156 0
237 15752 15766 0
238 250168 250119 0
239 250130 250134 0
240 250135 250159 0
241 250184 250147 0
242 250195 250177 0
243 7941 7945 0
244 250127 250179 0
245 250116 250191 0
246 250163 250168 0
247 250151 250164 0
248 250152 250175 0
249 250165 250198 0
250 250155 250161 0
251 250132 250161 0
252 250197 250174 0
253 250180 250137 0
254 250131 250125 0
255 250171 250197 0
256 250126 250154 0
257 7928 7940 0
258 250194 250169 0
259 250102 250193 0
260 8005 8012 0
261 250171 250111 0
262 250191 250160 0
263 250200 250135 0
264 250170 250102 0
265 500156 500122 0
266 500167 500194 0
267 500116 500114 0
268 500102 500126 0
269 500127 500125 0
270 500181 500173 0
271 62616 62667 0
272 500187 500165 0
273 500184 500113 0
274 500136 500163 0
275 500132 500159 0
276 500194 500146 0
277 500129 500121 0
278 500199 500102 0
279 500194 500126 0
280 500120 500169 0
281 500149 500169 0
282 500115 500187 0
283 500104 500143 0
284 500178 500104 0
285 500170 500125 0
286 500134 500121 0
287 500200 500170 0
288 500126 500162 0
289 500168 500139 0
290 500168 500182 0
291 500152 500192 0
292 500178 500102 0
293 500119 500101 0
294 500148 500157 0
295 62648 62660 0
296 500103 500144 0
297 500153 500107 0
298 500102 500199 0
299 500193 500140 0
300 500183 500121 0
301 500170 500101 0
302 500130 500196 0
303 500152 500120 0
304 500107 500127 0
305 500151 500129 0
306 500125 500117 0
307 62681 62697 0
308 62606 62645 0
309 62631 62685 0
310 62697 62673 0
311 125160 125116 0
312 62698 62676 0
313 31433 31422 0
314 125155 125109 0
315 125168 125115 0
316 62698 62679 0
317 62660 62631 0
318 62697 62669 0
319 125187 125149 0
320 2091 2143 0
321 2119 2146 0
322 4014 4059 0
323 2057 2107 0
324 4030 4096 0
325 4081 4098 0
326 2078 2098 0
327 2079 2103 0
328 7919 7951 0
329 2054 2124 0
330 2074 2142 0
331 7943 7991 0
332 7957 8010 0
333 7933 7962 0
334 2102 2128 0
335 2123 2146 0
336 7944 7978 0
337 2088 2141 0
338 2097 2152 0
339 7913 7999 0
340 4057 4094 0
341 2135 2153 0
342 2100 2122 0
343 2101 2115 0
344 2102 2114 0
345 7931 8005 0
346 2059 2076 0
347 2088 2149 0
348 2054 2108 0
349 7921 7979 0
350 7949 7981 0
351 7924 7946 0
352 7976 7992 0
353 7967 8004 0
354 7974 8011 0
355 2056 2070 0
356 2060 2138 0
357 2073 2088 0
358 7921 7963 0
359 7940 8005 0
360 4022 4033 0
361 8 70 0
362 7920 7937 0
363 4060 4070 0
364 22 46 0
365 7934 7997 0
366 4033 4051 0
367 1 72 0
368 15739 15815 0
369 15765 15818 0
370 15740 15798 0
371 53 72 0
372 15741 15801 0
373 4029 4068 0
374 15762 15789 0
375 3 78 0
376 32 85 0
377 37 69 0
378 15755 15795 0
379 15735 15803 0
380 15740 15770 0
381 26 92 0
382 15733 15759 0
383 15750 15806 0
384 51 99 0
385 4008 4096 0
386 41 96 0
387 15746 15789 0
388 15800 15825 0
389 8 93 0
390 4069 4099 0
391 31372 31427 0
392 29 98 0
393 4068 4094 0
394 4074 4090 0
395 31374 31432 0
396 54 78 0
397 44 75 0
398 4033 4086 0
399 4030 4093 0
--------------
1000000 :c
1004017 :sum(p)
999999 :sum(w)
