400 :n
id p,w,x
--------------
0 15788 15741 1
1 15789 15743 1
2 92 53 1
3 91 5 1
4 57 36 1
5 61 17 1
6 55 40 1
7 48 30 1
8 86 49 1
9 75 1 1
10 15793 15743 1
11 74 60 1
12 82 48 1
13 90 48 1
14 80 8 1
15 53 27 1
16 15806 15759 1
17 44 2 1
18 15803 15745 1
19 29 7 1
20 91 49 1
21 33 10 1
22 2149 2071 1
23 2140 2086 1
24 2151 2081 1
25 2126 2110 1
26 2150 2058 1
27 2135 2111 1
28 2096 2054 1
29 15799 15745 1
30 2093 2067 1
31 15793 15730 1
32 2122 2063 1
33 7973 7928 1
34 2123 2066 1
35 2126 2105 1
36 7952 7926 1
37 2136 2076 1
38 2122 2072 1
39 7968 7922 1
40 2115 2057 1
41 2131 2115 1
42 4053 4015 1
43 4078 4060 1
44 4053 4024 1
45 4100 4058 1
46 4076 4025 1
47 7961 7924 1
48 4056 4007 1
49 4100 4072 1
50 4106 4055 1
51 4067 4025 1
52 4083 4030 1
53 4067 4026 1
54 4091 4032 1
55 4102 4077 1
56 4093 4041 1
57 4068 4010 1
58 4090 4073 1
59 4032 4013 1
60 4074 4012 1
61 4104 4029 1
62 8010 7944 1
63 8009 7960 1
64 7982 7952 1
65 7996 7914 1
66 7946 7920 1
67 7983 7933 1
68 7982 7949 1
69 8009 7969 1
70 7986 7914 1
71 8002 7963 1
72 31448 31373 1
73 15771 15729 1
74 31419 31352 1
75 15787 15746 1
76 15811 15766 1
77 31445 31391 1
78 38 28 1
79 49 42 1
80 52 46 1
81 2068 2055 1
82 2078 2067 1
83 2140 2130 1
84 2087 2079 1
85 2093 2085 1
86 4022 4009 1
87 4053 4041 1
88 4035 4025 1
89 15816 15785 1
90 15820 15794 1
91 15798 15774 1
92 31417 31370 1
93 31442 31396 1
94 15814 15791 0
95 31399 31355 1
96 15772 15750 1
97 7956 7945 1
98 31393 31351 1
99 31404 31362 1
100 31412 31373 1
101 4096 4091 0
102 4066 4059 1
103 7961 7952 1
104 7961 7952 0
105 62684 62614 1
106 31411 31376 1
107 62689 62620 1
108 98 11 1
109 15767 15727 1
110 31392 31358 1
111 15822 15805 0
112 62674 62610 0
113 31450 31435 0
114 2145 2152 0
115 500107 500161 0
116 31402 31370 1
117 7971 7963 0
118 31440 31409 0
119 62684 62623 0
120 62685 62624 0
121 7990 8002 0
122 15823 15809 0
123 62700 62645 0
124 7984 7977 0
125 7991 7984 0
126 31400 31374 0
127 15785 15772 0
128 62679 62629 0
129 62661 62613 0
130 62677 62634 0
131 62668 62626 0
132 31399 31378 0
133 62658 62618 0
134 15762 15752 0
135 125194 125115 0
136 125193 125117 0
137 31395 31377 0
138 15813 15804 0
139 7963 7959 0
140 4029 4027 0
141 15749 15742 0
142 7958 7958 0
143 7947 7947 0
144 90 90 0
145 2 2 1
146 2073 2073 0
147 2070 2071 0
148 2132 2134 0
149 2134 2138 0
150 2089 2094 0
151 32 34 0
152 76 81 0
153 25 28 0
154 62629 62606 0
155 250147 250140 0
156 250146 250155 0
157 500120 500105 0
158 250115 250111 0
159 250192 250135 0
160 250194 250135 0
161 250181 250183 0
162 500185 500109 0
163 250157 250155 0
164 250175 250140 0
165 500126 500115 0
166 500185 500182 0
167 125170 125127 0
168 250145 250142 0
169 125133 125131 0
170 250179 250179 0
171 250142 250107 0
172 250144 250115 0
173 62627 62629 0
174 500181 500142 0
175 125199 125183 0
176 62656 62634 0
177 500170 500154 0
178 125163 125107 0
179 500120 500133 0
180 500144 500142 0
181 125161 125133 0
182 31407 31400 0
183 500147 500122 0
184 125137 125107 0
185 125162 125129 0
186 125185 125157 0
187 31403 31402 0
188 125144 125146 0
189 250110 250115 0
190 250156 250123 0
191 125172 125149 0
192 500170 500149 0
193 500182 500166 0
194 250164 250171 0
195 500156 500160 0
196 250195 250118 0
197 500175 500170 0
198 125180 125159 0
199 500115 500130 0
200 125182 125187 0
201 500152 500166 0
202 125149 125150 0
203 500148 500147 0
204 500127 500127 0
205 500159 500164 0
206 125152 125128 0
207 250186 250152 0
208 62617 62603 0
209 15753 15752 0
210 125172 125164 0
211 125177 125166 0
212 125184 125139 0
213 125178 125125 0
214 125117 125103 0
215 500119 500121 0
216 500160 500146 0
217 125194 125142 0
218 125184 125149 0
219 250124 250127 0
220 500196 500110 0
221 500171 500118 0
222 62639 62641 0
223 500160 500119 0
224 250198 250171 0
225 62676 62677 0
226 62683 62666 0
227 62675 62656 0
228 62625 62604 0
229 500157 500107 0
230 500171 500129 0
231 15741 15808 0
232 15731 15792 0
233 15734 15751 0
234 15762 15769 0
235 15726 15744 0
236 15773 15805 0
237 15744 15822 0
238 15783 15805 0
239 15761 15778 0
240 125156 125167 0
241 7934 7946 0
242 125151 125191 0
243 7945 7977 0
244 7936 7947 0
245 31414 31443 0
246 250113 250164 0
247 7948 7974 0
248 250174 250190 0
249 7954 7959 0
250 31390 31413 0
251 31416 31425 0
252 250113 250186 0
253 7930 7967 0
254 7964 7985 0
255 31404 31444 0
256 31362 31435 0
257 250129 250141 0
258 7936 7952 0
259 31363 31389 0
260 7976 8004 0
261 31385 31442 0
262 31377 31406 0
263 31432 31446 0
264 31387 31409 0
265 7966 7984 0
266 7967 8011 0
267 7950 7995 0
268 7971 7997 0
269 31382 31427 0
270 15731 15797 0
271 7916 7996 0
272 250142 250166 0
273 7938 7944 0
274 31374 31405 0
275 250156 250192 0
276 7914 8008 0
277 31376 31382 0
278 31365 31378 0
279 4010 4106 0
280 31445 31450 0
281 4024 4031 0
282 31365 31442 0
283 250109 250128 0
284 31392 31411 0
285 250130 250175 0
286 31426 31432 0
287 4055 4101 0
288 31359 31421 0
289 250133 250163 0
290 250143 250194 0
291 250174 250193 0
292 31355 31410 0
293 31380 31412 0
294 62636 62661 0
295 4065 4072 0
296 4037 4049 0
297 250143 250184 0
298 4055 4103 0
299 4042 4073 0
300 4067 4094 0
301 62641 62682 0
302 250112 250186 0
303 62611 62656 0
304 4019 4049 0
305 62611 62698 0
306 4041 4102 0
307 4007 4014 0
308 62623 62691 0
309 250156 250169 0
310 4029 4089 0
311 250106 250160 0
312 62619 62648 0
313 4009 4017 0
314 250156 250193 0
315 4051 4102 0
316 62603 62654 0
317 250149 250196 0
318 4062 4076 0
319 250105 250159 0
320 15781 15812 0
321 62624 62670 0
322 15746 15822 0
323 62614 62682 0
324 15765 15822 0
325 2106 2126 0
326 62609 62644 0
327 62618 62673 0
328 2133 2146 0
329 62607 62691 0
330 250130 250145 0
331 62611 62664 0
332 62659 62676 0
333 15747 15816 0
334 2094 2151 0
335 2060 2078 0
336 500114 500180 0
337 2081 2113 0
338 2128 2138 0
339 62628 62697 0
340 62680 62686 0
341 2081 2128 0
342 500145 500173 0
343 500110 500198 0
344 62605 62681 0
345 2084 2134 0
346 2066 2122 0
347 62615 62686 0
348 62614 62663 0
349 500131 500172 0
350 2060 2073 0
351 500148 500193 0
352 2063 2121 0
353 2072 2098 0
354 62618 62669 0
355 2089 2142 0
356 125134 125157 0
357 125104 125181 0
358 2105 2117 0
359 125128 125171 0
360 500157 500183 0
361 125134 125161 0
362 125180 125190 0
363 125105 125185 0
364 17 27 0
365 500133 500161 0
366 25 69 0
367 15727 15775 0
368 500172 500198 0
369 22 58 0
370 35 90 0
371 1 42 0
372 125162 125184 0
373 32 81 0
374 500143 500185 0
375 125116 125148 0
376 125108 125166 0
377 500127 500151 0
378 125168 125193 0
379 41 56 0
380 500122 500158 0
381 250106 250148 0
382 60 100 0
383 49 83 0
384 125151 125171 0
385 24 62 0
386 6 21 0
387 500110 500165 0
388 125118 125146 0
389 125109 125193 0
390 500108 500200 0
391 500124 500147 0
392 125128 125147 0
393 11 96 0
394 125116 125127 0
395 29 63 0
396 11 62 0
397 250102 250160 0
398 15788 15815 0
399 15776 15778 0
--------------
1000000 :c
1004376 :sum(p)
999998 :sum(w)
