400 :n
id p,w,x
--------------
0 89 10 1
1 83 18 1
2 4099 4038 1
3 96 49 1
4 4095 4016 1
5 4076 4021 1
6 4101 4046 1
7 2127 2074 1
8 2102 2072 1
9 2119 2091 1
10 98 73 1
11 2115 2080 1
12 2130 2059 1
13 91 54 1
14 2133 2091 1
15 94 58 1
16 2151 2113 1
17 2129 2080 1
18 2095 2066 1
19 38 16 1
20 57 36 1
21 83 58 1
22 85 51 1
23 15815 15735 1
24 7996 7938 1
25 7977 7931 1
26 15815 15736 1
27 15817 15735 1
28 7990 7946 1
29 7966 7914 1
30 8001 7914 1
31 31433 31358 1
32 15825 15742 1
33 7992 7922 1
34 38 18 1
35 20 14 1
36 38 28 1
37 79 59 1
38 40 34 1
39 2138 2111 1
40 2089 2064 1
41 2111 2089 1
42 2131 2109 1
43 2125 2104 1
44 4059 4023 1
45 4101 4065 1
46 4066 4037 1
47 4102 4074 1
48 4094 4068 1
49 4056 4035 1
50 4077 4056 1
51 4100 4079 1
52 8003 7963 1
53 7970 7931 1
54 7996 7959 1
55 7961 7927 1
56 4090 4074 1
57 2116 2108 1
58 4085 4070 1
59 7947 7918 1
60 7990 7965 1
61 15786 15739 1
62 15824 15778 1
63 7969 7946 1
64 7970 7949 1
65 15779 15742 1
66 15792 15755 1
67 2145 2140 1
68 7975 7957 1
69 31422 31354 1
70 31423 31355 1
71 15787 15753 1
72 15816 15783 1
73 15824 15791 1
74 15769 15737 1
75 7950 7937 1
76 15787 15762 1
77 15779 15755 1
78 15788 15764 1
79 62699 62616 1
80 62 43 1
81 62698 62611 1
82 7939 7928 1
83 8011 8000 1
84 15776 15755 1
85 15792 15772 1
86 31420 31383 1
87 62682 62609 1
88 62697 62625 0
89 7926 7915 1
90 62680 62602 1
91 31408 31351 1
92 15815 15797 1
93 31404 31370 0
94 15822 15805 1
95 15806 15810 0
96 62677 62632 0
97 31437 31405 1
98 4018 4014 1
99 31421 31391 0
100 7966 7959 1
101 31409 31384 0
102 31429 31404 0
103 4068 4065 1
104 4055 4062 0
105 31420 31396 0
106 62680 62622 0
107 31411 31388 0
108 4083 4090 0
109 15759 15806 0
110 31390 31368 0
111 15771 15760 0
112 125191 125106 0
113 62675 62634 0
114 125182 125103 0
115 62677 62638 0
116 31405 31386 0
117 62638 62602 0
118 125172 125107 0
119 7987 7983 0
120 2132 2131 1
121 62675 62646 0
122 62680 62651 0
123 125183 125129 0
124 62627 62602 0
125 15769 15763 0
126 250189 250103 0
127 250196 250116 0
128 62643 62623 0
129 125189 125152 0
130 62699 62681 0
131 125183 125149 0
132 31367 31359 0
133 4019 4018 0
134 4033 4032 0
135 7993 7993 0
136 15742 15742 0
137 7966 7969 0
138 15787 15795 0
139 15778 15786 0
140 15757 15767 0
141 15797 15811 0
142 2141 2143 0
143 15762 15777 0
144 2090 2092 0
145 7999 8008 0
146 4073 4078 0
147 7987 7997 0
148 7949 7961 0
149 7932 7944 0
150 7975 7988 0
151 7942 7957 0
152 2112 2116 1
153 7949 7965 0
154 4075 4084 0
155 4065 4074 0
156 4044 4053 0
157 2075 2080 0
158 4070 4083 0
159 2071 2081 0
160 4071 4096 0
161 4076 4103 0
162 2123 2139 0
163 2086 2102 0
164 2101 2118 0
165 2090 2111 0
166 2067 2091 0
167 2056 2080 0
168 2055 2080 0
169 2069 2095 0
170 2065 2091 0
171 2093 2120 0
172 2077 2107 0
173 89 95 0
174 77 85 0
175 81 90 0
176 71 86 0
177 77 94 0
178 37 46 0
179 73 92 0
180 74 94 0
181 50 66 0
182 64 89 0
183 46 66 0
184 53 79 0
185 12 18 0
186 44 76 0
187 22 45 0
188 500185 500190 0
189 62666 62667 0
190 62612 62609 0
191 250157 250150 0
192 250187 250176 0
193 62612 62609 0
194 125153 125161 0
195 250167 250183 0
196 500163 500151 0
197 125171 125170 0
198 500123 500164 0
199 125116 125110 0
200 500175 500183 0
201 500150 500185 0
202 500142 500177 0
203 500132 500125 0
204 125100 125101 0
205 125128 125127 0
206 125179 125184 0
207 125101 125110 0
208 250164 250169 0
209 500169 500185 0
210 500195 500182 0
211 250155 250162 0
212 125179 125173 0
213 500135 500151 0
214 125138 125137 0
215 250124 250124 0
216 500102 500117 0
217 250179 250181 0
218 500160 500150 0
219 500112 500113 0
220 500148 500145 0
221 500157 500167 0
222 250170 250166 0
223 250177 250180 0
224 500142 500118 0
225 250156 250123 0
226 250165 250103 0
227 500183 500127 0
228 250164 250113 0
229 500164 500108 0
230 250172 250110 0
231 250194 250156 0
232 62630 62616 0
233 125140 125123 0
234 125186 125171 0
235 125169 125154 0
236 125143 125119 0
237 125197 125169 0
238 125143 125127 0
239 250162 250122 0
240 125139 125114 0
241 500179 500120 0
242 500196 500136 0
243 125133 125104 0
244 125157 125139 0
245 125131 125110 0
246 250188 250161 0
247 125160 125147 0
248 250159 250102 0
249 62674 62666 0
250 500197 500142 0
251 250181 250115 0
252 62639 62622 0
253 125158 125146 0
254 250134 250120 0
255 125197 125187 0
256 125185 125176 0
257 500130 500102 0
258 125161 125149 0
259 500161 500128 0
260 500138 500108 0
261 500167 500138 0
262 250195 250182 0
263 250130 250113 0
264 250173 250151 0
265 250183 250159 0
266 500185 500137 0
267 500197 500165 0
268 250180 250126 0
269 250170 250117 0
270 500193 500183 0
271 62639 62636 0
272 31410 31411 0
273 500132 500121 0
274 500110 500107 0
275 500142 500139 0
276 7945 7978 0
277 31359 31419 0
278 31353 31365 0
279 15737 15772 0
280 31419 31435 0
281 62616 62632 0
282 7925 7976 0
283 4026 4088 0
284 62615 62651 0
285 4015 4095 0
286 62669 62697 0
287 62654 62665 0
288 31389 31414 0
289 4017 4076 0
290 4014 4096 0
291 62636 62661 0
292 31376 31433 0
293 4069 4102 0
294 31360 31378 0
295 62615 62655 0
296 62614 62687 0
297 4054 4099 0
298 62625 62668 0
299 4038 4071 0
300 4060 4094 0
301 31353 31360 0
302 4052 4091 0
303 31390 31403 0
304 62660 62670 0
305 62654 62684 0
306 62617 62671 0
307 7917 7978 0
308 62612 62637 0
309 4011 4089 0
310 4062 4102 0
311 62623 62645 0
312 4052 4105 0
313 62669 62676 0
314 31394 31444 0
315 4009 4087 0
316 62619 62654 0
317 62635 62652 0
318 62612 62634 0
319 62611 62630 0
320 2077 2133 0
321 7921 7991 0
322 125128 125160 0
323 125122 125170 0
324 31393 31415 0
325 31362 31422 0
326 31387 31429 0
327 125110 125179 0
328 125173 125197 0
329 31392 31418 0
330 31405 31436 0
331 125136 125190 0
332 2084 2144 0
333 7947 8003 0
334 125128 125155 0
335 31432 31437 0
336 31404 31412 0
337 125152 125185 0
338 2092 2151 0
339 125117 125156 0
340 7919 7967 0
341 125125 125142 0
342 125127 125140 0
343 250120 250169 0
344 31359 31377 0
345 7947 7987 0
346 31383 31391 0
347 2074 2144 0
348 2079 2133 0
349 250152 250195 0
350 250132 250164 0
351 2059 2138 0
352 2061 2104 0
353 250127 250157 0
354 31360 31412 0
355 250146 250170 0
356 7915 7988 0
357 31415 31429 0
358 250117 250139 0
359 250108 250193 0
360 250163 250186 0
361 250132 250197 0
362 4 89 0
363 7913 8010 0
364 39 77 0
365 250104 250135 0
366 31396 31424 0
367 7 58 0
368 7945 7978 0
369 250101 250152 0
370 31400 31450 0
371 250104 250175 0
372 31367 31438 0
373 250121 250143 0
374 500112 500159 0
375 500122 500200 0
376 15768 15819 0
377 31359 31412 0
378 15767 15794 0
379 500110 500168 0
380 500154 500196 0
381 12 99 0
382 500138 500181 0
383 15742 15810 0
384 15782 15819 0
385 30 76 0
386 15741 15783 0
387 15766 15803 0
388 61 100 0
389 41 97 0
390 2 52 0
391 500115 500170 0
392 15739 15810 0
393 42 97 0
394 500124 500187 0
395 15792 15809 0
396 500125 500193 0
397 500128 500186 0
398 15787 15824 0
399 15727 15759 0
--------------
1000000 :c
1003583 :sum(p)
999997 :sum(w)
