400 :n
id p,w,x
--------------
0 4086 4010 1
1 4096 4011 1
2 56 39 1
3 2102 2061 1
4 7968 7930 1
5 2081 2063 1
6 7955 7913 1
7 39 9 1
8 15804 15740 1
9 94 44 1
10 65 8 1
11 8002 7970 1
12 31449 31353 1
13 4101 4017 1
14 91 16 1
15 7945 7913 1
16 31450 31371 1
17 38 14 1
18 65 41 1
19 89 10 1
20 8010 7938 1
21 15820 15747 1
22 31435 31352 1
23 83 43 1
24 2145 2096 1
25 7971 7935 1
26 7997 7965 1
27 2120 2096 1
28 2149 2130 1
29 8011 7984 1
30 2100 2083 1
31 2125 2104 1
32 2112 2072 1
33 2141 2059 1
34 2142 2124 1
35 4069 4043 1
36 4075 4011 1
37 2146 2111 1
38 4056 4035 1
39 31423 31351 1
40 4095 4016 1
41 2130 2062 1
42 4090 4075 1
43 15791 15751 1
44 15825 15776 1
45 4088 4061 1
46 15803 15753 1
47 2138 2066 1
48 15817 15733 1
49 2152 2109 1
50 15819 15731 1
51 15810 15736 1
52 4105 4025 1
53 2138 2122 1
54 4073 4030 1
55 4052 4021 1
56 2153 2091 1
57 2140 2113 1
58 2094 2058 1
59 2134 2083 1
60 22 12 1
61 8 5 1
62 81 74 1
63 71 69 1
64 2082 2071 1
65 4095 4083 1
66 2117 2111 0
67 4063 4053 1
68 7931 7913 1
69 7942 7924 1
70 15787 15752 1
71 15815 15780 1
72 7947 7930 1
73 7984 7967 1
74 31445 31381 1
75 15825 15793 1
76 31445 31384 1
77 2088 2084 1
78 15766 15736 1
79 2113 2109 1
80 7983 7968 1
81 31445 31386 1
82 31430 31372 1
83 31439 31381 1
84 15799 15770 1
85 31422 31366 1
86 7959 7946 1
87 7994 7982 0
88 31413 31367 1
89 15811 15788 1
90 8001 7978 1
91 31399 31355 1
92 15800 15779 1
93 15825 15805 1
94 4071 4066 1
95 2092 2066 1
96 62685 62624 1
97 15761 15742 1
98 31439 31412 1
99 31444 31417 1
100 31381 31363 0
101 31449 31432 0
102 15824 15820 0
103 39 97 0
104 31447 31421 0
105 62675 62628 0
106 31447 31425 0
107 125192 125109 0
108 7966 7980 0
109 62666 62626 0
110 62641 62602 0
111 125175 125101 0
112 62678 62641 0
113 15739 15731 0
114 15787 15779 0
115 31382 31370 0
116 15743 15740 0
117 15793 15790 0
118 15775 15774 0
119 15794 15793 0
120 2060 2060 1
121 96 96 0
122 8 8 1
123 7919 7923 0
124 2140 2142 0
125 7951 7960 0
126 2135 2138 0
127 4068 4075 0
128 4063 4070 0
129 2137 2141 0
130 4031 4039 0
131 2097 2103 0
132 2110 2120 0
133 2092 2103 0
134 2067 2078 0
135 2115 2129 0
136 67 69 0
137 46 51 0
138 70 78 0
139 62637 62613 0
140 250181 250152 0
141 62671 62658 0
142 250156 250130 0
143 125177 125167 0
144 250158 250139 0
145 250133 250103 0
146 250200 250117 0
147 62628 62626 0
148 250174 250146 0
149 250156 250120 0
150 250172 250123 0
151 62631 62619 0
152 250191 250173 0
153 62639 62625 0
154 62667 62651 0
155 250153 250107 0
156 250188 250102 0
157 125109 125105 0
158 125183 125131 0
159 125189 125169 0
160 31424 31419 0
161 125172 125157 0
162 125152 125117 0
163 500175 500161 0
164 250134 250117 0
165 500150 500127 0
166 500196 500163 0
167 31391 31390 0
168 500194 500112 0
169 31384 31376 0
170 500186 500134 0
171 500167 500115 0
172 500180 500143 0
173 31421 31411 0
174 500180 500158 0
175 500148 500113 0
176 500177 500150 0
177 500196 500129 0
178 500179 500101 0
179 500175 500159 0
180 500155 500119 0
181 500200 500116 0
182 500190 500113 0
183 500189 500141 0
184 31433 31427 0
185 125195 125188 0
186 125139 125108 0
187 125126 125109 0
188 125160 125107 0
189 125179 125126 0
190 125173 125135 0
191 125141 125108 0
192 250179 250147 0
193 62692 62674 0
194 250178 250102 0
195 250196 250145 0
196 62678 62664 0
197 62649 62622 0
198 250196 250101 0
199 125188 125147 0
200 62698 62669 0
201 62642 62620 0
202 250187 250115 0
203 62667 62641 0
204 62696 62681 0
205 250149 250141 0
206 62655 62631 0
207 62621 62618 0
208 15755 15793 0
209 15736 15757 0
210 15727 15799 0
211 15797 15800 0
212 15775 15799 0
213 62649 62667 0
214 15748 15761 0
215 62638 62654 0
216 62614 62650 0
217 62652 62699 0
218 62665 62690 0
219 15822 15825 0
220 15757 15821 0
221 62604 62610 0
222 62637 62659 0
223 62639 62654 0
224 15735 15777 0
225 62642 62650 0
226 15794 15801 0
227 15734 15779 0
228 62619 62670 0
229 15733 15783 0
230 62621 62654 0
231 15749 15760 0
232 62619 62691 0
233 15728 15815 0
234 62603 62612 0
235 62656 62656 0
236 62621 62633 0
237 15750 15815 0
238 125157 125174 0
239 125140 125142 0
240 125113 125145 0
241 125116 125130 0
242 125126 125199 0
243 125144 125146 0
244 125190 125194 0
245 125114 125164 0
246 7931 7976 0
247 7927 8005 0
248 7976 7989 0
249 125157 125190 0
250 7945 7957 0
251 7976 8001 0
252 7914 7926 0
253 7921 7949 0
254 125118 125179 0
255 125168 125191 0
256 7921 8003 0
257 7966 7987 0
258 7946 7988 0
259 7918 7961 0
260 125113 125180 0
261 125148 125188 0
262 7932 7971 0
263 7949 7960 0
264 7928 7994 0
265 7925 7995 0
266 125148 125151 0
267 31354 31395 0
268 62611 62627 0
269 7952 7999 0
270 125183 125195 0
271 125128 125155 0
272 7930 8008 0
273 7956 8007 0
274 7929 7967 0
275 125174 125193 0
276 7997 8009 0
277 62636 62699 0
278 7928 7970 0
279 4017 4088 0
280 4051 4106 0
281 4052 4094 0
282 125116 125146 0
283 125115 125178 0
284 4060 4103 0
285 125116 125156 0
286 125106 125106 0
287 125148 125176 0
288 4038 4106 0
289 4011 4080 0
290 4008 4069 0
291 4023 4036 0
292 125159 125170 0
293 4074 4106 0
294 4053 4070 0
295 4018 4048 0
296 125102 125170 0
297 250163 250188 0
298 4080 4102 0
299 250134 250173 0
300 4009 4098 0
301 250156 250189 0
302 4022 4039 0
303 250167 250199 0
304 4017 4051 0
305 4061 4089 0
306 4050 4079 0
307 4055 4083 0
308 4027 4070 0
309 4033 4085 0
310 62646 62676 0
311 4043 4091 0
312 250126 250144 0
313 62603 62661 0
314 62621 62642 0
315 250103 250112 0
316 4066 4096 0
317 250155 250175 0
318 250118 250124 0
319 15734 15741 0
320 250106 250153 0
321 250105 250103 0
322 2054 2090 0
323 250135 250181 0
324 250133 250198 0
325 2087 2110 0
326 2094 2116 0
327 2058 2117 0
328 250121 250124 0
329 250130 250186 0
330 250124 250131 0
331 31362 31383 0
332 250194 250200 0
333 2111 2142 0
334 250141 250174 0
335 250176 250198 0
336 250108 250192 0
337 250109 250123 0
338 250135 250192 0
339 250175 250196 0
340 31402 31417 0
341 500163 500182 0
342 31386 31430 0
343 31390 31435 0
344 2082 2130 0
345 31413 31414 0
346 31359 31376 0
347 500189 500186 0
348 500116 500124 0
349 31368 31416 0
350 500109 500142 0
351 31398 31419 0
352 500165 500192 0
353 500177 500200 0
354 500152 500172 0
355 500103 500165 0
356 500161 500158 0
357 2057 2082 0
358 500127 500129 0
359 19 38 0
360 500138 500181 0
361 500134 500128 0
362 27 45 0
363 10 91 0
364 500150 500161 0
365 500135 500135 0
366 500147 500176 0
367 35 89 0
368 32 95 0
369 52 70 0
370 17 100 0
371 500192 500192 0
372 31414 31439 0
373 500162 500165 0
374 31382 31437 0
375 55 96 0
376 31389 31426 0
377 23 47 0
378 500196 500197 0
379 500152 500192 0
380 1 32 0
381 16 54 0
382 70 89 0
383 60 94 0
384 31352 31392 0
385 20 75 0
386 65 93 0
387 500134 500121 0
388 500104 500157 0
389 45 91 0
390 64 95 0
391 35 100 0
392 30 79 0
393 500125 500189 0
394 26 71 0
395 500108 500107 0
396 31393 31398 0
397 13 81 0
398 31396 31407 0
399 31423 31434 0
--------------
1000000 :c
1003949 :sum(p)
1000000 :sum(w)
