400 :n
id p,w,x
--------------
0 15772 15726 1
1 15790 15726 1
2 100 25 1
3 75 46 1
4 7953 7919 1
5 78 41 1
6 7977 7914 1
7 65 6 1
8 92 24 1
9 59 7 1
10 94 19 1
11 8005 7954 1
12 56 23 1
13 7978 7952 1
14 57 39 1
15 15808 15742 1
16 87 8 1
17 4083 4042 1
18 15822 15726 1
19 46 5 1
20 89 2 1
21 85 34 1
22 99 64 1
23 59 39 1
24 4096 4058 1
25 90 5 1
26 98 61 1
27 2133 2102 1
28 2137 2089 1
29 4105 4010 1
30 7957 7918 1
31 7943 7918 1
32 7972 7942 1
33 31433 31360 1
34 4081 4013 1
35 4098 4045 1
36 4092 4046 1
37 15785 15738 1
38 2100 2067 1
39 15776 15728 1
40 15789 15733 1
41 2152 2095 1
42 2150 2061 1
43 2134 2059 1
44 7966 7913 1
45 2116 2060 1
46 4102 4021 1
47 4061 4037 1
48 4053 4017 1
49 4088 4034 1
50 8008 7942 1
51 15805 15756 1
52 4100 4023 1
53 4074 4039 1
54 15820 15749 1
55 4096 4014 1
56 7991 7915 1
57 4096 4071 1
58 7966 7940 1
59 4094 4057 1
60 4106 4065 1
61 7973 7927 1
62 15814 15766 1
63 4070 4028 1
64 4087 4049 1
65 8010 7938 1
66 7989 7961 1
67 10 1 1
68 40 26 1
69 55 41 1
70 45 35 1
71 81 69 1
72 62 55 1
73 2087 2069 1
74 2098 2080 1
75 2131 2117 1
76 4091 4070 1
77 4083 4063 1
78 2088 2078 1
79 4101 4083 1
80 2101 2092 1
81 2063 2055 1
82 2142 2134 0
83 4042 4027 1
84 4069 4054 1
85 4079 4067 1
86 4034 4023 1
87 31441 31371 1
88 15793 15758 1
89 15776 15743 1
90 15791 15758 1
91 15812 15779 1
92 31428 31364 1
93 31443 31379 1
94 31434 31373 1
95 15822 15793 1
96 15822 15794 1
97 31400 31352 1
98 2112 2109 0
99 2115 2112 1
100 15762 15741 1
101 31444 31403 1
102 31444 31404 1
103 31436 31400 1
104 62674 62603 1
105 62679 62614 1
106 7961 7953 0
107 15800 15726 1
108 15762 15735 1
109 31430 31400 1
110 15744 15730 1
111 62653 62601 0
112 31431 31409 0
113 4105 4106 1
114 31 31 0
115 62673 62622 0
116 15764 15752 0
117 62692 62646 0
118 125194 125104 0
119 62697 62655 0
120 31400 31379 0
121 15806 15796 0
122 7924 7919 0
123 62641 62603 0
124 125193 125118 0
125 15818 15809 0
126 31401 31386 0
127 31404 31392 0
128 15764 15759 0
129 15764 15759 0
130 7922 7921 0
131 7985 7984 0
132 15748 15749 0
133 15805 15807 0
134 4099 4100 0
135 7952 7954 0
136 7965 7968 0
137 7939 7943 0
138 8005 8011 0
139 7937 7945 0
140 4035 4042 0
141 2149 2153 0
142 4031 4040 0
143 2097 2103 0
144 4056 4068 0
145 4037 4050 0
146 2135 2142 0
147 2092 2099 0
148 2077 2086 0
149 2063 2073 0
150 2104 2115 0
151 2092 2104 0
152 2065 2078 0
153 38 39 0
154 22 34 0
155 62613 62602 0
156 250186 250148 0
157 250166 250118 0
158 250188 250155 0
159 250181 250112 0
160 250188 250156 0
161 125163 125104 0
162 31381 31373 0
163 250123 250101 0
164 250196 250111 0
165 250189 250112 0
166 500197 500140 0
167 125142 125125 0
168 31377 31372 0
169 500185 500128 0
170 500184 500101 0
171 31425 31416 0
172 500192 500120 0
173 125152 125118 0
174 62650 62616 0
175 62655 62649 0
176 125191 125153 0
177 62672 62639 0
178 125147 125127 0
179 125140 125125 0
180 62620 62602 0
181 125120 125104 0
182 62633 62624 0
183 125167 125154 0
184 125141 125122 0
185 125132 125111 0
186 125133 125107 0
187 125157 125130 0
188 125175 125145 0
189 125166 125146 0
190 62657 62650 0
191 125173 125158 0
192 62674 62651 0
193 250177 250129 0
194 62661 62635 0
195 250141 250108 0
196 250158 250122 0
197 250196 250143 0
198 500194 500151 0
199 250154 250119 0
200 62654 62686 0
201 15779 15791 0
202 62601 62676 0
203 62616 62667 0
204 62642 62688 0
205 15742 15801 0
206 62612 62618 0
207 15726 15757 0
208 15763 15784 0
209 62622 62644 0
210 15760 15798 0
211 15800 15804 0
212 62644 62665 0
213 15752 15822 0
214 15734 15754 0
215 62609 62607 0
216 62653 62697 0
217 62671 62678 0
218 62638 62636 0
219 62662 62660 0
220 62652 62695 0
221 15753 15769 0
222 15728 15750 0
223 62653 62658 0
224 62650 62648 0
225 62674 62679 0
226 62607 62680 0
227 62627 62682 0
228 62623 62689 0
229 62621 62618 0
230 15759 15793 0
231 62635 62692 0
232 31372 31426 0
233 15794 15812 0
234 62636 62639 0
235 125178 125168 0
236 125156 125181 0
237 125171 125190 0
238 15749 15805 0
239 125161 125166 0
240 125129 125186 0
241 125150 125169 0
242 31370 31384 0
243 125106 125130 0
244 7916 7992 0
245 7930 7996 0
246 7941 7965 0
247 7925 7938 0
248 125149 125164 0
249 7946 7966 0
250 7949 8005 0
251 62648 62674 0
252 125119 125129 0
253 7915 7963 0
254 7918 7959 0
255 125177 125179 0
256 7953 8005 0
257 125165 125183 0
258 62657 62661 0
259 125165 125193 0
260 31376 31431 0
261 7928 7957 0
262 125113 125169 0
263 7915 7965 0
264 7921 7988 0
265 7989 8002 0
266 125110 125189 0
267 7935 7974 0
268 125144 125184 0
269 125107 125128 0
270 7937 8010 0
271 31354 31354 0
272 125114 125172 0
273 7931 7968 0
274 125105 125195 0
275 125113 125135 0
276 7943 7984 0
277 125148 125145 0
278 125121 125117 0
279 125127 125151 0
280 4051 4102 0
281 31407 31417 0
282 125124 125190 0
283 250139 250136 0
284 4044 4074 0
285 250111 250166 0
286 250181 250180 0
287 4027 4099 0
288 250180 250162 0
289 250119 250166 0
290 250116 250155 0
291 31384 31445 0
292 4018 4047 0
293 250109 250135 0
294 31369 31402 0
295 31371 31369 0
296 250104 250140 0
297 31402 31437 0
298 250116 250169 0
299 250177 250176 0
300 250106 250122 0
301 4082 4104 0
302 250185 250179 0
303 250135 250168 0
304 31378 31444 0
305 4030 4055 0
306 250150 250161 0
307 250104 250133 0
308 4054 4099 0
309 250198 250181 0
310 250153 250153 0
311 4014 4081 0
312 250136 250183 0
313 4027 4074 0
314 250108 250129 0
315 250186 250175 0
316 250116 250178 0
317 250142 250188 0
318 250141 250154 0
319 250119 250180 0
320 250119 250171 0
321 2087 2124 0
322 250165 250157 0
323 250116 250196 0
324 31359 31428 0
325 500144 500133 0
326 2112 2152 0
327 500185 500157 0
328 31407 31440 0
329 31379 31421 0
330 2074 2145 0
331 2085 2141 0
332 2111 2130 0
333 31429 31449 0
334 2091 2118 0
335 31354 31354 0
336 2120 2142 0
337 500153 500128 0
338 500123 500135 0
339 2105 2131 0
340 500102 500130 0
341 500122 500177 0
342 500147 500140 0
343 31381 31438 0
344 31429 31442 0
345 500145 500185 0
346 500144 500168 0
347 2069 2134 0
348 2073 2132 0
349 2056 2132 0
350 2056 2129 0
351 500108 500122 0
352 2081 2107 0
353 31430 31441 0
354 31386 31403 0
355 500111 500181 0
356 500175 500173 0
357 2079 2106 0
358 2060 2142 0
359 64 84 0
360 500160 500125 0
361 500170 500186 0
362 500169 500190 0
363 500103 500160 0
364 42 82 0
365 4 25 0
366 500177 500185 0
367 500168 500137 0
368 32 55 0
369 500161 500149 0
370 500117 500152 0
371 500134 500102 0
372 8 27 0
373 500120 500194 0
374 500188 500199 0
375 500143 500118 0
376 18 51 0
377 500138 500171 0
378 37 72 0
379 27 64 0
380 31 62 0
381 45 97 0
382 38 62 0
383 500169 500186 0
384 500114 500175 0
385 31393 31398 0
386 500106 500154 0
387 500196 500161 0
388 33 58 0
389 500158 500182 0
390 500172 500169 0
391 500111 500136 0
392 500115 500157 0
393 31373 31434 0
394 500109 500138 0
395 26 94 0
396 40 86 0
397 500171 500198 0
398 31399 31408 0
399 31397 31449 0
--------------
1000000 :c
1004652 :sum(p)
999996 :sum(w)
