400 :n
id p,w,x
--------------
0 95 3 1
1 80 6 1
2 96 8 1
3 47 7 1
4 55 22 1
5 43 19 1
6 99 49 1
7 95 48 1
8 84 56 1
9 61 42 1
10 83 64 1
11 90 77 1
12 28 24 1
13 2150 2060 1
14 2151 2074 1
15 2125 2054 1
16 2151 2081 1
17 2135 2068 1
18 2150 2093 1
19 2132 2079 1
20 2132 2089 1
21 2137 2094 1
22 2144 2102 1
23 4099 4023 1
24 4102 4026 1
25 4089 4014 1
26 4078 4008 1
27 4076 4007 1
28 4085 4021 1
29 4094 4034 1
30 2145 2114 1
31 4066 4009 1
32 74 73 1
33 4073 4026 1
34 2131 2111 1
35 4068 4030 1
36 2098 2079 1
37 2093 2075 1
38 2099 2081 1
39 7998 7931 1
40 8011 7950 1
41 4061 4033 1
42 2153 2139 1
43 7965 7916 1
44 7974 7927 1
45 2140 2128 1
46 15817 15732 1
47 7970 7932 1
48 2084 2075 1
49 2106 2097 1
50 15793 15727 1
51 15820 15754 1
52 15799 15735 1
53 2085 2077 1
54 8009 7979 1
55 4033 4018 1
56 15812 15757 1
57 15796 15746 1
58 15799 15750 1
59 15817 15768 1
60 7991 7967 1
61 15786 15740 1
62 8005 7983 1
63 15824 15781 1
64 7974 7953 1
65 15779 15738 1
66 15795 15755 1
67 15770 15732 1
68 15807 15770 1
69 15764 15730 1
70 31423 31357 1
71 8009 7993 1
72 15808 15778 1
73 7968 7953 1
74 7983 7970 1
75 31407 31359 1
76 31428 31380 1
77 31412 31365 1
78 31417 31371 1
79 31444 31402 1
80 4050 4045 1
81 7957 7948 1
82 62684 62612 1
83 31418 31386 1
84 31420 31388 1
85 8011 8002 1
86 31442 31412 1
87 2134 2132 1
88 31402 31373 1
89 15758 15745 0
90 78 64 1
91 62680 62604 1
92 62661 62610 1
93 62686 62636 0
94 31419 31397 0
95 62694 62693 0
96 4079 4076 1
97 31379 31364 0
98 125198 125103 0
99 15822 15810 1
100 62656 62610 0
101 31440 31417 0
102 31427 31405 0
103 2150 2152 1
104 125196 125105 0
105 500163 500178 0
106 62684 62644 0
107 15777 15767 0
108 31373 31354 0
109 31413 31395 0
110 62662 62628 0
111 62646 62615 0
112 31404 31389 0
113 125181 125123 0
114 125175 125119 0
115 125195 125139 0
116 62629 62604 0
117 31370 31358 0
118 15736 15730 0
119 15745 15739 0
120 7983 7980 1
121 62655 62633 0
122 62622 62601 0
123 31384 31374 0
124 62643 62626 0
125 62622 62606 0
126 31365 31357 0
127 7977 7975 0
128 31380 31374 0
129 62637 62627 0
130 31436 31431 0
131 62617 62608 0
132 62637 62632 0
133 31374 31373 0
134 31438 31437 0
135 72 72 1
136 4043 4043 1
137 7979 7979 0
138 7939 7939 0
139 15766 15768 0
140 31431 31436 0
141 15781 15784 0
142 31399 31407 0
143 31418 31427 0
144 7945 7948 0
145 15772 15779 0
146 4088 4090 1
147 4020 4022 0
148 15749 15758 0
149 7994 7999 0
150 15777 15787 0
151 15770 15780 0
152 31381 31401 0
153 15766 15777 0
154 8006 8012 0
155 7997 8003 0
156 7982 7988 0
157 7953 7959 0
158 7927 7933 0
159 15806 15818 0
160 4048 4053 0
161 7936 7946 0
162 15729 15751 0
163 7943 7955 0
164 7977 7990 0
165 7923 7937 0
166 15752 15781 0
167 15749 15779 0
168 15775 15807 0
169 15791 15824 0
170 7981 7998 0
171 4025 4034 0
172 4046 4056 0
173 4024 4036 0
174 7913 7937 0
175 4039 4052 0
176 4085 4099 0
177 4009 4023 0
178 2084 2092 0
179 7944 7976 0
180 7940 7974 0
181 2092 2101 0
182 4060 4079 0
183 2106 2118 0
184 2092 2105 0
185 4072 4099 0
186 4037 4067 0
187 4040 4071 0
188 4028 4061 0
189 4048 4082 0
190 4007 4043 0
191 2115 2135 0
192 4057 4096 0
193 2131 2152 0
194 2123 2144 0
195 2070 2092 0
196 2102 2126 0
197 2120 2147 0
198 2089 2125 0
199 2089 2130 0
200 2059 2100 0
201 89 93 0
202 90 98 0
203 53 61 0
204 79 94 0
205 70 93 0
206 34 51 0
207 38 61 0
208 21 34 0
209 17 28 0
210 8 14 0
211 40 72 0
212 22 46 0
213 28 59 0
214 25 61 0
215 14 37 0
216 2 42 0
217 250102 250169 0
218 250153 250142 0
219 250118 250152 0
220 250197 250183 0
221 15734 15787 0
222 250198 250152 0
223 250120 250146 0
224 15744 15816 0
225 250149 250103 0
226 15736 15791 0
227 250123 250141 0
228 250190 250103 0
229 250177 250155 0
230 250195 250159 0
231 15727 15796 0
232 250165 250150 0
233 250134 250167 0
234 250194 250190 0
235 250187 250123 0
236 250167 250132 0
237 125108 125146 0
238 15747 15785 0
239 125138 125175 0
240 250179 250134 0
241 125125 125198 0
242 15736 15794 0
243 125153 125156 0
244 125159 125172 0
245 125126 125117 0
246 250102 250166 0
247 250170 250192 0
248 250199 250127 0
249 125159 125175 0
250 7955 7998 0
251 125120 125172 0
252 7913 7977 0
253 31385 31429 0
254 250197 250126 0
255 250116 250197 0
256 31386 31443 0
257 7914 7964 0
258 125160 125115 0
259 250150 250180 0
260 125163 125133 0
261 7940 7984 0
262 250183 250150 0
263 7922 7987 0
264 250139 250170 0
265 125106 125176 0
266 7945 7992 0
267 31365 31435 0
268 250109 250173 0
269 31411 31434 0
270 250187 250125 0
271 31396 31446 0
272 125131 125182 0
273 250140 250168 0
274 7922 8005 0
275 250198 250125 0
276 250174 250155 0
277 125182 125158 0
278 31415 31439 0
279 4007 4095 0
280 250157 250192 0
281 250180 250127 0
282 31393 31416 0
283 250179 250173 0
284 125104 125123 0
285 250138 250163 0
286 125106 125134 0
287 250131 250117 0
288 250175 250180 0
289 31379 31404 0
290 125159 125189 0
291 31402 31430 0
292 125129 125168 0
293 250145 250198 0
294 4026 4073 0
295 31358 31431 0
296 125176 125154 0
297 31360 31414 0
298 31387 31421 0
299 4016 4088 0
300 250157 250200 0
301 125110 125140 0
302 250135 250181 0
303 125106 125167 0
304 125163 125146 0
305 250187 250158 0
306 125118 125166 0
307 62609 62699 0
308 62611 62661 0
309 500155 500109 0
310 4047 4101 0
311 500200 500184 0
312 4012 4056 0
313 4024 4069 0
314 125162 125199 0
315 500182 500108 0
316 500105 500194 0
317 4007 4052 0
318 4019 4085 0
319 500185 500165 0
320 500179 500148 0
321 500140 500161 0
322 500185 500148 0
323 500129 500181 0
324 500196 500180 0
325 125128 125171 0
326 2058 2133 0
327 500133 500122 0
328 62613 62694 0
329 500141 500141 0
330 500136 500120 0
331 500142 500112 0
332 62666 62672 0
333 2064 2127 0
334 2090 2138 0
335 500126 500119 0
336 500140 500175 0
337 500182 500105 0
338 500141 500113 0
339 500183 500101 0
340 2077 2128 0
341 62668 62670 0
342 500123 500151 0
343 125164 125140 0
344 62685 62699 0
345 500107 500117 0
346 2079 2138 0
347 500172 500166 0
348 125106 125126 0
349 62603 62689 0
350 62648 62646 0
351 62631 62689 0
352 62609 62626 0
353 125175 125192 0
354 500157 500123 0
355 62618 62681 0
356 62640 62654 0
357 500182 500177 0
358 500170 500194 0
359 62622 62637 0
360 500142 500144 0
361 500124 500133 0
362 62666 62667 0
363 500151 500179 0
364 125179 125149 0
365 500176 500199 0
366 500189 500116 0
367 500137 500187 0
368 125143 125123 0
369 15 66 0
370 500156 500196 0
371 62604 62639 0
372 62694 62700 0
373 500175 500191 0
374 500146 500102 0
375 500102 500170 0
376 3 86 0
377 125101 125110 0
378 500139 500196 0
379 500188 500117 0
380 1 83 0
381 62639 62670 0
382 125107 125151 0
383 18 99 0
384 62602 62659 0
385 3 74 0
386 44 92 0
387 62626 62631 0
388 125120 125153 0
389 500173 500140 0
390 500116 500131 0
391 17 71 0
392 3 79 0
393 62659 62667 0
394 125149 125132 0
395 62605 62610 0
396 62617 62648 0
397 62669 62694 0
398 125143 125195 0
399 125139 125189 0
--------------
1000000 :c
1003843 :sum(p)
999997 :sum(w)
