400 :n
id p,w,x
--------------
0 31416 31353 1
1 31435 31360 1
2 84 31 1
3 71 6 1
4 97 46 1
5 80 31 1
6 76 19 1
7 15788 15743 1
8 31450 31360 1
9 87 18 1
10 15806 15757 1
11 88 30 1
12 90 38 1
13 86 46 1
14 45 16 1
15 15764 15726 1
16 73 50 1
17 64 29 1
18 15825 15785 1
19 2150 2072 1
20 2089 2065 1
21 2119 2076 1
22 2151 2078 1
23 2141 2082 1
24 2099 2066 1
25 2098 2067 1
26 15825 15729 1
27 2151 2068 1
28 15802 15755 1
29 2134 2092 1
30 15777 15728 1
31 2142 2084 1
32 15800 15742 1
33 2151 2065 1
34 2143 2107 1
35 2113 2055 1
36 4080 4026 1
37 8005 7966 1
38 4068 4008 1
39 4074 4014 1
40 4055 4012 1
41 4106 4029 1
42 4092 4052 1
43 4045 4007 1
44 4102 4035 1
45 4092 4057 1
46 8009 7913 1
47 7985 7943 1
48 4066 4029 1
49 4044 4009 1
50 4099 4036 1
51 7986 7936 1
52 4089 4026 1
53 7956 7919 1
54 7962 7918 1
55 7982 7946 1
56 23 10 1
57 38 21 1
58 49 34 1
59 49 42 1
60 2074 2055 1
61 4091 4066 1
62 2114 2105 1
63 2068 2060 1
64 7991 7962 1
65 7942 7915 1
66 7948 7921 1
67 4052 4040 1
68 7945 7925 1
69 4086 4076 1
70 2085 2080 1
71 7937 7918 1
72 15795 15760 1
73 7958 7942 0
74 4044 4036 1
75 15767 15738 1
76 31421 31367 1
77 15757 15730 1
78 31434 31383 1
79 15794 15769 1
80 62687 62606 1
81 69 47 1
82 62682 62607 1
83 62675 62601 1
84 100 91 1
85 15804 15781 1
86 2082 2079 0
87 31444 31404 1
88 15763 15743 0
89 7996 7986 0
90 31444 31405 1
91 31407 31370 1
92 31447 31410 1
93 4028 4022 0
94 31394 31360 1
95 31421 31387 1
96 62691 62628 0
97 62694 62631 1
98 62696 62653 0
99 31426 31404 0
100 31379 31358 0
101 2078 2076 0
102 31418 31388 0
103 15811 15796 0
104 15761 15747 0
105 7941 7935 0
106 4066 4063 0
107 15815 15804 0
108 125135 125103 0
109 31391 31369 0
110 62652 62601 0
111 15818 15819 0
112 62667 62625 0
113 31393 31419 0
114 62690 62638 0
115 15804 15794 0
116 62682 62644 0
117 62643 62608 0
118 125196 125132 0
119 62674 62643 0
120 4100 4098 0
121 2134 2133 0
122 31368 31354 0
123 31377 31363 0
124 125187 125134 0
125 62690 62664 0
126 31410 31397 0
127 62649 62624 0
128 125186 125137 0
129 31381 31369 0
130 31393 31381 0
131 62656 62636 0
132 62676 62656 0
133 31411 31401 0
134 31386 31377 0
135 62654 62637 0
136 62632 62616 0
137 15775 15771 0
138 7921 7919 0
139 4090 4089 0
140 15803 15801 0
141 2139 2139 0
142 7956 7956 0
143 7978 7978 0
144 4072 4072 0
145 15791 15792 0
146 15739 15740 0
147 15726 15727 0
148 7967 7968 0
149 7965 7966 0
150 7943 7944 0
151 15757 15762 0
152 8000 8009 0
153 7962 7973 0
154 7957 7968 0
155 2085 2088 0
156 4088 4094 0
157 4065 4071 0
158 2108 2112 0
159 4071 4079 0
160 4096 4105 0
161 4022 4032 0
162 4035 4046 0
163 4088 4103 0
164 4080 4095 0
165 2065 2074 0
166 2115 2125 0
167 2061 2073 0
168 2080 2093 0
169 30 31 1
170 42 45 0
171 54 60 0
172 64 74 0
173 43 62 0
174 19 34 0
175 5 10 0
176 6 27 0
177 500177 500135 0
178 250167 250107 0
179 250169 250137 0
180 250165 250135 0
181 62629 62621 0
182 250185 250151 0
183 125186 125153 0
184 125149 125107 0
185 250197 250101 0
186 125155 125111 0
187 125188 125155 0
188 62697 62685 0
189 500186 500162 0
190 250158 250140 0
191 250166 250136 0
192 125137 125130 0
193 62638 62633 0
194 250199 250153 0
195 250161 250132 0
196 125195 125178 0
197 62683 62672 0
198 250146 250130 0
199 62692 62684 0
200 250196 250137 0
201 250199 250144 0
202 31405 31400 0
203 250161 250122 0
204 250174 250113 0
205 500194 500143 0
206 500163 500113 0
207 125154 125123 0
208 500165 500122 0
209 500141 500110 0
210 125190 125166 0
211 250175 250112 0
212 250179 250154 0
213 500175 500146 0
214 500170 500144 0
215 500158 500134 0
216 500162 500122 0
217 500177 500143 0
218 125158 125138 0
219 15792 15824 0
220 62656 62697 0
221 250183 250195 0
222 15726 15812 0
223 62619 62645 0
224 15733 15793 0
225 62646 62688 0
226 250110 250163 0
227 15745 15798 0
228 15772 15800 0
229 15733 15745 0
230 15747 15755 0
231 15804 15812 0
232 250131 250181 0
233 62632 62633 0
234 250192 250186 0
235 62636 62681 0
236 62631 62629 0
237 15726 15734 0
238 62605 62636 0
239 7956 8005 0
240 7919 7949 0
241 62639 62661 0
242 250164 250160 0
243 125132 125138 0
244 62637 62695 0
245 7918 7947 0
246 62636 62652 0
247 250142 250191 0
248 125130 125195 0
249 250108 250141 0
250 15735 15813 0
251 7924 7981 0
252 125107 125146 0
253 250158 250194 0
254 7936 7966 0
255 7917 7976 0
256 250132 250144 0
257 15750 15782 0
258 250110 250175 0
259 250153 250160 0
260 7942 7984 0
261 250110 250152 0
262 7917 7954 0
263 250116 250160 0
264 62643 62667 0
265 7921 7994 0
266 7986 8005 0
267 62670 62687 0
268 7942 7983 0
269 250150 250170 0
270 7916 7993 0
271 125115 125155 0
272 7941 7995 0
273 250142 250195 0
274 7979 7996 0
275 125111 125115 0
276 7932 8002 0
277 62662 62675 0
278 7934 7984 0
279 125187 125183 0
280 4028 4099 0
281 125167 125174 0
282 125146 125158 0
283 125125 125177 0
284 4047 4099 0
285 4043 4067 0
286 250126 250190 0
287 15730 15738 0
288 125101 125138 0
289 15743 15822 0
290 4035 4054 0
291 125138 125189 0
292 15761 15803 0
293 15753 15798 0
294 125111 125161 0
295 62693 62696 0
296 4038 4105 0
297 250156 250151 0
298 125125 125180 0
299 4016 4071 0
300 250133 250157 0
301 250146 250146 0
302 250136 250148 0
303 4009 4034 0
304 4025 4102 0
305 4058 4076 0
306 250126 250147 0
307 250120 250127 0
308 250169 250193 0
309 62626 62698 0
310 4066 4095 0
311 62608 62686 0
312 125134 125178 0
313 500135 500140 0
314 500135 500180 0
315 125135 125167 0
316 31358 31362 0
317 500148 500189 0
318 500161 500187 0
319 2065 2112 0
320 500173 500193 0
321 500135 500159 0
322 2057 2145 0
323 2079 2127 0
324 2078 2106 0
325 500174 500175 0
326 125128 125151 0
327 125120 125125 0
328 500103 500181 0
329 31372 31438 0
330 62664 62679 0
331 500173 500168 0
332 2114 2134 0
333 125156 125191 0
334 500166 500197 0
335 31394 31437 0
336 500155 500161 0
337 500122 500189 0
338 31360 31376 0
339 500105 500118 0
340 125167 125192 0
341 500113 500113 0
342 500130 500187 0
343 2104 2135 0
344 31351 31370 0
345 125121 125197 0
346 2088 2126 0
347 31360 31375 0
348 2076 2110 0
349 500174 500181 0
350 2091 2112 0
351 250113 250137 0
352 2069 2127 0
353 2059 2136 0
354 2088 2115 0
355 2058 2122 0
356 125138 125144 0
357 125115 125187 0
358 125100 125113 0
359 500134 500119 0
360 500169 500197 0
361 1 31 0
362 3 63 0
363 19 95 0
364 66 90 0
365 125157 125180 0
366 500124 500102 0
367 57 99 0
368 125101 125155 0
369 31380 31443 0
370 42 81 0
371 500145 500131 0
372 31369 31393 0
373 31363 31440 0
374 31351 31369 0
375 500137 500181 0
376 2 75 0
377 2 35 0
378 31354 31372 0
379 500104 500121 0
380 500124 500181 0
381 125140 125162 0
382 31362 31445 0
383 15 69 0
384 500114 500152 0
385 31385 31386 0
386 72 94 0
387 20 54 0
388 31406 31441 0
389 64 96 0
390 14 68 0
391 500122 500133 0
392 125158 125167 0
393 500186 500174 0
394 31 89 0
395 500156 500172 0
396 500141 500165 0
397 500147 500141 0
398 31359 31363 0
399 31407 31421 0
--------------
1000000 :c
1004009 :sum(p)
1000000 :sum(w)
