400 :n
id p,w,x
--------------
0 15823 15775 1
1 15824 15766 1
2 8012 7970 1
3 91 24 1
4 82 28 1
5 8010 7981 1
6 4069 4032 1
7 64 55 1
8 49 16 1
9 61 41 1
10 76 70 1
11 7986 7925 1
12 8012 7953 1
13 32 15 1
14 43 10 1
15 80 62 1
16 4064 4011 1
17 13 5 1
18 4094 4025 1
19 83 71 1
20 68 9 1
21 34 8 1
22 86 18 1
23 87 32 1
24 84 15 1
25 95 67 1
26 31446 31367 1
27 7997 7926 1
28 34 20 1
29 31435 31353 1
30 2150 2076 1
31 4083 4036 1
32 2097 2061 1
33 2125 2098 1
34 4089 4053 1
35 7984 7963 1
36 2134 2070 1
37 2099 2064 1
38 4044 4033 1
39 2146 2115 1
40 4092 4043 1
41 2130 2055 1
42 4106 4014 1
43 4060 4024 1
44 2145 2131 1
45 4053 4039 1
46 2119 2055 1
47 15811 15737 1
48 4078 4034 1
49 15791 15726 1
50 2152 2075 1
51 2080 2069 1
52 2145 2125 1
53 2084 2065 1
54 2110 2071 1
55 4080 4039 1
56 15789 15739 1
57 2130 2074 1
58 2116 2074 1
59 15779 15754 1
60 31425 31359 1
61 31417 31369 1
62 15774 15746 1
63 31447 31372 1
64 31407 31361 1
65 7951 7935 1
66 31430 31364 1
67 31426 31363 1
68 7997 7977 1
69 15772 15746 1
70 31426 31383 1
71 7940 7925 1
72 7978 7964 1
73 4031 4023 1
74 4033 4025 1
75 4041 4033 1
76 2130 2126 1
77 4074 4067 1
78 62698 62614 1
79 31403 31362 1
80 62689 62609 1
81 31421 31381 1
82 31444 31407 1
83 4081 4077 1
84 31430 31400 0
85 62687 62629 0
86 93 38 1
87 31393 31363 1
88 62659 62601 1
89 31439 31410 1
90 62684 62627 0
91 62698 62680 0
92 77 100 0
93 15793 15795 0
94 31407 31379 1
95 62664 62611 0
96 31415 31389 0
97 15740 15727 1
98 15744 15731 1
99 31378 31354 0
100 31435 31411 0
101 15778 15766 0
102 15798 15786 0
103 4053 4050 0
104 7965 7961 0
105 2134 2133 0
106 2129 2130 0
107 49 50 0
108 35 38 0
109 24 29 0
110 250192 250131 0
111 15809 15808 0
112 15799 15796 0
113 125191 125180 0
114 250198 250107 0
115 250143 250110 0
116 250197 250108 0
117 125161 125126 0
118 125183 125102 0
119 62695 62691 0
120 62664 62649 0
121 250167 250143 0
122 62627 62601 0
123 250179 250125 0
124 250182 250116 0
125 250147 250111 0
126 62649 62617 0
127 62648 62631 0
128 250124 250102 0
129 62694 62671 0
130 125181 125156 0
131 125182 125102 0
132 62665 62636 0
133 500158 500130 0
134 250166 250119 0
135 62670 62628 0
136 250200 250163 0
137 62642 62609 0
138 250139 250124 0
139 250157 250137 0
140 62686 62670 0
141 250175 250124 0
142 31395 31393 0
143 31389 31366 0
144 250154 250129 0
145 62697 62665 0
146 250167 250114 0
147 62653 62618 0
148 31448 31429 0
149 62676 62668 0
150 62672 62642 0
151 500172 500119 0
152 125197 125138 0
153 500184 500120 0
154 62651 62633 0
155 31392 31381 0
156 62653 62633 0
157 62677 62648 0
158 500179 500102 0
159 500191 500121 0
160 500168 500113 0
161 500177 500131 0
162 31439 31423 0
163 500191 500101 0
164 31434 31413 0
165 500189 500153 0
166 500154 500113 0
167 500176 500106 0
168 31440 31420 0
169 125179 125138 0
170 500178 500136 0
171 31431 31409 0
172 500173 500123 0
173 500199 500113 0
174 31436 31429 0
175 125159 125115 0
176 125117 125104 0
177 8003 8001 0
178 125128 125105 0
179 125173 125113 0
180 250195 250126 0
181 250139 250104 0
182 250176 250128 0
183 31386 31414 0
184 62649 62650 0
185 62612 62664 0
186 62625 62672 0
187 31378 31424 0
188 62605 62640 0
189 62649 62685 0
190 31388 31425 0
191 62604 62691 0
192 31405 31408 0
193 62609 62699 0
194 62635 62682 0
195 62652 62690 0
196 62656 62666 0
197 31358 31434 0
198 31372 31381 0
199 62602 62632 0
200 15792 15803 0
201 15784 15807 0
202 62615 62622 0
203 62641 62681 0
204 15733 15736 0
205 62601 62650 0
206 62601 62670 0
207 125115 125114 0
208 15786 15803 0
209 125107 125122 0
210 15808 15818 0
211 15760 15805 0
212 125130 125156 0
213 15776 15797 0
214 15785 15796 0
215 15757 15774 0
216 15729 15745 0
217 125158 125178 0
218 15764 15802 0
219 15749 15758 0
220 15769 15807 0
221 15752 15782 0
222 15784 15787 0
223 125113 125143 0
224 15731 15772 0
225 15736 15775 0
226 125140 125154 0
227 125123 125177 0
228 125118 125127 0
229 15797 15800 0
230 15759 15796 0
231 15768 15817 0
232 15736 15810 0
233 125116 125138 0
234 15763 15786 0
235 125113 125129 0
236 15814 15822 0
237 15755 15758 0
238 15728 15797 0
239 125138 125153 0
240 7924 7951 0
241 125114 125165 0
242 7925 7975 0
243 125104 125149 0
244 7943 7969 0
245 7977 7978 0
246 7976 8009 0
247 7951 8010 0
248 7952 7982 0
249 7987 8012 0
250 7939 8002 0
251 7926 8001 0
252 7973 8005 0
253 7942 7960 0
254 7970 7973 0
255 7951 7975 0
256 125113 125187 0
257 7940 7991 0
258 7967 7975 0
259 7922 7935 0
260 125137 125172 0
261 125129 125130 0
262 125150 125176 0
263 7949 7964 0
264 125122 125162 0
265 125106 125142 0
266 7932 7959 0
267 7928 7975 0
268 7924 7997 0
269 7929 7997 0
270 125152 125166 0
271 7933 8003 0
272 7978 7983 0
273 7980 7994 0
274 7942 7976 0
275 7938 7941 0
276 7935 8011 0
277 125137 125159 0
278 125146 125187 0
279 4035 4082 0
280 125137 125140 0
281 125162 125164 0
282 125146 125148 0
283 125144 125158 0
284 125164 125197 0
285 4028 4038 0
286 4023 4097 0
287 4025 4036 0
288 4029 4082 0
289 125117 125182 0
290 4062 4090 0
291 4019 4033 0
292 125187 125180 0
293 250160 250183 0
294 4054 4088 0
295 250161 250178 0
296 4056 4060 0
297 250133 250163 0
298 4077 4090 0
299 250109 250108 0
300 4044 4075 0
301 250114 250160 0
302 250117 250175 0
303 4051 4102 0
304 250134 250159 0
305 4045 4050 0
306 250152 250178 0
307 4028 4098 0
308 4016 4030 0
309 4011 4059 0
310 250162 250188 0
311 4010 4088 0
312 250106 250153 0
313 4070 4095 0
314 4054 4083 0
315 250126 250187 0
316 4021 4076 0
317 4070 4076 0
318 4018 4020 0
319 250117 250103 0
320 2142 2148 0
321 250130 250173 0
322 250106 250133 0
323 250142 250175 0
324 2063 2152 0
325 2054 2073 0
326 250125 250170 0
327 250161 250185 0
328 2061 2132 0
329 2070 2116 0
330 2073 2118 0
331 250128 250144 0
332 2130 2143 0
333 2078 2141 0
334 250119 250122 0
335 62605 62603 0
336 250132 250134 0
337 2119 2132 0
338 2059 2112 0
339 2083 2113 0
340 250116 250143 0
341 2056 2114 0
342 2111 2126 0
343 500186 500190 0
344 500105 500178 0
345 2102 2147 0
346 2054 2101 0
347 2126 2138 0
348 500137 500130 0
349 500102 500162 0
350 2099 2120 0
351 500106 500129 0
352 2081 2127 0
353 500127 500117 0
354 2060 2079 0
355 2061 2116 0
356 500105 500144 0
357 500119 500138 0
358 2126 2145 0
359 30 60 0
360 46 59 0
361 47 94 0
362 4 30 0
363 31391 31424 0
364 31 52 0
365 500116 500115 0
366 48 79 0
367 20 74 0
368 3 68 0
369 20 82 0
370 500110 500126 0
371 500170 500190 0
372 500105 500109 0
373 500120 500163 0
374 29 99 0
375 30 40 0
376 51 77 0
377 49 64 0
378 500114 500172 0
379 500159 500143 0
380 5 34 0
381 500115 500187 0
382 20 90 0
383 500196 500200 0
384 31395 31437 0
385 500200 500193 0
386 54 71 0
387 500106 500126 0
388 500119 500132 0
389 24 52 0
390 500106 500138 0
391 31353 31450 0
392 500119 500159 0
393 31390 31410 0
394 500193 500183 0
395 500128 500167 0
396 500109 500102 0
397 500168 500169 0
398 31381 31432 0
399 31351 31384 0
--------------
1000000 :c
1003645 :sum(p)
999999 :sum(w)
