400 :n
id p,w,x
--------------
0 4096 4009 1
1 4093 4045 1
2 15825 15737 1
3 15804 15742 1
4 74 3 1
5 70 46 1
6 93 17 1
7 78 14 1
8 75 5 1
9 80 46 1
10 90 72 1
11 78 53 1
12 99 3 1
13 99 47 1
14 84 17 1
15 92 73 1
16 83 42 1
17 42 3 1
18 47 13 1
19 4060 4021 1
20 15816 15736 1
21 75 42 1
22 47 17 1
23 85 37 1
24 4093 4029 1
25 89 51 1
26 96 28 1
27 2150 2112 1
28 2112 2087 1
29 7989 7913 1
30 7990 7956 1
31 2137 2070 1
32 2128 2092 1
33 2150 2112 1
34 2107 2082 1
35 7953 7926 1
36 2101 2058 1
37 2135 2118 1
38 7971 7929 1
39 2101 2083 1
40 2122 2063 1
41 2084 2054 1
42 2131 2109 1
43 2145 2101 1
44 4100 4028 1
45 2127 2101 1
46 7989 7933 1
47 7991 7954 1
48 4106 4073 1
49 4070 4039 1
50 7996 7917 1
51 4065 4038 1
52 4073 4046 1
53 8004 7967 1
54 4068 4019 1
55 4089 4009 1
56 15812 15760 1
57 15790 15755 1
58 15780 15736 1
59 31413 31361 1
60 31437 31387 1
61 31437 31384 1
62 31426 31355 1
63 8011 7985 1
64 15773 15737 1
65 15804 15751 1
66 15783 15741 1
67 15795 15756 1
68 7987 7965 1
69 7977 7952 1
70 15792 15739 1
71 31432 31361 1
72 15802 15759 1
73 15805 15752 1
74 15 8 1
75 36 32 1
76 2151 2141 1
77 4045 4030 1
78 4090 4075 1
79 4106 4091 1
80 4076 4063 1
81 4094 4081 1
82 2067 2062 1
83 4073 4064 1
84 7979 7962 1
85 15769 15737 1
86 15759 15729 1
87 15785 15756 1
88 8008 7995 1
89 8011 7998 1
90 31424 31376 1
91 31436 31388 1
92 7979 7969 1
93 7925 7916 0
94 2064 2062 0
95 62663 62605 1
96 62682 62629 1
97 31404 31379 1
98 31434 31410 1
99 48 8 1
100 31388 31358 1
101 31383 31356 1
102 4046 4043 1
103 62650 62604 0
104 4105 4102 1
105 31447 31441 0
106 31446 31449 0
107 15782 15811 0
108 125195 125105 0
109 15784 15774 1
110 15800 15790 0
111 125192 125113 0
112 125190 125115 0
113 7915 7925 0
114 62672 62637 0
115 62687 62652 0
116 62680 62646 0
117 125170 125103 0
118 62691 62659 0
119 31418 31402 0
120 15806 15798 1
121 15812 15804 0
122 62700 62669 0
123 62686 62657 0
124 15815 15808 1
125 62649 62624 0
126 15733 15727 0
127 7937 7934 0
128 31379 31368 0
129 31418 31407 0
130 62627 62606 0
131 31427 31419 0
132 15786 15782 0
133 15791 15787 0
134 4063 4062 0
135 15819 15817 0
136 4093 4093 0
137 4077 4078 0
138 7948 7951 0
139 7989 7995 0
140 4016 4020 0
141 4094 4099 0
142 2086 2089 0
143 4008 4017 0
144 2068 2073 0
145 2120 2130 0
146 78 83 0
147 73 82 0
148 51 61 0
149 20 26 0
150 16 21 0
151 125194 125158 0
152 500182 500124 0
153 125124 125104 0
154 125175 125152 0
155 125125 125110 0
156 125182 125159 0
157 500197 500118 0
158 500177 500107 0
159 500200 500111 0
160 125174 125159 0
161 250199 250157 0
162 250174 250138 0
163 250144 250104 0
164 250152 250121 0
165 250141 250113 0
166 250164 250118 0
167 500170 500116 0
168 500185 500120 0
169 62688 62680 0
170 500192 500114 0
171 250187 250110 0
172 250183 250120 0
173 62691 62674 0
174 125127 125103 0
175 62648 62628 0
176 250177 250120 0
177 125191 125159 0
178 125141 125113 0
179 125192 125164 0
180 62667 62650 0
181 125176 125121 0
182 250187 250139 0
183 62667 62651 0
184 62672 62654 0
185 250198 250136 0
186 31354 31352 0
187 62671 62689 0
188 31385 31434 0
189 31387 31437 0
190 31367 31381 0
191 31377 31442 0
192 31398 31413 0
193 31411 31442 0
194 31397 31441 0
195 62675 62673 0
196 31362 31383 0
197 62629 62672 0
198 31359 31374 0
199 62653 62689 0
200 15765 15783 0
201 62613 62649 0
202 62635 62643 0
203 62604 62620 0
204 15737 15774 0
205 62622 62656 0
206 15735 15780 0
207 62684 62686 0
208 62660 62667 0
209 62649 62668 0
210 15775 15791 0
211 62651 62673 0
212 15742 15803 0
213 15774 15812 0
214 15737 15779 0
215 62645 62642 0
216 15729 15745 0
217 15784 15802 0
218 62694 62698 0
219 62619 62688 0
220 15783 15790 0
221 62608 62688 0
222 62603 62626 0
223 15762 15825 0
224 62649 62691 0
225 125108 125105 0
226 125135 125174 0
227 15746 15785 0
228 125112 125134 0
229 125159 125195 0
230 15738 15746 0
231 125126 125124 0
232 125133 125154 0
233 125106 125117 0
234 125119 125168 0
235 125179 125173 0
236 125111 125186 0
237 15758 15803 0
238 125167 125195 0
239 7974 7996 0
240 7914 7951 0
241 125131 125126 0
242 125128 125180 0
243 7954 7989 0
244 7941 7977 0
245 125176 125180 0
246 7967 7989 0
247 125162 125190 0
248 7957 7979 0
249 125136 125138 0
250 7929 7995 0
251 7931 7983 0
252 125146 125173 0
253 31419 31433 0
254 125112 125117 0
255 7964 7990 0
256 7918 7961 0
257 7937 7947 0
258 125119 125111 0
259 7982 7999 0
260 125100 125128 0
261 125107 125118 0
262 7937 7983 0
263 7970 8007 0
264 7954 7971 0
265 125188 125193 0
266 7917 7929 0
267 125126 125113 0
268 125159 125180 0
269 7916 7976 0
270 7918 7928 0
271 125104 125196 0
272 62669 62688 0
273 250104 250118 0
274 7969 7997 0
275 250112 250168 0
276 7944 7959 0
277 31388 31419 0
278 250134 250159 0
279 250119 250101 0
280 250121 250186 0
281 4057 4096 0
282 31424 31426 0
283 250106 250170 0
284 62627 62680 0
285 250106 250152 0
286 4016 4038 0
287 250136 250127 0
288 250113 250128 0
289 250180 250168 0
290 250129 250139 0
291 4007 4062 0
292 250117 250172 0
293 4049 4094 0
294 250111 250129 0
295 250152 250126 0
296 4010 4020 0
297 250145 250178 0
298 4046 4093 0
299 4050 4071 0
300 250109 250186 0
301 31364 31367 0
302 250128 250147 0
303 31397 31427 0
304 250125 250158 0
305 250115 250131 0
306 4023 4092 0
307 250126 250146 0
308 4029 4061 0
309 4052 4075 0
310 4038 4088 0
311 4056 4077 0
312 4046 4069 0
313 250149 250173 0
314 62612 62636 0
315 250173 250189 0
316 4018 4075 0
317 250157 250162 0
318 4013 4070 0
319 31396 31433 0
320 250159 250158 0
321 250136 250177 0
322 2073 2084 0
323 250172 250198 0
324 2069 2131 0
325 2087 2108 0
326 2094 2142 0
327 250112 250133 0
328 2128 2150 0
329 250171 250163 0
330 250125 250159 0
331 62634 62650 0
332 500157 500146 0
333 500108 500170 0
334 500129 500185 0
335 2079 2098 0
336 2065 2088 0
337 500102 500119 0
338 2084 2133 0
339 500195 500162 0
340 2089 2124 0
341 2105 2132 0
342 2120 2151 0
343 500101 500121 0
344 500122 500113 0
345 500135 500121 0
346 2081 2151 0
347 2082 2097 0
348 2097 2139 0
349 62638 62644 0
350 2078 2092 0
351 2105 2126 0
352 2061 2109 0
353 2064 2114 0
354 500136 500139 0
355 2109 2132 0
356 500103 500186 0
357 2119 2135 0
358 500133 500168 0
359 500104 500155 0
360 500148 500133 0
361 500154 500124 0
362 500130 500106 0
363 49 93 0
364 14 90 0
365 82 96 0
366 14 100 0
367 31369 31421 0
368 500111 500124 0
369 6 92 0
370 31370 31426 0
371 500142 500178 0
372 500139 500170 0
373 500119 500148 0
374 500115 500122 0
375 500159 500183 0
376 500189 500179 0
377 2 72 0
378 52 93 0
379 500144 500146 0
380 31386 31397 0
381 31413 31421 0
382 500165 500129 0
383 500110 500167 0
384 8 76 0
385 19 47 0
386 500163 500146 0
387 500173 500159 0
388 28 55 0
389 83 97 0
390 500199 500176 0
391 500173 500139 0
392 500199 500152 0
393 32 84 0
394 31394 31443 0
395 500198 500193 0
396 500180 500197 0
397 500105 500182 0
398 31394 31420 0
399 31426 31424 0
--------------
1000000 :c
1004064 :sum(p)
1000000 :sum(w)
