400 :n
id p,w,x
--------------
0 4089 4022 1
1 4096 4039 1
2 4080 4021 1
3 8004 7922 1
4 8012 7930 1
5 4104 4022 1
6 4080 4023 1
7 2122 2058 1
8 8010 7917 1
9 86 22 1
10 15820 15741 1
11 2151 2057 1
12 31444 31355 1
13 2139 2074 1
14 91 32 1
15 86 14 1
16 97 39 1
17 99 43 1
18 31442 31352 1
19 78 1 1
20 42 4 1
21 53 11 1
22 14 5 1
23 80 29 1
24 89 41 1
25 22 13 1
26 64 46 1
27 89 65 1
28 13 10 1
29 29 23 1
30 38 31 1
31 99 83 1
32 87 73 1
33 58 50 1
34 93 85 1
35 2116 2068 1
36 2112 2067 1
37 2102 2058 1
38 2133 2094 1
39 2105 2070 1
40 2139 2105 1
41 2105 2080 1
42 4100 4054 1
43 2122 2100 1
44 2105 2086 1
45 4059 4028 1
46 4060 4030 1
47 7973 7915 1
48 2100 2086 1
49 8003 7952 1
50 2114 2102 1
51 7973 7933 1
52 2067 2057 1
53 2129 2119 1
54 7981 7945 1
55 15806 15737 1
56 15813 15744 1
57 15807 15740 1
58 7970 7937 1
59 7986 7954 1
60 8004 7975 1
61 2069 2062 1
62 15806 15758 1
63 15779 15734 1
64 4061 4050 1
65 15823 15783 1
66 7965 7945 1
67 8006 7986 1
68 4027 4017 1
69 4088 4078 1
70 15820 15782 1
71 2104 2099 1
72 2126 2121 1
73 15810 15774 1
74 31442 31372 1
75 31420 31352 1
76 7991 7975 1
77 31426 31364 1
78 31420 31361 1
79 31433 31375 1
80 15770 15741 1
81 15783 15754 1
82 15822 15793 1
83 4020 4013 1
84 31440 31389 1
85 15763 15739 1
86 4075 4069 1
87 2076 2073 1
88 2084 2081 1
89 2094 2091 1
90 15789 15767 1
91 31401 31359 1
92 62693 62612 1
93 15774 15754 1
94 7976 7966 0
95 31442 31403 1
96 31445 31406 0
97 4053 4034 1
98 15772 15753 1
99 31424 31386 1
100 62686 62603 1
101 15758 15734 1
102 31425 31388 0
103 31437 31400 1
104 31448 31432 0
105 31414 31383 0
106 15825 15809 1
107 27 90 0
108 62693 62623 0
109 15746 15731 0
110 62688 62632 0
111 15806 15814 0
112 62694 62642 0
113 15785 15773 0
114 125194 125104 0
115 31393 31371 0
116 62645 62602 0
117 125193 125122 0
118 62645 62610 0
119 62677 62642 0
120 62680 62645 0
121 62699 62665 0
122 15804 15796 0
123 7957 7953 0
124 2091 2090 0
125 7945 7942 0
126 31426 31416 0
127 31398 31390 0
128 31400 31392 0
129 31360 31353 0
130 31433 31428 0
131 7990 7989 0
132 4101 4101 1
133 7918 7920 0
134 15774 15778 0
135 15752 15760 0
136 15750 15758 0
137 15782 15791 0
138 7960 7966 0
139 2132 2134 1
140 2091 2093 0
141 4023 4028 0
142 7922 7932 0
143 2128 2131 1
144 7984 7997 0
145 7993 8007 0
146 7971 7986 0
147 4044 4052 0
148 7966 7982 0
149 7921 7937 0
150 7960 7978 0
151 7914 7933 0
152 4094 4106 0
153 4043 4055 0
154 4021 4035 0
155 2082 2091 0
156 2080 2090 0
157 2119 2130 0
158 4009 4030 0
159 2125 2152 0
160 42 61 0
161 13 20 0
162 15 30 0
163 8 35 0
164 2 14 0
165 500198 500103 0
166 125139 125111 0
167 250127 250101 0
168 500198 500149 0
169 250193 250179 0
170 250162 250109 0
171 250134 250101 0
172 250171 250117 0
173 125196 125142 0
174 125190 125139 0
175 125185 125133 0
176 125177 125125 0
177 125146 125125 0
178 500145 500121 0
179 250197 250137 0
180 125152 125118 0
181 500172 500153 0
182 62631 62608 0
183 250174 250119 0
184 250187 250133 0
185 250130 250116 0
186 250194 250143 0
187 500168 500129 0
188 250175 250119 0
189 125160 125118 0
190 250144 250127 0
191 125167 125140 0
192 62624 62604 0
193 500189 500169 0
194 500179 500123 0
195 250176 250134 0
196 500158 500134 0
197 250168 250113 0
198 500183 500148 0
199 62650 62643 0
200 125166 125157 0
201 500199 500141 0
202 500161 500112 0
203 250157 250128 0
204 125134 125100 0
205 125168 125144 0
206 15736 15785 0
207 62616 62647 0
208 15726 15816 0
209 62604 62609 0
210 15770 15818 0
211 15773 15807 0
212 62644 62644 0
213 62639 62681 0
214 62634 62676 0
215 62626 62627 0
216 62630 62637 0
217 62631 62689 0
218 15776 15819 0
219 15740 15787 0
220 15767 15815 0
221 15736 15778 0
222 15809 15823 0
223 62616 62690 0
224 62653 62689 0
225 62652 62671 0
226 62606 62626 0
227 125137 125173 0
228 15762 15785 0
229 125109 125160 0
230 15759 15784 0
231 31356 31445 0
232 15737 15774 0
233 15729 15814 0
234 62639 62688 0
235 125105 125102 0
236 125117 125191 0
237 125131 125172 0
238 15757 15821 0
239 7932 7973 0
240 125146 125174 0
241 7938 8010 0
242 125147 125160 0
243 125129 125130 0
244 62631 62695 0
245 125138 125185 0
246 7917 8010 0
247 125169 125191 0
248 125133 125176 0
249 125119 125166 0
250 125122 125181 0
251 125131 125180 0
252 7948 7978 0
253 7924 7974 0
254 125109 125133 0
255 62632 62633 0
256 62663 62674 0
257 7933 7960 0
258 7929 7974 0
259 7926 8012 0
260 7957 7988 0
261 125100 125194 0
262 125176 125173 0
263 125104 125181 0
264 31377 31394 0
265 125105 125115 0
266 7968 7998 0
267 7957 8009 0
268 125137 125189 0
269 31360 31410 0
270 31445 31447 0
271 31383 31399 0
272 62625 62639 0
273 125105 125165 0
274 7968 7996 0
275 7941 8005 0
276 125139 125145 0
277 62670 62694 0
278 62651 62689 0
279 125115 125117 0
280 125172 125184 0
281 125158 125175 0
282 125154 125195 0
283 250159 250193 0
284 4037 4089 0
285 4062 4104 0
286 62655 62658 0
287 4035 4104 0
288 62607 62684 0
289 4018 4098 0
290 4016 4062 0
291 4011 4094 0
292 4055 4087 0
293 4009 4062 0
294 4046 4079 0
295 31360 31386 0
296 4072 4105 0
297 62613 62652 0
298 250166 250166 0
299 31353 31447 0
300 250136 250150 0
301 62633 62692 0
302 250155 250186 0
303 4007 4055 0
304 250108 250128 0
305 250117 250127 0
306 31392 31396 0
307 4035 4067 0
308 4029 4078 0
309 4019 4080 0
310 4014 4048 0
311 250126 250191 0
312 250119 250166 0
313 250171 250177 0
314 250105 250114 0
315 4036 4101 0
316 4021 4060 0
317 4051 4092 0
318 4022 4094 0
319 250114 250130 0
320 62613 62614 0
321 250120 250111 0
322 62615 62618 0
323 250122 250146 0
324 250125 250187 0
325 2064 2109 0
326 250150 250180 0
327 2069 2098 0
328 250142 250137 0
329 2057 2143 0
330 250161 250175 0
331 250172 250191 0
332 250104 250172 0
333 250135 250190 0
334 250158 250189 0
335 250121 250196 0
336 62629 62660 0
337 250142 250148 0
338 2113 2153 0
339 31410 31442 0
340 62648 62687 0
341 2066 2123 0
342 2057 2115 0
343 2067 2153 0
344 2071 2102 0
345 31354 31425 0
346 250149 250165 0
347 250101 250144 0
348 500130 500127 0
349 500103 500194 0
350 2069 2144 0
351 2063 2145 0
352 31379 31434 0
353 500168 500162 0
354 500152 500170 0
355 500117 500119 0
356 500169 500165 0
357 500195 500186 0
358 500168 500166 0
359 4 41 0
360 500115 500118 0
361 500133 500147 0
362 31407 31410 0
363 500149 500139 0
364 57 87 0
365 500131 500145 0
366 20 84 0
367 31364 31401 0
368 33 97 0
369 500187 500178 0
370 19 94 0
371 31409 31417 0
372 31359 31363 0
373 500141 500130 0
374 500141 500137 0
375 34 70 0
376 3 36 0
377 500132 500185 0
378 500148 500182 0
379 500129 500186 0
380 500176 500193 0
381 38 83 0
382 26 95 0
383 500111 500128 0
384 500151 500155 0
385 500166 500163 0
386 33 69 0
387 11 83 0
388 500101 500127 0
389 500137 500190 0
390 500146 500137 0
391 500154 500180 0
392 500155 500184 0
393 31354 31431 0
394 10 82 0
395 5 57 0
396 500151 500193 0
397 500161 500195 0
398 31400 31431 0
399 31386 31402 0
--------------
1000000 :c
1003942 :sum(p)
1000000 :sum(w)
