400 :n
id p,w,x
--------------
0 8011 7940 1
1 7995 7938 1
2 7966 7924 1
3 15818 15764 1
4 15807 15738 1
5 2119 2055 1
6 2126 2091 1
7 2136 2059 1
8 15803 15735 1
9 86 16 1
10 61 28 1
11 99 51 1
12 2146 2086 1
13 2108 2058 1
14 7977 7919 1
15 93 2 1
16 7980 7921 1
17 2106 2063 1
18 70 27 1
19 2126 2073 1
20 2128 2073 1
21 2140 2084 1
22 2148 2086 1
23 2131 2077 1
24 7986 7917 1
25 74 12 1
26 7994 7932 1
27 2129 2064 1
28 7988 7950 1
29 15818 15735 1
30 4092 4031 1
31 68 11 1
32 89 25 1
33 76 18 1
34 4105 4018 1
35 50 15 1
36 4103 4012 1
37 98 2 1
38 4073 4017 1
39 4101 4066 1
40 4080 4016 1
41 15820 15757 1
42 31449 31352 1
43 31443 31351 1
44 31439 31356 1
45 15786 15736 1
46 21 5 1
47 9 3 1
48 44 20 1
49 47 23 1
50 38 21 1
51 45 30 1
52 27 18 1
53 90 75 1
54 95 86 1
55 72 70 1
56 2094 2064 1
57 2132 2111 1
58 4084 4051 1
59 4040 4010 1
60 4093 4065 1
61 2086 2072 1
62 4064 4038 1
63 4100 4075 1
64 4079 4055 1
65 2089 2077 1
66 4084 4062 1
67 8006 7971 1
68 4091 4075 1
69 4022 4007 1
70 2129 2122 1
71 4069 4056 1
72 4091 4079 1
73 4095 4083 1
74 7955 7932 1
75 15779 15734 1
76 7971 7949 1
77 15801 15760 1
78 15825 15785 1
79 7934 7914 1
80 4073 4063 1
81 4022 4013 1
82 31440 31371 1
83 7995 7978 1
84 7949 7922 1
85 15821 15794 1
86 31449 31384 1
87 31439 31378 1
88 31417 31358 1
89 2085 2075 1
90 2062 2054 1
91 15760 15737 1
92 31440 31399 1
93 62697 62621 1
94 62685 62613 0
95 62697 62625 1
96 31446 31380 1
97 31397 31356 1
98 15759 15736 1
99 15773 15755 1
100 62677 62608 1
101 15765 15749 1
102 62696 62658 0
103 31439 31433 0
104 31375 31355 0
105 15750 15734 1
106 7972 7964 1
107 8009 8001 1
108 4054 4050 0
109 31388 31359 0
110 2132 2131 1
111 62676 62623 0
112 31418 31393 0
113 62693 62644 0
114 31400 31377 0
115 29 85 0
116 62684 62627 0
117 15770 15760 0
118 7921 7916 1
119 125195 125117 0
120 31399 31382 0
121 15808 15800 0
122 31423 31408 0
123 31372 31359 0
124 31436 31423 0
125 7936 7933 0
126 31403 31392 0
127 31383 31375 0
128 31402 31394 0
129 15769 15767 0
130 15777 15775 0
131 7988 7988 0
132 15770 15770 0
133 2111 2111 1
134 48 48 0
135 15737 15739 0
136 15772 15775 0
137 7953 7955 0
138 8003 8006 0
139 7990 7993 0
140 15801 15807 0
141 15783 15789 0
142 7992 7996 0
143 4055 4058 0
144 4036 4039 0
145 4035 4038 0
146 8000 8009 0
147 7964 7975 0
148 7939 7950 0
149 2109 2112 0
150 4071 4077 0
151 7949 7961 0
152 7990 8005 0
153 4007 4015 0
154 2083 2088 1
155 4093 4104 0
156 4071 4082 0
157 2096 2102 0
158 4075 4089 0
159 4056 4070 0
160 2094 2105 0
161 2080 2096 0
162 68 74 0
163 73 83 0
164 47 60 0
165 61 80 0
166 5 8 0
167 16 27 0
168 500193 500134 0
169 62667 62636 0
170 125191 125131 0
171 62658 62629 0
172 62667 62636 0
173 125172 125114 0
174 62668 62655 0
175 125188 125157 0
176 500183 500133 0
177 125134 125106 0
178 500198 500121 0
179 125134 125104 0
180 125159 125141 0
181 125133 125103 0
182 250195 250111 0
183 125143 125115 0
184 62684 62671 0
185 250197 250167 0
186 125151 125115 0
187 125192 125158 0
188 62625 62608 0
189 125187 125154 0
190 250189 250166 0
191 250163 250139 0
192 62657 62635 0
193 250185 250158 0
194 250160 250124 0
195 250195 250169 0
196 62691 62683 0
197 500191 500101 0
198 62676 62680 0
199 62646 62674 0
200 62616 62698 0
201 15770 15819 0
202 62604 62614 0
203 15752 15777 0
204 15744 15784 0
205 15734 15756 0
206 62650 62669 0
207 62615 62631 0
208 62608 62668 0
209 15754 15767 0
210 62657 62684 0
211 62607 62633 0
212 125105 125155 0
213 15759 15775 0
214 125196 125190 0
215 15749 15797 0
216 125121 125156 0
217 125152 125165 0
218 31370 31396 0
219 15761 15815 0
220 15771 15785 0
221 125158 125157 0
222 125113 125138 0
223 125170 125196 0
224 125124 125185 0
225 62627 62637 0
226 125108 125150 0
227 31358 31371 0
228 15782 15815 0
229 125110 125150 0
230 125112 125117 0
231 125151 125168 0
232 125178 125195 0
233 125103 125172 0
234 125147 125197 0
235 31400 31417 0
236 125130 125159 0
237 15787 15815 0
238 62660 62683 0
239 62637 62680 0
240 62621 62621 0
241 125165 125193 0
242 62658 62671 0
243 125128 125140 0
244 125185 125179 0
245 7957 7978 0
246 31376 31444 0
247 7920 7941 0
248 125113 125172 0
249 125152 125171 0
250 125131 125162 0
251 125109 125115 0
252 125113 125138 0
253 125148 125151 0
254 125100 125114 0
255 31405 31415 0
256 125117 125162 0
257 31369 31405 0
258 31388 31399 0
259 250135 250148 0
260 31358 31410 0
261 250113 250145 0
262 250118 250182 0
263 250152 250170 0
264 250121 250188 0
265 250136 250162 0
266 250141 250133 0
267 250164 250152 0
268 250149 250195 0
269 31356 31450 0
270 250110 250176 0
271 250143 250127 0
272 62649 62695 0
273 250133 250169 0
274 250103 250200 0
275 7946 7970 0
276 62625 62666 0
277 250115 250128 0
278 250151 250162 0
279 62630 62686 0
280 62674 62680 0
281 250152 250189 0
282 250183 250192 0
283 250121 250105 0
284 250123 250167 0
285 250113 250167 0
286 250105 250112 0
287 62608 62625 0
288 250173 250174 0
289 250155 250164 0
290 250173 250169 0
291 250125 250190 0
292 250140 250137 0
293 31357 31425 0
294 250121 250153 0
295 62619 62639 0
296 250132 250176 0
297 250187 250184 0
298 250137 250115 0
299 500132 500117 0
300 500116 500121 0
301 62643 62651 0
302 500134 500157 0
303 500124 500102 0
304 62652 62675 0
305 500161 500177 0
306 500143 500130 0
307 500160 500154 0
308 500118 500106 0
309 500146 500185 0
310 500174 500198 0
311 31392 31411 0
312 62626 62667 0
313 500165 500145 0
314 500197 500156 0
315 500111 500184 0
316 500118 500130 0
317 500117 500179 0
318 500172 500164 0
319 500131 500172 0
320 500140 500192 0
321 31366 31368 0
322 500162 500163 0
323 500187 500178 0
324 500101 500140 0
325 500168 500194 0
326 500154 500157 0
327 500171 500169 0
328 31351 31435 0
329 500141 500125 0
330 500128 500151 0
331 31365 31430 0
332 500175 500155 0
333 500150 500141 0
334 500169 500188 0
335 500198 500168 0
336 500163 500161 0
337 500184 500146 0
338 31379 31439 0
339 500170 500126 0
340 31408 31422 0
341 31424 31431 0
342 31434 31438 0
343 250158 250130 0
344 250154 250119 0
345 62619 62606 0
346 500190 500145 0
347 500174 500119 0
348 250130 250101 0
349 125162 125130 0
350 500168 500117 0
351 2062 2143 0
352 2075 2117 0
353 2093 2135 0
354 2072 2112 0
355 2067 2099 0
356 2070 2096 0
357 4015 4100 0
358 4020 4065 0
359 3 34 0
360 2087 2136 0
361 69 96 0
362 2127 2149 0
363 8 90 0
364 4030 4052 0
365 2113 2153 0
366 28 64 0
367 2071 2129 0
368 4010 4041 0
369 20 56 0
370 4009 4063 0
371 4035 4091 0
372 4057 4080 0
373 22 61 0
374 11 81 0
375 4028 4089 0
376 4054 4095 0
377 4064 4089 0
378 7928 7976 0
379 7967 8012 0
380 7922 8003 0
381 7974 8003 0
382 7958 7987 0
383 7921 8002 0
384 9 89 0
385 58 89 0
386 12 75 0
387 7917 7976 0
388 2056 2092 0
389 7937 7978 0
390 7928 7989 0
391 16 56 0
392 15726 15790 0
393 15727 15795 0
394 15758 15816 0
395 15739 15808 0
396 15769 15825 0
397 2061 2147 0
398 2113 2139 0
399 2075 2104 0
--------------
1000000 :c
1004383 :sum(p)
1000000 :sum(w)
