400 :n
id p,w,x
--------------
0 44 1 1
1 61 17 1
2 83 24 1
3 77 27 1
4 79 33 1
5 96 41 1
6 42 23 1
7 44 28 1
8 25 17 1
9 57 40 1
10 34 24 1
11 93 72 1
12 41 33 1
13 40 33 1
14 62 52 1
15 41 36 1
16 2144 2055 1
17 2138 2058 1
18 2135 2068 1
19 2115 2055 1
20 2139 2094 1
21 2141 2097 1
22 2112 2074 1
23 2133 2096 1
24 4090 4020 1
25 2134 2101 1
26 4086 4028 1
27 4094 4037 1
28 2121 2092 1
29 4101 4051 1
30 2097 2075 1
31 4055 4016 1
32 8012 7939 1
33 2077 2061 1
34 2112 2097 1
35 8006 7951 1
36 7989 7937 1
37 4052 4026 1
38 8008 7957 1
39 8012 7967 1
40 4097 4074 1
41 7993 7955 1
42 4064 4046 1
43 7981 7947 1
44 8012 7978 1
45 4079 4062 1
46 15809 15749 1
47 7981 7953 1
48 15789 15734 1
49 15815 15761 1
50 7995 7968 1
51 2107 2100 1
52 2153 2146 1
53 15821 15771 1
54 15775 15729 1
55 8011 7988 1
56 31445 31358 1
57 7990 7968 1
58 7980 7959 1
59 15772 15732 1
60 2127 2122 0
61 15766 15733 1
62 31449 31386 1
63 4022 4014 1
64 31424 31363 1
65 15765 15736 1
66 15755 15728 1
67 15763 15736 1
68 15771 15744 1
69 15785 15758 1
70 7974 7961 1
71 31435 31384 1
72 4042 4036 0
73 4060 4054 1
74 31408 31364 1
75 31396 31353 1
76 15816 15795 1
77 8006 7996 1
78 31449 31411 1
79 15756 15737 1
80 62691 62617 1
81 31402 31365 1
82 31412 31378 0
83 15825 15809 0
84 15825 15809 0
85 62693 62634 1
86 8004 7928 1
87 62677 62605 1
88 7949 7915 1
89 4026 4022 1
90 62684 62626 1
91 31399 31370 0
92 31440 31424 0
93 31433 31405 0
94 3 36 0
95 62659 62604 1
96 31420 31393 0
97 62655 62605 0
98 62685 62637 0
99 62651 62605 0
100 15738 15728 0
101 8011 8011 0
102 15778 15768 0
103 7939 7934 0
104 62671 62633 0
105 31411 31392 0
106 62663 62626 0
107 62662 62627 0
108 62691 62657 0
109 125196 125129 0
110 31410 31394 0
111 2080 2079 0
112 125165 125105 0
113 62651 62621 0
114 125162 125105 0
115 31389 31375 0
116 31380 31367 0
117 31395 31384 0
118 15788 15783 0
119 31405 31397 0
120 15784 15782 0
121 7965 7964 0
122 2101 2101 0
123 37 37 0
124 4078 4078 0
125 7933 7934 0
126 4079 4080 0
127 8000 8002 0
128 7998 8003 0
129 4058 4063 0
130 4075 4082 0
131 2126 2130 0
132 2080 2085 0
133 4035 4045 0
134 4029 4039 0
135 2104 2114 0
136 2087 2099 0
137 2060 2072 0
138 24 26 0
139 19 28 0
140 3 13 0
141 125129 125130 0
142 125123 125107 0
143 250200 250149 0
144 250145 250124 0
145 62619 62603 0
146 250170 250119 0
147 62617 62608 0
148 62661 62641 0
149 125166 125166 0
150 125143 125103 0
151 125162 125161 0
152 125186 125180 0
153 62692 62668 0
154 250152 250144 0
155 125143 125132 0
156 62699 62700 0
157 62651 62651 0
158 62686 62680 0
159 250173 250140 0
160 250172 250106 0
161 125199 125187 0
162 250133 250131 0
163 500133 500133 0
164 125173 125168 0
165 500186 500111 0
166 500198 500152 0
167 250163 250145 0
168 500156 500141 0
169 250190 250168 0
170 125150 125138 0
171 500129 500129 0
172 125195 125166 0
173 500169 500146 0
174 500200 500166 0
175 125156 125103 0
176 500165 500122 0
177 125161 125119 0
178 500132 500113 0
179 31393 31388 0
180 500143 500152 0
181 500150 500152 0
182 500188 500116 0
183 31409 31404 0
184 500137 500128 0
185 500171 500117 0
186 500173 500183 0
187 250152 250156 0
188 125142 125141 0
189 500137 500141 0
190 250131 250136 0
191 125153 125127 0
192 250172 250109 0
193 125116 125112 0
194 125178 125131 0
195 125151 125122 0
196 250180 250177 0
197 62668 62655 0
198 62681 62665 0
199 250179 250161 0
200 250130 250132 0
201 250170 250147 0
202 62694 62693 0
203 250184 250120 0
204 125165 125151 0
205 62698 62692 0
206 62614 62601 0
207 125155 125148 0
208 125198 125183 0
209 250179 250117 0
210 62626 62616 0
211 250135 250119 0
212 15769 15781 0
213 31377 31417 0
214 15764 15786 0
215 15767 15805 0
216 31385 31448 0
217 31400 31436 0
218 31400 31432 0
219 31367 31384 0
220 15765 15803 0
221 15751 15820 0
222 31351 31416 0
223 15813 15820 0
224 31366 31447 0
225 31402 31417 0
226 15739 15767 0
227 15742 15811 0
228 31371 31426 0
229 62639 62648 0
230 15759 15810 0
231 15735 15747 0
232 62657 62695 0
233 62628 62695 0
234 62629 62667 0
235 62614 62664 0
236 62616 62649 0
237 15756 15793 0
238 15762 15824 0
239 7980 8010 0
240 62639 62699 0
241 62638 62672 0
242 7927 7965 0
243 62634 62651 0
244 62643 62672 0
245 7915 7938 0
246 7941 8008 0
247 7915 7928 0
248 7961 7969 0
249 62636 62638 0
250 62684 62686 0
251 15774 15790 0
252 7924 7945 0
253 7915 7939 0
254 15804 15809 0
255 62629 62666 0
256 62662 62690 0
257 125120 125190 0
258 7934 7962 0
259 7936 7982 0
260 7958 7984 0
261 125143 125192 0
262 8001 8012 0
263 125154 125162 0
264 7928 7981 0
265 125129 125148 0
266 125113 125172 0
267 125130 125161 0
268 7987 8004 0
269 15739 15800 0
270 125134 125175 0
271 125102 125142 0
272 125155 125183 0
273 125150 125155 0
274 7935 7980 0
275 125142 125179 0
276 7983 8011 0
277 7917 8010 0
278 125120 125125 0
279 4053 4097 0
280 15813 15817 0
281 4058 4102 0
282 15763 15776 0
283 15808 15821 0
284 4023 4063 0
285 4074 4102 0
286 125127 125175 0
287 4023 4105 0
288 4038 4101 0
289 125136 125175 0
290 4015 4045 0
291 4050 4099 0
292 4073 4106 0
293 4069 4098 0
294 125151 125178 0
295 4025 4101 0
296 125112 125169 0
297 250127 250164 0
298 250105 250162 0
299 4032 4058 0
300 250175 250192 0
301 250155 250187 0
302 4056 4079 0
303 250106 250198 0
304 4079 4092 0
305 250127 250166 0
306 31408 31449 0
307 250157 250198 0
308 250109 250118 0
309 4092 4105 0
310 31351 31422 0
311 4071 4104 0
312 4051 4103 0
313 4044 4073 0
314 250143 250165 0
315 250106 250147 0
316 4038 4076 0
317 4025 4037 0
318 4010 4048 0
319 2105 2149 0
320 2077 2136 0
321 250140 250185 0
322 2113 2150 0
323 2101 2135 0
324 250165 250199 0
325 250134 250159 0
326 2088 2132 0
327 250112 250181 0
328 31364 31419 0
329 2112 2132 0
330 250179 250196 0
331 250159 250176 0
332 250130 250155 0
333 2122 2144 0
334 2098 2125 0
335 250106 250177 0
336 250114 250198 0
337 31358 31431 0
338 250114 250198 0
339 15800 15814 0
340 2067 2085 0
341 250106 250132 0
342 15742 15811 0
343 500107 500172 0
344 500110 500189 0
345 2088 2107 0
346 2096 2120 0
347 500177 500189 0
348 2109 2147 0
349 31405 31412 0
350 2075 2096 0
351 500119 500165 0
352 2126 2139 0
353 2088 2113 0
354 2091 2110 0
355 2068 2113 0
356 500144 500191 0
357 500112 500197 0
358 500115 500143 0
359 500132 500185 0
360 41 83 0
361 500108 500164 0
362 12 60 0
363 40 95 0
364 11 87 0
365 500110 500150 0
366 31353 31361 0
367 34 55 0
368 32 94 0
369 500125 500191 0
370 500147 500194 0
371 500103 500164 0
372 500173 500184 0
373 7 54 0
374 500164 500191 0
375 1 26 0
376 500129 500189 0
377 44 77 0
378 500159 500192 0
379 25 50 0
380 500101 500113 0
381 500139 500161 0
382 16 44 0
383 31415 31445 0
384 500111 500200 0
385 500121 500137 0
386 31379 31405 0
387 41 75 0
388 500106 500196 0
389 6 40 0
390 10 68 0
391 7 32 0
392 54 72 0
393 500177 500189 0
394 13 49 0
395 500120 500182 0
396 57 83 0
397 4 40 0
398 31352 31377 0
399 31375 31392 0
--------------
1000000 :c
1003276 :sum(p)
1000000 :sum(w)
