400 :n
id p,w,x
--------------
0 4072 4018 1
1 4071 4013 1
2 100 18 1
3 39 4 1
4 4104 4014 1
5 84 13 1
6 4068 4019 1
7 4068 4024 1
8 41 8 1
9 98 58 1
10 4079 4041 1
11 75 47 1
12 98 25 1
13 2116 2076 1
14 51 21 1
15 69 9 1
16 40 8 1
17 60 32 1
18 2121 2095 1
19 100 28 1
20 2122 2062 1
21 2149 2094 1
22 2110 2073 1
23 7987 7917 1
24 2099 2054 1
25 8011 7932 1
26 7997 7919 1
27 2128 2066 1
28 2112 2072 1
29 2134 2105 1
30 2132 2099 1
31 2123 2102 1
32 2126 2101 1
33 4073 4020 1
34 2089 2057 1
35 15816 15749 1
36 15797 15729 1
37 7975 7925 1
38 7984 7942 1
39 15825 15738 1
40 8002 7944 1
41 7949 7913 1
42 7991 7944 1
43 7954 7913 1
44 7982 7947 1
45 7941 7913 1
46 4065 4043 1
47 8012 7986 1
48 15808 15751 1
49 7959 7928 1
50 4072 4047 1
51 4076 4047 1
52 7992 7945 1
53 7960 7934 1
54 21 5 1
55 60 42 1
56 60 44 1
57 32 24 1
58 83 72 1
59 80 75 1
60 80 77 0
61 2077 2062 1
62 2135 2122 1
63 4087 4066 1
64 2090 2080 1
65 2150 2140 1
66 4044 4027 1
67 4064 4049 1
68 4080 4067 1
69 4087 4074 1
70 7986 7961 1
71 31443 31361 1
72 15802 15761 1
73 15778 15738 1
74 31448 31371 1
75 31426 31355 1
76 15817 15782 1
77 15770 15738 1
78 7986 7970 1
79 31434 31378 1
80 7959 7946 0
81 31414 31366 1
82 31426 31379 1
83 62690 62605 1
84 62685 62601 1
85 62688 62605 1
86 62679 62602 1
87 31404 31367 1
88 15764 15746 1
89 15777 15759 1
90 31403 31371 0
91 15793 15778 0
92 2130 2128 0
93 30 20 1
94 62672 62604 1
95 2137 2135 0
96 62660 62603 1
97 31389 31361 0
98 15823 15821 0
99 15809 15822 0
100 500126 500126 0
101 62667 62612 0
102 31392 31366 0
103 31431 31405 0
104 31445 31419 0
105 2124 2150 0
106 62687 62636 0
107 62655 62606 0
108 62655 62607 0
109 31449 31425 0
110 31384 31361 0
111 125195 125106 0
112 62667 62623 0
113 62685 62644 0
114 62670 62630 0
115 62690 62650 0
116 15807 15797 1
117 125182 125103 0
118 15778 15769 0
119 125173 125109 0
120 62694 62662 0
121 31378 31362 0
122 15757 15749 0
123 125186 125124 0
124 125182 125121 0
125 125187 125127 0
126 125164 125107 0
127 125188 125131 0
128 31442 31428 0
129 125198 125144 0
130 62675 62650 0
131 31368 31356 0
132 31377 31365 0
133 125158 125112 0
134 62679 62656 0
135 31362 31351 0
136 7948 7946 0
137 4028 4027 0
138 15791 15788 0
139 7917 7917 0
140 15787 15788 0
141 15780 15781 0
142 4087 4088 0
143 7977 7979 0
144 4060 4062 0
145 4012 4014 0
146 7931 7935 0
147 4100 4103 0
148 4033 4036 0
149 7981 7987 0
150 4089 4093 0
151 2086 2089 0
152 4057 4063 0
153 4072 4080 0
154 2096 2101 0
155 4047 4057 0
156 70 74 0
157 85 90 0
158 56 65 0
159 30 35 0
160 77 91 0
161 60 72 0
162 46 62 0
163 250162 250108 0
164 250179 250112 0
165 250159 250103 0
166 62644 62624 0
167 62626 62608 0
168 250174 250101 0
169 125162 125124 0
170 31409 31403 0
171 125152 125113 0
172 125197 125165 0
173 125192 125159 0
174 125139 125108 0
175 31352 31388 0
176 62622 62659 0
177 31369 31366 0
178 125160 125183 0
179 125139 125126 0
180 31412 31447 0
181 125106 125139 0
182 125117 125194 0
183 125170 125155 0
184 31391 31447 0
185 125108 125193 0
186 31370 31416 0
187 31396 31439 0
188 125182 125188 0
189 31354 31396 0
190 31405 31401 0
191 125107 125112 0
192 125146 125141 0
193 31446 31446 0
194 31438 31438 0
195 31446 31442 0
196 125105 125184 0
197 125114 125120 0
198 125138 125171 0
199 125180 125163 0
200 15777 15824 0
201 125143 125176 0
202 15726 15764 0
203 62628 62657 0
204 15744 15818 0
205 62643 62647 0
206 125109 125135 0
207 125141 125146 0
208 125129 125184 0
209 125115 125104 0
210 15728 15731 0
211 125147 125148 0
212 15731 15815 0
213 15742 15750 0
214 15739 15807 0
215 62640 62633 0
216 125182 125188 0
217 15739 15744 0
218 125147 125143 0
219 15753 15796 0
220 125176 125198 0
221 15749 15760 0
222 31387 31422 0
223 125127 125192 0
224 125152 125174 0
225 15755 15795 0
226 15804 15820 0
227 15741 15797 0
228 15741 15794 0
229 125178 125195 0
230 15779 15821 0
231 15767 15789 0
232 15733 15818 0
233 15744 15757 0
234 250166 250187 0
235 250190 250149 0
236 15735 15790 0
237 15741 15744 0
238 15771 15818 0
239 250151 250125 0
240 7940 7983 0
241 250109 250176 0
242 62612 62612 0
243 250149 250163 0
244 7940 7998 0
245 250114 250158 0
246 7954 7994 0
247 250192 250165 0
248 250173 250126 0
249 250179 250146 0
250 7920 7983 0
251 7915 7987 0
252 31424 31427 0
253 250178 250168 0
254 31396 31398 0
255 7930 7941 0
256 250155 250117 0
257 250139 250187 0
258 250165 250127 0
259 7952 8006 0
260 31405 31413 0
261 7945 7975 0
262 7926 8000 0
263 7964 7989 0
264 7940 7951 0
265 250198 250195 0
266 7957 7991 0
267 250146 250109 0
268 250167 250165 0
269 250174 250160 0
270 7956 8007 0
271 7955 7969 0
272 250152 250181 0
273 7965 7986 0
274 7920 7998 0
275 7958 7972 0
276 250122 250107 0
277 250154 250135 0
278 250108 250130 0
279 62606 62621 0
280 250141 250149 0
281 250108 250177 0
282 4009 4030 0
283 4009 4057 0
284 250128 250118 0
285 4028 4077 0
286 4059 4073 0
287 4051 4097 0
288 250169 250182 0
289 250165 250179 0
290 4072 4088 0
291 31396 31398 0
292 250167 250142 0
293 250138 250150 0
294 250117 250119 0
295 4008 4060 0
296 250187 250192 0
297 250168 250135 0
298 31389 31391 0
299 250126 250150 0
300 31359 31436 0
301 4012 4027 0
302 62638 62637 0
303 250104 250187 0
304 4069 4099 0
305 4040 4065 0
306 31423 31418 0
307 62617 62697 0
308 62601 62667 0
309 250134 250158 0
310 4048 4061 0
311 250164 250182 0
312 4057 4082 0
313 250147 250195 0
314 31382 31410 0
315 4018 4091 0
316 4013 4049 0
317 500112 500161 0
318 4066 4098 0
319 62638 62645 0
320 2064 2101 0
321 500135 500181 0
322 2102 2145 0
323 500180 500154 0
324 2102 2142 0
325 500111 500119 0
326 2075 2112 0
327 2088 2136 0
328 2066 2110 0
329 500141 500119 0
330 500185 500192 0
331 500123 500193 0
332 2095 2151 0
333 2087 2139 0
334 2061 2117 0
335 62647 62689 0
336 500139 500169 0
337 500108 500167 0
338 500197 500114 0
339 500160 500107 0
340 500112 500172 0
341 2093 2133 0
342 500195 500163 0
343 2087 2103 0
344 500176 500196 0
345 500143 500193 0
346 500188 500128 0
347 2057 2116 0
348 500115 500140 0
349 2094 2147 0
350 500148 500176 0
351 500175 500191 0
352 2064 2125 0
353 2084 2114 0
354 2075 2096 0
355 62653 62661 0
356 2061 2124 0
357 2054 2081 0
358 500135 500135 0
359 62 91 0
360 500101 500129 0
361 43 74 0
362 62648 62642 0
363 500157 500187 0
364 500129 500164 0
365 31 65 0
366 62626 62657 0
367 500110 500193 0
368 37 85 0
369 40 78 0
370 500151 500155 0
371 1 38 0
372 62617 62641 0
373 500193 500130 0
374 500138 500176 0
375 27 49 0
376 500122 500105 0
377 500112 500130 0
378 500112 500166 0
379 500172 500183 0
380 62627 62624 0
381 500194 500186 0
382 17 59 0
383 62653 62658 0
384 500143 500120 0
385 22 63 0
386 13 44 0
387 500102 500103 0
388 500102 500193 0
389 70 87 0
390 500121 500155 0
391 500152 500181 0
392 9 73 0
393 62612 62602 0
394 62610 62606 0
395 500118 500106 0
396 3 94 0
397 500112 500122 0
398 62669 62662 0
399 62606 62624 0
--------------
1000000 :c
1003842 :sum(p)
1000000 :sum(w)
