400 :n
id p,w,x
--------------
0 2144 2112 1
1 2130 2093 1
2 4091 4007 1
3 90 62 1
4 2129 2087 1
5 2151 2093 1
6 4090 4043 1
7 2122 2067 1
8 45 7 1
9 90 63 1
10 2131 2074 1
11 2126 2060 1
12 94 4 1
13 4105 4022 1
14 4052 4008 1
15 51 2 1
16 69 41 1
17 87 22 1
18 77 39 1
19 2133 2067 1
20 2119 2065 1
21 2084 2054 1
22 4097 4032 1
23 2097 2073 1
24 2128 2085 1
25 2133 2106 1
26 4070 4008 1
27 4057 4020 1
28 7980 7920 1
29 7983 7922 1
30 7989 7922 1
31 7983 7928 1
32 15815 15750 1
33 7962 7915 1
34 20 12 1
35 43 26 1
36 33 27 1
37 88 74 1
38 51 43 1
39 52 47 1
40 92 91 1
41 2127 2105 1
42 2129 2110 1
43 2097 2079 1
44 4095 4067 1
45 4039 4013 1
46 4061 4038 1
47 7980 7937 1
48 4093 4071 1
49 8012 7969 1
50 7971 7932 1
51 4040 4021 1
52 7997 7960 1
53 7983 7947 1
54 4042 4025 1
55 7978 7946 1
56 4066 4050 1
57 4086 4072 1
58 7974 7948 1
59 4087 4074 1
60 15787 15739 1
61 15823 15775 1
62 15770 15727 1
63 15772 15729 1
64 15795 15752 1
65 15789 15747 1
66 31439 31360 1
67 31447 31369 1
68 15785 15750 1
69 31439 31370 1
70 15784 15752 1
71 31425 31367 1
72 31438 31380 1
73 15767 15739 1
74 31422 31367 1
75 31407 31357 1
76 15790 15766 1
77 4081 4075 1
78 15777 15754 1
79 15755 15733 1
80 2152 2149 1
81 31433 31393 1
82 8005 7975 1
83 31445 31405 1
84 4088 4083 1
85 62689 62615 1
86 15764 15746 1
87 40 38 1
88 7961 7937 1
89 62684 62615 1
90 31405 31370 1
91 62677 62615 1
92 62692 62632 0
93 15752 15737 1
94 62698 62640 0
95 31447 31425 0
96 8003 7997 1
97 7986 7979 1
98 15762 15749 0
99 15748 15791 0
100 125197 125105 0
101 62662 62616 0
102 250200 250125 0
103 31434 31412 0
104 62645 62604 0
105 7969 7964 1
106 62657 62618 0
107 62637 62601 0
108 62642 62607 0
109 31424 31407 0
110 125184 125121 0
111 4011 4009 1
112 4038 4036 1
113 2147 2146 1
114 31414 31402 0
115 15764 15758 0
116 7958 7955 0
117 62680 62664 0
118 4038 4037 0
119 31416 31411 0
120 31431 31426 0
121 7996 7995 0
122 31386 31383 0
123 31430 31427 0
124 62657 62653 0
125 62640 62637 0
126 31406 31405 0
127 4067 4067 1
128 2110 2110 0
129 7970 7971 0
130 31399 31405 0
131 7936 7938 0
132 15792 15796 0
133 8008 8011 0
134 15755 15763 0
135 7985 7990 0
136 15803 15813 0
137 15794 15805 0
138 15760 15774 0
139 4055 4059 1
140 7994 8003 0
141 15730 15748 0
142 15755 15776 0
143 7919 7930 0
144 2080 2083 0
145 7958 7971 0
146 4069 4076 0
147 4049 4058 0
148 4038 4047 0
149 4035 4044 0
150 7946 7965 0
151 2101 2107 0
152 7947 7971 0
153 7941 7965 0
154 7965 7990 0
155 7928 7953 0
156 4029 4043 0
157 4031 4047 0
158 4021 4037 0
159 2065 2075 0
160 2056 2066 0
161 4018 4041 0
162 2069 2082 0
163 4033 4062 0
164 4016 4045 0
165 4048 4080 0
166 2067 2084 0
167 2099 2121 0
168 2068 2091 0
169 2103 2130 0
170 2082 2112 0
171 47 50 0
172 85 92 0
173 65 74 0
174 67 83 0
175 54 67 0
176 79 99 0
177 53 80 0
178 62 96 0
179 21 38 0
180 26 49 0
181 20 47 0
182 10 35 0
183 125190 125130 0
184 125129 125124 0
185 125193 125167 0
186 250143 250133 0
187 250175 250104 0
188 250163 250142 0
189 250171 250142 0
190 250169 250147 0
191 500191 500131 0
192 125188 125174 0
193 125191 125165 0
194 500196 500102 0
195 500190 500145 0
196 125148 125112 0
197 500164 500141 0
198 500178 500125 0
199 500196 500174 0
200 500195 500139 0
201 125162 125134 0
202 125134 125111 0
203 125198 125152 0
204 250161 250140 0
205 250165 250129 0
206 250163 250119 0
207 250139 250102 0
208 125178 125153 0
209 250170 250133 0
210 125119 125102 0
211 125123 125110 0
212 250179 250101 0
213 500156 500138 0
214 250153 250134 0
215 125180 125137 0
216 250200 250170 0
217 125198 125158 0
218 250163 250143 0
219 250193 250129 0
220 250138 250109 0
221 250149 250118 0
222 15743 15779 0
223 15789 15817 0
224 15769 15815 0
225 62615 62677 0
226 15755 15809 0
227 62624 62641 0
228 62637 62678 0
229 62663 62664 0
230 125122 125164 0
231 125103 125153 0
232 125164 125199 0
233 125151 125198 0
234 15751 15778 0
235 125104 125149 0
236 62645 62685 0
237 15768 15795 0
238 62637 62685 0
239 125128 125186 0
240 62624 62698 0
241 125142 125169 0
242 15727 15810 0
243 125115 125188 0
244 7920 7986 0
245 125173 125184 0
246 15751 15786 0
247 125106 125137 0
248 62640 62675 0
249 7926 8001 0
250 62605 62608 0
251 125190 125190 0
252 7923 7984 0
253 125121 125162 0
254 125128 125162 0
255 125121 125142 0
256 125121 125172 0
257 125117 125162 0
258 15729 15815 0
259 62693 62699 0
260 125114 125145 0
261 7921 7978 0
262 15786 15815 0
263 7914 7988 0
264 125110 125135 0
265 7919 7953 0
266 7962 7997 0
267 125180 125185 0
268 125161 125196 0
269 15748 15809 0
270 7942 7977 0
271 15736 15822 0
272 125169 125199 0
273 125130 125162 0
274 125144 125178 0
275 15742 15779 0
276 7945 7975 0
277 125107 125172 0
278 62625 62642 0
279 62639 62700 0
280 250108 250192 0
281 4019 4084 0
282 250144 250173 0
283 250145 250187 0
284 15733 15785 0
285 4018 4084 0
286 15730 15770 0
287 62613 62661 0
288 250102 250126 0
289 62616 62675 0
290 31409 31432 0
291 250174 250179 0
292 4019 4088 0
293 31354 31376 0
294 250144 250138 0
295 250114 250194 0
296 250163 250160 0
297 250169 250190 0
298 62601 62691 0
299 250123 250133 0
300 250152 250191 0
301 250165 250174 0
302 250137 250182 0
303 31403 31436 0
304 31377 31394 0
305 250139 250177 0
306 250140 250155 0
307 250117 250114 0
308 4037 4099 0
309 31364 31410 0
310 250115 250121 0
311 62643 62641 0
312 4045 4103 0
313 250128 250146 0
314 250143 250149 0
315 31362 31397 0
316 250102 250161 0
317 250171 250177 0
318 4018 4078 0
319 250143 250163 0
320 2054 2123 0
321 500150 500178 0
322 500157 500145 0
323 31358 31415 0
324 500112 500118 0
325 500124 500197 0
326 62672 62681 0
327 500162 500195 0
328 500157 500200 0
329 2070 2149 0
330 62609 62696 0
331 2093 2129 0
332 500122 500151 0
333 62646 62651 0
334 500146 500191 0
335 2085 2141 0
336 2059 2102 0
337 31412 31428 0
338 2057 2139 0
339 2081 2150 0
340 500105 500150 0
341 500134 500180 0
342 2071 2130 0
343 62647 62673 0
344 2094 2133 0
345 500131 500176 0
346 500165 500177 0
347 62613 62693 0
348 62605 62628 0
349 500113 500152 0
350 62609 62670 0
351 500105 500194 0
352 31379 31388 0
353 500116 500200 0
354 500180 500194 0
355 2101 2150 0
356 2076 2141 0
357 500114 500165 0
358 31384 31403 0
359 62645 62650 0
360 22 84 0
361 62611 62620 0
362 27 91 0
363 31354 31391 0
364 500151 500190 0
365 51 96 0
366 31422 31437 0
367 31361 31437 0
368 26 70 0
369 34 90 0
370 31360 31378 0
371 500182 500170 0
372 1 52 0
373 31359 31380 0
374 500151 500177 0
375 22 59 0
376 31374 31388 0
377 38 80 0
378 62668 62671 0
379 500119 500133 0
380 500155 500184 0
381 4 80 0
382 9 73 0
383 500126 500178 0
384 500157 500142 0
385 500146 500183 0
386 500101 500170 0
387 60 98 0
388 500133 500176 0
389 500114 500111 0
390 62605 62674 0
391 31412 31448 0
392 500150 500198 0
393 500164 500151 0
394 500177 500200 0
395 31354 31379 0
396 500147 500184 0
397 26 79 0
398 31408 31429 0
399 31433 31444 0
--------------
1000000 :c
1003603 :sum(p)
1000000 :sum(w)
