400 :n
id p,w,x
--------------
0 67 18 1
1 4078 4026 1
2 64 37 1
3 2122 2096 1
4 44 12 1
5 2137 2095 1
6 100 27 1
7 87 28 1
8 2145 2057 1
9 88 8 1
10 95 32 1
11 2137 2059 1
12 2093 2066 1
13 2123 2063 1
14 81 9 1
15 2142 2054 1
16 85 4 1
17 4096 4023 1
18 64 18 1
19 73 10 1
20 58 34 1
21 46 15 1
22 73 59 1
23 2106 2069 1
24 2135 2062 1
25 2117 2088 1
26 76 15 1
27 2141 2108 1
28 87 24 1
29 2139 2105 1
30 4092 4014 1
31 4104 4054 1
32 92 48 1
33 4055 4024 1
34 7976 7931 1
35 31442 31371 1
36 7955 7928 1
37 7960 7931 1
38 7973 7951 1
39 4078 4054 1
40 15793 15732 1
41 8012 7963 1
42 4045 4027 1
43 4055 4019 1
44 7955 7926 1
45 8000 7971 1
46 15808 15729 1
47 8009 7923 1
48 4062 4045 1
49 8006 7934 1
50 4098 4074 1
51 4034 4015 1
52 4080 4048 1
53 4098 4072 1
54 7994 7948 1
55 8006 7955 1
56 15808 15738 1
57 4100 4066 1
58 4033 4015 1
59 2088 2063 1
60 7996 7954 1
61 8005 7929 1
62 7988 7950 1
63 7982 7947 1
64 7988 7968 1
65 2095 2078 1
66 15821 15737 1
67 4098 4057 1
68 4065 4041 1
69 4067 4034 1
70 37 30 1
71 56 48 1
72 56 55 0
73 2107 2097 1
74 4070 4059 1
75 15819 15780 1
76 15808 15772 1
77 15766 15732 1
78 15795 15761 1
79 15783 15751 1
80 15806 15775 1
81 15817 15786 1
82 15820 15790 1
83 15793 15765 1
84 4036 4029 1
85 31429 31383 1
86 2058 2055 1
87 2096 2093 1
88 31428 31384 1
89 15777 15755 1
90 31441 31398 1
91 31439 31398 1
92 62692 62615 1
93 4082 4077 1
94 62681 62611 1
95 7921 7913 0
96 62677 62614 1
97 4056 4052 1
98 62672 62611 1
99 2134 2062 1
100 31415 31378 1
101 15757 15729 1
102 62694 62633 1
103 15778 15763 0
104 2112 2110 1
105 62699 62674 0
106 96 98 0
107 46 100 0
108 62660 62605 0
109 31401 31375 0
110 31416 31390 0
111 15778 15765 0
112 125199 125105 0
113 125197 125105 0
114 125198 125107 0
115 31437 31416 0
116 62671 62631 0
117 62682 62642 0
118 15748 15738 0
119 7939 7934 0
120 62659 62620 0
121 62660 62622 0
122 31443 31424 0
123 62640 62604 0
124 31430 31412 0
125 125190 125121 0
126 31368 31351 0
127 31377 31360 0
128 62653 62621 0
129 31425 31409 0
130 15740 15732 0
131 4058 4056 1
132 31443 31428 0
133 125193 125137 0
134 15737 15730 0
135 250197 250105 0
136 125174 125128 0
137 125146 125101 0
138 125178 125133 0
139 62697 62675 0
140 62675 62654 0
141 250188 250116 0
142 125186 125150 0
143 31442 31433 0
144 125158 125124 0
145 62685 62668 0
146 250189 250123 0
147 7952 7950 0
148 62639 62625 0
149 62694 62680 0
150 250197 250147 0
151 125189 125165 0
152 31395 31389 0
153 250198 250152 0
154 125130 125107 0
155 62663 62653 0
156 62694 62684 0
157 31371 31366 0
158 125191 125172 0
159 250194 250157 0
160 250195 250158 0
161 2129 2131 1
162 2083 2085 0
163 2113 2117 0
164 2093 2098 0
165 93 94 1
166 51 52 0
167 18 19 0
168 42 50 0
169 31 38 0
170 13 18 0
171 4 7 0
172 125130 125122 0
173 125142 125146 0
174 125111 125112 0
175 31358 31359 0
176 125112 125134 0
177 125167 125172 0
178 125121 125139 0
179 125152 125168 0
180 125103 125132 0
181 125112 125116 0
182 125157 125140 0
183 125132 125132 0
184 125108 125135 0
185 31363 31372 0
186 125106 125117 0
187 125117 125155 0
188 31401 31408 0
189 125137 125176 0
190 125118 125155 0
191 250122 250197 0
192 250167 250167 0
193 250131 250132 0
194 250117 250122 0
195 250179 250175 0
196 31432 31429 0
197 31354 31359 0
198 31400 31407 0
199 250101 250131 0
200 250196 250197 0
201 15727 15732 0
202 250172 250147 0
203 250124 250140 0
204 250116 250192 0
205 250124 250198 0
206 250159 250183 0
207 250141 250136 0
208 250145 250137 0
209 250148 250165 0
210 250132 250117 0
211 250106 250169 0
212 250113 250171 0
213 250137 250113 0
214 250146 250117 0
215 250193 250174 0
216 250130 250112 0
217 250160 250189 0
218 250178 250167 0
219 15727 15728 0
220 250106 250190 0
221 250159 250162 0
222 250168 250188 0
223 250122 250187 0
224 250161 250148 0
225 250172 250138 0
226 250125 250132 0
227 250105 250115 0
228 250101 250104 0
229 500130 500123 0
230 500161 500127 0
231 500178 500177 0
232 500163 500137 0
233 500186 500183 0
234 500155 500172 0
235 500113 500140 0
236 500179 500181 0
237 500143 500122 0
238 500166 500104 0
239 500179 500196 0
240 500170 500118 0
241 500182 500182 0
242 500119 500120 0
243 500139 500195 0
244 500113 500197 0
245 500168 500124 0
246 500116 500131 0
247 500125 500135 0
248 500137 500136 0
249 500199 500160 0
250 500126 500171 0
251 500148 500184 0
252 500137 500178 0
253 500200 500135 0
254 500151 500115 0
255 500161 500107 0
256 500160 500177 0
257 500120 500131 0
258 500148 500158 0
259 500132 500101 0
260 500114 500149 0
261 500149 500165 0
262 500105 500112 0
263 500111 500157 0
264 500178 500139 0
265 500145 500155 0
266 7947 7950 0
267 500132 500158 0
268 62649 62668 0
269 62642 62644 0
270 62698 62695 0
271 62635 62628 0
272 500184 500105 0
273 62681 62700 0
274 62673 62666 0
275 31377 31376 0
276 500185 500112 0
277 62617 62609 0
278 62678 62698 0
279 125103 125106 0
280 125199 125191 0
281 125107 125113 0
282 125184 125183 0
283 7923 8006 0
284 4028 4106 0
285 4038 4100 0
286 4040 4053 0
287 7928 7993 0
288 4032 4095 0
289 7968 7976 0
290 7915 7995 0
291 4056 4093 0
292 4064 4085 0
293 7921 7982 0
294 4053 4105 0
295 7952 8011 0
296 4058 4068 0
297 7950 8007 0
298 15804 15822 0
299 4068 4092 0
300 15735 15765 0
301 15762 15788 0
302 15736 15807 0
303 4010 4029 0
304 15773 15800 0
305 15734 15796 0
306 15752 15815 0
307 15804 15823 0
308 4048 4084 0
309 4011 4075 0
310 15785 15823 0
311 4030 4087 0
312 4018 4093 0
313 4016 4071 0
314 15775 15782 0
315 15783 15797 0
316 15745 15806 0
317 15727 15773 0
318 4057 4101 0
319 15749 15765 0
320 15749 15795 0
321 7956 8001 0
322 2119 2145 0
323 15729 15740 0
324 15751 15767 0
325 15804 15810 0
326 31365 31396 0
327 31384 31401 0
328 2059 2127 0
329 31352 31422 0
330 31378 31431 0
331 31383 31419 0
332 31364 31399 0
333 2063 2129 0
334 2077 2112 0
335 2066 2099 0
336 2104 2146 0
337 31353 31425 0
338 2088 2114 0
339 31355 31424 0
340 31370 31437 0
341 2054 2126 0
342 2062 2105 0
343 2061 2152 0
344 2103 2137 0
345 2098 2133 0
346 7962 8006 0
347 4034 4045 0
348 31376 31395 0
349 31353 31430 0
350 2064 2102 0
351 31362 31403 0
352 2081 2091 0
353 2116 2136 0
354 31362 31391 0
355 31402 31439 0
356 2118 2142 0
357 7978 7988 0
358 2089 2135 0
359 57 100 0
360 31383 31416 0
361 62628 62652 0
362 34 71 0
363 62640 62695 0
364 7973 7991 0
365 62621 62647 0
366 20 36 0
367 9 51 0
368 62640 62678 0
369 62603 62662 0
370 62659 62684 0
371 12 55 0
372 7916 8001 0
373 62602 62680 0
374 42 59 0
375 7925 7949 0
376 7966 8004 0
377 7923 7992 0
378 62630 62690 0
379 62613 62662 0
380 7945 8001 0
381 47 63 0
382 62617 62679 0
383 49 76 0
384 30 98 0
385 7985 8011 0
386 62632 62694 0
387 7979 7998 0
388 62642 62674 0
389 125143 125195 0
390 125130 125197 0
391 125144 125192 0
392 13 74 0
393 125105 125168 0
394 125125 125175 0
395 125107 125162 0
396 125111 125187 0
397 70 100 0
398 7934 7990 0
399 7988 8005 0
--------------
1000000 :c
1004248 :sum(p)
999999 :sum(w)
