400 :n
id p,w,x
--------------
0 15796 15760 1
1 31440 31367 1
2 54 5 1
3 60 11 1
4 54 12 1
5 96 2 1
6 96 65 1
7 86 38 1
8 94 39 1
9 15790 15754 1
10 62 4 1
11 84 24 1
12 53 27 1
13 15816 15733 1
14 15763 15727 1
15 15818 15750 1
16 72 10 1
17 46 10 1
18 15798 15751 1
19 93 41 1
20 15796 15755 1
21 8001 7973 1
22 2140 2122 1
23 7995 7949 1
24 2137 2094 1
25 2144 2095 1
26 2121 2071 1
27 7998 7949 1
28 2146 2073 1
29 2097 2072 1
30 2098 2071 1
31 2094 2076 1
32 2143 2067 1
33 7983 7940 1
34 2128 2078 1
35 2095 2061 1
36 2084 2064 1
37 2141 2106 1
38 7956 7917 1
39 7961 7930 1
40 7973 7939 1
41 2074 2054 1
42 4061 4010 1
43 7981 7953 1
44 4049 4016 1
45 4098 4044 1
46 8012 7960 1
47 4080 4055 1
48 4064 4016 1
49 7948 7913 1
50 4099 4035 1
51 4071 4048 1
52 7973 7925 1
53 4085 4049 1
54 4097 4031 1
55 4095 4049 1
56 4105 4074 1
57 4073 4026 1
58 4102 4069 1
59 4100 4062 1
60 4073 4021 1
61 7938 7915 1
62 7976 7913 1
63 7967 7922 1
64 39 31 1
65 70 59 1
66 26 22 1
67 37 32 1
68 47 41 1
69 77 68 1
70 55 54 1
71 2120 2104 1
72 2092 2077 1
73 2095 2083 1
74 2151 2139 1
75 2083 2073 1
76 4101 4083 1
77 4072 4056 1
78 2136 2130 1
79 4076 4065 1
80 4041 4031 1
81 31437 31367 1
82 15790 15755 1
83 31440 31372 1
84 15774 15740 1
85 15799 15767 1
86 4026 4018 0
87 4075 4068 1
88 4084 4077 0
89 7986 7973 1
90 15823 15799 1
91 8003 7991 0
92 4032 4026 1
93 31424 31378 1
94 31442 31396 1
95 15809 15786 1
96 15814 15792 1
97 15819 15797 1
98 31443 31405 1
99 62689 62615 1
100 31436 31400 1
101 15769 15752 0
102 15751 15735 1
103 69 11 1
104 62688 62606 1
105 31401 31355 1
106 62667 62607 1
107 62689 62633 1
108 31437 31409 0
109 62698 62689 0
110 31444 31445 0
111 7916 7942 0
112 15790 15777 1
113 62664 62614 0
114 7919 7913 0
115 4051 4048 0
116 15785 15774 0
117 125189 125102 0
118 62650 62607 0
119 7937 7932 0
120 62637 62601 0
121 62644 62609 0
122 7940 7936 0
123 31437 31424 0
124 31443 31433 0
125 15733 15728 0
126 31402 31393 0
127 31438 31429 0
128 31397 31389 0
129 31408 31402 0
130 4027 4028 0
131 7964 7966 0
132 2127 2128 0
133 4084 4087 0
134 4014 4017 0
135 2095 2098 0
136 4095 4104 0
137 2078 2087 0
138 2124 2134 0
139 2141 2152 0
140 89 92 0
141 51 58 0
142 32 43 0
143 29 44 0
144 250162 250106 0
145 250181 250133 0
146 125156 125129 0
147 250176 250129 0
148 250187 250127 0
149 62626 62612 0
150 250189 250119 0
151 250155 250106 0
152 62640 62625 0
153 62635 62618 0
154 250148 250146 0
155 500186 500165 0
156 500177 500104 0
157 62611 62613 0
158 62651 62644 0
159 500160 500187 0
160 250165 250169 0
161 62630 62634 0
162 500135 500145 0
163 31414 31409 0
164 250123 250111 0
165 500142 500112 0
166 500197 500108 0
167 250151 250129 0
168 500176 500145 0
169 62683 62673 0
170 250190 250169 0
171 500182 500177 0
172 500200 500153 0
173 31404 31403 0
174 500125 500133 0
175 500130 500162 0
176 500131 500163 0
177 62690 62680 0
178 500186 500111 0
179 500176 500200 0
180 31366 31363 0
181 125116 125125 0
182 500186 500162 0
183 125193 125184 0
184 31386 31381 0
185 250117 250120 0
186 125125 125110 0
187 500198 500140 0
188 500181 500181 0
189 31361 31362 0
190 250103 250108 0
191 125131 125121 0
192 250151 250132 0
193 500167 500134 0
194 500135 500163 0
195 500165 500180 0
196 31431 31427 0
197 125145 125151 0
198 125126 125110 0
199 500161 500173 0
200 125118 125116 0
201 125133 125136 0
202 500121 500128 0
203 500127 500142 0
204 500166 500167 0
205 250144 250123 0
206 125158 125148 0
207 500148 500174 0
208 125147 125147 0
209 125190 125178 0
210 125194 125185 0
211 500193 500142 0
212 250135 250121 0
213 250149 250103 0
214 250109 250106 0
215 125160 125170 0
216 125183 125188 0
217 500162 500196 0
218 500171 500189 0
219 500114 500147 0
220 250166 250163 0
221 500151 500147 0
222 500152 500186 0
223 500179 500200 0
224 500196 500162 0
225 500196 500186 0
226 62624 62605 0
227 250184 250112 0
228 125168 125109 0
229 62677 62659 0
230 250179 250107 0
231 250199 250115 0
232 125147 125110 0
233 125146 125115 0
234 250160 250108 0
235 62675 62661 0
236 62621 62604 0
237 125157 125133 0
238 125196 125163 0
239 125135 125111 0
240 15783 15822 0
241 250153 250191 0
242 250106 250196 0
243 15742 15758 0
244 250101 250172 0
245 15742 15773 0
246 7957 7985 0
247 7942 7997 0
248 15798 15804 0
249 7977 7996 0
250 7994 8003 0
251 7967 7976 0
252 7939 7948 0
253 250101 250148 0
254 7999 8010 0
255 7928 7963 0
256 15734 15751 0
257 15772 15811 0
258 7933 7964 0
259 7976 7985 0
260 7959 7976 0
261 250138 250196 0
262 15756 15772 0
263 7921 7935 0
264 15727 15791 0
265 15741 15751 0
266 125112 125167 0
267 7924 7954 0
268 31354 31365 0
269 7952 7977 0
270 250102 250123 0
271 31357 31416 0
272 7980 8011 0
273 7951 7975 0
274 250127 250183 0
275 7921 7947 0
276 31362 31386 0
277 7927 7938 0
278 7977 7986 0
279 31418 31449 0
280 31398 31440 0
281 250126 250190 0
282 31399 31404 0
283 250107 250183 0
284 4033 4077 0
285 31366 31406 0
286 31371 31403 0
287 31369 31444 0
288 250130 250193 0
289 31413 31441 0
290 15763 15773 0
291 15730 15741 0
292 4043 4064 0
293 4048 4091 0
294 250126 250164 0
295 4065 4099 0
296 250169 250200 0
297 31378 31427 0
298 31378 31404 0
299 250132 250173 0
300 4043 4080 0
301 250146 250181 0
302 31363 31387 0
303 4058 4105 0
304 4032 4084 0
305 31401 31432 0
306 31398 31430 0
307 31402 31407 0
308 15758 15774 0
309 31368 31412 0
310 31372 31420 0
311 4046 4074 0
312 62613 62624 0
313 15807 15818 0
314 4041 4073 0
315 62631 62690 0
316 4055 4092 0
317 4018 4106 0
318 4072 4097 0
319 62659 62679 0
320 2088 2143 0
321 62662 62685 0
322 62630 62667 0
323 62650 62697 0
324 250101 250158 0
325 2080 2101 0
326 15729 15822 0
327 62615 62664 0
328 2067 2148 0
329 500135 500197 0
330 2057 2094 0
331 2067 2090 0
332 62612 62662 0
333 2106 2122 0
334 62610 62658 0
335 2080 2104 0
336 62610 62662 0
337 2077 2146 0
338 2058 2144 0
339 2109 2129 0
340 62661 62675 0
341 62613 62669 0
342 2069 2137 0
343 62610 62616 0
344 62668 62696 0
345 2092 2112 0
346 500142 500199 0
347 62685 62698 0
348 500108 500191 0
349 500115 500199 0
350 15745 15783 0
351 62620 62641 0
352 62632 62682 0
353 62613 62629 0
354 250121 250195 0
355 2074 2130 0
356 2105 2127 0
357 15761 15770 0
358 2098 2117 0
359 53 74 0
360 500121 500185 0
361 15774 15780 0
362 62624 62680 0
363 125109 125164 0
364 125123 125183 0
365 37 63 0
366 125124 125156 0
367 47 78 0
368 125165 125177 0
369 125112 125142 0
370 22 96 0
371 125122 125157 0
372 32 79 0
373 125137 125186 0
374 15734 15805 0
375 125134 125196 0
376 125161 125198 0
377 125130 125146 0
378 28 69 0
379 18 58 0
380 27 89 0
381 125130 125160 0
382 39 78 0
383 125106 125186 0
384 125105 125121 0
385 125138 125179 0
386 17 95 0
387 54 72 0
388 125181 125194 0
389 125112 125173 0
390 6 59 0
391 16 72 0
392 250114 250194 0
393 15756 15768 0
394 500117 500178 0
395 19 59 0
396 125107 125126 0
397 18 60 0
398 15739 15803 0
399 15741 15810 0
--------------
1000000 :c
1003928 :sum(p)
1000000 :sum(w)
