400 :n
id p,w,x
--------------
0 69 19 1
1 34 7 1
2 2136 2071 1
3 2150 2065 1
4 2142 2063 1
5 2149 2084 1
6 2128 2063 1
7 2130 2062 1
8 2152 2099 1
9 97 60 1
10 39 3 1
11 60 28 1
12 53 35 1
13 91 11 1
14 67 45 1
15 69 44 1
16 74 37 1
17 93 12 1
18 82 29 1
19 84 30 1
20 83 19 1
21 71 52 1
22 15798 15759 1
23 7965 7933 1
24 31433 31368 1
25 8006 7920 1
26 2121 2078 1
27 7971 7937 1
28 15791 15747 1
29 15817 15780 1
30 8006 7918 1
31 15810 15757 1
32 2151 2109 1
33 15805 15754 1
34 7997 7946 1
35 2129 2095 1
36 7983 7920 1
37 2150 2099 1
38 8010 7970 1
39 4099 4066 1
40 2091 2060 1
41 15809 15773 1
42 2119 2095 1
43 4081 4041 1
44 7981 7914 1
45 4075 4031 1
46 4087 4057 1
47 15815 15758 1
48 4038 4017 1
49 2145 2114 1
50 7967 7941 1
51 4046 4012 1
52 4098 4020 1
53 4098 4056 1
54 2114 2080 1
55 4090 4030 1
56 4093 4059 1
57 15773 15735 1
58 31415 31365 1
59 4087 4060 1
60 2102 2076 1
61 4104 4077 1
62 15796 15744 1
63 4087 4028 1
64 4095 4046 1
65 4049 4009 1
66 15816 15732 1
67 31416 31358 1
68 75 61 1
69 81 71 1
70 56 50 1
71 67 63 1
72 98 94 1
73 2105 2088 1
74 2140 2123 1
75 2126 2115 1
76 4071 4056 1
77 4081 4066 1
78 4092 4077 1
79 4039 4028 0
80 4100 4089 1
81 7999 7978 1
82 2080 2075 1
83 7941 7923 1
84 7991 7974 1
85 7972 7958 1
86 7960 7947 1
87 7965 7952 1
88 7976 7963 0
89 7966 7954 1
90 31419 31372 1
91 31413 31370 1
92 15777 15756 1
93 62699 62622 1
94 31423 31386 1
95 31443 31406 1
96 62691 62618 1
97 62693 62620 1
98 7929 7920 1
99 7983 7974 1
100 15797 15780 1
101 15770 15740 1
102 62670 62604 1
103 56 11 1
104 62693 62630 1
105 62666 62610 0
106 62696 62653 0
107 31450 31432 0
108 15741 15768 0
109 62670 62616 0
110 31417 31392 0
111 31424 31401 0
112 62675 62631 0
113 31397 31375 0
114 31440 31418 0
115 15746 15735 0
116 4015 4017 0
117 31415 31394 0
118 62659 62618 0
119 31378 31359 0
120 15754 15745 0
121 31379 31362 0
122 62682 62649 0
123 62646 62614 0
124 125186 125125 0
125 62631 62601 0
126 62671 62643 0
127 62666 62641 0
128 125189 125140 0
129 7945 7942 0
130 8002 7999 0
131 15820 15816 0
132 15760 15757 0
133 15822 15819 0
134 15760 15758 0
135 7987 7987 0
136 2131 2131 0
137 2072 2073 0
138 2066 2067 0
139 4064 4066 0
140 4035 4038 0
141 2054 2057 0
142 4019 4026 0
143 2059 2063 0
144 2139 2148 0
145 2081 2090 0
146 2114 2124 0
147 93 94 1
148 83 87 0
149 89 95 0
150 53 58 0
151 53 66 0
152 50 64 0
153 25 35 0
154 125193 125149 0
155 500197 500101 0
156 125188 125154 0
157 125152 125119 0
158 250196 250102 0
159 62695 62679 0
160 250194 250103 0
161 125138 125107 0
162 250134 250101 0
163 250172 250134 0
164 250168 250126 0
165 500190 500118 0
166 500172 500136 0
167 500173 500113 0
168 125140 125126 0
169 500147 500106 0
170 125160 125142 0
171 250195 250165 0
172 500193 500124 0
173 250136 250104 0
174 125114 125105 0
175 125130 125115 0
176 500179 500125 0
177 500180 500113 0
178 500198 500129 0
179 500171 500135 0
180 250195 250157 0
181 500177 500103 0
182 500174 500133 0
183 250162 250122 0
184 250164 250135 0
185 62659 62641 0
186 250176 250128 0
187 250197 250181 0
188 31375 31373 0
189 250143 250135 0
190 250113 250113 0
191 250174 250161 0
192 500110 500115 0
193 500160 500133 0
194 125190 125181 0
195 250140 250142 0
196 250154 250155 0
197 250187 250178 0
198 250141 250127 0
199 62632 62631 0
200 500191 500162 0
201 500196 500184 0
202 250120 250111 0
203 500172 500155 0
204 125155 125156 0
205 125171 125167 0
206 125106 125104 0
207 500192 500190 0
208 500164 500169 0
209 125159 125152 0
210 500159 500163 0
211 500192 500163 0
212 500152 500123 0
213 125158 125151 0
214 500164 500142 0
215 125129 125126 0
216 500135 500119 0
217 500153 500141 0
218 31432 31432 0
219 500183 500182 0
220 500117 500160 0
221 62656 62658 0
222 500116 500153 0
223 500163 500170 0
224 62664 62671 0
225 500165 500198 0
226 125126 125140 0
227 125166 125178 0
228 125176 125185 0
229 125152 125169 0
230 125174 125181 0
231 125140 125145 0
232 500124 500145 0
233 125120 125129 0
234 250153 250176 0
235 500124 500152 0
236 250158 250169 0
237 250110 250118 0
238 500108 500174 0
239 250108 250134 0
240 500115 500165 0
241 250148 250179 0
242 500122 500152 0
243 500107 500135 0
244 62669 62675 0
245 15779 15780 0
246 31426 31427 0
247 500119 500152 0
248 125190 125152 0
249 250176 250103 0
250 250184 250112 0
251 31385 31374 0
252 125131 125104 0
253 62630 62619 0
254 62677 62663 0
255 62675 62655 0
256 125163 125123 0
257 62657 62640 0
258 125157 125124 0
259 31362 31356 0
260 250190 250136 0
261 250198 250126 0
262 62637 62624 0
263 125140 125118 0
264 125172 125136 0
265 7935 7961 0
266 15798 15818 0
267 7957 7973 0
268 15756 15820 0
269 7923 7982 0
270 7925 8002 0
271 15732 15735 0
272 7973 8009 0
273 15726 15741 0
274 15744 15757 0
275 15735 15765 0
276 7940 7987 0
277 15732 15764 0
278 15775 15801 0
279 15784 15824 0
280 15756 15768 0
281 4036 4103 0
282 4013 4032 0
283 7926 7995 0
284 15750 15757 0
285 4030 4070 0
286 4009 4081 0
287 500121 500190 0
288 7940 7956 0
289 4047 4086 0
290 31395 31447 0
291 31417 31438 0
292 7933 7983 0
293 4025 4101 0
294 31364 31414 0
295 4014 4050 0
296 31390 31433 0
297 4065 4103 0
298 31418 31432 0
299 15774 15789 0
300 4014 4067 0
301 4039 4066 0
302 4081 4093 0
303 31364 31421 0
304 4008 4076 0
305 31415 31450 0
306 31355 31376 0
307 31377 31449 0
308 31401 31448 0
309 31409 31442 0
310 31435 31441 0
311 4043 4085 0
312 31395 31409 0
313 31392 31422 0
314 4038 4077 0
315 31387 31439 0
316 31369 31411 0
317 4042 4097 0
318 4024 4064 0
319 2067 2121 0
320 7975 7996 0
321 31389 31445 0
322 2067 2116 0
323 31387 31413 0
324 31413 31420 0
325 7945 7956 0
326 7996 8011 0
327 31377 31386 0
328 15726 15737 0
329 2069 2146 0
330 62617 62690 0
331 62603 62697 0
332 2081 2097 0
333 62605 62662 0
334 62607 62641 0
335 7917 7969 0
336 62644 62700 0
337 62616 62696 0
338 2070 2105 0
339 2117 2150 0
340 62628 62674 0
341 62616 62640 0
342 2078 2151 0
343 62617 62646 0
344 2059 2128 0
345 2089 2142 0
346 62638 62666 0
347 2064 2119 0
348 62643 62660 0
349 62624 62661 0
350 62670 62694 0
351 62630 62651 0
352 125117 125184 0
353 2056 2132 0
354 15759 15801 0
355 125147 125196 0
356 2104 2147 0
357 125137 125187 0
358 15737 15784 0
359 125104 125146 0
360 15745 15822 0
361 15727 15796 0
362 15741 15800 0
363 3 41 0
364 30 94 0
365 4 84 0
366 7934 8004 0
367 3 74 0
368 125127 125194 0
369 19 41 0
370 125110 125165 0
371 32 93 0
372 7936 8011 0
373 125141 125176 0
374 9 63 0
375 125101 125196 0
376 125147 125183 0
377 20 35 0
378 125130 125180 0
379 250121 250182 0
380 250107 250165 0
381 250143 250190 0
382 11 70 0
383 250116 250165 0
384 15729 15773 0
385 7933 7972 0
386 250144 250198 0
387 250111 250182 0
388 250159 250200 0
389 250144 250184 0
390 250124 250164 0
391 250165 250200 0
392 250131 250178 0
393 1 80 0
394 21 80 0
395 500123 500193 0
396 41 58 0
397 500115 500197 0
398 7934 7977 0
399 7926 7950 0
--------------
1000000 :c
1004097 :sum(p)
999999 :sum(w)
