400 :n
id p,w,x
--------------
0 90 21 1
1 79 49 1
2 15804 15726 1
3 15821 15750 1
4 15814 15742 1
5 15817 15759 1
6 7998 7965 1
7 7986 7955 1
8 64 43 1
9 67 42 1
10 15813 15754 1
11 7992 7943 1
12 15802 15750 1
13 7944 7913 1
14 7993 7935 1
15 7987 7940 1
16 7970 7915 1
17 7946 7918 1
18 7958 7924 1
19 7947 7920 1
20 99 28 1
21 100 2 1
22 7973 7945 1
23 8002 7927 1
24 7985 7931 1
25 8007 7945 1
26 31450 31351 1
27 4097 4053 1
28 4093 4017 1
29 4106 4035 1
30 4042 4019 1
31 92 45 1
32 80 13 1
33 4041 4017 1
34 4094 4022 1
35 4106 4030 1
36 4041 4016 1
37 4103 4078 1
38 4052 4017 1
39 4053 4010 1
40 4062 4028 1
41 57 1 1
42 2150 2111 1
43 90 62 1
44 55 14 1
45 83 61 1
46 2121 2081 1
47 2131 2084 1
48 2105 2076 1
49 74 5 1
50 47 8 1
51 2152 2056 1
52 15815 15769 1
53 2149 2116 1
54 99 56 1
55 93 8 1
56 43 1 1
57 2121 2079 1
58 2138 2069 1
59 82 54 1
60 2150 2065 1
61 87 22 1
62 2152 2093 1
63 89 24 1
64 2108 2084 1
65 2149 2100 1
66 35 19 1
67 2145 2115 1
68 31450 31360 1
69 31441 31356 1
70 26 18 1
71 36 28 1
72 51 45 1
73 14 13 1
74 73 68 1
75 2133 2118 1
76 2079 2066 1
77 4101 4087 1
78 2096 2089 1
79 7972 7949 1
80 7987 7964 1
81 7995 7972 1
82 4103 4092 1
83 15787 15746 1
84 15771 15731 1
85 4073 4063 1
86 15803 15766 1
87 31431 31362 1
88 15824 15791 1
89 31437 31373 1
90 31430 31367 1
91 8006 7990 1
92 8007 7991 1
93 4036 4028 1
94 4070 4062 1
95 15780 15749 1
96 15823 15793 1
97 31409 31357 1
98 15779 15753 1
99 15816 15791 1
100 31403 31354 1
101 31419 31370 1
102 4016 4010 1
103 15807 15785 1
104 15825 15804 0
105 31396 31355 1
106 4088 4083 1
107 62668 62602 1
108 4055 4051 0
109 62677 62617 1
110 82 49 1
111 15757 15728 1
112 4078 4073 0
113 15753 15738 0
114 62674 62619 0
115 7998 8007 0
116 4103 4103 0
117 15729 15746 0
118 62688 62638 0
119 31427 31402 0
120 31378 31354 0
121 31405 31383 1
122 62659 62619 0
123 31433 31413 0
124 15778 15768 0
125 125180 125101 0
126 31382 31364 0
127 4055 4053 0
128 2071 2070 0
129 15749 15744 0
130 15800 15798 0
131 7987 7992 0
132 2141 2145 0
133 2104 2108 0
134 4022 4032 0
135 2077 2086 0
136 2138 2148 0
137 2119 2129 0
138 2101 2111 0
139 64 72 0
140 60 68 0
141 43 57 0
142 12 18 0
143 20 33 0
144 62691 62666 0
145 125194 125164 0
146 250200 250161 0
147 500157 500139 0
148 125132 125104 0
149 500140 500118 0
150 62693 62672 0
151 250187 250139 0
152 500135 500109 0
153 250196 250181 0
154 500182 500102 0
155 31404 31391 0
156 125163 125156 0
157 62647 62624 0
158 62657 62634 0
159 250160 250121 0
160 125178 125139 0
161 500188 500109 0
162 31378 31366 0
163 250184 250157 0
164 125143 125106 0
165 250116 250101 0
166 125199 125167 0
167 250177 250108 0
168 250196 250122 0
169 500186 500159 0
170 125159 125123 0
171 500168 500132 0
172 125192 125143 0
173 31405 31402 0
174 250183 250160 0
175 250179 250123 0
176 500122 500101 0
177 250175 250144 0
178 250146 250113 0
179 500153 500118 0
180 500133 500118 0
181 500177 500121 0
182 250190 250115 0
183 500156 500129 0
184 31375 31362 0
185 500151 500114 0
186 250155 250117 0
187 62624 62603 0
188 500158 500137 0
189 250165 250155 0
190 500162 500172 0
191 500130 500179 0
192 500161 500194 0
193 500154 500148 0
194 500152 500150 0
195 500198 500187 0
196 500200 500185 0
197 500166 500188 0
198 500115 500130 0
199 62646 62650 0
200 500191 500189 0
201 500146 500163 0
202 500121 500122 0
203 250149 250156 0
204 250138 250140 0
205 250126 250129 0
206 500174 500189 0
207 62633 62632 0
208 250181 250193 0
209 250128 250124 0
210 250130 250152 0
211 250124 250131 0
212 125102 125105 0
213 125166 125174 0
214 125163 125164 0
215 250181 250199 0
216 125164 125176 0
217 250105 250117 0
218 250188 250192 0
219 125188 125198 0
220 125194 125199 0
221 500144 500154 0
222 500133 500148 0
223 250112 250126 0
224 250161 250180 0
225 250141 250161 0
226 500134 500158 0
227 31380 31380 0
228 31442 31444 0
229 125191 125127 0
230 125183 125128 0
231 125180 125116 0
232 62659 62625 0
233 62654 62624 0
234 500167 500121 0
235 62669 62643 0
236 62696 62689 0
237 500198 500115 0
238 62687 62670 0
239 62640 62629 0
240 125141 125117 0
241 500197 500132 0
242 15748 15762 0
243 7962 7991 0
244 15803 15818 0
245 15804 15811 0
246 500127 500176 0
247 7930 7947 0
248 31395 31439 0
249 7918 7962 0
250 7940 7997 0
251 31425 31434 0
252 7941 7976 0
253 7948 7999 0
254 7941 7973 0
255 31434 31445 0
256 31372 31379 0
257 7916 7998 0
258 7913 8011 0
259 31383 31437 0
260 31409 31426 0
261 7934 7974 0
262 7978 8006 0
263 31372 31388 0
264 7944 7978 0
265 31410 31421 0
266 31419 31434 0
267 7941 7955 0
268 7939 7978 0
269 7946 8008 0
270 15774 15811 0
271 31383 31423 0
272 7991 8008 0
273 31359 31445 0
274 31384 31447 0
275 7915 7945 0
276 31407 31428 0
277 31396 31421 0
278 7942 7951 0
279 4029 4101 0
280 4028 4079 0
281 31395 31421 0
282 31368 31434 0
283 4033 4089 0
284 4031 4058 0
285 31427 31439 0
286 31361 31399 0
287 31351 31445 0
288 62640 62677 0
289 4074 4089 0
290 4012 4031 0
291 62606 62641 0
292 4011 4070 0
293 4046 4060 0
294 62607 62624 0
295 4061 4077 0
296 62607 62672 0
297 62620 62644 0
298 62607 62632 0
299 4015 4093 0
300 62604 62641 0
301 4020 4045 0
302 62632 62693 0
303 4046 4080 0
304 62611 62677 0
305 7991 8009 0
306 62645 62654 0
307 62680 62695 0
308 4087 4105 0
309 62639 62678 0
310 4077 4103 0
311 62678 62692 0
312 62631 62658 0
313 4017 4051 0
314 62633 62659 0
315 4055 4074 0
316 62618 62675 0
317 62633 62643 0
318 62638 62678 0
319 15804 15809 0
320 15752 15762 0
321 2054 2081 0
322 62672 62682 0
323 62607 62667 0
324 62678 62689 0
325 15742 15764 0
326 62623 62631 0
327 2074 2140 0
328 2118 2148 0
329 2074 2119 0
330 2057 2095 0
331 125125 125139 0
332 2093 2151 0
333 15764 15778 0
334 2074 2122 0
335 125134 125193 0
336 2061 2088 0
337 125161 125178 0
338 2061 2138 0
339 125108 125166 0
340 125121 125148 0
341 125105 125161 0
342 2080 2129 0
343 125134 125195 0
344 2057 2152 0
345 125142 125170 0
346 2108 2135 0
347 125124 125143 0
348 2112 2134 0
349 125105 125122 0
350 125127 125190 0
351 2060 2097 0
352 15792 15819 0
353 125134 125152 0
354 15735 15754 0
355 2062 2076 0
356 125160 125177 0
357 2080 2131 0
358 2069 2129 0
359 125140 125183 0
360 43 73 0
361 125119 125155 0
362 125105 125187 0
363 125175 125195 0
364 15727 15730 0
365 48 85 0
366 125107 125134 0
367 125143 125198 0
368 125104 125143 0
369 125110 125198 0
370 250107 250168 0
371 15756 15763 0
372 250121 250166 0
373 250111 250169 0
374 43 83 0
375 15733 15742 0
376 1 93 0
377 250122 250200 0
378 250136 250195 0
379 250141 250169 0
380 250119 250187 0
381 28 54 0
382 250119 250156 0
383 250129 250188 0
384 41 63 0
385 250111 250168 0
386 250142 250185 0
387 14 81 0
388 250101 250147 0
389 50 99 0
390 500112 500172 0
391 500106 500171 0
392 500113 500189 0
393 500122 500198 0
394 15734 15764 0
395 500129 500193 0
396 15753 15806 0
397 500113 500168 0
398 15768 15789 0
399 15758 15781 0
--------------
1000000 :c
1004647 :sum(p)
1000000 :sum(w)
