400 :n
id p,w,x
--------------
0 4099 4034 1
1 4073 4007 1
2 76 11 1
3 92 61 1
4 97 39 1
5 4092 4035 1
6 93 19 1
7 72 45 1
8 75 44 1
9 4100 4007 1
10 82 12 1
11 75 49 1
12 74 51 1
13 90 72 1
14 56 13 1
15 66 49 1
16 98 56 1
17 94 57 1
18 7996 7932 1
19 2127 2084 1
20 2112 2078 1
21 2133 2101 1
22 7992 7915 1
23 8005 7924 1
24 2132 2106 1
25 2149 2122 1
26 2138 2116 1
27 2115 2062 1
28 2106 2060 1
29 2122 2077 1
30 2142 2110 1
31 8002 7939 1
32 2100 2058 1
33 4067 4035 1
34 2128 2068 1
35 4089 4047 1
36 2148 2131 1
37 4105 4016 1
38 2101 2081 1
39 4045 4009 1
40 4082 4048 1
41 4055 4007 1
42 4068 4035 1
43 4068 4008 1
44 4072 4009 1
45 4104 4010 1
46 4078 4018 1
47 8011 7979 1
48 7987 7962 1
49 8004 7955 1
50 8004 7946 1
51 4076 4052 1
52 15811 15737 1
53 4027 4007 1
54 7946 7913 1
55 15779 15730 1
56 7981 7925 1
57 4066 4046 1
58 15801 15726 1
59 8011 7967 1
60 8002 7959 1
61 7977 7939 1
62 7998 7937 1
63 96 83 1
64 71 69 1
65 2097 2081 1
66 2099 2085 1
67 2068 2056 1
68 4100 4085 1
69 4100 4086 1
70 2074 2067 1
71 7947 7923 1
72 8005 7981 1
73 15777 15730 1
74 15777 15732 1
75 2138 2132 1
76 31441 31353 1
77 15815 15771 1
78 31448 31364 1
79 15799 15758 1
80 15785 15749 1
81 4026 4017 1
82 4034 4025 0
83 8007 7991 1
84 15812 15782 1
85 15793 15764 1
86 31446 31389 1
87 31425 31372 1
88 31404 31355 1
89 2064 2061 1
90 62696 62605 1
91 2087 2084 0
92 4059 4054 0
93 31418 31380 1
94 7978 7969 1
95 31392 31357 1
96 15815 15798 1
97 31431 31398 1
98 15760 15746 0
99 62675 62621 1
100 62695 62642 1
101 15747 15734 1
102 56 48 1
103 62651 62603 0
104 7940 7933 1
105 62666 62619 1
106 62651 62606 0
107 7999 8006 0
108 4097 4106 0
109 500149 500124 0
110 62666 62622 0
111 31433 31411 1
112 15773 15762 0
113 125182 125102 0
114 7983 7988 0
115 62673 62633 0
116 62687 62649 0
117 125191 125131 0
118 31413 31399 0
119 125187 125135 0
120 31400 31387 0
121 125168 125117 0
122 62640 62615 0
123 125173 125124 0
124 15809 15803 0
125 31441 31432 0
126 31398 31390 0
127 7940 7938 0
128 7942 7940 0
129 31359 31352 0
130 31383 31376 0
131 15742 15739 0
132 31369 31366 0
133 15797 15797 0
134 15762 15763 0
135 7922 7923 0
136 15798 15801 0
137 15786 15791 0
138 15737 15742 0
139 2092 2093 0
140 15784 15792 0
141 7956 7961 0
142 7982 7992 0
143 7923 7933 0
144 7972 7983 0
145 7967 7980 0
146 2100 2104 0
147 4046 4057 0
148 2135 2141 0
149 4023 4035 0
150 2088 2095 0
151 4068 4083 0
152 4081 4098 0
153 2093 2104 0
154 2055 2066 0
155 2106 2121 0
156 2092 2110 0
157 2059 2077 0
158 78 79 0
159 81 83 0
160 58 65 0
161 87 100 0
162 29 34 0
163 35 46 0
164 4 9 0
165 10 31 0
166 1 5 0
167 3 16 0
168 2 18 0
169 31354 31404 0
170 31400 31400 0
171 31354 31396 0
172 31353 31373 0
173 31371 31415 0
174 125199 125199 0
175 125170 125176 0
176 31351 31381 0
177 125192 125191 0
178 125189 125184 0
179 31361 31434 0
180 31383 31385 0
181 31392 31419 0
182 125178 125152 0
183 31385 31412 0
184 125179 125193 0
185 125100 125121 0
186 31442 31440 0
187 31358 31371 0
188 31397 31398 0
189 125124 125171 0
190 31357 31431 0
191 31396 31416 0
192 31416 31443 0
193 31446 31445 0
194 31371 31436 0
195 31381 31408 0
196 125168 125141 0
197 31395 31406 0
198 31430 31436 0
199 125154 125139 0
200 125166 125139 0
201 125194 125170 0
202 125112 125188 0
203 125113 125160 0
204 15727 15812 0
205 125150 125169 0
206 15739 15783 0
207 125192 125194 0
208 31408 31410 0
209 15738 15779 0
210 15770 15794 0
211 125192 125147 0
212 125171 125128 0
213 15740 15807 0
214 125107 125166 0
215 125114 125159 0
216 15737 15785 0
217 31352 31418 0
218 125127 125119 0
219 15783 15820 0
220 15744 15778 0
221 15749 15768 0
222 15802 15818 0
223 31354 31356 0
224 15777 15812 0
225 15727 15780 0
226 125163 125196 0
227 15740 15801 0
228 15777 15787 0
229 125163 125151 0
230 125121 125156 0
231 125177 125193 0
232 15735 15767 0
233 125129 125174 0
234 62615 62629 0
235 15726 15765 0
236 125138 125151 0
237 15774 15812 0
238 15759 15815 0
239 7978 8010 0
240 62671 62652 0
241 250139 250138 0
242 62648 62648 0
243 7936 7986 0
244 250138 250136 0
245 250107 250187 0
246 250179 250118 0
247 250120 250151 0
248 250171 250151 0
249 62676 62697 0
250 250126 250155 0
251 7916 7941 0
252 62668 62648 0
253 250131 250111 0
254 250125 250125 0
255 62674 62652 0
256 250158 250124 0
257 7915 7993 0
258 7954 8007 0
259 250152 250193 0
260 250131 250146 0
261 7932 7980 0
262 7960 7984 0
263 125147 125139 0
264 7950 7971 0
265 62609 62653 0
266 7937 7991 0
267 7934 7984 0
268 250133 250129 0
269 7928 7976 0
270 62647 62689 0
271 250132 250155 0
272 62635 62618 0
273 62643 62666 0
274 250176 250186 0
275 250138 250148 0
276 250107 250114 0
277 250117 250151 0
278 250127 250116 0
279 4009 4058 0
280 4024 4090 0
281 250185 250180 0
282 4046 4078 0
283 62613 62651 0
284 250109 250109 0
285 4039 4103 0
286 250123 250169 0
287 250160 250170 0
288 250126 250171 0
289 250116 250105 0
290 250156 250179 0
291 4013 4078 0
292 250184 250109 0
293 62687 62668 0
294 250178 250159 0
295 250137 250102 0
296 250183 250165 0
297 4025 4081 0
298 250146 250134 0
299 250173 250138 0
300 250120 250196 0
301 4058 4100 0
302 4060 4102 0
303 125173 125192 0
304 250184 250110 0
305 250105 250180 0
306 4039 4104 0
307 250144 250166 0
308 4015 4102 0
309 250177 250133 0
310 250134 250180 0
311 4010 4077 0
312 4054 4075 0
313 250169 250193 0
314 250105 250174 0
315 500197 500123 0
316 62633 62610 0
317 62633 62663 0
318 500189 500194 0
319 2097 2129 0
320 500108 500148 0
321 2088 2133 0
322 500167 500185 0
323 62635 62688 0
324 500139 500107 0
325 500123 500133 0
326 62607 62694 0
327 500172 500126 0
328 2088 2109 0
329 2128 2150 0
330 2059 2102 0
331 500180 500103 0
332 62604 62657 0
333 500119 500132 0
334 2064 2143 0
335 500142 500198 0
336 500123 500151 0
337 62669 62671 0
338 125170 125123 0
339 500141 500170 0
340 2076 2122 0
341 2087 2148 0
342 500154 500118 0
343 500117 500174 0
344 500124 500170 0
345 500119 500104 0
346 500142 500145 0
347 2070 2094 0
348 500161 500166 0
349 500105 500121 0
350 500103 500199 0
351 500133 500180 0
352 62621 62665 0
353 500110 500135 0
354 62630 62616 0
355 2065 2105 0
356 62694 62696 0
357 62602 62672 0
358 500142 500114 0
359 62632 62626 0
360 3 32 0
361 45 83 0
362 500135 500162 0
363 2 90 0
364 500187 500147 0
365 125113 125135 0
366 125104 125198 0
367 500120 500106 0
368 500178 500187 0
369 125186 125177 0
370 500194 500141 0
371 500111 500144 0
372 11 65 0
373 500139 500128 0
374 500156 500191 0
375 26 96 0
376 71 98 0
377 11 90 0
378 500120 500198 0
379 125106 125150 0
380 62647 62636 0
381 24 88 0
382 500109 500141 0
383 51 87 0
384 62657 62638 0
385 23 69 0
386 62692 62693 0
387 500153 500146 0
388 32 69 0
389 500166 500133 0
390 500146 500105 0
391 29 78 0
392 500139 500150 0
393 62635 62643 0
394 62693 62684 0
395 500162 500120 0
396 125125 125182 0
397 500189 500155 0
398 62668 62686 0
399 62630 62658 0
--------------
1000000 :c
1004122 :sum(p)
999998 :sum(w)
