400 :n
id p,w,x
--------------
0 76 6 1
1 55 8 1
2 65 10 1
3 100 17 1
4 95 18 1
5 45 13 1
6 94 33 1
7 63 26 1
8 66 29 1
9 93 41 1
10 97 46 1
11 78 37 1
12 2 1 0
13 32 17 1
14 57 33 1
15 71 43 1
16 50 36 1
17 100 76 1
18 52 43 1
19 87 80 1
20 2141 2066 1
21 2150 2075 1
22 2149 2076 1
23 2142 2070 1
24 2145 2083 1
25 2142 2084 1
26 4097 4007 1
27 4096 4009 1
28 4105 4018 1
29 4105 4028 1
30 2122 2085 1
31 2127 2091 1
32 4099 4031 1
33 2125 2091 1
34 2096 2072 1
35 4053 4009 1
36 2123 2101 1
37 2078 2057 1
38 2136 2115 1
39 8001 7925 1
40 4093 4055 1
41 8001 7930 1
42 2142 2123 1
43 7996 7930 1
44 4080 4047 1
45 2139 2122 1
46 4056 4025 1
47 4083 4052 1
48 4034 4007 1
49 7981 7930 1
50 7993 7942 1
51 7997 7946 1
52 7977 7927 1
53 2097 2084 1
54 4035 4010 1
55 4094 4069 1
56 4065 4042 1
57 7970 7927 1
58 7995 7953 1
59 7978 7939 1
60 7956 7918 1
61 7982 7945 1
62 15809 15736 1
63 7952 7916 1
64 7982 7946 1
65 15809 15739 1
66 7961 7926 1
67 15801 15732 1
68 8006 7974 1
69 7946 7915 1
70 8010 7980 1
71 7985 7957 1
72 7947 7920 1
73 4027 4014 1
74 15815 15768 1
75 4054 4042 1
76 15804 15758 1
77 7953 7932 1
78 15804 15763 1
79 4017 4007 1
80 31447 31369 1
81 4054 4044 1
82 2066 2061 0
83 7980 7961 1
84 15776 15740 1
85 31425 31362 1
86 31450 31388 1
87 31417 31356 1
88 15789 15759 1
89 7984 7970 1
90 15757 15730 1
91 31434 31391 1
92 15823 15741 1
93 31447 31403 1
94 15780 15754 1
95 4085 4079 0
96 15779 15757 1
97 7965 7955 0
98 15753 15734 1
99 7963 7954 0
100 7994 7985 0
101 15824 15807 1
102 7944 7936 0
103 31439 31408 1
104 62688 62628 1
105 15783 15768 1
106 15800 15786 0
107 4103 4096 1
108 62680 62614 1
109 31404 31354 1
110 31425 31400 1
111 31448 31423 0
112 31424 31400 1
113 31437 31413 1
114 7996 7993 0
115 62659 62625 0
116 31427 31404 0
117 125192 125103 0
118 62659 62615 0
119 62673 62629 0
120 62668 62625 0
121 125194 125111 0
122 62667 62626 0
123 62695 62654 0
124 31411 31391 0
125 15768 15758 0
126 15772 15762 0
127 62641 62605 0
128 62698 62662 0
129 31431 31413 0
130 62637 62602 0
131 2118 2124 0
132 17 77 0
133 62664 62634 0
134 125173 125115 0
135 62677 62648 0
136 125196 125139 0
137 125199 125142 0
138 62668 62640 0
139 62685 62657 0
140 15748 15741 0
141 62629 62603 0
142 62680 62654 0
143 31370 31357 0
144 62666 62642 0
145 125157 125112 0
146 15803 15799 0
147 15819 15815 0
148 15792 15789 0
149 31400 31395 0
150 15748 15748 0
151 15816 15819 0
152 7991 7993 0
153 15784 15788 0
154 15754 15761 0
155 4043 4046 0
156 2101 2103 0
157 7920 7928 0
158 2105 2109 0
159 4080 4090 0
160 4023 4034 0
161 2101 2108 0
162 4047 4061 0
163 4072 4087 0
164 4037 4052 0
165 4008 4025 0
166 2100 2112 0
167 2081 2098 0
168 2075 2092 0
169 27 29 0
170 79 96 0
171 58 71 0
172 72 89 0
173 62 77 0
174 72 92 0
175 29 43 0
176 15 36 0
177 1 6 0
178 4 24 0
179 500145 500121 0
180 500195 500162 0
181 500167 500159 0
182 500199 500101 0
183 125198 125184 0
184 125137 125113 0
185 500140 500133 0
186 125131 125107 0
187 500164 500127 0
188 500152 500134 0
189 62627 62611 0
190 500139 500133 0
191 500181 500111 0
192 500180 500141 0
193 62668 62652 0
194 500198 500109 0
195 500185 500127 0
196 125155 125138 0
197 250164 250155 0
198 500196 500157 0
199 500151 500138 0
200 500161 500111 0
201 500196 500124 0
202 125176 125168 0
203 62629 62627 0
204 62662 62645 0
205 62645 62631 0
206 250183 250143 0
207 250135 250123 0
208 250142 250130 0
209 250150 250141 0
210 250196 250181 0
211 62672 62667 0
212 62639 62619 0
213 125110 125103 0
214 250131 250127 0
215 250144 250114 0
216 250149 250122 0
217 250175 250151 0
218 125181 125138 0
219 125145 125112 0
220 250129 250105 0
221 250158 250130 0
222 62671 62667 0
223 250136 250134 0
224 250155 250113 0
225 250155 250145 0
226 62660 62639 0
227 125190 125167 0
228 250188 250128 0
229 62684 62673 0
230 125189 125185 0
231 125148 125135 0
232 250154 250144 0
233 31393 31392 0
234 500186 500126 0
235 500199 500142 0
236 15727 15815 0
237 31358 31360 0
238 31352 31387 0
239 31356 31381 0
240 31421 31432 0
241 7979 8006 0
242 7979 8010 0
243 31354 31426 0
244 15786 15822 0
245 31387 31405 0
246 31364 31380 0
247 31394 31443 0
248 62604 62637 0
249 7932 7987 0
250 62615 62630 0
251 7989 8009 0
252 62658 62696 0
253 62610 62634 0
254 62678 62689 0
255 7936 8008 0
256 62626 62667 0
257 62647 62652 0
258 62676 62696 0
259 62658 62678 0
260 7967 7992 0
261 62614 62698 0
262 7913 7928 0
263 62629 62635 0
264 62660 62672 0
265 125104 125122 0
266 7976 8010 0
267 15759 15821 0
268 125110 125149 0
269 7913 7974 0
270 125101 125186 0
271 125120 125160 0
272 125158 125172 0
273 125150 125180 0
274 125157 125157 0
275 125106 125106 0
276 125110 125114 0
277 7948 7986 0
278 125115 125135 0
279 125114 125197 0
280 4063 4094 0
281 125133 125199 0
282 4016 4050 0
283 4044 4103 0
284 31352 31415 0
285 31374 31411 0
286 125110 125130 0
287 4007 4088 0
288 4059 4102 0
289 4037 4098 0
290 31378 31416 0
291 125161 125176 0
292 4026 4081 0
293 125152 125196 0
294 125105 125130 0
295 125114 125177 0
296 125128 125175 0
297 4045 4102 0
298 125149 125194 0
299 4048 4076 0
300 125120 125127 0
301 15756 15771 0
302 125109 125175 0
303 125118 125177 0
304 125187 125192 0
305 250168 250184 0
306 250106 250121 0
307 250186 250200 0
308 4073 4105 0
309 250134 250136 0
310 250124 250191 0
311 4013 4049 0
312 250127 250134 0
313 4064 4084 0
314 15730 15739 0
315 250116 250158 0
316 4043 4064 0
317 31416 31431 0
318 31403 31429 0
319 31405 31422 0
320 250143 250198 0
321 31386 31410 0
322 2070 2130 0
323 2095 2142 0
324 2073 2098 0
325 250173 250195 0
326 15727 15800 0
327 2101 2144 0
328 2059 2087 0
329 31378 31390 0
330 2057 2140 0
331 250130 250173 0
332 250129 250181 0
333 250122 250190 0
334 250114 250179 0
335 250189 250195 0
336 2105 2143 0
337 2082 2109 0
338 15750 15763 0
339 15755 15824 0
340 2054 2085 0
341 15757 15769 0
342 250166 250182 0
343 250155 250164 0
344 250129 250152 0
345 250174 250195 0
346 250116 250127 0
347 2079 2148 0
348 250112 250174 0
349 2059 2079 0
350 250116 250178 0
351 2092 2148 0
352 2100 2136 0
353 250115 250117 0
354 250109 250197 0
355 2107 2135 0
356 2063 2107 0
357 2104 2130 0
358 500111 500169 0
359 20 70 0
360 500129 500195 0
361 23 80 0
362 500131 500197 0
363 500151 500164 0
364 500188 500200 0
365 500121 500180 0
366 500115 500182 0
367 9 48 0
368 61 84 0
369 500180 500200 0
370 500126 500173 0
371 51 97 0
372 31417 31448 0
373 44 95 0
374 31368 31426 0
375 500170 500175 0
376 31379 31428 0
377 31413 31441 0
378 31368 31422 0
379 500126 500165 0
380 500139 500171 0
381 15737 15792 0
382 22 63 0
383 500107 500124 0
384 500178 500181 0
385 31358 31435 0
386 500190 500190 0
387 15727 15737 0
388 500131 500183 0
389 500108 500132 0
390 500121 500159 0
391 58 80 0
392 500109 500110 0
393 4 80 0
394 15731 15763 0
395 500119 500184 0
396 500194 500198 0
397 500172 500198 0
398 15770 15822 0
399 15775 15820 0
--------------
1000000 :c
1004336 :sum(p)
1000000 :sum(w)
