400 :n
id p,w,x
--------------
0 70 37 1
1 100 21 1
2 15812 15733 1
3 7998 7954 1
4 7955 7915 1
5 8007 7966 1
6 8009 7914 1
7 7965 7923 1
8 7964 7926 1
9 8006 7955 1
10 4096 4077 1
11 4085 4042 1
12 4033 4014 1
13 4045 4013 1
14 4102 4083 1
15 43 22 1
16 55 22 1
17 4103 4070 1
18 4104 4022 1
19 4094 4060 1
20 4051 4007 1
21 4058 4019 1
22 87 10 1
23 4072 4019 1
24 15804 15731 1
25 4060 4015 1
26 4042 4015 1
27 96 39 1
28 2127 2081 1
29 2125 2082 1
30 36 14 1
31 2141 2054 1
32 92 6 1
33 2148 2092 1
34 2150 2103 1
35 2125 2095 1
36 2150 2058 1
37 2147 2098 1
38 2076 2059 1
39 2112 2096 1
40 2141 2080 1
41 57 19 1
42 94 3 1
43 87 25 1
44 2142 2080 1
45 84 57 1
46 2121 2076 1
47 2144 2067 1
48 4053 4035 1
49 8003 7969 1
50 7979 7943 1
51 15795 15736 1
52 7970 7938 1
53 15807 15741 1
54 15815 15746 1
55 15825 15753 1
56 15807 15746 1
57 4094 4076 1
58 73 60 1
59 62 54 1
60 92 82 1
61 2119 2106 1
62 2115 2103 1
63 2104 2093 1
64 4082 4067 1
65 15811 15753 1
66 15807 15753 1
67 7960 7935 1
68 7965 7940 1
69 7971 7946 1
70 7984 7959 1
71 15778 15730 1
72 7992 7968 1
73 15775 15729 1
74 7964 7941 1
75 15802 15757 1
76 15807 15763 1
77 8005 7983 1
78 4028 4018 1
79 7953 7934 1
80 31440 31365 1
81 31440 31369 1
82 15782 15748 1
83 31434 31367 1
84 31424 31362 1
85 31427 31365 1
86 7951 7936 1
87 31412 31354 1
88 31449 31391 1
89 15818 15794 1
90 31402 31357 1
91 15814 15792 1
92 31410 31369 1
93 15783 15765 1
94 31406 31371 1
95 4063 4041 1
96 62699 62613 1
97 7947 7927 1
98 62699 62633 1
99 31400 31367 0
100 31430 31402 0
101 62700 62665 0
102 15819 15808 0
103 25 27 0
104 62679 62616 0
105 15785 15770 1
106 62682 62626 0
107 15780 15766 0
108 31391 31365 0
109 2144 2149 0
110 62698 62653 0
111 31396 31374 0
112 62676 62633 0
113 62697 62655 0
114 62645 62605 0
115 15815 15806 0
116 62659 62624 0
117 62669 62638 0
118 31404 31390 0
119 31391 31380 0
120 31429 31419 0
121 31448 31438 0
122 31421 31414 0
123 31424 31417 0
124 31437 31431 0
125 15741 15738 0
126 15771 15768 0
127 15803 15800 0
128 15805 15805 0
129 15788 15788 0
130 4084 4084 0
131 7948 7949 1
132 15735 15742 0
133 2135 2136 1
134 15750 15759 0
135 15779 15790 0
136 4028 4031 0
137 7957 7968 0
138 7917 7928 0
139 4079 4085 0
140 4075 4081 0
141 2124 2128 0
142 4081 4090 0
143 7953 7971 0
144 2086 2092 0
145 4087 4099 0
146 2118 2125 0
147 4052 4066 0
148 4077 4092 0
149 4030 4045 0
150 4013 4029 0
151 4035 4054 0
152 2080 2091 0
153 4043 4067 0
154 2074 2088 0
155 2084 2102 0
156 2117 2136 0
157 2101 2125 0
158 2092 2117 0
159 88 92 0
160 76 82 0
161 75 84 0
162 79 91 0
163 77 98 0
164 37 49 0
165 54 74 0
166 42 62 0
167 3 5 0
168 10 18 0
169 9 36 0
170 125129 125137 0
171 125145 125120 0
172 125190 125187 0
173 125175 125139 0
174 125192 125152 0
175 500196 500149 0
176 500173 500102 0
177 500197 500167 0
178 125192 125180 0
179 500180 500124 0
180 125162 125131 0
181 250168 250122 0
182 250133 250116 0
183 250186 250196 0
184 500146 500125 0
185 500183 500135 0
186 125150 125107 0
187 500195 500119 0
188 250151 250160 0
189 250134 250111 0
190 250165 250131 0
191 250153 250130 0
192 31434 31435 0
193 250190 250133 0
194 250182 250139 0
195 250148 250118 0
196 250159 250159 0
197 500161 500126 0
198 250175 250191 0
199 250182 250126 0
200 250167 250132 0
201 250190 250150 0
202 250144 250122 0
203 250175 250106 0
204 250157 250173 0
205 250139 250149 0
206 250139 250114 0
207 500142 500157 0
208 250173 250188 0
209 500123 500160 0
210 500142 500130 0
211 500158 500167 0
212 250164 250110 0
213 250133 250108 0
214 250144 250155 0
215 250110 250101 0
216 250171 250122 0
217 500162 500143 0
218 500144 500174 0
219 250149 250143 0
220 250155 250125 0
221 500114 500107 0
222 62661 62651 0
223 500142 500111 0
224 125183 125105 0
225 125189 125115 0
226 125184 125127 0
227 62695 62670 0
228 125179 125121 0
229 125178 125107 0
230 125172 125110 0
231 62675 62647 0
232 62663 62657 0
233 62617 62602 0
234 125173 125180 0
235 62667 62662 0
236 500120 500155 0
237 500154 500121 0
238 500127 500148 0
239 62620 62609 0
240 125168 125134 0
241 125187 125180 0
242 62644 62635 0
243 62694 62671 0
244 62639 62620 0
245 62617 62615 0
246 62683 62674 0
247 125130 125118 0
248 500177 500134 0
249 62687 62689 0
250 500102 500110 0
251 500186 500123 0
252 31415 31412 0
253 500180 500196 0
254 500196 500170 0
255 500177 500192 0
256 500107 500137 0
257 500171 500174 0
258 500185 500143 0
259 500145 500175 0
260 500152 500147 0
261 500105 500125 0
262 500119 500103 0
263 7942 7973 0
264 31365 31388 0
265 31361 31379 0
266 31355 31402 0
267 7914 7946 0
268 7919 7966 0
269 62633 62641 0
270 7962 7998 0
271 62640 62668 0
272 62603 62618 0
273 62620 62645 0
274 31406 31435 0
275 62620 62632 0
276 62615 62687 0
277 7929 8007 0
278 7955 7977 0
279 62605 62650 0
280 62620 62646 0
281 62613 62642 0
282 7918 7946 0
283 62616 62631 0
284 62603 62675 0
285 62609 62679 0
286 7930 7979 0
287 62689 62694 0
288 4013 4066 0
289 62633 62642 0
290 62645 62691 0
291 62622 62646 0
292 125181 125194 0
293 125104 125164 0
294 125108 125127 0
295 31356 31377 0
296 4014 4054 0
297 125126 125152 0
298 4049 4102 0
299 4047 4082 0
300 4029 4072 0
301 4024 4076 0
302 4026 4063 0
303 31355 31447 0
304 7926 7996 0
305 31393 31403 0
306 4018 4052 0
307 31354 31385 0
308 125172 125193 0
309 4041 4100 0
310 7924 7993 0
311 7941 7963 0
312 125123 125165 0
313 4016 4096 0
314 31356 31425 0
315 31380 31417 0
316 125141 125158 0
317 125132 125155 0
318 125110 125146 0
319 2116 2146 0
320 2093 2133 0
321 125138 125180 0
322 2059 2101 0
323 125105 125168 0
324 31416 31429 0
325 125159 125198 0
326 2084 2135 0
327 125103 125181 0
328 7923 7999 0
329 125186 125198 0
330 31405 31423 0
331 125136 125169 0
332 2057 2151 0
333 125100 125186 0
334 125139 125170 0
335 125117 125135 0
336 125114 125161 0
337 2074 2150 0
338 7917 8007 0
339 125161 125195 0
340 125112 125166 0
341 2095 2150 0
342 7941 7967 0
343 125107 125177 0
344 7926 8004 0
345 2079 2130 0
346 250124 250148 0
347 250114 250192 0
348 250124 250166 0
349 7929 7964 0
350 250115 250137 0
351 31415 31428 0
352 2100 2127 0
353 2115 2146 0
354 2060 2123 0
355 2054 2085 0
356 31371 31414 0
357 31414 31429 0
358 31358 31429 0
359 250120 250197 0
360 250135 250177 0
361 250105 250199 0
362 6 84 0
363 250102 250133 0
364 250108 250185 0
365 13 61 0
366 250142 250178 0
367 15741 15784 0
368 43 93 0
369 15772 15792 0
370 250160 250199 0
371 50 97 0
372 250157 250195 0
373 34 71 0
374 500101 500173 0
375 7 73 0
376 500134 500192 0
377 500125 500171 0
378 500116 500182 0
379 31398 31436 0
380 15735 15813 0
381 44 88 0
382 500104 500141 0
383 10 53 0
384 15760 15779 0
385 15766 15801 0
386 29 71 0
387 500121 500200 0
388 500139 500184 0
389 22 73 0
390 45 90 0
391 15760 15797 0
392 500114 500194 0
393 15758 15820 0
394 36 83 0
395 15730 15745 0
396 15731 15819 0
397 14 66 0
398 15780 15818 0
399 15788 15822 0
--------------
1000000 :c
1004280 :sum(p)
1000000 :sum(w)
