400 :n
id p,w,x
--------------
0 71 20 1
1 100 9 1
2 7997 7920 1
3 73 8 1
4 89 55 1
5 4074 4025 1
6 81 16 1
7 4093 4031 1
8 4072 4032 1
9 4085 4012 1
10 4094 4021 1
11 4074 4023 1
12 4064 4010 1
13 99 57 1
14 4092 4022 1
15 4097 4044 1
16 75 42 1
17 4094 4056 1
18 2131 2090 1
19 4096 4008 1
20 2102 2071 1
21 2138 2060 1
22 89 12 1
23 78 29 1
24 2130 2059 1
25 2134 2065 1
26 2118 2060 1
27 2128 2093 1
28 2151 2101 1
29 2126 2074 1
30 15811 15739 1
31 31 6 1
32 35 16 1
33 27 19 1
34 48 36 1
35 57 43 1
36 80 66 1
37 21 19 1
38 49 47 1
39 61 59 1
40 2144 2116 1
41 2135 2116 1
42 4104 4069 1
43 2128 2110 1
44 4081 4047 1
45 7973 7913 1
46 7976 7916 1
47 4069 4041 1
48 7995 7942 1
49 4091 4064 1
50 4095 4069 1
51 2078 2065 1
52 8009 7959 1
53 7997 7948 1
54 8010 7968 1
55 7978 7937 1
56 15818 15751 1
57 7979 7947 1
58 15797 15736 1
59 15790 15735 1
60 4104 4090 1
61 7979 7953 1
62 4081 4068 1
63 7971 7946 1
64 8006 7981 1
65 8012 7988 1
66 15814 15768 1
67 15822 15779 1
68 15823 15780 1
69 31441 31360 1
70 7959 7939 1
71 31446 31368 1
72 4090 4080 1
73 31433 31360 1
74 15764 15733 1
75 15774 15745 1
76 15820 15792 1
77 31418 31363 1
78 4029 4022 1
79 4063 4056 1
80 31412 31358 1
81 62695 62603 1
82 90 7 1
83 31433 31385 1
84 7973 7961 1
85 31417 31373 1
86 31426 31382 1
87 31409 31367 1
88 31445 31403 1
89 31411 31370 1
90 15813 15793 1
91 15824 15804 1
92 31420 31383 0
93 31430 31380 1
94 62688 62614 1
95 15803 15785 1
96 62698 62629 0
97 31445 31412 1
98 31449 31420 0
99 15813 15817 0
100 62646 62618 0
101 31392 31360 0
102 7922 7914 0
103 62696 62633 0
104 62689 62629 0
105 15802 15787 1
106 31380 31354 0
107 15811 15798 0
108 15792 15783 0
109 4070 4069 1
110 62656 62616 0
111 62674 62627 0
112 62646 62606 0
113 15737 15775 0
114 62654 62622 0
115 31423 31407 0
116 125179 125120 0
117 62650 62625 0
118 125187 125138 0
119 15768 15762 0
120 125196 125149 0
121 125193 125147 0
122 125195 125149 0
123 125192 125148 0
124 62688 62667 0
125 62695 62674 0
126 62677 62658 0
127 62699 62680 0
128 62692 62674 0
129 62617 62602 0
130 62670 62656 0
131 62626 62614 0
132 15765 15762 0
133 31402 31398 0
134 31437 31433 0
135 7937 7936 0
136 62641 62636 0
137 8002 8002 0
138 4008 4008 0
139 15781 15782 0
140 15788 15790 0
141 31392 31396 0
142 15749 15755 0
143 2090 2091 1
144 4065 4067 1
145 4034 4036 0
146 15785 15793 0
147 15737 15748 0
148 15785 15798 0
149 15742 15755 0
150 2124 2126 1
151 15791 15806 0
152 15789 15804 0
153 2066 2068 1
154 7946 7955 0
155 15727 15746 0
156 7989 7999 0
157 7971 7985 0
158 7984 8008 0
159 7953 7980 0
160 7945 7972 0
161 4069 4085 0
162 2143 2152 0
163 2090 2099 0
164 4042 4063 0
165 4055 4077 0
166 2124 2137 0
167 4051 4076 0
168 2128 2145 0
169 4034 4067 0
170 4024 4057 0
171 2058 2075 0
172 4020 4054 0
173 2072 2090 0
174 2072 2092 0
175 2084 2105 0
176 2111 2139 0
177 2103 2133 0
178 2098 2129 0
179 2098 2131 0
180 2072 2105 0
181 70 77 0
182 18 20 0
183 86 97 0
184 72 85 0
185 70 83 0
186 80 96 0
187 54 68 0
188 41 59 0
189 33 62 0
190 21 40 0
191 23 56 0
192 15 43 0
193 14 45 0
194 4 28 0
195 1 28 0
196 125187 125185 0
197 125101 125105 0
198 500119 500117 0
199 125149 125157 0
200 500158 500146 0
201 250114 250130 0
202 500130 500145 0
203 250167 250162 0
204 250154 250152 0
205 250181 250197 0
206 250174 250172 0
207 250155 250150 0
208 500131 500130 0
209 500137 500150 0
210 250181 250175 0
211 250190 250195 0
212 500191 500185 0
213 250123 250119 0
214 250136 250130 0
215 62602 62602 0
216 62620 62622 0
217 500182 500186 0
218 62697 62697 0
219 500177 500124 0
220 500170 500132 0
221 500178 500159 0
222 250183 250161 0
223 250188 250125 0
224 125175 125151 0
225 500144 500102 0
226 125129 125124 0
227 125135 125121 0
228 250172 250118 0
229 500166 500137 0
230 500151 500113 0
231 125174 125145 0
232 500146 500125 0
233 250165 250127 0
234 500173 500125 0
235 500150 500123 0
236 250199 250112 0
237 500194 500115 0
238 125184 125154 0
239 500188 500146 0
240 125108 125103 0
241 250200 250152 0
242 125111 125103 0
243 250192 250136 0
244 500166 500120 0
245 250184 250138 0
246 250148 250111 0
247 125143 125135 0
248 500183 500149 0
249 500185 500116 0
250 500148 500122 0
251 250191 250103 0
252 125142 125118 0
253 250200 250170 0
254 250199 250124 0
255 250192 250174 0
256 250150 250123 0
257 250181 250138 0
258 250164 250112 0
259 125156 125144 0
260 125116 125110 0
261 125173 125139 0
262 500155 500138 0
263 125138 125131 0
264 500175 500101 0
265 125160 125121 0
266 62671 62672 0
267 62631 62633 0
268 500120 500104 0
269 125175 125180 0
270 500170 500167 0
271 500109 500126 0
272 500132 500118 0
273 125165 125163 0
274 500130 500135 0
275 7971 8005 0
276 7941 7988 0
277 31383 31418 0
278 31359 31393 0
279 62606 62633 0
280 4055 4093 0
281 62604 62615 0
282 7931 8002 0
283 62609 62651 0
284 4017 4090 0
285 62613 62672 0
286 62605 62667 0
287 7936 7983 0
288 4042 4082 0
289 62607 62677 0
290 62653 62678 0
291 31439 31444 0
292 62609 62688 0
293 62623 62656 0
294 4016 4092 0
295 62640 62660 0
296 62604 62639 0
297 4033 4100 0
298 62617 62666 0
299 62676 62691 0
300 62647 62664 0
301 62661 62669 0
302 7913 7988 0
303 31356 31416 0
304 125122 125142 0
305 4030 4103 0
306 125135 125197 0
307 125119 125185 0
308 4007 4063 0
309 31368 31401 0
310 4057 4099 0
311 125105 125137 0
312 125166 125199 0
313 125106 125124 0
314 7947 7998 0
315 125115 125158 0
316 31367 31422 0
317 31411 31426 0
318 125135 125173 0
319 31371 31410 0
320 125166 125182 0
321 2090 2143 0
322 2065 2112 0
323 125103 125175 0
324 7952 8002 0
325 2081 2142 0
326 125151 125180 0
327 2070 2110 0
328 7928 8009 0
329 2077 2119 0
330 31387 31435 0
331 125105 125137 0
332 31443 31450 0
333 31364 31401 0
334 125114 125142 0
335 31368 31434 0
336 31356 31361 0
337 125107 125136 0
338 7949 7980 0
339 125100 125143 0
340 7948 8004 0
341 31387 31422 0
342 31414 31431 0
343 250155 250185 0
344 7923 7968 0
345 7922 7966 0
346 7915 7970 0
347 7934 8008 0
348 250148 250197 0
349 2062 2147 0
350 2097 2151 0
351 250160 250189 0
352 2071 2149 0
353 250112 250167 0
354 2075 2144 0
355 2094 2131 0
356 250130 250154 0
357 2106 2144 0
358 250113 250132 0
359 250141 250198 0
360 250117 250168 0
361 7939 7992 0
362 31364 31386 0
363 250119 250159 0
364 250114 250180 0
365 250122 250159 0
366 29 92 0
367 250165 250199 0
368 250104 250170 0
369 250137 250185 0
370 40 81 0
371 31360 31411 0
372 500133 500183 0
373 500124 500167 0
374 2 48 0
375 7947 7998 0
376 31435 31444 0
377 31371 31415 0
378 500142 500176 0
379 15745 15817 0
380 500145 500178 0
381 15740 15793 0
382 500109 500163 0
383 500141 500177 0
384 15787 15825 0
385 14 88 0
386 500139 500186 0
387 15761 15783 0
388 15746 15785 0
389 500115 500186 0
390 500117 500197 0
391 500150 500187 0
392 15767 15794 0
393 500110 500168 0
394 15733 15794 0
395 2 43 0
396 15758 15797 0
397 60 100 0
398 15768 15825 0
399 15754 15807 0
--------------
1000000 :c
1004092 :sum(p)
1000000 :sum(w)
