400 :n
id p,w,x
--------------
0 2149 2069 1
1 2145 2107 1
2 47 15 1
3 7997 7914 1
4 4091 4019 1
5 2144 2113 1
6 31 12 1
7 4102 4024 1
8 93 73 1
9 93 48 1
10 82 46 1
11 84 57 1
12 61 4 1
13 4056 4019 1
14 2137 2073 1
15 2124 2096 1
16 4060 4007 1
17 80 10 1
18 2099 2060 1
19 4046 4008 1
20 75 22 1
21 97 60 1
22 98 1 1
23 84 46 1
24 46 11 1
25 4081 4008 1
26 94 59 1
27 4076 4028 1
28 63 6 1
29 4089 4025 1
30 4088 4036 1
31 30 9 1
32 21 9 1
33 4052 4013 1
34 2122 2086 1
35 2150 2083 1
36 4067 4031 1
37 2107 2086 1
38 4087 4012 1
39 15783 15727 1
40 7993 7947 1
41 8005 7944 1
42 4082 4057 1
43 15815 15728 1
44 15764 15728 1
45 15750 15726 1
46 7952 7913 1
47 4078 4050 1
48 7993 7938 1
49 31417 31360 1
50 4099 4085 1
51 2071 2055 1
52 2110 2092 1
53 7978 7951 1
54 31427 31379 1
55 4064 4048 1
56 7947 7915 1
57 15814 15766 1
58 7948 7922 1
59 15774 15736 1
60 8011 7944 1
61 4029 4015 1
62 4038 4022 1
63 4098 4063 1
64 7992 7927 1
65 47 40 1
66 73 64 1
67 34 30 1
68 70 66 1
69 94 92 0
70 2085 2074 1
71 2113 2102 1
72 4060 4050 1
73 7987 7975 1
74 4060 4054 1
75 15747 15726 1
76 31420 31379 1
77 7982 7972 1
78 31431 31393 1
79 31436 31400 1
80 31406 31372 1
81 62674 62609 1
82 62677 62613 1
83 7945 7937 1
84 7978 7970 1
85 4034 4030 0
86 31413 31382 1
87 2095 2089 0
88 62667 62607 1
89 31385 31355 1
90 62690 62631 1
91 31408 31381 1
92 44 30 1
93 62664 62606 1
94 4023 4019 1
95 31378 31352 1
96 31380 31354 1
97 31419 31395 0
98 31429 31438 0
99 15819 15813 0
100 15753 15754 0
101 4015 4012 1
102 15798 15787 0
103 62699 62657 0
104 125185 125102 0
105 2112 2112 0
106 62659 62618 0
107 15754 15744 0
108 62663 62624 0
109 62655 62617 0
110 31395 31376 0
111 62676 62639 0
112 15744 15736 0
113 15806 15798 0
114 15739 15732 0
115 7968 7965 0
116 8010 8007 0
117 31396 31385 0
118 15816 15811 0
119 15766 15762 0
120 7971 7969 0
121 7989 7987 0
122 15812 15809 0
123 7983 7982 0
124 15751 15750 0
125 95 100 0
126 40 46 0
127 125140 125104 0
128 125191 125152 0
129 125164 125145 0
130 125169 125152 0
131 125178 125152 0
132 125133 125107 0
133 125173 125102 0
134 125181 125125 0
135 62662 62658 0
136 250167 250101 0
137 250194 250173 0
138 250187 250102 0
139 250200 250111 0
140 250167 250133 0
141 250162 250145 0
142 125159 125126 0
143 250155 250134 0
144 250160 250113 0
145 250195 250179 0
146 250171 250102 0
147 125193 125168 0
148 125140 125100 0
149 250186 250105 0
150 500181 500158 0
151 250180 250168 0
152 62690 62687 0
153 250191 250123 0
154 250164 250149 0
155 250185 250129 0
156 500164 500140 0
157 500196 500104 0
158 500190 500109 0
159 500191 500167 0
160 500132 500102 0
161 500145 500114 0
162 500167 500132 0
163 31425 31421 0
164 500186 500140 0
165 500137 500105 0
166 500187 500163 0
167 31396 31394 0
168 125161 125140 0
169 125196 125189 0
170 125159 125119 0
171 125195 125141 0
172 125165 125123 0
173 125182 125126 0
174 62685 62657 0
175 125191 125178 0
176 31393 31404 0
177 31358 31375 0
178 31370 31432 0
179 31381 31424 0
180 31422 31433 0
181 31353 31398 0
182 31379 31382 0
183 31383 31436 0
184 31395 31400 0
185 31357 31413 0
186 31359 31415 0
187 31361 31374 0
188 31365 31416 0
189 62605 62669 0
190 62620 62671 0
191 62617 62696 0
192 31379 31388 0
193 31373 31394 0
194 62655 62689 0
195 31387 31407 0
196 31352 31372 0
197 62602 62694 0
198 31365 31409 0
199 62618 62689 0
200 15792 15813 0
201 15772 15807 0
202 62620 62624 0
203 15735 15820 0
204 15763 15821 0
205 15733 15775 0
206 62639 62688 0
207 15758 15820 0
208 62609 62671 0
209 62607 62680 0
210 15749 15808 0
211 62611 62661 0
212 62663 62669 0
213 15730 15803 0
214 15728 15813 0
215 15733 15789 0
216 62654 62685 0
217 62639 62666 0
218 15735 15765 0
219 62657 62680 0
220 15763 15795 0
221 62630 62654 0
222 15745 15793 0
223 62608 62697 0
224 62647 62665 0
225 62641 62683 0
226 15732 15813 0
227 15772 15780 0
228 15750 15798 0
229 62626 62658 0
230 62603 62694 0
231 15769 15790 0
232 15752 15808 0
233 62619 62700 0
234 15746 15808 0
235 62686 62688 0
236 15737 15738 0
237 15742 15772 0
238 15787 15815 0
239 7927 7946 0
240 7924 7969 0
241 62654 62656 0
242 7941 7975 0
243 62653 62651 0
244 62607 62606 0
245 62615 62648 0
246 7990 8006 0
247 7946 7964 0
248 7954 7963 0
249 7956 7977 0
250 7974 7987 0
251 7937 7992 0
252 7933 7937 0
253 7930 7979 0
254 125178 125180 0
255 125159 125163 0
256 125156 125176 0
257 125176 125187 0
258 125167 125185 0
259 7919 7923 0
260 7913 7972 0
261 7951 7981 0
262 7930 7991 0
263 125150 125194 0
264 7914 7968 0
265 125103 125109 0
266 125117 125166 0
267 125173 125185 0
268 125136 125180 0
269 7963 7969 0
270 125127 125155 0
271 125110 125129 0
272 125156 125166 0
273 125118 125157 0
274 7949 8001 0
275 7931 7989 0
276 7931 7945 0
277 125113 125158 0
278 7946 7988 0
279 125112 125167 0
280 125100 125170 0
281 125189 125199 0
282 125117 125182 0
283 125117 125134 0
284 4012 4038 0
285 125100 125177 0
286 4030 4099 0
287 4094 4102 0
288 4055 4083 0
289 250148 250173 0
290 250156 250170 0
291 250181 250197 0
292 4064 4105 0
293 4015 4089 0
294 4012 4027 0
295 4023 4036 0
296 4019 4072 0
297 4034 4059 0
298 250140 250179 0
299 250127 250147 0
300 250169 250174 0
301 250146 250200 0
302 250135 250186 0
303 4053 4065 0
304 250186 250200 0
305 4062 4106 0
306 250106 250145 0
307 250115 250132 0
308 4023 4043 0
309 4043 4093 0
310 250123 250124 0
311 250106 250150 0
312 250142 250198 0
313 250122 250174 0
314 4037 4054 0
315 250101 250136 0
316 250188 250190 0
317 250123 250117 0
318 4045 4078 0
319 250101 250196 0
320 250129 250153 0
321 2104 2148 0
322 2066 2153 0
323 2054 2102 0
324 250159 250150 0
325 2065 2144 0
326 2062 2130 0
327 250152 250144 0
328 250122 250197 0
329 2112 2147 0
330 250137 250176 0
331 2076 2124 0
332 2069 2124 0
333 250136 250163 0
334 2066 2091 0
335 2118 2128 0
336 2105 2123 0
337 500110 500195 0
338 500116 500107 0
339 2062 2141 0
340 2068 2152 0
341 500106 500156 0
342 31415 31439 0
343 2066 2097 0
344 2061 2071 0
345 2138 2149 0
346 2130 2151 0
347 2103 2122 0
348 2093 2127 0
349 500115 500129 0
350 500119 500174 0
351 2100 2127 0
352 500150 500187 0
353 2077 2118 0
354 2068 2141 0
355 500183 500169 0
356 2097 2142 0
357 2114 2134 0
358 2068 2116 0
359 22 90 0
360 500183 500192 0
361 30 59 0
362 500103 500196 0
363 500138 500136 0
364 500121 500174 0
365 500121 500188 0
366 51 80 0
367 19 85 0
368 500121 500115 0
369 500140 500184 0
370 500157 500142 0
371 500179 500199 0
372 500135 500165 0
373 26 47 0
374 500148 500153 0
375 16 81 0
376 14 78 0
377 31361 31401 0
378 500101 500162 0
379 500104 500178 0
380 18 46 0
381 47 80 0
382 500141 500127 0
383 8 80 0
384 500154 500161 0
385 24 89 0
386 500111 500101 0
387 500140 500184 0
388 500109 500157 0
389 500179 500166 0
390 2 46 0
391 500151 500189 0
392 500153 500133 0
393 51 65 0
394 38 47 0
395 49 85 0
396 500137 500131 0
397 31375 31412 0
398 31389 31419 0
399 31358 31446 0
--------------
1000000 :c
1003572 :sum(p)
999998 :sum(w)
