400 :n
id p,w,x
--------------
0 15822 15726 1
1 31443 31359 1
2 15809 15733 1
3 15821 15729 1
4 93 40 1
5 8005 7941 1
6 7999 7937 1
7 8012 7921 1
8 84 3 1
9 7990 7916 1
10 77 24 1
11 80 18 1
12 4086 4027 1
13 92 15 1
14 4088 4013 1
15 4086 4030 1
16 79 14 1
17 4094 4019 1
18 4078 4010 1
19 2138 2061 1
20 2151 2086 1
21 2141 2082 1
22 2126 2060 1
23 43 22 1
24 81 45 1
25 84 47 1
26 99 68 1
27 14 10 1
28 54 41 1
29 58 46 1
30 92 77 1
31 50 42 1
32 84 74 1
33 94 89 1
34 79 76 1
35 93 90 1
36 2139 2091 1
37 2144 2096 1
38 2122 2082 1
39 2124 2084 1
40 2125 2087 1
41 2147 2112 1
42 2115 2081 1
43 2103 2071 1
44 71 70 0
45 4104 4049 1
46 2093 2068 1
47 4097 4050 1
48 4069 4024 1
49 2127 2104 1
50 2137 2114 1
51 2121 2099 1
52 2122 2103 1
53 4092 4058 1
54 4056 4025 1
55 4084 4054 1
56 4077 4049 1
57 4041 4014 1
58 2140 2126 1
59 7992 7941 1
60 7974 7924 1
61 8003 7954 1
62 4041 4020 1
63 7979 7939 1
64 8005 7967 1
65 2086 2077 1
66 4062 4045 1
67 7981 7948 1
68 4090 4074 1
69 4047 4032 1
70 7991 7964 1
71 15779 15726 1
72 4027 4014 1
73 4044 4031 1
74 7969 7945 1
75 4102 4090 1
76 15775 15747 1
77 7946 7917 1
78 15821 15779 1
79 7961 7941 1
80 4068 4058 1
81 4092 4082 1
82 31431 31355 1
83 31445 31369 1
84 31446 31390 1
85 15816 15780 1
86 31444 31379 1
87 15795 15761 1
88 15807 15773 1
89 15807 15781 1
90 31433 31385 1
91 15806 15782 1
92 62696 62602 1
93 31438 31399 1
94 31409 31367 1
95 15787 15760 1
96 69 64 1
97 4016 4007 1
98 2077 2073 1
99 4060 4053 1
100 4073 4066 1
101 7960 7948 1
102 4057 4051 1
103 15775 15759 1
104 31449 31419 1
105 15777 15733 1
106 31394 31367 1
107 15763 15726 1
108 62685 62635 1
109 62694 62646 0
110 15793 15781 1
111 62696 62686 0
112 31449 31431 0
113 250188 250109 0
114 15817 15805 1
115 62650 62603 0
116 31374 31352 0
117 62687 62645 0
118 31378 31357 0
119 31397 31376 0
120 31392 31373 0
121 15744 15735 0
122 7990 7986 1
123 2137 2136 1
124 7928 7925 1
125 62645 62612 0
126 125192 125125 0
127 62661 62634 0
128 125197 125148 0
129 125178 125130 0
130 31406 31394 0
131 15821 15815 0
132 31438 31421 0
133 125149 125102 0
134 125151 125105 0
135 31416 31405 0
136 125169 125127 0
137 125162 125121 0
138 125166 125125 0
139 250184 250103 0
140 125195 125155 0
141 31426 31416 0
142 250166 250198 0
143 62689 62654 0
144 62647 62628 0
145 125154 125117 0
146 250175 250103 0
147 62643 62625 0
148 125161 125127 0
149 125165 125132 0
150 250170 250105 0
151 125135 125105 0
152 62629 62614 0
153 62636 62621 0
154 125138 125111 0
155 250176 250131 0
156 250192 250147 0
157 125172 125150 0
158 62635 62624 0
159 125179 125159 0
160 250182 250143 0
161 7964 7963 0
162 31373 31371 0
163 15795 15794 0
164 4066 4066 1
165 7917 7917 0
166 15757 15757 0
167 31396 31402 0
168 31376 31383 0
169 7989 7991 0
170 15807 15811 0
171 7927 7930 0
172 15762 15769 0
173 2078 2079 1
174 15751 15760 0
175 15745 15754 0
176 7992 7997 0
177 15784 15794 0
178 7961 7967 0
179 7996 8003 0
180 15774 15788 0
181 15736 15751 0
182 7976 7984 0
183 15799 15815 0
184 15803 15824 0
185 7920 7931 0
186 15738 15760 0
187 7937 7951 0
188 7993 8008 0
189 4067 4075 0
190 4029 4038 0
191 7930 7948 0
192 7916 7935 0
193 2082 2087 1
194 4078 4088 0
195 7918 7939 0
196 2086 2092 0
197 7927 7951 0
198 4030 4048 0
199 2076 2087 0
200 4014 4036 0
201 2067 2079 0
202 4034 4062 0
203 2100 2115 0
204 4050 4079 0
205 4042 4071 0
206 2076 2091 0
207 2134 2151 0
208 2084 2105 0
209 2104 2128 0
210 2059 2084 0
211 53 56 0
212 56 63 0
213 83 94 0
214 81 92 0
215 71 84 0
216 33 48 0
217 63 96 0
218 39 60 0
219 32 55 0
220 20 36 0
221 13 31 0
222 5 36 0
223 500198 500107 0
224 500173 500102 0
225 15740 15787 0
226 125164 125177 0
227 15754 15803 0
228 250123 250123 0
229 125125 125120 0
230 15772 15803 0
231 62631 62623 0
232 125168 125170 0
233 15739 15764 0
234 62652 62674 0
235 62631 62700 0
236 250181 250181 0
237 15766 15813 0
238 62614 62633 0
239 62659 62669 0
240 250131 250146 0
241 125155 125149 0
242 250110 250118 0
243 15731 15775 0
244 125156 125143 0
245 125119 125139 0
246 125132 125149 0
247 125144 125195 0
248 250118 250193 0
249 15762 15822 0
250 250146 250134 0
251 250152 250127 0
252 62638 62637 0
253 62645 62647 0
254 7967 8008 0
255 15751 15817 0
256 62630 62661 0
257 62686 62683 0
258 15729 15792 0
259 125180 125185 0
260 250151 250152 0
261 250160 250184 0
262 250113 250140 0
263 62610 62687 0
264 250147 250125 0
265 62681 62694 0
266 7975 8006 0
267 62636 62641 0
268 7973 8010 0
269 7958 7991 0
270 125145 125181 0
271 125135 125174 0
272 7934 8011 0
273 250162 250151 0
274 7948 8002 0
275 31354 31440 0
276 7917 7988 0
277 250171 250186 0
278 7928 7961 0
279 4048 4088 0
280 250179 250184 0
281 250172 250147 0
282 250172 250188 0
283 250104 250113 0
284 62631 62624 0
285 250167 250147 0
286 250179 250177 0
287 250177 250167 0
288 4021 4071 0
289 62639 62673 0
290 125189 125186 0
291 250107 250134 0
292 125166 125182 0
293 125136 125119 0
294 4069 4105 0
295 125117 125159 0
296 250180 250154 0
297 31388 31414 0
298 31390 31449 0
299 250171 250181 0
300 250143 250159 0
301 4011 4084 0
302 62624 62636 0
303 31405 31443 0
304 250153 250162 0
305 125177 125193 0
306 31356 31398 0
307 250112 250143 0
308 125164 125191 0
309 4008 4060 0
310 31361 31407 0
311 250114 250153 0
312 250153 250168 0
313 125158 125149 0
314 250101 250153 0
315 62606 62686 0
316 250154 250134 0
317 125136 125191 0
318 250184 250184 0
319 250151 250177 0
320 62681 62684 0
321 500120 500105 0
322 31353 31442 0
323 500183 500153 0
324 62644 62699 0
325 31404 31417 0
326 2078 2112 0
327 500109 500160 0
328 31352 31437 0
329 500192 500164 0
330 500159 500181 0
331 31424 31448 0
332 2063 2121 0
333 500123 500115 0
334 2076 2121 0
335 500124 500151 0
336 125151 125145 0
337 125168 125199 0
338 500142 500169 0
339 500183 500153 0
340 500165 500141 0
341 31362 31425 0
342 2054 2089 0
343 500146 500119 0
344 500140 500190 0
345 500161 500116 0
346 500132 500130 0
347 62605 62610 0
348 500137 500161 0
349 500140 500132 0
350 2063 2110 0
351 500170 500107 0
352 2057 2091 0
353 500174 500128 0
354 500190 500138 0
355 2055 2091 0
356 2069 2112 0
357 31392 31450 0
358 62608 62694 0
359 500141 500136 0
360 31385 31446 0
361 8 84 0
362 62606 62661 0
363 500136 500171 0
364 500158 500132 0
365 500170 500200 0
366 500126 500188 0
367 500169 500198 0
368 31390 31420 0
369 500107 500120 0
370 13 92 0
371 31390 31443 0
372 500137 500131 0
373 9 61 0
374 500194 500187 0
375 500103 500114 0
376 27 84 0
377 125105 125101 0
378 500157 500191 0
379 500149 500132 0
380 500101 500145 0
381 62621 62643 0
382 500169 500189 0
383 125125 125157 0
384 500177 500153 0
385 31 76 0
386 20 59 0
387 62675 62696 0
388 500189 500186 0
389 500125 500178 0
390 500142 500166 0
391 62651 62674 0
392 125107 125181 0
393 500104 500165 0
394 48 89 0
395 62632 62674 0
396 31354 31426 0
397 31355 31423 0
398 31359 31414 0
399 62650 62666 0
--------------
1000000 :c
1004139 :sum(p)
999996 :sum(w)
