400 :n
id p,w,x
--------------
0 50 2 1
1 74 7 1
2 48 6 1
3 88 11 1
4 71 11 1
5 19 5 1
6 44 12 1
7 69 25 1
8 75 41 1
9 56 32 1
10 76 46 1
11 55 35 1
12 20 13 1
13 48 37 1
14 86 67 1
15 94 76 1
16 55 45 1
17 58 50 1
18 92 80 1
19 83 76 1
20 68 63 1
21 2134 2054 1
22 2133 2063 1
23 2151 2084 1
24 2121 2063 1
25 2142 2087 1
26 2121 2068 1
27 2125 2076 1
28 2127 2083 1
29 2112 2072 1
30 4099 4024 1
31 2152 2116 1
32 4089 4026 1
33 4100 4037 1
34 2093 2061 1
35 2100 2068 1
36 2103 2071 1
37 4075 4019 1
38 4102 4048 1
39 4081 4029 1
40 4057 4007 1
41 2104 2079 1
42 4079 4032 1
43 8004 7916 1
44 4099 4058 1
45 8002 7925 1
46 7991 7915 1
47 4078 4040 1
48 4094 4059 1
49 4062 4031 1
50 8003 7944 1
51 4075 4047 1
52 4094 4066 1
53 7966 7916 1
54 8007 7959 1
55 4041 4018 1
56 15814 15726 1
57 7999 7956 1
58 2136 2125 1
59 2151 2140 1
60 15818 15738 1
61 4090 4070 1
62 2112 2102 1
63 2139 2129 1
64 2068 2059 1
65 15794 15726 1
66 15798 15733 1
67 7947 7915 1
68 8005 7973 1
69 15793 15730 1
70 15793 15730 1
71 7972 7943 1
72 15810 15760 1
73 15814 15766 1
74 2073 2067 0
75 15807 15762 1
76 31443 31356 1
77 15795 15758 1
78 15809 15774 1
79 15807 15774 1
80 15778 15747 1
81 31414 31354 1
82 15800 15770 1
83 15820 15790 1
84 31438 31380 1
85 31450 31393 1
86 7950 7937 1
87 31415 31366 1
88 31433 31386 1
89 15821 15799 1
90 62696 62609 1
91 7939 7928 1
92 7938 7928 1
93 62690 62617 1
94 15779 15761 1
95 31430 31395 1
96 31440 31406 1
97 2132 2056 1
98 62688 62608 1
99 62693 62627 0
100 62689 62625 0
101 62650 62603 0
102 62698 62681 0
103 15813 15825 0
104 7 56 0
105 15753 15737 1
106 7955 7947 1
107 15811 15796 1
108 62654 62603 0
109 62696 62647 0
110 7921 7915 1
111 2133 2151 0
112 4032 4029 1
113 31391 31368 0
114 31448 31425 0
115 62656 62612 0
116 62663 62619 0
117 31440 31418 0
118 15774 15763 1
119 62655 62612 0
120 62672 62630 0
121 62657 62616 0
122 15748 15739 0
123 15792 15783 0
124 125178 125109 0
125 31436 31419 0
126 125183 125116 0
127 125172 125109 0
128 125172 125112 0
129 31384 31370 0
130 15761 15754 0
131 62642 62615 0
132 7938 7935 0
133 7965 7962 1
134 31378 31369 0
135 15757 15753 0
136 62664 62649 0
137 31398 31391 0
138 31435 31429 0
139 31406 31401 0
140 62652 62643 0
141 7976 7975 1
142 31434 31433 0
143 7989 7989 0
144 31353 31354 0
145 8008 8011 0
146 7975 7981 0
147 7914 7920 0
148 2088 2090 0
149 7990 7998 0
150 7975 7986 0
151 4051 4058 0
152 7945 7959 0
153 2086 2090 0
154 7932 7950 0
155 4082 4092 0
156 4036 4047 0
157 4090 4102 0
158 2116 2123 0
159 4051 4067 0
160 4078 4095 0
161 4008 4025 0
162 4064 4086 0
163 4007 4029 0
164 2060 2073 0
165 2090 2109 0
166 2107 2128 0
167 2066 2088 0
168 74 77 0
169 41 44 0
170 34 39 0
171 27 38 0
172 48 68 0
173 54 78 0
174 19 33 0
175 6 32 0
176 2 17 0
177 250147 250123 0
178 250117 250125 0
179 62636 62634 0
180 500133 500116 0
181 500160 500160 0
182 500113 500107 0
183 500183 500188 0
184 62672 62668 0
185 500152 500110 0
186 250114 250125 0
187 62620 62615 0
188 250134 250132 0
189 250127 250107 0
190 500150 500185 0
191 62658 62659 0
192 250113 250115 0
193 500193 500153 0
194 500180 500179 0
195 125101 125100 0
196 500170 500147 0
197 500155 500133 0
198 500158 500169 0
199 500164 500124 0
200 500189 500188 0
201 250190 250189 0
202 500110 500138 0
203 500169 500121 0
204 125117 125116 0
205 250168 250178 0
206 500123 500128 0
207 125180 125188 0
208 125161 125167 0
209 125113 125118 0
210 250170 250172 0
211 125136 125140 0
212 500163 500147 0
213 500165 500146 0
214 125183 125192 0
215 500181 500161 0
216 125160 125164 0
217 62675 62675 0
218 500136 500120 0
219 250192 250137 0
220 250168 250128 0
221 250179 250135 0
222 125157 125124 0
223 500189 500119 0
224 250189 250117 0
225 125186 125156 0
226 500189 500110 0
227 250154 250109 0
228 250189 250153 0
229 125134 125101 0
230 125194 125163 0
231 125159 125122 0
232 250197 250139 0
233 125136 125165 0
234 125132 125163 0
235 125148 125189 0
236 15738 15778 0
237 250126 250189 0
238 15754 15765 0
239 250174 250194 0
240 125109 125124 0
241 7931 7953 0
242 31353 31395 0
243 15732 15775 0
244 31430 31444 0
245 31406 31433 0
246 250108 250190 0
247 31363 31401 0
248 7954 7981 0
249 31356 31370 0
250 31380 31393 0
251 31360 31425 0
252 7947 7975 0
253 31362 31390 0
254 31355 31444 0
255 250149 250176 0
256 250181 250199 0
257 31359 31404 0
258 250139 250181 0
259 250111 250133 0
260 15755 15781 0
261 31402 31437 0
262 31366 31427 0
263 31397 31427 0
264 31359 31441 0
265 15747 15796 0
266 31417 31445 0
267 125117 125137 0
268 250121 250195 0
269 31351 31363 0
270 31352 31418 0
271 15768 15797 0
272 125113 125155 0
273 31369 31378 0
274 125156 125174 0
275 125169 125186 0
276 31366 31398 0
277 31435 31445 0
278 250137 250180 0
279 250102 250172 0
280 250111 250193 0
281 250148 250185 0
282 31413 31426 0
283 125157 125188 0
284 62657 62675 0
285 62601 62679 0
286 62606 62657 0
287 62615 62671 0
288 15790 15807 0
289 62623 62638 0
290 500107 500197 0
291 250105 250159 0
292 62668 62686 0
293 500140 500193 0
294 500129 500179 0
295 500129 500176 0
296 62646 62664 0
297 250101 250165 0
298 62623 62699 0
299 62683 62697 0
300 62619 62693 0
301 500140 500187 0
302 62631 62675 0
303 500142 500189 0
304 62634 62656 0
305 62604 62652 0
306 62620 62635 0
307 15760 15806 0
308 62604 62663 0
309 15749 15807 0
310 125142 125182 0
311 62616 62692 0
312 62627 62686 0
313 62622 62628 0
314 125122 125173 0
315 125129 125174 0
316 125141 125166 0
317 500147 500191 0
318 125140 125198 0
319 125125 125141 0
320 125160 125185 0
321 125126 125178 0
322 15740 15778 0
323 125133 125165 0
324 125157 125173 0
325 125138 125174 0
326 500108 500190 0
327 125123 125165 0
328 500121 500195 0
329 125111 125133 0
330 250138 250176 0
331 15792 15803 0
332 15740 15763 0
333 250146 250172 0
334 125198 125167 0
335 250194 250121 0
336 250161 250176 0
337 500159 500136 0
338 500130 500160 0
339 500151 500124 0
340 500162 500159 0
341 500185 500191 0
342 250161 250170 0
343 500166 500141 0
344 500138 500157 0
345 250160 250130 0
346 250194 250181 0
347 250162 250170 0
348 250180 250196 0
349 500158 500149 0
350 500186 500168 0
351 250106 250111 0
352 2078 2135 0
353 4023 4091 0
354 4030 4078 0
355 4037 4067 0
356 4062 4104 0
357 2069 2147 0
358 4018 4068 0
359 4018 4088 0
360 21 48 0
361 4009 4092 0
362 2093 2128 0
363 4052 4102 0
364 2072 2150 0
365 37 87 0
366 4017 4056 0
367 2074 2149 0
368 5 46 0
369 4025 4084 0
370 4007 4042 0
371 4020 4102 0
372 4050 4084 0
373 52 99 0
374 7915 8001 0
375 7920 7969 0
376 7916 7969 0
377 20 83 0
378 7954 8008 0
379 7928 7990 0
380 7924 7987 0
381 7919 8009 0
382 11 55 0
383 4013 4076 0
384 19 74 0
385 25 63 0
386 7920 7990 0
387 7926 7990 0
388 2117 2153 0
389 2066 2138 0
390 7921 7962 0
391 29 57 0
392 7973 8012 0
393 15761 15822 0
394 15744 15814 0
395 15752 15812 0
396 2096 2152 0
397 2078 2131 0
398 2080 2125 0
399 2054 2130 0
--------------
1000000 :c
1004197 :sum(p)
1000000 :sum(w)
