400 :n
id p,w,x
--------------
0 89 3 1
1 37 4 1
2 45 6 1
3 63 9 1
4 70 10 1
5 72 11 1
6 100 16 1
7 58 10 1
8 76 19 1
9 95 24 1
10 69 32 1
11 51 24 1
12 52 28 1
13 37 25 1
14 96 65 1
15 66 45 1
16 86 65 1
17 97 77 1
18 95 76 1
19 90 84 1
20 2135 2066 1
21 2132 2067 1
22 2114 2067 1
23 2149 2103 1
24 2136 2092 1
25 2138 2094 1
26 2107 2067 1
27 2140 2108 1
28 4105 4045 1
29 2110 2080 1
30 4106 4055 1
31 2083 2060 1
32 8001 7913 1
33 4075 4032 1
34 7992 7920 1
35 4041 4008 1
36 4099 4066 1
37 7984 7921 1
38 2097 2083 1
39 7986 7934 1
40 4036 4011 1
41 7965 7917 1
42 15822 15727 1
43 7996 7948 1
44 4050 4026 1
45 4058 4035 1
46 2134 2122 1
47 4091 4069 1
48 2068 2057 1
49 15807 15727 1
50 15808 15728 1
51 7954 7917 1
52 15799 15727 1
53 4050 4033 1
54 15791 15728 1
55 15813 15762 1
56 7958 7934 1
57 8000 7977 1
58 7940 7918 1
59 15788 15745 1
60 15774 15733 1
61 15812 15774 1
62 2081 2076 1
63 15824 15786 1
64 15825 15787 1
65 7963 7945 1
66 31435 31367 1
67 7948 7931 1
68 15804 15771 1
69 15791 15759 1
70 31416 31353 1
71 7995 7979 1
72 31439 31378 1
73 31443 31384 1
74 15825 15797 1
75 4090 4083 0
76 15824 15798 1
77 7931 7918 1
78 15805 15780 1
79 31408 31359 1
80 31434 31386 1
81 4015 4009 0
82 4079 4073 0
83 31445 31401 1
84 31420 31377 1
85 15764 15743 1
86 31416 31377 1
87 62691 62614 1
88 7981 7972 0
89 7989 7980 0
90 15748 15731 0
91 15789 15772 0
92 15792 15774 1
93 62683 62609 1
94 31401 31359 1
95 2060 2054 1
96 62694 62628 1
97 15787 15771 0
98 31440 31419 0
99 31437 31447 0
100 24 92 0
101 31417 31386 0
102 4089 4085 0
103 62680 62619 0
104 62695 62638 0
105 15800 15808 0
106 31388 31360 1
107 15781 15767 0
108 62679 62626 0
109 62675 62623 0
110 62660 62609 0
111 62696 62646 0
112 62689 62641 0
113 7985 7979 0
114 31399 31377 0
115 62696 62656 0
116 62688 62649 0
117 62660 62622 0
118 31434 31415 0
119 125191 125116 0
120 62639 62604 0
121 62649 62617 0
122 125185 125123 0
123 125195 125133 0
124 62674 62643 0
125 125162 125104 0
126 62683 62654 0
127 125196 125139 0
128 125175 125119 0
129 31395 31382 0
130 62674 62649 0
131 125150 125102 0
132 7937 7934 0
133 4078 4077 0
134 7970 7969 0
135 43 43 1
136 77 77 1
137 4052 4052 0
138 4052 4054 0
139 4044 4047 0
140 2126 2129 0
141 2115 2118 0
142 4094 4100 0
143 4064 4070 0
144 4092 4100 0
145 4068 4076 0
146 2069 2075 0
147 2110 2117 0
148 2126 2134 0
149 2137 2147 0
150 62 70 0
151 54 62 0
152 40 49 0
153 50 63 0
154 12 20 0
155 250177 250155 0
156 250144 250125 0
157 62677 62674 0
158 125188 125169 0
159 500150 500159 0
160 250193 250150 0
161 125131 125132 0
162 500157 500109 0
163 125141 125105 0
164 250159 250124 0
165 62684 62666 0
166 250199 250182 0
167 250199 250173 0
168 500146 500112 0
169 500178 500177 0
170 250124 250128 0
171 125188 125148 0
172 250168 250117 0
173 31370 31361 0
174 500185 500193 0
175 250142 250110 0
176 31361 31359 0
177 500169 500109 0
178 125113 125101 0
179 250184 250168 0
180 250141 250123 0
181 125198 125181 0
182 125138 125137 0
183 125160 125131 0
184 125124 125118 0
185 250193 250193 0
186 250180 250103 0
187 500127 500103 0
188 500181 500163 0
189 500196 500136 0
190 500180 500146 0
191 500197 500127 0
192 500179 500112 0
193 250199 250162 0
194 500144 500127 0
195 500195 500101 0
196 500137 500145 0
197 500115 500110 0
198 125143 125104 0
199 62620 62621 0
200 62693 62681 0
201 500160 500148 0
202 500191 500110 0
203 250171 250184 0
204 500173 500186 0
205 500121 500146 0
206 250186 250200 0
207 250116 250127 0
208 250116 250131 0
209 500132 500160 0
210 250109 250117 0
211 125157 125160 0
212 250146 250159 0
213 250126 250142 0
214 250116 250131 0
215 62657 62660 0
216 62679 62681 0
217 250174 250186 0
218 250107 250119 0
219 500109 500121 0
220 15751 15752 0
221 125157 125162 0
222 125114 125122 0
223 250178 250189 0
224 500116 500141 0
225 250110 250120 0
226 250188 250198 0
227 250123 250131 0
228 62672 62671 0
229 62642 62626 0
230 250193 250151 0
231 62647 62642 0
232 500169 500119 0
233 62646 62634 0
234 62624 62625 0
235 500165 500169 0
236 500128 500106 0
237 125168 125160 0
238 125162 125150 0
239 500141 500123 0
240 125162 125152 0
241 250177 250163 0
242 125143 125114 0
243 250149 250152 0
244 125162 125139 0
245 7979 7994 0
246 7918 7930 0
247 7941 8009 0
248 7920 7991 0
249 500102 500136 0
250 31351 31382 0
251 31388 31397 0
252 31408 31435 0
253 7931 7990 0
254 8006 8011 0
255 31381 31413 0
256 31374 31429 0
257 7943 7964 0
258 7914 7935 0
259 31415 31432 0
260 7918 7960 0
261 31353 31442 0
262 7930 7990 0
263 7929 7994 0
264 31388 31410 0
265 7932 7994 0
266 31367 31423 0
267 7949 7992 0
268 7972 7989 0
269 31429 31448 0
270 31389 31392 0
271 7917 8012 0
272 7980 7999 0
273 31376 31431 0
274 31402 31419 0
275 31369 31433 0
276 31360 31374 0
277 7924 7992 0
278 31368 31380 0
279 4029 4040 0
280 4025 4036 0
281 31354 31396 0
282 31407 31431 0
283 7930 8006 0
284 4011 4038 0
285 31353 31385 0
286 31351 31424 0
287 15740 15749 0
288 4015 4094 0
289 4011 4027 0
290 4063 4075 0
291 4014 4041 0
292 15745 15800 0
293 4012 4028 0
294 31388 31438 0
295 62634 62665 0
296 4016 4083 0
297 7946 8012 0
298 4025 4089 0
299 62653 62697 0
300 62605 62671 0
301 4059 4087 0
302 4027 4049 0
303 62644 62664 0
304 4017 4095 0
305 15800 15803 0
306 7983 8008 0
307 62650 62671 0
308 62626 62644 0
309 62656 62681 0
310 62606 62698 0
311 62607 62661 0
312 4010 4058 0
313 4028 4097 0
314 4015 4052 0
315 62678 62694 0
316 4019 4067 0
317 7951 7976 0
318 4027 4040 0
319 2093 2116 0
320 62649 62691 0
321 125111 125189 0
322 2055 2145 0
323 125106 125194 0
324 125107 125139 0
325 125102 125149 0
326 125143 125162 0
327 15788 15791 0
328 15726 15808 0
329 125131 125147 0
330 2110 2153 0
331 2063 2095 0
332 2097 2147 0
333 125125 125159 0
334 125172 125189 0
335 15729 15821 0
336 2086 2115 0
337 2079 2132 0
338 2094 2137 0
339 2087 2103 0
340 2054 2109 0
341 2071 2092 0
342 15764 15785 0
343 2073 2121 0
344 2056 2069 0
345 125115 125199 0
346 2057 2090 0
347 2067 2151 0
348 125102 125114 0
349 2066 2121 0
350 125132 125189 0
351 2126 2145 0
352 15798 15825 0
353 15744 15762 0
354 125116 125174 0
355 125151 125175 0
356 2054 2117 0
357 125108 125151 0
358 2081 2132 0
359 10 47 0
360 125107 125117 0
361 15785 15825 0
362 250117 250163 0
363 250133 250173 0
364 39 71 0
365 250166 250191 0
366 31 47 0
367 250146 250171 0
368 250145 250174 0
369 250114 250158 0
370 15753 15805 0
371 250144 250171 0
372 19 76 0
373 250107 250200 0
374 250134 250199 0
375 15761 15821 0
376 500139 500195 0
377 500125 500180 0
378 500101 500151 0
379 500146 500192 0
380 500147 500192 0
381 500102 500189 0
382 500113 500162 0
383 500136 500189 0
384 15731 15750 0
385 500132 500192 0
386 15786 15805 0
387 500127 500162 0
388 26 98 0
389 10 46 0
390 500106 500162 0
391 35 78 0
392 500110 500192 0
393 3 80 0
394 59 82 0
395 55 93 0
396 65 85 0
397 13 48 0
398 15767 15799 0
399 15755 15784 0
--------------
1000000 :c
1003753 :sum(p)
999999 :sum(w)
