400 :n
id p,w,x
--------------
0 31438 31395 1
1 31441 31393 1
2 98 64 1
3 31448 31400 1
4 31428 31384 1
5 15804 15748 1
6 79 9 1
7 84 64 1
8 15810 15743 1
9 47 29 1
10 15803 15771 1
11 48 13 1
12 65 45 1
13 91 45 1
14 15789 15740 1
15 91 23 1
16 78 28 1
17 94 54 1
18 15794 15743 1
19 2081 2063 1
20 2135 2065 1
21 15798 15755 1
22 15755 15726 1
23 2109 2071 1
24 15804 15745 1
25 15790 15750 1
26 2120 2096 1
27 2151 2116 1
28 2144 2112 1
29 2141 2112 1
30 2132 2073 1
31 2114 2072 1
32 2145 2088 1
33 2151 2079 1
34 2124 2087 1
35 2126 2089 1
36 2079 2061 1
37 2146 2093 1
38 4058 4020 1
39 4087 4018 1
40 4046 4018 1
41 7980 7941 1
42 4086 4036 1
43 4097 4009 1
44 4080 4042 1
45 4049 4029 1
46 7985 7930 1
47 4106 4060 1
48 4085 4007 1
49 4051 4009 1
50 4044 4009 1
51 4045 4019 1
52 4084 4016 1
53 7974 7922 1
54 4097 4035 1
55 4041 4007 1
56 4075 4018 1
57 4105 4062 1
58 4105 4045 1
59 7994 7915 1
60 7949 7925 1
61 8003 7982 1
62 8009 7971 1
63 7967 7919 1
64 7995 7962 1
65 8008 7919 1
66 62682 62614 1
67 62682 62607 1
68 62698 62624 1
69 21 12 1
70 79 66 1
71 58 49 1
72 19 17 1
73 21 19 1
74 13 12 1
75 2072 2056 1
76 2136 2120 1
77 2109 2101 1
78 4046 4031 1
79 2064 2059 1
80 7994 7977 1
81 4043 4035 1
82 2114 2110 1
83 7959 7944 1
84 7996 7982 1
85 15775 15751 1
86 8003 7991 1
87 4069 4063 1
88 15775 15752 1
89 8010 7999 1
90 15787 15766 1
91 15793 15773 1
92 15763 15744 1
93 15815 15796 1
94 15770 15755 1
95 15822 15807 1
96 62655 62602 1
97 31442 31416 1
98 15800 15787 0
99 99 94 1
100 31406 31380 0
101 15789 15772 1
102 31413 31388 0
103 62654 62607 1
104 15825 15823 0
105 8006 8003 0
106 250171 250160 0
107 62657 62611 0
108 31439 31421 0
109 4064 4062 0
110 31417 31402 0
111 15750 15747 0
112 15733 15732 0
113 15773 15772 0
114 7962 7964 0
115 4099 4101 0
116 7941 7946 0
117 7913 7920 0
118 4050 4054 0
119 2092 2095 0
120 4009 4017 0
121 4077 4086 0
122 2116 2121 0
123 84 87 1
124 64 77 0
125 22 28 0
126 3 5 0
127 7 21 0
128 3 11 0
129 250174 250137 0
130 250195 250144 0
131 250148 250105 0
132 250197 250161 0
133 250171 250137 0
134 62667 62637 0
135 250189 250131 0
136 250174 250141 0
137 125167 125118 0
138 125162 125127 0
139 250164 250132 0
140 125197 125151 0
141 250153 250110 0
142 125150 125115 0
143 125153 125129 0
144 250170 250108 0
145 500200 500127 0
146 31426 31421 0
147 62693 62677 0
148 31390 31384 0
149 500200 500138 0
150 250188 250102 0
151 500169 500107 0
152 31418 31414 0
153 62624 62607 0
154 500164 500104 0
155 250175 250130 0
156 250151 250109 0
157 62675 62644 0
158 62637 62605 0
159 125162 125100 0
160 125172 125105 0
161 125190 125116 0
162 125180 125113 0
163 125167 125125 0
164 250188 250115 0
165 125142 125124 0
166 62645 62621 0
167 125191 125156 0
168 250191 250106 0
169 250175 250109 0
170 250169 250126 0
171 125148 125119 0
172 125174 125123 0
173 250154 250114 0
174 31404 31414 0
175 125157 125198 0
176 31373 31381 0
177 31351 31416 0
178 31376 31434 0
179 31366 31379 0
180 31351 31415 0
181 31360 31378 0
182 31369 31416 0
183 31389 31401 0
184 31417 31441 0
185 31390 31400 0
186 62615 62678 0
187 125131 125183 0
188 31429 31443 0
189 31376 31383 0
190 31392 31401 0
191 31353 31359 0
192 62690 62688 0
193 31361 31406 0
194 31351 31392 0
195 31351 31378 0
196 62630 62632 0
197 31371 31390 0
198 31407 31436 0
199 62633 62643 0
200 15743 15802 0
201 15747 15810 0
202 125132 125159 0
203 62608 62697 0
204 62616 62614 0
205 125181 125180 0
206 15758 15816 0
207 125130 125162 0
208 15746 15796 0
209 15727 15800 0
210 15749 15769 0
211 15742 15812 0
212 125118 125152 0
213 62657 62656 0
214 62632 62634 0
215 15732 15816 0
216 15760 15813 0
217 15730 15806 0
218 125144 125133 0
219 62609 62632 0
220 250130 250164 0
221 15774 15825 0
222 250143 250176 0
223 250125 250162 0
224 15787 15798 0
225 62606 62689 0
226 15780 15809 0
227 62667 62690 0
228 62638 62699 0
229 62636 62686 0
230 15740 15765 0
231 250155 250151 0
232 15752 15778 0
233 15731 15751 0
234 62662 62692 0
235 31384 31404 0
236 250119 250145 0
237 62653 62648 0
238 15769 15801 0
239 7915 7994 0
240 7966 7990 0
241 250172 250142 0
242 62622 62621 0
243 7937 7954 0
244 62619 62662 0
245 62698 62691 0
246 250125 250161 0
247 250122 250194 0
248 7952 7964 0
249 7949 7985 0
250 250165 250169 0
251 7985 8005 0
252 7913 7953 0
253 7959 7981 0
254 250151 250128 0
255 7937 7974 0
256 62627 62694 0
257 31363 31442 0
258 7940 7956 0
259 7960 8010 0
260 250124 250105 0
261 7965 7989 0
262 7914 7997 0
263 7956 7991 0
264 7974 7988 0
265 125107 125103 0
266 7924 8000 0
267 250121 250152 0
268 7944 7961 0
269 250112 250103 0
270 7941 7959 0
271 125128 125131 0
272 31378 31411 0
273 7940 7989 0
274 125142 125173 0
275 125113 125166 0
276 31359 31360 0
277 7979 7999 0
278 7968 7991 0
279 4010 4091 0
280 250162 250167 0
281 4049 4079 0
282 250154 250169 0
283 4012 4105 0
284 250155 250178 0
285 4013 4100 0
286 250135 250151 0
287 125180 125189 0
288 125105 125145 0
289 125114 125145 0
290 4009 4073 0
291 31358 31414 0
292 250103 250151 0
293 4039 4098 0
294 125101 125124 0
295 125136 125151 0
296 125138 125156 0
297 125133 125181 0
298 250125 250169 0
299 4009 4062 0
300 250101 250182 0
301 4038 4085 0
302 62601 62637 0
303 4080 4101 0
304 125171 125161 0
305 4033 4052 0
306 125130 125189 0
307 4020 4058 0
308 4042 4061 0
309 250116 250179 0
310 125146 125193 0
311 4017 4105 0
312 125155 125193 0
313 500118 500158 0
314 62604 62658 0
315 31390 31445 0
316 4008 4105 0
317 500136 500167 0
318 500143 500191 0
319 125163 125198 0
320 2094 2124 0
321 500112 500188 0
322 2083 2111 0
323 500138 500164 0
324 62627 62640 0
325 2108 2146 0
326 500119 500151 0
327 2073 2119 0
328 500125 500195 0
329 2066 2151 0
330 2087 2140 0
331 2103 2153 0
332 500148 500175 0
333 31374 31401 0
334 500199 500143 0
335 500101 500159 0
336 2116 2138 0
337 500171 500175 0
338 500109 500113 0
339 2091 2117 0
340 125111 125143 0
341 500129 500109 0
342 500137 500152 0
343 500128 500106 0
344 2112 2129 0
345 2059 2133 0
346 500172 500160 0
347 2101 2134 0
348 2058 2127 0
349 500146 500196 0
350 500195 500143 0
351 2104 2150 0
352 2106 2137 0
353 500195 500171 0
354 2102 2118 0
355 500185 500170 0
356 2113 2151 0
357 2082 2100 0
358 500140 500172 0
359 49 78 0
360 42 92 0
361 33 72 0
362 27 58 0
363 13 75 0
364 22 72 0
365 500150 500113 0
366 125131 125190 0
367 33 73 0
368 11 47 0
369 500148 500155 0
370 500189 500173 0
371 500122 500101 0
372 500113 500152 0
373 500119 500108 0
374 56 76 0
375 31 85 0
376 500194 500179 0
377 17 67 0
378 500170 500199 0
379 500126 500158 0
380 6 99 0
381 62693 62699 0
382 500127 500115 0
383 31389 31386 0
384 63 97 0
385 22 62 0
386 42 97 0
387 500168 500110 0
388 7 80 0
389 125144 125162 0
390 62658 62651 0
391 500116 500115 0
392 62605 62688 0
393 500104 500193 0
394 65 94 0
395 62679 62673 0
396 500123 500114 0
397 500198 500139 0
398 62695 62692 0
399 62619 62654 0
--------------
1000000 :c
1003691 :sum(p)
999999 :sum(w)
