400 :n
id p,w,x
--------------
0 4082 4009 1
1 4105 4007 1
2 54 47 1
3 72 1 1
4 82 28 1
5 94 48 1
6 81 43 1
7 83 41 1
8 60 9 1
9 89 67 1
10 95 51 1
11 93 72 1
12 91 10 1
13 62 17 1
14 99 10 1
15 4101 4023 1
16 97 3 1
17 84 3 1
18 2134 2059 1
19 2150 2084 1
20 2125 2068 1
21 4104 4039 1
22 2149 2083 1
23 2099 2059 1
24 2134 2072 1
25 31442 31373 1
26 7958 7919 1
27 2123 2114 1
28 2084 2074 1
29 2153 2126 1
30 7953 7913 1
31 2131 2110 1
32 7996 7922 1
33 7992 7925 1
34 2111 2103 1
35 15794 15732 1
36 7977 7926 1
37 7978 7930 1
38 8002 7935 1
39 4055 4015 1
40 4054 4010 1
41 4066 4050 1
42 4039 4021 1
43 4054 4027 1
44 7988 7930 1
45 4076 4026 1
46 15806 15740 1
47 2101 2068 1
48 4101 4061 1
49 2151 2137 1
50 4096 4033 1
51 2122 2096 1
52 2129 2115 1
53 7993 7941 1
54 2086 2065 1
55 7995 7917 1
56 7996 7944 1
57 7984 7936 1
58 4040 4025 1
59 4054 4037 1
60 4099 4039 1
61 7967 7939 1
62 62690 62607 1
63 4052 4039 1
64 4051 4040 1
65 15784 15738 1
66 8006 7979 1
67 15787 15731 1
68 15807 15783 1
69 15780 15756 1
70 15780 15756 1
71 15804 15750 1
72 15796 15754 1
73 7978 7964 1
74 8006 7986 1
75 31435 31374 1
76 8012 7984 1
77 15783 15755 1
78 15782 15756 1
79 15800 15752 1
80 7976 7961 1
81 31436 31393 1
82 15774 15737 1
83 18 13 1
84 75 74 1
85 2067 2062 1
86 4031 4025 1
87 4096 4090 1
88 2072 2069 1
89 15760 15741 1
90 15812 15793 1
91 7970 7961 1
92 8007 7998 0
93 31399 31364 1
94 7926 7918 1
95 4050 4046 0
96 62670 62609 1
97 62676 62615 1
98 2131 2129 1
99 31417 31389 1
100 62684 62631 1
101 98 56 1
102 31390 31363 1
103 31399 31374 1
104 31408 31383 0
105 62664 62623 0
106 31446 31432 0
107 4093 4100 0
108 15 35 0
109 125198 125111 0
110 62677 62634 0
111 62677 62637 0
112 31392 31372 0
113 15783 15773 1
114 7981 7984 0
115 15802 15792 0
116 7977 7972 0
117 62675 62636 0
118 31388 31369 0
119 31396 31377 0
120 31434 31415 0
121 2097 2096 1
122 7934 7931 0
123 7924 7923 0
124 7933 7932 0
125 33 33 1
126 2071 2075 0
127 19 23 0
128 62640 62608 0
129 125181 125112 0
130 125185 125124 0
131 125165 125104 0
132 62679 62646 0
133 500196 500158 0
134 125177 125122 0
135 125122 125119 0
136 125175 125130 0
137 125191 125177 0
138 62660 62658 0
139 125168 125154 0
140 125166 125160 0
141 125156 125117 0
142 62655 62636 0
143 125177 125162 0
144 125137 125120 0
145 62691 62684 0
146 125198 125180 0
147 125132 125132 0
148 500124 500122 0
149 62694 62672 0
150 62668 62642 0
151 62619 62615 0
152 125138 125107 0
153 62635 62616 0
154 125104 125104 0
155 125157 125113 0
156 125198 125179 0
157 62658 62644 0
158 62645 62618 0
159 500191 500151 0
160 125126 125111 0
161 31434 31423 0
162 125151 125104 0
163 125160 125116 0
164 125124 125107 0
165 125176 125172 0
166 125186 125159 0
167 250178 250121 0
168 250174 250151 0
169 500200 500167 0
170 31438 31426 0
171 250193 250125 0
172 250191 250176 0
173 250197 250133 0
174 500183 500112 0
175 250180 250161 0
176 250157 250147 0
177 250160 250152 0
178 500194 500181 0
179 250169 250112 0
180 500195 500147 0
181 250190 250173 0
182 250129 250120 0
183 250169 250130 0
184 250199 250114 0
185 250167 250116 0
186 500196 500173 0
187 250167 250159 0
188 250125 250111 0
189 500185 500127 0
190 250156 250135 0
191 500150 500121 0
192 250173 250142 0
193 250134 250132 0
194 250184 250159 0
195 31416 31404 0
196 250152 250110 0
197 31404 31390 0
198 250186 250115 0
199 250200 250150 0
200 250181 250163 0
201 500189 500108 0
202 500188 500169 0
203 500173 500136 0
204 500159 500119 0
205 15732 15727 0
206 500193 500185 0
207 500165 500109 0
208 500146 500119 0
209 500150 500144 0
210 500154 500102 0
211 500172 500124 0
212 500160 500151 0
213 500187 500111 0
214 500192 500120 0
215 125147 125119 0
216 62637 62618 0
217 62636 62610 0
218 62624 62607 0
219 62646 62617 0
220 15773 15790 0
221 31371 31392 0
222 31370 31413 0
223 31434 31440 0
224 31396 31403 0
225 31392 31422 0
226 31399 31416 0
227 31410 31423 0
228 15783 15805 0
229 31435 31449 0
230 31365 31372 0
231 31371 31375 0
232 31363 31369 0
233 15743 15747 0
234 15804 15815 0
235 31408 31418 0
236 31418 31420 0
237 15802 15824 0
238 15805 15811 0
239 31421 31430 0
240 31364 31423 0
241 31417 31438 0
242 31365 31408 0
243 31357 31364 0
244 31351 31367 0
245 31367 31385 0
246 62601 62652 0
247 500186 500187 0
248 62604 62699 0
249 62681 62682 0
250 62608 62675 0
251 62657 62674 0
252 62625 62694 0
253 62651 62694 0
254 62623 62635 0
255 62633 62660 0
256 62613 62692 0
257 62681 62684 0
258 62651 62696 0
259 62674 62696 0
260 62665 62677 0
261 62638 62681 0
262 62661 62663 0
263 125168 125192 0
264 125154 125163 0
265 125136 125170 0
266 15760 15790 0
267 125151 125167 0
268 125159 125191 0
269 125176 125181 0
270 7929 7944 0
271 125115 125178 0
272 7962 7968 0
273 125109 125134 0
274 125104 125166 0
275 125165 125167 0
276 125149 125165 0
277 125132 125186 0
278 250166 250187 0
279 250194 250200 0
280 250143 250199 0
281 250107 250121 0
282 250145 250154 0
283 250112 250181 0
284 250124 250200 0
285 250104 250116 0
286 250152 250167 0
287 250128 250177 0
288 250162 250165 0
289 250123 250144 0
290 250168 250187 0
291 250136 250137 0
292 250106 250191 0
293 250146 250166 0
294 500102 500145 0
295 500130 500177 0
296 500142 500165 0
297 500128 500196 0
298 500149 500196 0
299 500111 500171 0
300 500107 500119 0
301 500113 500178 0
302 500140 500193 0
303 500122 500139 0
304 500122 500181 0
305 500189 500193 0
306 15777 15803 0
307 500135 500159 0
308 500103 500126 0
309 500127 500128 0
310 500134 500163 0
311 62603 62679 0
312 15769 15771 0
313 15727 15729 0
314 125169 125105 0
315 125173 125113 0
316 4028 4037 0
317 4053 4093 0
318 4018 4105 0
319 2074 2132 0
320 4020 4094 0
321 2106 2145 0
322 4027 4096 0
323 4046 4073 0
324 2102 2151 0
325 4053 4068 0
326 4079 4091 0
327 4053 4077 0
328 2082 2114 0
329 2113 2128 0
330 2079 2139 0
331 4014 4046 0
332 4058 4106 0
333 4074 4101 0
334 4038 4102 0
335 4027 4067 0
336 2056 2064 0
337 2056 2094 0
338 2115 2139 0
339 2113 2129 0
340 2076 2117 0
341 4027 4068 0
342 2066 2127 0
343 2061 2081 0
344 7918 7995 0
345 2061 2089 0
346 7930 7980 0
347 7941 8001 0
348 2064 2134 0
349 2097 2111 0
350 7932 8012 0
351 2056 2098 0
352 7936 7990 0
353 7928 7987 0
354 2095 2130 0
355 7958 7996 0
356 2065 2083 0
357 4040 4059 0
358 7927 7979 0
359 7944 7987 0
360 1 62 0
361 16 31 0
362 29 50 0
363 7949 7980 0
364 43 82 0
365 22 70 0
366 7918 7948 0
367 7947 7995 0
368 15737 15780 0
369 15742 15823 0
370 25 36 0
371 26 94 0
372 38 91 0
373 2 59 0
374 15738 15811 0
375 13 92 0
376 15756 15816 0
377 15735 15808 0
378 35 65 0
379 4013 4033 0
380 15756 15799 0
381 15732 15825 0
382 29 52 0
383 15733 15776 0
384 62 97 0
385 15767 15806 0
386 24 30 0
387 15737 15815 0
388 18 42 0
389 15754 15790 0
390 6 51 0
391 15758 15788 0
392 31354 31414 0
393 55 75 0
394 31354 31445 0
395 44 78 0
396 52 68 0
397 31353 31414 0
398 4026 4057 0
399 4056 4084 0
--------------
1000000 :c
1004088 :sum(p)
1000000 :sum(w)
