400 :n
id p,w,x
--------------
0 64 18 1
1 17 2 1
2 2146 2054 1
3 2149 2060 1
4 2146 2055 1
5 53 9 1
6 77 25 1
7 98 50 1
8 76 32 1
9 93 8 1
10 86 2 1
11 94 22 1
12 75 44 1
13 82 52 1
14 100 67 1
15 54 36 1
16 89 39 1
17 83 3 1
18 4069 4051 1
19 8010 7934 1
20 2090 2062 1
21 2128 2096 1
22 4073 4016 1
23 4087 4030 1
24 4084 4027 1
25 4060 4010 1
26 4085 4012 1
27 4100 4050 1
28 4090 4046 1
29 2145 2092 1
30 2150 2087 1
31 2117 2081 1
32 2137 2074 1
33 2141 2103 1
34 4059 4019 1
35 2121 2058 1
36 2141 2078 1
37 2098 2058 1
38 15825 15755 1
39 15800 15746 1
40 7999 7941 1
41 4091 4058 1
42 4086 4046 1
43 4046 4014 1
44 4052 4013 1
45 7978 7945 1
46 8009 7943 1
47 4070 4035 1
48 4105 4084 1
49 7995 7923 1
50 4102 4088 1
51 7950 7916 1
52 4045 4028 1
53 2081 2071 1
54 2131 2113 1
55 8007 7952 1
56 15808 15744 1
57 7971 7930 1
58 7998 7958 1
59 4073 4060 1
60 7943 7919 1
61 7972 7918 1
62 15824 15755 1
63 2148 2129 1
64 2089 2069 1
65 2085 2074 1
66 7983 7930 1
67 8004 7981 1
68 7997 7954 1
69 15816 15745 1
70 8009 7947 1
71 15815 15765 1
72 35 29 1
73 35 33 1
74 2121 2115 1
75 7934 7914 1
76 4081 4071 1
77 2098 2093 1
78 8010 7992 1
79 4070 4061 1
80 31447 31382 1
81 31447 31382 1
82 7980 7964 1
83 4060 4052 0
84 15779 15748 1
85 15816 15785 1
86 2071 2067 0
87 15778 15749 1
88 31442 31391 1
89 15755 15732 1
90 62697 62606 1
91 2131 2128 1
92 62697 62609 1
93 62695 62609 1
94 31449 31406 1
95 15765 15744 1
96 62695 62612 1
97 2061 2055 1
98 7927 7917 1
99 7942 7932 1
100 4089 4084 0
101 15765 15746 1
102 31416 31379 1
103 15761 15743 0
104 47 28 1
105 62688 62602 1
106 7998 7976 1
107 62682 62612 0
108 31403 31368 1
109 15825 15815 0
110 15821 15819 0
111 15727 15793 0
112 15747 15730 1
113 62657 62602 0
114 31403 31376 0
115 31414 31387 0
116 62698 62646 0
117 31428 31407 0
118 2062 2061 0
119 15763 15753 0
120 4087 4086 0
121 67 67 0
122 2131 2132 0
123 2058 2063 0
124 36 38 0
125 72 79 0
126 54 60 0
127 125175 125117 0
128 31387 31368 0
129 15774 15766 0
130 62634 62607 0
131 62638 62606 0
132 15778 15770 0
133 62625 62602 0
134 125162 125106 0
135 62621 62602 0
136 250187 250109 0
137 125179 125114 0
138 125178 125102 0
139 31380 31365 0
140 125178 125101 0
141 125181 125122 0
142 250199 250154 0
143 250190 250118 0
144 62640 62622 0
145 500192 500128 0
146 15818 15816 0
147 250148 250110 0
148 62659 62641 0
149 250162 250126 0
150 500193 500113 0
151 62670 62655 0
152 62622 62605 0
153 500185 500102 0
154 125153 125125 0
155 125141 125125 0
156 125196 125174 0
157 125140 125105 0
158 125156 125127 0
159 250195 250124 0
160 31450 31446 0
161 125195 125163 0
162 250185 250140 0
163 250185 250128 0
164 125194 125186 0
165 500199 500107 0
166 250159 250124 0
167 250167 250107 0
168 31367 31363 0
169 500192 500147 0
170 125147 125122 0
171 250146 250115 0
172 250180 250161 0
173 31428 31423 0
174 62694 62685 0
175 500173 500108 0
176 15774 15772 0
177 125171 125144 0
178 250187 250154 0
179 500194 500118 0
180 250171 250127 0
181 500186 500109 0
182 250178 250133 0
183 500183 500141 0
184 62639 62633 0
185 250188 250118 0
186 125186 125131 0
187 500159 500188 0
188 62658 62654 0
189 62655 62651 0
190 500120 500135 0
191 500111 500169 0
192 125172 125187 0
193 125131 125147 0
194 125141 125137 0
195 500174 500171 0
196 125158 125153 0
197 31389 31392 0
198 500178 500147 0
199 62615 62619 0
200 125180 125180 0
201 500132 500171 0
202 500110 500128 0
203 125146 125150 0
204 125130 125125 0
205 250150 250175 0
206 500116 500164 0
207 250118 250110 0
208 15811 15811 0
209 250104 250105 0
210 250156 250166 0
211 500136 500175 0
212 250173 250195 0
213 500147 500121 0
214 250145 250174 0
215 250126 250119 0
216 500154 500133 0
217 250170 250192 0
218 500135 500135 0
219 15772 15772 0
220 250179 250176 0
221 250130 250134 0
222 250151 250144 0
223 500153 500154 0
224 250152 250184 0
225 250141 250166 0
226 250112 250119 0
227 500129 500102 0
228 500184 500168 0
229 500122 500132 0
230 500185 500200 0
231 500123 500136 0
232 500109 500103 0
233 15746 15747 0
234 7932 7932 0
235 500143 500166 0
236 500172 500165 0
237 500199 500183 0
238 500164 500172 0
239 500129 500106 0
240 500189 500183 0
241 500123 500142 0
242 500125 500119 0
243 500102 500149 0
244 500152 500173 0
245 31404 31402 0
246 31352 31355 0
247 125167 125128 0
248 31385 31375 0
249 62690 62665 0
250 62681 62651 0
251 62635 62613 0
252 15737 15806 0
253 7941 7958 0
254 15732 15774 0
255 7956 7965 0
256 7931 7962 0
257 15738 15756 0
258 15757 15769 0
259 15745 15807 0
260 15767 15821 0
261 7969 8002 0
262 15753 15783 0
263 7969 7995 0
264 15754 15793 0
265 7934 8010 0
266 15740 15770 0
267 15748 15798 0
268 7956 7973 0
269 7966 7994 0
270 15733 15741 0
271 15728 15825 0
272 15788 15794 0
273 15744 15802 0
274 15774 15793 0
275 7932 7978 0
276 7925 7955 0
277 500119 500184 0
278 7963 8012 0
279 31396 31425 0
280 31352 31357 0
281 31402 31446 0
282 31424 31435 0
283 4077 4090 0
284 31387 31449 0
285 31357 31367 0
286 31374 31432 0
287 4008 4083 0
288 31357 31378 0
289 4055 4096 0
290 4021 4083 0
291 4007 4094 0
292 31365 31442 0
293 31379 31444 0
294 4018 4052 0
295 31423 31448 0
296 31367 31440 0
297 4040 4056 0
298 4041 4081 0
299 31351 31389 0
300 31396 31433 0
301 31412 31425 0
302 4045 4091 0
303 31369 31438 0
304 31374 31435 0
305 4020 4067 0
306 31357 31423 0
307 31405 31438 0
308 31366 31419 0
309 31408 31442 0
310 4082 4098 0
311 31358 31369 0
312 4007 4094 0
313 62646 62676 0
314 4063 4067 0
315 4021 4102 0
316 4054 4068 0
317 4059 4101 0
318 4022 4026 0
319 2099 2118 0
320 62653 62662 0
321 62667 62677 0
322 62612 62646 0
323 7966 7996 0
324 62601 62633 0
325 2112 2135 0
326 62603 62635 0
327 62646 62675 0
328 62608 62663 0
329 62621 62663 0
330 2078 2084 0
331 2083 2153 0
332 2098 2146 0
333 62641 62657 0
334 7939 7949 0
335 62630 62694 0
336 62619 62634 0
337 2120 2137 0
338 62629 62700 0
339 62614 62695 0
340 62627 62666 0
341 62663 62674 0
342 125129 125154 0
343 125107 125132 0
344 2093 2143 0
345 2113 2133 0
346 125121 125152 0
347 2054 2082 0
348 2069 2098 0
349 2144 2151 0
350 125124 125195 0
351 2122 2131 0
352 125123 125164 0
353 125116 125149 0
354 125150 125173 0
355 2066 2114 0
356 2129 2153 0
357 125152 125181 0
358 125118 125165 0
359 46 55 0
360 30 80 0
361 11 43 0
362 125138 125157 0
363 27 66 0
364 125102 125135 0
365 48 71 0
366 22 75 0
367 62 93 0
368 7963 7980 0
369 125102 125147 0
370 22 69 0
371 125131 125187 0
372 125105 125140 0
373 26 53 0
374 35 52 0
375 7945 8002 0
376 125108 125184 0
377 125130 125177 0
378 45 67 0
379 28 51 0
380 16 41 0
381 7 65 0
382 34 75 0
383 41 63 0
384 250124 250170 0
385 54 75 0
386 250118 250163 0
387 250111 250179 0
388 19 37 0
389 7922 8012 0
390 250163 250198 0
391 250110 250181 0
392 250115 250184 0
393 250115 250161 0
394 250136 250182 0
395 250101 250175 0
396 250137 250178 0
397 500109 500181 0
398 7963 7981 0
399 7978 8009 0
--------------
1000000 :c
1004425 :sum(p)
999999 :sum(w)
