400 :n
id p,w,x
--------------
0 4103 4047 1
1 2134 2074 1
2 2147 2056 1
3 2144 2106 1
4 2152 2079 1
5 2146 2074 1
6 2114 2079 1
7 2143 2102 1
8 2108 2064 1
9 2135 2074 1
10 2127 2066 1
11 38 12 1
12 93 43 1
13 73 1 1
14 61 9 1
15 67 53 1
16 27 11 1
17 71 8 1
18 59 7 1
19 96 57 1
20 74 12 1
21 92 45 1
22 96 61 1
23 79 28 1
24 41 10 1
25 53 23 1
26 66 20 1
27 93 12 1
28 85 46 1
29 94 16 1
30 4079 4027 1
31 4058 4009 1
32 8006 7916 1
33 4086 4043 1
34 4075 4034 1
35 2150 2129 1
36 4058 4023 1
37 2113 2095 1
38 7999 7931 1
39 7989 7923 1
40 8011 7950 1
41 2141 2125 1
42 4048 4020 1
43 2088 2074 1
44 2097 2083 1
45 4046 4019 1
46 2123 2109 1
47 15824 15726 1
48 2117 2104 1
49 7972 7928 1
50 2080 2069 1
51 7966 7924 1
52 4042 4021 1
53 7978 7938 1
54 15825 15747 1
55 7995 7957 1
56 4079 4060 1
57 15806 15738 1
58 7961 7927 1
59 15815 15751 1
60 4035 4019 1
61 7964 7933 1
62 15815 15765 1
63 15793 15747 1
64 15794 15749 1
65 2128 2122 1
66 2139 2133 1
67 8000 7978 1
68 8007 7986 1
69 15811 15772 1
70 4091 4081 1
71 31447 31374 1
72 31437 31365 1
73 31441 31370 1
74 7991 7973 1
75 31430 31370 1
76 31414 31356 1
77 15808 15779 1
78 4029 4022 1
79 4050 4043 1
80 4082 4075 1
81 4099 4092 1
82 4101 4094 1
83 15821 15795 1
84 7955 7942 1
85 7982 7969 1
86 31435 31385 1
87 15805 15780 1
88 31442 31393 1
89 15801 15777 1
90 31401 31355 1
91 15786 15763 1
92 2079 2076 1
93 31425 31384 1
94 15793 15773 0
95 62698 62619 1
96 8003 7993 1
97 62693 62615 1
98 65 9 1
99 15772 15737 1
100 62679 62603 0
101 62686 62610 1
102 62697 62622 1
103 62700 62638 0
104 31446 31443 0
105 33 48 0
106 62685 62611 0
107 15789 15772 0
108 62672 62608 0
109 4063 4059 1
110 15762 15748 0
111 2066 2075 0
112 7922 7915 0
113 62660 62606 0
114 31425 31400 0
115 4104 4101 0
116 2138 2137 1
117 15809 15803 0
118 7946 7943 0
119 7941 7939 0
120 4012 4011 0
121 4065 4064 0
122 8006 8005 0
123 36 36 1
124 4040 4040 0
125 7937 7937 0
126 48 50 1
127 87 93 0
128 31374 31357 0
129 125167 125113 0
130 125189 125123 0
131 125194 125131 0
132 62697 62662 0
133 62652 62601 0
134 62687 62642 0
135 62648 62620 0
136 62655 62620 0
137 31416 31402 0
138 125159 125110 0
139 125122 125101 0
140 125161 125124 0
141 125127 125109 0
142 125146 125145 0
143 125189 125157 0
144 125178 125129 0
145 125131 125114 0
146 125168 125158 0
147 500160 500142 0
148 125130 125106 0
149 500187 500185 0
150 125198 125180 0
151 62622 62601 0
152 500170 500114 0
153 500191 500184 0
154 125188 125171 0
155 500123 500117 0
156 125192 125186 0
157 500178 500163 0
158 125145 125134 0
159 125189 125163 0
160 125167 125148 0
161 62637 62630 0
162 31407 31395 0
163 125161 125154 0
164 125147 125114 0
165 31363 31351 0
166 250147 250143 0
167 31413 31411 0
168 250152 250143 0
169 250144 250117 0
170 62672 62672 0
171 250143 250104 0
172 250173 250123 0
173 250193 250116 0
174 500163 500133 0
175 500198 500193 0
176 15820 15820 0
177 250124 250117 0
178 250169 250157 0
179 500105 500101 0
180 250157 250101 0
181 500148 500142 0
182 15749 15747 0
183 250153 250108 0
184 500122 500103 0
185 500181 500135 0
186 250174 250157 0
187 31371 31371 0
188 250138 250119 0
189 500194 500187 0
190 250167 250109 0
191 250159 250143 0
192 125174 125139 0
193 250160 250138 0
194 250191 250104 0
195 125198 125148 0
196 250169 250170 0
197 500156 500117 0
198 31419 31414 0
199 500169 500163 0
200 62656 62653 0
201 500178 500162 0
202 500173 500157 0
203 62667 62644 0
204 62608 62605 0
205 62618 62615 0
206 500176 500194 0
207 500159 500178 0
208 500117 500165 0
209 500131 500172 0
210 31397 31425 0
211 500177 500189 0
212 500116 500130 0
213 31370 31407 0
214 31420 31432 0
215 31421 31431 0
216 31424 31429 0
217 500116 500191 0
218 31365 31372 0
219 31434 31445 0
220 31412 31413 0
221 31356 31376 0
222 15780 15794 0
223 500105 500126 0
224 31356 31363 0
225 31354 31360 0
226 500109 500180 0
227 15790 15800 0
228 500112 500178 0
229 500106 500161 0
230 31391 31417 0
231 31406 31416 0
232 500156 500158 0
233 31409 31416 0
234 500173 500177 0
235 31414 31433 0
236 15756 15764 0
237 62612 62628 0
238 62605 62646 0
239 62640 62658 0
240 500128 500169 0
241 62630 62692 0
242 62619 62673 0
243 62656 62697 0
244 62665 62674 0
245 7944 7947 0
246 62617 62668 0
247 62608 62616 0
248 62635 62687 0
249 62641 62652 0
250 62620 62692 0
251 62632 62635 0
252 7956 7961 0
253 62661 62696 0
254 62673 62700 0
255 62621 62685 0
256 62604 62631 0
257 500142 500145 0
258 62612 62620 0
259 125111 125112 0
260 125155 125197 0
261 125118 125142 0
262 125130 125142 0
263 125112 125129 0
264 125137 125194 0
265 125173 125191 0
266 125129 125161 0
267 125181 125183 0
268 125166 125168 0
269 125104 125167 0
270 125136 125184 0
271 125103 125106 0
272 125128 125154 0
273 125142 125143 0
274 125174 125182 0
275 7994 8000 0
276 250128 250183 0
277 250134 250142 0
278 250188 250195 0
279 250112 250185 0
280 250166 250173 0
281 500102 500146 0
282 250124 250140 0
283 250128 250144 0
284 250105 250169 0
285 250123 250187 0
286 250123 250133 0
287 250127 250197 0
288 250116 250125 0
289 250179 250188 0
290 250111 250145 0
291 250164 250190 0
292 250168 250198 0
293 250134 250150 0
294 250132 250178 0
295 250127 250172 0
296 250119 250159 0
297 250158 250162 0
298 250127 250159 0
299 250101 250198 0
300 500146 500187 0
301 500138 500150 0
302 500109 500165 0
303 500170 500198 0
304 500184 500190 0
305 31437 31449 0
306 15748 15757 0
307 500156 500182 0
308 500104 500129 0
309 31407 31392 0
310 125183 125100 0
311 4048 4085 0
312 4089 4103 0
313 4036 4066 0
314 4051 4080 0
315 4075 4089 0
316 4037 4091 0
317 4032 4104 0
318 4034 4048 0
319 4021 4103 0
320 4022 4058 0
321 2063 2125 0
322 4030 4091 0
323 4041 4066 0
324 4030 4082 0
325 7980 8001 0
326 7914 7946 0
327 2059 2109 0
328 7954 7973 0
329 2096 2115 0
330 7965 7980 0
331 2098 2120 0
332 7982 8000 0
333 2086 2097 0
334 7986 8011 0
335 7913 7996 0
336 2082 2135 0
337 2073 2124 0
338 7923 7957 0
339 2065 2139 0
340 2074 2122 0
341 2064 2086 0
342 7925 7978 0
343 7920 7991 0
344 2107 2133 0
345 7997 8009 0
346 7945 7959 0
347 7960 7989 0
348 4043 4080 0
349 2062 2120 0
350 7950 7975 0
351 2100 2152 0
352 2059 2067 0
353 2106 2121 0
354 7919 7973 0
355 2103 2121 0
356 7922 7969 0
357 2098 2108 0
358 15738 15757 0
359 2 23 0
360 15778 15817 0
361 26 52 0
362 2 22 0
363 40 78 0
364 37 54 0
365 15750 15794 0
366 15792 15820 0
367 15744 15767 0
368 15752 15792 0
369 15770 15790 0
370 41 64 0
371 35 100 0
372 15743 15780 0
373 7 23 0
374 15730 15793 0
375 15766 15805 0
376 15734 15803 0
377 15757 15800 0
378 15744 15770 0
379 15759 15814 0
380 26 37 0
381 16 79 0
382 15762 15825 0
383 15748 15767 0
384 32 44 0
385 33 82 0
386 31407 31447 0
387 31353 31422 0
388 31352 31431 0
389 50 95 0
390 31375 31425 0
391 11 57 0
392 11 52 0
393 4032 4087 0
394 4030 4036 0
395 18 42 0
396 31395 31445 0
397 62613 62690 0
398 4014 4041 0
399 4024 4098 0
--------------
1000000 :c
1004175 :sum(p)
999999 :sum(w)
