400 :n
id p,w,x
--------------
0 15811 15733 1
1 4090 4067 1
2 4053 4014 1
3 76 50 1
4 45 3 1
5 4093 4008 1
6 75 3 1
7 4070 4029 1
8 4081 4046 1
9 45 16 1
10 73 16 1
11 96 53 1
12 40 9 1
13 4099 4054 1
14 59 10 1
15 8007 7919 1
16 97 62 1
17 7989 7927 1
18 7978 7927 1
19 4039 4015 1
20 4085 4060 1
21 77 50 1
22 56 36 1
23 4092 4024 1
24 90 60 1
25 4081 4035 1
26 15814 15747 1
27 40 4 1
28 15820 15745 1
29 8005 7917 1
30 2105 2064 1
31 2088 2059 1
32 4046 4018 1
33 2105 2078 1
34 4092 4012 1
35 7961 7930 1
36 2134 2074 1
37 7990 7917 1
38 7982 7947 1
39 2131 2076 1
40 15820 15745 1
41 4054 4011 1
42 4096 4047 1
43 2128 2070 1
44 8006 7953 1
45 15816 15731 1
46 4073 4024 1
47 2144 2100 1
48 2113 2088 1
49 4101 4036 1
50 2122 2086 1
51 7969 7941 1
52 31437 31353 1
53 31440 31363 1
54 15823 15778 1
55 15819 15767 1
56 31441 31380 1
57 15803 15750 1
58 15817 15772 1
59 31441 31374 1
60 15781 15744 1
61 15805 15767 1
62 15792 15740 1
63 15778 15727 1
64 30 13 1
65 50 35 1
66 62 46 1
67 76 60 1
68 81 66 1
69 99 82 1
70 14 12 0
71 59 51 1
72 26 23 1
73 55 52 1
74 2120 2101 1
75 2137 2122 1
76 2084 2071 1
77 2067 2055 1
78 2097 2085 1
79 4036 4015 1
80 4092 4071 1
81 4028 4010 1
82 2130 2121 1
83 4106 4089 1
84 4088 4074 1
85 7975 7948 1
86 7989 7962 1
87 8001 7974 1
88 7967 7947 1
89 2079 2075 1
90 15790 15760 1
91 2147 2143 1
92 31416 31358 1
93 15777 15748 1
94 31429 31372 1
95 31436 31380 1
96 15803 15775 1
97 7931 7917 1
98 4090 4083 1
99 2059 2056 1
100 31412 31369 1
101 31429 31391 1
102 62692 62624 1
103 31384 31351 0
104 7938 7930 0
105 4072 4036 1
106 62680 62605 1
107 31411 31369 1
108 62665 62602 1
109 31386 31357 0
110 31442 31437 0
111 15818 15810 0
112 2 15 0
113 62663 62606 0
114 31404 31376 0
115 31437 31409 0
116 7943 7936 0
117 31381 31354 0
118 31391 31365 0
119 15775 15762 0
120 62682 62631 0
121 62662 62612 0
122 62656 62613 0
123 62673 62632 0
124 125195 125115 0
125 7955 7950 0
126 125181 125103 0
127 62688 62652 0
128 62679 62647 0
129 62630 62601 0
130 62654 62625 0
131 31425 31411 0
132 31383 31370 0
133 62637 62612 0
134 62672 62647 0
135 7967 7964 0
136 62641 62618 0
137 62692 62672 0
138 62649 62633 0
139 15772 15768 0
140 7936 7934 0
141 4102 4102 1
142 7970 7970 0
143 8005 8006 0
144 7961 7965 0
145 2094 2100 0
146 2142 2150 0
147 2120 2130 0
148 95 96 0
149 46 50 0
150 58 68 0
151 64 77 0
152 38 50 0
153 250173 250138 0
154 250148 250102 0
155 250197 250117 0
156 500157 500109 0
157 125181 125160 0
158 250199 250162 0
159 250171 250120 0
160 250198 250109 0
161 250168 250142 0
162 250193 250116 0
163 250185 250104 0
164 250184 250137 0
165 250195 250122 0
166 250190 250133 0
167 500187 500114 0
168 500173 500106 0
169 500191 500127 0
170 500163 500111 0
171 125170 125155 0
172 500199 500140 0
173 500176 500106 0
174 500188 500114 0
175 125160 125141 0
176 125139 125111 0
177 62628 62619 0
178 125184 125160 0
179 125148 125119 0
180 125126 125109 0
181 62682 62672 0
182 125180 125119 0
183 125166 125119 0
184 125187 125111 0
185 125175 125153 0
186 62681 62669 0
187 125138 125105 0
188 125126 125107 0
189 250181 250108 0
190 31366 31381 0
191 31407 31416 0
192 31360 31416 0
193 31354 31408 0
194 31428 31429 0
195 31379 31449 0
196 62658 62659 0
197 62668 62694 0
198 31435 31436 0
199 62660 62665 0
200 62601 62642 0
201 15747 15792 0
202 15756 15787 0
203 62632 62655 0
204 15789 15800 0
205 62653 62670 0
206 62654 62682 0
207 62601 62626 0
208 15794 15823 0
209 15752 15760 0
210 15758 15814 0
211 15745 15815 0
212 62640 62697 0
213 62669 62678 0
214 62648 62686 0
215 15785 15818 0
216 15732 15804 0
217 15735 15768 0
218 15732 15808 0
219 15795 15808 0
220 15759 15800 0
221 62680 62695 0
222 62682 62685 0
223 15745 15773 0
224 15727 15765 0
225 62653 62700 0
226 15775 15798 0
227 15755 15773 0
228 62603 62662 0
229 62617 62698 0
230 62608 62664 0
231 15762 15817 0
232 15727 15798 0
233 62657 62687 0
234 62634 62698 0
235 15777 15793 0
236 15744 15818 0
237 62621 62622 0
238 125187 125182 0
239 7933 8009 0
240 125125 125150 0
241 7933 7977 0
242 125108 125158 0
243 125150 125156 0
244 7924 7986 0
245 125176 125194 0
246 7957 7995 0
247 125138 125158 0
248 7946 7988 0
249 125108 125139 0
250 7913 7972 0
251 7981 8010 0
252 125179 125197 0
253 125121 125182 0
254 125115 125185 0
255 7914 7998 0
256 125131 125181 0
257 125123 125113 0
258 31419 31417 0
259 7939 7981 0
260 7918 7994 0
261 7994 8006 0
262 31407 31415 0
263 125190 125187 0
264 7950 7991 0
265 125107 125156 0
266 7928 7992 0
267 125156 125150 0
268 31353 31361 0
269 7922 7954 0
270 7933 7944 0
271 7929 7942 0
272 125147 125174 0
273 125111 125166 0
274 7926 7956 0
275 125111 125144 0
276 125168 125158 0
277 7927 7942 0
278 125115 125192 0
279 4015 4050 0
280 125137 125144 0
281 125110 125160 0
282 125109 125198 0
283 125168 125179 0
284 125111 125130 0
285 4010 4095 0
286 4008 4063 0
287 4013 4093 0
288 4022 4062 0
289 31361 31417 0
290 4022 4065 0
291 4062 4106 0
292 4021 4072 0
293 250158 250175 0
294 250188 250182 0
295 250144 250130 0
296 4021 4043 0
297 4060 4092 0
298 4008 4106 0
299 250115 250189 0
300 4063 4096 0
301 250149 250126 0
302 250165 250186 0
303 4020 4090 0
304 4025 4050 0
305 250141 250173 0
306 250140 250177 0
307 250127 250144 0
308 4051 4097 0
309 250132 250174 0
310 250161 250180 0
311 250130 250174 0
312 250138 250144 0
313 250130 250177 0
314 4016 4031 0
315 250113 250162 0
316 250102 250153 0
317 250139 250128 0
318 250183 250191 0
319 250143 250152 0
320 250165 250177 0
321 250184 250200 0
322 250171 250165 0
323 2070 2096 0
324 2104 2121 0
325 2100 2133 0
326 2119 2141 0
327 2079 2141 0
328 250195 250190 0
329 2064 2094 0
330 2073 2146 0
331 2120 2137 0
332 250150 250162 0
333 2077 2131 0
334 2075 2102 0
335 250188 250191 0
336 250130 250115 0
337 31368 31414 0
338 2062 2119 0
339 250148 250129 0
340 31376 31392 0
341 2089 2126 0
342 2059 2117 0
343 500102 500113 0
344 2097 2131 0
345 2088 2134 0
346 31386 31397 0
347 500125 500126 0
348 500162 500151 0
349 500108 500130 0
350 2093 2114 0
351 500115 500113 0
352 500142 500163 0
353 2055 2097 0
354 500138 500102 0
355 2055 2079 0
356 500148 500117 0
357 2106 2125 0
358 500110 500108 0
359 500101 500183 0
360 37 87 0
361 45 88 0
362 500118 500172 0
363 500107 500102 0
364 500134 500174 0
365 500169 500169 0
366 31367 31443 0
367 500140 500106 0
368 15 74 0
369 500184 500138 0
370 500186 500141 0
371 45 83 0
372 500111 500116 0
373 500127 500200 0
374 22 54 0
375 500134 500118 0
376 31373 31399 0
377 5 36 0
378 500127 500157 0
379 31437 31445 0
380 500193 500158 0
381 31436 31450 0
382 500110 500115 0
383 500126 500149 0
384 500125 500151 0
385 23 55 0
386 500167 500199 0
387 500159 500150 0
388 13 66 0
389 500125 500181 0
390 500105 500154 0
391 500116 500158 0
392 11 70 0
393 31380 31417 0
394 500147 500162 0
395 500160 500140 0
396 32 55 0
397 6 54 0
398 31366 31429 0
399 31402 31417 0
--------------
1000000 :c
1004204 :sum(p)
999999 :sum(w)
