400 :n
id p,w,x
--------------
0 2092 2065 1
1 2146 2087 1
2 61 3 1
3 30 4 1
4 93 21 1
5 91 28 1
6 2090 2054 1
7 32 17 1
8 38 4 1
9 8010 7917 1
10 4099 4011 1
11 88 31 1
12 4087 4018 1
13 89 14 1
14 4067 4011 1
15 4065 4024 1
16 89 7 1
17 4102 4011 1
18 4099 4049 1
19 4054 4014 1
20 66 38 1
21 57 41 1
22 96 78 1
23 99 66 1
24 94 19 1
25 38 1 1
26 4104 4038 1
27 82 51 1
28 4092 4036 1
29 82 15 1
30 4070 4023 1
31 2113 2069 1
32 2142 2066 1
33 72 25 1
34 2113 2075 1
35 2113 2064 1
36 2130 2084 1
37 2089 2057 1
38 2128 2054 1
39 2107 2079 1
40 2118 2068 1
41 2113 2059 1
42 2108 2076 1
43 2103 2056 1
44 2107 2064 1
45 8005 7961 1
46 4052 4032 1
47 7973 7915 1
48 7979 7956 1
49 7973 7940 1
50 4059 4035 1
51 15808 15760 1
52 8004 7955 1
53 31431 31374 1
54 2113 2094 1
55 15817 15767 1
56 15787 15755 1
57 15807 15742 1
58 4050 4015 1
59 15808 15733 1
60 7948 7920 1
61 7952 7926 1
62 4093 4068 1
63 4044 4011 1
64 15823 15781 1
65 15793 15756 1
66 7984 7955 1
67 31419 31360 1
68 4070 4039 1
69 7958 7923 1
70 7996 7975 1
71 8006 7941 1
72 15790 15743 1
73 7991 7955 1
74 8001 7946 1
75 7946 7918 1
76 13 1 1
77 2115 2101 1
78 2097 2088 1
79 2100 2091 1
80 2144 2135 1
81 4082 4068 1
82 2077 2071 1
83 7991 7972 1
84 7974 7958 1
85 4102 4094 1
86 31443 31391 1
87 7954 7941 1
88 31424 31373 1
89 15783 15759 1
90 31435 31389 1
91 15784 15761 1
92 2065 2062 0
93 62690 62603 1
94 62694 62612 1
95 7988 7978 1
96 4025 4020 1
97 31436 31398 1
98 15804 15785 1
99 15793 15778 1
100 62693 62635 1
101 15771 15758 1
102 55 47 1
103 62683 62631 1
104 31409 31358 1
105 7964 7957 0
106 62685 62635 0
107 31424 31400 1
108 31447 31431 0
109 31427 31413 0
110 15764 15808 0
111 62664 62619 0
112 62688 62644 0
113 62664 62621 0
114 62666 62626 0
115 62640 62601 0
116 125173 125100 0
117 2131 2143 0
118 31390 31372 0
119 125197 125126 0
120 125170 125102 0
121 125188 125120 0
122 31405 31388 0
123 125168 125103 0
124 7950 7946 0
125 4100 4098 1
126 62645 62615 0
127 15763 15756 0
128 62687 62660 0
129 62668 62644 0
130 31369 31357 0
131 31407 31395 0
132 15774 15768 0
133 15824 15818 0
134 15766 15762 1
135 31403 31397 0
136 15750 15747 0
137 15758 15755 0
138 31398 31395 0
139 15804 15803 0
140 7954 7954 0
141 2084 2090 0
142 93 96 0
143 53 58 0
144 2 10 0
145 125191 125141 0
146 62632 62612 0
147 62669 62661 0
148 62621 62614 0
149 125157 125115 0
150 125183 125143 0
151 62626 62619 0
152 125172 125157 0
153 62686 62664 0
154 62694 62681 0
155 500158 500122 0
156 500200 500152 0
157 250150 250125 0
158 250160 250108 0
159 250180 250132 0
160 500195 500143 0
161 250190 250128 0
162 250172 250129 0
163 250178 250139 0
164 250192 250117 0
165 250193 250125 0
166 500172 500102 0
167 500169 500117 0
168 250183 250156 0
169 125157 125122 0
170 500154 500120 0
171 500164 500113 0
172 62647 62634 0
173 250197 250180 0
174 125178 125149 0
175 125169 125150 0
176 250194 250148 0
177 250141 250101 0
178 250197 250170 0
179 250168 250114 0
180 500194 500115 0
181 250196 250125 0
182 125184 125155 0
183 250172 250138 0
184 500187 500112 0
185 125174 125112 0
186 250173 250133 0
187 250183 250121 0
188 250189 250172 0
189 500141 500107 0
190 500155 500120 0
191 62641 62630 0
192 62648 62640 0
193 125190 125143 0
194 500193 500167 0
195 500187 500160 0
196 125159 125157 0
197 500133 500118 0
198 125174 125170 0
199 500114 500104 0
200 500177 500148 0
201 500131 500117 0
202 250178 250171 0
203 250128 250124 0
204 62642 62640 0
205 125121 125116 0
206 125115 125108 0
207 125180 125119 0
208 125189 125146 0
209 62644 62625 0
210 500175 500124 0
211 62664 62644 0
212 15736 15794 0
213 15780 15794 0
214 31424 31450 0
215 31369 31435 0
216 31381 31412 0
217 15736 15819 0
218 15738 15811 0
219 31356 31406 0
220 15772 15790 0
221 31351 31356 0
222 15766 15806 0
223 15754 15813 0
224 15754 15757 0
225 31358 31415 0
226 15813 15814 0
227 15729 15783 0
228 31395 31436 0
229 31376 31440 0
230 31405 31442 0
231 31359 31413 0
232 31385 31445 0
233 31394 31434 0
234 31420 31436 0
235 15790 15817 0
236 15743 15811 0
237 31364 31435 0
238 15762 15782 0
239 7972 8009 0
240 7950 7975 0
241 7989 8000 0
242 31369 31374 0
243 31389 31433 0
244 31374 31408 0
245 31351 31411 0
246 7952 7995 0
247 31411 31445 0
248 31422 31422 0
249 31384 31401 0
250 7918 7984 0
251 7971 7997 0
252 7956 7997 0
253 31379 31447 0
254 31360 31417 0
255 7936 8003 0
256 31372 31410 0
257 7951 8002 0
258 7928 7988 0
259 7919 7999 0
260 7965 7979 0
261 62658 62663 0
262 62633 62664 0
263 7922 8008 0
264 62655 62679 0
265 62644 62672 0
266 7917 7983 0
267 62669 62688 0
268 62623 62657 0
269 62615 62634 0
270 7948 7985 0
271 7979 8009 0
272 62606 62645 0
273 62670 62689 0
274 62685 62697 0
275 7939 7959 0
276 7946 8006 0
277 62673 62697 0
278 62619 62669 0
279 4026 4062 0
280 4027 4083 0
281 62629 62665 0
282 4036 4083 0
283 4057 4099 0
284 62642 62664 0
285 62605 62667 0
286 4057 4073 0
287 4057 4072 0
288 125128 125196 0
289 125132 125139 0
290 4059 4076 0
291 125125 125186 0
292 125181 125189 0
293 4023 4095 0
294 125134 125135 0
295 125157 125176 0
296 4034 4052 0
297 4031 4052 0
298 125137 125190 0
299 4068 4098 0
300 125124 125165 0
301 4014 4058 0
302 4065 4086 0
303 4033 4063 0
304 125124 125193 0
305 4008 4018 0
306 125135 125139 0
307 4030 4101 0
308 125102 125142 0
309 125123 125152 0
310 125148 125151 0
311 4041 4082 0
312 4010 4050 0
313 125123 125156 0
314 125100 125145 0
315 125127 125130 0
316 4087 4103 0
317 4037 4065 0
318 125165 125190 0
319 125132 125168 0
320 125101 125172 0
321 250157 250185 0
322 250112 250152 0
323 250109 250188 0
324 2073 2088 0
325 250114 250120 0
326 2073 2099 0
327 250133 250148 0
328 250155 250184 0
329 2058 2144 0
330 2057 2152 0
331 15729 15783 0
332 2090 2145 0
333 2121 2153 0
334 250115 250133 0
335 250122 250152 0
336 2069 2088 0
337 250192 250194 0
338 2083 2128 0
339 250112 250132 0
340 2069 2096 0
341 250130 250193 0
342 2078 2123 0
343 2105 2123 0
344 250105 250113 0
345 250162 250171 0
346 250134 250180 0
347 250110 250115 0
348 2117 2136 0
349 250141 250192 0
350 250112 250130 0
351 15751 15767 0
352 2068 2140 0
353 250137 250161 0
354 2061 2102 0
355 250154 250183 0
356 500114 500134 0
357 500113 500152 0
358 2065 2118 0
359 500133 500191 0
360 58 81 0
361 500139 500134 0
362 58 97 0
363 500111 500154 0
364 15 66 0
365 47 96 0
366 500119 500159 0
367 500186 500180 0
368 10 41 0
369 16 78 0
370 500165 500162 0
371 46 67 0
372 13 98 0
373 500170 500194 0
374 32 67 0
375 60 97 0
376 37 73 0
377 26 80 0
378 60 94 0
379 15763 15821 0
380 500189 500185 0
381 500120 500180 0
382 500101 500166 0
383 500134 500184 0
384 13 64 0
385 52 85 0
386 15757 15796 0
387 24 83 0
388 500115 500171 0
389 500133 500188 0
390 500107 500189 0
391 500162 500176 0
392 500101 500150 0
393 500164 500177 0
394 48 63 0
395 500120 500142 0
396 500143 500188 0
397 500139 500184 0
398 15784 15792 0
399 15743 15749 0
--------------
1000000 :c
1004287 :sum(p)
999999 :sum(w)
