400 :n
id p,w,x
--------------
0 7980 7922 1
1 15809 15728 1
2 69 18 1
3 7985 7930 1
4 8000 7921 1
5 8005 7949 1
6 8009 7919 1
7 7981 7926 1
8 80 14 1
9 83 25 1
10 66 22 1
11 7972 7921 1
12 8012 7957 1
13 4102 4010 1
14 65 11 1
15 4105 4032 1
16 4094 4020 1
17 57 15 1
18 2128 2072 1
19 2152 2107 1
20 4089 4034 1
21 4059 4011 1
22 2138 2078 1
23 2118 2057 1
24 4062 4017 1
25 4100 4035 1
26 4102 4044 1
27 2126 2063 1
28 4085 4036 1
29 4101 4020 1
30 4060 4007 1
31 28 7 1
32 33 14 1
33 69 30 1
34 74 38 1
35 50 27 1
36 54 31 1
37 78 46 1
38 81 60 1
39 75 68 1
40 2117 2078 1
41 2116 2079 1
42 2139 2104 1
43 2122 2090 1
44 79 78 1
45 2074 2054 1
46 4066 4027 1
47 4090 4051 1
48 4048 4010 1
49 4057 4019 1
50 4105 4068 1
51 2089 2071 1
52 4060 4027 1
53 2103 2089 1
54 4052 4032 1
55 7952 7913 1
56 2077 2067 1
57 15821 15745 1
58 7985 7947 1
59 15804 15729 1
60 2135 2125 1
61 15823 15749 1
62 4079 4060 1
63 2074 2065 1
64 15823 15756 1
65 4047 4030 1
66 7959 7926 1
67 15809 15748 1
68 8009 7979 1
69 2075 2068 1
70 15813 15763 1
71 15802 15753 1
72 15788 15743 1
73 31439 31352 1
74 8003 7981 1
75 4081 4070 1
76 15768 15726 1
77 15787 15745 1
78 15780 15742 1
79 31445 31372 1
80 31445 31382 1
81 48 16 1
82 7997 7980 1
83 2106 2102 1
84 31443 31388 1
85 31417 31365 1
86 62700 62603 1
87 4042 4036 1
88 15756 15734 1
89 15772 15750 1
90 31443 31400 1
91 31407 31365 1
92 31421 31381 1
93 62683 62607 1
94 31433 31361 1
95 7960 7942 1
96 62700 62626 1
97 62679 62607 0
98 62682 62617 0
99 62695 62696 0
100 31433 31415 0
101 125177 125109 0
102 62692 62629 0
103 62670 62609 0
104 62676 62620 0
105 31393 31367 0
106 62669 62621 0
107 15766 15754 1
108 4051 4048 0
109 15807 15796 1
110 15743 15733 1
111 7918 7913 1
112 15759 15750 0
113 2134 2148 0
114 70 85 0
115 62686 62643 0
116 62693 62658 0
117 15753 15787 0
118 125199 125104 0
119 62648 62614 0
120 31435 31418 0
121 7927 7923 0
122 62655 62625 0
123 2095 2094 1
124 125180 125122 0
125 31434 31420 0
126 15741 15734 0
127 125189 125135 0
128 62668 62641 0
129 125197 125147 0
130 62686 62661 0
131 62639 62615 0
132 31369 31357 0
133 31433 31421 0
134 125199 125152 0
135 250197 250106 0
136 125151 125107 0
137 62668 62646 0
138 125160 125117 0
139 31446 31437 0
140 31431 31423 0
141 31367 31361 0
142 31395 31389 0
143 31405 31400 0
144 31380 31376 0
145 31434 31430 0
146 31402 31402 0
147 2118 2118 1
148 2089 2089 1
149 2056 2056 1
150 31403 31404 0
151 31380 31381 0
152 31419 31422 0
153 7958 7959 0
154 31423 31427 0
155 31410 31416 0
156 2134 2135 1
157 2099 2100 0
158 7974 7978 0
159 15754 15763 0
160 15741 15752 0
161 7964 7970 0
162 7941 7948 0
163 15781 15795 0
164 15731 15748 0
165 15778 15796 0
166 15737 15756 0
167 7924 7934 0
168 15789 15809 0
169 7977 7996 0
170 7981 8002 0
171 7972 7993 0
172 4077 4088 0
173 2095 2101 0
174 4043 4056 0
175 2057 2064 0
176 7949 7978 0
177 4018 4036 0
178 4068 4088 0
179 2125 2138 0
180 4038 4064 0
181 4025 4052 0
182 4068 4096 0
183 4023 4052 0
184 2119 2136 0
185 2097 2121 0
186 2069 2096 0
187 62 63 0
188 70 88 0
189 43 55 0
190 35 45 0
191 34 49 0
192 67 98 0
193 61 90 0
194 63 96 0
195 52 82 0
196 26 42 0
197 52 90 0
198 17 49 0
199 250187 250157 0
200 500191 500135 0
201 500159 500161 0
202 62666 62679 0
203 500167 500161 0
204 250168 250182 0
205 500147 500166 0
206 500168 500158 0
207 62664 62666 0
208 500118 500127 0
209 500127 500153 0
210 500163 500185 0
211 500135 500199 0
212 500191 500184 0
213 500136 500134 0
214 125123 125145 0
215 500176 500178 0
216 500112 500172 0
217 125154 125174 0
218 125155 125174 0
219 125174 125188 0
220 125140 125139 0
221 500164 500185 0
222 125176 125175 0
223 125158 125177 0
224 500137 500185 0
225 500170 500200 0
226 125122 125120 0
227 125123 125130 0
228 125150 125154 0
229 125104 125123 0
230 250124 250149 0
231 125120 125128 0
232 500126 500162 0
233 250115 250142 0
234 250105 250143 0
235 250108 250155 0
236 250166 250197 0
237 500102 500101 0
238 250182 250198 0
239 250108 250153 0
240 500108 500192 0
241 250172 250183 0
242 250107 250119 0
243 250106 250150 0
244 250180 250186 0
245 500160 500193 0
246 500162 500168 0
247 250105 250143 0
248 250144 250189 0
249 250125 250163 0
250 250101 250143 0
251 500162 500188 0
252 500118 500195 0
253 500114 500192 0
254 500170 500169 0
255 500174 500135 0
256 500180 500107 0
257 125181 125158 0
258 250176 250134 0
259 250121 250106 0
260 62622 62607 0
261 500160 500131 0
262 500155 500108 0
263 125159 125133 0
264 125133 125103 0
265 125184 125148 0
266 250193 250117 0
267 125150 125137 0
268 500194 500149 0
269 500141 500107 0
270 250187 250117 0
271 500193 500130 0
272 500170 500137 0
273 125115 125100 0
274 250196 250111 0
275 500144 500117 0
276 500181 500124 0
277 500173 500152 0
278 250156 250124 0
279 250193 250135 0
280 250191 250155 0
281 125124 125102 0
282 250132 250125 0
283 62675 62661 0
284 62653 62642 0
285 125165 125151 0
286 62663 62657 0
287 125193 125177 0
288 62681 62674 0
289 62692 62685 0
290 125156 125136 0
291 500174 500103 0
292 125183 125162 0
293 500166 500121 0
294 500200 500129 0
295 125145 125118 0
296 500184 500171 0
297 250127 250116 0
298 4010 4052 0
299 15736 15820 0
300 4029 4104 0
301 4009 4098 0
302 4015 4061 0
303 15746 15824 0
304 15726 15800 0
305 4022 4099 0
306 15750 15806 0
307 15774 15806 0
308 250132 250185 0
309 15766 15795 0
310 15763 15819 0
311 15746 15796 0
312 4061 4100 0
313 250122 250198 0
314 4048 4104 0
315 4030 4097 0
316 15736 15804 0
317 31365 31377 0
318 31367 31431 0
319 250124 250180 0
320 31381 31438 0
321 31385 31408 0
322 31400 31407 0
323 4054 4105 0
324 2063 2122 0
325 2090 2142 0
326 31356 31424 0
327 31377 31428 0
328 2074 2150 0
329 2056 2112 0
330 31385 31423 0
331 250123 250184 0
332 31400 31417 0
333 2108 2151 0
334 31389 31438 0
335 31373 31395 0
336 31367 31391 0
337 62620 62678 0
338 2070 2109 0
339 2055 2149 0
340 62629 62692 0
341 15735 15804 0
342 15745 15820 0
343 7937 7986 0
344 62608 62666 0
345 62642 62661 0
346 62619 62638 0
347 62622 62657 0
348 62635 62660 0
349 7961 7998 0
350 62614 62664 0
351 62673 62689 0
352 7928 7999 0
353 2097 2152 0
354 2063 2117 0
355 2097 2143 0
356 62632 62678 0
357 7963 8005 0
358 62602 62665 0
359 62625 62649 0
360 62606 62637 0
361 6 47 0
362 7937 8008 0
363 7963 8009 0
364 7 46 0
365 62640 62662 0
366 7916 7961 0
367 125159 125190 0
368 250116 250176 0
369 7937 7971 0
370 13 68 0
371 250105 250166 0
372 2 59 0
373 2 94 0
374 125152 125186 0
375 125117 125160 0
376 125115 125192 0
377 15731 15804 0
378 1 58 0
379 125155 125185 0
380 125147 125183 0
381 15757 15824 0
382 125105 125149 0
383 7914 7957 0
384 125144 125197 0
385 7925 7991 0
386 250116 250174 0
387 250121 250199 0
388 7971 8001 0
389 250123 250197 0
390 250122 250189 0
391 34 73 0
392 9 91 0
393 250101 250169 0
394 250104 250179 0
395 29 74 0
396 7937 7977 0
397 4 88 0
398 7918 7989 0
399 7931 7986 0
--------------
1000000 :c
1004330 :sum(p)
999999 :sum(w)
