400 :n
id p,w,x
--------------
0 4084 4008 1
1 4089 4044 1
2 53 10 1
3 70 29 1
4 91 26 1
5 94 13 1
6 96 4 1
7 77 61 1
8 100 78 1
9 83 35 1
10 90 49 1
11 46 20 1
12 80 24 1
13 57 44 1
14 93 81 1
15 43 4 1
16 70 37 1
17 58 18 1
18 74 38 1
19 91 48 1
20 94 81 1
21 57 7 1
22 2146 2114 1
23 2110 2079 1
24 2142 2098 1
25 2093 2064 1
26 2136 2056 1
27 2096 2066 1
28 2137 2117 1
29 2120 2090 1
30 7977 7923 1
31 2091 2073 1
32 2114 2062 1
33 2151 2134 1
34 2144 2054 1
35 2150 2131 1
36 2133 2067 1
37 2118 2083 1
38 2126 2078 1
39 2142 2097 1
40 2144 2072 1
41 2078 2061 1
42 2147 2126 1
43 2152 2136 1
44 2138 2077 1
45 7986 7924 1
46 7979 7920 1
47 4079 4035 1
48 8000 7927 1
49 8007 7914 1
50 7983 7932 1
51 4082 4053 1
52 7999 7932 1
53 7996 7932 1
54 4081 4050 1
55 4072 4029 1
56 4106 4017 1
57 4082 4019 1
58 4075 4027 1
59 4049 4016 1
60 4090 4061 1
61 4103 4077 1
62 8011 7963 1
63 4096 4072 1
64 7962 7916 1
65 15824 15736 1
66 4027 4008 1
67 7997 7960 1
68 15795 15726 1
69 15822 15755 1
70 4072 4055 1
71 15816 15750 1
72 4079 4062 1
73 8001 7969 1
74 7952 7924 1
75 15801 15747 1
76 15808 15758 1
77 4101 4090 1
78 15815 15773 1
79 4091 4082 1
80 31436 31368 1
81 31441 31374 1
82 31440 31374 1
83 15803 15771 1
84 31413 31355 1
85 15814 15785 1
86 31422 31366 1
87 31449 31393 1
88 15770 15743 1
89 4090 4083 0
90 15797 15772 1
91 7989 7978 1
92 31392 31352 1
93 31438 31398 1
94 15779 15759 1
95 31394 31355 1
96 15807 15789 1
97 62696 62632 1
98 2106 2104 0
99 2128 2126 0
100 31435 31406 1
101 31383 31356 1
102 31435 31411 0
103 4068 4065 0
104 4089 4086 0
105 46 8 1
106 62679 62631 1
107 31410 31387 0
108 62696 62652 1
109 62650 62609 0
110 31444 31429 0
111 7989 8010 0
112 500131 500129 0
113 15783 15773 1
114 15792 15782 1
115 62659 62623 0
116 15751 15742 0
117 2144 2153 0
118 15756 15747 0
119 31399 31382 0
120 31422 31405 0
121 125179 125115 0
122 62698 62666 0
123 31441 31425 0
124 7973 7969 0
125 4092 4090 0
126 125161 125100 0
127 125185 125124 0
128 62692 62663 0
129 125168 125111 0
130 125191 125138 0
131 31380 31367 0
132 125193 125143 0
133 62678 62653 0
134 31426 31414 0
135 15780 15774 0
136 7926 7923 0
137 125143 125100 0
138 250187 250107 0
139 31388 31378 0
140 31391 31381 0
141 15766 15761 0
142 250183 250104 0
143 62648 62629 0
144 125166 125129 0
145 62645 62627 0
146 62647 62629 0
147 250200 250132 0
148 62661 62645 0
149 15785 15781 0
150 7916 7914 0
151 15745 15743 0
152 4076 4076 0
153 4075 4079 0
154 4048 4052 0
155 2111 2114 0
156 64 67 0
157 44 48 0
158 89 98 0
159 67 75 0
160 66 74 0
161 62676 62672 0
162 62630 62666 0
163 31367 31448 0
164 31355 31444 0
165 62609 62640 0
166 31367 31367 0
167 31355 31379 0
168 31444 31446 0
169 62641 62673 0
170 62632 62643 0
171 31395 31436 0
172 31434 31438 0
173 31351 31426 0
174 62670 62680 0
175 31408 31410 0
176 31385 31426 0
177 62614 62605 0
178 31360 31444 0
179 31368 31399 0
180 62642 62647 0
181 62645 62685 0
182 62646 62638 0
183 62645 62688 0
184 31399 31442 0
185 62611 62641 0
186 31366 31385 0
187 62648 62654 0
188 62615 62666 0
189 125131 125198 0
190 31382 31418 0
191 125164 125179 0
192 125127 125168 0
193 31436 31441 0
194 125114 125117 0
195 125108 125152 0
196 125101 125181 0
197 31359 31413 0
198 31413 31408 0
199 125117 125108 0
200 125121 125112 0
201 125169 125168 0
202 125133 125113 0
203 125109 125180 0
204 125111 125168 0
205 15758 15781 0
206 125135 125166 0
207 125118 125178 0
208 125103 125151 0
209 125143 125172 0
210 15823 15822 0
211 15742 15763 0
212 15807 15816 0
213 15744 15743 0
214 15732 15740 0
215 125144 125135 0
216 15759 15811 0
217 15803 15814 0
218 15743 15795 0
219 125185 125163 0
220 125157 125137 0
221 15730 15758 0
222 15736 15819 0
223 125199 125175 0
224 15746 15818 0
225 15779 15790 0
226 125128 125190 0
227 125158 125190 0
228 15750 15820 0
229 15806 15818 0
230 125130 125130 0
231 15734 15770 0
232 62614 62616 0
233 15764 15783 0
234 125117 125177 0
235 125185 125161 0
236 15758 15793 0
237 15736 15810 0
238 125187 125192 0
239 7940 7944 0
240 7971 7991 0
241 125132 125156 0
242 7964 8011 0
243 125139 125140 0
244 62601 62652 0
245 125165 125137 0
246 7920 7981 0
247 7933 7945 0
248 125140 125181 0
249 7913 7990 0
250 31382 31395 0
251 125145 125191 0
252 7919 7952 0
253 7945 8001 0
254 7915 7996 0
255 7957 8009 0
256 7936 8005 0
257 125104 125121 0
258 7950 8011 0
259 250199 250156 0
260 7925 7994 0
261 250160 250158 0
262 7937 8001 0
263 7916 8004 0
264 250180 250187 0
265 250152 250196 0
266 7934 7995 0
267 250150 250103 0
268 7954 7987 0
269 250161 250104 0
270 250188 250190 0
271 7925 7963 0
272 250178 250174 0
273 250179 250180 0
274 250149 250163 0
275 7937 7970 0
276 7959 8004 0
277 7969 7980 0
278 7922 7979 0
279 4018 4066 0
280 250118 250106 0
281 250145 250199 0
282 250179 250122 0
283 4009 4057 0
284 4038 4088 0
285 250181 250148 0
286 250125 250179 0
287 4042 4067 0
288 250149 250120 0
289 250170 250175 0
290 4014 4085 0
291 250101 250101 0
292 250179 250162 0
293 4098 4106 0
294 250156 250158 0
295 4051 4080 0
296 4038 4067 0
297 4082 4097 0
298 250140 250152 0
299 4081 4100 0
300 62603 62643 0
301 250130 250177 0
302 250105 250131 0
303 62628 62671 0
304 4011 4067 0
305 250110 250105 0
306 250111 250127 0
307 4060 4080 0
308 250146 250149 0
309 4015 4034 0
310 250126 250124 0
311 62602 62640 0
312 250169 250148 0
313 250188 250143 0
314 4043 4082 0
315 250118 250176 0
316 250121 250181 0
317 250154 250200 0
318 4007 4106 0
319 250158 250119 0
320 250194 250175 0
321 250171 250137 0
322 2070 2145 0
323 62639 62655 0
324 250170 250170 0
325 250125 250156 0
326 2110 2133 0
327 500144 500143 0
328 2080 2132 0
329 2130 2143 0
330 500188 500124 0
331 500132 500144 0
332 500114 500135 0
333 2082 2136 0
334 500177 500101 0
335 500140 500122 0
336 500154 500194 0
337 500152 500150 0
338 500173 500155 0
339 500108 500158 0
340 2081 2110 0
341 2065 2082 0
342 2078 2107 0
343 500146 500153 0
344 2094 2145 0
345 500157 500122 0
346 2113 2149 0
347 500155 500169 0
348 500158 500141 0
349 2077 2095 0
350 2133 2153 0
351 2111 2137 0
352 2110 2138 0
353 500180 500170 0
354 500171 500130 0
355 500136 500165 0
356 500147 500127 0
357 62625 62645 0
358 500180 500116 0
359 51 66 0
360 500156 500174 0
361 500191 500158 0
362 62601 62658 0
363 15 50 0
364 500120 500168 0
365 19 93 0
366 67 98 0
367 500114 500195 0
368 500124 500176 0
369 500152 500156 0
370 8 42 0
371 35 90 0
372 500157 500188 0
373 29 75 0
374 16 27 0
375 62676 62698 0
376 500101 500140 0
377 37 74 0
378 500130 500172 0
379 25 43 0
380 500104 500186 0
381 500187 500138 0
382 500144 500156 0
383 500189 500135 0
384 62645 62685 0
385 57 95 0
386 500161 500160 0
387 62648 62700 0
388 500107 500144 0
389 500119 500172 0
390 500104 500167 0
391 1 41 0
392 62611 62638 0
393 500196 500186 0
394 500161 500123 0
395 46 86 0
396 51 93 0
397 500178 500138 0
398 62620 62622 0
399 62612 62699 0
--------------
1000000 :c
1004408 :sum(p)
1000000 :sum(w)
