400 :n
id p,w,x
--------------
0 83 38 1
1 87 16 1
2 70 31 1
3 2150 2107 1
4 4078 4008 1
5 74 11 1
6 73 21 1
7 2128 2056 1
8 59 1 1
9 2123 2074 1
10 75 55 1
11 96 5 1
12 57 18 1
13 92 56 1
14 22 13 1
15 52 48 1
16 2100 2065 1
17 4083 4015 1
18 4098 4031 1
19 4102 4045 1
20 2088 2062 1
21 8012 7926 1
22 8000 7923 1
23 8002 7925 1
24 4044 4007 1
25 2123 2104 1
26 7988 7919 1
27 4039 4007 1
28 7986 7923 1
29 7975 7913 1
30 7986 7926 1
31 4056 4026 1
32 8002 7944 1
33 2074 2059 1
34 4084 4059 1
35 8006 7960 1
36 15822 15737 1
37 2141 2130 1
38 15813 15734 1
39 4057 4037 1
40 2118 2108 1
41 7957 7921 1
42 7970 7935 1
43 15789 15727 1
44 7945 7914 1
45 15794 15736 1
46 4101 4086 1
47 15786 15738 1
48 7966 7942 1
49 15799 15752 1
50 7936 7913 1
51 2100 2094 1
52 15802 15757 1
53 15771 15727 1
54 31437 31352 1
55 15800 15759 1
56 7946 7927 1
57 4095 4086 1
58 31443 31378 1
59 15808 15778 1
60 7951 7937 1
61 7982 7968 1
62 31418 31363 1
63 31408 31358 1
64 31426 31377 1
65 31408 31361 1
66 62698 62606 1
67 31433 31388 1
68 31408 31364 1
69 15814 15794 1
70 7944 7934 1
71 31443 31405 1
72 2116 2067 1
73 62697 62631 1
74 15757 15741 1
75 4061 4057 0
76 62685 62625 1
77 2146 2089 1
78 62679 62618 0
79 31401 31372 1
80 62671 62614 0
81 31415 31387 1
82 31450 31443 0
83 15821 15808 1
84 44 74 0
85 15813 15799 1
86 31407 31381 0
87 15790 15778 1
88 4087 4084 1
89 15814 15813 0
90 62671 62625 0
91 62678 62632 0
92 62669 62624 0
93 15743 15733 0
94 15784 15774 0
95 8003 7998 0
96 125186 125110 0
97 125196 125122 0
98 62684 62647 0
99 31415 31398 0
100 62682 62650 0
101 15790 15782 0
102 4051 4049 1
103 2109 2108 1
104 31446 31432 0
105 125170 125120 0
106 62644 62620 0
107 15740 15734 0
108 7945 7942 1
109 125190 125144 0
110 125185 125142 0
111 125188 125145 0
112 125154 125113 0
113 125167 125127 0
114 62624 62604 0
115 15811 15806 0
116 125183 125153 0
117 125155 125126 0
118 31438 31431 0
119 125179 125152 0
120 62685 62673 0
121 125129 125108 0
122 31411 31406 0
123 62615 62606 0
124 62649 62644 0
125 62657 62652 0
126 15771 15770 0
127 15793 15792 0
128 62649 62647 0
129 62683 62683 0
130 31352 31352 0
131 7920 7920 0
132 31358 31359 0
133 62678 62680 0
134 8009 8010 0
135 7953 7956 0
136 7977 7982 0
137 7977 7982 0
138 7942 7948 0
139 4073 4077 0
140 7966 7974 0
141 4069 4074 0
142 2115 2118 0
143 4078 4084 0
144 2140 2144 0
145 4045 4053 0
146 2145 2150 0
147 2099 2105 0
148 2084 2090 0
149 2080 2087 0
150 2139 2152 0
151 2056 2069 0
152 36 47 0
153 34 48 0
154 10 16 0
155 12 24 0
156 3 14 0
157 500149 500148 0
158 500182 500170 0
159 250179 250149 0
160 125158 125162 0
161 500200 500197 0
162 500185 500157 0
163 500173 500173 0
164 500140 500143 0
165 500130 500126 0
166 500176 500145 0
167 500180 500186 0
168 500142 500154 0
169 500183 500165 0
170 500122 500113 0
171 500182 500163 0
172 500115 500107 0
173 500160 500116 0
174 500195 500152 0
175 125131 125121 0
176 500188 500123 0
177 500158 500169 0
178 125146 125143 0
179 125138 125139 0
180 125105 125108 0
181 500157 500135 0
182 500145 500120 0
183 125115 125100 0
184 500122 500140 0
185 500183 500106 0
186 500148 500171 0
187 500184 500124 0
188 500133 500107 0
189 125127 125116 0
190 500150 500134 0
191 500174 500117 0
192 125143 125135 0
193 125116 125117 0
194 125150 125140 0
195 250155 250110 0
196 250167 250151 0
197 250152 250110 0
198 250178 250159 0
199 250199 250185 0
200 250163 250103 0
201 250158 250145 0
202 250170 250152 0
203 250139 250126 0
204 250159 250123 0
205 250169 250175 0
206 250188 250113 0
207 250126 250129 0
208 250162 250121 0
209 250187 250111 0
210 250181 250161 0
211 250197 250147 0
212 250156 250129 0
213 250148 250127 0
214 250144 250109 0
215 250170 250133 0
216 500161 500126 0
217 500166 500120 0
218 31435 31439 0
219 31362 31427 0
220 15757 15803 0
221 15776 15779 0
222 15753 15783 0
223 31380 31433 0
224 62614 62698 0
225 15766 15774 0
226 15777 15796 0
227 62660 62677 0
228 62611 62659 0
229 15742 15820 0
230 62601 62700 0
231 15780 15789 0
232 15785 15812 0
233 15741 15788 0
234 62612 62625 0
235 62620 62687 0
236 62601 62620 0
237 15753 15792 0
238 62607 62641 0
239 7947 7987 0
240 62645 62672 0
241 7965 8010 0
242 7946 8012 0
243 62621 62669 0
244 62623 62653 0
245 7956 8004 0
246 62621 62664 0
247 62644 62695 0
248 62622 62698 0
249 62625 62645 0
250 62634 62640 0
251 62611 62657 0
252 62654 62671 0
253 7984 8006 0
254 7982 7992 0
255 7944 7999 0
256 62658 62679 0
257 62601 62678 0
258 62632 62666 0
259 125121 125145 0
260 31363 31396 0
261 125126 125195 0
262 15731 15741 0
263 7931 7974 0
264 7955 7978 0
265 125129 125163 0
266 125106 125194 0
267 7977 7998 0
268 7917 7974 0
269 31365 31370 0
270 31353 31425 0
271 125101 125109 0
272 125131 125173 0
273 7968 8001 0
274 7946 8008 0
275 125153 125180 0
276 31366 31396 0
277 125110 125189 0
278 31355 31408 0
279 4020 4033 0
280 125133 125142 0
281 4055 4090 0
282 125176 125186 0
283 4021 4089 0
284 125112 125183 0
285 125106 125138 0
286 4061 4093 0
287 4037 4079 0
288 4019 4070 0
289 125125 125199 0
290 4044 4104 0
291 31383 31449 0
292 4027 4088 0
293 4074 4096 0
294 4065 4084 0
295 125118 125137 0
296 125108 125182 0
297 4037 4072 0
298 4017 4037 0
299 125144 125159 0
300 4016 4032 0
301 4047 4084 0
302 15797 15804 0
303 4068 4094 0
304 4088 4103 0
305 4009 4072 0
306 4055 4100 0
307 125150 125167 0
308 125126 125182 0
309 4014 4061 0
310 250145 250187 0
311 250121 250168 0
312 4050 4067 0
313 15731 15793 0
314 4018 4051 0
315 4007 4049 0
316 250149 250191 0
317 250117 250197 0
318 15731 15798 0
319 2054 2122 0
320 250149 250187 0
321 2080 2148 0
322 15784 15796 0
323 2067 2119 0
324 2081 2102 0
325 2110 2141 0
326 31364 31377 0
327 2112 2139 0
328 2133 2149 0
329 2116 2145 0
330 250141 250171 0
331 250183 250200 0
332 2072 2146 0
333 2109 2142 0
334 31422 31434 0
335 2065 2149 0
336 31352 31405 0
337 250152 250197 0
338 2054 2102 0
339 250113 250174 0
340 31397 31414 0
341 250144 250178 0
342 250104 250182 0
343 2126 2141 0
344 15759 15773 0
345 250166 250184 0
346 2055 2080 0
347 2066 2144 0
348 2056 2109 0
349 250133 250165 0
350 2124 2142 0
351 2075 2134 0
352 15768 15772 0
353 250105 250154 0
354 31351 31424 0
355 250148 250185 0
356 250158 250179 0
357 250135 250192 0
358 2073 2096 0
359 46 70 0
360 31365 31418 0
361 250134 250158 0
362 72 89 0
363 31426 31443 0
364 1 95 0
365 50 66 0
366 500138 500184 0
367 11 88 0
368 13 30 0
369 38 87 0
370 6 51 0
371 8 70 0
372 72 95 0
373 48 88 0
374 42 95 0
375 500140 500188 0
376 500143 500173 0
377 500110 500148 0
378 5 84 0
379 61 85 0
380 25 49 0
381 500140 500197 0
382 31389 31449 0
383 500165 500190 0
384 9 45 0
385 26 59 0
386 500124 500160 0
387 7 82 0
388 500142 500193 0
389 11 42 0
390 500119 500177 0
391 31397 31436 0
392 27 47 0
393 500101 500175 0
394 500148 500190 0
395 31359 31426 0
396 26 51 0
397 69 99 0
398 31388 31409 0
399 31372 31419 0
--------------
1000000 :c
1003529 :sum(p)
1000000 :sum(w)
