400 :n
id p,w,x
--------------
0 15809 15746 1
1 15806 15754 1
2 85 61 1
3 27 21 1
4 42 17 1
5 83 4 1
6 79 44 1
7 98 71 1
8 56 37 1
9 96 20 1
10 86 19 1
11 45 28 1
12 43 37 1
13 71 12 1
14 52 21 1
15 64 24 1
16 82 48 1
17 42 21 1
18 86 37 1
19 60 40 1
20 38 22 1
21 2128 2081 1
22 2141 2124 1
23 2146 2126 1
24 2107 2063 1
25 2082 2061 1
26 2125 2057 1
27 2121 2108 1
28 2133 2081 1
29 2076 2064 1
30 2126 2101 1
31 2121 2084 1
32 2119 2106 1
33 2089 2070 1
34 2098 2057 1
35 2105 2098 1
36 4076 4044 1
37 4068 4032 1
38 4040 4017 1
39 4039 4020 1
40 4090 4008 1
41 4095 4039 1
42 4092 4028 1
43 4031 4011 1
44 4097 4049 1
45 7997 7923 1
46 8010 7953 1
47 7979 7944 1
48 8009 7975 1
49 7999 7920 1
50 8005 7932 1
51 7996 7916 1
52 7989 7918 1
53 15820 15756 1
54 15793 15728 1
55 15817 15757 1
56 15794 15743 1
57 4062 4049 1
58 4078 4065 1
59 7946 7922 1
60 8005 7982 1
61 31450 31360 1
62 15797 15752 1
63 7944 7923 1
64 15802 15763 1
65 31436 31366 1
66 4050 4041 1
67 4067 4058 1
68 7991 7976 1
69 31420 31367 1
70 31420 31367 1
71 31403 31352 1
72 7958 7946 1
73 31447 31406 1
74 7968 7958 1
75 4041 4036 1
76 31414 31376 1
77 62683 62608 1
78 62679 62605 1
79 7989 7980 1
80 15760 15743 1
81 31394 31361 1
82 62682 62618 1
83 4039 4035 0
84 31396 31366 1
85 15779 15764 1
86 62695 62636 1
87 15770 15757 1
88 15823 15810 1
89 64 26 1
90 62679 62615 1
91 2098 2094 0
92 62652 62601 0
93 62660 62612 0
94 2151 2152 0
95 76 87 0
96 250122 250139 0
97 15743 15731 0
98 7941 7935 0
99 7981 7975 0
100 4026 4023 0
101 31436 31413 0
102 31422 31400 0
103 31375 31354 0
104 7927 7922 1
105 31394 31375 0
106 31384 31366 0
107 15773 15764 0
108 15781 15772 0
109 125178 125111 0
110 31429 31413 0
111 15822 15814 0
112 8011 8007 0
113 2085 2084 0
114 2083 2083 0
115 2085 2085 0
116 8010 8010 0
117 28 28 0
118 4104 4106 0
119 4093 4096 0
120 2070 2072 0
121 2119 2122 0
122 45 46 1
123 47 53 0
124 29 33 0
125 3 4 0
126 31403 31393 0
127 125185 125128 0
128 250196 250129 0
129 500174 500137 0
130 250194 250145 0
131 250133 250104 0
132 62625 62612 0
133 500186 500119 0
134 125169 125149 0
135 250173 250142 0
136 500184 500152 0
137 125119 125107 0
138 62617 62604 0
139 500159 500115 0
140 250173 250112 0
141 125140 125129 0
142 125130 125120 0
143 62666 62652 0
144 62685 62674 0
145 62650 62642 0
146 250197 250148 0
147 250177 250131 0
148 250181 250134 0
149 500141 500104 0
150 250182 250123 0
151 250170 250139 0
152 500196 500136 0
153 125168 125159 0
154 500176 500114 0
155 125121 125111 0
156 250131 250107 0
157 250146 250107 0
158 125154 125144 0
159 250170 250112 0
160 250198 250152 0
161 125128 125109 0
162 250184 250162 0
163 62629 62623 0
164 62660 62645 0
165 250189 250145 0
166 500196 500147 0
167 500162 500113 0
168 125181 125140 0
169 250196 250107 0
170 125191 125157 0
171 125190 125153 0
172 500104 500112 0
173 250160 250146 0
174 500193 500191 0
175 500129 500119 0
176 500119 500129 0
177 500138 500143 0
178 62683 62683 0
179 31357 31357 0
180 250182 250175 0
181 500184 500165 0
182 15799 15799 0
183 500112 500104 0
184 500149 500134 0
185 500154 500149 0
186 500135 500108 0
187 250186 250181 0
188 500112 500116 0
189 62673 62673 0
190 500164 500179 0
191 31382 31382 0
192 500118 500135 0
193 500142 500156 0
194 500192 500170 0
195 250124 250122 0
196 500189 500198 0
197 500194 500170 0
198 125182 125177 0
199 125142 125144 0
200 125186 125185 0
201 125177 125173 0
202 500153 500135 0
203 125129 125128 0
204 250172 250162 0
205 125191 125194 0
206 500135 500117 0
207 500128 500141 0
208 250136 250135 0
209 62608 62610 0
210 62656 62631 0
211 250164 250103 0
212 31417 31403 0
213 62637 62616 0
214 31365 31353 0
215 125196 125136 0
216 62677 62647 0
217 125193 125133 0
218 15790 15821 0
219 15740 15750 0
220 15744 15760 0
221 15781 15820 0
222 15763 15768 0
223 31440 31450 0
224 31413 31434 0
225 31375 31397 0
226 31409 31437 0
227 31370 31432 0
228 31389 31394 0
229 15741 15789 0
230 15784 15805 0
231 15750 15794 0
232 31375 31427 0
233 15803 15811 0
234 15767 15784 0
235 31356 31363 0
236 31358 31415 0
237 15745 15823 0
238 15752 15767 0
239 31433 31442 0
240 31359 31426 0
241 7977 7993 0
242 7949 7954 0
243 31399 31443 0
244 31389 31400 0
245 7935 7949 0
246 7948 7986 0
247 7972 7998 0
248 7973 8012 0
249 31389 31399 0
250 7925 8010 0
251 31381 31388 0
252 31361 31439 0
253 7929 8006 0
254 31368 31431 0
255 7930 7992 0
256 7913 7979 0
257 31391 31411 0
258 31404 31449 0
259 250116 250174 0
260 31373 31418 0
261 7984 7986 0
262 62613 62634 0
263 62637 62664 0
264 7943 7983 0
265 62614 62668 0
266 7985 8001 0
267 7933 7961 0
268 7934 7988 0
269 7981 7993 0
270 7915 7953 0
271 62672 62681 0
272 7919 7997 0
273 250132 250159 0
274 7925 7993 0
275 250158 250170 0
276 7987 8007 0
277 62632 62659 0
278 62614 62685 0
279 4007 4088 0
280 250129 250157 0
281 4035 4081 0
282 62612 62636 0
283 4052 4094 0
284 62628 62632 0
285 4078 4095 0
286 62647 62682 0
287 4026 4037 0
288 62616 62676 0
289 4037 4072 0
290 4015 4100 0
291 62616 62636 0
292 4010 4019 0
293 4042 4071 0
294 4061 4074 0
295 62629 62665 0
296 4026 4069 0
297 4014 4101 0
298 62671 62674 0
299 62611 62661 0
300 4081 4087 0
301 62669 62676 0
302 62607 62700 0
303 4022 4082 0
304 62650 62677 0
305 62633 62683 0
306 4010 4039 0
307 4022 4046 0
308 4010 4064 0
309 4009 4072 0
310 62602 62664 0
311 62678 62692 0
312 4052 4082 0
313 4012 4051 0
314 250126 250144 0
315 4017 4094 0
316 4031 4060 0
317 15752 15773 0
318 125165 125185 0
319 125130 125189 0
320 500141 500184 0
321 125137 125174 0
322 125141 125149 0
323 125122 125131 0
324 125149 125196 0
325 2077 2093 0
326 2077 2146 0
327 2074 2103 0
328 2138 2151 0
329 500101 500145 0
330 125109 125153 0
331 500104 500134 0
332 125129 125148 0
333 2092 2148 0
334 125133 125167 0
335 2076 2150 0
336 125149 125176 0
337 2073 2147 0
338 125129 125181 0
339 2092 2136 0
340 2103 2145 0
341 2061 2100 0
342 125147 125177 0
343 15754 15773 0
344 2114 2144 0
345 2074 2126 0
346 2060 2111 0
347 125121 125173 0
348 15751 15813 0
349 2054 2081 0
350 15795 15804 0
351 125129 125172 0
352 125112 125186 0
353 2081 2101 0
354 2089 2141 0
355 2102 2149 0
356 2064 2097 0
357 500149 500192 0
358 125120 125128 0
359 15747 15754 0
360 15767 15782 0
361 125115 125181 0
362 500135 500188 0
363 500127 500181 0
364 500137 500175 0
365 59 88 0
366 2 58 0
367 48 83 0
368 500123 500174 0
369 24 90 0
370 125167 125196 0
371 13 56 0
372 7 93 0
373 12 38 0
374 50 76 0
375 15768 15804 0
376 18 58 0
377 125139 125172 0
378 15742 15805 0
379 20 97 0
380 35 97 0
381 250110 250159 0
382 500153 500172 0
383 250118 250168 0
384 250121 250170 0
385 500128 500168 0
386 250132 250166 0
387 250103 250171 0
388 15784 15808 0
389 250118 250151 0
390 28 86 0
391 250183 250195 0
392 250148 250191 0
393 250114 250141 0
394 250151 250163 0
395 500110 500142 0
396 3 82 0
397 51 84 0
398 15775 15797 0
399 15729 15799 0
--------------
1000000 :c
1003467 :sum(p)
1000000 :sum(w)
