400 :n
id p,w,x
--------------
0 7977 7920 1
1 7982 7918 1
2 8008 7919 1
3 97 48 1
4 80 34 1
5 93 77 1
6 47 12 1
7 15815 15751 1
8 38 3 1
9 79 38 1
10 69 17 1
11 97 11 1
12 68 28 1
13 37 23 1
14 61 15 1
15 53 20 1
16 81 32 1
17 92 5 1
18 55 39 1
19 86 45 1
20 26 10 1
21 2147 2111 1
22 2141 2120 1
23 8009 7939 1
24 2110 2072 1
25 2153 2077 1
26 2143 2063 1
27 2127 2101 1
28 2109 2094 1
29 2125 2079 1
30 15817 15726 1
31 7980 7958 1
32 15821 15726 1
33 7995 7914 1
34 2150 2070 1
35 2124 2071 1
36 2095 2076 1
37 2136 2112 1
38 15806 15727 1
39 2119 2088 1
40 2140 2058 1
41 2128 2075 1
42 4074 4024 1
43 15800 15733 1
44 15809 15744 1
45 4097 4069 1
46 4102 4037 1
47 4069 4042 1
48 4092 4054 1
49 4082 4022 1
50 7993 7921 1
51 15821 15767 1
52 4065 4032 1
53 15799 15737 1
54 4052 4032 1
55 4091 4038 1
56 4097 4078 1
57 4093 4054 1
58 4062 4028 1
59 15823 15761 1
60 4087 4071 1
61 7978 7920 1
62 7998 7957 1
63 4078 4015 1
64 7977 7922 1
65 4090 4056 1
66 4075 4059 1
67 7982 7960 1
68 31426 31369 1
69 31450 31366 1
70 15773 15739 1
71 15825 15783 1
72 31444 31390 1
73 31429 31382 1
74 31450 31369 1
75 2 1 1
76 2121 2113 1
77 2144 2136 1
78 4070 4056 1
79 2117 2111 1
80 4104 4093 1
81 8010 7991 1
82 7969 7952 1
83 2060 2056 1
84 2146 2142 1
85 15809 15783 1
86 4073 4067 1
87 15822 15799 1
88 31433 31389 1
89 15818 15796 1
90 62697 62611 1
91 31442 31402 1
92 62693 62614 1
93 62690 62613 1
94 15804 15786 1
95 7977 7968 1
96 15745 15728 1
97 15802 15785 0
98 71 69 1
99 31407 31371 1
100 31390 31358 0
101 62663 62602 1
102 62690 62632 0
103 62698 62674 0
104 31449 31450 0
105 15763 15795 0
106 62694 62636 0
107 7993 7986 0
108 62694 62644 0
109 62685 62638 0
110 62649 62605 0
111 31417 31397 0
112 7980 7975 1
113 62692 62654 0
114 62654 62618 0
115 62692 62656 0
116 31411 31394 0
117 31429 31413 0
118 31435 31419 0
119 7980 7976 1
120 62635 62604 0
121 4046 4044 0
122 2102 2101 0
123 62684 62659 0
124 15805 15799 0
125 31431 31420 0
126 7930 7928 0
127 7944 7942 0
128 4057 4056 0
129 4086 4085 0
130 7919 7918 0
131 46 46 1
132 7931 7932 0
133 4085 4086 0
134 4088 4090 0
135 4075 4078 0
136 4033 4040 0
137 4013 4020 0
138 4011 4018 0
139 2096 2103 0
140 73 75 0
141 73 82 0
142 24 32 0
143 62664 62650 0
144 125163 125126 0
145 62653 62642 0
146 62692 62679 0
147 125165 125134 0
148 62693 62676 0
149 250175 250118 0
150 250196 250126 0
151 62659 62646 0
152 125163 125126 0
153 250153 250107 0
154 250196 250138 0
155 31399 31391 0
156 31360 31352 0
157 250182 250108 0
158 500200 500105 0
159 31361 31353 0
160 62629 62615 0
161 500177 500102 0
162 125164 125109 0
163 125185 125143 0
164 125141 125100 0
165 125188 125145 0
166 125165 125123 0
167 125151 125121 0
168 125184 125163 0
169 62693 62680 0
170 250165 250105 0
171 125126 125106 0
172 125197 125177 0
173 31370 31363 0
174 125158 125137 0
175 31387 31422 0
176 31356 31382 0
177 31353 31425 0
178 31412 31420 0
179 31367 31420 0
180 31428 31424 0
181 31373 31382 0
182 62629 62698 0
183 62687 62693 0
184 62612 62607 0
185 31388 31437 0
186 31362 31441 0
187 62632 62627 0
188 62667 62667 0
189 31382 31405 0
190 62625 62664 0
191 31369 31407 0
192 31364 31447 0
193 31367 31397 0
194 62638 62636 0
195 62630 62683 0
196 62677 62679 0
197 31375 31409 0
198 62629 62700 0
199 125128 125155 0
200 15727 15767 0
201 15734 15824 0
202 15730 15741 0
203 125186 125177 0
204 15729 15824 0
205 15730 15760 0
206 15732 15798 0
207 125108 125107 0
208 15753 15784 0
209 15756 15775 0
210 15755 15779 0
211 15753 15754 0
212 15735 15810 0
213 125133 125149 0
214 15735 15806 0
215 125108 125128 0
216 15729 15806 0
217 15774 15779 0
218 125129 125118 0
219 125190 125181 0
220 125141 125149 0
221 125148 125199 0
222 125130 125137 0
223 15812 15825 0
224 125107 125113 0
225 15765 15779 0
226 15770 15817 0
227 125141 125198 0
228 125129 125111 0
229 125132 125120 0
230 125126 125164 0
231 15758 15804 0
232 125100 125151 0
233 15728 15817 0
234 125176 125174 0
235 15736 15774 0
236 125131 125126 0
237 125107 125121 0
238 15736 15814 0
239 7970 7993 0
240 7914 7990 0
241 7956 7967 0
242 7979 7990 0
243 7921 7926 0
244 125115 125164 0
245 125156 125160 0
246 125102 125147 0
247 7966 8006 0
248 125134 125136 0
249 7931 7974 0
250 7920 7937 0
251 7932 7954 0
252 125122 125117 0
253 7945 7968 0
254 7913 7965 0
255 7965 7993 0
256 125121 125162 0
257 125127 125115 0
258 125124 125143 0
259 250117 250176 0
260 7944 7995 0
261 250194 250168 0
262 250143 250194 0
263 7948 8002 0
264 250105 250152 0
265 250177 250173 0
266 7960 7984 0
267 62689 62687 0
268 250189 250178 0
269 250102 250147 0
270 7922 8007 0
271 7943 8009 0
272 250130 250147 0
273 7919 7973 0
274 250181 250180 0
275 250199 250164 0
276 62660 62697 0
277 250188 250196 0
278 7964 7969 0
279 250128 250115 0
280 31422 31435 0
281 4033 4045 0
282 250118 250175 0
283 250105 250189 0
284 250107 250198 0
285 250158 250138 0
286 250154 250140 0
287 4047 4068 0
288 250197 250182 0
289 250139 250122 0
290 4031 4063 0
291 4021 4046 0
292 4028 4103 0
293 250104 250193 0
294 250109 250162 0
295 31360 31372 0
296 250158 250154 0
297 4029 4040 0
298 250170 250165 0
299 4020 4042 0
300 250182 250152 0
301 250101 250188 0
302 62662 62683 0
303 4024 4081 0
304 4028 4085 0
305 250107 250176 0
306 62650 62665 0
307 250103 250164 0
308 250175 250168 0
309 62625 62673 0
310 250186 250192 0
311 250156 250190 0
312 250104 250138 0
313 4013 4031 0
314 250113 250164 0
315 62612 62689 0
316 250199 250194 0
317 4015 4093 0
318 4062 4082 0
319 250107 250137 0
320 2065 2084 0
321 2069 2139 0
322 2062 2136 0
323 2093 2103 0
324 500166 500106 0
325 2076 2100 0
326 500145 500112 0
327 500107 500146 0
328 500112 500150 0
329 500150 500194 0
330 2111 2144 0
331 2130 2150 0
332 62604 62678 0
333 500179 500133 0
334 2072 2127 0
335 2094 2135 0
336 2089 2121 0
337 500187 500157 0
338 500162 500197 0
339 2068 2089 0
340 500178 500198 0
341 2094 2134 0
342 2103 2121 0
343 500108 500115 0
344 500101 500199 0
345 500177 500130 0
346 500112 500127 0
347 2074 2152 0
348 500141 500131 0
349 500116 500143 0
350 2128 2150 0
351 2108 2148 0
352 500109 500191 0
353 500154 500156 0
354 500184 500163 0
355 500150 500180 0
356 2058 2104 0
357 500183 500129 0
358 2078 2138 0
359 500125 500137 0
360 14 70 0
361 56 68 0
362 500150 500157 0
363 500107 500195 0
364 19 94 0
365 500133 500176 0
366 500164 500114 0
367 17 87 0
368 47 62 0
369 11 55 0
370 38 89 0
371 31394 31426 0
372 500112 500140 0
373 500158 500196 0
374 500105 500190 0
375 40 63 0
376 500179 500126 0
377 500187 500183 0
378 43 60 0
379 500122 500185 0
380 62650 62657 0
381 43 81 0
382 31404 31420 0
383 15 36 0
384 500198 500141 0
385 500154 500194 0
386 500118 500131 0
387 500144 500164 0
388 500197 500157 0
389 500134 500179 0
390 61 82 0
391 500119 500158 0
392 3 46 0
393 9 84 0
394 7 86 0
395 31411 31426 0
396 26 46 0
397 13 73 0
398 31448 31449 0
399 31378 31412 0
--------------
1000000 :c
1004292 :sum(p)
999999 :sum(w)
