400 :n
id p,w,x
--------------
0 59 19 1
1 65 8 1
2 8005 7985 1
3 7975 7939 1
4 7951 7915 1
5 7974 7922 1
6 7976 7920 1
7 7974 7927 1
8 7962 7924 1
9 7957 7934 1
10 8004 7974 1
11 8004 7982 1
12 8011 7944 1
13 15814 15737 1
14 7978 7919 1
15 7961 7938 1
16 15810 15751 1
17 7985 7916 1
18 15812 15752 1
19 7985 7924 1
20 7973 7948 1
21 8006 7975 1
22 64 30 1
23 4095 4016 1
24 4063 4032 1
25 4100 4025 1
26 4102 4065 1
27 4071 4024 1
28 4072 4034 1
29 4103 4010 1
30 4063 4031 1
31 15814 15752 1
32 15792 15732 1
33 4074 4038 1
34 4081 4029 1
35 4065 4045 1
36 4092 4055 1
37 94 38 1
38 31431 31358 1
39 4045 4017 1
40 4101 4065 1
41 31441 31353 1
42 31448 31369 1
43 2146 2131 1
44 2150 2057 1
45 91 60 1
46 41 25 1
47 55 13 1
48 98 12 1
49 98 19 1
50 2090 2070 1
51 2121 2068 1
52 86 44 1
53 31433 31361 1
54 2101 2085 1
55 40 24 1
56 2150 2062 1
57 2146 2129 1
58 75 48 1
59 68 55 1
60 2112 2085 1
61 67 18 1
62 2097 2054 1
63 23 4 1
64 88 9 1
65 2105 2089 1
66 69 40 1
67 2149 2080 1
68 68 27 1
69 51 18 1
70 32 21 1
71 31 24 1
72 58 51 1
73 65 58 1
74 91 87 1
75 93 92 1
76 2093 2081 1
77 2130 2119 1
78 2077 2069 1
79 2144 2136 1
80 4023 4008 1
81 2098 2091 1
82 4100 4088 1
83 7984 7966 1
84 4032 4023 1
85 15787 15753 1
86 7993 7976 1
87 31428 31362 1
88 31436 31370 1
89 7994 7978 1
90 15788 15758 1
91 15778 15751 1
92 4091 4084 0
93 31436 31386 1
94 31445 31395 1
95 15784 15759 1
96 4094 4088 0
97 15757 15734 1
98 15767 15744 1
99 62698 62614 1
100 31404 31364 1
101 4068 4063 0
102 4097 4092 1
103 2151 2139 1
104 15825 15806 0
105 31444 31407 1
106 15750 15732 0
107 7943 7934 0
108 7991 7982 1
109 15813 15751 1
110 62692 62602 1
111 31435 31368 1
112 62694 62629 1
113 62672 62610 0
114 31449 31429 0
115 8004 8003 0
116 22 88 0
117 2076 2074 0
118 15809 15794 0
119 2114 2112 1
120 62678 62622 0
121 31376 31352 0
122 15809 15820 0
123 31417 31393 0
124 31392 31369 0
125 62661 62616 0
126 62696 62652 0
127 62652 62610 0
128 125189 125108 0
129 125190 125112 0
130 125192 125114 0
131 31448 31430 0
132 125199 125134 0
133 15798 15790 0
134 125166 125104 0
135 62656 62626 0
136 2097 2096 0
137 62685 62656 0
138 15778 15771 0
139 125194 125139 0
140 7965 7963 0
141 2077 2077 0
142 7996 7997 0
143 7994 7995 0
144 4092 4093 0
145 4068 4069 0
146 2151 2152 0
147 2094 2095 0
148 2081 2082 0
149 4009 4012 0
150 2056 2061 0
151 2142 2148 0
152 2113 2122 0
153 2094 2103 0
154 40 42 0
155 56 61 0
156 46 56 0
157 3 14 0
158 250188 250181 0
159 250137 250136 0
160 62622 62609 0
161 250108 250127 0
162 62636 62610 0
163 250196 250200 0
164 250183 250118 0
165 250170 250158 0
166 250158 250144 0
167 250197 250183 0
168 31399 31394 0
169 250145 250140 0
170 250173 250183 0
171 125173 125188 0
172 250136 250159 0
173 250171 250154 0
174 250176 250200 0
175 250142 250108 0
176 125151 125125 0
177 250176 250189 0
178 250142 250110 0
179 31412 31402 0
180 125138 125147 0
181 500171 500120 0
182 500133 500191 0
183 500120 500161 0
184 500137 500174 0
185 31426 31419 0
186 125135 125150 0
187 125139 125109 0
188 31411 31406 0
189 500103 500154 0
190 125191 125198 0
191 125136 125123 0
192 125135 125118 0
193 500134 500163 0
194 31394 31387 0
195 31402 31392 0
196 31432 31431 0
197 31441 31434 0
198 125143 125147 0
199 500103 500134 0
200 500107 500169 0
201 125114 125112 0
202 500173 500164 0
203 500154 500113 0
204 500172 500105 0
205 250126 250157 0
206 500189 500196 0
207 125155 125113 0
208 250126 250102 0
209 125128 125131 0
210 500126 500182 0
211 125189 125147 0
212 500184 500169 0
213 250153 250140 0
214 500190 500198 0
215 125151 125144 0
216 500130 500127 0
217 500182 500191 0
218 500163 500171 0
219 500180 500199 0
220 250196 250181 0
221 500150 500191 0
222 500142 500122 0
223 500107 500156 0
224 250180 250191 0
225 500126 500101 0
226 125149 125104 0
227 125123 125118 0
228 500156 500173 0
229 500105 500155 0
230 500172 500165 0
231 125119 125107 0
232 500103 500143 0
233 500163 500187 0
234 500112 500164 0
235 500148 500185 0
236 15785 15782 0
237 15754 15750 0
238 125164 125172 0
239 62631 62607 0
240 500153 500107 0
241 500153 500194 0
242 125130 125144 0
243 500187 500154 0
244 500178 500120 0
245 250128 250149 0
246 125162 125116 0
247 500148 500172 0
248 500118 500175 0
249 62665 62638 0
250 62671 62645 0
251 125177 125139 0
252 500196 500170 0
253 500161 500188 0
254 500111 500131 0
255 125183 125137 0
256 62699 62695 0
257 62648 62656 0
258 62688 62663 0
259 250138 250103 0
260 62622 62623 0
261 250170 250145 0
262 250132 250143 0
263 62630 62625 0
264 62678 62670 0
265 250121 250117 0
266 250124 250138 0
267 62669 62663 0
268 250194 250196 0
269 250135 250149 0
270 250192 250181 0
271 250185 250159 0
272 62629 62611 0
273 250154 250184 0
274 15771 15794 0
275 15743 15809 0
276 7992 8002 0
277 7961 7993 0
278 15745 15764 0
279 15742 15756 0
280 15753 15796 0
281 15806 15813 0
282 4059 4095 0
283 4042 4056 0
284 15778 15783 0
285 4011 4044 0
286 7948 7966 0
287 4047 4096 0
288 4020 4098 0
289 7937 7982 0
290 15778 15801 0
291 15783 15812 0
292 15757 15807 0
293 4016 4058 0
294 4029 4086 0
295 15793 15805 0
296 15754 15797 0
297 4014 4073 0
298 4024 4065 0
299 15728 15791 0
300 4023 4056 0
301 15753 15778 0
302 15727 15818 0
303 15740 15768 0
304 4032 4045 0
305 15781 15814 0
306 4023 4039 0
307 500105 500172 0
308 31395 31410 0
309 31388 31404 0
310 31417 31433 0
311 31361 31418 0
312 4035 4074 0
313 31393 31433 0
314 31392 31427 0
315 4024 4075 0
316 4047 4100 0
317 31366 31445 0
318 4016 4044 0
319 31400 31407 0
320 31360 31402 0
321 15788 15825 0
322 7959 7978 0
323 2135 2153 0
324 31408 31430 0
325 2087 2121 0
326 31363 31368 0
327 31400 31410 0
328 31360 31369 0
329 31414 31423 0
330 31373 31427 0
331 15740 15745 0
332 2083 2145 0
333 2056 2127 0
334 2122 2152 0
335 31382 31429 0
336 62653 62694 0
337 7990 8012 0
338 62626 62664 0
339 2084 2127 0
340 2059 2110 0
341 7923 7985 0
342 62606 62653 0
343 62658 62683 0
344 62605 62634 0
345 62608 62619 0
346 62675 62692 0
347 62653 62674 0
348 2104 2123 0
349 2071 2146 0
350 62606 62625 0
351 2120 2130 0
352 2095 2117 0
353 2070 2088 0
354 62630 62684 0
355 15764 15798 0
356 7970 7991 0
357 62628 62658 0
358 62606 62627 0
359 7942 8005 0
360 40 74 0
361 7914 8006 0
362 62607 62620 0
363 62634 62682 0
364 62602 62653 0
365 62629 62670 0
366 62602 62633 0
367 6 48 0
368 125106 125195 0
369 30 62 0
370 125142 125177 0
371 125130 125150 0
372 125166 125183 0
373 125145 125163 0
374 125140 125166 0
375 125151 125198 0
376 6 77 0
377 17 84 0
378 125116 125189 0
379 7982 8010 0
380 43 88 0
381 32 62 0
382 125130 125198 0
383 7975 7990 0
384 125132 125160 0
385 125123 125170 0
386 125107 125162 0
387 250154 250199 0
388 36 64 0
389 17 96 0
390 12 65 0
391 250125 250196 0
392 250108 250170 0
393 250125 250164 0
394 250118 250165 0
395 250130 250192 0
396 250106 250149 0
397 250102 250183 0
398 7953 8003 0
399 7963 8007 0
--------------
1000000 :c
1004247 :sum(p)
999998 :sum(w)
