400 :n
id p,w,x
--------------
0 2144 2081 1
1 8009 7917 1
2 69 25 1
3 4100 4030 1
4 4037 4010 1
5 8006 7935 1
6 4045 4007 1
7 65 4 1
8 41 7 1
9 4066 4042 1
10 43 27 1
11 4086 4028 1
12 4098 4054 1
13 29 2 1
14 15817 15750 1
15 2127 2070 1
16 63 35 1
17 4101 4017 1
18 99 49 1
19 76 59 1
20 98 16 1
21 15807 15730 1
22 56 28 1
23 82 38 1
24 72 34 1
25 2128 2066 1
26 80 54 1
27 4099 4052 1
28 7973 7915 1
29 2118 2105 1
30 4089 4051 1
31 4092 4077 1
32 15819 15751 1
33 15821 15755 1
34 15822 15742 1
35 4070 4029 1
36 2137 2066 1
37 91 30 1
38 7972 7936 1
39 7977 7942 1
40 4079 4012 1
41 82 39 1
42 4090 4071 1
43 8007 7918 1
44 4099 4048 1
45 51 1 1
46 4097 4025 1
47 8004 7975 1
48 4081 4018 1
49 4098 4011 1
50 4072 4019 1
51 8011 7928 1
52 2093 2065 1
53 8006 7922 1
54 2131 2077 1
55 2148 2090 1
56 2104 2060 1
57 7974 7933 1
58 8003 7947 1
59 2128 2061 1
60 31423 31354 1
61 15781 15744 1
62 15799 15765 1
63 31437 31363 1
64 15776 15742 1
65 31440 31355 1
66 31420 31368 1
67 31447 31390 1
68 15780 15745 1
69 31436 31356 1
70 7953 7929 1
71 31416 31360 1
72 31420 31370 1
73 15821 15774 1
74 31448 31370 1
75 31440 31372 1
76 30 26 1
77 11 10 1
78 4080 4066 1
79 4092 4078 1
80 7974 7956 1
81 4055 4046 1
82 4099 4090 1
83 4087 4079 1
84 2059 2055 1
85 2065 2061 1
86 7933 7919 1
87 15795 15770 1
88 31418 31370 1
89 31439 31392 1
90 2060 2057 1
91 2140 2137 1
92 15764 15742 1
93 15775 15753 1
94 15800 15778 1
95 31403 31362 1
96 31444 31403 1
97 62700 62628 1
98 4086 4067 1
99 15760 15729 1
100 4034 4020 1
101 7984 7975 0
102 15769 15753 0
103 8000 7992 1
104 15823 15816 0
105 8001 7997 0
106 38 74 0
107 7940 7932 0
108 7987 7979 1
109 4047 4043 0
110 15757 15742 0
111 31416 31388 0
112 15774 15760 0
113 15814 15800 0
114 31397 31371 0
115 7939 7933 0
116 7987 7981 0
117 15781 15770 0
118 15817 15806 0
119 15782 15772 0
120 15789 15781 0
121 15765 15759 0
122 7934 7933 0
123 2133 2133 1
124 86 86 1
125 7921 7923 0
126 8001 8004 0
127 7961 7964 0
128 7970 7974 0
129 2069 2071 1
130 4027 4033 0
131 23 29 0
132 14 21 0
133 125196 125147 0
134 62660 62642 0
135 125187 125126 0
136 250196 250134 0
137 500148 500123 0
138 500175 500125 0
139 250146 250105 0
140 62652 62627 0
141 125180 125146 0
142 500166 500109 0
143 62634 62622 0
144 500150 500108 0
145 500193 500147 0
146 500191 500107 0
147 500145 500103 0
148 62663 62660 0
149 250177 250148 0
150 62657 62626 0
151 125171 125117 0
152 125197 125166 0
153 62698 62658 0
154 500183 500111 0
155 125194 125118 0
156 250157 250122 0
157 250148 250123 0
158 250154 250106 0
159 125129 125112 0
160 31411 31400 0
161 125133 125118 0
162 125177 125154 0
163 500190 500174 0
164 125191 125140 0
165 250146 250130 0
166 125154 125147 0
167 125168 125146 0
168 31415 31405 0
169 250175 250166 0
170 250145 250123 0
171 250170 250159 0
172 250177 250145 0
173 250179 250125 0
174 31371 31367 0
175 250154 250106 0
176 250154 250104 0
177 250174 250158 0
178 500128 500110 0
179 250134 250103 0
180 250188 250165 0
181 250200 250179 0
182 250193 250108 0
183 250135 250107 0
184 250176 250153 0
185 500185 500135 0
186 500199 500112 0
187 62688 62648 0
188 62663 62615 0
189 125162 125140 0
190 125160 125104 0
191 125152 125142 0
192 62640 62637 0
193 125127 125123 0
194 62695 62683 0
195 31388 31404 0
196 31383 31410 0
197 31392 31415 0
198 31418 31450 0
199 31399 31442 0
200 31370 31389 0
201 31385 31394 0
202 62603 62649 0
203 62634 62648 0
204 500118 500109 0
205 62609 62680 0
206 62612 62657 0
207 62638 62651 0
208 62605 62664 0
209 62651 62686 0
210 62684 62700 0
211 62651 62675 0
212 62620 62637 0
213 62608 62668 0
214 62604 62662 0
215 62654 62663 0
216 62625 62662 0
217 62642 62674 0
218 62610 62684 0
219 15758 15776 0
220 62622 62678 0
221 62640 62671 0
222 62608 62650 0
223 62624 62697 0
224 62636 62696 0
225 62604 62649 0
226 62613 62628 0
227 62621 62658 0
228 62615 62680 0
229 62617 62673 0
230 62643 62659 0
231 62607 62661 0
232 125107 125123 0
233 15766 15768 0
234 15744 15757 0
235 125178 125199 0
236 125104 125109 0
237 125193 125199 0
238 15784 15787 0
239 125195 125198 0
240 125102 125120 0
241 125130 125140 0
242 125125 125193 0
243 125139 125194 0
244 125196 125197 0
245 125136 125179 0
246 31394 31417 0
247 125157 125181 0
248 125133 125194 0
249 125187 125193 0
250 125102 125101 0
251 31389 31407 0
252 125143 125145 0
253 125110 125197 0
254 125134 125134 0
255 31427 31434 0
256 125131 125199 0
257 125149 125162 0
258 125172 125180 0
259 125120 125166 0
260 125162 125177 0
261 250131 250147 0
262 250146 250169 0
263 250153 250175 0
264 250162 250182 0
265 250127 250141 0
266 250126 250131 0
267 7985 7996 0
268 250134 250162 0
269 250103 250103 0
270 31437 31450 0
271 250163 250169 0
272 250168 250165 0
273 250147 250144 0
274 31386 31388 0
275 7980 7988 0
276 250117 250144 0
277 250130 250158 0
278 31429 31429 0
279 250115 250118 0
280 250127 250195 0
281 250114 250151 0
282 250120 250177 0
283 250181 250187 0
284 250179 250176 0
285 500147 500197 0
286 500165 500162 0
287 500159 500178 0
288 31376 31417 0
289 500109 500151 0
290 500187 500193 0
291 500127 500169 0
292 500109 500184 0
293 500119 500136 0
294 500129 500190 0
295 500125 500197 0
296 500108 500182 0
297 500120 500166 0
298 500111 500146 0
299 500142 500134 0
300 500115 500161 0
301 500102 500104 0
302 500117 500114 0
303 500104 500131 0
304 500145 500197 0
305 500108 500198 0
306 500114 500197 0
307 500130 500199 0
308 500148 500152 0
309 500148 500148 0
310 31359 31368 0
311 500119 500142 0
312 500102 500158 0
313 62611 62612 0
314 31392 31406 0
315 31368 31397 0
316 125196 125120 0
317 500196 500133 0
318 4083 4106 0
319 2096 2118 0
320 4018 4051 0
321 4039 4078 0
322 2135 2150 0
323 4012 4044 0
324 2081 2146 0
325 2132 2149 0
326 4057 4077 0
327 4051 4061 0
328 2059 2151 0
329 2102 2151 0
330 2111 2142 0
331 2082 2141 0
332 4054 4064 0
333 4036 4105 0
334 2126 2153 0
335 4049 4099 0
336 7924 7971 0
337 7946 7989 0
338 2055 2146 0
339 2062 2152 0
340 2114 2131 0
341 2108 2127 0
342 7963 7986 0
343 2106 2131 0
344 2127 2142 0
345 7915 7959 0
346 2054 2076 0
347 2071 2146 0
348 2082 2096 0
349 2067 2098 0
350 7956 7982 0
351 7944 8000 0
352 7928 8001 0
353 2073 2122 0
354 2069 2109 0
355 2066 2122 0
356 2065 2081 0
357 2135 2145 0
358 7930 7995 0
359 7950 8002 0
360 10 30 0
361 17 57 0
362 7974 7998 0
363 14 74 0
364 9 56 0
365 58 79 0
366 4048 4093 0
367 7979 8000 0
368 7918 8004 0
369 4068 4094 0
370 15762 15787 0
371 15738 15766 0
372 15730 15797 0
373 15760 15811 0
374 15767 15811 0
375 28 52 0
376 4 94 0
377 64 99 0
378 25 91 0
379 50 80 0
380 15 28 0
381 15730 15774 0
382 15790 15825 0
383 15746 15793 0
384 37 88 0
385 1 86 0
386 30 92 0
387 41 89 0
388 15738 15801 0
389 17 53 0
390 22 100 0
391 28 39 0
392 15731 15817 0
393 15776 15800 0
394 31374 31441 0
395 31364 31446 0
396 31353 31435 0
397 31375 31448 0
398 4007 4051 0
399 4080 4091 0
--------------
1000000 :c
1004497 :sum(p)
999998 :sum(w)
