400 :n
id p,w,x
--------------
0 73 3 1
1 83 5 1
2 51 14 1
3 86 24 1
4 62 20 1
5 65 21 1
6 21 7 1
7 66 26 1
8 74 31 1
9 53 26 1
10 79 39 1
11 98 51 1
12 51 28 1
13 81 46 1
14 84 51 1
15 95 67 1
16 63 47 1
17 95 73 1
18 33 26 1
19 52 41 1
20 7 6 1
21 38 33 1
22 97 87 1
23 2150 2076 1
24 2151 2091 1
25 2115 2057 1
26 2126 2072 1
27 2153 2107 1
28 2149 2106 1
29 2150 2110 1
30 2097 2064 1
31 2098 2065 1
32 4092 4029 1
33 4096 4033 1
34 2101 2072 1
35 2138 2109 1
36 4095 4042 1
37 2109 2082 1
38 2120 2094 1
39 4100 4050 1
40 4060 4012 1
41 2143 2119 1
42 4101 4056 1
43 4095 4053 1
44 4061 4020 1
45 2124 2103 1
46 4106 4067 1
47 4048 4010 1
48 8010 7935 1
49 4084 4046 1
50 4091 4053 1
51 2102 2083 1
52 8009 7937 1
53 7997 7928 1
54 7982 7914 1
55 8010 7943 1
56 8008 7953 1
57 4075 4049 1
58 7996 7947 1
59 7971 7924 1
60 7960 7914 1
61 7969 7929 1
62 4092 4072 1
63 7997 7958 1
64 15809 15734 1
65 15823 15757 1
66 4084 4067 1
67 7984 7951 1
68 7960 7928 1
69 4101 4085 1
70 8003 7972 1
71 2099 2091 1
72 2123 2115 1
73 8006 7979 1
74 15807 15758 1
75 7941 7917 1
76 4105 4093 1
77 7957 7934 1
78 4101 4090 1
79 7950 7933 1
80 15801 15759 1
81 15790 15749 1
82 4046 4036 1
83 15773 15735 1
84 7975 7956 1
85 31448 31374 1
86 15806 15771 1
87 4049 4041 1
88 31423 31361 1
89 15785 15757 1
90 4059 4052 1
91 4062 4055 1
92 31422 31371 1
93 31428 31378 1
94 4059 4053 1
95 62694 62607 1
96 31401 31359 1
97 15776 15755 1
98 31395 31354 1
99 31404 31366 1
100 15788 15770 1
101 31417 31387 1
102 31388 31360 1
103 31427 31396 1
104 7931 7923 1
105 7949 7941 1
106 4095 4091 1
107 2144 2142 1
108 15806 15793 1
109 15825 15812 1
110 31447 31363 1
111 62674 62604 1
112 4025 4022 1
113 62691 62646 0
114 62666 62628 0
115 15803 15799 0
116 15799 15795 0
117 125166 125140 0
118 4094 4092 1
119 15734 15727 1
120 62651 62618 0
121 125186 125126 0
122 62693 62662 0
123 62688 62654 0
124 125177 125107 0
125 62679 62651 0
126 62638 62608 0
127 62688 62650 0
128 125160 125109 0
129 125188 125138 0
130 62691 62666 0
131 125187 125138 0
132 31424 31412 0
133 125148 125101 0
134 62692 62671 0
135 15790 15785 0
136 125151 125112 0
137 125151 125114 0
138 250189 250116 0
139 125166 125131 0
140 125190 125155 0
141 62635 62619 0
142 31368 31360 0
143 20 100 0
144 4081 4088 0
145 125153 125122 0
146 62629 62614 0
147 125129 125100 0
148 125174 125145 0
149 250171 250114 0
150 250172 250116 0
151 125147 125119 0
152 31434 31421 0
153 31440 31429 0
154 62687 62674 0
155 250183 250132 0
156 500198 500101 0
157 125153 125129 0
158 62641 62629 0
159 250151 250105 0
160 250196 250150 0
161 250158 250113 0
162 500199 500110 0
163 250184 250142 0
164 31398 31393 0
165 500181 500105 0
166 500182 500110 0
167 500198 500126 0
168 125123 125107 0
169 125170 125154 0
170 62679 62671 0
171 62698 62690 0
172 15790 15788 0
173 500170 500107 0
174 7964 7963 1
175 250171 250141 0
176 125127 125112 0
177 500162 500106 0
178 500151 500101 0
179 250166 250141 0
180 250194 250170 0
181 62625 62619 0
182 500158 500118 0
183 500148 500109 0
184 500198 500162 0
185 250179 250161 0
186 500151 500117 0
187 250133 250116 0
188 15788 15787 0
189 500131 500101 0
190 500182 500154 0
191 250148 250134 0
192 250163 250150 0
193 250182 250169 0
194 500181 500158 0
195 500169 500150 0
196 250188 250181 0
197 250123 250117 0
198 500120 500109 0
199 500177 500168 0
200 500146 500139 0
201 500180 500174 0
202 250185 250184 0
203 500160 500159 0
204 500168 500167 0
205 15806 15806 0
206 62679 62679 0
207 125197 125197 0
208 3 3 1
209 250158 250159 0
210 500185 500187 0
211 500150 500155 0
212 250147 250150 0
213 500140 500149 0
214 500152 500162 0
215 500122 500132 0
216 500148 500159 0
217 500125 500137 0
218 500149 500162 0
219 500146 500161 0
220 31415 31416 0
221 125181 125185 0
222 500134 500155 0
223 250169 250180 0
224 500173 500197 0
225 500166 500190 0
226 250183 250196 0
227 500156 500183 0
228 500159 500187 0
229 31368 31370 0
230 500139 500171 0
231 250182 250199 0
232 500114 500149 0
233 125120 125129 0
234 250123 250141 0
235 500139 500175 0
236 250116 250135 0
237 500118 500156 0
238 125168 125178 0
239 250109 250129 0
240 250113 250134 0
241 125145 125156 0
242 250151 250174 0
243 250162 250186 0
244 250112 250141 0
245 7994 7995 0
246 62640 62648 0
247 62603 62611 0
248 250122 250156 0
249 250115 250150 0
250 31377 31382 0
251 125149 125169 0
252 250120 250160 0
253 250136 250178 0
254 15810 15813 0
255 250120 250169 0
256 125165 125191 0
257 31368 31375 0
258 62665 62679 0
259 125140 125168 0
260 125126 125154 0
261 250116 250174 0
262 250102 250162 0
263 250112 250174 0
264 4025 4026 0
265 62622 62638 0
266 125140 125174 0
267 125134 125168 0
268 125143 125178 0
269 250123 250194 0
270 62677 62695 0
271 62639 62657 0
272 62660 62679 0
273 62630 62649 0
274 15813 15818 0
275 31372 31383 0
276 125153 125197 0
277 125138 125184 0
278 15747 15753 0
279 31351 31363 0
280 62603 62628 0
281 125110 125160 0
282 125119 125173 0
283 15790 15797 0
284 62647 62675 0
285 62614 62642 0
286 125121 125178 0
287 2136 2137 1
288 31382 31397 0
289 62630 62662 0
290 62620 62652 0
291 62651 62686 0
292 15774 15783 0
293 15756 15765 0
294 31395 31413 0
295 125121 125193 0
296 125112 125187 0
297 125109 125184 0
298 31423 31442 0
299 62616 62655 0
300 7973 7978 0
301 31393 31413 0
302 62607 62647 0
303 15808 15819 0
304 15751 15762 0
305 125103 125199 0
306 31382 31407 0
307 62639 62693 0
308 62609 62664 0
309 7941 7948 0
310 15798 15812 0
311 31419 31447 0
312 31419 31448 0
313 15806 15824 0
314 7950 7964 0
315 2113 2117 1
316 7915 7930 0
317 7963 7979 0
318 7940 7956 0
319 4020 4029 0
320 7987 8006 0
321 7938 7957 0
322 7950 7970 0
323 4070 4081 0
324 7938 7960 0
325 4078 4090 0
326 4077 4092 0
327 4019 4036 0
328 4050 4073 0
329 2083 2095 0
330 2136 2150 0
331 2121 2138 0
332 2070 2091 0
333 2104 2127 0
334 2073 2099 0
335 2078 2105 0
336 2080 2108 0
337 33 34 0
338 51 59 0
339 42 56 0
340 55 80 0
341 10 15 0
342 48 78 0
343 29 49 0
344 7971 8001 0
345 7917 7951 0
346 2092 2128 0
347 2090 2120 0
348 2067 2098 0
349 7949 8011 0
350 7948 8001 0
351 7973 8000 0
352 7940 7972 0
353 2101 2133 0
354 2063 2108 0
355 2091 2131 0
356 2078 2113 0
357 2065 2112 0
358 15743 15804 0
359 7917 7973 0
360 15731 15790 0
361 15763 15797 0
362 15734 15780 0
363 15741 15781 0
364 15732 15816 0
365 42 93 0
366 2085 2141 0
367 15740 15768 0
368 15730 15771 0
369 18 59 0
370 51 98 0
371 15735 15757 0
372 3 69 0
373 4 40 0
374 15735 15778 0
375 15751 15774 0
376 33 96 0
377 4032 4090 0
378 2097 2133 0
379 31358 31412 0
380 31380 31427 0
381 31353 31433 0
382 24 55 0
383 31397 31440 0
384 31393 31431 0
385 31375 31430 0
386 31395 31442 0
387 4055 4090 0
388 31360 31420 0
389 2074 2125 0
390 31385 31446 0
391 21 91 0
392 4017 4072 0
393 4047 4077 0
394 31394 31441 0
395 31374 31425 0
396 62617 62698 0
397 62610 62694 0
398 4011 4106 0
399 4051 4105 0
--------------
1000000 :c
1004047 :sum(p)
999992 :sum(w)
