400 :n
id p,w,x
--------------
0 15796 15752 1
1 31446 31358 1
2 91 9 1
3 44 11 1
4 86 20 1
5 62 34 1
6 88 33 1
7 65 11 1
8 16 4 1
9 88 72 1
10 75 55 1
11 67 20 1
12 87 77 1
13 87 36 1
14 15788 15740 1
15 84 50 1
16 22 6 1
17 82 62 1
18 75 48 1
19 94 65 1
20 72 34 1
21 30 12 1
22 15818 15756 1
23 2124 2078 1
24 2151 2095 1
25 15809 15761 1
26 2095 2056 1
27 2144 2058 1
28 2150 2122 1
29 2124 2056 1
30 2132 2116 1
31 2149 2097 1
32 2151 2116 1
33 2138 2104 1
34 2147 2094 1
35 2129 2071 1
36 2138 2082 1
37 2139 2057 1
38 2090 2070 1
39 4085 4060 1
40 4078 4030 1
41 4081 4014 1
42 4071 4030 1
43 4072 4056 1
44 4101 4025 1
45 4067 4009 1
46 4054 4027 1
47 4047 4015 1
48 4102 4009 1
49 4090 4019 1
50 4080 4023 1
51 4073 4019 1
52 4055 4021 1
53 4068 4045 1
54 15795 15747 1
55 4049 4017 1
56 4075 4035 1
57 7982 7951 1
58 7993 7942 1
59 7977 7950 1
60 7988 7940 1
61 7988 7927 1
62 8005 7948 1
63 7992 7925 1
64 7986 7916 1
65 7995 7969 1
66 8007 7974 1
67 8012 7958 1
68 15805 15760 1
69 15795 15728 1
70 15820 15754 1
71 15810 15751 1
72 59 56 1
73 71 68 1
74 2099 2088 1
75 4037 4025 1
76 31440 31353 1
77 15771 15731 1
78 15783 15743 1
79 31437 31360 1
80 2096 2091 1
81 2139 2134 1
82 15785 15750 1
83 31424 31355 1
84 31431 31363 1
85 7983 7966 1
86 31427 31363 1
87 31422 31359 1
88 2084 2080 1
89 7984 7969 1
90 15774 15746 1
91 15797 15770 1
92 31446 31393 1
93 31433 31381 1
94 8004 7991 1
95 31405 31359 1
96 15754 15731 1
97 15755 15734 1
98 15786 15765 1
99 31440 31399 1
100 15799 15782 1
101 63 18 1
102 62682 62603 1
103 31385 31351 0
104 15803 15786 1
105 62680 62615 1
106 7971 7963 0
107 31441 31447 0
108 31440 31418 0
109 15748 15769 0
110 4093 4089 1
111 62680 62622 0
112 31400 31371 0
113 31423 31394 0
114 62690 62633 0
115 2085 2088 1
116 31426 31399 0
117 62680 62628 0
118 15818 15806 0
119 7955 7949 0
120 7950 7945 0
121 8000 7995 0
122 7916 7914 0
123 7948 7946 0
124 4072 4071 0
125 2151 2151 0
126 4038 4039 0
127 4056 4061 0
128 2100 2103 0
129 2112 2116 0
130 2071 2075 0
131 2145 2152 0
132 54 56 0
133 38 45 0
134 17 26 0
135 6 14 0
136 250191 250138 0
137 250153 250134 0
138 500190 500163 0
139 250134 250106 0
140 125162 125155 0
141 250174 250152 0
142 62696 62671 0
143 15819 15818 0
144 62665 62658 0
145 250141 250123 0
146 62651 62612 0
147 250152 250112 0
148 125170 125152 0
149 250168 250116 0
150 15824 15818 0
151 125160 125107 0
152 62656 62647 0
153 62649 62633 0
154 125184 125112 0
155 15783 15780 0
156 62642 62606 0
157 62673 62651 0
158 500194 500126 0
159 500180 500115 0
160 250164 250137 0
161 500152 500125 0
162 125189 125181 0
163 500176 500148 0
164 125168 125104 0
165 500197 500114 0
166 125178 125119 0
167 125159 125120 0
168 500200 500105 0
169 31386 31383 0
170 500144 500111 0
171 500168 500131 0
172 125152 125108 0
173 125159 125115 0
174 125137 125130 0
175 125132 125106 0
176 31420 31416 0
177 31357 31355 0
178 125160 125101 0
179 500190 500129 0
180 500173 500115 0
181 500170 500143 0
182 500196 500152 0
183 250172 250155 0
184 250136 250120 0
185 250176 250137 0
186 250198 250159 0
187 125197 125155 0
188 125134 125111 0
189 62696 62644 0
190 31374 31354 0
191 125189 125107 0
192 62647 62606 0
193 62658 62613 0
194 31381 31361 0
195 250156 250106 0
196 62639 62602 0
197 250151 250112 0
198 250163 250127 0
199 250184 250165 0
200 15778 15801 0
201 15726 15803 0
202 31380 31440 0
203 31399 31424 0
204 15772 15801 0
205 15767 15781 0
206 250184 250173 0
207 15728 15732 0
208 15739 15771 0
209 31372 31434 0
210 31429 31447 0
211 31361 31378 0
212 15746 15749 0
213 15752 15825 0
214 31354 31374 0
215 15759 15790 0
216 15779 15793 0
217 62616 62640 0
218 62612 62668 0
219 62602 62653 0
220 62605 62619 0
221 250178 250170 0
222 62607 62698 0
223 15735 15757 0
224 15731 15809 0
225 62617 62675 0
226 62609 62627 0
227 250118 250155 0
228 250179 250197 0
229 62663 62671 0
230 15773 15800 0
231 15738 15738 0
232 15735 15763 0
233 250120 250150 0
234 62612 62680 0
235 15730 15800 0
236 62609 62646 0
237 62667 62673 0
238 62671 62675 0
239 7980 7997 0
240 7959 8002 0
241 7926 7957 0
242 7936 7969 0
243 62629 62689 0
244 7959 7975 0
245 62653 62680 0
246 62663 62677 0
247 7916 7923 0
248 7940 7976 0
249 250136 250162 0
250 7952 7987 0
251 62670 62672 0
252 7985 7995 0
253 7945 7979 0
254 7950 8006 0
255 62656 62692 0
256 62614 62616 0
257 250101 250104 0
258 250123 250196 0
259 7935 7977 0
260 250115 250154 0
261 7983 8006 0
262 7929 7963 0
263 7983 7987 0
264 62613 62674 0
265 7940 7997 0
266 62614 62652 0
267 62623 62669 0
268 7952 7994 0
269 7928 8009 0
270 62690 62697 0
271 62601 62693 0
272 250156 250197 0
273 62636 62640 0
274 250131 250182 0
275 125164 125198 0
276 7946 8000 0
277 7967 8006 0
278 125124 125127 0
279 4084 4094 0
280 125121 125132 0
281 4068 4092 0
282 250168 250184 0
283 125146 125187 0
284 4055 4096 0
285 125103 125199 0
286 250148 250149 0
287 4028 4037 0
288 4063 4099 0
289 4015 4050 0
290 250121 250196 0
291 250120 250194 0
292 125100 125122 0
293 4024 4032 0
294 250133 250127 0
295 4013 4086 0
296 125129 125129 0
297 250127 250117 0
298 4060 4096 0
299 125109 125143 0
300 4010 4054 0
301 250110 250185 0
302 250131 250157 0
303 4048 4075 0
304 250153 250159 0
305 250133 250130 0
306 250134 250137 0
307 4044 4057 0
308 125108 125179 0
309 500145 500136 0
310 4039 4058 0
311 4038 4058 0
312 125159 125167 0
313 125192 125196 0
314 4018 4064 0
315 31418 31437 0
316 4067 4079 0
317 4044 4097 0
318 4067 4097 0
319 31385 31428 0
320 125129 125185 0
321 2071 2108 0
322 2081 2099 0
323 500122 500197 0
324 2059 2112 0
325 500138 500130 0
326 125103 125163 0
327 2081 2102 0
328 125186 125181 0
329 2122 2146 0
330 125111 125131 0
331 500127 500108 0
332 500179 500154 0
333 2103 2130 0
334 31366 31407 0
335 125128 125189 0
336 500105 500129 0
337 125114 125178 0
338 500129 500176 0
339 2063 2100 0
340 31410 31416 0
341 125187 125182 0
342 125120 125180 0
343 31353 31389 0
344 2080 2151 0
345 2080 2112 0
346 2057 2118 0
347 500152 500196 0
348 500111 500130 0
349 2134 2146 0
350 31354 31418 0
351 125140 125151 0
352 2076 2137 0
353 2061 2145 0
354 125100 125162 0
355 125112 125120 0
356 31387 31416 0
357 2058 2066 0
358 2064 2105 0
359 11 53 0
360 500176 500171 0
361 4 74 0
362 57 95 0
363 14 65 0
364 500112 500138 0
365 77 100 0
366 500185 500166 0
367 125112 125124 0
368 31394 31445 0
369 500146 500139 0
370 500194 500190 0
371 500126 500146 0
372 1 19 0
373 500122 500198 0
374 500163 500144 0
375 12 44 0
376 31358 31384 0
377 500144 500144 0
378 125124 125174 0
379 31405 31405 0
380 25 97 0
381 17 70 0
382 32 62 0
383 11 31 0
384 250133 250122 0
385 500154 500170 0
386 500135 500157 0
387 56 69 0
388 250109 250170 0
389 9 83 0
390 500127 500162 0
391 8 82 0
392 500126 500105 0
393 500145 500151 0
394 500186 500185 0
395 500180 500161 0
396 500103 500156 0
397 500130 500174 0
398 31358 31383 0
399 31354 31373 0
--------------
1000000 :c
1004442 :sum(p)
999996 :sum(w)
