400 :n
id p,w,x
--------------
0 4088 4018 1
1 4093 4039 1
2 69 47 1
3 31 5 1
4 89 19 1
5 32 16 1
6 77 24 1
7 68 5 1
8 97 39 1
9 4061 4023 1
10 76 9 1
11 87 4 1
12 90 53 1
13 84 39 1
14 98 82 1
15 87 9 1
16 91 2 1
17 68 1 1
18 4096 4056 1
19 4102 4041 1
20 8010 7938 1
21 4078 4036 1
22 2150 2086 1
23 2150 2063 1
24 2087 2064 1
25 2113 2086 1
26 2139 2063 1
27 2135 2080 1
28 2094 2073 1
29 4104 4044 1
30 2099 2075 1
31 2145 2114 1
32 2109 2063 1
33 2108 2061 1
34 2129 2105 1
35 2136 2095 1
36 2088 2067 1
37 4067 4024 1
38 4106 4020 1
39 4103 4054 1
40 4052 4009 1
41 4057 4016 1
42 4096 4058 1
43 7979 7927 1
44 7989 7956 1
45 7983 7937 1
46 7948 7920 1
47 7973 7945 1
48 4044 4012 1
49 4090 4055 1
50 15805 15730 1
51 15807 15739 1
52 7972 7928 1
53 4086 4060 1
54 2136 2118 1
55 7971 7937 1
56 15822 15759 1
57 15825 15736 1
58 7991 7942 1
59 4088 4056 1
60 15797 15742 1
61 4075 4041 1
62 4043 4024 1
63 15820 15759 1
64 8004 7968 1
65 7965 7932 1
66 8007 7936 1
67 7974 7933 1
68 7961 7918 1
69 32 20 1
70 15 14 1
71 92 90 1
72 2133 2121 1
73 2139 2127 1
74 4103 4086 1
75 2106 2098 1
76 4084 4070 1
77 7957 7930 1
78 7954 7928 1
79 15815 15765 1
80 15805 15757 1
81 15810 15767 1
82 7954 7933 1
83 15809 15768 1
84 4098 4088 0
85 8003 7984 1
86 15813 15776 1
87 15799 15763 1
88 31439 31372 1
89 2140 2136 0
90 15793 15765 1
91 31419 31367 1
92 31438 31388 1
93 31411 31363 1
94 4034 4028 1
95 31406 31360 1
96 31399 31356 1
97 31433 31390 1
98 62693 62613 1
99 31435 31397 1
100 62684 62614 1
101 31385 31352 1
102 85 75 1
103 62684 62601 1
104 15792 15726 1
105 31398 31361 1
106 15800 15784 0
107 31408 31377 0
108 31450 31432 0
109 79 98 0
110 500192 500144 0
111 62684 62625 0
112 15770 15756 0
113 62685 62630 0
114 62672 62622 0
115 7988 7982 1
116 2132 2135 0
117 4078 4075 0
118 62649 62605 0
119 31436 31414 0
120 15736 15727 0
121 15794 15785 0
122 62659 62624 0
123 15778 15771 0
124 31394 31381 0
125 31415 31403 0
126 62663 62640 0
127 62686 62664 0
128 15756 15752 0
129 7917 7915 0
130 4078 4077 0
131 15774 15771 0
132 15731 15729 0
133 7944 7943 0
134 4042 4043 0
135 7965 7968 0
136 7924 7928 0
137 4086 4090 0
138 4065 4069 0
139 2093 2100 0
140 73 77 0
141 54 58 1
142 69 79 0
143 70 81 0
144 62 75 0
145 51 65 0
146 39 51 0
147 250198 250111 0
148 250191 250115 0
149 125174 125110 0
150 125170 125108 0
151 125169 125136 0
152 125193 125124 0
153 125169 125104 0
154 125193 125126 0
155 125186 125117 0
156 125151 125115 0
157 125169 125108 0
158 125184 125120 0
159 250190 250109 0
160 125196 125163 0
161 125193 125132 0
162 250171 250105 0
163 250185 250117 0
164 250186 250112 0
165 125177 125131 0
166 250185 250102 0
167 125175 125130 0
168 125197 125147 0
169 125162 125106 0
170 31396 31428 0
171 31420 31439 0
172 31426 31441 0
173 31431 31436 0
174 31367 31450 0
175 62664 62674 0
176 62665 62697 0
177 62606 62648 0
178 31397 31426 0
179 31352 31396 0
180 62603 62668 0
181 31381 31437 0
182 62623 62682 0
183 62604 62690 0
184 62635 62638 0
185 62699 62687 0
186 31353 31433 0
187 62628 62672 0
188 31425 31446 0
189 31365 31417 0
190 62605 62610 0
191 62635 62624 0
192 31401 31436 0
193 62649 62665 0
194 62659 62672 0
195 31426 31431 0
196 31356 31402 0
197 31376 31403 0
198 31359 31372 0
199 62656 62643 0
200 62634 62663 0
201 15733 15802 0
202 15738 15757 0
203 15754 15780 0
204 15739 15798 0
205 62666 62671 0
206 15744 15802 0
207 15738 15738 0
208 15741 15795 0
209 62623 62646 0
210 125150 125160 0
211 125108 125153 0
212 125115 125114 0
213 125133 125142 0
214 15776 15800 0
215 125177 125194 0
216 15758 15792 0
217 125118 125105 0
218 125140 125120 0
219 15779 15809 0
220 125132 125165 0
221 125182 125195 0
222 125138 125152 0
223 125153 125178 0
224 125175 125179 0
225 15763 15812 0
226 15728 15760 0
227 125103 125196 0
228 125140 125183 0
229 62625 62610 0
230 125149 125163 0
231 15784 15798 0
232 15733 15773 0
233 125135 125140 0
234 31416 31419 0
235 15765 15819 0
236 15751 15757 0
237 15730 15800 0
238 15759 15761 0
239 125140 125130 0
240 125112 125120 0
241 125144 125116 0
242 7945 7960 0
243 7924 7948 0
244 31415 31411 0
245 31367 31445 0
246 7961 7988 0
247 7960 7993 0
248 125155 125192 0
249 125195 125191 0
250 7916 7928 0
251 7932 7992 0
252 7923 7991 0
253 7914 7938 0
254 125182 125187 0
255 31400 31399 0
256 7944 7957 0
257 31382 31424 0
258 125138 125148 0
259 7941 7979 0
260 125138 125145 0
261 250129 250177 0
262 250147 250184 0
263 7952 7986 0
264 250159 250105 0
265 250148 250147 0
266 250114 250126 0
267 250155 250128 0
268 250192 250177 0
269 7943 7971 0
270 7934 7974 0
271 7933 7963 0
272 250167 250157 0
273 7969 7985 0
274 7982 7999 0
275 250179 250165 0
276 250133 250172 0
277 7922 7998 0
278 250187 250128 0
279 4017 4050 0
280 250161 250106 0
281 4008 4085 0
282 250124 250128 0
283 4082 4094 0
284 250189 250135 0
285 31405 31443 0
286 250145 250182 0
287 250163 250167 0
288 250176 250159 0
289 62647 62640 0
290 4028 4039 0
291 250129 250171 0
292 250184 250169 0
293 31351 31444 0
294 250138 250118 0
295 4035 4065 0
296 250109 250131 0
297 250104 250121 0
298 250132 250114 0
299 31406 31419 0
300 4058 4088 0
301 4075 4105 0
302 4059 4093 0
303 4041 4074 0
304 250176 250196 0
305 250120 250135 0
306 250119 250106 0
307 250118 250109 0
308 250119 250143 0
309 250121 250167 0
310 250127 250141 0
311 250174 250183 0
312 250103 250181 0
313 250129 250133 0
314 500174 500108 0
315 500195 500111 0
316 4081 4097 0
317 4009 4028 0
318 4018 4054 0
319 2115 2135 0
320 2103 2132 0
321 2074 2096 0
322 2118 2147 0
323 500180 500167 0
324 500156 500178 0
325 500175 500144 0
326 500171 500196 0
327 500105 500188 0
328 500193 500186 0
329 500144 500166 0
330 500169 500148 0
331 500158 500200 0
332 31368 31440 0
333 2056 2126 0
334 500105 500199 0
335 500142 500179 0
336 2094 2117 0
337 500114 500135 0
338 2070 2126 0
339 2061 2093 0
340 2088 2122 0
341 500192 500141 0
342 2106 2143 0
343 2066 2139 0
344 2101 2144 0
345 62633 62639 0
346 2112 2141 0
347 2094 2108 0
348 2081 2103 0
349 500171 500103 0
350 2084 2134 0
351 2111 2133 0
352 500135 500149 0
353 500126 500185 0
354 500176 500131 0
355 500189 500122 0
356 2106 2137 0
357 2067 2149 0
358 500136 500146 0
359 37 90 0
360 500140 500113 0
361 62605 62633 0
362 500120 500180 0
363 500187 500109 0
364 500104 500133 0
365 500186 500177 0
366 36 54 0
367 62668 62653 0
368 2 24 0
369 62693 62690 0
370 63 87 0
371 11 69 0
372 6 73 0
373 62615 62697 0
374 7 92 0
375 500127 500123 0
376 500144 500104 0
377 500147 500165 0
378 500195 500170 0
379 500170 500156 0
380 500150 500118 0
381 62638 62657 0
382 500200 500117 0
383 62668 62690 0
384 500189 500139 0
385 67 90 0
386 500125 500132 0
387 62609 62658 0
388 24 85 0
389 500140 500143 0
390 500128 500154 0
391 500173 500185 0
392 3 81 0
393 41 60 0
394 500175 500129 0
395 22 66 0
396 1 68 0
397 62625 62647 0
398 62610 62657 0
399 62630 62658 0
--------------
1000000 :c
1004487 :sum(p)
1000000 :sum(w)
