400 :n
id p,w,x
--------------
0 64 4 1
1 55 4 1
2 90 17 1
3 74 15 1
4 65 14 1
5 79 19 1
6 55 15 1
7 75 21 1
8 35 12 1
9 64 25 1
10 85 41 1
11 93 45 1
12 70 39 1
13 48 28 1
14 65 38 1
15 70 42 1
16 15 10 1
17 67 50 1
18 95 74 1
19 46 40 1
20 40 37 1
21 2142 2054 1
22 2150 2062 1
23 2141 2056 1
24 2152 2074 1
25 2140 2064 1
26 2149 2077 1
27 2148 2084 1
28 2114 2056 1
29 2142 2084 1
30 2152 2096 1
31 39 38 1
32 2130 2077 1
33 2133 2080 1
34 4097 4010 1
35 100 98 1
36 2123 2081 1
37 2126 2084 1
38 4099 4022 1
39 2141 2103 1
40 2136 2099 1
41 4092 4028 1
42 2131 2098 1
43 4088 4034 1
44 4073 4021 1
45 2107 2082 1
46 4090 4046 1
47 4075 4034 1
48 4087 4046 1
49 4097 4057 1
50 7993 7921 1
51 8006 7939 1
52 4088 4055 1
53 2113 2097 1
54 2146 2130 1
55 2100 2085 1
56 7980 7925 1
57 2111 2098 1
58 4083 4058 1
59 15816 15728 1
60 4040 4020 1
61 4041 4021 1
62 2075 2065 1
63 15803 15731 1
64 4069 4052 1
65 4106 4089 1
66 7995 7962 1
67 15813 15748 1
68 4092 4076 1
69 7998 7969 1
70 15796 15741 1
71 15798 15748 1
72 4091 4079 1
73 7939 7916 1
74 8004 7981 1
75 15821 15776 1
76 15825 15781 1
77 4077 4067 1
78 31428 31351 1
79 15769 15731 1
80 15803 15766 1
81 15817 15780 1
82 15783 15748 1
83 15816 15782 1
84 7937 7920 1
85 7950 7933 1
86 8000 7984 1
87 31424 31365 1
88 31425 31366 1
89 2140 2136 1
90 15749 15731 1
91 4094 4024 1
92 7996 7982 1
93 31432 31379 1
94 7961 7948 1
95 31401 31355 1
96 15780 15759 1
97 31447 31409 1
98 31407 31369 1
99 31423 31393 1
100 62685 62629 1
101 7980 7970 1
102 8009 7999 1
103 4036 4031 1
104 4087 4082 1
105 4057 4053 1
106 2112 2110 1
107 31404 31376 1
108 15813 15784 1
109 62682 62603 1
110 7942 7933 1
111 15806 15792 1
112 62700 62649 0
113 31420 31396 1
114 62697 62666 0
115 31443 31422 0
116 125159 125102 0
117 31441 31417 0
118 7942 7936 1
119 7969 7963 1
120 7962 7957 1
121 15769 15797 0
122 125197 125115 0
123 62668 62629 0
124 62684 62645 0
125 125182 125106 0
126 62692 62656 0
127 31378 31360 0
128 31411 31393 0
129 62697 62662 0
130 62681 62647 0
131 125173 125109 0
132 125172 125109 0
133 62660 62629 0
134 125186 125126 0
135 62636 62606 0
136 62673 62644 0
137 8 48 0
138 15811 15818 0
139 15775 15768 1
140 125158 125106 0
141 62644 62619 0
142 62686 62661 0
143 31407 31395 0
144 15756 15750 0
145 7938 7935 0
146 125167 125122 0
147 125198 125153 0
148 250200 250116 0
149 125170 125130 0
150 250190 250115 0
151 250172 250101 0
152 250193 250123 0
153 250196 250126 0
154 125158 125123 0
155 125183 125148 0
156 125179 125145 0
157 250171 250106 0
158 62666 62650 0
159 15766 15762 0
160 62626 62611 0
161 62671 62656 0
162 125151 125123 0
163 125159 125132 0
164 62621 62608 0
165 31391 31385 0
166 31407 31401 0
167 250187 250140 0
168 250175 250132 0
169 125188 125167 0
170 31426 31421 0
171 250181 250143 0
172 250147 250111 0
173 125127 125109 0
174 125132 125114 0
175 62627 62618 0
176 250145 250113 0
177 125124 125108 0
178 62685 62677 0
179 31400 31396 0
180 125199 125184 0
181 250172 250143 0
182 250129 250104 0
183 125149 125137 0
184 250159 250138 0
185 250198 250177 0
186 250125 250105 0
187 125172 125162 0
188 62614 62609 0
189 125131 125123 0
190 31358 31356 0
191 250110 250102 0
192 31395 31394 0
193 31442 31441 0
194 31445 31444 0
195 250169 250162 0
196 62682 62681 0
197 250139 250137 0
198 2068 2068 0
199 7913 7913 0
200 4043 4043 1
201 125113 125113 0
202 125149 125150 0
203 250184 250189 0
204 250174 250180 0
205 62663 62665 0
206 250190 250199 0
207 125104 125109 0
208 125115 125121 0
209 250178 250193 0
210 15799 15800 0
211 250105 250121 0
212 125125 125135 0
213 250121 250141 0
214 250113 250135 0
215 250143 250166 0
216 31394 31397 0
217 125187 125199 0
218 125103 125115 0
219 125141 125155 0
220 125112 125127 0
221 250121 250151 0
222 62670 62678 0
223 125111 125127 0
224 250153 250189 0
225 125147 125166 0
226 31359 31364 0
227 125105 125125 0
228 125102 125122 0
229 250131 250173 0
230 250108 250152 0
231 250129 250174 0
232 250139 250185 0
233 250119 250166 0
234 250104 250161 0
235 125144 125173 0
236 62656 62671 0
237 62617 62632 0
238 125142 125172 0
239 250119 250179 0
240 250123 250184 0
241 250114 250175 0
242 7932 7934 0
243 31384 31392 0
244 62624 62641 0
245 250122 250193 0
246 31400 31409 0
247 31393 31402 0
248 15731 15736 0
249 31387 31397 0
250 250101 250185 0
251 62641 62663 0
252 125152 125196 0
253 62628 62654 0
254 31390 31404 0
255 62637 62665 0
256 62614 62643 0
257 62664 62694 0
258 62636 62667 0
259 62618 62651 0
260 31354 31371 0
261 125106 125177 0
262 62650 62689 0
263 7925 7930 0
264 7916 7921 0
265 31383 31404 0
266 31356 31377 0
267 4066 4069 1
268 7991 7997 0
269 31382 31406 0
270 15735 15748 0
271 31362 31388 0
272 62634 62686 0
273 7977 7984 0
274 7925 7932 0
275 15804 15818 0
276 62640 62697 0
277 7959 7967 0
278 7982 7992 0
279 4021 4030 0
280 2072 2077 0
281 4063 4074 0
282 4067 4081 0
283 4031 4046 0
284 2109 2117 0
285 2070 2080 0
286 2059 2072 0
287 83 84 0
288 73 79 0
289 70 76 0
290 83 99 0
291 46 55 0
292 500135 500165 0
293 500152 500138 0
294 500134 500179 0
295 500157 500199 0
296 500137 500138 0
297 500186 500168 0
298 500193 500141 0
299 500146 500161 0
300 500191 500137 0
301 500126 500151 0
302 500103 500184 0
303 500156 500126 0
304 500108 500110 0
305 500127 500166 0
306 500189 500194 0
307 500141 500168 0
308 500143 500130 0
309 500179 500116 0
310 500104 500136 0
311 500151 500129 0
312 500152 500105 0
313 500183 500104 0
314 500103 500131 0
315 500194 500186 0
316 500113 500198 0
317 500106 500112 0
318 500108 500142 0
319 500112 500193 0
320 500134 500185 0
321 500154 500152 0
322 500128 500188 0
323 500103 500134 0
324 500111 500169 0
325 500147 500167 0
326 500126 500191 0
327 500130 500190 0
328 500164 500153 0
329 500175 500164 0
330 500105 500154 0
331 500184 500184 0
332 2083 2120 0
333 4047 4072 0
334 2067 2094 0
335 7917 8009 0
336 7947 8007 0
337 2085 2129 0
338 7971 7997 0
339 4080 4097 0
340 2105 2144 0
341 4020 4047 0
342 7961 8011 0
343 4054 4098 0
344 2073 2110 0
345 7963 7995 0
346 2063 2096 0
347 7947 7969 0
348 7975 7992 0
349 7935 8004 0
350 7936 7956 0
351 7918 7997 0
352 7927 8005 0
353 2118 2151 0
354 7926 7976 0
355 4036 4083 0
356 2124 2153 0
357 15795 15822 0
358 2059 2146 0
359 15732 15771 0
360 15760 15815 0
361 15776 15813 0
362 23 92 0
363 4039 4067 0
364 15727 15754 0
365 15733 15800 0
366 15727 15811 0
367 15726 15783 0
368 15753 15811 0
369 38 68 0
370 20 45 0
371 4010 4098 0
372 11 83 0
373 15749 15824 0
374 20 69 0
375 15733 15808 0
376 39 83 0
377 4063 4096 0
378 15788 15821 0
379 8 77 0
380 15732 15803 0
381 44 93 0
382 15781 15816 0
383 15763 15778 0
384 33 94 0
385 38 78 0
386 48 71 0
387 31385 31439 0
388 31373 31447 0
389 31367 31411 0
390 31384 31442 0
391 4018 4086 0
392 31361 31402 0
393 62618 62696 0
394 2121 2141 0
395 4013 4030 0
396 62615 62677 0
397 62605 62700 0
398 4016 4060 0
399 4037 4056 0
--------------
1000000 :c
1004335 :sum(p)
999998 :sum(w)
