400 :n
id p,w,x
--------------
0 7965 7915 1
1 7980 7915 1
2 2143 2087 1
3 4045 4024 1
4 2144 2105 1
5 4078 4028 1
6 4076 4008 1
7 90 12 1
8 4055 4012 1
9 2130 2088 1
10 2098 2061 1
11 2151 2114 1
12 64 50 1
13 2118 2066 1
14 4102 4054 1
15 43 4 1
16 2101 2077 1
17 63 39 1
18 4075 4037 1
19 53 12 1
20 7986 7930 1
21 2102 2079 1
22 2091 2060 1
23 4095 4039 1
24 4094 4018 1
25 72 46 1
26 15816 15729 1
27 2150 2066 1
28 2109 2082 1
29 99 21 1
30 15818 15755 1
31 4031 4010 1
32 7993 7939 1
33 7996 7918 1
34 7993 7926 1
35 15816 15746 1
36 2142 2060 1
37 62 1 1
38 2085 2058 1
39 7995 7933 1
40 7979 7929 1
41 82 23 1
42 97 61 1
43 7975 7917 1
44 88 11 1
45 96 43 1
46 78 5 1
47 31449 31353 1
48 7 1 1
49 9 4 1
50 24 12 1
51 69 59 1
52 2125 2110 1
53 2130 2121 1
54 2149 2140 1
55 4031 4015 1
56 2078 2070 1
57 2101 2094 1
58 2143 2136 1
59 4081 4068 1
60 15819 15769 1
61 15796 15751 1
62 15803 15758 1
63 15824 15779 1
64 7997 7975 1
65 15768 15726 1
66 7987 7967 1
67 2068 2063 1
68 15771 15733 1
69 7982 7963 1
70 7984 7965 1
71 31429 31361 1
72 7939 7922 1
73 31447 31383 1
74 4040 4033 1
75 15794 15767 1
76 31421 31369 1
77 7988 7975 1
78 15796 15771 1
79 15811 15786 1
80 31417 31369 1
81 15783 15759 1
82 4022 4016 1
83 4099 4093 1
84 31429 31384 1
85 15757 15735 1
86 15794 15773 1
87 15803 15783 1
88 15812 15792 1
89 15752 15726 1
90 62686 62609 1
91 31443 31406 1
92 31445 31408 1
93 62682 62610 0
94 15796 15779 1
95 60 38 1
96 31402 31364 1
97 62692 62626 1
98 31431 31398 1
99 125197 125181 0
100 62698 62692 0
101 7984 8009 0
102 53 95 0
103 7964 7956 1
104 7969 7961 1
105 31430 31399 0
106 4064 4060 1
107 4095 4091 1
108 4070 4089 0
109 62695 62638 0
110 15752 15738 0
111 62665 62610 0
112 62680 62626 0
113 31399 31373 0
114 15748 15735 0
115 15751 15738 0
116 15764 15751 1
117 125197 125102 0
118 15816 15804 0
119 125190 125105 0
120 62666 62625 0
121 62661 62621 0
122 62691 62653 0
123 125189 125114 0
124 15736 15727 0
125 31385 31368 0
126 4012 4010 1
127 2082 2081 0
128 125197 125137 0
129 62696 62666 0
130 31432 31417 0
131 125164 125111 0
132 31424 31411 0
133 125152 125102 0
134 62671 62646 0
135 62640 62617 0
136 62665 62642 0
137 62657 62635 0
138 62679 62658 0
139 250198 250115 0
140 250198 250123 0
141 125149 125113 0
142 250172 250108 0
143 250164 250102 0
144 125140 125112 0
145 31367 31360 0
146 250187 250132 0
147 125194 125168 0
148 62639 62626 0
149 62646 62633 0
150 15737 15734 0
151 250156 250109 0
152 250194 250149 0
153 500187 500101 0
154 125142 125121 0
155 125155 125134 0
156 125179 125159 0
157 500184 500106 0
158 125118 125100 0
159 500179 500113 0
160 250173 250140 0
161 62665 62657 0
162 15763 15761 0
163 500200 500141 0
164 250195 250167 0
165 250158 250131 0
166 250182 250157 0
167 250200 250177 0
168 500164 500119 0
169 125156 125145 0
170 125196 125185 0
171 500162 500120 0
172 250200 250179 0
173 500192 500153 0
174 250162 250144 0
175 125174 125165 0
176 500142 500107 0
177 500179 500145 0
178 250146 250130 0
179 31374 31372 0
180 250156 250141 0
181 500200 500171 0
182 250173 250159 0
183 125113 125106 0
184 62629 62626 0
185 500132 500111 0
186 125161 125156 0
187 125189 125184 0
188 500149 500133 0
189 250138 250130 0
190 31373 31372 0
191 31415 31414 0
192 500123 500110 0
193 250179 250173 0
194 500175 500165 0
195 250191 250187 0
196 125126 125124 0
197 500123 500118 0
198 125148 125147 0
199 500180 500177 0
200 250148 250148 0
201 250124 250124 0
202 250109 250110 0
203 500133 500135 0
204 500107 500109 0
205 125113 125114 0
206 500146 500153 0
207 62645 62646 0
208 125183 125185 0
209 500190 500200 0
210 125132 125135 0
211 125127 125130 0
212 250186 250192 0
213 500106 500118 0
214 31443 31444 0
215 62680 62682 0
216 125156 125160 0
217 250159 250167 0
218 250121 250129 0
219 500156 500175 0
220 125150 125155 0
221 250103 250114 0
222 500145 500167 0
223 500136 500159 0
224 125160 125166 0
225 250171 250183 0
226 500149 500174 0
227 500161 500187 0
228 500107 500138 0
229 500107 500140 0
230 500103 500140 0
231 500117 500155 0
232 500139 500178 0
233 500121 500164 0
234 62654 62660 0
235 62619 62625 0
236 500112 500163 0
237 250149 250176 0
238 125173 125188 0
239 250128 250158 0
240 500131 500192 0
241 500127 500191 0
242 250128 250162 0
243 62639 62648 0
244 250148 250186 0
245 500104 500180 0
246 500113 500190 0
247 500120 500200 0
248 500110 500200 0
249 500104 500197 0
250 15751 15754 0
251 62653 62665 0
252 250108 250156 0
253 250126 250178 0
254 250113 250166 0
255 250109 250172 0
256 31394 31402 0
257 62631 62647 0
258 125146 125178 0
259 250118 250182 0
260 250115 250179 0
261 62673 62690 0
262 250107 250181 0
263 250108 250186 0
264 31438 31448 0
265 62652 62673 0
266 125108 125150 0
267 31384 31395 0
268 62643 62665 0
269 125129 125176 0
270 125109 125160 0
271 31364 31377 0
272 62616 62642 0
273 125112 125164 0
274 31403 31417 0
275 7966 7970 0
276 125104 125168 0
277 125125 125192 0
278 31352 31369 0
279 31407 31425 0
280 62602 62638 0
281 125100 125174 0
282 62614 62652 0
283 125106 125191 0
284 125105 125192 0
285 15739 15750 0
286 62618 62663 0
287 62602 62647 0
288 31422 31445 0
289 4026 4029 0
290 31402 31430 0
291 62638 62698 0
292 31417 31449 0
293 62602 62669 0
294 31385 31420 0
295 31355 31390 0
296 62612 62686 0
297 62614 62689 0
298 4096 4101 0
299 4079 4084 0
300 62605 62683 0
301 31371 31413 0
302 7937 7948 0
303 4030 4036 0
304 15783 15810 0
305 31381 31437 0
306 31352 31412 0
307 31356 31418 0
308 15768 15800 0
309 15774 15807 0
310 7980 7999 0
311 31371 31450 0
312 31358 31437 0
313 31353 31436 0
314 7927 7950 0
315 7917 7940 0
316 7981 8005 0
317 7964 7988 0
318 31352 31449 0
319 7967 7992 0
320 15756 15807 0
321 2064 2071 0
322 2091 2099 0
323 2110 2119 0
324 2111 2122 0
325 97 98 0
326 71 76 0
327 69 76 0
328 60 71 0
329 4027 4070 0
330 4018 4098 0
331 4016 4097 0
332 4051 4092 0
333 4075 4092 0
334 2097 2122 0
335 4073 4095 0
336 2068 2106 0
337 2112 2141 0
338 4014 4077 0
339 4052 4078 0
340 4007 4023 0
341 4009 4106 0
342 2062 2095 0
343 4024 4068 0
344 2073 2139 0
345 4036 4077 0
346 2083 2116 0
347 4048 4103 0
348 2109 2124 0
349 4056 4090 0
350 2112 2148 0
351 7917 7953 0
352 2102 2123 0
353 2085 2153 0
354 2107 2130 0
355 7963 8010 0
356 2055 2153 0
357 2113 2125 0
358 7926 7970 0
359 7917 7990 0
360 82 99 0
361 20 63 0
362 7939 8009 0
363 7934 7993 0
364 7 65 0
365 18 62 0
366 34 94 0
367 29 88 0
368 7930 8004 0
369 4033 4090 0
370 7915 7985 0
371 1 76 0
372 73 88 0
373 7920 7976 0
374 7947 7982 0
375 7955 8007 0
376 7920 7958 0
377 4056 4095 0
378 41 77 0
379 2 87 0
380 7961 8005 0
381 57 77 0
382 2059 2140 0
383 2092 2126 0
384 30 55 0
385 23 61 0
386 7940 7985 0
387 15744 15817 0
388 10 93 0
389 38 87 0
390 15753 15812 0
391 15747 15811 0
392 15734 15800 0
393 27 41 0
394 15740 15818 0
395 15750 15821 0
396 15727 15783 0
397 53 83 0
398 4028 4078 0
399 4024 4052 0
--------------
1000000 :c
1003865 :sum(p)
999999 :sum(w)
