400 :n
id p,w,x
--------------
0 46 1 1
1 28 3 1
2 77 16 1
3 65 18 1
4 100 37 1
5 88 39 1
6 83 38 1
7 28 13 1
8 93 47 1
9 96 49 1
10 78 40 1
11 66 37 1
12 99 57 1
13 56 34 1
14 65 43 1
15 48 34 1
16 36 29 1
17 46 39 1
18 21 18 0
19 24 21 1
20 90 82 1
21 2136 2058 1
22 2129 2056 1
23 60 58 1
24 2136 2066 1
25 2119 2065 1
26 2110 2062 1
27 2135 2089 1
28 4098 4018 1
29 2110 2069 1
30 4103 4027 1
31 2127 2089 1
32 4078 4008 1
33 2122 2087 1
34 4077 4010 1
35 4092 4025 1
36 2111 2082 1
37 4057 4009 1
38 2138 2115 1
39 2140 2117 1
40 4056 4019 1
41 2142 2123 1
42 4071 4035 1
43 4087 4051 1
44 2128 2111 1
45 7990 7928 1
46 7980 7921 1
47 2102 2087 1
48 7988 7933 1
49 4077 4049 1
50 2116 2102 1
51 2140 2127 1
52 4078 4054 1
53 8004 7957 1
54 7969 7923 1
55 4035 4013 1
56 7965 7923 1
57 2089 2078 1
58 15810 15727 1
59 8007 7965 1
60 4050 4029 1
61 7954 7917 1
62 15821 15752 1
63 7982 7948 1
64 8001 7968 1
65 7946 7914 1
66 15816 15753 1
67 7974 7943 1
68 7981 7952 1
69 7957 7929 1
70 2083 2076 1
71 15792 15742 1
72 2101 2095 1
73 4072 4061 1
74 15776 15734 1
75 31434 31351 1
76 7999 7978 1
77 15783 15743 1
78 31430 31351 1
79 15800 15761 1
80 15794 15758 1
81 4093 4084 1
82 7962 7946 1
83 15764 15733 1
84 7938 7923 1
85 15811 15782 1
86 31440 31383 1
87 15805 15777 1
88 31419 31365 1
89 31446 31392 1
90 31405 31352 1
91 31411 31361 1
92 15789 15771 1
93 15758 15735 1
94 7927 7916 1
95 7961 7951 1
96 4035 4030 1
97 31406 31368 1
98 62698 62629 1
99 31402 31368 1
100 31415 31381 1
101 52 15 1
102 62697 62605 1
103 62680 62614 0
104 62674 62609 1
105 62690 62631 0
106 62700 62646 0
107 15801 15788 1
108 62689 62649 0
109 7997 7991 1
110 4091 4089 1
111 31419 31396 0
112 31430 31407 0
113 62663 62619 0
114 62666 62619 0
115 125195 125109 0
116 31383 31362 0
117 15737 15767 0
118 31442 31448 0
119 125185 125109 0
120 31431 31413 0
121 125199 125132 0
122 62642 62609 0
123 15789 15781 0
124 62697 62666 0
125 2091 2090 0
126 62650 62626 0
127 7990 7987 1
128 62649 62626 0
129 62647 62628 0
130 62671 62653 0
131 31380 31371 0
132 62664 62648 0
133 62653 62638 0
134 31426 31419 0
135 15770 15767 0
136 62651 62640 0
137 62630 62620 0
138 7972 7971 0
139 54 54 0
140 7939 7942 0
141 2068 2069 0
142 4017 4021 0
143 2126 2129 0
144 4057 4067 0
145 4039 4050 0
146 2128 2134 0
147 2078 2084 0
148 4007 4023 0
149 2092 2101 0
150 2065 2074 0
151 2054 2067 0
152 2080 2095 0
153 66 78 0
154 23 28 0
155 9 11 0
156 40 49 0
157 14 27 0
158 250184 250105 0
159 250197 250126 0
160 250196 250114 0
161 125133 125101 0
162 125110 125107 0
163 31368 31364 0
164 125179 125167 0
165 125162 125157 0
166 250191 250169 0
167 250149 250121 0
168 250156 250137 0
169 250150 250141 0
170 250196 250191 0
171 250173 250152 0
172 250178 250168 0
173 500161 500135 0
174 500160 500131 0
175 500196 500153 0
176 500188 500145 0
177 500131 500124 0
178 500194 500157 0
179 500191 500159 0
180 500188 500126 0
181 500158 500112 0
182 500163 500114 0
183 500180 500144 0
184 500193 500164 0
185 500125 500103 0
186 125188 125178 0
187 62649 62643 0
188 125134 125130 0
189 125179 125172 0
190 125154 125128 0
191 500192 500109 0
192 250196 250150 0
193 250178 250129 0
194 125128 125108 0
195 250175 250123 0
196 250197 250128 0
197 125164 125109 0
198 500183 500118 0
199 250153 250110 0
200 500189 500125 0
201 125188 125172 0
202 250166 250111 0
203 250153 250121 0
204 250147 250112 0
205 125188 125149 0
206 125172 125125 0
207 125179 125115 0
208 250186 250149 0
209 31406 31414 0
210 15737 15786 0
211 15740 15781 0
212 15759 15808 0
213 15791 15815 0
214 15737 15762 0
215 31402 31410 0
216 15768 15812 0
217 31351 31357 0
218 31398 31409 0
219 15749 15773 0
220 15735 15761 0
221 62613 62637 0
222 15731 15812 0
223 62631 62665 0
224 15750 15809 0
225 62615 62618 0
226 62618 62618 0
227 15734 15763 0
228 15777 15816 0
229 15734 15808 0
230 15791 15815 0
231 62601 62695 0
232 15746 15782 0
233 15742 15821 0
234 15750 15817 0
235 62674 62693 0
236 15749 15778 0
237 15734 15823 0
238 15769 15803 0
239 62601 62669 0
240 62628 62685 0
241 62668 62682 0
242 62639 62660 0
243 62636 62674 0
244 62615 62691 0
245 62635 62680 0
246 7950 7993 0
247 7964 7997 0
248 15737 15750 0
249 62652 62652 0
250 7938 8005 0
251 62656 62682 0
252 62658 62693 0
253 7915 7998 0
254 62635 62645 0
255 62639 62642 0
256 7942 7973 0
257 7965 7990 0
258 7933 8009 0
259 62634 62669 0
260 62620 62639 0
261 7932 7951 0
262 125163 125162 0
263 125112 125121 0
264 7931 7996 0
265 7946 7958 0
266 7977 8003 0
267 125158 125171 0
268 125136 125155 0
269 125123 125198 0
270 7928 7978 0
271 7958 7990 0
272 7941 7985 0
273 125154 125198 0
274 125125 125163 0
275 7939 8009 0
276 7927 8011 0
277 7923 7959 0
278 125181 125198 0
279 4020 4085 0
280 4064 4098 0
281 4012 4035 0
282 31359 31395 0
283 125103 125127 0
284 4028 4069 0
285 4019 4076 0
286 4010 4085 0
287 4048 4081 0
288 4010 4027 0
289 4032 4091 0
290 4042 4106 0
291 4076 4105 0
292 4070 4105 0
293 125168 125169 0
294 4041 4101 0
295 125104 125197 0
296 15734 15767 0
297 125101 125155 0
298 125169 125182 0
299 125153 125198 0
300 125102 125105 0
301 125150 125199 0
302 125171 125184 0
303 4012 4037 0
304 125171 125179 0
305 4059 4103 0
306 4031 4082 0
307 125128 125160 0
308 4019 4093 0
309 125144 125191 0
310 4028 4096 0
311 31375 31375 0
312 4060 4078 0
313 31387 31430 0
314 125105 125152 0
315 125143 125185 0
316 125156 125199 0
317 250112 250160 0
318 250184 250184 0
319 2081 2108 0
320 250119 250132 0
321 250141 250155 0
322 250130 250127 0
323 250198 250200 0
324 31394 31407 0
325 2059 2137 0
326 2057 2089 0
327 250112 250123 0
328 31378 31447 0
329 15788 15797 0
330 31390 31440 0
331 2066 2132 0
332 250151 250155 0
333 2089 2116 0
334 250150 250179 0
335 2074 2094 0
336 250135 250162 0
337 250121 250186 0
338 250119 250134 0
339 2093 2147 0
340 250121 250172 0
341 250151 250185 0
342 250176 250184 0
343 31388 31399 0
344 2122 2144 0
345 2057 2118 0
346 250159 250190 0
347 31363 31424 0
348 250145 250193 0
349 2073 2136 0
350 250163 250164 0
351 31432 31443 0
352 250105 250122 0
353 250138 250157 0
354 250153 250164 0
355 2076 2109 0
356 500124 500198 0
357 31405 31444 0
358 500113 500109 0
359 50 74 0
360 31354 31435 0
361 500112 500200 0
362 31384 31442 0
363 27 98 0
364 46 95 0
365 500132 500138 0
366 500163 500169 0
367 500122 500138 0
368 500138 500179 0
369 500148 500189 0
370 5 56 0
371 500150 500152 0
372 31397 31439 0
373 500101 500130 0
374 5 86 0
375 22 78 0
376 500151 500151 0
377 500178 500185 0
378 31425 31429 0
379 500102 500197 0
380 21 64 0
381 500150 500183 0
382 31361 31433 0
383 31363 31439 0
384 500101 500192 0
385 500119 500176 0
386 16 88 0
387 19 51 0
388 24 92 0
389 500166 500196 0
390 500171 500198 0
391 500116 500118 0
392 500143 500176 0
393 500106 500142 0
394 500148 500200 0
395 500129 500186 0
396 18 81 0
397 500104 500146 0
398 31354 31416 0
399 31353 31408 0
--------------
1000000 :c
1003957 :sum(p)
999999 :sum(w)
