400 :n
id p,w,x
--------------
0 4078 4054 1
1 4104 4072 1
2 15802 15744 1
3 2108 2085 1
4 2140 2075 1
5 15807 15742 1
6 7977 7920 1
7 15789 15743 1
8 95 6 1
9 2132 2086 1
10 2142 2100 1
11 46 24 1
12 98 31 1
13 15781 15741 1
14 7988 7938 1
15 2131 2084 1
16 15819 15741 1
17 15806 15735 1
18 2133 2102 1
19 90 20 1
20 7994 7962 1
21 2133 2108 1
22 2144 2101 1
23 7957 7926 1
24 15809 15767 1
25 7981 7913 1
26 7968 7938 1
27 2152 2075 1
28 7978 7925 1
29 2147 2070 1
30 2087 2065 1
31 7965 7922 1
32 40 13 1
33 4062 4015 1
34 96 26 1
35 2138 2082 1
36 7969 7939 1
37 69 7 1
38 2119 2090 1
39 7999 7951 1
40 71 50 1
41 2119 2070 1
42 65 29 1
43 8006 7928 1
44 2133 2060 1
45 8004 7925 1
46 36 8 1
47 8000 7925 1
48 71 8 1
49 4093 4023 1
50 94 64 1
51 4095 4011 1
52 31443 31359 1
53 4075 4015 1
54 4101 4043 1
55 31429 31378 1
56 31444 31392 1
57 31444 31377 1
58 31434 31358 1
59 31441 31374 1
60 46 32 1
61 20 14 1
62 52 38 1
63 73 59 1
64 80 65 1
65 70 58 1
66 95 84 1
67 21 19 0
68 69 63 1
69 96 91 1
70 4041 4023 1
71 2136 2128 1
72 4093 4079 1
73 7983 7961 1
74 4036 4025 1
75 7979 7959 1
76 4024 4017 1
77 15785 15759 1
78 15792 15766 1
79 15811 15785 1
80 15759 15735 1
81 7995 7983 0
82 31439 31394 1
83 62697 62610 1
84 62698 62616 1
85 8004 7995 0
86 15771 15754 0
87 62696 62631 1
88 15764 15748 0
89 62666 62605 1
90 15802 15763 1
91 31406 31360 1
92 62675 62614 1
93 31434 31404 1
94 62682 62625 0
95 62678 62657 0
96 79 83 0
97 58 69 0
98 62670 62613 0
99 15804 15790 1
100 31420 31393 0
101 62648 62603 0
102 62670 62625 0
103 125184 125100 0
104 2079 2081 0
105 62666 62626 0
106 31400 31380 0
107 7937 7932 0
108 7954 7949 0
109 7992 7987 0
110 125188 125113 0
111 15740 15731 0
112 62654 62620 0
113 8001 7997 0
114 2138 2137 1
115 31440 31426 0
116 15739 15734 0
117 7969 7967 0
118 15775 15772 0
119 2135 2135 0
120 4018 4018 0
121 4069 4069 0
122 4015 4015 0
123 4058 4058 0
124 8 8 0
125 7922 7923 0
126 4077 4078 0
127 4018 4019 0
128 4055 4058 0
129 2110 2112 0
130 2134 2137 0
131 4065 4071 0
132 4060 4067 0
133 2136 2142 0
134 2106 2112 0
135 2055 2061 0
136 2068 2076 0
137 47 52 0
138 6 15 0
139 62637 62607 0
140 125142 125115 0
141 125172 125143 0
142 125144 125115 0
143 125177 125122 0
144 31418 31408 0
145 125160 125113 0
146 125174 125120 0
147 250150 250102 0
148 125160 125122 0
149 31375 31366 0
150 62619 62604 0
151 125154 125124 0
152 62630 62610 0
153 250169 250105 0
154 62642 62645 0
155 125166 125173 0
156 125134 125135 0
157 125133 125116 0
158 125116 125120 0
159 125166 125176 0
160 125154 125168 0
161 31401 31399 0
162 125146 125128 0
163 125176 125174 0
164 125151 125141 0
165 125163 125162 0
166 250152 250143 0
167 250188 250153 0
168 250198 250189 0
169 250189 250158 0
170 62614 62620 0
171 250160 250114 0
172 250200 250192 0
173 250150 250182 0
174 250174 250151 0
175 250178 250192 0
176 250143 250159 0
177 250116 250106 0
178 250136 250153 0
179 250144 250159 0
180 125156 125169 0
181 250161 250159 0
182 250146 250171 0
183 250132 250157 0
184 250191 250170 0
185 250105 250106 0
186 125141 125148 0
187 31355 31354 0
188 250146 250142 0
189 125135 125128 0
190 250191 250166 0
191 250114 250146 0
192 250138 250126 0
193 250194 250172 0
194 250102 250133 0
195 500195 500118 0
196 500128 500188 0
197 500169 500110 0
198 500113 500165 0
199 500134 500129 0
200 500115 500124 0
201 500137 500159 0
202 500101 500135 0
203 500183 500130 0
204 500184 500153 0
205 500114 500104 0
206 500146 500165 0
207 500149 500135 0
208 15771 15773 0
209 500132 500140 0
210 500183 500132 0
211 500199 500169 0
212 500141 500129 0
213 500196 500194 0
214 500192 500187 0
215 500156 500142 0
216 500148 500124 0
217 500114 500169 0
218 500121 500108 0
219 500143 500171 0
220 500140 500152 0
221 500188 500107 0
222 500170 500131 0
223 15809 15811 0
224 500163 500173 0
225 500184 500187 0
226 500178 500110 0
227 500142 500196 0
228 500120 500123 0
229 500155 500106 0
230 500150 500199 0
231 500151 500142 0
232 500155 500115 0
233 500138 500130 0
234 125170 125157 0
235 62662 62653 0
236 62603 62601 0
237 62656 62656 0
238 62616 62616 0
239 31373 31363 0
240 125176 125131 0
241 31376 31367 0
242 31368 31360 0
243 250197 250144 0
244 125160 125117 0
245 62622 62602 0
246 125159 125131 0
247 250191 250116 0
248 62625 62606 0
249 125185 125134 0
250 125170 125119 0
251 250189 250104 0
252 15736 15749 0
253 7958 7969 0
254 15777 15788 0
255 15742 15825 0
256 7956 7996 0
257 7949 8006 0
258 15779 15805 0
259 15735 15807 0
260 15726 15812 0
261 7988 7996 0
262 15752 15809 0
263 15735 15760 0
264 7948 8007 0
265 15753 15820 0
266 7950 8008 0
267 7954 7960 0
268 500113 500180 0
269 7940 7962 0
270 31409 31421 0
271 7959 7978 0
272 31359 31383 0
273 31358 31420 0
274 7925 7935 0
275 31352 31417 0
276 31354 31386 0
277 31372 31411 0
278 7915 8002 0
279 31407 31416 0
280 15780 15793 0
281 31358 31388 0
282 4019 4082 0
283 4083 4097 0
284 4032 4072 0
285 4043 4078 0
286 31352 31394 0
287 31379 31406 0
288 4015 4083 0
289 4016 4092 0
290 31374 31423 0
291 7938 7957 0
292 31380 31438 0
293 4046 4071 0
294 31394 31421 0
295 4026 4090 0
296 4019 4040 0
297 31394 31422 0
298 31394 31426 0
299 31419 31424 0
300 7935 8010 0
301 31373 31423 0
302 7979 7995 0
303 4071 4093 0
304 31420 31428 0
305 4018 4046 0
306 4049 4072 0
307 4066 4080 0
308 31365 31408 0
309 4032 4050 0
310 4067 4097 0
311 4076 4090 0
312 7959 7966 0
313 4019 4033 0
314 4032 4042 0
315 4040 4097 0
316 4052 4100 0
317 31432 31448 0
318 31375 31444 0
319 62612 62623 0
320 62641 62664 0
321 62669 62689 0
322 62640 62683 0
323 7950 7973 0
324 62602 62616 0
325 15770 15816 0
326 62619 62692 0
327 2060 2103 0
328 15738 15742 0
329 2068 2126 0
330 62622 62635 0
331 2056 2068 0
332 2062 2118 0
333 2069 2111 0
334 2085 2140 0
335 62636 62665 0
336 62638 62671 0
337 2115 2141 0
338 15732 15819 0
339 15732 15738 0
340 62610 62649 0
341 2070 2127 0
342 62629 62684 0
343 2083 2124 0
344 62614 62659 0
345 62634 62685 0
346 62633 62690 0
347 2055 2089 0
348 2099 2148 0
349 15806 15824 0
350 15771 15812 0
351 2078 2118 0
352 2063 2129 0
353 62643 62697 0
354 62620 62637 0
355 62624 62689 0
356 2092 2121 0
357 2130 2144 0
358 125116 125182 0
359 4 44 0
360 125155 125172 0
361 49 92 0
362 125104 125188 0
363 125133 125194 0
364 3 31 0
365 19 84 0
366 125109 125154 0
367 125166 125194 0
368 15787 15814 0
369 7913 7952 0
370 4 95 0
371 27 46 0
372 125116 125159 0
373 125114 125152 0
374 41 59 0
375 49 67 0
376 33 88 0
377 125105 125173 0
378 125107 125166 0
379 125118 125151 0
380 250128 250173 0
381 41 62 0
382 250141 250186 0
383 250124 250176 0
384 20 81 0
385 250119 250198 0
386 250123 250166 0
387 7 70 0
388 250138 250192 0
389 250122 250190 0
390 250112 250189 0
391 250155 250195 0
392 15751 15791 0
393 8 25 0
394 250107 250165 0
395 250139 250199 0
396 500130 500200 0
397 500104 500177 0
398 15739 15814 0
399 15792 15802 0
--------------
1000000 :c
1003966 :sum(p)
1000000 :sum(w)
