400 :n
id p,w,x
--------------
0 4052 4009 1
1 4100 4024 1
2 83 17 1
3 71 55 1
4 15823 15728 1
5 62 21 1
6 79 41 1
7 7961 7914 1
8 4070 4022 1
9 36 14 1
10 7998 7915 1
11 15820 15729 1
12 4086 4035 1
13 89 65 1
14 4078 4042 1
15 51 15 1
16 7997 7941 1
17 78 56 1
18 94 8 1
19 8002 7955 1
20 83 33 1
21 73 54 1
22 4086 4054 1
23 68 53 1
24 34 15 1
25 25 11 1
26 2147 2095 1
27 2105 2078 1
28 8011 7957 1
29 2110 2080 1
30 2147 2112 1
31 2143 2077 1
32 8011 7925 1
33 2151 2063 1
34 2121 2089 1
35 4094 4058 1
36 4104 4033 1
37 2145 2104 1
38 2098 2058 1
39 2116 2093 1
40 2146 2104 1
41 4103 4078 1
42 4097 4060 1
43 4103 4018 1
44 2131 2062 1
45 2120 2092 1
46 4104 4014 1
47 4104 4023 1
48 2104 2077 1
49 2126 2113 1
50 2091 2078 1
51 4106 4077 1
52 2113 2058 1
53 2144 2119 1
54 4063 4015 1
55 19 11 1
56 58 50 1
57 88 82 1
58 34 33 1
59 58 57 1
60 7982 7939 1
61 7970 7928 1
62 2095 2084 1
63 4083 4062 1
64 4094 4073 1
65 7984 7944 1
66 7981 7942 1
67 4051 4032 1
68 15806 15735 1
69 15821 15753 1
70 15824 15757 1
71 4046 4029 1
72 15800 15737 1
73 15812 15754 1
74 7942 7913 1
75 2137 2130 1
76 4020 4007 1
77 15819 15768 1
78 15788 15738 1
79 2080 2074 1
80 15780 15737 1
81 4067 4056 1
82 31434 31352 1
83 15809 15768 1
84 31442 31361 1
85 31437 31360 1
86 31428 31352 1
87 15803 15766 1
88 31431 31358 1
89 15770 15734 1
90 15778 15742 1
91 7989 7971 1
92 8009 7991 1
93 4028 4019 1
94 31445 31378 1
95 7997 7981 1
96 4042 4034 1
97 7929 7914 1
98 31439 31382 1
99 31445 31389 1
100 7948 7934 1
101 31422 31374 1
102 7985 7973 1
103 7961 7950 1
104 31448 31406 1
105 15800 15779 1
106 7952 7942 1
107 15749 15730 1
108 2076 2059 1
109 15814 15797 1
110 62689 62620 1
111 15766 15747 1
112 4086 4057 1
113 15768 15752 0
114 15804 15788 1
115 15814 15798 1
116 62666 62607 0
117 15805 15822 0
118 15 27 0
119 125191 125111 0
120 125198 125105 0
121 62673 62628 0
122 62669 62625 0
123 8000 8012 0
124 62687 62635 0
125 7987 8012 0
126 7964 7959 1
127 62642 62606 0
128 125188 125117 0
129 62666 62633 0
130 62659 62627 0
131 4026 4024 1
132 62661 62630 0
133 62663 62632 0
134 62678 62647 0
135 62698 62667 0
136 4087 4085 0
137 125193 125132 0
138 31388 31373 0
139 31413 31398 0
140 125192 125133 0
141 125169 125112 0
142 125157 125103 0
143 15804 15798 0
144 62633 62611 0
145 31412 31402 0
146 125153 125117 0
147 31438 31429 0
148 31363 31355 0
149 15759 15755 0
150 15782 15778 0
151 62630 62616 0
152 31403 31396 0
153 62613 62603 0
154 31399 31396 0
155 31436 31433 0
156 31429 31427 0
157 50 50 1
158 2058 2058 0
159 31395 31397 0
160 31417 31421 0
161 31402 31406 0
162 31437 31444 0
163 31437 31444 0
164 15741 15745 0
165 31368 31376 0
166 15769 15775 0
167 2106 2107 0
168 4061 4063 0
169 7970 7975 0
170 7951 7956 0
171 2098 2100 1
172 2087 2089 0
173 4025 4029 0
174 7915 7923 0
175 15766 15787 0
176 7987 7998 0
177 7963 7976 0
178 7948 7967 0
179 7961 7981 0
180 7916 7942 0
181 4014 4028 0
182 7919 7952 0
183 2096 2105 0
184 7925 7960 0
185 4052 4071 0
186 2105 2115 0
187 2079 2089 0
188 4044 4066 0
189 2097 2109 0
190 4063 4091 0
191 4043 4071 0
192 4021 4051 0
193 4037 4069 0
194 4037 4071 0
195 4016 4053 0
196 2087 2114 0
197 2110 2139 0
198 2114 2144 0
199 2083 2113 0
200 60 75 0
201 70 92 0
202 38 51 0
203 48 66 0
204 61 92 0
205 52 87 0
206 40 67 0
207 21 45 0
208 6 34 0
209 5 45 0
210 5 47 0
211 1 29 0
212 125138 125111 0
213 125124 125111 0
214 125131 125117 0
215 500182 500152 0
216 500153 500112 0
217 500194 500118 0
218 125137 125112 0
219 125188 125179 0
220 62615 62610 0
221 125140 125119 0
222 62694 62690 0
223 125143 125120 0
224 125187 125164 0
225 250134 250101 0
226 62642 62633 0
227 250198 250180 0
228 250190 250124 0
229 250173 250142 0
230 250146 250131 0
231 250196 250168 0
232 250197 250177 0
233 250145 250128 0
234 250171 250148 0
235 250141 250109 0
236 250175 250125 0
237 250175 250159 0
238 250192 250163 0
239 500180 500109 0
240 500194 500108 0
241 500177 500139 0
242 500161 500139 0
243 500167 500121 0
244 125116 125107 0
245 500173 500127 0
246 62613 62639 0
247 7913 8011 0
248 62624 62677 0
249 7948 8009 0
250 125105 125172 0
251 125142 125140 0
252 125165 125184 0
253 125120 125166 0
254 125103 125146 0
255 125104 125125 0
256 7930 7987 0
257 125125 125128 0
258 31382 31434 0
259 125108 125106 0
260 62618 62671 0
261 62609 62685 0
262 31364 31450 0
263 7934 7988 0
264 62607 62677 0
265 125194 125198 0
266 125120 125115 0
267 7929 7966 0
268 125173 125199 0
269 125131 125130 0
270 7916 8004 0
271 7913 7973 0
272 62689 62697 0
273 125116 125138 0
274 62615 62623 0
275 7953 7989 0
276 62639 62656 0
277 62610 62653 0
278 125137 125147 0
279 125105 125170 0
280 62612 62652 0
281 125143 125164 0
282 125136 125191 0
283 15783 15816 0
284 125156 125172 0
285 125160 125189 0
286 4010 4050 0
287 125122 125164 0
288 125127 125192 0
289 125111 125142 0
290 125151 125157 0
291 250139 250173 0
292 250117 250187 0
293 62601 62601 0
294 62619 62673 0
295 250143 250156 0
296 250138 250127 0
297 250184 250186 0
298 4025 4101 0
299 62634 62667 0
300 62633 62662 0
301 250138 250128 0
302 250144 250174 0
303 250140 250144 0
304 62631 62698 0
305 250143 250173 0
306 15740 15779 0
307 250101 250142 0
308 250130 250172 0
309 250106 250101 0
310 250137 250181 0
311 250153 250152 0
312 250154 250175 0
313 62663 62700 0
314 250190 250190 0
315 15750 15795 0
316 250108 250191 0
317 62632 62657 0
318 4020 4062 0
319 62602 62670 0
320 2059 2147 0
321 2057 2102 0
322 250148 250185 0
323 62641 62641 0
324 62679 62696 0
325 15777 15816 0
326 62642 62667 0
327 250134 250144 0
328 250106 250168 0
329 2080 2135 0
330 250103 250145 0
331 250110 250120 0
332 250191 250184 0
333 62618 62665 0
334 15738 15807 0
335 250108 250173 0
336 31427 31445 0
337 2099 2142 0
338 250144 250179 0
339 250113 250115 0
340 31358 31372 0
341 31356 31390 0
342 250107 250145 0
343 500104 500124 0
344 15753 15788 0
345 500109 500164 0
346 500124 500177 0
347 500168 500165 0
348 500154 500137 0
349 15763 15820 0
350 500140 500163 0
351 2093 2135 0
352 500167 500153 0
353 500183 500176 0
354 500101 500187 0
355 2099 2149 0
356 500104 500138 0
357 500119 500199 0
358 500123 500198 0
359 500102 500187 0
360 15746 15782 0
361 37 82 0
362 500188 500187 0
363 500112 500104 0
364 20 69 0
365 500165 500168 0
366 31417 31433 0
367 500121 500135 0
368 500149 500164 0
369 15735 15766 0
370 500153 500184 0
371 500155 500153 0
372 500175 500196 0
373 500138 500132 0
374 31357 31392 0
375 28 93 0
376 500111 500168 0
377 31359 31432 0
378 500181 500173 0
379 31426 31441 0
380 36 85 0
381 3 99 0
382 15769 15815 0
383 33 78 0
384 500122 500135 0
385 15752 15783 0
386 15728 15816 0
387 500184 500164 0
388 500104 500199 0
389 31388 31414 0
390 500138 500162 0
391 500107 500123 0
392 31381 31432 0
393 500195 500190 0
394 20 73 0
395 31367 31450 0
396 31365 31400 0
397 500167 500168 0
398 31359 31407 0
399 31351 31374 0
--------------
1000000 :c
1004503 :sum(p)
1000000 :sum(w)
