400 :n
id p,w,x
--------------
0 93 5 1
1 53 6 1
2 8 1 1
3 73 16 1
4 15 4 1
5 76 27 1
6 100 36 1
7 78 33 1
8 48 21 1
9 70 34 1
10 79 40 1
11 95 54 1
12 47 27 1
13 43 26 1
14 80 54 1
15 28 19 1
16 66 54 1
17 39 33 1
18 55 49 1
19 61 55 1
20 2152 2061 1
21 2142 2056 1
22 2148 2070 1
23 2143 2068 1
24 2145 2075 1
25 2135 2066 1
26 2134 2073 1
27 2133 2079 1
28 2121 2070 1
29 2150 2104 1
30 4095 4017 1
31 2124 2084 1
32 2119 2083 1
33 4077 4008 1
34 2151 2120 1
35 4088 4031 1
36 4072 4017 1
37 8012 7920 1
38 2113 2089 1
39 4057 4011 1
40 4105 4059 1
41 4095 4050 1
42 8001 7916 1
43 4083 4041 1
44 7996 7919 1
45 4058 4020 1
46 8004 7933 1
47 2081 2064 1
48 8004 7941 1
49 7977 7922 1
50 8006 7954 1
51 2133 2120 1
52 4088 4064 1
53 7991 7946 1
54 7990 7947 1
55 4035 4014 1
56 15825 15748 1
57 15816 15744 1
58 4059 4041 1
59 2133 2124 1
60 8002 7969 1
61 15812 15750 1
62 15800 15743 1
63 7971 7943 1
64 4063 4049 1
65 7970 7943 1
66 2110 2103 1
67 15804 15752 1
68 4039 4026 1
69 4075 4062 1
70 7944 7919 1
71 15773 15726 1
72 31445 31359 1
73 15819 15777 1
74 31448 31376 1
75 4050 4041 1
76 15820 15789 1
77 31424 31364 1
78 2145 2141 1
79 15819 15790 1
80 4065 4058 1
81 15816 15789 1
82 31423 31371 1
83 31441 31389 1
84 31416 31368 1
85 4103 4097 1
86 15809 15786 1
87 2071 2068 1
88 15751 15729 1
89 62687 62605 1
90 31410 31370 1
91 7961 7951 1
92 15770 15751 1
93 62681 62607 1
94 62690 62616 1
95 62698 62627 1
96 15793 15776 1
97 87 1 1
98 62678 62615 0
99 4026 4017 1
100 4074 4070 1
101 15755 15740 1
102 31388 31360 0
103 15815 15804 1
104 8002 8007 0
105 125140 125198 0
106 7943 7936 0
107 4048 4045 1
108 125192 125101 0
109 15785 15774 1
110 125184 125101 0
111 7981 7980 1
112 62694 62654 0
113 62661 62623 0
114 15735 15726 1
115 62691 62657 0
116 31433 31416 0
117 4055 4053 0
118 31414 31399 0
119 31430 31415 0
120 31368 31354 0
121 31431 31417 0
122 31396 31384 0
123 31420 31409 0
124 31430 31420 0
125 31414 31405 0
126 15766 15762 0
127 15777 15773 0
128 31425 31418 0
129 15741 15740 0
130 7977 7979 0
131 15786 15791 0
132 15802 15809 0
133 2071 2072 0
134 7936 7941 0
135 7943 7950 0
136 7960 7968 0
137 4050 4055 0
138 2062 2065 0
139 7923 7935 0
140 7999 8012 0
141 4020 4027 0
142 7969 7983 0
143 7929 7944 0
144 2093 2097 0
145 4077 4085 0
146 4072 4081 0
147 4021 4030 0
148 2124 2141 0
149 2057 2078 0
150 2054 2075 0
151 64 72 0
152 68 78 0
153 34 40 0
154 53 64 0
155 42 57 0
156 44 62 0
157 43 65 0
158 5 11 0
159 500144 500106 0
160 500141 500197 0
161 500184 500198 0
162 500185 500193 0
163 500104 500137 0
164 250122 250154 0
165 125177 125153 0
166 250174 250185 0
167 125147 125164 0
168 250199 250196 0
169 31439 31435 0
170 31409 31412 0
171 250169 250111 0
172 500111 500177 0
173 500161 500110 0
174 125181 125137 0
175 125159 125126 0
176 500151 500152 0
177 500135 500169 0
178 250124 250135 0
179 250160 250130 0
180 250111 250133 0
181 250187 250126 0
182 31361 31365 0
183 500151 500200 0
184 125197 125144 0
185 250130 250134 0
186 125180 125148 0
187 125115 125105 0
188 250156 250173 0
189 500134 500124 0
190 125164 125178 0
191 250170 250113 0
192 500191 500196 0
193 250200 250108 0
194 250199 250127 0
195 250191 250131 0
196 62659 62634 0
197 125180 125161 0
198 250200 250175 0
199 125158 125162 0
200 500184 500163 0
201 500188 500142 0
202 500131 500192 0
203 125105 125104 0
204 500121 500114 0
205 250137 250167 0
206 250160 250125 0
207 125188 125145 0
208 500184 500144 0
209 500113 500110 0
210 250123 250122 0
211 250176 250139 0
212 125171 125119 0
213 125159 125137 0
214 500111 500159 0
215 500103 500111 0
216 250193 250151 0
217 62662 62663 0
218 250194 250198 0
219 250154 250164 0
220 250187 250199 0
221 250196 250108 0
222 250162 250133 0
223 125121 125123 0
224 250130 250163 0
225 500113 500146 0
226 250150 250157 0
227 250145 250121 0
228 250187 250111 0
229 250154 250117 0
230 250195 250134 0
231 250142 250176 0
232 250193 250150 0
233 250104 250115 0
234 250154 250154 0
235 500121 500120 0
236 500126 500143 0
237 500123 500185 0
238 62656 62662 0
239 125170 125104 0
240 125162 125106 0
241 125188 125119 0
242 125179 125122 0
243 500127 500117 0
244 500130 500185 0
245 500193 500160 0
246 500173 500121 0
247 62614 62618 0
248 500165 500195 0
249 62651 62639 0
250 62671 62650 0
251 500186 500128 0
252 62674 62674 0
253 500115 500116 0
254 62664 62663 0
255 125149 125165 0
256 500120 500141 0
257 62683 62657 0
258 500160 500105 0
259 62663 62651 0
260 500180 500180 0
261 500177 500177 0
262 500189 500128 0
263 125191 125166 0
264 500163 500196 0
265 62614 62608 0
266 500156 500165 0
267 500119 500157 0
268 7921 7996 0
269 15809 15821 0
270 125134 125183 0
271 7920 7990 0
272 15756 15804 0
273 7921 7967 0
274 15787 15800 0
275 7924 7954 0
276 7941 8003 0
277 125143 125184 0
278 15735 15820 0
279 4041 4089 0
280 4055 4099 0
281 15758 15817 0
282 15728 15763 0
283 15772 15812 0
284 4042 4085 0
285 15784 15822 0
286 31407 31412 0
287 31388 31404 0
288 4016 4076 0
289 4028 4056 0
290 15807 15820 0
291 31378 31439 0
292 4043 4075 0
293 4036 4080 0
294 31355 31365 0
295 31357 31435 0
296 31412 31430 0
297 7914 7964 0
298 31362 31443 0
299 31368 31417 0
300 31427 31434 0
301 4008 4041 0
302 4012 4066 0
303 125110 125187 0
304 4064 4085 0
305 31362 31447 0
306 250102 250181 0
307 31406 31422 0
308 31368 31388 0
309 31392 31450 0
310 250131 250176 0
311 15738 15789 0
312 31402 31439 0
313 250109 250175 0
314 250153 250190 0
315 7939 7992 0
316 4043 4070 0
317 4008 4031 0
318 4074 4096 0
319 15769 15807 0
320 250151 250197 0
321 31360 31424 0
322 31410 31432 0
323 31362 31391 0
324 125177 125195 0
325 31400 31418 0
326 31385 31446 0
327 62605 62693 0
328 62620 62650 0
329 2063 2143 0
330 62629 62663 0
331 2095 2132 0
332 2063 2151 0
333 2118 2148 0
334 62607 62658 0
335 15749 15768 0
336 2083 2119 0
337 62604 62680 0
338 7957 7987 0
339 2103 2151 0
340 62613 62676 0
341 2071 2106 0
342 7934 7966 0
343 500120 500198 0
344 62613 62680 0
345 62607 62655 0
346 15780 15824 0
347 2057 2142 0
348 62611 62663 0
349 2067 2152 0
350 2065 2105 0
351 2076 2129 0
352 62644 62661 0
353 62635 62655 0
354 2054 2097 0
355 2076 2141 0
356 62616 62632 0
357 62620 62658 0
358 2089 2111 0
359 33 84 0
360 62650 62693 0
361 62649 62680 0
362 7920 7938 0
363 7 50 0
364 62622 62635 0
365 7945 7998 0
366 7932 7982 0
367 62670 62680 0
368 9 40 0
369 62646 62688 0
370 22 50 0
371 15744 15768 0
372 62631 62676 0
373 62646 62696 0
374 62629 62655 0
375 2 79 0
376 125124 125192 0
377 125166 125185 0
378 125109 125181 0
379 125119 125165 0
380 125138 125197 0
381 7942 8011 0
382 125127 125192 0
383 28 85 0
384 7944 7962 0
385 49 81 0
386 4 99 0
387 28 99 0
388 125110 125179 0
389 125130 125197 0
390 15794 15825 0
391 125135 125187 0
392 125135 125195 0
393 125105 125147 0
394 2 47 0
395 72 100 0
396 7939 7987 0
397 125134 125198 0
398 15756 15785 0
399 15794 15818 0
--------------
1000000 :c
1004222 :sum(p)
1000000 :sum(w)
